#chromosome	start	end	crest	length	tcnNbrOfLoci	tcnMean	tcnNbrOfSNPs	tcnNbrOfHets	dhNbrOfLoci	map	dhMax	cluster	neighbour	distDH	errorSNP	distTcn	errorLength	totalError	minStart	maxStart	minStop	maxStop	area	peaks	meanCovT	meanCovB	tcnMeanRaw	AF	BAF	dhMean	c1Mean	c2Mean	A	B	genotype	TCN	GNL	PID
1	840009	12839977	NA	11999970	171348	2.3494148	170422	7699	23887.0	mappable	0.08215	1.0	edge	0.00644853934	0.00011594203	0.00565356011	0.08504657	0.08516251	840009	840009	12839977	12839977	0.173627168	1	383147.9	19.868617	0.9749071	NA	NA	0.0	1.1747074	1.1747074	1	1	1:1	2	neutral	4198542
1	13780016	36680062	NA	22900051	285525	2.3494148	284409	12494	39631.0	mappable	0.08215	1.0	NA	0.0033202764	7.347539e-05	0.00398088558	0.08180345	0.08187692	13780016	13780016	36679991	36680133	0.153094842	1	383147.9	19.868617	0.9749071	NA	NA	0.0	1.1747074	1.1747074	1	1	1:1	2	neutral	4198542
1	36680062	36704964	NA	24903	279	3.0316077	279	0	43.0	mappable	NA	NA	NA	NA	inf	0.09445986462	0.13694848	inf	36679991	36680133	36699891	36704964	NA	missing	348020.8	NA	1.0697	NA	NA	NA	NA	NA	NA	NA	NA	NA	NA	4198542
1	36704965	120529963	NA	83825002	1106425	2.3494148	1102852	48343	142576.0	mappable	0.078725	1.0	NA	0.00014470216	1.926188e-05	0.00061878915	0.07598531	0.07600457	36704965	36710038	120529963	120529963	0.146855309	1	383147.9	19.868617	0.9749071	NA	NA	0.0	1.1747074	1.1747074	1	1	1:1	2	neutral	4198542
1	121220004	121229986	NA	9983	177	1.9214211	176	9	19.0	mappable	0.051126	2.0	NA	0.01996521894	0.1	0.07514013538	0.15054281	0.25054281	121220004	121220004	121229986	121229986	NA	missing	379986.5	20.406002	0.915436	NA	NA	NA	NA	NA	NA	NA	NA	NA	NA	4198542
1	144010127	144019970	NA	9844	155	2.3932633	95	0	17.0	mappable	NA	NA	NA	0.29540246948	0.01666666667	0.00575986462	0.15077238	0.16743905	144010127	144010127	144019970	144019970	NA	missing	1126370.0	NA	0.981	NA	NA	NA	NA	NA	NA	NA	NA	NA	NA	4198542
1	144920087	145739956	NA	819870	6362	2.3494148	5792	47	842.0	mappable	0.08636556	1.0	self	0.01003833307	0.00162074554	0.00235986462	0.10180689	0.10342764	144920087	144920087	145739956	145739956	0.255180624	1	383147.9	19.868617	0.9749071	NA	NA	0.0	1.1747074	1.1747074	1	1	1:1	2	neutral	4198542
1	146540101	147829895	NA	1289795	11658	2.3494148	11607	714	1483.0	mappable	0.08785	1.0	self	0.00921019634	0.00130718954	0.00324013538	0.09852843	0.09983562	146540101	146540101	147829895	147829895	0.161141623	1	383147.9	19.868617	0.9749071	NA	NA	0.0	1.1747074	1.1747074	1	1	1:1	2	neutral	4198542
1	149815060	249209945	NA	99394891	1343647	2.3494148	1338955	64108	174456.0	mappable	0.078725	1.0	edge	0.00100155706	1.453531e-05	0.00059620043	0.0752823	0.07529684	149815060	149815060	249209945	249209945	0.150089838	1	383147.9	19.868617	0.9749071	NA	NA	0.0	1.1747074	1.1747074	1	1	1:1	2	neutral	4198542
2	20016	45540012	NA	45520004	702372	2.3494148	699967	31213	92214.0	mappable	0.08215	1.0	edge	0.00329377601	2.974951e-05	0.00112612343	0.07861636	0.07864611	20016	20016	45539982	45540042	0.134667944	1	383147.9	19.868617	0.9749071	NA	NA	0.0	1.1747074	1.1747074	1	1	1:1	2	neutral	4198542
2	45540012	45550025	NA	10014	185	3.0510387	185	0	22.0	mappable	NA	NA	NA	NA	inf	0.09715986462	0.15049214	inf	45539982	45540042	45549961	45550089	NA	missing	396676.2	NA	1.0724	NA	NA	NA	NA	NA	NA	NA	NA	NA	NA	4198542
2	45550025	53739994	NA	8189970	139926	2.3494148	139572	6324	17227.0	mappable	0.078725	1.0	NA	0.00058298831	0.00014974543	0.0019895939	0.08708743	0.08723718	45549961	45550089	53739982	53740006	0.111646073	1	383147.9	19.868617	0.9749071	NA	NA	0.0	1.1747074	1.1747074	1	1	1:1	2	neutral	4198542
2	53739994	53749996	NA	10003	181	2.8999087	181	0	33.0	mappable	NA	NA	NA	NA	inf	0.07615986462	0.1505101	inf	53739982	53740006	53749959	53750033	NA	missing	396631.2	NA	1.0514	NA	NA	NA	NA	NA	NA	NA	NA	NA	NA	4198542
2	53749996	87059860	NA	33309872	468458	2.3494148	467119	19690	60211.0	mappable	0.078725	1.0	NA	0.00066230894	4.755338e-05	0.00184357991	0.08003379	0.08008134	53749959	53750033	87059860	87059860	0.130604764	1	383147.9	19.868617	0.9749071	NA	NA	0.0	1.1747074	1.1747074	1	1	1:1	2	neutral	4198542
2	88330099	89139891	NA	809793	9600	2.3494148	9558	559	1295.0	mappable	0.078725	1.0	self	8.519634e-05	0.00166389351	0.00655986462	0.10189944	0.10356333	88330099	88330099	89139734	89140048	0.155420304	1	383147.9	19.868617	0.9749071	NA	NA	0.0	1.1747074	1.1747074	1	1	1:1	2	neutral	4198542
2	89139891	89229990	NA	90100	2278	0.986315	2273	79	256.0	mappable	0.1533	NA	NA	0.07349201452	0.0119047619	0.18974013538	0.1215123	0.13341706	89139734	89140048	89229990	89229990	0.389745336	2	313427.9	17.63032	0.7855	18.48157	0.8582135	0.716427	0.1398461	0.8464689	1	0	1:0	1	LOH	4198542
2	89840102	90239998	NA	399897	914	2.3494148	905	14	102.0	mappable	0.0425	1.0	self	0.02963980366	0.04347826087	0.01005986462	0.10747332	0.15095159	89840102	89840102	90239998	90239998	NA	missing	383147.9	19.868617	0.9749071	NA	NA	NA	NA	NA	NA	NA	NA	NA	NA	4198542
2	95580145	96239991	NA	659847	4444	2.3494148	4436	77	661.0	mappable	0.08855109	1.0	NA	0.00055910938	0.01176470588	0.00824013538	0.10345663	0.11522134	95580145	95580145	96239991	96239991	0.241723253	1	383147.9	19.868617	0.9749071	NA	NA	0.0	1.1747074	1.1747074	1	1	1:1	2	neutral	4198542
2	96239992	96740020	NA	500029	0	0.0	0	0	NA	mappable	NA	NA	NA	NA	inf	0.97524013538	0.10564318	inf	96239992	96239992	96740020	96740020	NA	missing	NA	NA	0.0	NA	NA	0.0	0.0	0.0	0	0	NA	0	homozygousDel	4198542
2	96740021	132189994	NA	35449974	448337	2.3494148	447116	19073	58610.0	mappable	0.078725	1.0	NA	8.519634e-05	4.927565e-05	0.00015986462	0.0797471	0.07979638	96740021	96740021	132189994	132189994	0.145428938	1	383147.9	19.868617	0.9749071	NA	NA	0.0	1.1747074	1.1747074	1	1	1:1	2	neutral	4198542
2	132189995	133009999	NA	820005	0	0.0	0	0	NA	mappable	NA	NA	NA	NA	inf	0.97524013538	0.10180566	inf	132189995	132189995	133009999	133009999	NA	missing	NA	NA	0.0	NA	NA	0.0	0.0	0.0	0	0	NA	0	homozygousDel	4198542
2	133010000	220499966	NA	87489975	1164057	2.3494148	1160180	50544	146063.0	mappable	0.078725	1.0	NA	2.344201e-05	1.837661e-05	0.00119819805	0.0758075	0.07582588	133010000	133010000	220499924	220499966	0.144620355	1	383147.9	19.868617	0.9749071	NA	NA	0.0	1.1747074	1.1747074	1	1	1:1	2	neutral	4198542
2	220499967	220510002	NA	10036	160	1.614584	160	0	23.0	mappable	NA	NA	NA	NA	inf	0.10244013538	0.1504563	inf	220499967	220500009	220509968	220510036	NA	missing	287024.3	NA	0.8728	NA	NA	NA	NA	NA	NA	NA	NA	NA	NA	4198542
2	220510002	242999969	NA	22489970	339613	2.3494148	338175	17058	45136.0	mappable	0.08215	1.0	edge	0.00263973029	5.407159e-05	0.00344061181	0.08189076	0.08194484	220509968	220510036	242999969	242999969	0.15016071	1	383147.9	19.868617	0.9749071	NA	NA	0.0	1.1747074	1.1747074	1	1	1:1	2	neutral	4198542
3	100074	799999	NA	699926	13289	3.7962607	13249	580	1582.0	mappable	0.07689265	8.0	edge	0.00428980366	0.00161290323	0.20885986462	0.10300336	0.10461626	100074	100074	799962	800036	0.109842771	1	472977.6	24.509268	1.175951	NA	NA	0.0	1.8981303	1.8981303	2	2	2:2	4	gain	4198542
3	799999	809975	NA	9977	154	3.1956917	153	0	19.0	mappable	NA	NA	NA	0.42136019634	1.0	0.11725986462	0.15055264	1.15055264	799962	800036	809916	810034	NA	missing	479586.0	NA	1.0925	NA	NA	NA	NA	NA	NA	NA	NA	NA	NA	4198542
3	809975	4629970	NA	3819996	72319	3.7962607	72044	4295	8841.0	mappable	0.0753	8.0	NA	0.00333980366	0.00021881838	0.20685986462	0.0914698	0.09168862	809916	810034	4629903	4630037	0.156284758	1	472977.6	24.509268	1.175951	NA	NA	0.0	1.8981303	1.8981303	2	2	2:2	4	gain	4198542
3	4629970	4640037	NA	10068	169	4.5817697	167	0	23.0	mappable	NA	NA	NA	0.1942734533	0.5	0.30985986462	0.15040433	0.65040433	4629903	4630037	4639912	4640162	NA	missing	484636.0	NA	1.2851	NA	NA	NA	NA	NA	NA	NA	NA	NA	NA	4198542
3	4640037	13070033	NA	8429998	131691	3.7962607	131238	5882	17174.0	mappable	0.0753	8.0	NA	0.00372181675	0.0001578532	0.19815339493	0.08692968	0.08708754	4639912	4640162	13069954	13070033	0.149083611	1	472977.6	24.509268	1.175951	NA	NA	0.0	1.8981303	1.8981303	2	2	2:2	4	gain	4198542
3	13070034	13080010	NA	9977	145	2.7428371	145	10	17.0	mappable	0.05128461	9.0	NA	0.02735518827	0.1	0.09735986462	0.15055264	0.25055264	13070034	13070113	13079988	13080032	NA	missing	393491.3	20.635906	1.0295744	NA	NA	NA	NA	NA	NA	NA	NA	NA	NA	4198542
3	13080010	16839994	NA	3759987	55513	3.7962607	55345	2278	7477.0	mappable	0.07841848	8.0	NA	0.00156049417	0.00040899796	0.19204174274	0.09156546	0.09197446	13079988	13080032	16839986	16840002	0.143981397	1	472977.6	24.509268	1.175951	NA	NA	0.0	1.8981303	1.8981303	2	2	2:2	4	gain	4198542
3	16839994	16859998	NA	20005	341	3.2755747	301	0	36.0	mappable	NA	NA	NA	0.01116202588	0.025	0.12835986462	0.13997689	0.16497689	16839986	16840002	16859994	16859998	NA	missing	459209.2	NA	1.1036	NA	NA	NA	NA	NA	NA	NA	NA	NA	NA	4198542
3	16859999	23719911	NA	6859913	102151	3.7962607	101956	3245	12805.0	mappable	0.0724	8.0	NA	0.00676480366	0.00029069767	0.20365986462	0.08806787	0.08835856	16859999	16860003	23719812	23720010	0.134240843	1	472977.6	24.509268	1.175951	NA	NA	0.0	1.8981303	1.8981303	2	2	2:2	4	gain	4198542
3	23719911	23769969	NA	50059	873	3.1899343	869	79	132.0	mappable	0.10344224	NA	NA	0.02071105841	0.01204819277	0.11645986462	0.12811199	0.14016018	23719812	23720010	23769938	23769969	0.306273102	1	440725.0	23.648658	1.0917	NA	NA	0.0	1.5949672	1.5949672	sub	sub	sub:sub	sub	sub	4198542
3	23769970	25750019	NA	1980050	32791	3.7962607	32727	1737	4055.0	mappable	0.078725	8.0	NA	8.519634e-05	0.00055524708	0.19805986462	0.09561552	0.09617077	23769970	23770001	25749927	25750111	0.134962564	1	472977.6	24.509268	1.175951	NA	NA	0.0	1.8981303	1.8981303	2	2	2:2	4	gain	4198542
3	25750019	25809938	NA	59920	868	3.361215	866	4	114.0	mappable	0.1878	NA	NA	0.03783797412	0.16666666667	0.14025986462	0.12601799	0.29268466	25749927	25750111	25809790	25809938	NA	missing	481031.6	25.373714	1.1155	NA	NA	NA	NA	NA	NA	NA	NA	NA	NA	4198542
3	25809939	25829977	NA	20039	319	4.250723	319	2	33.0	mappable	0.11057114	NA	NA	0.12908966494	0.5	0.26385986462	0.13995289	0.63995289	25809939	25810087	25829884	25829977	NA	missing	475686.8	26.082344	1.2391	NA	NA	NA	NA	NA	NA	NA	NA	NA	NA	4198542
3	25829978	45579959	NA	19749984	271929	3.7962607	271162	12437	35029.0	mappable	0.0753	8.0	NA	0.00512023309	7.573463e-05	0.20072402879	0.08252409	0.08259982	25829978	25830071	45579888	45580030	0.133776556	1	472977.6	24.509268	1.175951	NA	NA	0.0	1.8981303	1.8981303	2	2	2:2	4	gain	4198542
3	45579959	45603681	NA	23723	359	3.240311	359	1	47.0	mappable	0.02325581	NA	NA	0.05538398971	1.0	0.12345986462	0.13760838	1.13760838	45579888	45580030	45603629	45603733	NA	missing	396404.9	20.28118	1.0987	NA	NA	NA	NA	NA	NA	NA	NA	NA	NA	4198542
3	45603681	60590073	NA	14986397	186273	3.7962607	185819	5695	25454.0	mappable	0.0753	8.0	NA	0.00219383685	0.00016262807	0.19938475551	0.08390265	0.08406527	45603629	45603733	60590063	60590073	0.173807021	1	472977.6	24.509268	1.175951	NA	NA	0.0	1.8981303	1.8981303	2	2	2:2	4	gain	4198542
3	60590074	60605555	DEL	15482	316	3.04816	316	7	52.0	mappable	0.15333813	NA	NA	0.07469832765	0.14285714286	0.09675986462	0.14369567	0.28655281	60590074	60590100	60605460	60605555	NA	missing	428754.7	24.334724	1.072	NA	NA	NA	NA	NA	NA	NA	NA	NA	NA	4198542
3	60605556	67569917	DEL	6964362	111326	3.7962607	111001	5364	14269.0	mappable	0.071875	8.0	NA	0.0046392348	0.00017577782	0.19488415634	0.0879834	0.08815918	60605556	60605575	67569830	67569917	0.166379973	1	472977.6	24.509268	1.175951	NA	NA	0.0	1.8981303	1.8981303	2	2	2:2	4	gain	4198542
3	67569918	67589991	NA	20074	386	3.1611477	386	0	57.0	mappable	NA	NA	NA	NA	inf	0.11245986462	0.13992824	inf	67569918	67570005	67589952	67590030	NA	missing	461072.3	NA	1.0877	NA	NA	NA	NA	NA	NA	NA	NA	NA	NA	4198542
3	67589991	74200014	NA	6610024	98058	3.7962607	97783	3995	12808.0	mappable	0.07412348	8.0	NA	0.00333980366	0.00023419204	0.19965986462	0.08827596	0.08851016	67589952	67590030	74199984	74200044	0.159316772	1	472977.6	24.509268	1.175951	NA	NA	0.0	1.8981303	1.8981303	2	2	2:2	4	gain	4198542
3	74200014	74229962	NA	29949	526	3.3108383	526	2	55.0	mappable	0.14021739	NA	NA	0.06157758765	0.5	0.13325986462	0.134497	0.634497	74199984	74200044	74229922	74230002	NA	missing	480886.3	27.415748	1.1085	NA	NA	NA	NA	NA	NA	NA	NA	NA	NA	4198542
3	74229962	90499969	NA	16270008	225009	3.7962607	224363	9841	27127.0	mappable	0.0753	8.0	NA	0.00333980366	9.535616e-05	0.20415986462	0.0834874	0.08358275	74229922	74230002	90499969	90499969	0.142714896	1	472977.6	24.509268	1.175951	NA	NA	0.0	1.8981303	1.8981303	2	2	2:2	4	gain	4198542
3	93570175	103359987	NA	9789813	137273	3.7962607	136857	6418	16663.0	mappable	0.07313929	8.0	NA	0.00333980366	0.00014632719	0.20025986462	0.08612207	0.0862684	93570175	93570175	103359885	103359987	0.135833945	1	472977.6	24.509268	1.175951	NA	NA	0.0	1.8981303	1.8981303	2	2	2:2	4	gain	4198542
3	103359988	103370003	NA	10016	189	3.1424363	189	0	24.0	mappable	NA	NA	NA	NA	inf	0.10985986462	0.15048888	inf	103359988	103360090	103369996	103370010	NA	missing	490419.0	NA	1.0851	NA	NA	NA	NA	NA	NA	NA	NA	NA	NA	4198542
3	103370003	139809993	NA	36439991	482878	3.7962607	481372	23647	61651.0	mappable	0.0753	8.0	NA	0.00124020449	3.975669e-05	0.19729504597	0.07962094	0.0796607	103369996	103370010	139809892	139810094	0.141326775	1	472977.6	24.509268	1.175951	NA	NA	0.0	1.8981303	1.8981303	2	2	2:2	4	gain	4198542
3	139809993	139819924	NA	9932	146	3.140997	146	1	26.0	mappable	0.05555556	NA	NA	0.0230842481	1.0	0.10965986462	0.15062659	1.15062659	139809892	139810094	139819822	139819924	NA	missing	426472.0	22.508244	1.0849	NA	NA	NA	NA	NA	NA	NA	NA	NA	NA	4198542
3	139819925	152200089	NA	12380166	172859	3.7962607	172411	6759	21963.0	mappable	0.071875	8.0	NA	0.00678709102	0.00013875399	0.20246997054	0.08488414	0.08502289	139819925	139820027	152199967	152200089	0.15548652	1	472977.6	24.509268	1.175951	NA	NA	0.0	1.8981303	1.8981303	2	2	2:2	4	gain	4198542
3	152200090	152219888	NA	19799	269	3.4267047	269	30	28.0	mappable	0.08223726	NA	NA	0.00359745124	0.03333333333	0.14935986462	0.14012334	0.17345667	152200090	152200212	152219763	152220013	NA	missing	470187.5	25.209095	1.1246	NA	NA	NA	NA	NA	NA	NA	NA	NA	NA	4198542
3	152219888	163450011	NA	11230125	148680	3.7962607	148170	8445	18405.0	mappable	0.07441684	8.0	NA	0.00346049302	0.00011166946	0.20050783879	0.08539392	0.08550559	152219763	152220013	163449985	163450011	0.137175732	1	472977.6	24.509268	1.175951	NA	NA	0.0	1.8981303	1.8981303	2	2	2:2	4	gain	4198542
3	163450012	163479991	NA	29980	478	3.400077	478	1	63.0	mappable	0.14893617	NA	NA	0.07029636655	1.0	0.14565986462	0.1344835	1.1344835	163450012	163450038	163479957	163479991	NA	missing	495806.5	28.482503	1.1209	NA	NA	NA	NA	NA	NA	NA	NA	NA	NA	4198542
3	163479992	164390079	NA	910088	12778	3.7962607	12715	1417	1382.0	mappable	0.0753391	8.0	NA	0.00416480366	0.00067567568	0.20625986462	0.10103232	0.10170799	163479992	163480026	164389872	164390286	0.129455407	1	472977.6	24.509268	1.175951	NA	NA	0.0	1.8981303	1.8981303	2	2	2:2	4	gain	4198542
3	164390079	164410019	NA	19941	299	4.250723	299	0	33.0	mappable	NA	NA	NA	NA	inf	0.26385986462	0.14002219	inf	164389872	164390286	164409984	164410054	NA	missing	514368.4	NA	1.2391	NA	NA	NA	NA	NA	NA	NA	NA	NA	NA	4198542
3	164410019	190459998	NA	26049982	357871	3.7962607	356844	15493	45810.0	mappable	0.0753	8.0	NA	0.00192569192	6.054002e-05	0.20428299754	0.08118603	0.08124657	164409984	164410054	190459931	190459998	0.139144225	1	472977.6	24.509268	1.175951	NA	NA	0.0	1.8981303	1.8981303	2	2	2:2	4	gain	4198542
3	190459999	190469948	NA	9950	182	4.5709747	182	0	20.0	mappable	NA	NA	NA	NA	inf	0.30835986462	0.15059696	inf	190459999	190460066	190469890	190470006	NA	missing	512678.3	NA	1.2836	NA	NA	NA	NA	NA	NA	NA	NA	NA	NA	4198542
3	190469948	192739989	NA	2270042	36390	3.7962607	36242	2332	4515.0	mappable	0.077725	8.0	NA	0.00091480366	0.00040322581	0.20405986462	0.09472259	0.09512582	190469890	190470006	192739891	192739989	0.144307593	1	472977.6	24.509268	1.175951	NA	NA	0.0	1.8981303	1.8981303	2	2	2:2	4	gain	4198542
3	192739990	192759946	NA	19957	357	3.2000097	357	8	52.0	mappable	0.05085002	NA	NA	0.02778978797	0.125	0.11785986462	0.14001085	0.26501085	192739990	192740088	192759863	192760029	NA	missing	474145.9	23.915132	1.0931	NA	NA	NA	NA	NA	NA	NA	NA	NA	NA	4198542
3	192759946	197779892	NA	5019949	69154	3.7962607	68805	3171	9651.0	mappable	0.078725	8.0	edge	0.0001473321	0.00028409091	0.20410176964	0.08985032	0.09013441	192759863	192760029	197779892	197779892	0.149992023	1	472977.6	24.509268	1.175951	NA	NA	0.0	1.8981303	1.8981303	2	2	2:2	4	gain	4198542
4	50084	8660016	NA	8609933	140371	2.3494148	139481	6653	19933.0	mappable	0.08215	1.0	edge	0.00351019634	0.00013260841	0.00544013538	0.08681471	0.08694732	50084	50084	8659941	8660016	0.14154988	1	383147.9	19.868617	0.9749071	NA	NA	0.0	1.1747074	1.1747074	1	1	1:1	2	neutral	4198542
4	8660017	8680028	NA	20012	355	2.7343853	355	0	42.0	mappable	NA	NA	NA	NA	inf	0.05315986462	0.13997194	inf	8660017	8660092	8679970	8680028	NA	missing	353705.3	NA	1.0284	NA	NA	NA	NA	NA	NA	NA	NA	NA	NA	4198542
4	8680029	8939952	NA	259924	4365	2.3494148	4354	168	562.0	mappable	0.06526667	1.0	NA	0.00953298548	0.00558659218	0.02094013538	0.1111869	0.11677349	8680029	8680087	8939952	8939952	0.122728962	1	383147.9	19.868617	0.9749071	NA	NA	0.0	1.1747074	1.1747074	1	1	1:1	2	neutral	4198542
4	9800043	49089961	NA	39289926	599351	2.3494148	597515	28477	75182.0	mappable	0.078725	1.0	self	1.267858e-05	3.299023e-05	0.00124692646	0.07927807	0.07931106	9800043	9800043	49089961	49089961	0.133589157	1	383147.9	19.868617	0.9749071	NA	NA	0.0	1.1747074	1.1747074	1	1	1:1	2	neutral	4198542
4	52680564	66883046	NA	14202487	212384	2.3494148	211663	10459	26057.0	mappable	0.08215	1.0	self	0.00268890559	8.945344e-05	0.00323290449	0.08417636	0.08426581	52680564	52680564	66883041	66883046	0.143329081	1	383147.9	19.868617	0.9749071	NA	NA	0.0	1.1747074	1.1747074	1	1	1:1	2	neutral	4198542
4	66883047	66899969	DUP	16923	295	2.7428371	293	0	30.0	mappable	NA	9.0	identical	0.01145634113	0.5	0.07255986462	0.14238222	0.64238222	66883047	66883080	66899942	66899969	NA	missing	393491.3	NA	1.0295744	NA	NA	NA	NA	NA	NA	NA	NA	NA	NA	4198542
4	66899970	71910032	DUP	5010063	65342	2.3494148	65152	2184	8049.0	mappable	0.08274167	1.0	NA	0.00351019634	0.00042122999	0.00505986462	0.0898618	0.09028303	66899970	66900048	71909988	71910032	0.176084176	1	383147.9	19.868617	0.9749071	NA	NA	0.0	1.1747074	1.1747074	1	1	1:1	2	neutral	4198542
4	71910033	71940008	NA	29976	318	2.8401763	318	0	36.0	mappable	NA	NA	NA	NA	inf	0.06785986462	0.13448524	inf	71910033	71910077	71939996	71940020	NA	missing	413934.1	NA	1.0431	NA	NA	NA	NA	NA	NA	NA	NA	NA	NA	4198542
4	71940008	78720179	NA	6780172	90670	2.3494148	90370	4684	11373.0	mappable	0.078725	1.0	NA	8.519634e-05	0.00020064205	0.00024013538	0.08813333	0.08833397	71939996	71940020	78719943	78720179	0.165566969	1	383147.9	19.868617	0.9749071	NA	NA	0.0	1.1747074	1.1747074	1	1	1:1	2	neutral	4198542
4	78720180	78730023	NA	9844	131	1.793781	131	0	15.0	mappable	NA	NA	NA	NA	inf	0.07754013538	0.15077238	inf	78720180	78720416	78729997	78730049	NA	missing	384112.0	NA	0.8977	NA	NA	NA	NA	NA	NA	NA	NA	NA	NA	4198542
4	78730023	83271291	NA	4541271	61157	2.3494148	61048	1723	7684.0	mappable	0.07052206	1.0	NA	0.00713577304	0.00054585153	0.00057830241	0.09043773	0.09098358	78729997	78730049	83271249	83271291	0.16667553	1	383147.9	19.868617	0.9749071	NA	NA	0.0	1.1747074	1.1747074	1	1	1:1	2	neutral	4198542
4	83271292	84127332	DEL	856041	10617	1.5604161	10555	568	1416.0	mappable	0.1006	6.0	identical	0.02063519634	0.00158730159	0.10494013538	0.10148513	0.10307243	83271292	83271306	84127307	84127332	0.425725075	2	341655.4	19.19433	0.8652732	18.28868	0.7466378	0.4932756	0.3953504	1.1650657	1	sub	1:sub	sub	sub	4198542
4	84127333	88489998	DEL	4362666	57953	2.3494148	57838	1392	7720.0	mappable	0.081	1.0	NA	8.519634e-05	0.00066357001	0.00165986462	0.09067507	0.09133864	84127333	84127438	88489957	88489998	0.179905416	1	383147.9	19.868617	0.9749071	NA	NA	0.0	1.1747074	1.1747074	1	1	1:1	2	neutral	4198542
4	88489999	88504978	NA	14980	150	3.0085783	149	0	24.0	mappable	NA	NA	NA	0.39194843164	1.0	0.09125986462	0.14418831	1.14418831	88489999	88490040	88499948	88510008	NA	missing	415682.0	NA	1.0665	NA	NA	NA	NA	NA	NA	NA	NA	NA	NA	4198542
4	88504978	115619993	NA	27115018	355618	2.3494148	354544	15600	43811.0	mappable	0.078725	1.0	NA	0.00157161424	5.997361e-05	0.00352034468	0.08099596	0.08105594	88499948	88510008	115619923	115619993	0.131325024	1	383147.9	19.868617	0.9749071	NA	NA	0.0	1.1747074	1.1747074	1	1	1:1	2	neutral	4198542
4	115619994	115649982	NA	29989	395	2.8142683	395	0	40.0	mappable	NA	NA	NA	NA	inf	0.06425986462	0.13447959	inf	115619994	115620064	115649882	115649982	NA	missing	420251.0	NA	1.0395	NA	NA	NA	NA	NA	NA	NA	NA	NA	NA	4198542
4	115649983	115669991	NA	20009	313	1.9214211	313	2	33.0	mappable	0.07142857	2.0	NA	0.00721123223	0.5	0.05234013538	0.13997406	0.63997406	115649983	115650083	115669982	115669991	NA	missing	379986.5	20.406002	0.915436	NA	NA	NA	NA	NA	NA	NA	NA	NA	NA	4198542
4	115669992	117950034	NA	2280043	34730	2.3494148	34662	1215	4217.0	mappable	0.08201875	1.0	NA	0.00191019634	0.00077942323	0.01235986462	0.09469415	0.09547357	115669992	115670001	117949987	117950081	0.122254758	1	383147.9	19.868617	0.9749071	NA	NA	0.0	1.1747074	1.1747074	1	1	1:1	2	neutral	4198542
4	117950034	117959991	NA	9958	141	3.09134	141	0	15.0	mappable	NA	NA	NA	NA	inf	0.10275986462	0.15058381	inf	117949987	117950081	117959937	117959991	NA	missing	436527.1	NA	1.078	NA	NA	NA	NA	NA	NA	NA	NA	NA	NA	4198542
4	117959992	190799944	NA	72839960	1030820	2.3494148	1026963	48033	128850.0	mappable	0.078725	1.0	edge	0.00097468441	1.927154e-05	0.00247969281	0.07657488	0.07659415	117959992	117960046	190799944	190799944	0.141980894	1	383147.9	19.868617	0.9749071	NA	NA	0.0	1.1747074	1.1747074	1	1	1:1	2	neutral	4198542
5	50017	23379991	NA	23329977	356273	2.3494148	354916	15605	46351.0	mappable	0.078725	1.0	edge	0.00198135877	5.895531e-05	0.00206118918	0.08171376	0.08177272	50017	50017	23379901	23379991	0.144392942	1	383147.9	19.868617	0.9749071	NA	NA	0.0	1.1747074	1.1747074	1	1	1:1	2	neutral	4198542
5	23379992	23390106	NA	10115	182	3.095658	182	0	28.0	mappable	NA	NA	NA	NA	inf	0.10335986462	0.15032837	inf	23379992	23380082	23389984	23390106	NA	missing	429652.9	NA	1.0786	NA	NA	NA	NA	NA	NA	NA	NA	NA	NA	4198542
5	23390107	46399990	NA	23009887	332497	2.3494148	331520	14329	41334.0	mappable	0.078725	1.0	NA	0.00080971713	6.533386e-05	0.00427841967	0.08178036	0.08184569	23390107	23390229	46399990	46399990	0.148855826	1	383147.9	19.868617	0.9749071	NA	NA	0.0	1.1747074	1.1747074	1	1	1:1	2	neutral	4198542
5	49470005	68829703	NA	19359700	256675	2.3494148	255984	11559	32239.0	mappable	0.078725	1.0	self	0.00122454115	8.163265e-05	0.00092120912	0.08262225	0.08270389	49470005	49470005	68829703	68829703	0.147774898	1	383147.9	19.868617	0.9749071	NA	NA	0.0	1.1747074	1.1747074	1	1	1:1	2	neutral	4198542
5	70750153	117724961	NA	46974815	659247	2.3494148	657273	30417	81754.0	mappable	0.078725	1.0	self	0.0008600513	3.087373e-05	0.00148822865	0.07847635	0.07850723	70750153	70750153	117719915	117730007	0.138488854	1	383147.9	19.868617	0.9749071	NA	NA	0.0	1.1747074	1.1747074	1	1	1:1	2	neutral	4198542
5	117724961	117740003	NA	15043	191	1.9214211	191	3	34.0	mappable	0.08351789	2.0	NA	0.00487808548	0.33333333333	0.06684013538	0.1441254	0.47745873	117719915	117730007	117739978	117740003	NA	missing	379986.5	20.406002	0.915436	NA	NA	NA	NA	NA	NA	NA	NA	NA	NA	4198542
5	117740004	117759931	NA	19928	473	2.7428371	473	8	57.0	mappable	0.08010571	9.0	NA	0.00146590743	0.125	0.05185986462	0.14003142	0.26503142	117740004	117740029	117759837	117760025	NA	missing	393491.3	20.635906	1.0295744	NA	NA	NA	NA	NA	NA	NA	NA	NA	NA	4198542
5	117759931	126759975	NA	9000045	136518	2.3494148	136168	6254	16873.0	mappable	0.078725	1.0	NA	8.519634e-05	0.00015142338	0.00054013538	0.08657446	0.08672589	117759837	117760025	126759947	126759975	0.114837365	1	383147.9	19.868617	0.9749071	NA	NA	0.0	1.1747074	1.1747074	1	1	1:1	2	neutral	4198542
5	126759976	126770023	NA	10048	152	2.8488123	152	0	31.0	mappable	NA	NA	NA	NA	inf	0.06905986462	0.15043678	inf	126759976	126760004	126769950	126770096	NA	missing	409135.0	NA	1.0443	NA	NA	NA	NA	NA	NA	NA	NA	NA	NA	4198542
5	126770023	138759933	NA	11989911	150777	2.3494148	150343	6561	19541.0	mappable	0.0782	1.0	NA	8.519634e-05	0.00014295926	5.986462e-05	0.08505095	0.0851939	126769950	126770096	138759790	138759933	0.115048023	1	383147.9	19.868617	0.9749071	NA	NA	0.0	1.1747074	1.1747074	1	1	1:1	2	neutral	4198542
5	138814991	161779972	NA	22964983	322688	2.3494148	321861	13281	41742.0	mappable	0.08215	1.0	NA	0.00327631247	7.088177e-05	0.00192419646	0.08178978	0.08186066	138814991	138850037	161779942	161779972	0.150860623	1	383147.9	19.868617	0.9749071	NA	NA	0.0	1.1747074	1.1747074	1	1	1:1	2	neutral	4198542
5	161779973	161799991	NA	20019	360	1.9391537	360	0	57.0	mappable	NA	NA	NA	NA	inf	0.05734013538	0.139967	inf	161779973	161780003	161799957	161799991	NA	missing	390575.7	NA	0.9179	NA	NA	NA	NA	NA	NA	NA	NA	NA	NA	4198542
5	161799992	176520085	NA	14720096	209327	2.3494148	208621	10288	27488.0	mappable	0.078725	1.0	NA	0.00228571405	9.09587e-05	0.00193462295	0.08399379	0.08408475	161799992	161800026	176519985	176520185	0.138448569	1	383147.9	19.868617	0.9749071	NA	NA	0.0	1.1747074	1.1747074	1	1	1:1	2	neutral	4198542
5	176520085	176530011	NA	9927	195	3.4598093	193	7	30.0	mappable	0.03204744	NA	identical	0.04786480366	0.11111111111	0.15395986462	0.15063483	0.26174594	176519985	176520185	176529994	176530011	NA	missing	323567.1	16.178355	1.1292	NA	NA	NA	NA	NA	NA	NA	NA	NA	NA	4198542
5	176530012	180689979	NA	4159968	50043	2.3494148	49804	2371	6941.0	mappable	0.085575	1.0	edge	0.00693519634	0.00038343558	0.00385986462	0.09095812	0.09134156	176530012	176530029	180689979	180689979	0.172924677	1	383147.9	19.868617	0.9749071	NA	NA	0.0	1.1747074	1.1747074	1	1	1:1	2	neutral	4198542
6	201976	14131394	NA	13929422	214299	2.3494148	213194	12584	27958.0	mappable	0.08215	1.0	edge	0.00301913665	7.305669e-05	0.00104493408	0.0842757	0.08434876	201976	201976	14131283	14131394	0.140715755	1	383147.9	19.868617	0.9749071	NA	NA	0.0	1.1747074	1.1747074	1	1	1:1	2	neutral	4198542
6	14131395	15422837	DEL	1291443	17329	1.5604161	17243	664	2400.0	mappable	0.10518981	6.0	identical	0.03006852967	0.00133333333	0.10694013538	0.09851949	0.09985282	14131395	14131416	15422786	15422837	0.444318283	2	341655.4	19.19433	0.8652732	18.28868	0.7466378	0.4932756	0.3953504	1.1650657	1	sub	1:sub	sub	sub	4198542
6	15422838	18120004	DEL	2697167	38291	2.3494148	38149	1937	4897.0	mappable	0.078725	1.0	NA	0.00333980366	0.00048100048	0.00284013538	0.09361975	0.09410075	15422838	15422934	18119995	18120013	0.137353869	1	383147.9	19.868617	0.9749071	NA	NA	0.0	1.1747074	1.1747074	1	1	1:1	2	neutral	4198542
6	18120004	18130028	NA	10025	202	2.8293813	202	0	34.0	mappable	NA	NA	NA	NA	inf	0.06635986462	0.1504742	inf	18119995	18120013	18129999	18130028	NA	missing	373338.8	NA	1.0416	NA	NA	NA	NA	NA	NA	NA	NA	NA	NA	4198542
6	18130029	28039930	NA	9909902	142977	2.3494148	142455	6909	18789.0	mappable	0.0753	1.0	NA	0.00016143937	0.00013457139	0.00152945064	0.08605689	0.08619146	18130029	18130058	28039836	28039930	0.12852631	1	383147.9	19.868617	0.9749071	NA	NA	0.0	1.1747074	1.1747074	1	1	1:1	2	neutral	4198542
6	28039931	28049944	NA	10014	109	2.899189	109	0	16.0	mappable	NA	NA	NA	NA	inf	0.07605986462	0.15049214	inf	28039931	28040025	28049880	28049944	NA	missing	398491.4	NA	1.0513	NA	NA	NA	NA	NA	NA	NA	NA	NA	NA	4198542
6	28049945	37789967	NA	9740025	154990	2.3494148	151422	11189	20307.0	mappable	0.085575	1.0	NA	0.00615469864	6.776445e-05	0.00381861551	0.08614936	0.08621713	28049945	28050009	37789930	37790004	0.203718061	1	383147.9	19.868617	0.9749071	NA	NA	0.0	1.1747074	1.1747074	1	1	1:1	2	neutral	4198542
6	37789967	37799968	NA	10002	134	1.7988187	134	0	17.0	mappable	NA	NA	NA	NA	inf	0.07684013538	0.15051173	inf	37789930	37790004	37799908	37799968	NA	missing	361260.0	NA	0.8984	NA	NA	NA	NA	NA	NA	NA	NA	NA	NA	4198542
6	37799969	58019982	NA	20220014	291597	2.3494148	289115	13105	37596.0	mappable	0.08215	1.0	NA	0.00351019634	6.416426e-05	0.00134013538	0.08240871	0.08247287	37799969	37800029	58019982	58019982	0.137795463	1	383147.9	19.868617	0.9749071	NA	NA	0.0	1.1747074	1.1747074	1	1	1:1	2	neutral	4198542
6	58610011	58769997	NA	159987	572	2.3494148	571	24	55.0	mappable	0.07276347	1.0	self	0.00587633836	0.04	0.01415986462	0.11568989	0.15568989	58610011	58610011	58769997	58769997	NA	missing	383147.9	19.868617	0.9749071	NA	NA	NA	NA	NA	NA	NA	NA	NA	NA	4198542
6	61890002	61949996	NA	59995	1094	2.7428371	1078	19	125.0	mappable	0.05061667	9.0	NA	0.02091319076	0.02857142857	0.04985986462	0.12600366	0.15457509	61890002	61890002	61919992	61949996	NA	missing	393491.3	20.635906	1.0295744	NA	NA	NA	NA	NA	NA	NA	NA	NA	NA	4198542
6	61949997	87080031	NA	25130036	354227	2.3494148	353095	17125	43103.0	mappable	0.078725	1.0	self	7.807168e-05	5.477351e-05	0.00329366385	0.08135734	0.08141211	61949997	61980001	87079921	87080141	0.147024018	1	383147.9	19.868617	0.9749071	NA	NA	0.0	1.1747074	1.1747074	1	1	1:1	2	neutral	4198542
6	87080031	87104987	NA	24957	412	3.1338543	412	30	45.0	mappable	0.09278476	5.0	NA	0.01414495244	0.03333333333	0.06445986462	0.13691918	0.17025252	87079921	87080141	87099947	87110027	NA	missing	435305.8	23.912974	1.0839075	NA	NA	NA	NA	NA	NA	NA	NA	NA	NA	4198542
6	87104987	87119960	NA	14974	196	1.9214211	178	0	31.0	mappable	NA	2.0	NA	0.00738980366	0.05555555556	0.08774013538	0.14419432	0.19974987	87099947	87110027	87119917	87119960	NA	missing	379986.5	NA	0.915436	NA	NA	NA	NA	NA	NA	NA	NA	NA	NA	4198542
6	87119961	99700007	NA	12580047	172366	2.3494148	171875	8102	21348.0	mappable	0.08123152	1.0	NA	0.00351019634	0.00011637379	0.00365986462	0.08480098	0.08491735	87119961	87120004	99699997	99700017	0.131900612	1	383147.9	19.868617	0.9749071	NA	NA	0.0	1.1747074	1.1747074	1	1	1:1	2	neutral	4198542
6	99700007	99730025	NA	30019	378	2.7171133	378	0	59.0	mappable	NA	NA	NA	NA	inf	0.05075986462	0.13446654	inf	99699997	99700017	99729955	99730095	NA	missing	398011.1	NA	1.026	NA	NA	NA	NA	NA	NA	NA	NA	NA	NA	4198542
6	99730025	136139971	NA	36409949	495297	2.3494148	493785	24089	61656.0	mappable	0.078725	1.0	NA	0.0002386897	3.906097e-05	0.00188633379	0.07962471	0.07966378	99729955	99730095	136139915	136140027	0.138769374	1	383147.9	19.868617	0.9749071	NA	NA	0.0	1.1747074	1.1747074	1	1	1:1	2	neutral	4198542
6	136139971	136160014	NA	20044	307	1.9952877	307	0	46.0	mappable	NA	NA	NA	NA	inf	0.04954013538	0.13994937	inf	136139915	136140027	136159991	136160037	NA	missing	387015.3	NA	0.9257	NA	NA	NA	NA	NA	NA	NA	NA	NA	NA	4198542
6	136160014	137120035	NA	960022	12672	2.3494148	12647	522	1626.0	mappable	0.07416667	1.0	NA	0.00333980366	0.00182815356	0.00015986462	0.10064054	0.10246869	136159991	136160037	137119918	137120152	0.127253167	1	383147.9	19.868617	0.9749071	NA	NA	0.0	1.1747074	1.1747074	1	1	1:1	2	neutral	4198542
6	137120035	137129954	NA	9920	133	1.8211283	128	0	16.0	mappable	NA	NA	NA	0.25583898422	0.2	0.07374013538	0.15064637	0.35064637	137119918	137120152	137129839	137129954	NA	missing	365547.1	NA	0.9015	NA	NA	NA	NA	NA	NA	NA	NA	NA	NA	4198542
6	137129955	170899935	NA	33769991	501375	2.3494148	499262	25801	65545.0	mappable	0.08215	1.0	edge	0.00464989892	3.58256e-05	0.0007871073	0.07997045	0.08000627	137129955	137130070	170899935	170899935	0.151856154	1	383147.9	19.868617	0.9749071	NA	NA	0.0	1.1747074	1.1747074	1	1	1:1	2	neutral	4198542
7	40386	3129980	NA	3089595	52801	2.3494148	52399	3043	7345.0	mappable	0.08215	1.0	edge	0.00631145773	0.00029036005	0.00217253628	0.09276874	0.0930591	40386	40386	3129928	3129980	0.163777702	1	383147.9	19.868617	0.9749071	NA	NA	0.0	1.1747074	1.1747074	1	1	1:1	2	neutral	4198542
7	3129981	3149952	NA	19972	493	1.8571117	493	0	64.0	mappable	NA	NA	NA	NA	inf	0.06874013538	0.14000023	inf	3129981	3130033	3149903	3150001	NA	missing	322621.7	NA	0.9065	NA	NA	NA	NA	NA	NA	NA	NA	NA	NA	4198542
7	3149952	7505237	NA	4355289	64674	2.3494148	64466	2789	8786.0	mappable	0.078725	1.0	NA	0.0037466439	0.000333667	0.00386807967	0.09068511	0.09101878	3149903	3150001	7499987	7510487	0.149226888	1	383147.9	19.868617	0.9749071	NA	NA	0.0	1.1747074	1.1747074	1	1	1:1	2	neutral	4198542
7	7505237	7530003	NA	24767	427	2.8639253	427	0	42.0	mappable	NA	NA	NA	NA	inf	0.07115986462	0.13702261	inf	7499987	7510487	7529854	7530152	NA	missing	421678.9	NA	1.0464	NA	NA	NA	NA	NA	NA	NA	NA	NA	NA	4198542
7	7530003	40609998	NA	33079999	503941	2.3494148	502385	26268	62981.0	mappable	0.078725	1.0	NA	0.00011068158	3.594407e-05	0.00044250663	0.0800658	0.08010174	7529854	7530152	40609972	40609998	0.143430338	1	383147.9	19.868617	0.9749071	NA	NA	0.0	1.1747074	1.1747074	1	1	1:1	2	neutral	4198542
7	40609999	40640012	NA	30014	385	2.735105	385	0	58.0	mappable	NA	NA	NA	NA	inf	0.05325986462	0.13446872	inf	40609999	40610025	40639992	40640032	NA	missing	406786.4	NA	1.0285	NA	NA	NA	NA	NA	NA	NA	NA	NA	NA	4198542
7	40640012	57999988	NA	17359977	232102	2.3494148	231347	12721	29499.0	mappable	0.08215	1.0	NA	0.00355339195	7.4206e-05	0.00037719407	0.08316264	0.08323684	40639992	40640032	57999988	57999988	0.130227016	1	383147.9	19.868617	0.9749071	NA	NA	0.0	1.1747074	1.1747074	1	1	1:1	2	neutral	4198542
7	61530139	72229988	NA	10699850	114233	2.3494148	113375	5422	15155.0	mappable	0.078725	1.0	self	8.519634e-05	0.00015923567	0.00574013538	0.08564912	0.08580835	61530139	61530139	72229988	72229988	0.156892854	1	383147.9	19.868617	0.9749071	NA	NA	0.0	1.1747074	1.1747074	1	1	1:1	2	neutral	4198542
7	72750118	74139961	NA	1389844	10224	2.3494148	10175	500	1528.0	mappable	0.09585	1.0	self	0.01721019634	0.00182149362	0.01114013538	0.09800803	0.09982952	72750118	72750118	74139961	74139961	0.226372556	1	383147.9	19.868617	0.9749071	NA	NA	0.0	1.1747074	1.1747074	1	1	1:1	2	neutral	4198542
7	75160045	76059952	NA	899908	8417	2.3494148	8389	421	1231.0	mappable	0.08671818	1.0	self	0.00556246907	0.00222717149	0.00595986462	0.10111521	0.10334238	75160045	75160045	76059952	76059952	0.238046909	1	383147.9	19.868617	0.9749071	NA	NA	0.0	1.1747074	1.1747074	1	1	1:1	2	neutral	4198542
7	76810004	84150016	NA	7340013	105673	2.3494148	105365	5520	12847.0	mappable	0.078725	1.0	NA	0.00159681473	0.00017158545	0.00286856221	0.08769102	0.08786261	76810004	76810004	84149938	84150016	0.134050426	1	383147.9	19.868617	0.9749071	NA	NA	0.0	1.1747074	1.1747074	1	1	1:1	2	neutral	4198542
7	84150017	84169935	NA	19919	260	2.771808	260	0	39.0	mappable	NA	NA	NA	NA	inf	0.05835986462	0.14003781	inf	84150017	84150095	84169752	84169935	NA	missing	436360.9	NA	1.0336	NA	NA	NA	NA	NA	NA	NA	NA	NA	NA	4198542
7	84169936	159119808	NA	74949887	982845	2.3494148	979093	41335	127745.0	mappable	0.078725	1.0	edge	0.00109251208	2.218033e-05	0.00075683934	0.07645429	0.07647647	84169936	84170119	159119808	159119808	0.148167882	1	383147.9	19.868617	0.9749071	NA	NA	0.0	1.1747074	1.1747074	1	1	1:1	2	neutral	4198542
8	170012	6919904	NA	6749901	193405	2.3494148	192370	10727	24548.0	mappable	0.08215	1.0	edge	0.00228452447	8.503401e-05	0.003526826	0.08815841	0.08824344	170012	170012	6919904	6919904	0.160254403	1	383147.9	19.868617	0.9749071	NA	NA	0.0	1.1747074	1.1747074	1	1	1:1	2	neutral	4198542
8	8100000	11379966	NA	3279969	69841	2.3494148	69589	4386	9088.0	mappable	0.08531136	1.0	NA	0.00605118913	0.00021561018	0.00383018277	0.09239902	0.09261463	8100000	8100000	11379923	11379966	0.147437487	1	383147.9	19.868617	0.9749071	NA	NA	0.0	1.1747074	1.1747074	1	1	1:1	2	neutral	4198542
8	11379967	11420004	NA	40038	1060	1.9585847	1060	2	162.0	mappable	0.31187739	NA	NA	0.29634582853	0.5	0.05464013538	0.1308123	0.6308123	11379967	11380010	11419985	11420004	NA	missing	340658.6	22.345116	0.9206	NA	NA	NA	NA	NA	NA	NA	NA	NA	NA	4198542
8	11420005	11859985	NA	439981	8466	2.3494148	8452	416	1114.0	mappable	0.104625	1.0	NA	0.02322686301	0.0023255814	0.01294013538	0.10668327	0.10900885	11420005	11420024	11859985	11859985	0.204731585	1	383147.9	19.868617	0.9749071	NA	NA	0.0	1.1747074	1.1747074	1	1	1:1	2	neutral	4198542
8	12580042	43789991	NA	31209955	518389	2.3494148	516792	23709	67291.0	mappable	0.078725	1.0	self	0.00090407819	3.951632e-05	0.00211305842	0.08033579	0.08037531	12580042	12580042	43789991	43789991	0.156035151	1	383147.9	19.868617	0.9749071	NA	NA	0.0	1.1747074	1.1747074	1	1	1:1	2	neutral	4198542
8	46880007	91609979	NA	44729973	610776	2.3494148	609024	24942	76805.0	mappable	0.078725	1.0	NA	0.00035026387	3.74616e-05	0.0012298415	0.07869449	0.07873196	46880007	46880007	91609935	91610023	0.145350509	1	383147.9	19.868617	0.9749071	NA	NA	0.0	1.1747074	1.1747074	1	1	1:1	2	neutral	4198542
8	91609979	91620129	NA	10151	154	2.8999087	154	0	27.0	mappable	NA	NA	NA	NA	inf	0.07615986462	0.15027048	inf	91609935	91610023	91619998	91620129	NA	missing	412118.6	NA	1.0514	NA	NA	NA	NA	NA	NA	NA	NA	NA	NA	4198542
8	91620130	146289988	NA	54669867	777313	2.3494148	774705	38084	100045.0	mappable	0.078725	1.0	edge	0.00135506387	2.457606e-05	0.00070328665	0.07780817	0.07783274	91620130	91620261	146289988	146289988	0.145629291	1	383147.9	19.868617	0.9749071	NA	NA	0.0	1.1747074	1.1747074	1	1	1:1	2	neutral	4198542
9	200101	260000	NA	59900	1191	3.1338543	1185	93	138.0	mappable	0.10490789	5.0	edge	0.02626809108	0.0101010101	0.07085986462	0.12602181	0.13612282	200101	200101	259990	260000	0.069161337	1	435305.8	23.912974	1.0839075	NA	NA	0.0	1.5669272	1.5669272	sub	sub	sub:sub	sub	sub	4198542
9	260001	3330026	NA	3070027	65416	2.3494148	65248	3524	8374.0	mappable	0.081	1.0	NA	0.00377090805	0.0002708559	0.00202622759	0.0928082	0.09307906	260001	260011	3329983	3330069	0.120759193	1	383147.9	19.868617	0.9749071	NA	NA	0.0	1.1747074	1.1747074	1	1	1:1	2	neutral	4198542
9	3330026	3340010	NA	9985	218	1.8751033	218	0	34.0	mappable	NA	NA	NA	NA	inf	0.06624013538	0.15053953	inf	3329983	3330069	3339941	3340010	NA	missing	402880.0	NA	0.909	NA	NA	NA	NA	NA	NA	NA	NA	NA	NA	4198542
9	3340011	10304983	NA	6964975	132288	2.3494148	131922	6492	16386.0	mappable	0.08108864	1.0	NA	0.00195252786	0.00014581511	0.00028110993	0.08798291	0.08812873	3340011	3340080	10299940	10310026	0.129270014	1	383147.9	19.868617	0.9749071	NA	NA	0.0	1.1747074	1.1747074	1	1	1:1	2	neutral	4198542
9	10304983	10319993	NA	15011	192	1.908208	192	0	18.0	mappable	NA	NA	NA	NA	inf	0.06164013538	0.14415731	inf	10299940	10310026	10319971	10319993	NA	missing	415252.0	NA	0.9136	NA	NA	NA	NA	NA	NA	NA	NA	NA	NA	4198542
9	10319994	21913732	NA	11593741	201507	2.3494148	201070	7093	25368.0	mappable	0.07611944	1.0	NA	0.00156839892	0.00013280212	0.00055648171	0.08522663	0.08535944	10319994	10320016	21909979	21913732	0.145060998	1	383147.9	19.868617	0.9749071	NA	NA	0.0	1.1747074	1.1747074	1	1	1:1	2	neutral	4198542
9	21913733	21930415	DEL	16683	188	1.5604161	188	15	20.0	mappable	0.11708046	6.0	NA	0.03844065175	0.06666666667	0.09364013538	0.1425914	0.20925807	21913733	21920049	21930387	21930415	NA	missing	341655.4	19.19433	0.8652732	NA	NA	NA	NA	NA	NA	NA	NA	NA	NA	4198542
9	21930416	21998100	DEL	67685	1053	0.8941977	1047	30	125.0	mappable	0.16577059	NA	NA	0.09612490222	0.02777777778	0.20254013538	0.12463739	0.15241517	21930416	21930505	21998035	21998100	NA	missing	291813.3	15.879159	0.7727	NA	NA	NA	NA	NA	NA	NA	NA	NA	NA	4198542
9	21998101	22035802	DEL	37702	595	1.5604161	595	7	72.0	mappable	0.14858409	6.0	NA	0.06994428725	0.14285714286	0.11944013538	0.13155858	0.27441572	21998101	21998139	22035753	22035802	NA	missing	341655.4	19.19433	0.8652732	NA	NA	NA	NA	NA	NA	NA	NA	NA	NA	4198542
9	22035803	38769828	DEL	16734027	242782	2.3494148	242052	12435	30408.0	mappable	0.078725	1.0	self	0.00052359667	7.595898e-05	0.00191958363	0.08334625	0.08342221	22035803	22035864	38769828	38769828	0.143580234	1	383147.9	19.868617	0.9749071	NA	NA	0.0	1.1747074	1.1747074	1	1	1:1	2	neutral	4198542
9	66840048	66849972	NA	9925	540	1.9214211	501	0	31.0	mappable	NA	2.0	NA	0.0171007232	0.02564102564	0.05584013538	0.15063813	0.17627915	66840048	66840048	66849972	66849972	NA	missing	379986.5	NA	0.915436	NA	NA	NA	NA	NA	NA	NA	NA	NA	NA	4198542
9	68410004	68419976	NA	9973	1130	2.052861	1045	0	252.0	mappable	NA	NA	NA	0.18635635019	0.01176470588	0.04154013538	0.15055919	0.1623239	68410004	68410004	68419976	68419976	NA	missing	2189484.0	NA	0.9337	NA	NA	NA	NA	NA	NA	NA	NA	NA	NA	4198542
9	71030093	80290011	NA	9259920	128866	1.5604161	128528	5657	16706.0	mappable	0.09863452	6.0	NA	0.02210436867	0.00016680567	0.11151714794	0.08642083	0.08658764	71030093	71030093	80289998	80290011	0.46054921	2	341655.4	19.19433	0.8652732	18.28868	0.7466378	0.4932756	0.3953504	1.1650657	1	sub	1:sub	sub	sub	4198542
9	80290012	80334981	NA	44970	458	1.9214211	458	8	65.0	mappable	0.06164946	2.0	NA	0.01699034129	0.125	0.04504013538	0.12939393	0.25439393	80290012	80290025	80329943	80334981	NA	missing	379986.5	20.406002	0.915436	NA	NA	NA	NA	NA	NA	NA	NA	NA	NA	4198542
9	80334982	89450085	NA	9115104	122448	1.5604161	122068	5165	15728.0	mappable	0.09907065	6.0	NA	0.02063519634	0.00018034265	0.11134013538	0.08650584	0.08668618	80334982	80340020	89449997	89450085	0.451174895	2	341655.4	19.19433	0.8652732	18.28868	0.7466378	0.4932756	0.3953504	1.1650657	1	sub	1:sub	sub	sub	4198542
9	89450086	89479984	NA	29899	291	1.9214211	281	0	42.0	mappable	NA	2.0	NA	0.0412032652	0.1	0.06194013538	0.13451881	0.23451881	89450086	89450174	89479964	89479984	NA	missing	379986.5	NA	0.915436	NA	NA	NA	NA	NA	NA	NA	NA	NA	NA	4198542
9	89479985	91989996	NA	2510012	35416	1.5604161	35282	1665	4777.0	mappable	0.08732941	6.0	NA	0.01122159156	0.00055586437	0.11784450346	0.09407664	0.0946325	89479985	89480005	91989988	91990004	0.406108115	2	341655.4	19.19433	0.8652732	18.28868	0.7466378	0.4932756	0.3953504	1.1650657	1	sub	1:sub	sub	sub	4198542
9	91989996	92000027	NA	10032	194	2.337849	192	0	23.0	mappable	NA	NA	NA	0.04738980366	0.5	0.00194013538	0.15046281	0.65046281	91989988	91990004	91999988	92000066	NA	missing	297753.0	NA	0.9733	NA	NA	NA	NA	NA	NA	NA	NA	NA	NA	4198542
9	92000027	105819940	NA	13819915	177273	1.5604161	176941	3919	23924.0	mappable	0.099275	6.0	NA	0.0220580145	0.00023523877	0.1103854948	0.08431616	0.0845514	91999988	92000066	105819874	105820006	0.465446748	2	341655.4	19.19433	0.8652732	18.28868	0.7466378	0.4932756	0.3953504	1.1650657	1	sub	1:sub	sub	sub	4198542
9	105819940	117779980	NA	11960041	174447	2.3494148	173945	7889	22825.0	mappable	0.08215	1.0	NA	0.00351019634	0.00011917531	0.00064013538	0.08506396	0.08518314	105819874	105820006	117779957	117780003	0.127311586	1	383147.9	19.868617	0.9749071	NA	NA	0.0	1.1747074	1.1747074	1	1	1:1	2	neutral	4198542
9	117779980	117799971	NA	19992	307	1.737647	307	0	44.0	mappable	NA	NA	NA	NA	inf	0.08534013538	0.13998608	inf	117779957	117780003	117799885	117800057	NA	missing	361665.3	NA	0.8899	NA	NA	NA	NA	NA	NA	NA	NA	NA	NA	4198542
9	117799971	141019791	NA	23219821	320911	2.3494148	319538	12504	44276.0	mappable	0.08215	1.0	edge	0.00516652791	7.207727e-05	0.00341347098	0.08173656	0.08180864	117799885	117800057	141019791	141019791	0.157797194	1	383147.9	19.868617	0.9749071	NA	NA	0.0	1.1747074	1.1747074	1	1	1:1	2	neutral	4198542
10	130013	38779987	NA	38649982	578774	2.3494148	576396	30579	76139.0	mappable	0.078725	1.0	edge	0.00132113207	3.034349e-05	0.00014552799	0.0793526	0.07938294	130013	130013	38779954	38779987	0.144954245	1	383147.9	19.868617	0.9749071	NA	NA	0.0	1.1747074	1.1747074	1	1	1:1	2	neutral	4198542
10	38779988	39149984	NA	369997	7044	3.1338543	6959	2	1219.0	mappable	0.1212485	5.0	NA	0.02366019634	0.01149425287	0.07465986462	0.10812474	0.11961899	38779988	38780021	39149984	39149984	NA	missing	435305.8	23.912974	1.0839075	NA	NA	NA	NA	NA	NA	NA	NA	NA	NA	4198542
10	42410000	46159967	NA	3749968	43592	2.3494148	43486	2138	5660.0	mappable	0.08215	1.0	self	0.00351019634	0.0004456328	0.00115986462	0.0915816	0.09202724	42410000	42410000	46159967	46159967	0.127104413	1	383147.9	19.868617	0.9749071	NA	NA	0.0	1.1747074	1.1747074	1	1	1:1	2	neutral	4198542
10	48310177	48659961	NA	349785	5565	2.3494148	5556	203	788.0	mappable	0.0748163	1.0	self	0.00382349931	0.00471698113	0.00814013538	0.10860057	0.11331756	48310177	48310177	48659961	48659961	0.009573031	1	383147.9	19.868617	0.9749071	NA	NA	0.0	1.1747074	1.1747074	1	1	1:1	2	neutral	4198542
10	49390096	85925126	NA	36535036	506541	2.3494148	505027	25057	65083.0	mappable	0.078725	1.0	NA	0.00024474979	3.763502e-05	0.00031774075	0.07960903	0.07964667	49390096	49390096	85919931	85925126	0.136690518	1	383147.9	19.868617	0.9749071	NA	NA	0.0	1.1747074	1.1747074	1	1	1:1	2	neutral	4198542
10	85925127	85939978	NA	14852	180	1.7067013	180	0	23.0	mappable	NA	NA	NA	NA	inf	0.08964013538	0.14431712	inf	85925127	85930322	85939847	85939978	NA	missing	344902.0	NA	0.8856	NA	NA	NA	NA	NA	NA	NA	NA	NA	NA	4198542
10	85939979	90509988	NA	4570011	58112	2.3494148	57961	2330	7698.0	mappable	0.08076522	1.0	NA	0.00189298537	0.00040306328	0.00085299847	0.09040052	0.09080358	85939979	85940110	90509867	90509988	0.145742011	1	383147.9	19.868617	0.9749071	NA	NA	0.0	1.1747074	1.1747074	1	1	1:1	2	neutral	4198542
10	90509989	90883203	INV	373215	5566	1.5604161	5549	419	706.0	mappable	0.14048333	6.0	identical	0.05081019634	0.00229357798	0.10354013538	0.10805176	0.11034534	90509989	90510175	90883050	90883203	0.480452213	2	341655.4	19.19433	0.8652732	18.28868	0.7466378	0.4932756	0.3953504	1.1650657	1	sub	1:sub	sub	sub	4198542
10	90883204	135439925	INV	44556729	640630	2.3494148	638246	29906	85680.0	mappable	0.08215	1.0	edge	0.0034160413	3.09703e-05	0.0028649906	0.07871183	0.0787428	90883204	90883215	135439925	135439925	0.150021741	1	383147.9	19.868617	0.9749071	NA	NA	0.0	1.1747074	1.1747074	1	1	1:1	2	neutral	4198542
11	190010	2179988	NA	1989979	28114	2.3494148	27912	1335	3997.0	mappable	0.092425	1.0	edge	0.01036019634	0.00065061809	0.00105986462	0.09558255	0.09623317	190010	190010	2179893	2180083	0.18954515	1	383147.9	19.868617	0.9749071	NA	NA	0.0	1.1747074	1.1747074	1	1	1:1	2	neutral	4198542
11	2179988	2190063	NA	10076	203	2.8984693	201	0	31.0	mappable	NA	NA	NA	NA	inf	0.07595986462	0.15039137	inf	2179893	2180083	2189983	2190063	NA	missing	238137.0	NA	1.0512	NA	NA	NA	NA	NA	NA	NA	NA	NA	NA	4198542
11	2190064	22180020	NA	19989959	287141	2.3494148	286013	14414	36999.0	mappable	0.08215	1.0	NA	0.00223583895	6.434178e-05	0.00343943433	0.0824648	0.08252914	2190064	2190144	22179993	22180020	0.130575936	1	383147.9	19.868617	0.9749071	NA	NA	0.0	1.1747074	1.1747074	1	1	1:1	2	neutral	4198542
11	22180021	22189987	NA	9967	153	2.868963	153	0	19.0	mappable	NA	NA	NA	NA	inf	0.07185986462	0.15056903	inf	22180021	22180048	22189966	22189987	NA	missing	412151.0	NA	1.0471	NA	NA	NA	NA	NA	NA	NA	NA	NA	NA	4198542
11	22189988	45870059	NA	23680072	348871	2.3494148	347779	15412	44163.0	mappable	0.078725	1.0	NA	8.519634e-05	6.059137e-05	0.00085986462	0.08164208	0.08170267	22189988	22190009	45869942	45870059	0.153266754	1	383147.9	19.868617	0.9749071	NA	NA	0.0	1.1747074	1.1747074	1	1	1:1	2	neutral	4198542
11	45870060	45879928	NA	9869	129	1.802417	129	0	17.0	mappable	NA	NA	NA	NA	inf	0.07634013538	0.1507308	inf	45870060	45870177	45879827	45880029	NA	missing	349357.5	NA	0.8989	NA	NA	NA	NA	NA	NA	NA	NA	NA	NA	4198542
11	45879928	48310084	NA	2430157	24969	2.3494148	24897	361	3672.0	mappable	0.07878026	1.0	NA	0.00351019634	0.00230946882	0.00615986462	0.09428351	0.09659297	45879827	45880029	48299965	48320203	0.250535341	1	383147.9	19.868617	0.9749071	NA	NA	0.0	1.1747074	1.1747074	1	1	1:1	2	neutral	4198542
11	48310084	48330019	NA	19936	247	2.970436	247	1	33.0	mappable	0.38888889	NA	NA	0.31024908523	1.0	0.08595986462	0.14002574	1.14002574	48299965	48320203	48329992	48330019	NA	missing	391961.2	27.219528	1.0612	NA	NA	NA	NA	NA	NA	NA	NA	NA	NA	4198542
11	48330020	48899996	NA	569977	4548	2.467389	4546	1	598.0	mappable	0.02857143	NA	NA	0.0816673392	0.33333333333	0.01605986462	0.10459953	0.43793287	48330020	48330047	48899996	48899996	NA	missing	403253.5	20.738753	0.9913	NA	NA	NA	NA	NA	NA	NA	NA	NA	NA	4198542
11	48899997	50170092	NA	1270096	0	0.0	0	0	NA	mappable	NA	NA	NA	NA	inf	0.97524013538	0.09863632	inf	48899997	48899997	50170092	50170092	NA	missing	NA	NA	0.0	NA	NA	0.0	0.0	0.0	0	0	NA	0	homozygousDel	4198542
11	50170093	50719999	NA	549907	10740	2.4896641	10737	16	1644.0	mappable	0.37105885	NA	NA	0.2811976454	0.05263157895	0.01915509739	0.10488321	0.15751479	50170093	50170093	50719994	50719999	NA	missing	595552.4	39.94043	0.9943952	NA	NA	NA	NA	NA	NA	NA	NA	NA	NA	4198542
11	50720000	50730013	NA	10014	613	1.897413	613	0	101.0	mappable	NA	NA	NA	NA	inf	0.06314013538	0.15049214	inf	50720000	50720005	50729996	50730013	NA	missing	580660.0	NA	0.9121	NA	NA	NA	NA	NA	NA	NA	NA	NA	NA	4198542
11	54793872	89349940	NA	34556073	453650	2.3494148	452195	17687	60106.0	mappable	0.08215	1.0	NA	0.00272519019	5.224115e-05	0.00014572134	0.07986444	0.07991668	54793872	54793872	89349940	89349940	0.148291685	1	383147.9	19.868617	0.9749071	NA	NA	0.0	1.1747074	1.1747074	1	1	1:1	2	neutral	4198542
11	89850037	134939862	NA	45089835	664210	2.3494148	661880	32924	85884.0	mappable	0.078725	1.0	edge	0.00202838829	2.836718e-05	0.00266654495	0.07865872	0.07868708	89850037	89850037	134939862	134939862	0.137325414	1	383147.9	19.868617	0.9749071	NA	NA	0.0	1.1747074	1.1747074	1	1	1:1	2	neutral	4198542
12	160107	960050	NA	799944	11669	3.1762607	11505	459	1631.0	mappable	0.09426591	NA	edge	0.02748519634	0.00160513644	0.11455986462	0.10199118	0.10359631	160107	160107	959988	960050	0.346304119	2	395361.3	21.565162	1.0898	16.80331	0.6122379	0.2244757	1.2316336	1.944627	2	1	2:1	3	gain	4198542
12	960051	969996	NA	9946	178	3.7786217	178	0	26.0	mappable	NA	NA	NA	NA	inf	0.19825986462	0.15060354	inf	960051	960113	969992	970000	NA	missing	461082.9	NA	1.1735	NA	NA	NA	NA	NA	NA	NA	NA	NA	NA	4198542
12	969996	1239964	NA	269969	3521	3.2064867	3508	28	487.0	mappable	0.09854366	NA	NA	0.02347495044	0.0243902439	0.11875986462	0.11084979	0.13524003	969992	970000	1239907	1239964	NA	missing	420377.1	23.656513	1.094	NA	NA	NA	NA	NA	NA	NA	NA	NA	NA	4198542
12	1239965	1280108	NA	40144	639	2.7624523	637	0	85.0	mappable	NA	4.0	NA	0.10261019634	0.5	0.05705986462	0.13077967	0.63077967	1239965	1240022	1279970	1280246	NA	missing	439570.5	NA	1.0323	NA	NA	NA	NA	NA	NA	NA	NA	NA	NA	4198542
12	1280108	1979936	NA	699829	11025	3.2367127	10971	221	1496.0	mappable	0.10785833	NA	NA	0.02748519634	0.00363636364	0.12295986462	0.10300442	0.10664078	1279970	1280246	1979814	1979936	0.414591144	2	406784.5	22.414658	1.0982	17.15657	0.6245812	0.2491625	1.2151227	2.02159	2	1	2:1	3	gain	4198542
12	1979937	1989917	NA	9981	165	3.7962607	145	0	20.0	mappable	NA	8.0	NA	0.00320467309	0.05	0.21615986462	0.15054608	0.20054608	1979937	1980059	1989805	1989917	NA	missing	472977.6	NA	1.175951	NA	NA	NA	NA	NA	NA	NA	NA	NA	NA	4198542
12	1989918	4130069	NA	2140152	33025	3.1338543	32872	1434	4540.0	mappable	0.08420227	5.0	NA	0.00693519634	0.00063011972	0.09135986462	0.09510548	0.0957356	1989918	1990030	4129972	4130069	0.378939239	2	435305.8	23.912974	1.0839075	18.60157	0.6228065	0.2456129	1.1820696	1.9517847	2	1	2:1	3	gain	4198542
12	4130070	4139984	NA	9915	155	3.706655	154	23	18.0	mappable	0.13455	NA	NA	0.04821019634	0.04166666667	0.18825986462	0.15065463	0.19232129	4130070	4130167	4139913	4140055	NA	missing	408550.0	22.697222	1.1635	NA	NA	NA	NA	NA	NA	NA	NA	NA	NA	4198542
12	4139984	22199960	NA	18059977	242887	3.1338543	242036	11312	31378.0	mappable	0.08805	5.0	NA	0.01036019634	8.221656e-05	0.10785986462	0.08296589	0.08304811	4139913	4140055	22199871	22199960	0.400080043	2	435305.8	23.912974	1.0839075	18.60157	0.6228065	0.2456129	1.1820696	1.9517847	2	1	2:1	3	gain	4198542
12	22199961	22219993	NA	20033	259	3.6433243	254	20	30.0	mappable	0.13652024	NA	NA	0.05948003761	0.04	0.17945986462	0.13995712	0.17995712	22199961	22200050	22219910	22220076	NA	missing	477067.8	25.983835	1.1547	NA	NA	NA	NA	NA	NA	NA	NA	NA	NA	4198542
12	22219993	31109975	NA	8889983	127260	3.1338543	126874	5933	16001.0	mappable	0.087025	5.0	NA	0.00693519634	0.00015825289	0.10985986462	0.08664104	0.08679929	22219910	22220076	31109896	31110054	0.408921421	2	435305.8	23.912974	1.0839075	18.60157	0.6228065	0.2456129	1.1820696	1.9517847	2	1	2:1	3	gain	4198542
12	31109975	31129964	NA	19990	385	2.7428371	358	0	65.0	mappable	NA	9.0	NA	0.00281019634	0.03703703704	0.05335986462	0.13998749	0.17702453	31109896	31110054	31129896	31129964	NA	missing	393491.3	NA	1.0295744	NA	NA	NA	NA	NA	NA	NA	NA	NA	NA	4198542
12	31129965	34819969	NA	3690005	47195	3.1338543	47028	2224	6010.0	mappable	0.08383182	5.0	NA	0.00693519634	0.00041823505	0.11005986462	0.09167923	0.09209747	31129965	31130033	34819969	34819969	0.398687571	2	435305.8	23.912974	1.0839075	18.60157	0.6228065	0.2456129	1.1820696	1.9517847	2	1	2:1	3	gain	4198542
12	38000003	38260008	NA	260006	9611	3.1338543	9453	215	1167.0	mappable	0.09509868	5.0	NA	0.01328519634	0.00268096515	0.09825986462	0.11118409	0.11386505	38000003	38000003	38259998	38260008	0.494425494	2	435305.8	23.912974	1.0839075	18.60157	0.6228065	0.2456129	1.1820696	1.9517847	2	1	2:1	3	gain	4198542
12	38260009	38270004	NA	9996	292	3.7620693	275	0	38.0	mappable	NA	NA	NA	0.12568519634	0.05882352941	0.19595986462	0.15052154	0.20934507	38260009	38260019	38269982	38270004	NA	missing	446380.0	NA	1.1712	NA	NA	NA	NA	NA	NA	NA	NA	NA	NA	4198542
12	38270005	46949996	NA	8679992	121217	3.1338543	120862	5362	15088.0	mappable	0.08215	5.0	NA	0.00693519634	0.00017491691	0.11255986462	0.08677067	0.08694559	38270005	38270027	46949881	46950111	0.427063967	2	435305.8	23.912974	1.0839075	18.60157	0.6228065	0.2456129	1.1820696	1.9517847	2	1	2:1	3	gain	4198542
12	46949996	46979971	NA	29976	248	3.527458	247	0	40.0	mappable	NA	NA	NA	0.14358241856	1.0	0.16335986462	0.13448524	1.13448524	46949881	46950111	46969812	46979971	NA	missing	468641.0	NA	1.1386	NA	NA	NA	NA	NA	NA	NA	NA	NA	NA	4198542
12	46979972	50389999	NA	3410028	41042	3.1338543	40917	1614	5470.0	mappable	0.0948963	5.0	NA	0.01321019634	0.00057504313	0.10895986462	0.09216016	0.0927352	46979972	46990131	50379946	50400052	0.394638162	2	435305.8	23.912974	1.0839075	18.60157	0.6228065	0.2456129	1.1820696	1.9517847	2	1	2:1	3	gain	4198542
12	50389999	50410004	NA	20006	161	3.7037763	161	0	26.0	mappable	NA	NA	NA	NA	inf	0.18785986462	0.13997618	inf	50379946	50400052	50409982	50410004	NA	missing	415398.3	NA	1.1631	NA	NA	NA	NA	NA	NA	NA	NA	NA	NA	4198542
12	50410005	50440023	NA	30019	250	2.5328787	249	4	51.0	mappable	0.12972885	NA	NA	0.06031692711	0.2	0.02515986462	0.13446654	0.33446654	50410005	50410027	50439987	50440023	NA	missing	371276.4	20.354621	1.0004	NA	NA	NA	NA	NA	NA	NA	NA	NA	NA	4198542
12	50440024	52620039	NA	2180016	23905	3.1338543	23853	481	3382.0	mappable	0.08990948	5.0	NA	0.01036019634	0.00187617261	0.11165986462	0.09498522	0.09686139	50440024	50440060	52619988	52620039	0.386523949	2	435305.8	23.912974	1.0839075	18.60157	0.6228065	0.2456129	1.1820696	1.9517847	2	1	2:1	3	gain	4198542
12	52620040	52630038	NA	9999	154	3.784379	154	8	22.0	mappable	0.16029302	NA	NA	0.08165321526	0.125	0.19905986462	0.15051663	0.27551663	52620040	52620091	52629939	52630038	NA	missing	321505.7	18.509542	1.1743	NA	NA	NA	NA	NA	NA	NA	NA	NA	NA	4198542
12	52630039	81269991	NA	28639953	377358	3.1338543	376242	16894	47961.0	mappable	0.089	5.0	NA	0.01036019634	5.552471e-05	0.11035986462	0.08073786	0.08079339	52630039	52630138	81269937	81270045	0.408564591	2	435305.8	23.912974	1.0839075	18.60157	0.6228065	0.2456129	1.1820696	1.9517847	2	1	2:1	3	gain	4198542
12	81269991	81289980	NA	19990	301	2.3494148	301	1	61.0	mappable	0.05	1.0	self	0.02863980366	1.0	0.02005986462	0.13998749	1.13998749	81269937	81270045	81289883	81290077	NA	missing	383147.9	19.868617	0.9749071	NA	NA	NA	NA	NA	NA	NA	NA	NA	NA	4198542
12	81289980	81780079	NA	490100	6429	3.1338543	6419	288	824.0	mappable	0.08215	5.0	identical	0.00351019634	0.0033557047	0.11495986462	0.1058049	0.1091606	81289883	81290077	81779918	81780240	0.337459871	2	435305.8	23.912974	1.0839075	18.60157	0.6228065	0.2456129	1.1820696	1.9517847	2	1	2:1	3	gain	4198542
12	81780079	111319939	NA	29539862	403379	2.3494148	402075	17804	52211.0	mappable	0.078725	1.0	NA	0.00150011224	5.23341e-05	0.00238073804	0.08059265	0.08064498	81779918	81780240	111319847	111319939	0.150534145	1	383147.9	19.868617	0.9749071	NA	NA	0.0	1.1747074	1.1747074	1	1	1:1	2	neutral	4198542
12	111319940	111330063	NA	10124	145	2.9999423	145	0	30.0	mappable	NA	NA	NA	NA	inf	0.09005986462	0.15031387	inf	111319940	111320032	111329990	111330063	NA	missing	333941.7	NA	1.0653	NA	NA	NA	NA	NA	NA	NA	NA	NA	NA	4198542
12	111330064	133819926	NA	22489866	318339	2.3494148	316978	15298	43997.0	mappable	0.08215	1.0	edge	0.00149834104	6.003482e-05	0.00145666179	0.08189079	0.08195082	111330064	111330137	133819926	133819926	0.155056104	1	383147.9	19.868617	0.9749071	NA	NA	0.0	1.1747074	1.1747074	1	1	1:1	2	neutral	4198542
13	19450038	33174992	NA	13724958	191581	2.3494148	190933	8588	25350.0	mappable	0.078725	1.0	edge	0.00059088277	0.00010827198	0.00221460101	0.08435153	0.0844598	19450038	19450038	33169880	33174992	0.167679138	1	383147.9	19.868617	0.9749071	NA	NA	0.0	1.1747074	1.1747074	1	1	1:1	2	neutral	4198542
13	33174993	33190063	NA	15071	147	2.8653647	147	0	18.0	mappable	NA	NA	NA	NA	inf	0.07135986462	0.14409754	inf	33174993	33180105	33189928	33190198	NA	missing	444050.0	NA	1.0466	NA	NA	NA	NA	NA	NA	NA	NA	NA	NA	4198542
13	33190063	98599962	NA	65409904	916759	2.3494148	913746	43281	113660.0	mappable	0.078725	1.0	NA	3.367519e-05	2.160107e-05	0.00281034124	0.07703268	0.07705428	33189928	33190198	98599922	98599962	0.139886239	1	383147.9	19.868617	0.9749071	NA	NA	0.0	1.1747074	1.1747074	1	1	1:1	2	neutral	4198542
13	98599963	98615008	NA	15046	155	1.888777	155	0	32.0	mappable	NA	NA	NA	NA	inf	0.06434013538	0.14412241	inf	98599963	98600003	98609995	98615008	NA	missing	365125.0	NA	0.9109	NA	NA	NA	NA	NA	NA	NA	NA	NA	NA	4198542
13	98615009	113965021	NA	15350014	242871	2.3494148	241886	12697	31626.0	mappable	0.08215	1.0	NA	0.00363204132	7.308873e-05	0.00016453582	0.08378109	0.08385417	98615009	98620022	113959899	113965021	0.137771829	1	383147.9	19.868617	0.9749071	NA	NA	0.0	1.1747074	1.1747074	1	1	1:1	2	neutral	4198542
13	113965022	113989985	NA	24964	411	1.9214211	400	1	83.0	mappable	0.125	2.0	NA	0.03248677336	0.08333333333	0.06244013538	0.13691539	0.22024872	113965022	113970144	113989927	113989985	NA	missing	379986.5	20.406002	0.915436	NA	NA	NA	NA	NA	NA	NA	NA	NA	NA	4198542
13	113989986	114014859	NA	24874	462	2.7428371	432	9	79.0	mappable	0.12103553	9.0	NA	0.04053980366	0.02564102564	0.05365986462	0.13696425	0.16260527	113989986	113990044	114009719	114014859	NA	missing	393491.3	20.635906	1.0295744	NA	NA	NA	NA	NA	NA	NA	NA	NA	NA	4198542
13	114014860	115099984	NA	1085125	15411	2.3494148	15260	702	2295.0	mappable	0.08215	1.0	edge	0.00351019634	0.00117370892	0.00504013538	0.09975346	0.10092717	114014860	114020000	115099984	115099984	0.223112875	1	383147.9	19.868617	0.9749071	NA	NA	0.0	1.1747074	1.1747074	1	1	1:1	2	neutral	4198542
14	20330060	22419980	NA	2089921	29838	2.3494148	29713	1657	3870.0	mappable	0.08215	1.0	edge	0.00351019634	0.00056116723	0.00064013538	0.0952607	0.09582187	20330060	20330060	22419939	22419980	0.14457236	1	383147.9	19.868617	0.9749071	NA	NA	0.0	1.1747074	1.1747074	1	1	1:1	2	neutral	4198542
14	22419981	22989973	NA	569993	9860	1.0165871	9821	676	1210.0	mappable	0.08109722	NA	identical	0.00468887504	0.0013986014	0.18553375607	0.10459931	0.10599791	22419981	22420022	22989893	22989973	0.144377079	1	302006.0	15.756833	0.7897064	NA	NA	0.0	0.5082935	0.5082935	sub	sub	sub:sub	sub	sub	4198542
14	22989974	103370054	NA	80380089	1128308	2.3494148	1124658	52155	144941.0	mappable	0.08215	1.0	NA	0.00187859833	1.792018e-05	0.00185163339	0.07616049	0.07617841	22989974	22990054	103369989	103370119	0.138833387	1	383147.9	19.868617	0.9749071	NA	NA	0.0	1.1747074	1.1747074	1	1	1:1	2	neutral	4198542
14	103370054	103382130	NA	12077	189	2.7538163	189	0	24.0	mappable	NA	NA	NA	NA	inf	0.05585986462	0.1474929	inf	103369989	103370119	103382125	103382135	NA	missing	308315.8	NA	1.0311	NA	NA	NA	NA	NA	NA	NA	NA	NA	NA	4198542
14	103382130	106330465	NA	2948336	39803	2.3494148	39581	1626	5755.0	mappable	0.078725	1.0	NA	0.00351019634	0.00054112554	0.01334013538	0.09306018	0.0936013	103382125	103382135	106330460	106330465	0.160194528	1	383147.9	19.868617	0.9749071	NA	NA	0.0	1.1747074	1.1747074	1	1	1:1	2	neutral	4198542
14	106330466	106370361	DEL	39896	351	-1.3943423	344	25	44.0	mappable	0.29495	NA	NA	0.20251852967	0.03125	0.52054013538	0.13085617	0.16210617	106330466	106330467	106349982	106370361	NA	missing	165230.4	9.441739	0.4547	NA	NA	NA	NA	NA	NA	NA	NA	NA	NA	4198542
14	106370362	106804973	DEL	434612	3044	0.5753853	2961	101	382.0	mappable	0.1301	NA	NA	0.03091019634	0.00543478261	0.24684013538	0.10678417	0.11221895	106370362	106400108	106779888	106804973	0.534926147	2	292111.5	17.123778	0.7284	18.57488	1.2853885	1.0	0.0	0.5753853	sub	0	sub:0	sub	sub	4198542
14	106804974	107259908	NA	454935	7040	2.3494148	6901	301	845.0	mappable	0.095525	1.0	edge	0.01076019634	0.00227272727	0.03414013538	0.10640958	0.1086823	106804974	106830059	107259908	107259908	0.282482097	1	383147.9	19.868617	0.9749071	NA	NA	0.0	1.1747074	1.1747074	1	1	1:1	2	neutral	4198542
15	20850000	20859924	NA	9925	165	2.2183843	138	0	13.0	mappable	NA	NA	edge	0.25417472691	0.03703703704	0.01854013538	0.15063813	0.18767516	20850000	20850000	20859924	20859924	NA	missing	1271210.0	NA	0.9567	NA	NA	NA	NA	NA	NA	NA	NA	NA	NA	4198542
15	22480079	23069956	NA	589878	4050	2.3494148	4017	273	543.0	mappable	0.06786379	1.0	NA	0.00883980366	0.00326797386	0.01734013538	0.10432937	0.10759735	22480079	22480079	23069956	23069956	0.105332759	1	383147.9	19.868617	0.9749071	NA	NA	0.0	1.1747074	1.1747074	1	1	1:1	2	neutral	4198542
15	23710146	24329926	NA	619781	10358	2.3494148	10321	636	1287.0	mappable	0.08041136	1.0	NA	0.00496928725	0.0014858841	0.01435986462	0.10394255	0.10542843	23710146	23710146	24329926	24329926	0.101862417	1	383147.9	19.868617	0.9749071	NA	NA	0.0	1.1747074	1.1747074	1	1	1:1	2	neutral	4198542
15	24329927	24830091	NA	500165	0	0.0	0	0	NA	mappable	NA	NA	NA	NA	inf	0.97524013538	0.10564099	inf	24329927	24329927	24830091	24830091	NA	missing	NA	NA	0.0	NA	NA	0.0	0.0	0.0	0	0	NA	0	homozygousDel	4198542
15	24830092	28529988	NA	3699897	57376	2.3494148	57161	2907	7515.0	mappable	0.0754	1.0	NA	8.519634e-05	0.0003203075	0.00225986462	0.091663	0.09198331	24830092	24830092	28529988	28529988	0.14060244	1	383147.9	19.868617	0.9749071	NA	NA	0.0	1.1747074	1.1747074	1	1	1:1	2	neutral	4198542
15	29100034	30369914	NA	1269881	18269	2.3494148	18225	850	2469.0	mappable	0.079325	1.0	self	8.519634e-05	0.00111856823	0.00564013538	0.09863751	0.09975608	29100034	29100034	30369914	30369914	0.166389723	1	383147.9	19.868617	0.9749071	NA	NA	0.0	1.1747074	1.1747074	1	1	1:1	2	neutral	4198542
15	31160110	42478885	NA	11318778	149397	2.3494148	148976	5743	19576.0	mappable	0.08215	1.0	self	0.00421598803	0.00016223232	0.00111037106	0.08535258	0.08551481	31160110	31160110	42478815	42478885	0.151950287	1	383147.9	19.868617	0.9749071	NA	NA	0.0	1.1747074	1.1747074	1	1	1:1	2	neutral	4198542
15	42478886	43590047	DEL	1111162	12918	1.5604161	12868	621	1691.0	mappable	0.08730625	6.0	NA	0.01337269634	0.00149031297	0.09294013538	0.09958355	0.10107387	42478886	42478961	43589984	43590047	0.415247657	2	341655.4	19.19433	0.8652732	18.28868	0.7466378	0.4932756	0.3953504	1.1650657	1	sub	1:sub	sub	sub	4198542
15	43590048	43620025	NA	29978	313	1.2036543	310	0	59.0	mappable	NA	NA	NA	0.29711852967	0.33333333333	0.15954013538	0.13448437	0.4678177	43590048	43590111	43619977	43620073	NA	missing	325007.4	NA	0.8157	NA	NA	NA	NA	NA	NA	NA	NA	NA	NA	4198542
15	43620025	47361579	NA	3741555	41445	1.5604161	41329	1700	5428.0	mappable	0.106125	6.0	NA	0.02406019634	0.00055066079	0.10124013538	0.09159519	0.09214586	43619977	43620073	47339996	47361579	0.453111175	2	341655.4	19.19433	0.8652732	18.28868	0.7466378	0.4932756	0.3953504	1.1650657	1	sub	1:sub	sub	sub	4198542
15	47361580	82479795	DEL	35118219	485989	2.3494148	484274	20696	64527.0	mappable	0.08215	1.0	self	0.00264017038	4.462095e-05	0.00201585644	0.07979026	0.07983488	47361580	47400005	82479795	82479795	0.161187601	1	383147.9	19.868617	0.9749071	NA	NA	0.0	1.1747074	1.1747074	1	1	1:1	2	neutral	4198542
15	83211507	102399920	NA	19188416	295890	2.3494148	294955	14053	38884.0	mappable	0.08215	1.0	edge	0.00264748679	6.672004e-05	0.00026611902	0.08266604	0.08273276	83211507	83211507	102399920	102399920	0.153790817	1	383147.9	19.868617	0.9749071	NA	NA	0.0	1.1747074	1.1747074	1	1	1:1	2	neutral	4198542
16	100010	16289940	NA	16189934	297492	2.3494148	296357	13211	40569.0	mappable	0.08215	1.0	edge	0.00355048255	6.970584e-05	0.00090327926	0.08351221	0.08358192	100010	100010	16289940	16289940	0.155333179	1	383147.9	19.868617	0.9749071	NA	NA	0.0	1.1747074	1.1747074	1	1	1:1	2	neutral	4198542
16	16870104	18169896	NA	1299793	20464	2.3494148	20377	1040	2740.0	mappable	0.07564565	1.0	self	0.00299415148	0.00088731145	0.00184013538	0.09847438	0.09936169	16870104	16870104	18169896	18169896	0.133611682	1	383147.9	19.868617	0.9749071	NA	NA	0.0	1.1747074	1.1747074	1	1	1:1	2	neutral	4198542
16	18800044	29039945	NA	10239903	125030	2.3494148	124416	6160	17219.0	mappable	0.078725	1.0	self	5.107794e-05	0.00014762327	0.00390705932	0.08588225	0.08602987	18800044	18800044	29039945	29039945	0.151676612	1	383147.9	19.868617	0.9749071	NA	NA	0.0	1.1747074	1.1747074	1	1	1:1	2	neutral	4198542
16	29670028	31959970	NA	2289943	17518	2.3494148	17465	391	2550.0	mappable	0.085575	1.0	self	0.00693519634	0.00225225225	0.01585986462	0.09466613	0.09691838	29670028	29670028	31959970	31959970	0.174621222	1	383147.9	19.868617	0.9749071	NA	NA	0.0	1.1747074	1.1747074	1	1	1:1	2	neutral	4198542
16	32520030	32649899	NA	129870	3149	2.3025853	2823	0	411.0	mappable	NA	NA	NA	0.25376019634	0.00306748466	0.00684013538	0.11773911	0.1208066	32520030	32520030	32649899	32649899	NA	missing	607364.5	NA	0.9684	NA	NA	NA	NA	NA	NA	NA	NA	NA	NA	4198542
16	33590105	35279959	NA	1689855	15430	2.3494148	15364	108	2182.0	mappable	0.04926667	1.0	self	0.01437012281	0.00574712644	0.00474013538	0.09667221	0.10241934	33590105	33590105	35279959	35279959	0.17505579	1	383147.9	19.868617	0.9749071	NA	NA	0.0	1.1747074	1.1747074	1	1	1:1	2	neutral	4198542
16	46450014	88900015	NA	42450013	681855	2.3494148	679518	32352	90728.0	mappable	0.078725	1.0	self	0.00226044395	2.882758e-05	0.00167911742	0.0789289	0.07895773	46450014	46450014	88899960	88900015	0.149206247	1	383147.9	19.868617	0.9749071	NA	NA	0.0	1.1747074	1.1747074	1	1	1:1	2	neutral	4198542
16	88900016	88920022	NA	20007	586	1.919003	585	4	72.0	mappable	0.16269643	NA	identical	0.44803012535	0.2	0.06014013538	0.13997548	0.33997548	88900016	88900071	88919993	88920051	NA	missing	258960.8	14.445072	0.9151	NA	NA	NA	NA	NA	NA	NA	NA	NA	NA	4198542
16	88920022	90109969	NA	1189948	19814	2.3494148	19711	343	3018.0	mappable	0.092425	1.0	edge	0.00351019634	0.00224215247	0.01225986462	0.09909591	0.10133807	88919993	88920051	90109969	90109969	0.281057568	1	383147.9	19.868617	0.9749071	NA	NA	0.0	1.1747074	1.1747074	1	1	1:1	2	neutral	4198542
17	20080	18115025	NA	18094948	230472	2.3494148	229524	10096	31850.0	mappable	0.08215	1.0	edge	0.00351041065	9.05551e-05	0.00086068728	0.08295628	0.08304684	20080	20080	18109914	18120136	0.163893164	1	383147.9	19.868617	0.9749071	NA	NA	0.0	1.1747074	1.1747074	1	1	1:1	2	neutral	4198542
17	18115025	18130008	NA	14984	140	1.53686	140	0	24.0	mappable	NA	NA	NA	NA	inf	0.11324013538	0.14418431	inf	18109914	18120136	18129909	18130107	NA	missing	246824.0	NA	0.862	NA	NA	NA	NA	NA	NA	NA	NA	NA	NA	4198542
17	18130008	18239982	NA	109975	1465	2.3494148	1464	84	176.0	mappable	0.08240093	1.0	NA	0.00376112227	0.01176470588	0.01995986462	0.11942569	0.13119039	18129909	18130107	18239982	18239982	0.217412881	1	383147.9	19.868617	0.9749071	NA	NA	0.0	1.1747074	1.1747074	1	1	1:1	2	neutral	4198542
17	18750212	22239986	NA	3489775	25817	2.3494148	25186	568	3729.0	mappable	0.085725	1.0	self	0.01659769634	0.00083402836	0.00284013538	0.09201874	0.09285277	18750212	18750212	22239986	22239986	0.138731547	1	383147.9	19.868617	0.9749071	NA	NA	0.0	1.1747074	1.1747074	1	1	1:1	2	neutral	4198542
17	25390040	44279982	NA	18889944	210920	2.3494148	210129	10160	29006.0	mappable	0.08215	1.0	self	0.00370143991	9.131586e-05	0.00050976273	0.08274339	0.08283471	25390040	25390040	44279982	44279982	0.169409581	1	383147.9	19.868617	0.9749071	NA	NA	0.0	1.1747074	1.1747074	1	1	1:1	2	neutral	4198542
17	44790026	81149937	NA	36359914	475570	2.3494148	473806	19318	64888.0	mappable	0.085575	1.0	edge	0.00689974847	4.743383e-05	0.00024553501	0.079631	0.07967844	44790026	44790026	81149937	81149937	0.156110779	1	383147.9	19.868617	0.9749071	NA	NA	0.0	1.1747074	1.1747074	1	1	1:1	2	neutral	4198542
18	130031	3240001	NA	3109971	46463	3.1338543	46272	2253	6094.0	mappable	0.09046667	5.0	edge	0.01378519634	0.0004091653	0.11605986462	0.09272795	0.09313712	130031	130031	3239959	3240001	0.398650916	2	435305.8	23.912974	1.0839075	18.60157	0.6228065	0.2456129	1.1820696	1.9517847	2	1	2:1	3	gain	4198542
18	3240002	3259946	NA	19945	326	3.8218017	294	0	31.0	mappable	NA	NA	NA	0.04743005428	0.03125	0.20425986462	0.14001936	0.17126936	3240002	3240044	3259869	3259946	NA	missing	431319.9	NA	1.1795	NA	NA	NA	NA	NA	NA	NA	NA	NA	NA	4198542
18	3259947	14119956	NA	10860010	165832	3.1338543	165334	7868	21811.0	mappable	0.08725	5.0	NA	0.01036019634	0.00011953144	0.10835986462	0.08557057	0.0856901	3259947	3260024	14119956	14119956	0.40118562	2	435305.8	23.912974	1.0839075	18.60157	0.6228065	0.2456129	1.1820696	1.9517847	2	1	2:1	3	gain	4198542
18	14119957	14910026	NA	790070	0	0.0	0	0	NA	mappable	NA	NA	NA	NA	inf	0.97524013538	0.10208446	inf	14119957	14119957	14910026	14910026	NA	missing	NA	NA	0.0	NA	NA	0.0	0.0	0.0	0	0	NA	0	homozygousDel	4198542
18	14910027	14929888	NA	19862	364	3.0992563	357	26	46.0	mappable	0.04435058	NA	NA	0.01805201296	0.0303030303	0.10385986462	0.14007836	0.17038139	14910027	14910027	14929888	14929888	NA	missing	419680.6	21.778658	1.0791	NA	NA	NA	NA	NA	NA	NA	NA	NA	NA	4198542
18	18540053	43430052	NA	24890000	344088	3.1338543	343121	13907	43807.0	mappable	0.08215	5.0	NA	0.00514157229	6.723141e-05	0.109333889	0.08140319	0.08147042	18540053	18540053	43429966	43430052	0.405305307	2	435305.8	23.912974	1.0839075	18.60157	0.6228065	0.2456129	1.1820696	1.9517847	2	1	2:1	3	gain	4198542
18	43430053	43439981	NA	9929	130	4.0967143	126	0	19.0	mappable	NA	NA	NA	0.08716928725	0.25	0.24245986462	0.15063153	0.40063153	43430053	43430139	43439880	43440082	NA	missing	444585.0	NA	1.2177	NA	NA	NA	NA	NA	NA	NA	NA	NA	NA	4198542
18	43439981	45950007	NA	2510027	35199	3.1338543	35098	1281	4826.0	mappable	0.08950978	5.0	NA	0.00796019634	0.000723589	0.09965986462	0.0940766	0.09480019	43439880	43440082	45949972	45950042	0.345872729	2	435305.8	23.912974	1.0839075	18.60157	0.6228065	0.2456129	1.1820696	1.9517847	2	1	2:1	3	gain	4198542
18	45950007	45959997	NA	9991	146	2.3494148	131	0	25.0	mappable	NA	1.0	self	0.02892083814	0.06666666667	0.00965986462	0.15052971	0.21719638	45949972	45950042	45959895	45959997	NA	missing	383147.9	NA	0.9749071	NA	NA	NA	NA	NA	NA	NA	NA	NA	NA	4198542
18	45959998	46699963	NA	739966	11315	3.1338543	11265	492	1576.0	mappable	0.08885909	5.0	NA	0.01036019634	0.00184501845	0.10225986462	0.10257936	0.10442438	45959998	45960100	46699897	46699963	0.355878895	2	435305.8	23.912974	1.0839075	18.60157	0.6228065	0.2456129	1.1820696	1.9517847	2	1	2:1	3	gain	4198542
18	46699964	46709940	NA	9977	119	3.7962607	114	0	16.0	mappable	NA	8.0	NA	0.04088418616	0.2	0.19405986462	0.15055264	0.35055264	46699964	46700030	46709860	46710020	NA	missing	472977.6	NA	1.175951	NA	NA	NA	NA	NA	NA	NA	NA	NA	NA	4198542
18	46709940	55749964	NA	9040025	131856	3.1338543	131368	5920	16930.0	mappable	0.08673696	5.0	NA	0.00693519634	0.00015605493	0.10585986462	0.0865505	0.08670656	46709860	46710020	55749929	55749964	0.406935352	2	435305.8	23.912974	1.0839075	18.60157	0.6228065	0.2456129	1.1820696	1.9517847	2	1	2:1	3	gain	4198542
18	55749965	55769991	NA	20027	364	2.6451467	364	0	64.0	mappable	NA	NA	NA	NA	inf	0.04075986462	0.13996136	inf	55749965	55750000	55769902	55770080	NA	missing	394684.9	NA	1.016	NA	NA	NA	NA	NA	NA	NA	NA	NA	NA	4198542
18	55769991	62199965	NA	6429975	97013	3.1338543	96701	3843	12697.0	mappable	0.08880833	5.0	NA	0.01036019634	0.00024067389	0.10485986462	0.08843148	0.08867215	55769902	55770080	62199922	62200008	0.434667492	2	435305.8	23.912974	1.0839075	18.60157	0.6228065	0.2456129	1.1820696	1.9517847	2	1	2:1	3	gain	4198542
18	62199965	62244996	NA	45032	744	2.7624523	740	66	76.0	mappable	0.0864	4.0	NA	0.07841070655	0.01428571429	0.05705986462	0.1293773	0.14366301	62199922	62200008	62239986	62250006	0.460264749	2	439570.5	24.325014	1.0323	19.72286	0.6435598	0.2871197	0.984649	1.7778034	2	1	2:1	3	gain	4198542
18	62244996	64320014	NA	2075019	32834	3.1338543	32716	2518	3759.0	mappable	0.08065	5.0	NA	0.00038980366	0.00037936267	0.11235986462	0.09530756	0.09568693	62239986	62250006	64319954	64320014	0.419791737	2	435305.8	23.912974	1.0839075	18.60157	0.6228065	0.2456129	1.1820696	1.9517847	2	1	2:1	3	gain	4198542
18	64320015	64329994	NA	9980	155	2.7428371	154	12	32.0	mappable	0.04059643	9.0	NA	0.03804337509	0.07692307692	0.02295986462	0.15054772	0.2274708	64320015	64320075	64329980	64329994	NA	missing	393491.3	20.635906	1.0295744	NA	NA	NA	NA	NA	NA	NA	NA	NA	NA	4198542
18	64329995	76469987	NA	12139994	197935	3.1338543	197195	10200	25098.0	mappable	0.089	5.0	NA	0.01160898471	9.142439e-05	0.11057538335	0.08498608	0.08507751	64329995	64330009	76469948	76470026	0.408073081	2	435305.8	23.912974	1.0839075	18.60157	0.6228065	0.2456129	1.1820696	1.9517847	2	1	2:1	3	gain	4198542
18	76469987	76479992	NA	10006	240	2.4861003	235	8	56.0	mappable	0.130125	NA	NA	0.05398519634	0.07692307692	0.01865986462	0.1505052	0.22742827	76469948	76470026	76479981	76479992	NA	missing	365383.3	20.457795	0.9939	NA	NA	NA	NA	NA	NA	NA	NA	NA	NA	4198542
18	76479993	78009968	NA	1529976	27001	3.1338543	26737	1651	3874.0	mappable	0.08691842	5.0	edge	0.00693519634	0.00052246604	0.10225986462	0.09734692	0.09786938	76479993	76480004	78009968	78009968	0.364558864	2	435305.8	23.912974	1.0839075	18.60157	0.6228065	0.2456129	1.1820696	1.9517847	2	1	2:1	3	gain	4198542
19	260137	24569972	NA	24309837	256122	2.3494148	254464	11192	36178.0	mappable	0.089	1.0	edge	0.00684759321	7.783313e-05	0.00433481445	0.08151608	0.08159391	260137	260137	24569972	24569972	0.187261193	1	383147.9	19.868617	0.9749071	NA	NA	0.0	1.1747074	1.1747074	1	1	1:1	2	neutral	4198542
19	27750002	34669999	NA	6920000	106906	2.3494148	106401	4888	14563.0	mappable	0.08112935	1.0	NA	0.00339342376	0.00018542555	0.0048326344	0.0880191	0.08820453	27750002	27750002	34669937	34670061	0.147287592	1	383147.9	19.868617	0.9749071	NA	NA	0.0	1.1747074	1.1747074	1	1	1:1	2	neutral	4198542
19	34669999	34690044	NA	20046	249	1.847756	249	0	34.0	mappable	NA	NA	NA	NA	inf	0.07004013538	0.13994796	inf	34669937	34670061	34689995	34690093	NA	missing	376561.2	NA	0.9052	NA	NA	NA	NA	NA	NA	NA	NA	NA	NA	4198542
19	34690044	43209995	NA	8519952	90347	2.3494148	89977	3413	12769.0	mappable	0.078725	1.0	NA	0.00351019634	0.00026434047	0.00035986462	0.08687186	0.0871362	34689995	34690093	43209995	43209995	0.185443212	1	383147.9	19.868617	0.9749071	NA	NA	0.0	1.1747074	1.1747074	1	1	1:1	2	neutral	4198542
19	43209996	43800005	NA	590010	0	0.0	0	0	NA	mappable	NA	NA	NA	NA	inf	0.97524013538	0.10432761	inf	43209996	43209996	43800005	43800005	NA	missing	NA	NA	0.0	NA	NA	0.0	0.0	0.0	0	0	NA	0	homozygousDel	4198542
19	43800006	59089999	NA	15290000	162328	2.3494148	161547	9231	22617.0	mappable	0.085575	1.0	edge	0.00820007157	9.988014e-05	0.00036655909	0.08380092	0.0839008	43800006	43800006	59089999	59089999	0.169810011	1	383147.9	19.868617	0.9749071	NA	NA	0.0	1.1747074	1.1747074	1	1	1:1	2	neutral	4198542
20	60479	25729738	NA	25669260	400297	2.3494148	399125	16849	52226.0	mappable	0.08215	1.0	edge	0.0050299074	5.549082e-05	0.00172344652	0.08125609	0.08131159	60479	60479	25729738	25729738	0.137330673	1	383147.9	19.868617	0.9749071	NA	NA	0.0	1.1747074	1.1747074	1	1	1:1	2	neutral	4198542
20	29810057	29885949	NA	75893	2000	2.8963103	1936	53	284.0	mappable	0.1222189	NA	NA	0.05587155998	0.00854700855	0.07565986462	0.12336785	0.13191486	29810057	29810057	29885847	29885949	0.066895707	1	441142.1	22.570063	1.0509	NA	NA	0.0	1.4481552	1.4481552	sub	sub	sub:sub	sub	sub	4198542
20	29885950	57799980	NA	27914033	406169	2.3494148	404840	15761	55912.0	mappable	0.08215	1.0	NA	0.00352865851	5.851717e-05	0.00296748976	0.08085876	0.08091728	29885950	29886052	57799917	57799980	0.1482369	1	383147.9	19.868617	0.9749071	NA	NA	0.0	1.1747074	1.1747074	1	1	1:1	2	neutral	4198542
20	57799981	57809960	NA	9980	154	1.7470027	154	0	21.0	mappable	NA	NA	NA	NA	inf	0.08404013538	0.15054772	inf	57799981	57800044	57809838	57810082	NA	missing	365473.0	NA	0.8912	NA	NA	NA	NA	NA	NA	NA	NA	NA	NA	4198542
20	57809960	60810081	NA	3000122	55122	2.3494148	54848	2079	7705.0	mappable	0.08215	1.0	NA	0.00693519634	0.00042517007	0.00774013538	0.09295153	0.0933767	57809838	57810082	60809966	60810081	0.153800895	1	383147.9	19.868617	0.9749071	NA	NA	0.0	1.1747074	1.1747074	1	1	1:1	2	neutral	4198542
20	60810082	60819959	NA	9878	159	2.8336993	157	0	23.0	mappable	NA	NA	NA	0.17520635019	0.5	0.06695986462	0.15071586	0.65071586	60810082	60810197	60819850	60820068	NA	missing	287253.3	NA	1.0422	NA	NA	NA	NA	NA	NA	NA	NA	NA	NA	4198542
20	60819959	60830010	NA	10052	157	1.5604161	156	2	18.0	mappable	0.19230769	6.0	NA	0.0648462043	0.33333333333	0.10714013538	0.15043029	0.48376362	60819850	60820068	60829865	60830155	NA	missing	341655.4	19.19433	0.8652732	NA	NA	NA	NA	NA	NA	NA	NA	NA	NA	4198542
20	60830010	62909989	NA	2079980	32999	2.3494148	32806	1303	4676.0	mappable	0.085575	1.0	edge	0.01036019634	0.0006684492	0.00134013538	0.09529192	0.09596037	60829865	60830155	62909989	62909989	0.171662258	1	383147.9	19.868617	0.9749071	NA	NA	0.0	1.1747074	1.1747074	1	1	1:1	2	neutral	4198542
21	10720001	10819983	NA	99983	3855	2.3494148	3689	0	379.0	mappable	NA	1.0	edge	0.03181019634	0.00602409639	0.02515986462	0.12041378	0.12643787	10720001	10720001	10819958	10820008	NA	missing	383147.9	NA	0.9749071	NA	NA	NA	NA	NA	NA	NA	NA	NA	NA	4198542
21	10819983	11014966	NA	194984	983	2.819306	935	0	142.0	mappable	NA	NA	NA	0.24597448206	0.02083333333	0.06495986462	0.11381098	0.13464432	10819958	10820008	10859932	11170000	NA	missing	890328.4	NA	1.0402	NA	NA	NA	NA	NA	NA	NA	NA	NA	NA	4198542
21	11014966	11179964	NA	164999	291	2.4551547	258	0	44.0	mappable	NA	NA	NA	0.11422182425	0.0303030303	0.01435986462	0.11539284	0.14569587	10859932	11170000	11179964	11179964	NA	missing	1893552.0	NA	0.9896	NA	NA	NA	NA	NA	NA	NA	NA	NA	NA	4198542
21	15410077	48099931	NA	32689859	516003	2.3494148	513532	24971	66444.0	mappable	0.078725	1.0	edge	0.00179095299	3.644315e-05	0.00177491724	0.08012069	0.08015714	15410077	15410077	48099931	48099931	0.15687786	1	383147.9	19.868617	0.9749071	NA	NA	0.0	1.1747074	1.1747074	1	1	1:1	2	neutral	4198542
22	16850007	51179984	NA	34329981	455233	2.3494148	453303	20555	64066.0	mappable	0.08215	1.0	edge	0.00466429399	4.447607e-05	0.00427245026	0.07989465	0.07993912	16850007	16850007	51179984	51179984	0.16616044	1	383147.9	19.868617	0.9749071	NA	NA	0.0	1.1747074	1.1747074	1	1	1:1	2	neutral	4198542
23	2700027	9880087	NA	7180061	71780	2.3494148	71536	3290	9356.0	mappable	0.078725	1.0	edge	8.519634e-05	0.00028296548	0.00524013538	0.08781341	0.08809638	2700027	2700027	9879982	9880087	0.174352383	1	383147.9	19.868617	0.9749071	NA	NA	0.0	1.1747074	1.1747074	1	1	1:1	2	neutral	4198542
23	9880088	9899993	NA	19906	261	1.6699983	261	0	50.0	mappable	NA	NA	NA	NA	inf	0.09474013538	0.14004704	inf	9880088	9880193	9899941	9899993	NA	missing	330028.2	NA	0.8805	NA	NA	NA	NA	NA	NA	NA	NA	NA	NA	4198542
23	9899994	21349974	NA	11449981	103716	2.3494148	103453	3267	13602.0	mappable	0.0753	1.0	NA	0.00333980366	0.00028328612	0.00474013538	0.08529206	0.08557534	9899994	9900046	21349948	21350000	0.142695193	1	383147.9	19.868617	0.9749071	NA	NA	0.0	1.1747074	1.1747074	1	1	1:1	2	neutral	4198542
23	21349974	21360121	NA	10148	149	3.09134	149	0	15.0	mappable	NA	NA	NA	NA	inf	0.10275986462	0.15027529	inf	21349948	21350000	21359992	21360250	NA	missing	406910.0	NA	1.078	NA	NA	NA	NA	NA	NA	NA	NA	NA	NA	4198542
23	21360121	58499983	NA	37139863	315078	2.3494148	314254	11314	40577.0	mappable	0.07937045	1.0	NA	8.519634e-05	8.23859e-05	0.00564013538	0.07953404	0.07961643	21359992	21360250	58499983	58499983	0.163980564	1	383147.9	19.868617	0.9749071	NA	NA	0.0	1.1747074	1.1747074	1	1	1:1	2	neutral	4198542
23	61750000	88459980	NA	26709981	245883	2.3494148	245332	7221	30956.0	mappable	0.078725	1.0	self	8.519634e-05	0.00012866701	0.00354013538	0.08106725	0.08119592	61750000	61750000	88459980	88459980	0.168093373	1	383147.9	19.868617	0.9749071	NA	NA	0.0	1.1747074	1.1747074	1	1	1:1	2	neutral	4198542
23	88990017	89349936	NA	359920	1089	2.3494148	1087	60	126.0	mappable	0.07288311	1.0	NA	0.00575669555	0.01612903226	0.00394013538	0.10835811	0.12448714	88990017	88990017	89349936	89349936	0.008095177	1	383147.9	19.868617	0.9749071	NA	NA	0.0	1.1747074	1.1747074	1	1	1:1	2	neutral	4198542
23	89349937	90140198	NA	790262	0	0.0	0	0	NA	mappable	NA	NA	NA	NA	inf	0.97524013538	0.10208263	inf	89349937	89349937	90140198	90140198	NA	missing	NA	NA	0.0	NA	NA	0.0	0.0	0.0	0	0	NA	0	homozygousDel	4198542
23	90140199	91529952	NA	1389754	5103	2.3494148	5088	432	627.0	mappable	0.07793929	1.0	NA	0.00201019634	0.00223713647	0.00075986462	0.09800848	0.10024561	90140199	90140199	91529952	91529952	0.136291416	1	383147.9	19.868617	0.9749071	NA	NA	0.0	1.1747074	1.1747074	1	1	1:1	2	neutral	4198542
23	91529953	92379999	NA	850047	0	0.0	0	0	NA	mappable	NA	NA	NA	NA	inf	0.97524013538	0.10153736	inf	91529953	91529953	92379999	92379999	NA	missing	NA	NA	0.0	NA	NA	0.0	0.0	0.0	0	0	NA	0	homozygousDel	4198542
23	92380000	154929639	NA	62549641	567477	2.3494148	565696	21923	71929.0	mappable	0.078725	1.0	edge	0.000762131	4.218875e-05	0.00500081396	0.07722455	0.07726674	92380000	92380000	154929639	154929639	0.138465819	1	383147.9	19.868617	0.9749071	NA	NA	0.0	1.1747074	1.1747074	1	1	1:1	2	neutral	4198542
