#chromosome	start	end	crest	length	tcnNbrOfLoci	tcnMean	tcnNbrOfSNPs	tcnNbrOfHets	dhNbrOfLoci	map	dhMax	cluster	neighbour	distDH	errorSNP	distTcn	errorLength	totalError	minStart	maxStart	minStop	maxStop	area	peaks	meanCovT	meanCovB	tcnMeanRaw	AF	BAF	dhMean	c1Mean	c2Mean	A	B	genotype	TCN	GNL	PID
1	840009	4220002	NA	3379994	48993	1.98168461	48640	1756	5870.0	mappable	0.09585	3.0	edge	0.01055615369	0.00047415837	0.00282930595	0.09221439	0.09268855	840009	840009	4219996	4220002	0.21296014	1	327813.4	17.189458	1.0043121	NA	NA	0.0	0.990842305	0.9908423	1	1	1:1	2	neutral	4144366
1	4220003	4230039	NA	10037	197	1.50094642	196	10	19.0	mappable	0.04793409	NA	NA	0.0373597554	0.09090909091	0.17702930595	0.15045467	0.24136376	4220003	4220009	4229998	4230039	NA	missing	234318.6	11.71593	0.8269	NA	NA	NA	NA	NA	NA	NA	NA	NA	NA	4144366
1	4230040	4244994	NA	14955	224	2.30168185	223	17	21.0	mappable	0.12045	8.0	NA	0.03701865369	0.05555555556	0.11737069405	0.14421336	0.19976892	4230040	4230081	4239938	4250050	NA	missing	325639.51	17.638807	1.1224042	NA	NA	NA	NA	NA	NA	NA	NA	NA	NA	4144366
1	4244994	12839977	NA	8594984	122408	1.98168461	121655	4784	13738.0	mappable	0.085575	3.0	self	0.00028115369	0.00018070112	0.00602930595	0.08682416	0.08700486	4239938	4250050	12839977	12839977	0.20319605	1	327813.4	17.189458	1.0043121	NA	NA	0.0	0.990842305	0.9908423	1	1	1:1	2	neutral	4144366
1	13780016	20479977	NA	6699964	94093	1.98168461	93641	4990	10156.0	mappable	0.089	3.0	self	0.00345281961	0.00018375597	0.00734173833	0.08820006	0.08838381	13780016	13780016	20479947	20479977	0.16389603	1	327813.4	17.189458	1.0043121	NA	NA	0.0	0.990842305	0.9908423	1	1	1:1	2	neutral	4144366
1	20479978	21289933	NA	809956	11299	1.0318354	11258	368	1261.0	mappable	0.58905	9.0	NA	0.50718115369	0.00244498778	0.36322930595	0.10189793	0.10434292	20479978	20480008	21289805	21290061	0.96071751	2	205156.34	15.845052	0.6537788	15.86375	0.967582	0.93516391	0.033450086	0.9983853	1	0	1:0	1	LOH	4144366
1	21289933	21290445	NA	513	11	1.8225909	11	0	2.0	mappable	NA	NA	NA	NA	inf	0.05832930595	0.22215274	inf	21289805	21290061	21290425	21290445	NA	missing	324230.0	NA	0.9456	NA	NA	NA	NA	NA	NA	NA	NA	NA	NA	4144366
1	21290446	21368816	INV	78371	1047	2.02175577	1044	7	108.0	mappable	0.23661818	NA	NA	0.12443422386	0.1	0.01517069405	0.12301612	0.22301612	21290446	21290520	21368795	21368816	NA	missing	341922.16	21.222755	1.0191	NA	NA	NA	NA	NA	NA	NA	NA	NA	NA	4144366
1	21368817	21971732	DEL	602916	6515	1.0318354	6490	191	748.0	mappable	0.5274	9.0	NA	0.44553115369	0.00462962963	0.36222930595	0.104158	0.10878763	21368817	21368818	21971571	21971732	0.94952037	2	205156.34	15.845052	0.6537788	15.86375	0.967582	0.93516391	0.033450086	0.9983853	1	0	1:0	1	LOH	4144366
1	21971733	22017513	DEL	45781	662	1.98168461	656	48	87.0	mappable	0.089025	3.0	self	0.00615615369	0.01851851852	0.00612930595	0.12917843	0.14769695	21971733	21971762	22017278	22017513	0.32394247	1	327813.4	17.189458	1.0043121	NA	NA	0.0	0.990842305	0.9908423	1	1	1:1	2	neutral	4144366
1	22017514	22073297	DEL	55784	621	1.0318354	611	33	79.0	mappable	0.55587628	9.0	NA	0.46609846138	0.02325581395	0.33492930595	0.12684268	0.15009849	22017514	22017580	22073287	22073297	NA	missing	205156.34	15.845052	0.6537788	NA	NA	NA	NA	NA	NA	NA	NA	NA	NA	4144366
1	22073298	22080005	DEL	6708	96	1.3903896	96	10	17.0	mappable	0.08109722	NA	NA	0.00419662409	0.1	0.21782930595	0.15733578	0.25733578	22073298	22073487	22079970	22080040	NA	missing	270942.2	15.07116	0.7861	NA	NA	NA	NA	NA	NA	NA	NA	NA	NA	4144366
1	22080005	24130063	NA	2050059	26900	1.98168461	26778	1074	3080.0	mappable	0.0753	3.0	self	0.00999384631	0.0008361204	0.00522930595	0.09538693	0.09622305	22079970	22080040	24129999	24130127	0.20838369	1	327813.4	17.189458	1.0043121	NA	NA	0.0	0.990842305	0.9908423	1	1	1:1	2	neutral	4144366
1	24130063	27930891	NA	3800829	39864	1.0318354	39684	1590	4622.0	mappable	0.571925	9.0	identical	0.48320615369	0.00056497175	0.36072930595	0.09150017	0.09206514	24129999	24130127	27930707	27930891	0.94380445	2	205156.34	15.845052	0.6537788	15.86375	0.967582	0.93516391	0.033450086	0.9983853	1	0	1:0	1	LOH	4144366
1	27930892	68150013	INV	40219126	513508	1.98168461	511228	20009	55570.0	mappable	0.085575	3.0	NA	0.00132718349	4.486518e-05	0.00114191841	0.07917224	0.07921711	27930892	27930898	68149769	68150013	0.1633811	1	327813.4	17.189458	1.0043121	NA	NA	0.0	0.990842305	0.9908423	1	1	1:1	2	neutral	4144366
1	68150014	68169969	NA	19956	314	2.18244252	314	0	27.0	mappable	NA	NA	NA	NA	inf	0.07447069405	0.14001156	inf	68150014	68150258	68169928	68170010	NA	missing	322632.86	NA	1.0784	NA	NA	NA	NA	NA	NA	NA	NA	NA	NA	4144366
1	68169969	120529963	NA	52359999	698009	1.98168461	695394	30436	70176.0	mappable	0.085575	3.0	NA	0.00216533488	3.025719e-05	0.00153876122	0.07799715	0.07802741	68169928	68170010	120529963	120529963	0.16379873	1	327813.4	17.189458	1.0043121	NA	NA	0.0	0.990842305	0.9908423	1	1	1:1	2	neutral	4144366
1	121220004	121229986	NA	9983	177	1.98168461	177	1	15.0	mappable	0.1	3.0	self	0.01470615369	1.0	0.01547069405	0.15054281	1.15054281	121220004	121220004	121229986	121229986	NA	missing	327813.4	17.189458	1.0043121	NA	NA	NA	NA	NA	NA	NA	NA	NA	NA	4144366
1	144010127	144019970	NA	9844	155	1.94615441	96	0	15.0	mappable	NA	NA	NA	0.27605441923	0.01694915254	0.01272930595	0.15077238	0.16772153	144010127	144010127	144019970	144019970	NA	missing	930278.0	NA	0.9912	NA	NA	NA	NA	NA	NA	NA	NA	NA	NA	4144366
1	144920087	145739956	NA	819870	6367	1.98168461	5782	150	684.0	mappable	0.08855109	3.0	self	0.01549384631	0.00136054422	0.00737069405	0.10180689	0.10316744	144920087	144920087	145739956	145739956	0.22044074	1	327813.4	17.189458	1.0043121	NA	NA	0.0	0.990842305	0.9908423	1	1	1:1	2	neutral	4144366
1	146540101	147829895	NA	1289795	11664	1.98168461	11603	904	1176.0	mappable	0.08351731	3.0	self	0.00103796396	0.00103626943	0.00247069405	0.09852843	0.0995647	146540101	146540101	147829895	147829895	0.18123067	1	327813.4	17.189458	1.0043121	NA	NA	0.0	0.990842305	0.9908423	1	1	1:1	2	neutral	4144366
1	149815060	155030038	NA	5214981	57790	1.98168461	57568	1254	6539.0	mappable	0.076725	3.0	NA	0.00534583078	0.00067750678	0.00580066636	0.0896289	0.09030641	149815060	149815060	155029967	155030038	0.19385004	1	327813.4	17.189458	1.0043121	NA	NA	0.0	0.990842305	0.9908423	1	1	1:1	2	neutral	4144366
1	155030039	155050020	NA	19982	243	2.22823689	243	0	35.0	mappable	NA	NA	NA	NA	inf	0.09137069405	0.13999315	inf	155030039	155030110	155049844	155050020	NA	missing	251960.5	NA	1.0953	NA	NA	NA	NA	NA	NA	NA	NA	NA	NA	4144366
1	155050021	228360074	NA	73310059	986320	1.98168461	982806	41940	102688.0	mappable	0.085575	3.0	NA	0.00118838577	2.200026e-05	0.00146490536	0.07654768	0.07656968	155050021	155050197	228359993	228360074	0.16941222	1	327813.4	17.189458	1.0043121	NA	NA	0.0	0.990842305	0.9908423	1	1	1:1	2	neutral	4144366
1	228360075	228370166	NA	10092	170	1.6762657	170	0	23.0	mappable	NA	NA	NA	NA	inf	0.11232930595	0.15036549	inf	228360075	228360156	228369954	228370166	NA	missing	227692.9	NA	0.8916	NA	NA	NA	NA	NA	NA	NA	NA	NA	NA	4144366
1	228370167	249209945	NA	20839782	299268	1.98168461	297753	15104	31822.0	mappable	0.085575	3.0	edge	0.0012329714	6.017209e-05	3.452134e-05	0.08226107	0.08232124	228370167	228370379	249209945	249209945	0.1817379	1	327813.4	17.189458	1.0043121	NA	NA	0.0	0.990842305	0.9908423	1	1	1:1	2	neutral	4144366
2	20016	31460103	NA	31440089	470082	1.98168461	467962	20307	49872.0	mappable	0.085575	3.0	edge	0.00010548798	4.45911e-05	0.00078606796	0.08030161	0.0803462	20016	20016	31459969	31460103	0.18556107	1	327813.4	17.189458	1.0043121	NA	NA	0.0	0.990842305	0.9908423	1	1	1:1	2	neutral	4144366
2	31460104	31479998	NA	19895	326	2.12851897	326	0	44.0	mappable	NA	NA	NA	NA	inf	0.05457069405	0.14005486	inf	31460104	31460238	31479982	31479998	NA	missing	282260.11	NA	1.0585	NA	NA	NA	NA	NA	NA	NA	NA	NA	NA	4144366
2	31479999	87059860	NA	55579869	839725	1.98168461	836720	38681	86376.0	mappable	0.08215	3.0	NA	0.00168161297	2.398944e-05	0.0044725075	0.07773614	0.07776013	31479999	31480015	87059860	87059860	0.1639572	1	327813.4	17.189458	1.0043121	NA	NA	0.0	0.990842305	0.9908423	1	1	1:1	2	neutral	4144366
2	88330099	89160000	NA	829902	10214	1.98168461	10158	359	1194.0	mappable	0.07947756	3.0	self	0.0027454394	0.00240963855	0.00147069405	0.10171604	0.10412568	88330099	88330099	89159998	89160002	0.16601323	1	327813.4	17.189458	1.0043121	NA	NA	0.0	0.990842305	0.9908423	1	1	1:1	2	neutral	4144366
2	89160000	89229990	NA	69991	1668	0.93000715	1665	20	162.0	mappable	0.28719545	NA	NA	0.33728589677	0.04347826087	0.38772930595	0.12426311	0.16774137	89159998	89160002	89229990	89229990	NA	missing	213891.22	15.214286	0.6162	NA	NA	NA	NA	NA	NA	NA	NA	NA	NA	4144366
2	89840102	90239998	NA	399897	914	1.98168461	902	10	96.0	mappable	0.02910543	3.0	self	0.00331590514	0.04545454545	0.01137069405	0.10747332	0.15292787	89840102	89840102	90239998	90239998	NA	missing	327813.4	17.189458	1.0043121	NA	NA	NA	NA	NA	NA	NA	NA	NA	NA	4144366
2	95580145	96239991	NA	659847	4445	1.98168461	4410	118	466.0	mappable	0.0869053	3.0	NA	0.02083115369	0.00653594771	0.00277069405	0.10345663	0.10999258	95580145	95580145	96239991	96239991	0.10685018	1	327813.4	17.189458	1.0043121	NA	NA	0.0	0.990842305	0.9908423	1	1	1:1	2	neutral	4144366
2	96239992	96740020	NA	500029	0	0.0	0	0	NA	mappable	NA	NA	NA	NA	inf	1.00392930595	0.10564318	inf	96239992	96239992	96740020	96740020	NA	missing	NA	NA	0.0	NA	NA	0.0	0.0	0.0	0	0	NA	0	homozygousDel	4144366
2	96740021	132189994	NA	35449976	448143	1.98168461	446576	18822	46903.0	mappable	0.085575	3.0	NA	0.00060671779	4.904605e-05	0.00226584139	0.0797471	0.07979615	96740021	96740021	132189994	132189994	0.16814794	1	327813.4	17.189458	1.0043121	NA	NA	0.0	0.990842305	0.9908423	1	1	1:1	2	neutral	4144366
2	132189995	133009999	NA	820005	0	0.0	0	0	NA	mappable	NA	NA	NA	NA	inf	1.00392930595	0.10180566	inf	132189995	132189995	133009999	133009999	NA	missing	NA	NA	0.0	NA	NA	0.0	0.0	0.0	0	0	NA	0	homozygousDel	4144366
2	133010000	133024996	NA	14997	1227	1.90632144	1226	0	137.0	mappable	NA	NA	NA	0.05756329654	1.0	0.02742930595	0.1441713	1.1441713	133010000	133010000	133019989	133024996	NA	missing	216551.4	NA	0.9765	NA	NA	NA	NA	NA	NA	NA	NA	NA	NA	4144366
2	133024997	133156702	NA	131706	2000	2.18123642	1973	35	250.0	mappable	0.10811731	2.0	NA	0.01055615369	0.01612903226	0.06007069405	0.1175989	0.13372793	133024997	133030004	133156681	133156702	0.23470877	1	320668.2	17.035919	1.0779549	NA	NA	0.0	1.090618211	1.0906182	1	1	1:1	2	neutral	4144366
2	133156703	231439999	NA	98283306	1318649	1.98168461	1313703	56401	134112.0	mappable	0.08215	3.0	self	0.00140277967	1.630125e-05	0.00136002275	0.07532831	0.07534461	133156703	133156724	231439938	231440060	0.1700822	1	327813.4	17.189458	1.0043121	NA	NA	0.0	0.990842305	0.9908423	1	1	1:1	2	neutral	4144366
2	231439999	231459985	NA	19987	442	1.7981256	438	64	39.0	mappable	0.09382273	1.0	NA	0.01079365369	0.01470588235	0.07302930595	0.13998961	0.15469549	231439938	231440060	231459954	231459985	0.02489949	1	289705.83	14.878744	0.9365713	NA	NA	0.0	0.8990628	0.8990628	1	1	1:1	2	neutral	4144366
2	231459986	231499988	NA	40003	373	2.18123642	369	18	39.0	mappable	0.06626827	2.0	NA	0.01760050654	0.04545454545	0.11867069405	0.13082309	0.17627764	231459986	231460017	231499967	231499988	NA	missing	320668.2	17.035919	1.0779549	NA	NA	NA	NA	NA	NA	NA	NA	NA	NA	4144366
2	231499989	242999969	NA	11499982	181104	1.98168461	180098	8561	20090.0	mappable	0.089	3.0	edge	0.00319456577	0.0001045369	0.00264664571	0.0852692	0.08537374	231499989	231500010	242999969	242999969	0.19743338	1	327813.4	17.189458	1.0043121	NA	NA	0.0	0.990842305	0.9908423	1	1	1:1	2	neutral	4144366
3	100074	90499969	NA	90399915	1302205	1.98168461	1297508	57621	132271.0	mappable	0.08215	3.0	edge	0.00118476923	1.604673e-05	0.00020575881	0.07567211	0.07568815	100074	100074	90499969	90499969	0.15596001	1	327813.4	17.189458	1.0043121	NA	NA	0.0	0.990842305	0.9908423	1	1	1:1	2	neutral	4144366
3	93570175	197695019	NA	104124856	1418729	1.98168461	1413249	64979	144296.0	mappable	0.085575	3.0	self	0.00091643607	1.419326e-05	0.00104148685	0.07509272	0.07510692	93570175	93570175	197689981	197695019	0.15715361	1	327813.4	17.189458	1.0043121	NA	NA	0.0	0.990842305	0.9908423	1	1	1:1	2	neutral	4144366
3	197695020	197779892	NA	84873	836	2.30168185	833	0	96.0	mappable	NA	8.0	edge	0.07289299579	0.33333333333	0.11877069405	0.12215219	0.45548552	197695020	197700058	197779892	197779892	NA	missing	325639.51	NA	1.1224042	NA	NA	NA	NA	NA	NA	NA	NA	NA	NA	4144366
4	50084	8939952	NA	8889870	145726	1.98168461	144484	7754	16275.0	mappable	0.085575	3.0	edge	0.00175623253	0.00011116052	0.00565408533	0.08664111	0.08675227	50084	50084	8939952	8939952	0.18446475	1	327813.4	17.189458	1.0043121	NA	NA	0.0	0.990842305	0.9908423	1	1	1:1	2	neutral	4144366
4	9800043	33649977	NA	23849940	376001	1.98168461	374700	16633	37472.0	mappable	0.08215	3.0	NA	0.00255482913	5.576001e-05	0.00118746324	0.08160773	0.08166349	9800043	9800043	33649928	33650026	0.1510589	1	327813.4	17.189458	1.0043121	NA	NA	0.0	0.990842305	0.9908423	1	1	1:1	2	neutral	4144366
4	33649977	33679963	NA	29987	300	2.17756501	300	0	38.0	mappable	NA	NA	NA	NA	inf	0.07267069405	0.13448046	inf	33649928	33650026	33679857	33680069	NA	missing	384957.14	NA	1.0766	NA	NA	NA	NA	NA	NA	NA	NA	NA	NA	4144366
4	33679963	49089961	NA	15409999	222241	1.98168461	221410	11770	22303.0	mappable	0.08215	3.0	NA	0.00112237119	7.936508e-05	0.00574434473	0.08376134	0.08384071	33679857	33680069	49089961	49089961	0.15598044	1	327813.4	17.189458	1.0043121	NA	NA	0.0	0.990842305	0.9908423	1	1	1:1	2	neutral	4144366
4	52680564	81719993	NA	29039435	408837	1.98168461	407317	20288	40432.0	mappable	0.08215	3.0	NA	0.00032538324	4.585473e-05	0.00404155236	0.08067278	0.08071863	52680564	52680564	81719984	81720002	0.1617093	1	327813.4	17.189458	1.0043121	NA	NA	0.0	0.990842305	0.9908423	1	1	1:1	2	neutral	4144366
4	81719993	81739995	NA	20003	251	1.72016326	251	0	25.0	mappable	NA	NA	NA	NA	inf	0.09612930595	0.1399783	inf	81719984	81720002	81739922	81739995	NA	missing	342672.4	NA	0.9078	NA	NA	NA	NA	NA	NA	NA	NA	NA	NA	4144366
4	81739996	163975060	NA	82235068	1098346	1.98168461	1094517	49723	109372.0	mappable	0.08215	3.0	NA	0.00163971239	1.867344e-05	0.00300831252	0.07606515	0.07608382	81739996	81740069	163969936	163975060	0.1434899	1	327813.4	17.189458	1.0043121	NA	NA	0.0	0.990842305	0.9908423	1	1	1:1	2	neutral	4144366
4	163975061	163989984	NA	14924	180	1.66840749	180	0	29.0	mappable	NA	NA	NA	NA	inf	0.11522930595	0.1442445	inf	163975061	163980185	163989961	163989984	NA	missing	329725.0	NA	0.8887	NA	NA	NA	NA	NA	NA	NA	NA	NA	NA	4144366
4	163989985	165819991	NA	1830007	25434	1.98168461	25340	1116	2569.0	mappable	0.07564565	3.0	NA	0.00999384631	0.00082644628	0.00747069405	0.09613805	0.0969645	163989985	163990008	165819974	165819991	0.17223741	1	327813.4	17.189458	1.0043121	NA	NA	0.0	0.990842305	0.9908423	1	1	1:1	2	neutral	4144366
4	165819992	165839941	NA	19950	190	2.37320723	187	15	16.0	mappable	0.07021447	NA	identical	0.00242410947	0.05555555556	0.14487069405	0.14001581	0.19557137	165819992	165820009	165829786	165850096	NA	missing	307018.0	16.746436	1.1488	NA	NA	NA	NA	NA	NA	NA	NA	NA	NA	4144366
4	165839941	183969933	NA	18129994	272106	1.98168461	271045	12185	27094.0	mappable	0.08215	3.0	NA	0.00131505213	7.549449e-05	0.00295060372	0.08294668	0.08302217	165829786	165850096	183969851	183970015	0.17345926	1	327813.4	17.189458	1.0043121	NA	NA	0.0	0.990842305	0.9908423	1	1	1:1	2	neutral	4144366
4	183969933	183980009	NA	10077	133	2.30221241	133	0	15.0	mappable	NA	NA	NA	NA	inf	0.11867069405	0.15038975	inf	183969851	183970015	183979980	183980038	NA	missing	380532.0	NA	1.1226	NA	NA	NA	NA	NA	NA	NA	NA	NA	NA	4144366
4	183980009	190640000	NA	6659992	111208	1.98168461	110290	5941	12190.0	mappable	0.085575	3.0	NA	0.00370615369	0.00014583637	0.00037069405	0.08823365	0.08837949	183979980	183980038	190639994	190640000	0.18591443	1	327813.4	17.189458	1.0043121	NA	NA	0.0	0.990842305	0.9908423	1	1	1:1	2	neutral	4144366
4	190640001	190659987	NA	19987	855	2.18123642	792	0	139.0	mappable	NA	2.0	NA	8.115369e-05	0.01587301587	0.07907069405	0.13998961	0.15586263	190640001	190640007	190659958	190659987	NA	missing	320668.2	NA	1.0779549	NA	NA	NA	NA	NA	NA	NA	NA	NA	NA	4144366
4	190659988	190799944	NA	139957	3001	1.95103192	2896	6	407.0	mappable	0.26611944	NA	edge	0.09275615369	0.00900900901	0.01092930595	0.11699585	0.12600485	190659988	190660017	190799944	190799944	NA	missing	406219.34	23.792847	0.993	NA	NA	NA	NA	NA	NA	NA	NA	NA	NA	4144366
5	50017	46399990	NA	46349981	689148	1.98168461	686337	31455	69896.0	mappable	0.08215	3.0	edge	0.00146907049	2.918345e-05	0.00087164475	0.07853589	0.07856507	50017	50017	46399990	46399990	0.15502846	1	327813.4	17.189458	1.0043121	NA	NA	0.0	0.990842305	0.9908423	1	1	1:1	2	neutral	4144366
5	49470005	68829703	NA	19359700	256467	1.98168461	255584	10837	26055.0	mappable	0.08331346	3.0	self	0.00263721852	8.532423e-05	0.001153362	0.08262225	0.08270758	49470005	49470005	68829703	68829703	0.16982075	1	327813.4	17.189458	1.0043121	NA	NA	0.0	0.990842305	0.9908423	1	1	1:1	2	neutral	4144366
5	70750153	84890023	NA	14139872	191709	1.98168461	191113	7637	19926.0	mappable	0.08215	3.0	NA	0.00102561177	0.00012146241	0.0029539567	0.08419895	0.08432041	70750153	70750153	84889990	84890056	0.159192	1	327813.4	17.189458	1.0043121	NA	NA	0.0	0.990842305	0.9908423	1	1	1:1	2	neutral	4144366
5	84890023	84900008	NA	9986	162	1.7296473	162	0	19.0	mappable	NA	NA	NA	NA	inf	0.09262930595	0.1505379	inf	84889990	84890056	84899961	84900008	NA	missing	362436.7	NA	0.9113	NA	NA	NA	NA	NA	NA	NA	NA	NA	NA	4144366
5	84900009	135809950	NA	50909943	721805	1.98168461	719643	28919	71594.0	mappable	0.08215	3.0	NA	0.00213666088	3.2174e-05	0.00081872572	0.07812059	0.07815277	84900009	84900056	135809896	135810004	0.15954675	1	327813.4	17.189458	1.0043121	NA	NA	0.0	0.990842305	0.9908423	1	1	1:1	2	neutral	4144366
5	135809950	135829990	NA	20041	301	1.67491084	300	0	30.0	mappable	NA	NA	NA	0.28312720632	1.0	0.11282930595	0.13995148	1.13995148	135809896	135810004	135829943	135830037	NA	missing	329692.05	NA	0.8911	NA	NA	NA	NA	NA	NA	NA	NA	NA	NA	4144366
5	135829990	135840024	NA	10035	152	2.54039733	149	0	16.0	mappable	NA	NA	NA	0.06175514017	0.33333333333	0.20657069405	0.15045792	0.48379126	135829943	135830037	135839981	135840024	NA	missing	351216.0	NA	1.2105	NA	NA	NA	NA	NA	NA	NA	NA	NA	NA	4144366
5	135840025	180689979	NA	44849956	615923	1.98168461	613555	26976	64909.0	mappable	0.08215	3.0	edge	1.008999e-05	3.407852e-05	0.00152605782	0.07868253	0.07871661	135840025	135840068	180689979	180689979	0.16092696	1	327813.4	17.189458	1.0043121	NA	NA	0.0	0.990842305	0.9908423	1	1	1:1	2	neutral	4144366
6	202331	32439982	NA	32237655	481382	1.97979241	478351	26146	50924.0	mappable	0.73975	NA	edge	0.65156707559	3.427357e-05	0.00031555201	0.08018525	0.08021952	202331	202331	32429961	32439982	0.97051699	2	324231.26	27.919914	1.0036138	16.33202	0.996036	0.99207202	0.00784788	1.9719445	2	0	2:0	2	cnLOH	4144366
6	32439983	32534986	NA	95004	2706	1.16656623	2178	166	285.0	mappable	0.79966974	NA	NA	0.68870615369	0.00144092219	0.30042930595	0.12095042	0.12239135	32439983	32450004	32519968	32550004	0.9476843	2	349750.69	30.532671	0.7035	25.13311	1.109495	1.0	0.0	1.1665662	1	0	1:0	1	LOH	4144366
6	32534986	58019982	NA	25484997	375601	1.98168461	371059	15466	39821.0	mappable	0.08215	3.0	self	0.00314384631	4.998001e-05	0.00192930595	0.08129042	0.0813404	32519968	32550004	58019982	58019982	0.54968926	2	327813.4	17.189458	1.0043121	16.50098	0.533463	0.06692595	0.924529245	1.0571554	1	1	1:1	2	mixDH	4144366
6	58610011	58769997	NA	159987	572	1.98168461	571	38	42.0	mappable	0.06673333	3.0	self	0.02052717965	0.02564102564	0.00437069405	0.11568989	0.14133092	58610011	58610011	58769997	58769997	0.16535704	1	327813.4	17.189458	1.0043121	NA	NA	0.0	0.990842305	0.9908423	1	1	1:1	2	neutral	4144366
6	61890002	86585014	NA	24695013	348198	1.98168461	346842	17670	33944.0	mappable	0.08215	3.0	NA	0.00314384631	5.255966e-05	0.00327069405	0.0814408	0.08149336	61890002	61890002	86579942	86590086	0.15250884	1	327813.4	17.189458	1.0043121	NA	NA	0.0	0.990842305	0.9908423	1	1	1:1	2	neutral	4144366
6	86585014	86629976	NA	44963	303	2.26563111	303	0	30.0	mappable	NA	NA	NA	NA	inf	0.10517069405	0.12939581	inf	86579942	86590086	86629937	86629976	NA	missing	365980.87	NA	1.1091	NA	NA	NA	NA	NA	NA	NA	NA	NA	NA	4144366
6	86629977	131405009	NA	44775035	607856	1.98168461	605819	26501	61184.0	mappable	0.08059474	3.0	NA	0.00311584094	3.5041e-05	0.00034017004	0.07869	0.07872504	86629977	86630016	131399996	131405009	0.13872567	1	327813.4	17.189458	1.0043121	NA	NA	0.0	0.990842305	0.9908423	1	1	1:1	2	neutral	4144366
6	131405010	131420043	NA	15034	144	2.3350001	144	0	15.0	mappable	NA	NA	NA	NA	inf	0.13077069405	0.14413437	inf	131405010	131410023	131419976	131420110	NA	missing	357600.0	NA	1.1347	NA	NA	NA	NA	NA	NA	NA	NA	NA	NA	4144366
6	131420043	170899935	NA	39479900	581628	1.98168461	578937	27374	61301.0	mappable	0.085575	3.0	edge	0.0005100662	3.326127e-05	0.00310643343	0.07925621	0.07928947	131419976	131420110	170899935	170899935	0.14942496	1	327813.4	17.189458	1.0043121	NA	NA	0.0	0.990842305	0.9908423	1	1	1:1	2	neutral	4144366
7	40386	3599973	NA	3559588	63454	1.98168461	62946	2750	7166.0	mappable	0.099275	3.0	edge	0.01607768058	0.00030703101	0.00067268762	0.09189792	0.09220495	40386	40386	3599840	3599973	0.22281835	1	327813.4	17.189458	1.0043121	NA	NA	0.0	0.990842305	0.9908423	1	1	1:1	2	neutral	4144366
7	3599974	3609984	NA	10011	283	1.64862649	283	0	29.0	mappable	NA	NA	NA	NA	inf	0.12252930595	0.15049703	inf	3599974	3600107	3609960	3610008	NA	missing	325956.2	NA	0.8814	NA	NA	NA	NA	NA	NA	NA	NA	NA	NA	4144366
7	3609984	57999988	NA	54390021	791247	1.98168461	788423	38728	80945.0	mappable	0.08215	3.0	NA	0.00086786421	2.406623e-05	5.196209e-05	0.07783059	0.07785465	3609960	3610008	57999988	57999988	0.15181925	1	327813.4	17.189458	1.0043121	NA	NA	0.0	0.990842305	0.9908423	1	1	1:1	2	neutral	4144366
7	61530139	62640003	NA	1109865	19506	1.98168461	19110	510	1760.0	mappable	0.07267045	3.0	self	0.01520904239	0.00110375276	0.00652930595	0.09959191	0.10069566	61530139	61530139	62629960	62650046	0.10501063	1	327813.4	17.189458	1.0043121	NA	NA	0.0	0.990842305	0.9908423	1	1	1:1	2	neutral	4144366
7	62640003	62744962	NA	104960	150	1.58250918	149	0	18.0	mappable	NA	NA	identical	0.13209745804	1.0	0.14692930595	0.11990781	1.11990781	62629960	62650046	62659925	62744962	NA	missing	314885.0	NA	0.857	NA	NA	NA	NA	NA	NA	NA	NA	NA	NA	4144366
7	62744963	72229988	NA	9485026	94581	1.98168461	94146	3938	10642.0	mappable	0.089	3.0	NA	0.00370615369	0.00022867597	0.00992930595	0.08629162	0.0865203	62744963	62830000	72229988	72229988	0.17950417	1	327813.4	17.189458	1.0043121	NA	NA	0.0	0.990842305	0.9908423	1	1	1:1	2	neutral	4144366
7	72750118	72760025	NA	9908	147	1.8968374	147	0	21.0	mappable	NA	NA	NA	NA	inf	0.03092930595	0.15066619	inf	72750118	72750118	72759985	72760065	NA	missing	258960.0	NA	0.973	NA	NA	NA	NA	NA	NA	NA	NA	NA	NA	4144366
7	72760025	74139961	NA	1379937	10083	1.98168461	10008	297	1306.0	mappable	0.11281447	3.0	NA	0.03110615369	0.00268817204	0.00302930595	0.09805762	0.10074579	72759985	72760065	74139961	74139961	0.23830545	1	327813.4	17.189458	1.0043121	NA	NA	0.0	0.990842305	0.9908423	1	1	1:1	2	neutral	4144366
7	75160045	76059952	NA	899908	8422	1.98168461	8362	302	1070.0	mappable	0.10740441	3.0	self	0.02452282035	0.00276243094	0.00567069405	0.10111521	0.10387764	75160045	75160045	76059952	76059952	0.19133278	1	327813.4	17.189458	1.0043121	NA	NA	0.0	0.990842305	0.9908423	1	1	1:1	2	neutral	4144366
7	76810004	159119808	NA	82309815	1088471	1.98168461	1083882	44066	113944.0	mappable	0.08215	3.0	edge	0.00185705015	2.055372e-05	0.00083597645	0.07606136	0.07608191	76810004	76810004	159119808	159119808	0.15716402	1	327813.4	17.189458	1.0043121	NA	NA	0.0	0.990842305	0.9908423	1	1	1:1	2	neutral	4144366
8	170012	3429975	NA	3259970	79717	1.98168461	78994	3657	8874.0	mappable	0.085575	3.0	edge	0.00151989648	0.0002285192	0.00532094557	0.0924367	0.09266522	170012	170012	3429943	3429975	0.16982977	1	327813.4	17.189458	1.0043121	NA	NA	0.0	0.990842305	0.9908423	1	1	1:1	2	neutral	4144366
8	3429976	3440008	NA	10033	343	2.36182638	343	0	45.0	mappable	NA	NA	NA	NA	inf	0.14067069405	0.15046118	inf	3429976	3430008	3439995	3440008	NA	missing	363597.0	NA	1.1446	NA	NA	NA	NA	NA	NA	NA	NA	NA	NA	4144366
8	3440009	3449979	NA	9971	349	1.79711948	349	0	37.0	mappable	NA	NA	NA	NA	inf	0.06772930595	0.15056247	inf	3440009	3440022	3449922	3449979	NA	missing	343750.0	NA	0.9362	NA	NA	NA	NA	NA	NA	NA	NA	NA	NA	4144366
8	3449980	6919904	NA	3469925	112868	1.98168461	112482	6784	11050.0	mappable	0.08747632	3.0	NA	0.00175615396	0.00013947001	0.00043163433	0.0920536	0.09219307	3449980	3450037	6919904	6919904	0.17844516	1	327813.4	17.189458	1.0043121	NA	NA	0.0	0.990842305	0.9908423	1	1	1:1	2	neutral	4144366
8	8100000	11859985	NA	3759987	79381	1.98168461	79048	4974	8155.0	mappable	0.08738676	3.0	self	0.00287732855	0.00018843037	0.0063658298	0.09156546	0.09175389	8100000	8100000	11859985	11859985	0.16243599	1	327813.4	17.189458	1.0043121	NA	NA	0.0	0.990842305	0.9908423	1	1	1:1	2	neutral	4144366
8	12580042	43789991	NA	31209953	520775	1.98168461	518835	23378	54359.0	mappable	0.085575	3.0	self	0.00032575001	3.949915e-05	0.00069428411	0.08033579	0.08037529	12580042	12580042	43789991	43789991	0.16968646	1	327813.4	17.189458	1.0043121	NA	NA	0.0	0.990842305	0.9908423	1	1	1:1	2	neutral	4144366
8	46880007	74199985	NA	27319982	374243	1.98168461	373134	14703	38009.0	mappable	0.08215	3.0	NA	0.00213518115	6.324311e-05	0.0004238229	0.08096034	0.08102358	46880007	46880007	74199939	74200031	0.14326348	1	327813.4	17.189458	1.0043121	NA	NA	0.0	0.990842305	0.9908423	1	1	1:1	2	neutral	4144366
8	74199985	74219945	NA	19961	290	1.77110611	290	0	31.0	mappable	NA	NA	NA	NA	inf	0.07732930595	0.14000802	inf	74199939	74200031	74219818	74219945	NA	missing	298061.51	NA	0.9266	NA	NA	NA	NA	NA	NA	NA	NA	NA	NA	4144366
8	74219946	146289988	NA	72070047	1013776	1.98168461	1009866	44117	103525.0	mappable	0.085575	3.0	edge	0.00151248612	2.082292e-05	0.00107066702	0.07661985	0.07664067	74219946	74220073	146289988	146289988	0.17002174	1	327813.4	17.189458	1.0043121	NA	NA	0.0	0.990842305	0.9908423	1	1	1:1	2	neutral	4144366
9	200101	4669999	NA	4469900	93137	1.98168461	92876	5014	9394.0	mappable	0.085575	3.0	edge	0.00050497518	0.00018957346	0.00071938147	0.09053128	0.09072086	200101	200101	4669958	4670040	0.15678543	1	327813.4	17.189458	1.0043121	NA	NA	0.0	0.990842305	0.9908423	1	1	1:1	2	neutral	4144366
9	4669999	4680003	NA	10005	219	2.46669278	217	0	19.0	mappable	NA	NA	identical	0.13692837591	0.5	0.17937069405	0.15050683	0.65050683	4669958	4670040	4679993	4680003	NA	missing	340625.7	NA	1.1833	NA	NA	NA	NA	NA	NA	NA	NA	NA	NA	4144366
9	4680004	38769828	NA	34089835	552217	1.98168461	550656	23362	55603.0	mappable	0.085575	3.0	self	0.00018845135	4.012358e-05	0.00227188652	0.07992698	0.07996711	4680004	4680014	38769828	38769828	0.16064441	1	327813.4	17.189458	1.0043121	NA	NA	0.0	0.990842305	0.9908423	1	1	1:1	2	neutral	4144366
9	66840048	66849972	NA	9925	540	1.98168461	507	0	51.0	mappable	NA	3.0	self	0.02751101049	0.0303030303	0.00552930595	0.15063813	0.18094116	66840048	66840048	66849972	66849972	NA	missing	327813.4	NA	1.0043121	NA	NA	NA	NA	NA	NA	NA	NA	NA	NA	4144366
9	68410004	68419976	NA	9973	1130	2.12662216	1048	0	271.0	mappable	NA	NA	NA	0.16456799579	0.01219512195	0.05387069405	0.15055919	0.16275432	68410004	68410004	68419976	68419976	NA	missing	2026612.0	NA	1.0578	NA	NA	NA	NA	NA	NA	NA	NA	NA	NA	4144366
9	71030093	141019791	NA	69989705	961614	1.98168461	957421	42745	102701.0	mappable	0.085575	3.0	edge	0.00059987113	2.130515e-05	0.00127856605	0.07674409	0.07676539	71030093	71030093	141019791	141019791	0.16272856	1	327813.4	17.189458	1.0043121	NA	NA	0.0	0.990842305	0.9908423	1	1	1:1	2	neutral	4144366
10	130013	5720009	NA	5589997	100660	1.98168461	99841	5423	11060.0	mappable	0.089	3.0	edge	0.00370615369	0.00016020506	0.00022930595	0.08922829	0.08938849	130013	130013	5719952	5720009	0.19884651	1	327813.4	17.189458	1.0043121	NA	NA	0.0	0.990842305	0.9908423	1	1	1:1	2	neutral	4144366
10	5720010	5729997	NA	9988	142	2.41060145	119	0	15.0	mappable	NA	NA	identical	0.00716170346	0.04347826087	0.15867069405	0.15053462	0.19401288	5720010	5720067	5729985	5730009	NA	missing	357094.3	NA	1.1626	NA	NA	NA	NA	NA	NA	NA	NA	NA	NA	4144366
10	5729997	30699975	NA	24969984	380582	1.98168461	378854	18946	40678.0	mappable	0.085575	3.0	self	0.00103320815	4.836993e-05	2.674005e-05	0.08138785	0.08143622	5729985	5730009	30699919	30699975	0.17219359	1	327813.4	17.189458	1.0043121	NA	NA	0.0	0.990842305	0.9908423	1	1	1:1	2	neutral	4144366
10	30699976	30709983	NA	10008	161	2.28026363	160	0	27.0	mappable	NA	NA	NA	0.64803948702	1.0	0.11057069405	0.15050193	1.15050193	30699976	30700032	30709935	30709983	NA	missing	331557.1	NA	1.1145	NA	NA	NA	NA	NA	NA	NA	NA	NA	NA	4144366
10	30709984	31090053	NA	380070	4131	2.00576838	4127	42	458.0	mappable	0.109925	NA	NA	0.04973115369	0.02173913043	0.00927069405	0.10789869	0.12963782	30709984	30710032	31089939	31090053	0.31075891	1	307150.12	17.005054	1.0132	NA	NA	0.0	1.002884192	1.0028842	1	1	1:1	2	neutral	4144366
10	31090054	31100002	NA	9949	182	2.18123642	182	28	16.0	mappable	0.0705	2.0	NA	0.01479384631	0.03571428571	0.10347069405	0.1505986	0.18631289	31090054	31090168	31099978	31100026	NA	missing	320668.2	17.035919	1.0779549	NA	NA	NA	NA	NA	NA	NA	NA	NA	NA	4144366
10	31100002	39149984	NA	8049983	99772	1.98168461	98909	3394	11160.0	mappable	0.082675	3.0	self	0.00028115369	0.00023490721	0.00067069405	0.08718185	0.08741676	31099978	31100026	39149984	39149984	0.16291405	1	327813.4	17.189458	1.0043121	NA	NA	0.0	0.990842305	0.9908423	1	1	1:1	2	neutral	4144366
10	42410000	46159967	NA	3749968	43615	1.98168461	43397	2219	4462.0	mappable	0.07951346	3.0	self	0.00274000016	0.00041034058	0.00192930595	0.0915816	0.09199194	42410000	42410000	46159967	46159967	0.14895372	1	327813.4	17.189458	1.0043121	NA	NA	0.0	0.990842305	0.9908423	1	1	1:1	2	neutral	4144366
10	48310177	48659961	NA	349785	5555	1.98168461	5535	180	558.0	mappable	0.06845	3.0	self	0.01341884631	0.005	0.00432930595	0.10860057	0.11360057	48310177	48310177	48659961	48659961	0.19270325	1	327813.4	17.189458	1.0043121	NA	NA	0.0	0.990842305	0.9908423	1	1	1:1	2	neutral	4144366
10	49390096	53475001	NA	4084908	47466	1.98168461	47323	1794	4778.0	mappable	0.08457763	3.0	self	0.00343166923	0.00051626226	0.00457763739	0.09106692	0.09158318	49390096	49390096	53469940	53475001	0.16781077	1	327813.4	17.189458	1.0043121	NA	NA	0.0	0.990842305	0.9908423	1	1	1:1	2	neutral	4144366
10	53475002	53489958	NA	14957	168	2.41141437	166	1	20.0	mappable	0.45454545	NA	identical	0.35316034029	0.33333333333	0.15897069405	0.14421136	0.47754469	53475002	53480063	53489903	53490013	NA	missing	354318.0	25.768582	1.1629	NA	NA	NA	NA	NA	NA	NA	NA	NA	NA	4144366
10	53489958	75819950	NA	22329996	319931	1.98168461	318748	13951	32868.0	mappable	0.08215	3.0	NA	0.0022459017	6.607638e-05	0.00273304437	0.08192531	0.08199139	53489903	53490013	75819876	75820024	0.14406862	1	327813.4	17.189458	1.0043121	NA	NA	0.0	0.990842305	0.9908423	1	1	1:1	2	neutral	4144366
10	75819950	75829933	NA	9984	152	1.64808455	152	0	26.0	mappable	NA	NA	NA	NA	inf	0.12272930595	0.15054117	inf	75819876	75820024	75829794	75830072	NA	missing	305410.0	NA	0.8812	NA	NA	NA	NA	NA	NA	NA	NA	NA	NA	4144366
10	75829933	81920735	NA	6090803	79609	1.98168461	79403	2822	8523.0	mappable	0.08803929	3.0	NA	0.00370615369	0.00033025099	0.00182930595	0.08873823	0.08906848	75829794	75830072	81920710	81920735	0.1697541	1	327813.4	17.189458	1.0043121	NA	NA	0.0	0.990842305	0.9908423	1	1	1:1	2	neutral	4144366
10	81920736	90936538	DEL	9015803	123811	1.0318354	123471	4635	12726.0	mappable	0.565075	9.0	NA	0.47635615369	0.00020104544	0.34482930595	0.086565	0.08676605	81920736	81920780	90936404	90936538	0.95662662	2	205156.34	15.845052	0.6537788	15.86375	0.967582	0.93516391	0.033450086	0.9983853	1	0	1:0	1	LOH	4144366
10	90936539	90936546	DEL	8	0	0.0	0	0	NA	mappable	NA	NA	NA	NA	inf	1.00392930595	0.66666667	inf	90936539	90936539	90936546	90936546	NA	missing	NA	NA	0.0	NA	NA	0.0	0.0	0.0	0	0	NA	0	homozygousDel	4144366
10	90936547	90960006	DEL	23460	376	1.7981256	368	0	40.0	mappable	NA	1.0	NA	0.03949815666	0.125	0.05292930595	0.13776082	0.26276082	90936547	90936612	90959998	90960006	NA	missing	289705.83	NA	0.9365713	NA	NA	NA	NA	NA	NA	NA	NA	NA	NA	4144366
10	90960007	125890052	NA	34930047	482717	1.98168461	480849	19853	51336.0	mappable	0.085575	3.0	self	0.00045576981	4.604052e-05	0.00109562597	0.07981494	0.07986098	90960007	90960015	125859979	125890052	0.16657568	1	327813.4	17.189458	1.0043121	NA	NA	0.0	0.990842305	0.9908423	1	1	1:1	2	neutral	4144366
10	125939956	135439925	NA	9499972	156618	1.98168461	155686	7329	17419.0	mappable	0.089	3.0	edge	0.00515251144	0.00012105072	0.0061957153	0.08628317	0.08640422	125939956	125940005	135439925	135439925	0.16202005	1	327813.4	17.189458	1.0043121	NA	NA	0.0	0.990842305	0.9908423	1	1	1:1	2	neutral	4144366
11	190010	48875033	NA	48685031	694244	1.98168461	690929	34787	70754.0	mappable	0.085575	3.0	edge	0.00044159239	2.624672e-05	0.00094463903	0.07831781	0.07834406	190010	190010	48859996	48890070	0.16143003	1	327813.4	17.189458	1.0043121	NA	NA	0.0	0.990842305	0.9908423	1	1	1:1	2	neutral	4144366
11	48875033	48899996	NA	24964	573	2.29299934	573	0	44.0	mappable	NA	NA	NA	NA	inf	0.11527069405	0.13691539	inf	48859996	48890070	48899996	48899996	NA	missing	392880.0	NA	1.1192	NA	NA	NA	NA	NA	NA	NA	NA	NA	NA	4144366
11	48899997	50170092	NA	1270096	0	0.0	0	0	NA	mappable	NA	NA	NA	NA	inf	1.00392930595	0.09863632	inf	48899997	48899997	50170092	50170092	NA	missing	NA	NA	0.0	NA	NA	0.0	0.0	0.0	0	0	NA	0	homozygousDel	4144366
11	50170093	51579984	NA	1409892	18415	1.98168461	18270	774	1666.0	mappable	0.08875833	3.0	NA	0.00045615369	0.00108813928	0.00797069405	0.09790889	0.09899703	50170093	50170093	51579984	51579984	0.13585408	1	327813.4	17.189458	1.0043121	NA	NA	0.0	0.990842305	0.9908423	1	1	1:1	2	neutral	4144366
11	54793872	66205027	NA	11411156	144803	1.98168461	144147	4766	15625.0	mappable	0.085575	3.0	NA	0.00370615369	0.00018443379	0.00547069405	0.08530989	0.08549432	54793872	54793872	66199883	66210171	0.1913657	1	327813.4	17.189458	1.0043121	NA	NA	0.0	0.990842305	0.9908423	1	1	1:1	2	neutral	4144366
11	66205027	66220024	NA	14998	115	1.60337407	115	0	20.0	mappable	NA	NA	NA	NA	inf	0.13922930595	0.1441703	inf	66199883	66210171	66219991	66220024	NA	missing	262302.5	NA	0.8647	NA	NA	NA	NA	NA	NA	NA	NA	NA	NA	4144366
11	66220025	89349940	NA	23129918	310567	1.98168461	309302	12480	32922.0	mappable	0.085575	3.0	NA	0.00072132561	7.275373e-05	0.00072836824	0.08175526	0.08182802	66220025	66220058	89349940	89349940	0.16084529	1	327813.4	17.189458	1.0043121	NA	NA	0.0	0.990842305	0.9908423	1	1	1:1	2	neutral	4144366
11	89850037	134939862	NA	45089831	664324	1.98168461	661720	29663	68620.0	mappable	0.085575	3.0	edge	0.00052246658	3.099142e-05	7.451086e-05	0.07865872	0.07868971	89850037	89850037	134939862	134939862	0.16522293	1	327813.4	17.189458	1.0043121	NA	NA	0.0	0.990842305	0.9908423	1	1	1:1	2	neutral	4144366
12	160107	30299991	NA	30139888	417592	1.98168461	415663	19933	43816.0	mappable	0.08215	3.0	edge	0.00178206011	4.574147e-05	0.00513078524	0.08049854	0.08054428	160107	160107	30299972	30299991	0.16286987	1	327813.4	17.189458	1.0043121	NA	NA	0.0	0.990842305	0.9908423	1	1	1:1	2	neutral	4144366
12	30299992	30310026	NA	10035	251	2.21902382	251	0	25.0	mappable	NA	NA	NA	NA	inf	0.08797069405	0.15045792	inf	30299992	30300011	30309997	30310055	NA	missing	347515.0	NA	1.0919	NA	NA	NA	NA	NA	NA	NA	NA	NA	NA	4144366
12	30310026	34819969	NA	4509944	60443	1.98168461	60271	2307	6357.0	mappable	0.08815915	3.0	NA	0.00370615369	0.00040338846	0.00397069405	0.09047859	0.09088197	30309997	30310055	34819969	34819969	0.17278893	1	327813.4	17.189458	1.0043121	NA	NA	0.0	0.990842305	0.9908423	1	1	1:1	2	neutral	4144366
12	38000003	38800028	NA	800026	17478	1.98168461	17458	22	1544.0	mappable	0.08550711	3.0	NA	0.03595187506	0.02380952381	0.00717069405	0.10199041	0.12579993	38000003	38000003	38799990	38800066	NA	missing	327813.4	17.189458	1.0043121	NA	NA	NA	NA	NA	NA	NA	NA	NA	NA	4144366
12	38800028	38810012	NA	9985	200	2.25804388	200	0	19.0	mappable	NA	NA	NA	NA	inf	0.10237069405	0.15053953	inf	38799990	38800066	38809993	38810031	NA	missing	388708.3	NA	1.1063	NA	NA	NA	NA	NA	NA	NA	NA	NA	NA	4144366
12	38810012	113470057	NA	74660046	988965	1.98168461	985083	42317	102676.0	mappable	0.085575	3.0	NA	0.00028115369	2.164549e-05	0.00396638045	0.07647063	0.07649227	38809993	38810031	113469999	113470057	0.19911113	1	327813.4	17.189458	1.0043121	NA	NA	0.0	0.990842305	0.9908423	1	1	1:1	2	neutral	4144366
12	113470058	113479966	NA	9909	175	2.32036758	175	0	24.0	mappable	NA	NA	NA	NA	inf	0.12537069405	0.15066454	inf	113470058	113470116	113479900	113479966	NA	missing	319550.0	NA	1.1293	NA	NA	NA	NA	NA	NA	NA	NA	NA	NA	4144366
12	113479967	133819926	NA	20339963	296063	1.98168461	294296	14450	33130.0	mappable	0.089	3.0	edge	0.00642450006	6.167129e-05	0.00126565092	0.08237974	0.08244141	113479967	113480033	133819926	133819926	0.21308906	1	327813.4	17.189458	1.0043121	NA	NA	0.0	0.990842305	0.9908423	1	1	1:1	2	neutral	4144366
13	19450038	32685668	NA	13235631	184137	1.98168461	183352	9238	19459.0	mappable	0.085575	3.0	edge	0.00028115369	9.977053e-05	0.00042930595	0.08453827	0.08463804	19450038	19450038	32685516	32685668	0.17140632	1	327813.4	17.189458	1.0043121	NA	NA	0.0	0.990842305	0.9908423	1	1	1:1	2	neutral	4144366
13	32685669	32685673	INV	5	0	0.0	0	0	NA	mappable	NA	NA	NA	NA	inf	1.00392930595	0.86135312	inf	32685669	32685669	32685673	32685673	NA	missing	NA	NA	0.0	NA	NA	0.0	0.0	0.0	0	0	NA	0	homozygousDel	4144366
13	32685674	32685839	INV	166	3	1.94615441	3	0	0.0	mappable	NA	NA	NA	NA	inf	0.01272930595	0.27118499	inf	32685674	32685687	32685816	32685839	NA	missing	350625.6	NA	0.9912	NA	NA	NA	NA	NA	NA	NA	NA	NA	NA	4144366
13	32685840	43014939	INV	10329100	146362	1.98168461	145779	6175	14960.0	mappable	0.08542155	3.0	NA	3.017078e-05	0.00014797277	0.00283572118	0.08583613	0.0859841	32685840	32685845	43014884	43014939	0.16588802	1	327813.4	17.189458	1.0043121	NA	NA	0.0	0.990842305	0.9908423	1	1	1:1	2	neutral	4144366
13	43014940	45336483	CTX	2321545	32696	1.98168461	32565	1443	3380.0	mappable	0.07951346	3.0	NA	0.00257768467	0.00063532402	0.00191084803	0.09457761	0.09521294	43014940	43015000	45336467	45336483	0.13394661	1	327813.4	17.189458	1.0043121	NA	NA	0.0	0.990842305	0.9908423	1	1	1:1	2	neutral	4144366
13	45336484	55579995	INV	10243513	129300	1.2988136	128812	5862	13344.0	mappable	0.352725	NA	NA	0.26770185066	0.00015748031	0.25162465011	0.08588038	0.08603786	45336484	45336533	55579977	55580013	0.8191931	2	251885.15	16.792343	0.7523047	16.92624	0.76159	0.52317993	0.309650195	0.9891634	1	sub	1:sub	sub	sub	4144366
13	55579995	55589994	NA	10000	143	1.5456569	143	0	15.0	mappable	NA	NA	NA	NA	inf	0.16052930595	0.150515	inf	55579977	55580013	55589972	55589994	NA	missing	291843.3	NA	0.8434	NA	NA	NA	NA	NA	NA	NA	NA	NA	NA	4144366
13	55589995	70859999	NA	15270005	215588	1.3044837	214802	10184	20704.0	mappable	0.3219	NA	NA	0.2411951653	9.11577e-05	0.24953212707	0.08380755	0.08389871	55589995	55590017	70859852	70859999	0.83126973	2	273834.74	18.255649	0.7543972	18.35018	0.7611774	0.52235474	0.311540229	0.9929435	1	sub	1:sub	sub	sub	4144366
13	70860000	70869988	NA	9989	172	1.5209984	172	1	25.0	mappable	0.11111111	NA	NA	0.0258172648	1.0	0.16962930595	0.15053299	1.15053299	70860000	70860147	70869904	70870072	NA	missing	286048.3	15.891572	0.8343	NA	NA	NA	NA	NA	NA	NA	NA	NA	NA	4144366
13	70869988	75807009	NA	4937022	73146	1.29771697	72927	2971	7374.0	mappable	0.35615	NA	NA	0.26400615369	0.00031347962	0.25202930595	0.08994743	0.09026091	70869904	70870072	75806864	75807009	0.86431841	2	265710.52	17.714035	0.7519	17.86489	0.7616702	0.52334036	0.309284653	0.9884323	1	sub	1:sub	sub	sub	4144366
13	75807010	75814998	INV	7989	51	1.48902363	51	3	9.0	mappable	0.0261879	NA	NA	0.05910594309	0.33333333333	0.18142930595	0.15427576	0.4876091	75807010	75807016	75809983	75814998	NA	missing	260545.7	13.027285	0.8225	NA	NA	NA	NA	NA	NA	NA	NA	NA	NA	4144366
13	75814999	112809946	NA	36994953	550778	1.98168461	548524	27129	55059.0	mappable	0.085575	3.0	self	0.00101357559	3.403444e-05	0.0006013643	0.07955188	0.07958592	75814999	75820014	112809851	112809946	0.16565994	1	327813.4	17.189458	1.0043121	NA	NA	0.0	0.990842305	0.9908423	1	1	1:1	2	neutral	4144366
13	112809947	112829982	NA	20036	375	1.78682252	360	32	64.0	mappable	0.22003417	NA	identical	0.14777766436	0.02127659574	0.07152930595	0.13995501	0.1612316	112809947	112810042	112829965	112829982	NA	missing	278542.08	16.300126	0.9324	NA	NA	NA	NA	NA	NA	NA	NA	NA	NA	4144366
13	112829983	115099984	NA	2270002	35066	1.98168461	34680	827	4476.0	mappable	0.089	3.0	edge	0.01398115369	0.00082440231	0.00217069405	0.0947227	0.09554711	112829983	112830000	115099984	115099984	0.19406681	1	327813.4	17.189458	1.0043121	NA	NA	0.0	0.990842305	0.9908423	1	1	1:1	2	neutral	4144366
14	20330060	64729956	NA	44399899	610864	1.98168461	608555	26248	62251.0	mappable	0.085575	3.0	edge	0.00044654154	3.502014e-05	0.00215659517	0.07872759	0.07876262	20330060	20330060	64729891	64730021	0.17442343	1	327813.4	17.189458	1.0043121	NA	NA	0.0	0.990842305	0.9908423	1	1	1:1	2	neutral	4144366
14	64729956	64750005	NA	20050	299	1.7981256	299	23	38.0	mappable	0.060775	1.0	NA	0.02451884631	0.04347826087	0.06462930595	0.13994514	0.1834234	64729891	64730021	64749778	64750005	NA	missing	289705.83	14.878744	0.9365713	NA	NA	NA	NA	NA	NA	NA	NA	NA	NA	4144366
14	64750006	64780054	NA	30049	266	2.18123642	257	0	31.0	mappable	NA	2.0	NA	0.00684000016	0.11111111111	0.07297069405	0.13445352	0.24556463	64750006	64750233	64769991	64790117	NA	missing	320668.2	NA	1.0779549	NA	NA	NA	NA	NA	NA	NA	NA	NA	NA	4144366
14	64780054	64989966	NA	209913	2124	1.88735336	2114	28	247.0	mappable	0.05345	NA	NA	0.03717241774	0.02631578947	0.03442930595	0.11312581	0.1394416	64769991	64790117	64989904	64990028	NA	missing	314701.95	16.262436	0.9695	NA	NA	NA	NA	NA	NA	NA	NA	NA	NA	4144366
14	64989966	65009885	NA	19920	285	2.18123642	284	1	28.0	mappable	0.03448276	2.0	NA	0.00770510876	0.5	0.08057069405	0.1400371	0.6400371	64989904	64990028	65009741	65009885	NA	missing	320668.2	17.035919	1.0779549	NA	NA	NA	NA	NA	NA	NA	NA	NA	NA	4144366
14	65009886	106212007	NA	41202130	593753	1.98168461	591430	22437	63874.0	mappable	0.085575	3.0	NA	0.00052615786	4.038772e-05	0.00036381525	0.07906321	0.0791036	65009886	65010030	106009942	106212007	0.17242589	1	327813.4	17.189458	1.0043121	NA	NA	0.0	0.990842305	0.9908423	1	1	1:1	2	neutral	4144366
14	106212008	106212262	ITX	255	0	0.0	0	0	NA	mappable	NA	NA	NA	NA	inf	1.00392930595	0.25017658	inf	106212008	106212008	106212262	106212262	NA	missing	NA	NA	0.0	NA	NA	0.0	0.0	0.0	0	0	NA	0	homozygousDel	4144366
14	106212263	106323739	DEL	111477	915	1.09611336	899	78	96.0	mappable	0.69363077	NA	NA	0.61335615369	0.01063829787	0.32642930595	0.11928629	0.12992458	106212263	106250082	106323734	106323739	0.89983715	2	186765.16	14.842916	0.6775	13.93601	0.9936437	0.98728749	0.006967176	1.0891462	1	0	1:0	1	LOH	4144366
14	106323740	106323909	DEL	170	7	1.64401996	6	0	1.0	mappable	NA	NA	NA	0.08137282035	1.0	0.12422930595	0.26992772	1.26992772	106323740	106323763	106323872	106323909	NA	missing	190040.0	NA	0.8797	NA	NA	NA	NA	NA	NA	NA	NA	NA	NA	4144366
14	106323910	106325263	DEL	1354	83	1.64401996	83	1	14.0	mappable	0.23076923	NA	NA	0.14547538446	1.0	0.12422930595	0.19225201	1.19225201	106323910	106323954	106325233	106325263	NA	missing	190040.0	11.694769	0.8797	NA	NA	NA	NA	NA	NA	NA	NA	NA	NA	4144366
14	106325264	106326697	DEL	1434	150	1.64401996	145	0	25.0	mappable	NA	NA	NA	0.50008115369	0.2	0.12422930595	0.1907336	0.3907336	106325264	106325268	106326696	106326697	NA	missing	190040.0	NA	0.8797	NA	NA	NA	NA	NA	NA	NA	NA	NA	NA	4144366
14	106326698	106329777	DEL	3080	752	1.64401996	750	0	76.0	mappable	NA	NA	NA	0.2004204394	0.5	0.12422930595	0.17258169	0.67258169	106326698	106326704	106329777	106329777	NA	missing	190040.0	NA	0.8797	NA	NA	NA	NA	NA	NA	NA	NA	NA	NA	4144366
14	106329778	106330067	CTX	290	47	1.33429827	47	1	6.0	mappable	0.5	NA	NA	0.41470615369	1.0	0.23852930595	0.24450149	1.24450149	106329778	106329778	106330067	106330067	NA	missing	169613.19	12.720989	0.7654	NA	NA	NA	NA	NA	NA	NA	NA	NA	NA	4144366
14	106330068	106370542	CTX	40475	407	0.02089407	406	17	41.0	mappable	0.152075	NA	NA	0.08133115369	0.05555555556	0.72322930595	0.13067844	0.186234	106330068	106330081	106349982	106370542	NA	missing	80310.84	4.818651	0.2807	NA	NA	NA	NA	NA	NA	NA	NA	NA	NA	4144366
14	106370543	107214991	CTX	844449	8102	1.0318354	8034	71	786.0	mappable	0.60812143	9.0	NA	0.51745615369	0.0071942446	0.35262930595	0.10158652	0.10878077	106370543	106400108	107209976	107220006	0.99592315	2	205156.34	15.845052	0.6537788	15.86375	0.967582	0.93516391	0.033450086	0.9983853	1	0	1:0	1	LOH	4144366
14	107214991	107259908	NA	44918	852	1.99113586	848	5	89.0	mappable	0.05986262	NA	edge	0.11999880696	0.11111111111	0.00387069405	0.12940791	0.24051902	107209976	107220006	107259908	107259908	NA	missing	323709.12	16.784917	1.0078	NA	NA	NA	NA	NA	NA	NA	NA	NA	NA	4144366
15	20850000	20859924	NA	9925	165	1.93179286	136	0	13.0	mappable	NA	NA	edge	0.28776718655	0.03448275862	0.01802930595	0.15063813	0.18512088	20850000	20850000	20859924	20859924	NA	missing	1594440.0	NA	0.9859	NA	NA	NA	NA	NA	NA	NA	NA	NA	NA	4144366
15	22480079	23069956	NA	589878	4020	1.98168461	3983	236	434.0	mappable	0.08995	3.0	self	0.00713115369	0.00366300366	0.00332930595	0.10432937	0.10799237	22480079	22480079	23069956	23069956	0.16903278	1	327813.4	17.189458	1.0043121	NA	NA	0.0	0.990842305	0.9908423	1	1	1:1	2	neutral	4144366
15	23710146	24329926	NA	619781	10359	1.98168461	10292	567	1064.0	mappable	0.08070526	3.0	NA	0.00374901873	0.00157728707	0.00817069405	0.10394255	0.10551983	23710146	23710146	24329926	24329926	0.14144178	1	327813.4	17.189458	1.0043121	NA	NA	0.0	0.990842305	0.9908423	1	1	1:1	2	neutral	4144366
15	24329927	24830091	NA	500165	0	0.0	0	0	NA	mappable	NA	NA	NA	NA	inf	1.00392930595	0.10564099	inf	24329927	24329927	24830091	24830091	NA	missing	NA	NA	0.0	NA	NA	0.0	0.0	0.0	0	0	NA	0	homozygousDel	4144366
15	24830092	24840025	NA	9934	210	2.32497411	193	0	26.0	mappable	NA	NA	NA	0.24497435926	0.05882352941	0.12707069405	0.15062329	0.20944682	24830092	24830092	24839987	24840063	NA	missing	341451.1	NA	1.131	NA	NA	NA	NA	NA	NA	NA	NA	NA	NA	4144366
15	24840025	28529988	NA	3689964	57120	1.98168461	56914	2441	5942.0	mappable	0.08464435	3.0	NA	0.00028115369	0.00037778617	0.00432930595	0.0916793	0.09205709	24839987	24840063	28529988	28529988	0.17618509	1	327813.4	17.189458	1.0043121	NA	NA	0.0	0.990842305	0.9908423	1	1	1:1	2	neutral	4144366
15	29100034	29110050	NA	10017	141	2.36697486	141	0	16.0	mappable	NA	NA	NA	NA	inf	0.14257069405	0.15048725	inf	29100034	29100034	29109930	29110050	NA	missing	306553.3	NA	1.1465	NA	NA	NA	NA	NA	NA	NA	NA	NA	NA	4144366
15	29110051	30369914	NA	1259864	18147	1.98168461	18088	748	1993.0	mappable	0.08852692	3.0	NA	0.00370615369	0.00123915737	0.00522930595	0.09869312	0.09993228	29110051	29110171	30369914	30369914	0.19109553	1	327813.4	17.189458	1.0043121	NA	NA	0.0	0.990842305	0.9908423	1	1	1:1	2	neutral	4144366
15	31160110	82479795	NA	51319689	690135	1.98168461	687578	26886	73885.0	mappable	0.085575	3.0	self	0.00051594999	3.396508e-05	0.00107877218	0.07808532	0.07811928	31160110	31160110	82479795	82479795	0.16838646	1	327813.4	17.189458	1.0043121	NA	NA	0.0	0.990842305	0.9908423	1	1	1:1	2	neutral	4144366
15	83211507	102399920	NA	19188417	295996	1.98168461	294718	14733	31150.0	mappable	0.089	3.0	edge	0.00199381085	6.246096e-05	0.00091419325	0.08266604	0.0827285	83211507	83211507	102399920	102399920	0.16272641	1	327813.4	17.189458	1.0043121	NA	NA	0.0	0.990842305	0.9908423	1	1	1:1	2	neutral	4144366
16	100010	690007	NA	589998	7392	1.98168461	7295	240	923.0	mappable	0.08759722	3.0	edge	0.00517282035	0.00296735905	0.02222930595	0.10432777	0.10729513	100010	100010	689993	690007	0.23707601	1	327813.4	17.189458	1.0043121	NA	NA	0.0	0.990842305	0.9908423	1	1	1:1	2	neutral	4144366
16	690008	710060	NA	20053	307	2.10196366	307	0	35.0	mappable	NA	NA	NA	NA	inf	0.04477069405	0.13994302	inf	690008	690022	709989	710060	NA	missing	194969.75	NA	1.0487	NA	NA	NA	NA	NA	NA	NA	NA	NA	NA	4144366
16	710061	16289940	NA	15579884	290385	1.98168461	289163	12846	32251.0	mappable	0.085575	3.0	NA	0.00152127787	7.109342e-05	0.00105840967	0.08370589	0.08377698	710061	710132	16289940	16289940	0.16958837	1	327813.4	17.189458	1.0043121	NA	NA	0.0	0.990842305	0.9908423	1	1	1:1	2	neutral	4144366
16	16870104	18169896	NA	1299793	20451	1.98168461	20363	1020	2217.0	mappable	0.085575	3.0	self	0.00028115369	0.00090252708	0.01052930595	0.09847438	0.09937691	16870104	16870104	18169896	18169896	0.18958446	1	327813.4	17.189458	1.0043121	NA	NA	0.0	0.990842305	0.9908423	1	1	1:1	2	neutral	4144366
16	18800044	29039945	NA	10239902	125106	1.98168461	124328	6209	13968.0	mappable	0.089	3.0	self	0.00370615369	0.00014312294	0.00127069405	0.08588225	0.08602538	18800044	18800044	29039945	29039945	0.16640277	1	327813.4	17.189458	1.0043121	NA	NA	0.0	0.990842305	0.9908423	1	1	1:1	2	neutral	4144366
16	29670028	31959970	NA	2289943	17541	1.98168461	17481	387	2124.0	mappable	0.0753	3.0	self	0.00999384631	0.00223713647	0.00137069405	0.09466613	0.09690327	29670028	29670028	31959970	31959970	0.23621471	1	327813.4	17.189458	1.0043121	NA	NA	0.0	0.990842305	0.9908423	1	1	1:1	2	neutral	4144366
16	32520030	32649899	NA	129870	3149	2.0204009	2811	0	375.0	mappable	NA	NA	NA	0.16144076907	0.00295857988	0.01467069405	0.11773911	0.12069769	32520030	32520030	32649899	32649899	NA	missing	555685.51	NA	1.0186	NA	NA	NA	NA	NA	NA	NA	NA	NA	NA	4144366
16	33590105	35279959	NA	1689855	15433	1.98168461	15363	61	1587.0	mappable	0.09191111	3.0	self	0.03699048205	0.00763358779	0.00482930595	0.09667221	0.1043058	33590105	33590105	35279959	35279959	0.27612452	1	327813.4	17.189458	1.0043121	NA	NA	0.0	0.990842305	0.9908423	1	1	1:1	2	neutral	4144366
16	46450014	63040000	NA	16589991	232122	1.98168461	231203	8722	24692.0	mappable	0.089	3.0	NA	0.00472749675	0.00010372368	0.00235687895	0.08338959	0.08349331	46450014	46450014	63039868	63040132	0.17023475	1	327813.4	17.189458	1.0043121	NA	NA	0.0	0.990842305	0.9908423	1	1	1:1	2	neutral	4144366
16	63040000	63054726	NA	14727	229	1.74997025	229	0	26.0	mappable	NA	NA	NA	NA	inf	0.08512930595	0.14444421	inf	63039868	63040132	63054718	63054726	NA	missing	337027.0	NA	0.9188	NA	NA	NA	NA	NA	NA	NA	NA	NA	NA	4144366
16	63054727	77802281	NA	14747555	198186	1.98168461	197331	7117	21390.0	mappable	0.085575	3.0	NA	0.00028115369	0.00012543904	0.00097069405	0.08398431	0.08410975	63054727	63054735	77802259	77802281	0.17660098	1	327813.4	17.189458	1.0043121	NA	NA	0.0	0.990842305	0.9908423	1	1	1:1	2	neutral	4144366
16	77802282	90109969	CTX	12307692	272301	1.98168461	271169	13552	29489.0	mappable	0.085575	3.0	edge	0.00231831897	6.810133e-05	0.00473614581	0.08491467	0.08498277	77802282	77802406	90109969	90109969	0.18557562	1	327813.4	17.189458	1.0043121	NA	NA	0.0	0.990842305	0.9908423	1	1	1:1	2	neutral	4144366
17	20080	18199996	NA	18179917	232173	1.98168461	230958	10612	26093.0	mappable	0.089	3.0	edge	0.00370615369	8.45666e-05	7.069405e-05	0.08293304	0.0830176	20080	20080	18189957	18199996	0.19514986	1	327813.4	17.189458	1.0043121	NA	NA	0.0	0.990842305	0.9908423	1	1	1:1	2	neutral	4144366
17	18199997	18239982	NA	39986	457	1.7981256	457	2	36.0	mappable	0.075	1.0	NA	0.01029384631	0.5	0.07552930595	0.13082834	0.63082834	18199997	18210036	18239982	18239982	NA	missing	289705.83	14.878744	0.9365713	NA	NA	NA	NA	NA	NA	NA	NA	NA	NA	4144366
17	18750212	22239986	NA	3489775	25825	1.98168461	25163	912	2968.0	mappable	0.08215	3.0	self	0.00548108982	0.00063532402	0.00584084313	0.09201874	0.09265407	18750212	18750212	22239986	22239986	0.15085941	1	327813.4	17.189458	1.0043121	NA	NA	0.0	0.990842305	0.9908423	1	1	1:1	2	neutral	4144366
17	25390040	44279982	NA	18889945	210841	1.98168461	209732	10084	23619.0	mappable	0.085575	3.0	self	0.00081895186	8.934155e-05	8.733546e-05	0.08274339	0.08283273	25390040	25390040	44279982	44279982	0.17570183	1	327813.4	17.189458	1.0043121	NA	NA	0.0	0.990842305	0.9908423	1	1	1:1	2	neutral	4144366
17	44790026	65499993	NA	20709969	248995	1.98168461	248110	7905	27470.0	mappable	0.085575	3.0	NA	0.00010389132	0.00011377859	0.000722971	0.08229158	0.08240536	44790026	44790026	65499964	65499993	0.16829785	1	327813.4	17.189458	1.0043121	NA	NA	0.0	0.990842305	0.9908423	1	1	1:1	2	neutral	4144366
17	65499994	65510016	NA	10023	173	2.33608399	173	0	16.0	mappable	NA	NA	NA	NA	inf	0.13117069405	0.15047746	inf	65499994	65500023	65509986	65510046	NA	missing	325381.7	NA	1.1351	NA	NA	NA	NA	NA	NA	NA	NA	NA	NA	4144366
17	65510016	81149937	NA	15639924	227065	1.98168461	225735	10595	25860.0	mappable	0.089	3.0	edge	0.00630850181	8.386448e-05	0.00236057717	0.08368645	0.08377032	65509986	65510046	81149937	81149937	0.19343743	1	327813.4	17.189458	1.0043121	NA	NA	0.0	0.990842305	0.9908423	1	1	1:1	2	neutral	4144366
18	130031	14119956	NA	13989928	212642	1.98168461	211868	11647	22000.0	mappable	0.085575	3.0	edge	0.00189029185	8.050882e-05	0.00083904179	0.0842535	0.08433401	130031	130031	14119956	14119956	0.16965487	1	327813.4	17.189458	1.0043121	NA	NA	0.0	0.990842305	0.9908423	1	1	1:1	2	neutral	4144366
18	14119957	14910026	NA	790070	0	0.0	0	0	NA	mappable	NA	NA	NA	NA	inf	1.00392930595	0.10208446	inf	14119957	14119957	14910026	14910026	NA	missing	NA	NA	0.0	NA	NA	0.0	0.0	0.0	0	0	NA	0	homozygousDel	4144366
18	14910027	14929888	NA	19862	364	1.98168461	364	1	45.0	mappable	0.07692308	3.0	NA	0.00837076939	1.0	0.03732930595	0.14007836	1.14007836	14910027	14910027	14929888	14929888	NA	missing	327813.4	17.189458	1.0043121	NA	NA	NA	NA	NA	NA	NA	NA	NA	NA	4144366
18	18540053	60787274	NA	42247224	598986	1.98168461	596724	26237	61164.0	mappable	0.08215	3.0	self	0.00256817991	3.508895e-05	0.00041051234	0.07895042	0.07898551	18540053	18540053	60787195	60787274	0.15916037	1	327813.4	17.189458	1.0043121	NA	NA	0.0	0.990842305	0.9908423	1	1	1:1	2	neutral	4144366
18	60787275	60988011	DEL	200737	3008	1.98168461	3002	59	361.0	mappable	0.076	3.0	NA	0.00711884631	0.01538461538	0.02842930595	0.11353994	0.12892455	60787275	60787287	60987891	60988011	0.22657879	1	327813.4	17.189458	1.0043121	NA	NA	0.0	0.990842305	0.9908423	1	1	1:1	2	neutral	4144366
18	60988012	60988013	CTX	2	0	0.0	0	0	NA	mappable	NA	NA	NA	NA	inf	1.00392930595	2.0	inf	60988012	60988012	60988013	60988013	NA	missing	NA	NA	0.0	NA	NA	0.0	0.0	0.0	0	0	NA	0	homozygousDel	4144366
18	60988014	78009968	DEL	17021959	276893	1.98168461	275568	13790	28384.0	mappable	0.08215	3.0	edge	0.00080800857	6.616382e-05	0.0031608249	0.08326085	0.08332701	60988014	60988146	78009968	78009968	0.16551686	1	327813.4	17.189458	1.0043121	NA	NA	0.0	0.990842305	0.9908423	1	1	1:1	2	neutral	4144366
19	260137	24569972	NA	24309838	256781	1.98168461	254835	10667	30534.0	mappable	0.089	3.0	edge	0.00276811137	7.928957e-05	0.00174541462	0.08151608	0.08159537	260137	260137	24569972	24569972	0.22882637	1	327813.4	17.189458	1.0043121	NA	NA	0.0	0.990842305	0.9908423	1	1	1:1	2	neutral	4144366
19	27750002	28195011	NA	445010	11203	1.98168461	11009	445	1073.0	mappable	0.07413864	3.0	self	0.00189874827	0.00156494523	0.00257069405	0.10659005	0.10815499	27750002	27750002	28189996	28195011	0.14166994	1	327813.4	17.189458	1.0043121	NA	NA	0.0	0.990842305	0.9908423	1	1	1:1	2	neutral	4144366
19	28195012	28210013	NA	15002	215	2.42144036	215	29	17.0	mappable	0.07504835	NA	identical	0.01024550105	0.03448275862	0.16267069405	0.1441663	0.17864906	28195012	28200027	28209962	28210064	NA	missing	334643.3	17.568773	1.1666	NA	NA	NA	NA	NA	NA	NA	NA	NA	NA	4144366
19	28210013	43209995	NA	14999983	186378	1.98168461	185416	7596	21001.0	mappable	0.085575	3.0	NA	0.00028115369	0.00011684973	0.00262930595	0.08389805	0.0840149	28209962	28210064	43209995	43209995	0.18479239	1	327813.4	17.189458	1.0043121	NA	NA	0.0	0.990842305	0.9908423	1	1	1:1	2	neutral	4144366
19	43209996	43800005	NA	590010	0	0.0	0	0	NA	mappable	NA	NA	NA	NA	inf	1.00392930595	0.10432761	inf	43209996	43209996	43800005	43800005	NA	missing	NA	NA	0.0	NA	NA	0.0	0.0	0.0	0	0	NA	0	homozygousDel	4144366
19	43800006	59089999	NA	15289995	162592	1.98168461	161515	7195	19122.0	mappable	0.089	3.0	edge	0.0037292886	0.00012090436	0.00457288927	0.08380093	0.08392183	43800006	43800006	59089999	59089999	0.21847503	1	327813.4	17.189458	1.0043121	NA	NA	0.0	0.990842305	0.9908423	1	1	1:1	2	neutral	4144366
20	60479	25729738	NA	25669264	400445	1.98168461	399032	17751	42156.0	mappable	0.085575	3.0	edge	0.00057882013	5.218934e-05	0.00085822003	0.08125609	0.08130828	60479	60479	25729738	25729738	0.1548846	1	327813.4	17.189458	1.0043121	NA	NA	0.0	0.990842305	0.9908423	1	1	1:1	2	neutral	4144366
20	29810057	62909989	NA	33099936	497632	1.98168461	495171	21068	55518.0	mappable	0.085575	3.0	edge	0.00070151271	4.250436e-05	0.00059561479	0.08006301	0.08010551	29810057	29810057	62909989	62909989	0.1848167	1	327813.4	17.189458	1.0043121	NA	NA	0.0	0.990842305	0.9908423	1	1	1:1	2	neutral	4144366
21	10720001	11179964	NA	459965	5133	2.06527234	4541	0	585.0	mappable	NA	NA	edge	0.23335684043	0.00168918919	0.03123011349	0.10631984	0.10800903	10720001	10720001	11179964	11179964	NA	missing	1188000.46	NA	1.0351594	NA	NA	NA	NA	NA	NA	NA	NA	NA	NA	4144366
21	15410077	48099931	NA	32689856	516306	1.98168461	513448	24194	54197.0	mappable	0.085575	3.0	edge	0.00061493917	3.696858e-05	0.00088061879	0.08012069	0.08015766	15410077	15410077	48099931	48099931	0.17319966	1	327813.4	17.189458	1.0043121	NA	NA	0.0	0.990842305	0.9908423	1	1	1:1	2	neutral	4144366
22	16850007	26190027	NA	9340022	93716	1.98168461	93057	4109	10623.0	mappable	0.085575	3.0	edge	0.0035166564	0.00020973154	0.00051827475	0.08637445	0.08658419	16850007	16850007	26189987	26190067	0.19247023	1	327813.4	17.189458	1.0043121	NA	NA	0.0	0.990842305	0.9908423	1	1	1:1	2	neutral	4144366
22	26190027	26209995	NA	19969	375	2.25099859	375	0	43.0	mappable	NA	NA	NA	NA	inf	0.09977069405	0.14000235	inf	26189987	26190067	26209986	26209995	NA	missing	302393.5	NA	1.1037	NA	NA	NA	NA	NA	NA	NA	NA	NA	NA	4144366
22	26209996	51179984	NA	24969993	362029	1.98168461	360020	16265	40976.0	mappable	0.089	3.0	edge	0.00224107791	5.472855e-05	0.00506722998	0.08138785	0.08144258	26209996	26210005	51179984	51179984	0.2027118	1	327813.4	17.189458	1.0043121	NA	NA	0.0	0.990842305	0.9908423	1	1	1:1	2	neutral	4144366
23	2700027	58499983	NA	55799957	487931	0.99028397	487931	557	25853.0	mappable	0.13695	NA	NA	NA	NA	NA	NA	NA	2700027	2700027	58499983	58499983	0.29845209	1	168606.05	7.225974	1.0039	NA	NA	NA	NA	NA	1	NA	1	1	neutral	4144366
23	61750000	73895039	NA	12145040	99128	0.99069042	99128	82	5260.0	mappable	0.181475	NA	NA	NA	NA	NA	NA	NA	61750000	61750000	73889948	73900130	NA	missing	166752.63	7.146541	1.0042	NA	NA	NA	NA	NA	1	NA	1	1	neutral	4144366
23	73895039	73915088	NA	20050	114	0.71321448	114	0	7.0	mappable	NA	NA	NA	NA	NA	NA	NA	NA	73889948	73900130	73909955	73920221	NA	missing	151306.67	NA	0.7994	NA	NA	NA	NA	NA	1	NA	1	1	neutral	4144366
23	73915088	88459980	NA	14544893	145552	0.99380661	145552	148	7316.0	mappable	0.4041	NA	NA	NA	NA	NA	NA	NA	73909955	73920221	88459980	88459980	0.14502555	1	178114.01	7.379009	1.0065	NA	NA	NA	NA	NA	1	NA	1	1	neutral	4144366
23	88990017	89349936	NA	359920	1085	1.00369711	1085	1	49.0	mappable	0.33333333	NA	NA	NA	NA	NA	NA	NA	88990017	88990017	89349936	89349936	NA	missing	175874.1	11.72494	1.0138	NA	NA	NA	NA	NA	1	NA	1	1	neutral	4144366
23	89349937	90140198	NA	790262	0	0.0	0	0	NA	mappable	NA	NA	NA	NA	NA	NA	NA	NA	89349937	89349937	90140198	90140198	NA	missing	NA	NA	0.0	NA	NA	0.0	0.0	0.0	0	0	0	0	homozygousDel	4144366
23	90140199	91529952	NA	1389754	5089	1.00803267	5089	4	252.0	mappable	0.6660379	NA	NA	NA	NA	NA	NA	NA	90140199	90140199	91529952	91529952	NA	missing	179509.5	4.060334	1.017	NA	NA	NA	NA	NA	1	NA	1	1	neutral	4144366
23	91529953	92379999	NA	850047	0	0.0	0	0	NA	mappable	NA	NA	NA	NA	NA	NA	NA	NA	91529953	91529953	92379999	92379999	NA	missing	NA	NA	0.0	NA	NA	0.0	0.0	0.0	0	0	0	0	homozygousDel	4144366
23	92380000	154929639	NA	62549640	563773	0.99150334	563773	622	28919.0	mappable	0.19175	NA	NA	NA	NA	NA	NA	NA	92380000	92380000	154929639	154929639	0.15025529	1	171117.05	7.333588	1.0048	NA	NA	NA	NA	NA	1	NA	1	1	neutral	4144366
24	2653090	2919837	NA	266748	289	0.99014848	289	0	16.0	mappable	NA	NA	NA	NA	NA	NA	NA	NA	2653090	2653090	2919837	2919837	NA	missing	169131.7	NA	1.0038	NA	NA	NA	NA	NA	1	NA	1	1	neutral	4144366
24	3712028	3719919	NA	7892	141	0.99272272	141	118	0.0	mappable	0.0671125	NA	NA	NA	NA	NA	NA	NA	3712028	3712028	3719919	3719919	0.2805429	1	343438.6	16.022024	1.0057	NA	NA	NA	NA	NA	1	NA	1	1	neutral	4144366
24	6420014	10069977	NA	3649964	6049	1.02144582	6049	28	362.0	mappable	0.20545	NA	NA	NA	NA	NA	NA	NA	6420014	6420014	10069977	10069977	NA	missing	161165.05	7.609186	1.0269	NA	NA	NA	NA	NA	1	NA	1	1	neutral	4144366
24	13130467	19558992	NA	6428526	11872	0.99651634	11872	158	1075.0	mappable	0.20512273	NA	NA	NA	NA	NA	NA	NA	13130467	13130467	19558992	19558992	0.37257473	2	202331.49	8.351817	1.0085	NA	NA	NA	NA	NA	1	NA	1	1	neutral	4144366
24	20803124	22221030	NA	1417907	1630	0.99434855	1631	0	79.0	mappable	NA	NA	NA	NA	NA	NA	NA	NA	20803124	20803124	22207825	22221030	NA	missing	170797.89	NA	1.0069	NA	NA	NA	NA	NA	1	NA	1	1	neutral	4144366
24	22221031	22243978	INV	22948	0	0.0	0	0	NA	mappable	NA	NA	NA	NA	NA	NA	NA	NA	22221031	22221031	22243978	22243978	NA	missing	NA	NA	0.0	NA	NA	0.0	0.0	0.0	0	0	0	0	homozygousDel	4144366
24	22243979	23808171	INV	1564193	1184	0.99719377	1185	4	86.0	mappable	0.49863461	NA	NA	NA	NA	NA	NA	NA	22243979	22510012	23808171	23808171	NA	missing	168740.28	4.452868	1.009	NA	NA	NA	NA	NA	1	NA	1	1	neutral	4144366
24	24381338	24508205	NA	126868	227	0.93202486	227	1	5.0	mappable	1.0	NA	NA	NA	NA	NA	NA	NA	24381338	24381338	24508205	24508205	NA	missing	161418.29	0.0	0.9609	NA	NA	NA	NA	NA	1	NA	1	1	neutral	4144366
24	28780461	28789809	NA	9349	78	0.95979955	78	8	19.0	mappable	0.1332	NA	NA	NA	NA	NA	NA	NA	28780461	28780461	28789809	28789809	NA	missing	324361.4	19.059343	0.9814	NA	NA	NA	NA	NA	1	NA	1	1	neutral	4144366
