#chromosome	start	end	crest	length	tcnNbrOfLoci	tcnMean	tcnNbrOfSNPs	tcnNbrOfHets	dhNbrOfLoci	map	dhMax	cluster	neighbour	distDH	errorSNP	distTcn	errorLength	totalError	minStart	maxStart	minStop	maxStop	area	peaks	meanCovT	meanCovB	tcnMeanRaw	AF	BAF	dhMean	c1Mean	c2Mean	A	B	genotype	TCN	GNL	PID
1	840009	12839977	NA	11999969	172076	1.03169572	170975	6895	31118.0	mappable	0.606175	8.0	edge	0.52406896201	0.00012506253	0.37085245062	0.08504657	0.08517163	840009	840009	12839977	12839977	0.93804478	2	244425.5	19.326554	0.6513236	18.90174	0.9991199	0.9982397	0.0009080446	1.0307877	1	0	1:0	1	LOH	4184437
1	13780016	17651236	NA	3871221	49108	1.03169572	48930	1994	8703.0	mappable	0.619875	8.0	NA	0.54119396201	0.00046040516	0.37045245062	0.09138948	0.09184988	13780016	13780016	17651230	17651236	0.93984318	2	244425.5	19.326554	0.6513236	18.90174	0.9991199	0.9982397	0.0009080446	1.0307877	1	0	1:0	1	LOH	4184437
1	17651237	21046103	CTX	3394867	53233	2.00706046	53052	2576	9217.0	mappable	0.085575	2.0	self	0.00346896201	0.00036271309	0.01675245062	0.09218746	0.09255018	17651237	17651411	21046026	21046103	0.15100175	1	391464.6	20.410541	1.0099497	NA	NA	0.0	1.003530229	1.0035302	1	1	1:1	2	neutral	4184437
1	21046104	33151782	DEL	12105680	139357	1.03169572	138657	5325	24853.0	mappable	0.5959	8.0	identical	0.5120558507	0.0001659751	0.36237652189	0.08500083	0.08516681	21046104	21046161	33099804	33151782	0.97549056	2	244425.5	19.326554	0.6513236	18.90174	0.9991199	0.9982397	0.0009080446	1.0307877	1	0	1:0	1	LOH	4184437
1	33151783	105629998	DEL	72478222	954562	2.00706046	950897	42003	165290.0	mappable	0.08215	2.0	NA	0.00062961057	2.189717e-05	0.00037241126	0.07659594	0.07661784	33151783	33160150	105629981	105629998	0.16356753	1	391464.6	20.410541	1.0099497	NA	NA	0.0	1.003530229	1.0035302	1	1	1:1	2	neutral	4184437
1	105629999	105639967	NA	9969	178	2.32486126	178	0	29.0	mappable	NA	NA	NA	NA	inf	0.11804754938	0.15056575	inf	105629999	105630016	105639910	105639967	NA	missing	412474.3	NA	1.1268	NA	NA	NA	NA	NA	NA	NA	NA	NA	NA	4184437
1	105639968	120529963	NA	14889996	197330	2.00706046	196693	8967	34170.0	mappable	0.078725	2.0	NA	0.00338103799	0.00010412328	0.00284754938	0.08393543	0.08403955	105639968	105640025	120529963	120529963	0.16256888	1	391464.6	20.410541	1.0099497	NA	NA	0.0	1.003530229	1.0035302	1	1	1:1	2	neutral	4184437
1	121220004	121229986	NA	9983	177	2.00706046	176	0	20.0	mappable	NA	2.0	self	0.04832874461	1.0	0.00744754938	0.15054281	1.15054281	121220004	121220004	121229986	121229986	NA	missing	391464.6	NA	1.0099497	NA	NA	NA	NA	NA	NA	NA	NA	NA	NA	4184437
1	144010127	144019970	NA	9844	155	2.05860008	91	0	16.0	mappable	NA	NA	NA	0.21907142267	0.015625	0.02014754938	0.15077238	0.16639738	144010127	144010127	144019970	144019970	NA	missing	1178078.0	NA	1.0289	NA	NA	NA	NA	NA	NA	NA	NA	NA	NA	4184437
1	144920087	145739956	NA	819870	6371	2.03684227	5842	25	1044.0	mappable	0.06523214	NA	NA	0.25247173978	0.00180505415	0.01214754938	0.10180689	0.10361195	144920087	144920087	145739956	145739956	NA	missing	613636.8	32.661312	1.0209	NA	NA	NA	NA	NA	NA	NA	NA	NA	NA	4184437
1	146540101	147829895	NA	1289795	11674	2.00706046	11640	643	1941.0	mappable	0.07314559	2.0	self	0.00896044976	0.00147710487	0.00214754938	0.09852843	0.10000553	146540101	146540101	147829895	147829895	0.19271029	1	391464.6	20.410541	1.0099497	NA	NA	0.0	1.003530229	1.0035302	1	1	1:1	2	neutral	4184437
1	149815060	149835012	NA	19953	69	2.19663461	69	4	16.0	mappable	0.05109865	9.0	NA	0.03100738935	0.25	0.07584754938	0.14001368	0.39001368	149815060	149815060	149819939	149850085	NA	missing	455849.2	23.945779	1.0796531	NA	NA	NA	NA	NA	NA	NA	NA	NA	NA	4184437
1	149835012	149860016	NA	25005	151	1.66043219	151	5	30.0	mappable	0.01884265	NA	NA	0.06326339094	0.2	0.12625245062	0.1368932	0.3368932	149819939	149850085	149859954	149860016	NA	missing	338170.0	16.9085	0.8825	NA	NA	NA	NA	NA	NA	NA	NA	NA	NA	4184437
1	149860017	155185048	NA	5325033	59603	2.00706046	59305	2478	10696.0	mappable	0.08165588	2.0	self	0.00013923891	0.00036023055	0.01912485086	0.08950805	0.08986828	149860017	149860079	155179958	155185048	0.17878116	1	391464.6	20.410541	1.0099497	NA	NA	0.0	1.003530229	1.0035302	1	1	1:1	2	neutral	4184437
1	155185049	155220023	NA	34975	238	2.2489945	235	17	38.0	mappable	0.13501667	4.0	identical	0.06170229534	0.05	0.14254754938	0.13250266	0.18250266	155185049	155190139	155219970	155220076	NA	missing	465095.6	26.051815	1.098905	NA	NA	NA	NA	NA	NA	NA	NA	NA	NA	4184437
1	155220023	176159990	NA	20939973	279083	2.00706046	278085	12964	48374.0	mappable	0.08215	2.0	NA	0.00014834339	7.162811e-05	0.00813728684	0.08223767	0.08230929	155219970	155220076	176159975	176159990	0.16409399	1	391464.6	20.410541	1.0099497	NA	NA	0.0	1.003530229	1.0035302	1	1	1:1	2	neutral	4184437
1	176159991	176190005	NA	30015	428	2.37381633	428	0	87.0	mappable	NA	NA	NA	NA	inf	0.13604754938	0.13446828	inf	176159991	176160006	176189998	176190005	NA	missing	399106.1	NA	1.1448	NA	NA	NA	NA	NA	NA	NA	NA	NA	NA	4184437
1	176190006	234480015	NA	58290016	797041	2.00706046	794112	34734	139117.0	mappable	0.08215	2.0	NA	0.00123345966	2.655126e-05	0.0010938938	0.07752916	0.07755571	176190006	176190013	234479904	234480015	0.15532065	1	391464.6	20.410541	1.0099497	NA	NA	0.0	1.003530229	1.0035302	1	1	1:1	2	neutral	4184437
1	234480016	234489967	NA	9952	169	2.44099356	169	6	23.0	mappable	0.02050962	NA	identical	0.06159642261	0.16666666667	0.16074754938	0.15059367	0.31726034	234480016	234480127	234489819	234490115	NA	missing	402021.2	20.306175	1.1695	NA	NA	NA	NA	NA	NA	NA	NA	NA	NA	4184437
1	234489967	249209945	NA	14719981	207665	2.00706046	206555	10436	36544.0	mappable	0.08215	2.0	edge	7.507668e-05	8.661008e-05	0.00599582521	0.08399383	0.08408044	234489819	234490115	249209945	249209945	0.17670278	1	391464.6	20.410541	1.0099497	NA	NA	0.0	1.003530229	1.0035302	1	1	1:1	2	neutral	4184437
2	20016	87059860	NA	87039854	1311035	2.00706046	1306122	58133	229372.0	mappable	0.078725	2.0	edge	0.00121847459	1.586169e-05	0.00170174679	0.07582889	0.07584475	20016	20016	87059860	87059860	0.15620723	1	391464.6	20.410541	1.0099497	NA	NA	0.0	1.003530229	1.0035302	1	1	1:1	2	neutral	4184437
2	88330099	89094923	NA	764825	9479	2.00706046	9444	443	1688.0	mappable	0.08497895	2.0	self	0.0002348711	0.00209205021	0.00495245062	0.10232916	0.10442121	88330099	88330099	89059837	89130009	0.1320131	1	391464.6	20.410541	1.0099497	NA	NA	0.0	1.003530229	1.0035302	1	1	1:1	2	neutral	4184437
2	89094923	89161072	NA	66150	1119	0.75884301	1119	6	176.0	mappable	0.46281009	NA	NA	0.38070404972	0.16666666667	0.45775245062	0.12489498	0.29156165	89059837	89130009	89161072	89161072	NA	missing	210593.8	15.671813	0.551	NA	NA	NA	NA	NA	NA	NA	NA	NA	NA	4184437
2	89161073	89229990	DEL	68918	1285	0.05225819	1283	68	231.0	mappable	0.1164	NA	NA	0.03429396201	0.01428571429	0.71755245062	0.12443543	0.13872114	89161073	89161087	89229990	89229990	0.08105801	1	106873.4	5.549194	0.2912	NA	NA	0.0	0.0261290959	0.0261291	0	0	0:0	0	LOH	4184437
2	89229991	89309495	NA	79505	0	0.0	0	0	NA	mappable	NA	NA	NA	NA	inf	1.00875245062	0.1228595	inf	89229991	89229991	89309495	89309495	NA	missing	NA	NA	0.0	NA	NA	0.0	0.0	0.0	0	0	NA	0	homozygousDel	4184437
2	89840102	90239998	NA	399897	914	2.19663461	906	16	250.0	mappable	0.06079872	9.0	NA	0.02460603799	0.04166666667	0.05594754938	0.10747332	0.14913999	89840102	89840102	90239998	90239998	NA	missing	455849.2	23.945779	1.0796531	NA	NA	NA	NA	NA	NA	NA	NA	NA	NA	4184437
2	95580145	96239991	NA	659847	4445	2.00706046	4424	138	835.0	mappable	0.08217652	2.0	NA	0.00995960942	0.00628930818	0.00145245062	0.10345663	0.10974594	95580145	95580145	96239991	96239991	0.18942847	1	391464.6	20.410541	1.0099497	NA	NA	0.0	1.003530229	1.0035302	1	1	1:1	2	neutral	4184437
2	96239992	96740020	NA	500029	0	0.0	0	0	NA	mappable	NA	NA	NA	NA	inf	1.00875245062	0.10564318	inf	96239992	96239992	96740020	96740020	NA	missing	NA	NA	0.0	NA	NA	0.0	0.0	0.0	0	0	NA	0	homozygousDel	4184437
2	96740021	132189994	NA	35449975	448467	2.00706046	447006	21833	76862.0	mappable	0.078725	2.0	NA	0.00286567191	4.293135e-05	0.00136394457	0.0797471	0.07979003	96740021	96740021	132189994	132189994	0.15329842	1	391464.6	20.410541	1.0099497	NA	NA	0.0	1.003530229	1.0035302	1	1	1:1	2	neutral	4184437
2	132189995	133009999	NA	820005	0	0.0	0	0	NA	mappable	NA	NA	NA	NA	inf	1.00875245062	0.10180566	inf	132189995	132189995	133009999	133009999	NA	missing	NA	NA	0.0	NA	NA	0.0	0.0	0.0	0	0	NA	0	homozygousDel	4184437
2	133010000	190129831	NA	57119837	770410	2.00706046	767884	30707	135106.0	mappable	0.08215	2.0	NA	0.0007565084	3.009148e-05	0.0009920048	0.07761719	0.07764728	133010000	133010000	190129604	190129831	0.15111499	1	391464.6	20.410541	1.0099497	NA	NA	0.0	1.003530229	1.0035302	1	1	1:1	2	neutral	4184437
2	190129832	190140116	NA	10285	165	1.68599762	165	0	28.0	mappable	NA	NA	NA	NA	inf	0.11685245062	0.15005716	inf	190129832	190130059	190139998	190140234	NA	missing	405018.3	NA	0.8919	NA	NA	NA	NA	NA	NA	NA	NA	NA	NA	4184437
2	190140116	242999969	NA	52859857	733378	2.00706046	730293	32463	128772.0	mappable	0.078725	2.0	edge	0.00267676047	2.813177e-05	0.00128082971	0.07795548	0.07798361	190139998	190140234	242999969	242999969	0.16265761	1	391464.6	20.410541	1.0099497	NA	NA	0.0	1.003530229	1.0035302	1	1	1:1	2	neutral	4184437
3	100074	1599993	NA	1499920	28193	2.00706046	28133	947	4803.0	mappable	0.09731184	2.0	edge	0.01374396201	0.00099304866	0.01234754938	0.09748273	0.09847578	100074	100074	1599980	1599993	0.21659523	1	391464.6	20.410541	1.0099497	NA	NA	0.0	1.003530229	1.0035302	1	1	1:1	2	neutral	4184437
3	1599994	1610019	NA	10026	190	1.69850836	190	0	23.0	mappable	NA	NA	NA	NA	inf	0.11225245062	0.15047258	inf	1599994	1600007	1609996	1610042	NA	missing	391298.6	NA	0.8965	NA	NA	NA	NA	NA	NA	NA	NA	NA	NA	4184437
3	1610019	47525098	NA	45915085	677771	2.00706046	675383	29945	117069.0	mappable	0.08215	2.0	NA	0.00022652928	3.092911e-05	7.535835e-05	0.07857785	0.07860878	1609996	1610042	47499988	47550208	0.15309859	1	391464.6	20.410541	1.0099497	NA	NA	0.0	1.003530229	1.0035302	1	1	1:1	2	neutral	4184437
3	47525098	47580008	NA	54911	326	2.46302334	322	11	52.0	mappable	0.08226667	NA	identical	0.02445603799	0.06666666667	0.16884754938	0.127026	0.19369267	47499988	47550208	47579998	47580018	NA	missing	409788.1	20.489407	1.1776	NA	NA	NA	NA	NA	NA	NA	NA	NA	NA	4184437
3	47580008	90499969	NA	42919968	596342	2.00706046	594288	26452	104396.0	mappable	0.08215	2.0	self	0.00040006625	3.508033e-05	0.00447894816	0.07887945	0.07891453	47579998	47580018	90499969	90499969	0.15936509	1	391464.6	20.410541	1.0099497	NA	NA	0.0	1.003530229	1.0035302	1	1	1:1	2	neutral	4184437
3	93570175	177209877	NA	83639708	1134239	2.00706046	1130404	53795	196336.0	mappable	0.08215	2.0	self	0.0008201554	1.735298e-05	0.00162826897	0.07599453	0.07601188	93570175	93570175	177209645	177209877	0.15924596	1	391464.6	20.410541	1.0099497	NA	NA	0.0	1.003530229	1.0035302	1	1	1:1	2	neutral	4184437
3	177209878	177229960	NA	20083	285	2.39530216	285	17	51.0	mappable	0.08384286	NA	identical	0.00173681915	0.05882352941	0.14394754938	0.13992191	0.19874544	177209878	177210110	177229921	177229960	NA	missing	404761.3	21.587269	1.1527	NA	NA	NA	NA	NA	NA	NA	NA	NA	NA	4184437
3	177229961	188030014	NA	10800054	141068	2.00706046	140558	5932	24921.0	mappable	0.08215	2.0	NA	4.396201e-05	0.0001552554	0.01244754938	0.08559982	0.08575508	177229961	177230000	188029956	188030014	0.15997688	1	391464.6	20.410541	1.0099497	NA	NA	0.0	1.003530229	1.0035302	1	1	1:1	2	neutral	4184437
3	188030015	188050040	NA	20026	299	2.32730901	299	0	60.0	mappable	NA	NA	NA	NA	inf	0.11894754938	0.13996206	inf	188030015	188030073	188049950	188050130	NA	missing	414107.2	NA	1.1277	NA	NA	NA	NA	NA	NA	NA	NA	NA	NA	4184437
3	188050040	192630003	NA	4579964	73152	2.00706046	72884	3930	12825.0	mappable	0.08234091	2.0	NA	0.0002348711	0.00023820867	0.00854754938	0.0903877	0.09062591	188049950	188050130	192629996	192630003	0.15384683	1	391464.6	20.410541	1.0099497	NA	NA	0.0	1.003530229	1.0035302	1	1	1:1	2	neutral	4184437
3	192630004	192640034	NA	10031	149	1.66559967	149	0	25.0	mappable	NA	NA	NA	NA	inf	0.12435245062	0.15046443	inf	192630004	192630011	192639986	192640034	NA	missing	354417.5	NA	0.8844	NA	NA	NA	NA	NA	NA	NA	NA	NA	NA	4184437
3	192640035	197779892	NA	5139858	70652	2.00706046	70255	3022	12602.0	mappable	0.081	2.0	edge	4.396201e-05	0.00029248318	0.01364754938	0.08971306	0.09000555	192640035	192640083	197779892	197779892	0.17854377	1	391464.6	20.410541	1.0099497	NA	NA	0.0	1.003530229	1.0035302	1	1	1:1	2	neutral	4184437
4	50084	789990	NA	739907	8680	2.00706046	8557	228	1597.0	mappable	0.07678023	2.0	edge	0.00338103799	0.00284900285	0.04524754938	0.10257997	0.10542897	50084	50084	789965	790015	0.24392594	1	391464.6	20.410541	1.0099497	NA	NA	0.0	1.003530229	1.0035302	1	1	1:1	2	neutral	4184437
4	789990	805017	NA	15028	146	2.416788	146	12	32.0	mappable	0.09503701	NA	identical	0.01293097499	0.08333333333	0.15184754938	0.14414035	0.22747368	789965	790015	799988	805017	NA	missing	420444.3	23.145851	1.1606	NA	NA	NA	NA	NA	NA	NA	NA	NA	NA	4184437
4	805018	8939952	NA	8134938	136968	2.00706046	135944	7330	24693.0	mappable	0.078725	2.0	self	0.00256793987	0.00011970314	0.01386547483	0.08712433	0.08724403	805018	810047	8939952	8939952	0.19837669	1	391464.6	20.410541	1.0099497	NA	NA	0.0	1.003530229	1.0035302	1	1	1:1	2	neutral	4184437
4	9800043	36860013	NA	27059976	425690	2.00706046	424345	21379	73606.0	mappable	0.08215	2.0	NA	0.0007853486	4.400634e-05	0.0019099791	0.08100558	0.08104959	9800043	9800043	36859999	36860013	0.15058334	1	391464.6	20.410541	1.0099497	NA	NA	0.0	1.003530229	1.0035302	1	1	1:1	2	neutral	4184437
4	36860014	36880002	NA	19989	368	1.86849123	368	0	65.0	mappable	NA	NA	NA	NA	inf	0.04975245062	0.1399882	inf	36860014	36860028	36879989	36880015	NA	missing	391849.6	NA	0.959	NA	NA	NA	NA	NA	NA	NA	NA	NA	NA	4184437
4	36880002	49089961	NA	12209961	173152	2.00706046	172577	7703	30250.0	mappable	0.085575	2.0	NA	0.00228741729	0.00012080213	0.01014710295	0.08495615	0.08507696	36879989	36880015	49089961	49089961	0.16421883	1	391464.6	20.410541	1.0099497	NA	NA	0.0	1.003530229	1.0035302	1	1	1:1	2	neutral	4184437
4	52680564	62936979	NA	10256417	147466	2.00706046	146971	6592	25544.0	mappable	0.081	2.0	self	0.00090194403	0.00014110343	0.00602654047	0.08587368	0.08601478	52680564	52680564	62936923	62936979	0.15837181	1	391464.6	20.410541	1.0099497	NA	NA	0.0	1.003530229	1.0035302	1	1	1:1	2	neutral	4184437
4	62936980	62949747	ITX	12768	128	1.03169572	127	0	19.0	mappable	NA	8.0	NA	0.56075110486	1.0	0.32025245062	0.14662493	1.14662493	62936980	62937107	62949504	62949747	NA	missing	244425.5	NA	0.6513236	NA	NA	NA	NA	NA	NA	NA	NA	NA	NA	4184437
4	62949748	62950043	DEL	296	2	0.97995674	2	0	0.0	mappable	NA	NA	NA	NA	inf	0.37645245062	0.24362158	inf	62949748	62949938	62949954	62950043	NA	missing	250467.0	NA	0.6323	NA	NA	NA	NA	NA	NA	NA	NA	NA	NA	4184437
4	62950044	127260024	ITX	64309988	867829	2.00706046	865005	40895	150517.0	mappable	0.08215	2.0	NA	0.000272562	2.28744e-05	0.00368057593	0.07710534	0.07712822	62950044	62960101	127259921	127260024	0.16286078	1	391464.6	20.410541	1.0099497	NA	NA	0.0	1.003530229	1.0035302	1	1	1:1	2	neutral	4184437
4	127260025	127264284	NA	4260	79	2.37245647	74	0	10.0	mappable	NA	NA	NA	0.01097622587	0.2	0.13554754938	0.16588373	0.36588373	127260025	127260128	127264278	127264284	NA	missing	471831.2	NA	1.1443	NA	NA	NA	NA	NA	NA	NA	NA	NA	NA	4184437
4	127264285	127269924	DUP	5640	105	2.37245647	98	0	25.0	mappable	NA	NA	NA	0.22758306211	0.14285714286	0.13554754938	0.16049459	0.30335173	127264285	127264328	127269779	127269924	NA	missing	471831.2	NA	1.1443	NA	NA	NA	NA	NA	NA	NA	NA	NA	NA	4184437
4	127269925	190939997	DUP	63670078	905418	2.00706046	901514	46789	157682.0	mappable	0.08215	2.0	edge	0.00079212015	1.972659e-05	0.00143929651	0.07714825	0.07716798	127269925	127269978	190939997	190939997	0.16641585	1	391464.6	20.410541	1.0099497	NA	NA	0.0	1.003530229	1.0035302	1	1	1:1	2	neutral	4184437
5	50017	42199965	NA	42149954	629819	2.00706046	627435	30380	110285.0	mappable	0.08215	2.0	edge	0.00073638226	3.052224e-05	0.00409592279	0.07896079	0.07899131	50017	50017	42199922	42200008	0.15268689	1	391464.6	20.410541	1.0099497	NA	NA	0.0	1.003530229	1.0035302	1	1	1:1	2	neutral	4184437
5	42199965	42209964	NA	10000	186	2.27944184	186	0	44.0	mappable	NA	NA	NA	NA	inf	0.10134754938	0.150515	inf	42199922	42200008	42209927	42209964	NA	missing	397402.5	NA	1.1101	NA	NA	NA	NA	NA	NA	NA	NA	NA	NA	4184437
5	42209965	46399990	NA	4190026	59264	2.00706046	59075	1995	10947.0	mappable	0.0753	2.0	NA	0.00338103799	0.00045787546	0.01704754938	0.09091517	0.09137305	42209965	42210002	46399990	46399990	0.16482734	1	391464.6	20.410541	1.0099497	NA	NA	0.0	1.003530229	1.0035302	1	1	1:1	2	neutral	4184437
5	49470005	68359958	NA	18889957	253458	2.00706046	252651	11663	44124.0	mappable	0.08215	2.0	self	0.00140910747	8.019246e-05	0.00315191105	0.08274339	0.08282358	49470005	49470005	68349917	68359958	0.14718813	1	391464.6	20.410541	1.0099497	NA	NA	0.0	1.003530229	1.0035302	1	1	1:1	2	neutral	4184437
5	68359959	68389995	NA	30037	160	1.8279189	158	26	20.0	mappable	0.055625	5.0	NA	0.02263103799	0.03571428571	0.13315245062	0.13445873	0.17017301	68359959	68370000	68379986	68400004	NA	missing	377000.1	19.815909	0.9440822	NA	NA	NA	NA	NA	NA	NA	NA	NA	NA	4184437
5	68389995	68829703	NA	439709	2938	2.19663461	2924	162	556.0	mappable	0.085725	9.0	NA	0.00361896201	0.00568181818	0.05944754938	0.10668835	0.11237017	68379986	68400004	68829703	68829703	0.14100232	1	455849.2	23.945779	1.0796531	NA	NA	0.0	1.0983173046	1.0983173	1	1	1:1	2	neutral	4184437
5	70750153	79930013	NA	9179862	123556	2.00706046	123158	6473	21250.0	mappable	0.0786	2.0	self	0.00199669195	0.00014553922	0.00622682337	0.08646764	0.08661318	70750153	70750153	79919967	79940059	0.15276373	1	391464.6	20.410541	1.0099497	NA	NA	0.0	1.003530229	1.0035302	1	1	1:1	2	neutral	4184437
5	79930013	79950113	NA	20101	233	2.48423721	230	0	49.0	mappable	NA	NA	identical	0.03979770466	0.33333333333	0.17664754938	0.13990926	0.47324259	79919967	79940059	79949970	79950113	NA	missing	406914.0	NA	1.1854	NA	NA	NA	NA	NA	NA	NA	NA	NA	NA	4184437
5	79950114	83380056	NA	3429943	45791	2.00706046	45665	1402	8135.0	mappable	0.08332065	2.0	NA	0.00024770466	0.00065445026	0.00165245062	0.09212449	0.09277894	79950114	79950257	83379997	83380056	0.15708025	1	391464.6	20.410541	1.0099497	NA	NA	0.0	1.003530229	1.0035302	1	1	1:1	2	neutral	4184437
5	83380057	83390004	NA	9948	163	1.70993121	163	0	28.0	mappable	NA	NA	NA	NA	inf	0.10805245062	0.15060025	inf	83380057	83380116	83389961	83390047	NA	missing	379138.9	NA	0.9007	NA	NA	NA	NA	NA	NA	NA	NA	NA	NA	4184437
5	83390004	111855007	NA	28465006	389313	2.00706046	388224	14801	68840.0	mappable	0.08383182	2.0	NA	0.00099366537	6.293266e-05	0.00164187349	0.08076668	0.08082962	83389961	83390047	111839996	111855007	0.15591066	1	391464.6	20.410541	1.0099497	NA	NA	0.0	1.003530229	1.0035302	1	1	1:1	2	neutral	4184437
5	111855008	111890014	NA	35007	412	2.22776704	412	0	57.0	mappable	NA	NA	NA	NA	inf	0.08234754938	0.13249108	inf	111855008	111870019	111889994	111890034	NA	missing	410909.2	NA	1.0911	NA	NA	NA	NA	NA	NA	NA	NA	NA	NA	4184437
5	111890014	154429963	NA	42539954	604850	2.00706046	603036	26453	105318.0	mappable	0.08215	2.0	NA	0.00078763789	3.537819e-05	0.00159289005	0.07891939	0.07895477	111889994	111890034	154429925	154429963	0.14617484	1	391464.6	20.410541	1.0099497	NA	NA	0.0	1.003530229	1.0035302	1	1	1:1	2	neutral	4184437
5	154429964	154440110	NA	10147	138	1.74066411	138	0	18.0	mappable	NA	NA	NA	NA	inf	0.09675245062	0.1502769	inf	154429964	154430002	154439970	154440110	NA	missing	361638.8	NA	0.912	NA	NA	NA	NA	NA	NA	NA	NA	NA	NA	4184437
5	154440111	167770009	NA	13329899	191291	2.00706046	190656	7740	33574.0	mappable	0.08215	2.0	NA	4.396201e-05	0.00011940299	0.00404754938	0.0845017	0.0846211	154440111	154440251	167769997	167770021	0.15834867	1	391464.6	20.410541	1.0099497	NA	NA	0.0	1.003530229	1.0035302	1	1	1:1	2	neutral	4184437
5	167770009	167779993	NA	9985	141	1.63731452	141	0	19.0	mappable	NA	NA	NA	NA	inf	0.13475245062	0.15053953	inf	167769997	167770021	167779964	167779993	NA	missing	357058.6	NA	0.874	NA	NA	NA	NA	NA	NA	NA	NA	NA	NA	4184437
5	167779994	180689979	NA	12909990	174517	2.00706046	173684	8562	30505.0	mappable	0.078725	2.0	edge	0.00243742404	0.0001064396	0.00312730865	0.08466689	0.08477333	167779994	167780023	180689979	180689979	0.16672834	1	391464.6	20.410541	1.0099497	NA	NA	0.0	1.003530229	1.0035302	1	1	1:1	2	neutral	4184437
6	181691	1770005	NA	1588315	26260	2.00706046	25949	1274	4472.0	mappable	0.08255385	2.0	edge	4.396201e-05	0.00063091483	0.00315245062	0.09709178	0.0977227	181691	181691	1769998	1770012	0.18160586	1	391464.6	20.410541	1.0099497	NA	NA	0.0	1.003530229	1.0035302	1	1	1:1	2	neutral	4184437
6	1770005	1779957	NA	9953	183	1.71727447	183	0	34.0	mappable	NA	NA	NA	NA	inf	0.10535245062	0.15059203	inf	1769998	1770012	1779903	1779957	NA	missing	356079.0	NA	0.9034	NA	NA	NA	NA	NA	NA	NA	NA	NA	NA	4184437
6	1779958	32439982	NA	30660029	455156	2.00706046	452902	26001	78192.0	mappable	0.078725	2.0	NA	0.00174407991	3.539197e-05	0.00505993393	0.08041864	0.08045403	1779958	1780012	32429961	32439982	0.16955314	1	391464.6	20.410541	1.0099497	NA	NA	0.0	1.003530229	1.0035302	1	1	1:1	2	neutral	4184437
6	32439983	32510291	NA	70309	2000	2.2489945	1589	98	260.0	mappable	0.17944932	4.0	identical	0.0747348711	0.00196463654	0.11414754938	0.12421263	0.12617727	32439983	32450004	32510281	32510301	0.54384042	2	465095.6	26.051815	1.098905	21.31739	0.5799194	0.1598388	0.9447589796	1.3042355	sub	1	sub:1	sub	sub	4184437
6	32510291	54970038	NA	22459750	331376	2.00706046	328530	15528	57095.0	mappable	0.078725	2.0	NA	0.00062644605	5.442769e-05	0.00343303264	0.08189727	0.0819517	32510281	32510301	54969993	54970083	0.19759107	1	391464.6	20.410541	1.0099497	NA	NA	0.0	1.003530229	1.0035302	1	1	1:1	2	neutral	4184437
6	54970038	54989978	NA	19941	450	1.80756937	450	0	90.0	mappable	NA	NA	NA	NA	inf	0.07215245062	0.14002219	inf	54969993	54970083	54989936	54990020	NA	missing	344486.7	NA	0.9366	NA	NA	NA	NA	NA	NA	NA	NA	NA	NA	4184437
6	54989978	58019982	NA	3030005	44631	2.00706046	43118	1760	7933.0	mappable	0.07325	2.0	NA	0.00598659355	0.00030562347	0.00605245062	0.0928898	0.09319543	54989936	54990020	58019982	58019982	0.16146452	1	391464.6	20.410541	1.0099497	NA	NA	0.0	1.003530229	1.0035302	1	1	1:1	2	neutral	4184437
6	58610011	58769997	NA	159987	572	2.00706046	571	23	121.0	mappable	0.07389741	2.0	NA	0.00820862903	0.04166666667	0.02764754938	0.11568989	0.15735656	58610011	58610011	58769997	58769997	NA	missing	391464.6	20.410541	1.0099497	NA	NA	NA	NA	NA	NA	NA	NA	NA	NA	4184437
6	61890002	61904997	NA	14996	470	2.28107367	470	2	115.0	mappable	0.33453454	NA	NA	0.25242849654	0.5	0.10194754938	0.1441723	0.6441723	61890002	61890002	61899994	61910000	NA	missing	456780.0	30.479434	1.1107	NA	NA	NA	NA	NA	NA	NA	NA	NA	NA	4184437
6	61904997	164765012	NA	102860022	1437678	2.00706046	1432786	64714	250585.0	mappable	0.08215	2.0	NA	0.00024851876	1.436658e-05	0.00202561255	0.07514247	0.07515684	61899994	61910000	164759991	164770033	0.15987125	1	391464.6	20.410541	1.0099497	NA	NA	0.0	1.003530229	1.0035302	1	1	1:1	2	neutral	4184437
6	164765012	164780014	NA	15003	128	2.44942471	124	0	21.0	mappable	NA	NA	identical	0.05491501693	0.25	0.16384754938	0.14416531	0.39416531	164759991	164770033	164779989	164780039	NA	missing	404296.0	NA	1.1726	NA	NA	NA	NA	NA	NA	NA	NA	NA	NA	4184437
6	164780014	170899935	NA	6119923	100314	2.00706046	99449	6300	18084.0	mappable	0.0817	2.0	edge	2.123791e-05	0.00013960631	0.00873217528	0.08871114	0.08885075	164779989	164780039	170899935	170899935	0.15240708	1	391464.6	20.410541	1.0099497	NA	NA	0.0	1.003530229	1.0035302	1	1	1:1	2	neutral	4184437
7	40386	33789905	NA	33749525	534928	3.01646964	532827	28508	93714.0	mappable	0.2671	NA	edge	0.18383745279	3.267013e-05	0.37234093859	0.07997324	0.08000591	40386	40386	33789740	33789905	0.83883206	2	538906.5	34.036202	1.3810934	19.65361	0.6638459	0.3276919	1.0139985476	2.0024711	2	1	2:1	3	gain	4184437
7	33789906	33799967	NA	10062	151	3.36488449	151	0	31.0	mappable	NA	NA	NA	NA	inf	0.50044754938	0.15041406	inf	33789906	33790071	33799903	33800031	NA	missing	553072.5	NA	1.5092	NA	NA	NA	NA	NA	NA	NA	NA	NA	NA	4184437
7	33799967	38075756	NA	4275791	54892	3.01156869	54725	2354	9457.0	mappable	0.23086364	NA	NA	0.15534308703	0.00039666799	0.3705389689	0.09079453	0.09119119	33799903	33800031	38075741	38075756	0.83394029	2	534163.0	33.498355	1.3792914	19.50607	0.6583426	0.3166851	1.028924848	1.9826438	2	1	2:1	3	gain	4184437
7	38075757	57999988	CTX	19924234	265323	2.00706046	264507	12644	46234.0	mappable	0.07973333	2.0	self	0.00018047102	7.429421e-05	0.00180931975	0.08248096	0.08255525	38075757	38075845	57999988	57999988	0.13006976	1	391464.6	20.410541	1.0099497	NA	NA	0.0	1.003530229	1.0035302	1	1	1:1	2	neutral	4184437
7	61530139	61550019	NA	19881	267	2.00706046	255	0	61.0	mappable	NA	2.0	self	0.04932777712	0.08333333333	0.00365245062	0.14006482	0.22339816	61530139	61530139	61549919	61550019	NA	missing	391464.6	NA	1.0099497	NA	NA	NA	NA	NA	NA	NA	NA	NA	NA	4184437
7	61835088	72229988	NA	10394903	108991	2.00706046	108405	4555	19817.0	mappable	0.078725	2.0	self	0.00244765441	0.00019451469	0.00090296588	0.08580239	0.08599691	61835088	61870177	72229988	72229988	0.19816166	1	391464.6	20.410541	1.0099497	NA	NA	0.0	1.003530229	1.0035302	1	1	1:1	2	neutral	4184437
7	72750118	74139961	NA	1389844	10258	2.00706046	10210	275	1985.0	mappable	0.07709762	2.0	self	6.318085e-05	0.00309597523	0.02264754938	0.09800803	0.101104	72750118	72750118	74139961	74139961	0.19231986	1	391464.6	20.410541	1.0099497	NA	NA	0.0	1.003530229	1.0035302	1	1	1:1	2	neutral	4184437
7	75160045	76059952	NA	899908	8430	2.00706046	8388	323	1577.0	mappable	0.08273333	2.0	self	0.00016437133	0.00273972603	0.01834754938	0.10111521	0.10385494	75160045	75160045	76059952	76059952	0.18749145	1	391464.6	20.410541	1.0099497	NA	NA	0.0	1.003530229	1.0035302	1	1	1:1	2	neutral	4184437
7	76810004	99310064	NA	22500062	298103	2.00706046	297076	12520	52182.0	mappable	0.08215	2.0	NA	0.00016203607	7.381708e-05	0.00237614545	0.08188859	0.08196241	76810004	76810004	99309948	99310064	0.15051924	1	391464.6	20.410541	1.0099497	NA	NA	0.0	1.003530229	1.0035302	1	1	1:1	2	neutral	4184437
7	99310065	99320049	NA	9985	148	2.36348137	148	0	25.0	mappable	NA	NA	NA	NA	inf	0.13224754938	0.15053953	inf	99310065	99310181	99319969	99320049	NA	missing	433930.0	NA	1.141	NA	NA	NA	NA	NA	NA	NA	NA	NA	NA	4184437
7	99320050	128930053	NA	29610006	379524	2.00706046	378231	15517	66082.0	mappable	0.081125	2.0	NA	0.00118434922	5.94884e-05	0.00203811599	0.08058154	0.08064102	99320050	99320130	128929996	128930110	0.14992221	1	391464.6	20.410541	1.0099497	NA	NA	0.0	1.003530229	1.0035302	1	1	1:1	2	neutral	4184437
7	128930053	128960045	NA	29993	396	2.25958784	393	0	79.0	mappable	NA	NA	NA	0.23567422516	0.33333333333	0.09404754938	0.13447785	0.46781118	128929996	128930110	128959949	128960141	NA	missing	396816.3	NA	1.1028	NA	NA	NA	NA	NA	NA	NA	NA	NA	NA	4184437
7	128960045	159119808	NA	30159771	411399	2.00706046	409248	20259	72420.0	mappable	0.08215	2.0	edge	0.00121248785	4.462493e-05	0.00296227928	0.08049546	0.08054008	128959949	128960141	159119808	159119808	0.16985457	1	391464.6	20.410541	1.0099497	NA	NA	0.0	1.003530229	1.0035302	1	1	1:1	2	neutral	4184437
8	170012	6919904	NA	6749903	193286	2.00706046	192093	10085	33844.0	mappable	0.08215	2.0	edge	0.00188778462	8.86682e-05	0.00933310364	0.08815841	0.08824708	170012	170012	6919904	6919904	0.19011461	1	391464.6	20.410541	1.0099497	NA	NA	0.0	1.003530229	1.0035302	1	1	1:1	2	neutral	4184437
8	8100000	10190004	NA	2090005	44463	2.00706046	44387	714	7605.0	mappable	0.07935	2.0	self	0.00068855206	0.00126582278	0.01462938821	0.09526044	0.09652626	8100000	8100000	10189968	10190040	0.20551764	1	391464.6	20.410541	1.0099497	NA	NA	0.0	1.003530229	1.0035302	1	1	1:1	2	neutral	4184437
8	10190004	10249980	NA	59977	1195	1.8279189	1193	70	181.0	mappable	0.06027222	5.0	NA	0.01720603799	0.01388888889	0.05665245062	0.1260071	0.13989599	10189968	10190040	10249913	10249980	0.20705545	1	377000.1	19.815909	0.9440822	NA	NA	0.0	0.913959452	0.9139595	1	1	1:1	2	neutral	4184437
8	10249981	10269990	NA	20010	470	2.19663461	463	33	75.0	mappable	0.07699167	9.0	NA	0.01648028042	0.025	0.07514754938	0.13997336	0.16497336	10249981	10250048	10269980	10270000	0.14836889	1	455849.2	23.945779	1.0796531	NA	NA	0.0	1.0983173046	1.0983173	1	1	1:1	2	neutral	4184437
8	10269990	11859985	NA	1589997	33193	2.00706046	33111	1562	5558.0	mappable	0.082975	2.0	self	0.00292848147	0.00060827251	0.01433657679	0.09708459	0.09769286	10269980	10270000	11859985	11859985	0.1823013	1	391464.6	20.410541	1.0099497	NA	NA	0.0	1.003530229	1.0035302	1	1	1:1	2	neutral	4184437
8	12580042	18800002	NA	6219962	145013	2.00706046	144573	8527	24502.0	mappable	0.078725	2.0	self	0.00264517254	0.00011152002	0.0069762278	0.08861919	0.08873071	12580042	12580042	18799995	18800009	0.14657872	1	391464.6	20.410541	1.0099497	NA	NA	0.0	1.003530229	1.0035302	1	1	1:1	2	neutral	4184437
8	18800002	18820005	NA	20004	480	2.19663461	478	115	60.0	mappable	0.06174559	9.0	NA	0.02036044976	0.00854700855	0.07424754938	0.13997759	0.1485246	18799995	18800009	18819978	18820005	0.21111479	1	455849.2	23.945779	1.0796531	NA	NA	0.0	1.0983173046	1.0983173	1	1	1:1	2	neutral	4184437
8	18820006	18959987	NA	139982	2944	1.8279189	2926	254	466.0	mappable	0.08837632	5.0	NA	0.01056062867	0.00367647059	0.06155245062	0.11699408	0.12067055	18820006	18820033	18959955	18959987	0.1942621	1	377000.1	19.815909	0.9440822	NA	NA	0.0	0.913959452	0.9139595	1	1	1:1	2	neutral	4184437
8	18959988	18979998	NA	20011	379	2.2489945	377	27	70.0	mappable	0.12496136	4.0	NA	0.03735305291	0.03448275862	0.05184754938	0.13997265	0.17445541	18959988	18960020	18979990	18979998	NA	missing	465095.6	26.051815	1.098905	NA	NA	NA	NA	NA	NA	NA	NA	NA	NA	4184437
8	18979999	43789991	NA	24809994	369414	2.00706046	368208	13932	65475.0	mappable	0.08190357	2.0	self	0.00148346313	6.606329e-05	0.00183356774	0.08141858	0.08148464	18979999	18980007	43789991	43789991	0.16323603	1	391464.6	20.410541	1.0099497	NA	NA	0.0	1.003530229	1.0035302	1	1	1:1	2	neutral	4184437
8	46880007	57180041	NA	10300038	140347	2.00706046	139955	5591	25221.0	mappable	0.08074167	2.0	self	0.00123154036	0.00016714023	0.00297999397	0.08585111	0.08601825	46880007	46880007	57169987	57190095	0.14453911	1	391464.6	20.410541	1.0099497	NA	NA	0.0	1.003530229	1.0035302	1	1	1:1	2	neutral	4184437
8	57180041	57200005	NA	19965	207	2.48777285	207	25	34.0	mappable	0.05840408	NA	identical	0.02370195636	0.04	0.17794754938	0.14000518	0.18000518	57169987	57190095	57199992	57200018	NA	missing	403300.0	20.911852	1.1867	NA	NA	NA	NA	NA	NA	NA	NA	NA	NA	4184437
8	57200005	104009994	NA	46809990	628806	2.00706046	626826	25263	110339.0	mappable	0.078725	2.0	NA	0.00304084398	3.670668e-05	0.00422849136	0.07849197	0.07852868	57199992	57200018	104009973	104010015	0.14540234	1	391464.6	20.410541	1.0099497	NA	NA	0.0	1.003530229	1.0035302	1	1	1:1	2	neutral	4184437
8	104009994	104019928	NA	9935	212	1.69361285	212	0	33.0	mappable	NA	NA	NA	NA	inf	0.11405245062	0.15062164	inf	104009973	104010015	104019850	104019928	NA	missing	362680.0	NA	0.8947	NA	NA	NA	NA	NA	NA	NA	NA	NA	NA	4184437
8	104019929	123779991	NA	19760063	271768	2.00706046	270790	13042	46700.0	mappable	0.0795131	2.0	NA	0.00269458724	7.133176e-05	0.00296661748	0.08252158	0.08259291	104019929	104020007	123779972	123780010	0.13748754	1	391464.6	20.410541	1.0099497	NA	NA	0.0	1.003530229	1.0035302	1	1	1:1	2	neutral	4184437
8	123779991	123789994	NA	10004	164	2.58541101	163	0	25.0	mappable	NA	NA	identical	0.06940911352	1.0	0.21384754938	0.15050846	1.15050846	123779972	123780010	123789970	123790018	NA	missing	434518.3	NA	1.2226	NA	NA	NA	NA	NA	NA	NA	NA	NA	NA	4184437
8	123789994	146289988	NA	22499997	347040	2.00706046	345504	15217	60942.0	mappable	0.081125	2.0	edge	8.499153e-05	5.96908e-05	0.00189442215	0.08188861	0.0819483	123789970	123790018	146289988	146289988	0.15500276	1	391464.6	20.410541	1.0099497	NA	NA	0.0	1.003530229	1.0035302	1	1	1:1	2	neutral	4184437
9	200101	38769828	NA	38569735	645843	2.00706046	643975	29209	111809.0	mappable	0.08215	2.0	edge	7.679875e-05	3.218124e-05	0.00123068352	0.07936204	0.07939422	200101	200101	38769828	38769828	0.14837507	1	391464.6	20.410541	1.0099497	NA	NA	0.0	1.003530229	1.0035302	1	1	1:1	2	neutral	4184437
9	66840048	66849972	NA	9925	540	2.19663461	509	0	177.0	mappable	NA	9.0	NA	0.00712399574	0.03225806452	0.09804754938	0.15063813	0.18289619	66840048	66840048	66849972	66849972	NA	missing	455849.2	NA	1.0796531	NA	NA	NA	NA	NA	NA	NA	NA	NA	NA	4184437
9	68410004	68419976	NA	9973	1130	2.00706046	1044	0	284.0	mappable	NA	2.0	self	0.00708567717	0.01162790698	0.01774754938	0.15055919	0.1621871	68410004	68410004	68419976	68419976	NA	missing	391464.6	NA	1.0099497	NA	NA	NA	NA	NA	NA	NA	NA	NA	NA	4184437
9	71030093	141019791	NA	69989707	961786	2.00706046	957845	44505	167978.0	mappable	0.08215	2.0	edge	0.00047720362	2.064239e-05	0.00055362624	0.07674409	0.07676473	71030093	71030093	141019791	141019791	0.16178092	1	391464.6	20.410541	1.0099497	NA	NA	0.0	1.003530229	1.0035302	1	1	1:1	2	neutral	4184437
10	130013	10569992	NA	10439980	179915	2.00706046	178756	9248	31985.0	mappable	0.078725	2.0	edge	0.00338103799	9.608917e-05	0.00375245062	0.08577942	0.08587551	130013	130013	10569966	10569992	0.1787345	1	391464.6	20.410541	1.0099497	NA	NA	0.0	1.003530229	1.0035302	1	1	1:1	2	neutral	4184437
10	10569993	10609995	NA	40003	706	1.78146	706	0	115.0	mappable	NA	NA	NA	NA	inf	0.08175245062	0.13082309	inf	10569993	10570019	10609968	10609995	NA	missing	376665.2	NA	0.927	NA	NA	NA	NA	NA	NA	NA	NA	NA	NA	4184437
10	10609996	10719989	NA	109994	1685	2.04445751	1685	0	299.0	mappable	NA	NA	NA	NA	inf	0.01494754938	0.11942391	inf	10609996	10610023	10719973	10719989	NA	missing	396282.1	NA	1.0237	NA	NA	NA	NA	NA	NA	NA	NA	NA	NA	4184437
10	10719990	10780019	NA	60030	863	1.88399367	863	0	139.0	mappable	NA	NA	NA	NA	inf	0.04405245062	0.12599698	inf	10719990	10720006	10779974	10780019	NA	missing	377764.5	NA	0.9647	NA	NA	NA	NA	NA	NA	NA	NA	NA	NA	4184437
10	10780020	10790010	NA	9991	165	2.28977679	165	0	35.0	mappable	NA	NA	NA	NA	inf	0.10514754938	0.15052971	inf	10780020	10780065	10789986	10790034	NA	missing	394095.6	NA	1.1139	NA	NA	NA	NA	NA	NA	NA	NA	NA	NA	4184437
10	10790010	24569931	NA	13779923	212372	2.00706046	211571	9794	37225.0	mappable	0.083975	2.0	NA	0.0022884798	9.438414e-05	0.0023613431	0.08433102	0.08442541	10789986	10790034	24569859	24569931	0.151706	1	391464.6	20.410541	1.0099497	NA	NA	0.0	1.003530229	1.0035302	1	1	1:1	2	neutral	4184437
10	24569932	24579952	NA	10021	171	2.60472107	171	0	31.0	mappable	NA	NA	NA	NA	inf	0.22094754938	0.15048072	inf	24569932	24570004	24579821	24580083	NA	missing	407873.3	NA	1.2297	NA	NA	NA	NA	NA	NA	NA	NA	NA	NA	4184437
10	24579952	38600358	NA	14020407	182920	2.00706046	182196	9624	32102.0	mappable	0.08215	2.0	NA	0.00024321998	9.663703e-05	0.00376963026	0.08424236	0.084339	24579821	24580083	38429948	38600358	0.16791132	1	391464.6	20.410541	1.0099497	NA	NA	0.0	1.003530229	1.0035302	1	1	1:1	2	neutral	4184437
10	42410000	42459996	NA	49997	1848	2.2489945	1846	3	456.0	mappable	0.24547521	4.0	NA	0.11378571139	0.2	0.08574754938	0.12812666	0.32812666	42410000	42410000	42459951	42459996	NA	missing	465095.6	26.051815	1.098905	NA	NA	NA	NA	NA	NA	NA	NA	NA	NA	4184437
10	42655065	42880013	NA	224949	1108	2.28841693	1101	1	407.0	mappable	0.15789474	NA	NA	0.44806927647	0.125	0.10464754938	0.11249076	0.23749076	42655065	42790165	42879981	42880013	NA	missing	388248.5	22.477543	1.1134	NA	NA	NA	NA	NA	NA	NA	NA	NA	NA	4184437
10	42880014	44679934	NA	1799921	19500	2.00706046	19466	527	3394.0	mappable	0.08279924	2.0	NA	0.00069320443	0.00178253119	0.01425245062	0.0962487	0.09803123	42880014	42880046	44679810	44680058	0.19436073	1	391464.6	20.410541	1.0099497	NA	NA	0.0	1.003530229	1.0035302	1	1	1:1	2	neutral	4184437
10	44679934	44689997	NA	10064	205	1.66152008	205	0	39.0	mappable	NA	NA	NA	NA	inf	0.12585245062	0.15041081	inf	44679810	44680058	44689986	44690008	NA	missing	354946.7	NA	0.8829	NA	NA	NA	NA	NA	NA	NA	NA	NA	NA	4184437
10	44689997	46159967	NA	1469971	18930	2.00706046	18879	812	3180.0	mappable	0.08454091	2.0	NA	0.00045229534	0.00115874855	0.00535245062	0.09762119	0.09877993	44689986	44690008	46159967	46159967	0.16795528	1	391464.6	20.410541	1.0099497	NA	NA	0.0	1.003530229	1.0035302	1	1	1:1	2	neutral	4184437
10	48310177	48659961	NA	349785	5566	2.00706046	5545	188	975.0	mappable	0.06709808	2.0	self	0.01382542575	0.004784689	0.03185245062	0.10860057	0.11338526	48310177	48310177	48659961	48659961	0.11953851	1	391464.6	20.410541	1.0099497	NA	NA	0.0	1.003530229	1.0035302	1	1	1:1	2	neutral	4184437
10	49390096	70969971	NA	21579876	300632	2.00706046	299656	15024	52388.0	mappable	0.07951346	2.0	NA	0.00338103799	6.250391e-05	4.754938e-05	0.08209108	0.08215358	49390096	49390096	70969847	70970095	0.14349521	1	391464.6	20.410541	1.0099497	NA	NA	0.0	1.003530229	1.0035302	1	1	1:1	2	neutral	4184437
10	70969971	70989978	NA	20008	346	2.35178655	346	0	59.0	mappable	NA	NA	NA	NA	inf	0.12794754938	0.13997477	inf	70969847	70970095	70989918	70989978	NA	missing	424742.4	NA	1.1367	NA	NA	NA	NA	NA	NA	NA	NA	NA	NA	4184437
10	70989979	71709972	NA	719994	12410	2.00706046	12382	461	2133.0	mappable	0.08432283	2.0	NA	0.00346896201	0.00204498978	0.02605245062	0.10278747	0.10483246	70989979	70990039	71709908	71710036	0.19552635	1	391464.6	20.410541	1.0099497	NA	NA	0.0	1.003530229	1.0035302	1	1	1:1	2	neutral	4184437
10	71709972	71720002	NA	10031	172	1.59053523	172	3	29.0	mappable	0.20756078	NA	identical	0.12545473787	0.33333333333	0.15195245062	0.15046443	0.48379777	71709908	71710036	71719970	71720002	NA	missing	359585.6	21.350395	0.8568	NA	NA	NA	NA	NA	NA	NA	NA	NA	NA	4184437
10	71720003	135439925	NA	63719927	898105	2.00706046	894557	40200	156245.0	mappable	0.08215	2.0	edge	0.00039204569	2.285871e-05	0.00476407487	0.07714489	0.07716775	71720003	71720035	135439925	135439925	0.16442442	1	391464.6	20.410541	1.0099497	NA	NA	0.0	1.003530229	1.0035302	1	1	1:1	2	neutral	4184437
11	190010	48899996	NA	48709990	695290	2.00706046	692083	34717	120559.0	mappable	0.08215	2.0	edge	0.00034808211	2.636853e-05	0.00502020263	0.07831554	0.07834191	190010	190010	48899996	48899996	0.15369975	1	391464.6	20.410541	1.0099497	NA	NA	0.0	1.003530229	1.0035302	1	1	1:1	2	neutral	4184437
11	48899997	50170092	NA	1270096	0	0.0	0	0	NA	mappable	NA	NA	NA	NA	inf	1.00875245062	0.09863632	inf	48899997	48899997	50170092	50170092	NA	missing	NA	NA	0.0	NA	NA	0.0	0.0	0.0	0	0	NA	0	homozygousDel	4184437
11	50170093	51354884	NA	1184793	17350	2.00706046	17205	864	3691.0	mappable	0.08588846	2.0	NA	0.00656482445	0.00099108028	0.00479684045	0.09912668	0.10011776	50170093	50170093	51349710	51354884	0.16659712	1	391464.6	20.410541	1.0099497	NA	NA	0.0	1.003530229	1.0035302	1	1	1:1	2	neutral	4184437
11	51354885	51579984	NA	225100	1439	2.19663461	1420	13	346.0	mappable	0.22996667	9.0	NA	0.00895229534	0.03125	0.06444754938	0.11248463	0.14373463	51354885	51360059	51579984	51579984	NA	missing	455849.2	23.945779	1.0796531	NA	NA	NA	NA	NA	NA	NA	NA	NA	NA	4184437
11	54792817	55379978	NA	587162	11277	2.00706046	11212	378	2174.0	mappable	0.07205	2.0	NA	0.01172548244	0.00225733634	0.00934754938	0.10436562	0.10662295	54792817	54792817	55379944	55379978	0.15471207	1	391464.6	20.410541	1.0099497	NA	NA	0.0	1.003530229	1.0035302	1	1	1:1	2	neutral	4184437
11	55379979	55390014	NA	10036	210	1.56632967	210	0	25.0	mappable	NA	NA	NA	NA	inf	0.16085245062	0.1504563	inf	55379979	55380013	55389977	55390051	NA	missing	172013.3	NA	0.8479	NA	NA	NA	NA	NA	NA	NA	NA	NA	NA	4184437
11	55390014	70000064	NA	14610051	178794	2.00706046	177942	6100	31656.0	mappable	0.08215	2.0	NA	4.396201e-05	0.0001438435	0.00804754938	0.084032	0.08417584	55389977	55390051	69999965	70000064	0.2022215	1	391464.6	20.410541	1.0099497	NA	NA	0.0	1.003530229	1.0035302	1	1	1:1	2	neutral	4184437
11	70000065	70029989	NA	29925	487	1.74392778	487	0	107.0	mappable	NA	NA	NA	NA	inf	0.09555245062	0.13450746	inf	70000065	70000164	70029873	70030105	NA	missing	392540.4	NA	0.9132	NA	NA	NA	NA	NA	NA	NA	NA	NA	NA	4184437
11	70029989	89349940	NA	19319953	264964	2.00706046	264091	10131	46291.0	mappable	0.07813913	2.0	NA	0.00291707186	9.087605e-05	0.00135965329	0.08263238	0.08272325	70029873	70030105	89349940	89349940	0.139222	1	391464.6	20.410541	1.0099497	NA	NA	0.0	1.003530229	1.0035302	1	1	1:1	2	neutral	4184437
11	89850037	89860015	NA	9979	175	2.3710966	174	28	25.0	mappable	0.07875	NA	NA	0.00367729534	0.03448275862	0.13504754938	0.15054936	0.18503212	89850037	89850037	89859994	89860036	NA	missing	407083.3	21.488453	1.1438	NA	NA	NA	NA	NA	NA	NA	NA	NA	NA	4184437
11	89860015	114629959	NA	24769948	359697	2.00706046	358384	16322	62167.0	mappable	0.08215	2.0	self	0.0004164464	5.670542e-05	0.00157044782	0.0814263	0.08148301	89859994	89860036	114629890	114630028	0.15545551	1	391464.6	20.410541	1.0099497	NA	NA	0.0	1.003530229	1.0035302	1	1	1:1	2	neutral	4184437
11	114629959	114640003	NA	10045	162	2.42685099	138	0	21.0	mappable	NA	NA	identical	0.00753246884	0.04166666667	0.15554754938	0.15044166	0.19210833	114629890	114630028	114639994	114640003	NA	missing	387344.3	NA	1.1643	NA	NA	NA	NA	NA	NA	NA	NA	NA	NA	4184437
11	114640004	123850010	NA	9210007	134734	2.00706046	134221	5329	23161.0	mappable	0.08215	2.0	NA	4.396201e-05	0.00017117426	0.00455245062	0.08644996	0.08662113	114640004	114640013	123849979	123850041	0.1574825	1	391464.6	20.410541	1.0099497	NA	NA	0.0	1.003530229	1.0035302	1	1	1:1	2	neutral	4184437
11	123850010	123860026	NA	10017	160	2.41325236	160	0	25.0	mappable	NA	NA	NA	NA	inf	0.15054754938	0.15048725	inf	123849979	123850041	123859949	123860026	NA	missing	388050.0	NA	1.1593	NA	NA	NA	NA	NA	NA	NA	NA	NA	NA	4184437
11	123860027	125289975	NA	1429949	22047	2.00706046	21956	1147	3861.0	mappable	0.08382368	2.0	NA	0.00171764622	0.00080775444	0.01375245062	0.09781131	0.09861907	123860027	123860104	125289848	125289975	0.15989595	1	391464.6	20.410541	1.0099497	NA	NA	0.0	1.003530229	1.0035302	1	1	1:1	2	neutral	4184437
11	125289976	125310006	NA	20031	273	1.8279189	273	24	47.0	mappable	0.07453112	5.0	NA	0.00757491555	0.04166666667	0.09325245062	0.13995853	0.1816252	125289976	125290103	125309994	125310018	NA	missing	377000.1	19.815909	0.9440822	NA	NA	NA	NA	NA	NA	NA	NA	NA	NA	4184437
11	125310006	125319994	NA	9989	131	2.19663461	127	0	21.0	mappable	NA	9.0	NA	0.0399355699	0.25	0.08834754938	0.15053299	0.40053299	125309994	125310018	125319986	125320002	NA	missing	455849.2	NA	1.0796531	NA	NA	NA	NA	NA	NA	NA	NA	NA	NA	4184437
11	125319994	134939862	NA	9619869	147338	2.00706046	146698	7314	25327.0	mappable	0.08215	2.0	edge	4.396201e-05	0.00012572291	0.01125245062	0.08621587	0.08634159	125319986	125320002	134939862	134939862	0.1716557	1	391464.6	20.410541	1.0099497	NA	NA	0.0	1.003530229	1.0035302	1	1	1:1	2	neutral	4184437
12	160107	14859995	NA	14699889	198772	2.00706046	197558	9052	34542.0	mappable	0.08088333	2.0	edge	0.0017654699	9.740892e-05	0.00584446696	0.08400078	0.08409819	160107	160107	14849929	14870061	0.19959664	1	391464.6	20.410541	1.0099497	NA	NA	0.0	1.003530229	1.0035302	1	1	1:1	2	neutral	4184437
12	14859995	14879953	NA	19959	156	2.42603507	148	4	26.0	mappable	0.0968	NA	identical	0.02489396201	0.08333333333	0.15524754938	0.14000943	0.22334277	14849929	14870061	14879866	14879953	NA	missing	422127.1	23.43489	1.164	NA	NA	NA	NA	NA	NA	NA	NA	NA	NA	4184437
12	14879954	34819969	NA	19940018	279361	2.00706046	278306	12685	49049.0	mappable	0.08190357	2.0	self	0.00017649026	7.27802e-05	0.00832327541	0.08247707	0.08254985	14879954	14880041	34819969	34819969	0.168146	1	391464.6	20.410541	1.0099497	NA	NA	0.0	1.003530229	1.0035302	1	1	1:1	2	neutral	4184437
12	38000003	50510009	NA	12510009	173821	2.00706046	173307	5767	31610.0	mappable	0.08215	2.0	NA	0.00018229615	0.00015921032	0.01063131774	0.08482995	0.08498916	38000003	38000003	50509994	50510024	0.17975279	1	391464.6	20.410541	1.0099497	NA	NA	0.0	1.003530229	1.0035302	1	1	1:1	2	neutral	4184437
12	50510009	50564931	NA	54923	555	2.27318647	553	0	107.0	mappable	NA	NA	NA	0.33607578019	0.5	0.09904754938	0.12702346	0.62702346	50509994	50510024	50549763	50580099	NA	missing	399017.0	NA	1.1078	NA	NA	NA	NA	NA	NA	NA	NA	NA	NA	4184437
12	50564931	132449996	NA	81885072	1112657	2.00706046	1108099	48861	195648.0	mappable	0.08215	2.0	NA	0.00046607205	1.872028e-05	0.00166486586	0.07608295	0.07610167	50549763	50580099	132449836	132449996	0.16619673	1	391464.6	20.410541	1.0099497	NA	NA	0.0	1.003530229	1.0035302	1	1	1:1	2	neutral	4184437
12	132449997	132469972	NA	19976	314	2.32594915	314	0	54.0	mappable	NA	NA	NA	NA	inf	0.11844754938	0.1399974	inf	132449997	132450157	132469938	132470006	NA	missing	391586.1	NA	1.1272	NA	NA	NA	NA	NA	NA	NA	NA	NA	NA	4184437
12	132469972	133819926	NA	1349955	16208	2.00706046	16006	634	3195.0	mappable	0.08072432	2.0	edge	4.396201e-05	0.00119904077	0.01304754938	0.09821022	0.09940926	132469938	132470006	133819926	133819926	0.2516059	1	391464.6	20.410541	1.0099497	NA	NA	0.0	1.003530229	1.0035302	1	1	1:1	2	neutral	4184437
13	19450038	115099984	NA	95649956	1367931	2.00706046	1362893	62633	239837.0	mappable	0.08215	2.0	edge	0.0009772394	1.477803e-05	0.00160538114	0.07543964	0.07545442	19450038	19450038	115099984	115099984	0.16782982	1	391464.6	20.410541	1.0099497	NA	NA	0.0	1.003530229	1.0035302	1	1	1:1	2	neutral	4184437
14	20330060	66994989	NA	46664934	640180	2.00706046	637996	26870	110819.0	mappable	0.08215	2.0	edge	8.888791e-05	3.441985e-05	0.01033555651	0.07850577	0.07854019	20330060	20330060	66989966	67000012	0.16728467	1	391464.6	20.410541	1.0099497	NA	NA	0.0	1.003530229	1.0035302	1	1	1:1	2	neutral	4184437
14	66994989	67040070	NA	45082	575	2.23918989	575	0	107.0	mappable	NA	NA	NA	NA	inf	0.08654754938	0.1293639	inf	66989966	67000012	67039939	67040070	NA	missing	400772.6	NA	1.0953	NA	NA	NA	NA	NA	NA	NA	NA	NA	NA	4184437
14	67040071	106176911	NA	39136845	567051	2.00706046	564851	25578	99133.0	mappable	0.08215	2.0	NA	0.00038319792	3.600101e-05	0.00091670595	0.07929578	0.07933178	67040071	67040202	106009942	106176911	0.1627861	1	391464.6	20.410541	1.0099497	NA	NA	0.0	1.003530229	1.0035302	1	1	1:1	2	neutral	4184437
14	106176912	106211013	DUP	34102	0	0.0	0	0	NA	mappable	NA	NA	NA	NA	inf	1.00875245062	0.13282357	inf	106176912	106176912	106211013	106211013	NA	missing	NA	NA	0.0	NA	NA	0.0	0.0	0.0	0	0	NA	0	homozygousDel	4184437
14	106211014	106240210	DEL	29197	0	0.0	0	0	NA	mappable	NA	NA	NA	NA	inf	1.00875245062	0.13482965	inf	106211014	106211014	106240210	106240210	NA	missing	NA	NA	0.0	NA	NA	0.0	0.0	0.0	0	0	NA	0	homozygousDel	4184437
14	106240211	106326786	DEL	86576	1175	1.03169572	1164	58	273.0	mappable	0.60575227	8.0	NA	0.51854570619	0.01449275362	0.33935245062	0.12193873	0.13643149	106240211	106250082	106326784	106326786	0.99924757	2	244425.5	19.326554	0.6513236	18.90174	0.9991199	0.9982397	0.0009080446	1.0307877	1	0	1:0	1	LOH	4184437
14	106326787	106330462	DUP	3676	834	1.21766079	834	3	167.0	mappable	0.16844167	NA	NA	0.08633562867	0.33333333333	0.28905245062	0.168863	0.50219633	106326787	106326791	106330460	106330462	NA	missing	291467.9	17.60952	0.7197	NA	NA	NA	NA	NA	NA	NA	NA	NA	NA	4184437
14	106330463	106354417	CTX	23955	351	0.01363808	339	23	76.0	mappable	0.11916111	NA	NA	0.04279396201	0.02857142857	0.73175245062	0.13747557	0.166047	106330463	106330467	106349982	106354417	NA	missing	101340.9	5.790909	0.277	NA	NA	NA	NA	NA	NA	NA	NA	NA	NA	4184437
14	106354418	106804973	CTX	450556	3042	1.06318036	2984	72	523.0	mappable	0.66822391	NA	NA	0.58571896201	0.00769230769	0.34585245062	0.10648864	0.11418094	106354418	106400108	106779888	106804973	0.94522546	2	254515.8	20.670992	0.6629	19.33832	1.0293665	1.0	0.0	1.0631804	1	0	1:0	1	LOH	4184437
14	106804974	107070009	NA	265036	3932	2.00706046	3749	273	565.0	mappable	0.09079527	2.0	NA	0.00465298921	0.00219298246	0.03864754938	0.11101349	0.11320647	106804974	106830059	107069954	107070064	0.29147378	1	391464.6	20.410541	1.0099497	NA	NA	0.0	1.003530229	1.0035302	1	1	1:1	2	neutral	4184437
14	107070009	107115004	NA	44996	541	1.87637844	541	0	85.0	mappable	NA	NA	NA	NA	inf	0.04685245062	0.12938695	inf	107069954	107070064	107109993	107120015	NA	missing	381568.3	NA	0.9619	NA	NA	NA	NA	NA	NA	NA	NA	NA	NA	4184437
14	107115004	107259908	NA	144905	2587	2.00706046	2573	27	476.0	mappable	0.10461121	2.0	edge	0.00630934662	0.0243902439	0.03724754938	0.1166538	0.14104404	107109993	107120015	107259908	107259908	NA	missing	391464.6	20.410541	1.0099497	NA	NA	NA	NA	NA	NA	NA	NA	NA	NA	4184437
15	20850000	20859924	NA	9925	165	2.02052392	143	0	10.0	mappable	NA	NA	edge	0.17025534085	0.04545454545	0.00614754938	0.15063813	0.19609267	20850000	20850000	20859924	20859924	NA	missing	948208.0	NA	1.0149	NA	NA	NA	NA	NA	NA	NA	NA	NA	NA	4184437
15	22480079	23069956	NA	589878	4050	2.00706046	4013	167	726.0	mappable	0.08376667	2.0	self	0.00098103799	0.00490196078	0.00164754938	0.10432937	0.10923133	22480079	22480079	23069956	23069956	0.19231231	1	391464.6	20.410541	1.0099497	NA	NA	0.0	1.003530229	1.0035302	1	1	1:1	2	neutral	4184437
15	23710146	23730074	NA	19929	335	2.19663461	333	32	51.0	mappable	0.06188056	9.0	NA	0.02022270466	0.02941176471	0.07544754938	0.14003071	0.16944247	23710146	23710146	23729957	23730074	0.31208581	1	455849.2	23.945779	1.0796531	NA	NA	0.0	1.0983173046	1.0983173	1	1	1:1	2	neutral	4184437
15	23730075	24329926	NA	599852	10019	2.00706046	9986	382	1668.0	mappable	0.08215	2.0	NA	0.00338103799	0.00240963855	0.00595245062	0.10419789	0.10660753	23730075	23730192	24329926	24329926	0.21665321	1	391464.6	20.410541	1.0099497	NA	NA	0.0	1.003530229	1.0035302	1	1	1:1	2	neutral	4184437
15	24329927	24830091	NA	500165	0	0.0	0	0	NA	mappable	NA	NA	NA	NA	inf	1.00875245062	0.10564099	inf	24329927	24329927	24830091	24830091	NA	missing	NA	NA	0.0	NA	NA	0.0	0.0	0.0	0	0	NA	0	homozygousDel	4184437
15	24830092	28529988	NA	3699897	57413	2.00706046	57218	2299	9851.0	mappable	0.08336071	2.0	NA	4.396201e-05	0.00040096231	0.00515245062	0.091663	0.09206397	24830092	24830092	28529988	28529988	0.17031095	1	391464.6	20.410541	1.0099497	NA	NA	0.0	1.003530229	1.0035302	1	1	1:1	2	neutral	4184437
15	29100034	30369914	NA	1269881	18287	2.00706046	18220	666	3158.0	mappable	0.0811913	2.0	self	0.00680603799	0.00136425648	0.00014754938	0.09863751	0.10000177	29100034	29100034	30369914	30369914	0.16605233	1	391464.6	20.410541	1.0099497	NA	NA	0.0	1.003530229	1.0035302	1	1	1:1	2	neutral	4184437
15	31160110	41749961	NA	10589853	139480	2.00706046	138947	6894	23851.0	mappable	0.078725	2.0	self	0.00013454808	0.00013464387	0.00548909656	0.08570383	0.08583848	31160110	31160110	41749916	41750006	0.15371448	1	391464.6	20.410541	1.0099497	NA	NA	0.0	1.003530229	1.0035302	1	1	1:1	2	neutral	4184437
15	41749961	59715011	NA	17965051	244763	1.03169572	243938	10483	42333.0	mappable	0.60275	8.0	identical	0.52406896201	8.844079e-05	0.36165245062	0.08299206	0.0830805	41749916	41750006	59709937	59720085	0.96304895	2	244425.5	19.326554	0.6513236	18.90174	0.9991199	0.9982397	0.0009080446	1.0307877	1	0	1:0	1	LOH	4184437
15	59715011	82479795	NA	22764786	306095	2.00706046	304925	11953	53446.0	mappable	0.08215	2.0	self	0.00156197256	7.620209e-05	0.00192509655	0.08183205	0.08190826	59709937	59720085	82479795	82479795	0.17305171	1	391464.6	20.410541	1.0099497	NA	NA	0.0	1.003530229	1.0035302	1	1	1:1	2	neutral	4184437
15	83211507	102399920	NA	19188416	296027	2.00706046	294832	14747	50639.0	mappable	0.08215	2.0	edge	3.105216e-05	6.272739e-05	0.00069361241	0.08266604	0.08272877	83211507	83211507	102399920	102399920	0.15088719	1	391464.6	20.410541	1.0099497	NA	NA	0.0	1.003530229	1.0035302	1	1	1:1	2	neutral	4184437
16	100010	6879992	NA	6779984	122783	2.00706046	122055	6013	21598.0	mappable	0.085575	2.0	edge	0.00363950845	0.00014834594	0.00870376563	0.08813349	0.08828183	100010	100010	6879971	6880013	0.15672268	1	391464.6	20.410541	1.0099497	NA	NA	0.0	1.003530229	1.0035302	1	1	1:1	2	neutral	4184437
16	6879992	6890009	NA	10018	413	2.35994573	413	0	77.0	mappable	NA	NA	NA	NA	inf	0.13094754938	0.15048561	inf	6879971	6880013	6889994	6890009	NA	missing	411163.3	NA	1.1397	NA	NA	NA	NA	NA	NA	NA	NA	NA	NA	4184437
16	6890010	16289940	NA	9399932	175058	2.00706046	174273	8687	30253.0	mappable	0.08215	2.0	NA	0.00096703975	0.00010557432	0.00238828331	0.08634006	0.08644563	6890010	6890025	16289940	16289940	0.17859948	1	391464.6	20.410541	1.0099497	NA	NA	0.0	1.003530229	1.0035302	1	1	1:1	2	neutral	4184437
16	16870104	18169896	NA	1299793	20483	2.00706046	20378	1236	3404.0	mappable	0.079325	2.0	self	0.00680603799	0.00074571216	0.01105245062	0.09847438	0.0992201	16870104	16870104	18169896	18169896	0.14814115	1	391464.6	20.410541	1.0099497	NA	NA	0.0	1.003530229	1.0035302	1	1	1:1	2	neutral	4184437
16	18800044	29039945	NA	10239902	125268	2.00706046	124592	5872	21963.0	mappable	0.08275	2.0	self	4.396201e-05	0.00015271839	0.00804754938	0.08588225	0.08603497	18800044	18800044	29039945	29039945	0.17429656	1	391464.6	20.410541	1.0099497	NA	NA	0.0	1.003530229	1.0035302	1	1	1:1	2	neutral	4184437
16	29670028	31959970	NA	2289943	17553	2.00706046	17486	179	3225.0	mappable	0.10576667	2.0	self	0.03086896201	0.00406504065	0.03674754938	0.09466613	0.09873117	29670028	29670028	31959970	31959970	0.27131844	1	391464.6	20.410541	1.0099497	NA	NA	0.0	1.003530229	1.0035302	1	1	1:1	2	neutral	4184437
16	32520030	32649899	NA	129870	3045	1.98271973	2885	0	646.0	mappable	NA	NA	NA	0.10019107222	0.00625	0.00775245062	0.11773911	0.12398911	32520030	32520030	32649899	32649899	NA	missing	454578.6	NA	1.001	NA	NA	NA	NA	NA	NA	NA	NA	NA	NA	4184437
16	34200030	35279959	NA	1079930	13359	2.00706046	13345	11	2766.0	mappable	0.06771029	2.0	self	0.01048331072	0.04	0.01175245062	0.09978792	0.13978792	34200030	34200075	35279959	35279959	NA	missing	391464.6	20.410541	1.0099497	NA	NA	NA	NA	NA	NA	NA	NA	NA	NA	4184437
16	46450014	90109969	NA	43659967	703496	2.00706046	700842	29527	123034.0	mappable	0.078725	2.0	edge	0.00131579511	3.10752e-05	0.00078975332	0.0788028	0.07883388	46450014	46450014	90109969	90109969	0.15969686	1	391464.6	20.410541	1.0099497	NA	NA	0.0	1.003530229	1.0035302	1	1	1:1	2	neutral	4184437
17	20080	16927060	NA	16906981	217307	2.00706046	216058	12329	37824.0	mappable	0.08215	2.0	edge	4.396201e-05	7.364855e-05	0.01074754938	0.08329475	0.0833684	20080	20080	16927018	16927060	0.17658262	1	391464.6	20.410541	1.0099497	NA	NA	0.0	1.003530229	1.0035302	1	1	1:1	2	neutral	4184437
17	16927061	18239982	INV	1312922	15541	1.03169572	15507	393	2730.0	mappable	0.565075	8.0	NA	0.48296896201	0.00234192037	0.37245245062	0.09840413	0.10074605	16927061	16927089	18239982	18239982	0.9215778	2	244425.5	19.326554	0.6513236	18.90174	0.9991199	0.9982397	0.0009080446	1.0307877	1	0	1:0	1	LOH	4184437
17	18750212	22239986	NA	3489775	25850	2.00706046	25136	971	4668.0	mappable	0.08323269	2.0	self	0.0016234702	0.00059347181	0.01114754938	0.09201874	0.09261221	18750212	18750212	22239986	22239986	0.20265048	1	391464.6	20.410541	1.0099497	NA	NA	0.0	1.003530229	1.0035302	1	1	1:1	2	neutral	4184437
17	25390040	26550052	NA	1160013	12594	2.00706046	12555	450	2198.0	mappable	0.07680109	2.0	NA	0.00530495104	0.00204498978	0.00375245062	0.09927672	0.10132171	25390040	25390040	26529976	26570128	0.18336729	1	391464.6	20.410541	1.0099497	NA	NA	0.0	1.003530229	1.0035302	1	1	1:1	2	neutral	4184437
17	26550052	26584985	NA	34934	101	1.67974225	101	0	19.0	mappable	NA	NA	NA	NA	inf	0.11915245062	0.13251752	inf	26529976	26570128	26579971	26584985	NA	missing	402756.7	NA	0.8896	NA	NA	NA	NA	NA	NA	NA	NA	NA	NA	4184437
17	26584986	42277304	NA	15692319	175395	2.00706046	174646	6342	31042.0	mappable	0.07951346	2.0	NA	4.396201e-05	0.00014102383	0.00644754938	0.08366956	0.08381059	26584986	26590000	42276992	42277304	0.18597451	1	391464.6	20.410541	1.0099497	NA	NA	0.0	1.003530229	1.0035302	1	1	1:1	2	neutral	4184437
17	42277305	42289134	DEL	11830	166	1.15837077	166	4	23.0	mappable	0.85315556	NA	identical	0.77104951756	0.25	0.31085245062	0.14781789	0.39781789	42277305	42277612	42289134	42289134	NA	missing	270863.8	24.862542	0.6979	NA	NA	NA	NA	NA	NA	NA	NA	NA	NA	4184437
17	42289135	44279982	DEL	1990848	22660	2.00706046	22596	687	4249.0	mappable	0.0753	2.0	self	0.00680603799	0.00133155792	0.00764754938	0.09557967	0.09691123	42289135	42289145	44279982	44279982	0.16687146	1	391464.6	20.410541	1.0099497	NA	NA	0.0	1.003530229	1.0035302	1	1	1:1	2	neutral	4184437
17	44790026	62370034	NA	17580009	211018	2.00706046	210242	8534	37303.0	mappable	0.081125	2.0	self	0.00338103799	0.00010741139	0.01004754938	0.08309985	0.08320726	44790026	44790026	62369993	62370034	0.18141322	1	391464.6	20.410541	1.0099497	NA	NA	0.0	1.003530229	1.0035302	1	1	1:1	2	neutral	4184437
17	62370035	62371929	NA	1895	34	1.30034047	30	0	5.0	mappable	NA	NA	NA	0.03740187202	0.25	0.25865245062	0.18368877	0.43368877	62370035	62370076	62371925	62371929	NA	missing	286072.0	NA	0.7501	NA	NA	NA	NA	NA	NA	NA	NA	NA	NA	4184437
17	62371930	65530012	INV	3158083	38496	1.03169572	38349	1765	6672.0	mappable	0.585625	8.0	NA	0.51036138602	0.00052328624	0.36208576577	0.09263283	0.09315612	62371930	62371947	65529947	65530077	0.94030644	2	244425.5	19.326554	0.6513236	18.90174	0.9991199	0.9982397	0.0009080446	1.0307877	1	0	1:0	1	LOH	4184437
17	65530012	81149937	NA	15619928	226870	2.00706046	225574	11469	40387.0	mappable	0.08215	2.0	edge	0.00150594593	7.834535e-05	0.00452387327	0.08369292	0.08377126	65529947	65530077	81149937	81149937	0.19747399	1	391464.6	20.410541	1.0099497	NA	NA	0.0	1.003530229	1.0035302	1	1	1:1	2	neutral	4184437
18	130031	14119956	NA	13989930	212715	2.00706046	211971	11189	36463.0	mappable	0.08088333	2.0	edge	6.005901e-05	8.380122e-05	0.00158104757	0.0842535	0.0843373	130031	130031	14119956	14119956	0.15588633	1	391464.6	20.410541	1.0099497	NA	NA	0.0	1.003530229	1.0035302	1	1	1:1	2	neutral	4184437
18	14119957	14910026	NA	790070	0	0.0	0	0	NA	mappable	NA	NA	NA	NA	inf	1.00875245062	0.10208446	inf	14119957	14119957	14910026	14910026	NA	missing	NA	NA	0.0	NA	NA	0.0	0.0	0.0	0	0	NA	0	homozygousDel	4184437
18	14910027	14929888	NA	19862	364	2.00706046	359	30	67.0	mappable	0.08283199	2.0	NA	0.02842917363	0.02857142857	0.02155245062	0.14007836	0.16864978	14910027	14910027	14929888	14929888	NA	missing	391464.6	20.410541	1.0099497	NA	NA	NA	NA	NA	NA	NA	NA	NA	NA	4184437
18	18540053	60793548	NA	42253496	599279	2.00706046	597230	26038	104389.0	mappable	0.078725	2.0	NA	0.00281656361	3.560366e-05	0.00498346989	0.07894976	0.07898536	18540053	18540053	60793521	60793548	0.15163415	1	391464.6	20.410541	1.0099497	NA	NA	0.0	1.003530229	1.0035302	1	1	1:1	2	neutral	4184437
18	60793549	60793549	CTX	1	1	1.86876321	1	0	0.0	mappable	NA	NA	NA	NA	inf	0.04965245062	inf	inf	60793549	60793549	60793549	60793549	NA	missing	403739.0	NA	0.9591	NA	NA	NA	NA	NA	NA	NA	NA	NA	NA	4184437
18	60793550	78009968	CTX	17216421	279929	2.00706046	278577	15064	49537.0	mappable	0.08215	2.0	edge	2.158852e-05	6.091989e-05	0.00443518052	0.08320408	0.083265	60793550	60793626	78009968	78009968	0.17124175	1	391464.6	20.410541	1.0099497	NA	NA	0.0	1.003530229	1.0035302	1	1	1:1	2	neutral	4184437
19	260137	3545009	NA	3284873	42889	2.00706046	42532	1718	8187.0	mappable	0.085575	2.0	edge	0.00346896201	0.00048192771	0.02864754938	0.09238982	0.09287175	260137	260137	3539990	3545009	0.23163781	1	391464.6	20.410541	1.0099497	NA	NA	0.0	1.003530229	1.0035302	1	1	1:1	2	neutral	4184437
19	3545010	3565084	NA	20075	171	2.46900674	168	8	23.0	mappable	0.04527151	NA	identical	0.03851534032	0.09090909091	0.17104754938	0.13992754	0.23083663	3545010	3550029	3559985	3570183	NA	missing	415390.0	22.997646	1.1798	NA	NA	NA	NA	NA	NA	NA	NA	NA	NA	4184437
19	3565084	19760081	NA	16195000	173422	2.00706046	172234	7720	31654.0	mappable	0.08251379	2.0	NA	0.00203964254	0.00011225864	0.03148483243	0.08351064	0.0836229	3559985	3570183	19759973	19760081	0.19932829	1	391464.6	20.410541	1.0099497	NA	NA	0.0	1.003530229	1.0035302	1	1	1:1	2	neutral	4184437
19	19760082	19770134	NA	10053	149	1.77928422	149	0	18.0	mappable	NA	NA	NA	NA	inf	0.08255245062	0.15042866	inf	19760082	19760190	19769939	19770329	NA	missing	391840.0	NA	0.9262	NA	NA	NA	NA	NA	NA	NA	NA	NA	NA	4184437
19	19770134	24569972	NA	4799839	40408	2.00706046	39884	2013	7435.0	mappable	0.084175	2.0	NA	0.00338103799	0.00039416634	0.02764754938	0.09011219	0.09050636	19769939	19770329	24569972	24569972	0.20107651	1	391464.6	20.410541	1.0099497	NA	NA	0.0	1.003530229	1.0035302	1	1	1:1	2	neutral	4184437
19	27750002	37275109	NA	9525108	136910	2.00706046	136180	5872	24839.0	mappable	0.0798	2.0	self	4.396201e-05	0.00015146925	0.00184754938	0.08626898	0.08642045	27750002	27750002	37249995	37300223	0.14740308	1	391464.6	20.410541	1.0099497	NA	NA	0.0	1.003530229	1.0035302	1	1	1:1	2	neutral	4184437
19	37275109	37370203	NA	95095	582	2.19663461	580	41	87.0	mappable	0.05290603	9.0	identical	0.03107327937	0.02325581395	0.12964754938	0.12094032	0.14419614	37249995	37300223	37369924	37370203	0.21390946	1	455849.2	23.945779	1.0796531	NA	NA	0.0	1.0983173046	1.0983173	1	1	1:1	2	neutral	4184437
19	37370204	42559991	NA	5189788	54220	2.00706046	53879	2701	9599.0	mappable	0.08425588	2.0	NA	4.396201e-05	0.0003287311	0.02294754938	0.08965697	0.0899857	37370204	37370483	42559827	42560155	0.20012571	1	391464.6	20.410541	1.0099497	NA	NA	0.0	1.003530229	1.0035302	1	1	1:1	2	neutral	4184437
19	42559991	42570034	NA	10044	131	2.41434025	131	0	16.0	mappable	NA	NA	NA	NA	inf	0.15094754938	0.15044329	inf	42559827	42560155	42569884	42570184	NA	missing	430701.2	NA	1.1597	NA	NA	NA	NA	NA	NA	NA	NA	NA	NA	4184437
19	42570034	43209995	NA	639962	6028	2.00706046	5995	3	1164.0	mappable	0.20458081	2.0	NA	0.02863488415	0.02777777778	0.04064754938	0.10369342	0.1314712	42569884	42570184	43209995	43209995	NA	missing	391464.6	20.410541	1.0099497	NA	NA	NA	NA	NA	NA	NA	NA	NA	NA	4184437
19	43209996	43800005	NA	590010	0	0.0	0	0	NA	mappable	NA	NA	NA	NA	inf	1.00875245062	0.10432761	inf	43209996	43209996	43800005	43800005	NA	missing	NA	NA	0.0	NA	NA	0.0	0.0	0.0	0	0	NA	0	homozygousDel	4184437
19	43800006	59089999	NA	15289995	162672	2.00706046	161566	7611	29335.0	mappable	0.08215	2.0	edge	0.00137265328	0.00011473153	0.02139250918	0.08380093	0.08391566	43800006	43800006	59089999	59089999	0.20202998	1	391464.6	20.410541	1.0099497	NA	NA	0.0	1.003530229	1.0035302	1	1	1:1	2	neutral	4184437
20	60479	25729738	NA	25669262	400408	2.00706046	399172	16878	69043.0	mappable	0.078725	2.0	edge	0.00160702788	5.520592e-05	0.00478225996	0.08125609	0.0813113	60479	60479	25729738	25729738	0.17529748	1	391464.6	20.410541	1.0099497	NA	NA	0.0	1.003530229	1.0035302	1	1	1:1	2	neutral	4184437
20	29810057	29867784	NA	57728	1643	2.4535043	1633	1	501.0	mappable	0.0952381	NA	NA	0.16484442707	0.09090909091	0.16534754938	0.12644636	0.21735545	29810057	29810057	29867780	29867788	NA	missing	400543.7	21.934538	1.1741	NA	NA	NA	NA	NA	NA	NA	NA	NA	NA	4184437
20	29867784	62909989	NA	33042213	496114	2.00706046	493721	21349	86855.0	mappable	0.08215	2.0	edge	0.00128679013	4.211945e-05	0.00011745791	0.08007108	0.0801132	29867780	29867788	62909989	62909989	0.18202688	1	391464.6	20.410541	1.0099497	NA	NA	0.0	1.003530229	1.0035302	1	1	1:1	2	neutral	4184437
21	10720001	10755032	NA	35032	1751	2.14889499	1709	0	525.0	mappable	NA	NA	edge	0.42095929031	0.02380952381	0.05334754938	0.13248204	0.15629157	10720001	10720001	10739886	10770178	NA	missing	865390.6	NA	1.0621	NA	NA	NA	NA	NA	NA	NA	NA	NA	NA	4184437
21	10755032	10845004	NA	89973	2745	2.65585192	2579	0	1102.0	mappable	NA	NA	NA	0.00863286726	0.00602409639	0.23974754938	0.12152732	0.12755142	10739886	10770178	10839945	10845004	NA	missing	774757.1	NA	1.2485	NA	NA	NA	NA	NA	NA	NA	NA	NA	NA	4184437
21	10845005	11179964	NA	334960	629	2.19023482	579	0	216.0	mappable	NA	NA	NA	0.25788140009	0.02	0.06854754938	0.10897027	0.12897027	10845005	10850064	11179964	11179964	NA	missing	1099980.9	NA	1.0773	NA	NA	NA	NA	NA	NA	NA	NA	NA	NA	4184437
21	15410077	48099931	NA	32689858	516529	2.00706046	513784	24278	90570.0	mappable	0.08215	2.0	edge	0.00109740708	3.700688e-05	0.0020929054	0.08012069	0.0801577	15410077	15410077	48099931	48099931	0.18125735	1	391464.6	20.410541	1.0099497	NA	NA	0.0	1.003530229	1.0035302	1	1	1:1	2	neutral	4184437
22	16850007	47810009	NA	30960004	391559	2.00706046	389604	16623	69430.0	mappable	0.08215	2.0	edge	0.00030194193	5.383e-05	0.00378257271	0.08037325	0.08042708	16850007	16850007	47809964	47810054	0.17867706	1	391464.6	20.410541	1.0099497	NA	NA	0.0	1.003530229	1.0035302	1	1	1:1	2	neutral	4184437
22	47810009	47824992	NA	14984	160	2.4624794	159	1	26.0	mappable	0.06451613	NA	identical	0.03838732064	0.5	0.16864754938	0.14418431	0.64418431	47809964	47810054	47819951	47824992	NA	missing	414572.2	22.065941	1.1774	NA	NA	NA	NA	NA	NA	NA	NA	NA	NA	4184437
22	47824993	51110048	NA	3285059	63527	2.00706046	63101	3870	11489.0	mappable	0.08215	2.0	self	0.00019252443	0.00023277467	0.00678721221	0.09238947	0.09262225	47824993	47830034	51109992	51110104	0.18225068	1	391464.6	20.410541	1.0099497	NA	NA	0.0	1.003530229	1.0035302	1	1	1:1	2	neutral	4184437
22	51110048	51124988	NA	14941	153	1.6930689	152	1	47.0	mappable	0.05882353	6.0	NA	0.18924121058	0.5	0.11425245062	0.14422742	0.64422742	51109992	51110104	51119818	51124988	NA	missing	322655.7	17.081773	0.8945	NA	NA	NA	NA	NA	NA	NA	NA	NA	NA	4184437
22	51124989	51179984	NA	54996	747	2.2489945	747	8	127.0	mappable	0.158375	4.0	edge	0.07626896201	0.125	0.03954754938	0.127008	0.252008	51124989	51130159	51179984	51179984	NA	missing	465095.6	26.051815	1.098905	NA	NA	NA	NA	NA	NA	NA	NA	NA	NA	4184437
23	2700027	58499983	NA	55799957	490837	1.03169572	489234	17258	85182.0	mappable	0.613025	8.0	edge	0.52749396201	5.301946e-05	0.35635245062	0.07771892	0.07777194	2700027	2700027	58499983	58499983	0.94978797	2	244425.5	19.326554	0.6513236	18.90174	0.9991199	0.9982397	0.0009080446	1.0307877	1	0	1:0	1	LOH	4184437
23	61750000	67849971	NA	6099972	57665	1.03169572	57527	1558	10018.0	mappable	0.5959	8.0	NA	0.51379396201	0.00058962264	0.34555245062	0.08872968	0.08931931	61750000	61750000	67849902	67849971	0.97915055	2	244425.5	19.326554	0.6513236	18.90174	0.9991199	0.9982397	0.0009080446	1.0307877	1	0	1:0	1	LOH	4184437
23	67849972	67869791	NA	19820	215	0.89156564	215	0	35.0	mappable	NA	NA	NA	NA	inf	0.40895245062	0.14010832	inf	67849972	67850041	67869516	67870066	NA	missing	230604.1	NA	0.5998	NA	NA	NA	NA	NA	NA	NA	NA	NA	NA	4184437
23	67869791	83830098	NA	15960308	134745	1.03169572	134409	3570	22636.0	mappable	0.60275	8.0	NA	0.51721896201	0.00025608195	0.34555245062	0.08358414	0.08384022	67869516	67870066	83829907	83830098	0.95573095	2	244425.5	19.326554	0.6513236	18.90174	0.9991199	0.9982397	0.0009080446	1.0307877	1	0	1:0	1	LOH	4184437
23	83830099	84009910	NA	179812	2003	1.42435997	2001	16	446.0	mappable	0.13876741	NA	NA	0.05666137091	0.05555555556	0.21305245062	0.11457293	0.17012849	83830099	83830290	84009816	84009910	NA	missing	419336.3	23.209419	0.7957	NA	NA	NA	NA	NA	NA	NA	NA	NA	NA	4184437
23	84009911	88459980	NA	4450070	51095	1.03169572	50907	2420	8567.0	mappable	0.57535	8.0	NA	0.49324396201	0.00038343558	0.34595245062	0.09055758	0.09094101	84009911	84010005	88459980	88459980	0.96874964	2	244425.5	19.326554	0.6513236	18.90174	0.9991199	0.9982397	0.0009080446	1.0307877	1	0	1:0	1	LOH	4184437
23	88990017	89349936	NA	359920	1089	1.03169572	1089	61	172.0	mappable	0.57971401	8.0	NA	0.49760797299	0.01639344262	0.36225245062	0.10835811	0.12475155	88990017	88990017	89349936	89349936	0.95418063	2	244425.5	19.326554	0.6513236	18.90174	0.9991199	0.9982397	0.0009080446	1.0307877	1	0	1:0	1	LOH	4184437
23	89349937	90140198	NA	790262	0	0.0	0	0	NA	mappable	NA	NA	NA	NA	inf	1.00875245062	0.10208263	inf	89349937	89349937	90140198	90140198	NA	missing	NA	NA	0.0	NA	NA	0.0	0.0	0.0	0	0	NA	0	homozygousDel	4184437
23	90140199	91529952	NA	1389755	5100	1.05352533	5085	213	802.0	mappable	0.6918	NA	NA	0.45278321639	0.00438596491	0.34940245062	0.09800847	0.10239444	90140199	90140199	91529952	91529952	0.9787559	2	241096.2	19.145872	0.65935	18.41731	1.0006305	1.0	0.0	1.0535253	1	0	1:0	1	LOH	4184437
23	91529953	92379999	NA	850047	0	0.0	0	0	NA	mappable	NA	NA	NA	NA	inf	1.00875245062	0.10153736	inf	91529953	91529953	92379999	92379999	NA	missing	NA	NA	0.0	NA	NA	0.0	0.0	0.0	0	0	NA	0	homozygousDel	4184437
23	92380000	105553364	NA	13173365	117250	1.03169572	116907	4080	20216.0	mappable	0.5959	8.0	NA	0.51379396201	0.00022609089	0.35255245062	0.08456259	0.08478868	92380000	92380000	105553271	105553364	0.96089237	2	244425.5	19.326554	0.6513236	18.90174	0.9991199	0.9982397	0.0009080446	1.0307877	1	0	1:0	1	LOH	4184437
23	105553365	105607375	DUP	54011	483	1.95960205	483	3	83.0	mappable	0.78296667	NA	NA	0.70086062867	0.33333333333	0.01625245062	0.12721865	0.46055198	105553365	105553371	105607173	105607375	NA	missing	370392.1	32.923741	0.9925	NA	NA	NA	NA	NA	NA	NA	NA	NA	NA	4184437
23	105607376	137889949	DUP	32282574	288348	1.03169572	287358	9649	49245.0	mappable	0.606175	8.0	NA	0.52064396201	9.400263e-05	0.35405245062	0.08017879	0.08027279	105607376	105607431	137889749	137890149	0.96133315	2	244425.5	19.326554	0.6513236	18.90174	0.9991199	0.9982397	0.0009080446	1.0307877	1	0	1:0	1	LOH	4184437
23	137889949	137900035	NA	10087	127	1.27287123	126	0	17.0	mappable	NA	NA	NA	0.28153032564	1.0	0.26875245062	0.15037357	1.15037357	137889749	137890149	137899959	137900111	NA	missing	250466.0	NA	0.74	NA	NA	NA	NA	NA	NA	NA	NA	NA	NA	4184437
23	137900035	145891311	NA	7991277	83589	1.03169572	83311	3286	14451.0	mappable	0.61645	8.0	NA	0.53434396201	0.00028066236	0.35755245062	0.087222	0.08750266	137899959	137900111	145879901	145891311	0.95157199	2	244425.5	19.326554	0.6513236	18.90174	0.9991199	0.9982397	0.0009080446	1.0307877	1	0	1:0	1	LOH	4184437
23	145906477	154929639	INV	9023163	77427	1.03169572	77103	2326	13022.0	mappable	0.592475	8.0	edge	0.49666896201	0.00037735849	0.35575245062	0.08656059	0.08693795	145906477	145910075	154929639	154929639	0.95462482	2	244425.5	19.326554	0.6513236	18.90174	0.9991199	0.9982397	0.0009080446	1.0307877	1	0	1:0	1	LOH	4184437
