#chromosome	start	end	crest	length	tcnNbrOfLoci	tcnMean	tcnNbrOfSNPs	tcnNbrOfHets	dhNbrOfLoci	map	dhMax	cluster	neighbour	distDH	errorSNP	distTcn	errorLength	totalError	minStart	maxStart	minStop	maxStop	area	peaks	meanCovT	meanCovB	tcnMeanRaw	AF	BAF	dhMean	c1Mean	c2Mean	A	B	genotype	TCN	GNL	PID
1	840009	10449048	NA	9609040	139405	1.8788207	138593	6455	11269.0	mappable	0.770575	NA	edge	0.68875147789	0.000137608367	0.07574473034	0.08622191	0.08635952	840009	840009	10449027	10449069	0.8947461	2	317993.46	27.502137	0.9275	16.73092	0.9501229	0.90024581	0.09371012	1.7851106	2	0	2:0	2	cnLOH	4136702
1	10449048	10489999	NA	40952	516	2.0060018	516	29	44.0	mappable	0.08825833	3.0	NA	0.00643481122	0.034482758621	0.02835526966	0.13053428	0.16501703	10449027	10449069	10489995	10489999	NA	missing	370496.0	19.430198	0.9783923	NA	NA	NA	NA	NA	NA	NA	NA	NA	NA	4136702
1	10490000	12839977	NA	2349978	31971	1.8778754	31826	1551	2578.0	mappable	0.083375	1.0	NA	0.00266912495	0.000589622642	0.07224473034	0.09449913	0.09508875	10490000	10490004	12839977	12839977	0.274506	1	345783.21	18.74993	0.9271217	NA	NA	0.0	0.93893768	0.9389377	1	1	1:1	2	neutral	4136702
1	13780016	20270000	NA	6489985	91214	1.8778754	90842	5265	7017.0	mappable	0.085575	1.0	NA	0.00717647789	0.000177399326	0.06894473034	0.0883791	0.0885565	13780016	13780016	20269999	20270001	0.2720724	1	345783.21	18.74993	0.9271217	NA	NA	0.0	0.93893768	0.9389377	1	1	1:1	2	neutral	4136702
1	20270000	20289992	NA	19993	333	1.6406425	330	5	28.0	mappable	0.13403712	7.0	NA	0.0476881662	0.125	0.13344473034	0.13998537	0.26498537	20269999	20270001	20289981	20289992	NA	missing	311693.12	17.392962	0.8321915	NA	NA	NA	NA	NA	NA	NA	NA	NA	NA	4136702
1	20289993	24469991	NA	4179999	52479	1.8778754	52309	2169	4173.0	mappable	0.08215	1.0	NA	0.00032647789	0.000427715997	0.06724473034	0.09092946	0.09135718	20289993	20290004	24469959	24470023	0.2636144	1	345783.21	18.74993	0.9271217	NA	NA	0.0	0.93893768	0.9389377	1	1	1:1	2	neutral	4136702
1	24469991	24495092	NA	25102	412	2.1327216	411	2	40.0	mappable	0.12065637	NA	NA	0.10570389102	0.333333333333	0.02585526966	0.13684089	0.47017422	24469959	24470023	24489949	24500235	NA	missing	352976.86	19.778289	1.0291	NA	NA	NA	NA	NA	NA	NA	NA	NA	NA	4136702
1	24495092	69469999	NA	44974911	568612	2.0060018	566614	22747	42381.0	mappable	0.085575	3.0	NA	0.00390672639	4.0412204e-05	0.05742473428	0.07867011	0.07871052	24489949	24500235	69469994	69470004	0.2574014	1	370496.0	19.430198	0.9783923	NA	NA	0.0	1.00300092	1.0030009	1	1	1:1	2	neutral	4136702
1	69469999	69504995	NA	34997	402	2.1167279	402	0	27.0	mappable	NA	NA	NA	NA	inf	0.01945526966	0.1324947	inf	69469994	69470004	69499989	69504995	NA	missing	390561.7	NA	1.0227	NA	NA	NA	NA	NA	NA	NA	NA	NA	NA	4136702
1	69504996	77300111	NA	7795118	103597	2.0060018	103299	4652	7024.0	mappable	0.08215	3.0	NA	0.00226108395	0.000202020202	0.05280985095	0.0873586	0.08756062	69504996	69510002	77299993	77300229	0.2437471	1	370496.0	19.430198	0.9783923	NA	NA	0.0	1.00300092	1.0030009	1	1	1:1	2	neutral	4136702
1	77300111	77319992	NA	19882	296	2.1772042	296	0	20.0	mappable	NA	NA	NA	NA	inf	0.04365526966	0.14006411	inf	77299993	77300229	77319970	77320014	NA	missing	380823.16	NA	1.0469	NA	NA	NA	NA	NA	NA	NA	NA	NA	NA	4136702
1	77319992	120529963	NA	43209974	575261	2.0060018	573306	24692	40077.0	mappable	0.08215	3.0	NA	0.00049983749	3.7527677e-05	0.04840508973	0.07884924	0.07888677	77319970	77320014	120529963	120529963	0.2586221	1	370496.0	19.430198	0.9783923	NA	NA	0.0	1.00300092	1.0030009	1	1	1:1	2	neutral	4136702
1	121220004	121229986	NA	9983	177	1.8778754	176	12	5.0	mappable	0.09321241	1.0	NA	0.01138889285	0.076923076923	0.07224473034	0.15054281	0.22746588	121220004	121220004	121229986	121229986	NA	missing	345783.21	18.74993	0.9271217	NA	NA	NA	NA	NA	NA	NA	NA	NA	NA	4136702
1	144010127	144019970	NA	9844	155	2.4460993	100	0	12.0	mappable	NA	NA	NA	0.35080215631	0.018181818182	0.15125526966	0.15077238	0.1689542	144010127	144010127	144019970	144019970	NA	missing	1199868.0	NA	1.1545	NA	NA	NA	NA	NA	NA	NA	NA	NA	NA	4136702
1	144920087	145739956	NA	819870	6363	2.0060018	5811	29	552.0	mappable	0.09619309	3.0	self	0.01060147789	0.001721170396	0.04084473034	0.10180689	0.10352806	144920087	144920087	145739956	145739956	NA	missing	370496.0	19.430198	0.9783923	NA	NA	NA	NA	NA	NA	NA	NA	NA	NA	4136702
1	146540101	147829895	NA	1289795	11657	2.0060018	11625	256	806.0	mappable	0.09606786	3.0	self	0.0121816503	0.003472222222	0.05094473034	0.09852843	0.10200065	146540101	146540101	147829895	147829895	0.2587928	1	370496.0	19.430198	0.9783923	NA	NA	0.0	1.00300092	1.0030009	1	1	1:1	2	neutral	4136702
1	149815060	156966507	NA	7151448	77058	2.0060018	76764	2438	6191.0	mappable	0.085575	3.0	self	0.00717647789	0.000366032211	0.05964473034	0.08783563	0.08820166	149815060	149815060	156966504	156966507	0.2431103	1	370496.0	19.430198	0.9783923	NA	NA	0.0	1.00300092	1.0030009	1	1	1:1	2	neutral	4136702
1	156966508	158232598	DUP	1266091	17594	2.8154551	17539	1031	1154.0	mappable	0.226425	NA	identical	0.13905147789	0.000920810313	0.29905526966	0.09865849	0.0995793	156966508	156966543	158232550	158232598	0.7742657	2	487282.97	29.660703	1.3023	18.25937	0.625645	0.25128994	1.05397977	1.7614753	2	1	2:1	3	gain	4136702
1	158232599	174639924	DUP	16407328	222617	2.0060018	221893	9308	15874.0	mappable	0.082675	3.0	self	0.00081132486	9.9690958e-05	0.04668540199	0.08344516	0.08354485	158232599	158232693	174639688	174639924	0.2561536	1	370496.0	19.430198	0.9783923	NA	NA	0.0	1.00300092	1.0030009	1	1	1:1	2	neutral	4136702
1	174639925	249209945	NA	74570030	1026117	2.9140248	1022523	46871	73565.0	mappable	0.3356	6.0	edge	0.25391614454	1.9815714e-05	0.33871680094	0.07647572	0.07649553	174639925	174640161	249209945	249209945	0.9137471	2	508852.9	33.816066	1.3417433	18.5071	0.6893465	0.37869308	0.9052519	2.0087729	2	1	2:1	3	gain	4136702
2	20016	1299959	NA	1279944	21844	1.8778754	21688	1118	1757.0	mappable	0.09585	1.0	edge	0.01060147789	0.000784929356	0.06794473034	0.09858215	0.09936708	20016	20016	1299918	1299959	0.2925376	1	345783.21	18.74993	0.9271217	NA	NA	0.0	0.93893768	0.9389377	1	1	1:1	2	neutral	4136702
2	1299960	1349996	NA	50037	802	1.7263802	799	2	70.0	mappable	0.21428571	NA	NA	0.16587370011	0.2	0.13674473034	0.12811719	0.32811719	1299960	1300001	1349985	1349996	NA	missing	335559.82	20.373275	0.8665	NA	NA	NA	NA	NA	NA	NA	NA	NA	NA	4136702
2	1349997	56856088	NA	55506100	867526	2.0060018	864588	42862	61320.0	mappable	0.085575	3.0	self	0.00335960579	2.1834538e-05	0.04930241887	0.07774193	0.07776376	1349997	1350008	56856076	56856088	0.2631991	1	370496.0	19.430198	0.9783923	NA	NA	0.0	1.00300092	1.0030009	1	1	1:1	2	neutral	4136702
2	56856089	61364148	INV	4508061	64817	4.2316429	64624	2966	4381.0	mappable	0.34775882	NA	NA	0.35087426246	0.000316555872	0.86575153298	0.09048105	0.09079761	56856089	56856113	61364015	61364148	0.9165442	2	717846.38	49.809749	1.8689963	18.74298	0.713992	0.42798391	1.21028393	3.021359	3	1	3:1	4	gain	4136702
2	61364149	67971446	DUP	6607299	86443	2.9140248	86164	3488	6476.0	mappable	0.34192885	6.0	NA	0.25684512214	0.000265463233	0.34843709583	0.08827828	0.08854374	61364149	61364154	67971409	67971446	0.9056428	2	508852.9	33.816066	1.3417433	18.5071	0.6893465	0.37869308	0.9052519	2.0087729	2	1	2:1	3	gain	4136702
2	67971447	87059860	INV	19088414	268403	2.0060018	267490	12183	18578.0	mappable	0.085575	3.0	self	0.0039594034	7.6365025e-05	0.05623738914	0.0826918	0.08276817	67971447	67971610	87059860	87059860	0.2577441	1	370496.0	19.430198	0.9783923	NA	NA	0.0	1.00300092	1.0030009	1	1	1:1	2	neutral	4136702
2	88330099	89094923	NA	764825	9470	2.0060018	9432	314	713.0	mappable	0.08844423	3.0	self	0.00966933503	0.002840909091	0.05604473034	0.10232916	0.10517007	88330099	88330099	89059837	89130009	0.2870666	1	370496.0	19.430198	0.9783923	NA	NA	0.0	1.00300092	1.0030009	1	1	1:1	2	neutral	4136702
2	89094923	89229990	NA	135068	2404	0.2279652	2399	23	164.0	mappable	0.171475	NA	NA	0.08237647789	0.035714285714	0.73634473034	0.11734798	0.15306227	89059837	89130009	89229990	89229990	NA	missing	100401.0	5.476418	0.2669	NA	NA	NA	NA	NA	NA	NA	NA	NA	NA	4136702
2	89840102	90239998	NA	399897	911	2.2426787	901	0	68.0	mappable	NA	NA	NA	0.25274099191	0.1	0.06985526966	0.10747332	0.20747332	89840102	89840102	90239998	90239998	NA	missing	385222.39	NA	1.0731	NA	NA	NA	NA	NA	NA	NA	NA	NA	NA	4136702
2	95580145	96239991	NA	659847	4438	2.0060018	4408	94	354.0	mappable	0.072175	3.0	NA	0.01087815174	0.008064516129	0.05574473034	0.10345663	0.11152115	95580145	95580145	96239991	96239991	0.2462126	1	370496.0	19.430198	0.9783923	NA	NA	0.0	1.00300092	1.0030009	1	1	1:1	2	neutral	4136702
2	96239992	96740020	NA	500029	0	0.0	0	0	NA	mappable	NA	NA	NA	NA	inf	1.00324473034	0.10564318	inf	96239992	96239992	96740020	96740020	NA	missing	NA	NA	0.0	NA	NA	0.0	0.0	0.0	0	0	NA	0	homozygousDel	4136702
2	96740021	109070028	NA	12330008	157562	2.0060018	157172	6219	11179.0	mappable	0.085575	3.0	NA	0.00375147789	0.000151308821	0.05284473034	0.08490525	0.08505656	96740021	96740021	109069964	109070092	0.237691	1	370496.0	19.430198	0.9783923	NA	NA	0.0	1.00300092	1.0030009	1	1	1:1	2	neutral	4136702
2	109070028	109079973	NA	9946	160	2.1454666	160	0	18.0	mappable	NA	NA	NA	NA	inf	0.03095526966	0.15060354	inf	109069964	109070092	109079937	109080009	NA	missing	414968.57	NA	1.0342	NA	NA	NA	NA	NA	NA	NA	NA	NA	NA	4136702
2	109079973	115808519	NA	6728547	62604	2.0060018	62395	2739	4603.0	mappable	0.07976875	3.0	NA	0.00032647789	0.000339213026	0.05134473034	0.08817618	0.08851539	109079937	109080009	115808506	115808519	0.2674643	1	370496.0	19.430198	0.9783923	NA	NA	0.0	1.00300092	1.0030009	1	1	1:1	2	neutral	4136702
2	115808520	115810668	DEL	2149	33	1.93205	30	1	2.0	mappable	0.71428571	NA	identical	0.76083799863	0.25	0.05444473034	0.18067745	0.43067745	115808520	115808571	115810575	115810668	NA	missing	357554.08	30.647492	0.9488	NA	NA	NA	NA	NA	NA	NA	NA	NA	NA	4136702
2	115810669	120990063	DEL	5179395	74547	2.0060018	74243	3468	5014.0	mappable	0.091225	3.0	self	0.00622647789	0.000265111347	0.05774473034	0.0896686	0.08993371	115810669	115810713	120989974	120990063	0.2555964	1	370496.0	19.430198	0.9783923	NA	NA	0.0	1.00300092	1.0030009	1	1	1:1	2	neutral	4136702
2	120990064	121029989	NA	39926	589	1.6406425	588	8	57.0	mappable	0.08907973	7.0	NA	0.00360325184	0.111111111111	0.14344473034	0.13084689	0.241958	120990064	120990153	121029943	121030035	NA	missing	311693.12	17.392962	0.8321915	NA	NA	NA	NA	NA	NA	NA	NA	NA	NA	4136702
2	121029989	121980004	NA	950016	15434	1.8778754	15394	494	1156.0	mappable	0.089	1.0	NA	0.00717647789	0.001872659176	0.08364473034	0.10071714	0.1025898	121029943	121030035	121979980	121980028	0.2067875	1	345783.21	18.74993	0.9271217	NA	NA	0.0	0.93893768	0.9389377	1	1	1:1	2	neutral	4136702
2	121980004	125060011	NA	3080009	45703	2.0060018	45533	2383	3203.0	mappable	0.08057692	3.0	self	0.00064852211	0.000391696044	0.05284473034	0.09278804	0.09317973	121979980	121980028	125059974	125060048	0.2194654	1	370496.0	19.430198	0.9783923	NA	NA	0.0	1.00300092	1.0030009	1	1	1:1	2	neutral	4136702
2	125060011	125090017	NA	30007	454	1.6406425	418	0	18.0	mappable	NA	7.0	identical	0.01527352211	0.027777777778	0.13564473034	0.13447176	0.16224954	125059974	125060048	125089976	125090017	NA	missing	311693.12	NA	0.8321915	NA	NA	NA	NA	NA	NA	NA	NA	NA	NA	4136702
2	125090018	132189994	NA	7099979	91112	2.0060018	90837	3360	6610.0	mappable	0.0857875	3.0	NA	0.00566630617	0.000275103164	0.05479101843	0.08787584	0.08815095	125090018	125090059	132189994	132189994	0.2484691	1	370496.0	19.430198	0.9783923	NA	NA	0.0	1.00300092	1.0030009	1	1	1:1	2	neutral	4136702
2	132189995	133009999	NA	820005	0	0.0	0	0	NA	mappable	NA	NA	NA	NA	inf	1.00324473034	0.10180566	inf	132189995	132189995	133009999	133009999	NA	missing	NA	NA	0.0	NA	NA	0.0	0.0	0.0	0	0	NA	0	homozygousDel	4136702
2	133010000	133024996	NA	14997	1227	1.752058	1224	0	123.0	mappable	NA	2.0	NA	0.21802910947	0.333333333333	0.11984473034	0.1441713	0.47750464	133010000	133010000	133019989	133024996	NA	missing	305593.59	NA	0.8767751	NA	NA	NA	NA	NA	NA	NA	NA	NA	NA	4136702
2	133024997	242999969	NA	109974978	1502143	2.0060018	1496856	69258	105761.0	mappable	0.08215	3.0	edge	0.00082657642	1.3415076e-05	0.04836623362	0.07487103	0.07488445	133024997	133030004	242999969	242999969	0.264658	1	370496.0	19.430198	0.9783923	NA	NA	0.0	1.00300092	1.0030009	1	1	1:1	2	neutral	4136702
3	100074	42550014	NA	42449951	643983	2.0060018	641797	30734	44522.0	mappable	0.08215	3.0	edge	0.00050456621	3.0376671e-05	0.04983427991	0.0789289	0.07895928	100074	100074	42549986	42550014	0.1598924	1	370496.0	19.430198	0.9783923	NA	NA	0.0	1.00300092	1.0030009	1	1	1:1	2	neutral	4136702
3	42550015	49300016	NA	6750002	76068	1.6406425	75843	2928	5712.0	mappable	0.09298387	7.0	NA	0.01060147789	0.000317158262	0.17534473034	0.08815832	0.08847548	42550015	42550043	49299915	49300117	0.4315764	2	311693.12	17.392962	0.8321915	18.27762	0.5735401	0.14708028	0.69966816	0.9409743	1	sub	1:sub	sub	sub	4136702
3	49300016	49365000	NA	64985	447	1.752058	445	24	46.0	mappable	0.3577	2.0	NA	0.26980147789	0.038461538462	0.11934473034	0.12509524	0.16355677	49299915	49300117	49359943	49370057	NA	missing	305593.59	17.845058	0.8767751	NA	NA	NA	NA	NA	NA	NA	NA	NA	NA	4136702
3	49365000	57990011	NA	8625012	106377	1.6406425	106015	4458	8081.0	mappable	0.0889	7.0	NA	0.00717647789	0.00020746888	0.17274473034	0.0868052	0.08701267	49359943	49370057	57989993	57990029	0.4272951	2	311693.12	17.392962	0.8321915	18.27762	0.5735401	0.14708028	0.69966816	0.9409743	1	sub	1:sub	sub	sub	4136702
3	57990011	58030030	NA	40020	579	1.442741	579	8	56.0	mappable	0.28958632	NA	NA	0.20776280267	0.125	0.25024473034	0.13081785	0.25581785	57989993	57990029	58029997	58030030	NA	missing	277261.78	17.550577	0.753	NA	NA	NA	NA	NA	NA	NA	NA	NA	NA	4136702
3	58030031	71688736	NA	13658706	212611	1.6406425	211972	9724	14753.0	mappable	0.09585	7.0	NA	0.01402647789	9.6497153e-05	0.16994473034	0.08437637	0.08447287	58030031	58030064	71688690	71688736	0.4228633	2	311693.12	17.392962	0.8321915	18.27762	0.5735401	0.14708028	0.69966816	0.9409743	1	sub	1:sub	sub	sub	4136702
3	71688737	71689746	DUP	1010	16	1.6983912	16	0	1.0	mappable	NA	NA	NA	NA	inf	0.14794473034	0.200398	inf	71688737	71688865	71689609	71689746	NA	missing	319911.1	NA	0.8553	NA	NA	NA	NA	NA	NA	NA	NA	NA	NA	4136702
3	71689747	72330007	DUP	640261	10006	1.6406425	9974	490	661.0	mappable	0.098725	7.0	NA	0.00962647789	0.001919385797	0.15854473034	0.1036898	0.10560918	71689747	71689923	72329973	72330041	0.4755899	2	311693.12	17.392962	0.8321915	18.27762	0.5735401	0.14708028	0.69966816	0.9409743	1	sub	1:sub	sub	sub	4136702
3	72330007	90499969	NA	18169963	252456	2.0060018	251665	10438	16949.0	mappable	0.08215	3.0	self	0.00032647789	8.9055125e-05	0.05194473034	0.08293575	0.08302481	72329973	72330041	90499969	90499969	0.1647525	1	370496.0	19.430198	0.9783923	NA	NA	0.0	1.00300092	1.0030009	1	1	1:1	2	neutral	4136702
3	93570175	138259927	NA	44689754	601068	2.0060018	599187	27572	41439.0	mappable	0.08215	3.0	NA	0.00037953965	3.3953552e-05	0.05190165053	0.07869851	0.07873247	93570175	93570175	138259817	138259927	0.1504639	1	370496.0	19.430198	0.9783923	NA	NA	0.0	1.00300092	1.0030009	1	1	1:1	2	neutral	4136702
3	138259928	138300026	NA	40099	298	1.6754001	298	0	22.0	mappable	NA	NA	NA	NA	inf	0.15714473034	0.13079351	inf	138259928	138260038	138299996	138300026	NA	missing	349465.18	NA	0.8461	NA	NA	NA	NA	NA	NA	NA	NA	NA	NA	4136702
3	138300027	197779892	NA	59479868	817930	2.0060018	815264	39684	57411.0	mappable	0.08215	3.0	edge	0.00040257859	2.3613308e-05	0.04816501655	0.07744164	0.07746526	138300027	138300057	197779892	197779892	0.1581866	1	370496.0	19.430198	0.9783923	NA	NA	0.0	1.00300092	1.0030009	1	1	1:1	2	neutral	4136702
4	50084	7620010	NA	7569927	119782	1.8778754	118851	6582	9489.0	mappable	0.085575	1.0	edge	0.00375147789	0.000133102622	0.06524473034	0.08752027	0.08765338	50084	50084	7619991	7620029	0.25858	1	345783.21	18.74993	0.9271217	NA	NA	0.0	0.93893768	0.9389377	1	1	1:1	2	neutral	4136702
4	7620010	7629996	NA	9987	231	2.0060018	222	0	25.0	mappable	NA	3.0	self	0.02985730729	0.111111111111	0.01245526966	0.15053626	0.26164737	7619991	7620029	7629987	7630005	NA	missing	370496.0	NA	0.9783923	NA	NA	NA	NA	NA	NA	NA	NA	NA	NA	4136702
4	7629996	8939952	NA	1309957	25504	1.8778754	25411	1433	1922.0	mappable	0.08215	1.0	NA	0.00032647789	0.000655307995	0.08124473034	0.09841993	0.09907523	7629987	7630005	8939952	8939952	0.2616172	1	345783.21	18.74993	0.9271217	NA	NA	0.0	0.93893768	0.9389377	1	1	1:1	2	neutral	4136702
4	9800043	49089961	NA	39289921	598720	2.0060018	596777	30224	40665.0	mappable	0.08215	3.0	self	0.00104639613	3.1087761e-05	0.05296978245	0.07927808	0.07930916	9800043	9800043	49089961	49089961	0.2740929	1	370496.0	19.430198	0.9783923	NA	NA	0.0	1.00300092	1.0030009	1	1	1:1	2	neutral	4136702
4	52680564	189869979	NA	137189424	1898754	2.0060018	1892618	96808	128264.0	mappable	0.08215	3.0	self	0.00139236938	9.714114e-06	0.05038092224	0.0739875	0.07399721	52680564	52680564	189869950	189870008	0.2716452	1	370496.0	19.430198	0.9783923	NA	NA	0.0	1.00300092	1.0030009	1	1	1:1	2	neutral	4136702
4	189869979	190939997	NA	1070019	20935	1.8778754	20545	805	2004.0	mappable	0.08575	1.0	edge	0.00717647789	0.000837520938	0.06704473034	0.09985419	0.10069171	189869950	189870008	190939997	190939997	0.294747	1	345783.21	18.74993	0.9271217	NA	NA	0.0	0.93893768	0.9389377	1	1	1:1	2	neutral	4136702
5	50017	27499351	NA	27449340	419837	2.0060018	418314	19830	29546.0	mappable	0.08215	3.0	edge	0.00079011063	4.6831827e-05	0.0378104992	0.08093801	0.08098484	50017	50017	27499336	27499351	0.2071991	1	370496.0	19.430198	0.9783923	NA	NA	0.0	1.00300092	1.0030009	1	1	1:1	2	neutral	4136702
5	27499352	28495750	DEL	996399	15498	1.110287	15453	773	1051.0	mappable	0.67691912	8.0	identical	0.59837353671	0.001222493888	0.37314473034	0.10036954	0.10159203	27499352	27499474	28495640	28495750	0.9885864	2	233807.68	19.111472	0.6199665	18.40374	0.9429067	0.8858134	0.06338995	1.0468971	1	0	1:0	1	LOH	4136702
5	28495751	46399990	DEL	17904244	253591	2.0060018	252724	11787	17058.0	mappable	0.081175	3.0	self	0.00122662557	7.9026395e-05	0.03347445853	0.08300891	0.08308794	28495751	28495772	46399990	46399990	0.2114693	1	370496.0	19.430198	0.9783923	NA	NA	0.0	1.00300092	1.0030009	1	1	1:1	2	neutral	4136702
5	49470005	68829703	NA	19359699	256418	2.0060018	255574	13208	17483.0	mappable	0.08180806	3.0	self	0.0001615879	7.1164247e-05	0.03046879496	0.08262225	0.08269342	49470005	49470005	68829703	68829703	0.201776	1	370496.0	19.430198	0.9783923	NA	NA	0.0	1.00300092	1.0030009	1	1	1:1	2	neutral	4136702
5	70750153	88067421	NA	17317270	230990	2.0060018	230361	10723	16078.0	mappable	0.07898889	3.0	self	0.00354281612	8.8105727e-05	0.0257078794	0.08317493	0.08326303	70750153	70750153	88067172	88067421	0.1942374	1	370496.0	19.430198	0.9783923	NA	NA	0.0	1.00300092	1.0030009	1	1	1:1	2	neutral	4136702
5	88067422	88318182	DEL	250761	2452	1.110287	2443	80	173.0	mappable	0.562275	8.0	NA	0.57671814456	0.011235955056	0.40154473034	0.11150787	0.12274383	88067422	88067445	88318080	88318182	0.9460795	2	233807.68	19.111472	0.6199665	18.40374	0.9429067	0.8858134	0.06338995	1.0468971	1	0	1:0	1	LOH	4136702
5	88318183	88319996	DEL	1814	22	1.2575633	22	0	4.0	mappable	NA	NA	NA	NA	inf	0.32434473034	0.18475821	inf	88318183	88318245	88319948	88319996	NA	missing	261381.0	NA	0.6789	NA	NA	NA	NA	NA	NA	NA	NA	NA	NA	4136702
5	88319997	179534996	NA	91215012	1280550	2.0060018	1276863	54153	88534.0	mappable	0.08215	3.0	NA	0.00011457885	1.7289073e-05	0.03189204759	0.07563505	0.07565234	88319997	88320045	179529981	179540011	0.2038231	1	370496.0	19.430198	0.9783923	NA	NA	0.0	1.00300092	1.0030009	1	1	1:1	2	neutral	4136702
5	179534996	179555013	NA	20018	204	1.752058	198	6	20.0	mappable	0.16139167	2.0	identical	0.18836219217	0.083333333333	0.14004473034	0.13996771	0.22330104	179529981	179540011	179549907	179560119	NA	missing	305593.59	17.845058	0.8767751	NA	NA	NA	NA	NA	NA	NA	NA	NA	NA	4136702
5	179555013	180689979	NA	1134967	14931	2.0060018	14814	924	1189.0	mappable	0.09724286	3.0	edge	0.01262568538	0.000960614793	0.04925989343	0.09943215	0.10039276	179549907	179560119	180689979	180689979	0.2371768	1	370496.0	19.430198	0.9783923	NA	NA	0.0	1.00300092	1.0030009	1	1	1:1	2	neutral	4136702
6	180248	29040006	NA	28859763	425646	2.0060018	424096	16403	31893.0	mappable	0.08215	3.0	edge	0.00060745321	5.5700997e-05	0.00263044715	0.08070193	0.08075763	180248	180248	29039996	29040006	0.1545624	1	370496.0	19.430198	0.9783923	NA	NA	0.0	1.00300092	1.0030009	1	1	1:1	2	neutral	4136702
6	29040007	29099970	NA	59964	502	2.2909099	502	0	36.0	mappable	NA	NA	NA	NA	inf	0.08915526966	0.12600958	inf	29040007	29040017	29099920	29100020	NA	missing	403699.11	NA	1.0924	NA	NA	NA	NA	NA	NA	NA	NA	NA	NA	4136702
6	29099970	58019982	NA	28920021	433087	2.0060018	429681	22548	31613.0	mappable	0.078725	3.0	NA	0.0024620611	3.8529706e-05	0.00208944201	0.08069213	0.08073066	29099920	29100020	58019982	58019982	0.1482187	1	370496.0	19.430198	0.9783923	NA	NA	0.0	1.00300092	1.0030009	1	1	1:1	2	neutral	4136702
6	58610011	58769997	NA	159987	572	2.0874893	572	1	34.0	mappable	0.17073171	NA	NA	0.08890818521	1.0	0.00775526966	0.11568989	1.11568989	58610011	58610011	58769997	58769997	NA	missing	391643.32	22.925463	1.011	NA	NA	NA	NA	NA	NA	NA	NA	NA	NA	4136702
6	61890002	94523400	NA	32633405	460709	2.0060018	459200	22220	30754.0	mappable	0.078725	3.0	NA	0.0009948772	4.2144302e-05	0.00931794675	0.0801287	0.08017084	61890002	61890002	94523352	94523400	0.1451556	1	370496.0	19.430198	0.9783923	NA	NA	0.0	1.00300092	1.0030009	1	1	1:1	2	neutral	4136702
6	94523401	94544994	NA	21594	230	2.2499259	230	0	15.0	mappable	NA	NA	NA	NA	inf	0.07275526966	0.13890487	inf	94523401	94523449	94539962	94544994	NA	missing	415848.44	NA	1.076	NA	NA	NA	NA	NA	NA	NA	NA	NA	NA	4136702
6	94544995	170899935	NA	76354952	1077231	2.0060018	1073535	51646	75777.0	mappable	0.078725	3.0	edge	0.00225241023	1.8069459e-05	0.00485915397	0.07637605	0.07639412	94544995	94550027	170899935	170899935	0.1377076	1	370496.0	19.430198	0.9783923	NA	NA	0.0	1.00300092	1.0030009	1	1	1:1	2	neutral	4136702
7	40386	57999988	NA	57959608	854830	2.9140248	851835	44580	60071.0	mappable	0.3356	6.0	edge	0.25356826564	2.1019443e-05	0.33411855452	0.07755381	0.07757483	40386	40386	57999988	57999988	0.9221037	2	508852.9	33.816066	1.3417433	18.5071	0.6893465	0.37869308	0.9052519	2.0087729	2	1	2:1	3	gain	4136702
7	61749999	72229988	NA	10479991	112320	2.9140248	111612	3096	8548.0	mappable	0.32439286	6.0	NA	0.24056396474	0.000262881178	0.31533023761	0.08575912	0.086022	61749999	61750000	72229988	72229988	0.9078062	2	508852.9	33.816066	1.3417433	18.5071	0.6893465	0.37869308	0.9052519	2.0087729	2	1	2:1	3	gain	4136702
7	72750118	74139961	NA	1389844	10243	2.9140248	10206	365	930.0	mappable	0.27245	6.0	NA	0.19359693243	0.002487562189	0.30845526966	0.09800803	0.10049559	72750118	72750118	74139961	74139961	0.9280049	2	508852.9	33.816066	1.3417433	18.5071	0.6893465	0.37869308	0.9052519	2.0087729	2	1	2:1	3	gain	4136702
7	75160045	76059952	NA	899908	8421	2.9140248	8377	384	762.0	mappable	0.35482097	6.0	NA	0.27609986499	0.002336448598	0.30645526966	0.10111521	0.10345166	75160045	75160045	76059952	76059952	0.9283883	2	508852.9	33.816066	1.3417433	18.5071	0.6893465	0.37869308	0.9052519	2.0087729	2	1	2:1	3	gain	4136702
7	76810004	82400007	NA	5590004	81204	2.9140248	80971	3304	5558.0	mappable	0.33420556	6.0	NA	0.25035147789	0.000282725474	0.33485526966	0.08922828	0.08951101	76810004	76810004	82399922	82400092	0.9112405	2	508852.9	33.816066	1.3417433	18.5071	0.6893465	0.37869308	0.9052519	2.0087729	2	1	2:1	3	gain	4136702
7	82400007	82419941	NA	19935	307	2.6237799	307	0	19.0	mappable	NA	NA	NA	NA	inf	0.22235526966	0.14002645	inf	82399922	82400092	82419852	82419941	NA	missing	502867.94	NA	1.2256	NA	NA	NA	NA	NA	NA	NA	NA	NA	NA	4136702
7	82419942	111170015	NA	28750077	363781	2.9140248	362361	15598	25481.0	mappable	0.339025	6.0	NA	0.25537288984	5.8761312e-05	0.33915160784	0.08071982	0.08077858	82419942	82420031	111169966	111170064	0.917198	2	508852.9	33.816066	1.3417433	18.5071	0.6893465	0.37869308	0.9052519	2.0087729	2	1	2:1	3	gain	4136702
7	111170015	111190131	NA	20117	302	2.6652637	301	0	27.0	mappable	NA	NA	NA	0.91817647789	1.0	0.23895526966	0.13989802	1.13989802	111169966	111170064	111189991	111190131	NA	missing	515456.23	NA	1.2422	NA	NA	NA	NA	NA	NA	NA	NA	NA	NA	4136702
7	111190132	159119808	NA	47929685	642859	2.9140248	640262	28698	46800.0	mappable	0.34245	6.0	edge	0.25858415284	3.1955007e-05	0.32850348987	0.07838706	0.07841901	111190132	111190272	159119808	159119808	0.9081849	2	508852.9	33.816066	1.3417433	18.5071	0.6893465	0.37869308	0.9052519	2.0087729	2	1	2:1	3	gain	4136702
8	170012	6509964	NA	6339955	183926	2.0060018	183046	9770	13023.0	mappable	0.085575	3.0	edge	0.00485481004	9.3896714e-05	0.04636160615	0.08851108	0.08860498	170012	170012	6509905	6509964	0.2412921	1	370496.0	19.430198	0.9783923	NA	NA	0.0	1.00300092	1.0030009	1	1	1:1	2	neutral	4136702
8	6509965	6519955	NA	9991	292	1.6406425	291	34	19.0	mappable	0.11613261	7.0	identical	0.03855039093	0.028571428571	0.15414473034	0.15052971	0.17910114	6509965	6510024	6519905	6519955	0.2292311	1	311693.12	17.392962	0.8321915	NA	NA	0.0	0.82032123	0.8203212	1	1	1:1	2	neutral	4136702
8	6519956	6919904	NA	399949	9180	2.0060018	9131	433	638.0	mappable	0.0753	3.0	self	0.00309852211	0.002074688797	0.04614473034	0.10747224	0.10954693	6519956	6520006	6919904	6919904	0.1633351	1	370496.0	19.430198	0.9783923	NA	NA	0.0	1.00300092	1.0030009	1	1	1:1	2	neutral	4136702
8	8100000	11009983	NA	2909984	61947	2.0060018	61773	2563	4567.0	mappable	0.08215	3.0	NA	0.00032647789	0.000365497076	0.02754473034	0.09314205	0.09350754	8100000	8100000	11009956	11009983	0.2110392	1	370496.0	19.430198	0.9783923	NA	NA	0.0	1.00300092	1.0030009	1	1	1:1	2	neutral	4136702
8	11009984	11039976	NA	29993	618	1.8123467	618	0	52.0	mappable	NA	NA	NA	NA	inf	0.10234473034	0.13447785	inf	11009984	11010011	11039945	11039976	NA	missing	357380.29	NA	0.9009	NA	NA	NA	NA	NA	NA	NA	NA	NA	NA	4136702
8	11039977	11859985	NA	820009	16759	2.0060018	16709	917	1163.0	mappable	0.07162273	3.0	NA	0.00994852211	0.001034126163	0.03734473034	0.10180562	0.10283975	11039977	11040008	11859985	11859985	0.1976946	1	370496.0	19.430198	0.9783923	NA	NA	0.0	1.00300092	1.0030009	1	1	1:1	2	neutral	4136702
8	12580042	43769999	NA	31189967	519517	2.0060018	517897	21922	36780.0	mappable	0.08215	3.0	NA	9.194467e-05	4.2477275e-05	0.0396361722	0.08033878	0.08038125	12580042	12580042	43769999	43769999	0.2018598	1	370496.0	19.430198	0.9783923	NA	NA	0.0	1.00300092	1.0030009	1	1	1:1	2	neutral	4136702
8	43770000	43789991	NA	19992	1037	2.0767435	1034	0	65.0	mappable	NA	NA	NA	0.63540908023	0.333333333333	0.00345526966	0.13998608	0.47331941	43770000	43770000	43789991	43789991	NA	missing	358729.2	NA	1.0067	NA	NA	NA	NA	NA	NA	NA	NA	NA	NA	4136702
8	46880007	143320025	NA	96440029	1348342	2.0060018	1344230	55975	93614.0	mappable	0.08215	3.0	NA	0.0003801806	1.6642812e-05	0.02930647862	0.07540589	0.07542253	46880007	46880007	143319965	143320025	0.2072253	1	370496.0	19.430198	0.9783923	NA	NA	0.0	1.00300092	1.0030009	1	1	1:1	2	neutral	4136702
8	143320026	143349981	NA	29956	513	1.6406425	496	59	57.0	mappable	0.069475	7.0	identical	0.00570407767	0.013157894737	0.13984473034	0.13449395	0.14765184	143320026	143320086	143349952	143349981	0.3061465	1	311693.12	17.392962	0.8321915	NA	NA	0.0	0.82032123	0.8203212	1	1	1:1	2	neutral	4136702
8	143349982	146289988	NA	2940007	39120	2.0060018	38848	1713	3330.0	mappable	0.07792115	3.0	edge	0.00309852211	0.000503778338	0.04964473034	0.09307786	0.09358163	143349982	143350011	146289988	146289988	0.2134394	1	370496.0	19.430198	0.9783923	NA	NA	0.0	1.00300092	1.0030009	1	1	1:1	2	neutral	4136702
9	200101	19400061	NA	19199968	361036	2.0060018	360133	17431	24519.0	mappable	0.078725	3.0	edge	0.00159177598	5.4543471e-05	0.00481769501	0.08266307	0.08271762	200101	200101	19399978	19400061	0.1417623	1	370496.0	19.430198	0.9783923	NA	NA	0.0	1.00300092	1.0030009	1	1	1:1	2	neutral	4136702
9	19400062	19409993	NA	9932	168	1.6406425	160	0	24.0	mappable	NA	7.0	identical	0.10052647789	0.125	0.15154473034	0.15062659	0.27562659	19400062	19400145	19409980	19410006	NA	missing	311693.12	NA	0.8321915	NA	NA	NA	NA	NA	NA	NA	NA	NA	NA	4136702
9	19409993	38769828	NA	19359838	284194	2.0060018	283393	13459	19295.0	mappable	0.078725	3.0	self	0.00185675095	7.0126227e-05	0.00334228311	0.08262222	0.08269235	19409980	19410006	38769828	38769828	0.1404661	1	370496.0	19.430198	0.9783923	NA	NA	0.0	1.00300092	1.0030009	1	1	1:1	2	neutral	4136702
9	66840048	66849972	NA	9925	540	2.0060018	508	0	33.0	mappable	NA	3.0	self	0.00689400662	0.03125	0.01035526966	0.15063813	0.18188813	66840048	66840048	66849972	66849972	NA	missing	370496.0	NA	0.9783923	NA	NA	NA	NA	NA	NA	NA	NA	NA	NA	4136702
9	68410004	68419976	NA	9973	1130	2.029262	1041	0	255.0	mappable	NA	NA	NA	0.27048352917	0.011235955056	0.01554473034	0.15055919	0.16179515	68410004	68410004	68419976	68419976	NA	missing	2231558.0	NA	0.9877	NA	NA	NA	NA	NA	NA	NA	NA	NA	NA	4136702
9	71030093	141019791	NA	69989708	960902	2.0060018	957331	44849	70686.0	mappable	0.08215	3.0	edge	0.00019321547	2.0653049e-05	0.00224107274	0.07674409	0.07676474	71030093	71030093	141019791	141019791	0.1491992	1	370496.0	19.430198	0.9783923	NA	NA	0.0	1.00300092	1.0030009	1	1	1:1	2	neutral	4136702
10	130013	38840018	NA	38710010	579359	2.0060018	576839	29500	42820.0	mappable	0.078725	3.0	edge	0.00118208528	3.1230481e-05	0.00085112034	0.07934555	0.07937678	130013	130013	38809991	38870045	0.1552068	1	370496.0	19.430198	0.9783923	NA	NA	0.0	1.00300092	1.0030009	1	1	1:1	2	neutral	4136702
10	38840018	39149984	NA	309967	6210	2.2390109	5817	0	666.0	mappable	NA	10.0	NA	0.00930566497	0.002544529262	0.09085526966	0.10963857	0.1121831	38809991	38870045	39149984	39149984	NA	missing	493739.77	NA	1.0716323	NA	NA	NA	NA	NA	NA	NA	NA	NA	NA	4136702
10	42410000	46159967	NA	3749968	43621	2.0060018	43522	2066	3144.0	mappable	0.081175	3.0	self	0.00032647789	0.000461893764	0.00544473034	0.0915816	0.0920435	42410000	42410000	46159967	46159967	0.1222659	1	370496.0	19.430198	0.9783923	NA	NA	0.0	1.00300092	1.0030009	1	1	1:1	2	neutral	4136702
10	48310177	48659961	NA	349785	5553	2.0060018	5544	213	402.0	mappable	0.099925	3.0	self	0.01780147789	0.004504504505	0.01954473034	0.10860057	0.11310508	48310177	48310177	48659961	48659961	0.1752202	1	370496.0	19.430198	0.9783923	NA	NA	0.0	1.00300092	1.0030009	1	1	1:1	2	neutral	4136702
10	49390096	66230008	NA	16839913	234109	2.0060018	233528	9010	16181.0	mappable	0.081175	3.0	NA	0.00090684105	0.000104264415	0.00777037032	0.08331465	0.08341892	49390096	49390096	66229979	66230008	0.1555065	1	370496.0	19.430198	0.9783923	NA	NA	0.0	1.00300092	1.0030009	1	1	1:1	2	neutral	4136702
10	66230009	66260055	NA	30047	458	2.262421	458	0	26.0	mappable	NA	NA	NA	NA	inf	0.07775526966	0.13445438	inf	66230009	66230038	66259997	66260055	NA	missing	409448.95	NA	1.081	NA	NA	NA	NA	NA	NA	NA	NA	NA	NA	4136702
10	66260056	81808734	NA	15548679	211624	2.0060018	210954	10078	15447.0	mappable	0.08185833	3.0	NA	0.00032647789	9.3040566e-05	0.00454473034	0.08371602	0.08380907	66260056	66260114	81759954	81808734	0.1438768	1	370496.0	19.430198	0.9783923	NA	NA	0.0	1.00300092	1.0030009	1	1	1:1	2	neutral	4136702
10	81808735	119715534	DEL	37906803	516044	1.110287	514383	22787	37152.0	mappable	0.654125	8.0	identical	0.57249794427	4.0903141e-05	0.38219522953	0.07944088	0.07948179	81808735	81810066	119715530	119715534	0.9713053	2	233807.68	19.111472	0.6199665	18.40374	0.9429067	0.8858134	0.06338995	1.0468971	1	0	1:0	1	LOH	4136702
10	119715535	135439925	DEL	15724392	248785	2.0060018	247685	11640	19152.0	mappable	0.08215	3.0	edge	0.00196448086	7.8492936e-05	0.01249381248	0.08365925	0.08373775	119715535	119715658	135439925	135439925	0.1560825	1	370496.0	19.430198	0.9783923	NA	NA	0.0	1.00300092	1.0030009	1	1	1:1	2	neutral	4136702
11	190010	1399998	NA	1209989	17044	1.8778754	16853	703	1596.0	mappable	0.08559423	1.0	edge	0.00032647789	0.001124859393	0.07174473034	0.09897775	0.1001026	190010	190010	1399992	1400004	0.3136828	1	345783.21	18.74993	0.9271217	NA	NA	0.0	0.93893768	0.9389377	1	1	1:1	2	neutral	4136702
11	1399998	1439992	NA	39995	644	1.6406425	632	68	56.0	mappable	0.11046786	7.0	NA	0.04002647789	0.0125	0.13354473034	0.13082556	0.14332556	1399992	1400004	1439921	1440063	0.1071755	1	311693.12	17.392962	0.8321915	NA	NA	0.0	0.82032123	0.8203212	1	1	1:1	2	neutral	4136702
11	1439992	2940061	NA	1500070	23467	1.8778754	23373	957	1973.0	mappable	0.09724286	1.0	NA	0.01235147789	0.000951474786	0.08514473034	0.09748205	0.09843352	1439921	1440063	2939999	2940061	0.2441527	1	345783.21	18.74993	0.9271217	NA	NA	0.0	0.93893768	0.9389377	1	1	1:1	2	neutral	4136702
11	2940062	2959997	NA	19936	330	1.752058	329	1	34.0	mappable	0.14285714	2.0	NA	0.23034579006	0.5	0.15874473034	0.14002574	0.64002574	2940062	2940124	2959967	2960027	NA	missing	305593.59	17.845058	0.8767751	NA	NA	NA	NA	NA	NA	NA	NA	NA	NA	4136702
11	2959997	12359915	NA	9399919	140504	2.0060018	139984	6604	10099.0	mappable	0.085575	3.0	self	0.00439289228	0.000140370578	0.05837694651	0.08634007	0.08648044	2959967	2960027	12359829	12360001	0.2598186	1	370496.0	19.430198	0.9783923	NA	NA	0.0	1.00300092	1.0030009	1	1	1:1	2	neutral	4136702
11	12359915	12440011	NA	80097	1247	1.6406425	1245	36	102.0	mappable	0.11417358	7.0	identical	0.03235006115	0.026315789474	0.12764473034	0.12277877	0.14909456	12359829	12360001	12439988	12440011	0.5067196	2	311693.12	17.392962	0.8321915	18.27762	0.5735401	0.14708028	0.69966816	0.9409743	1	sub	1:sub	sub	sub	4136702
11	12440012	48899996	NA	36459985	511408	2.0060018	509408	22483	35883.0	mappable	0.08215	3.0	NA	0.00375147789	4.0846336e-05	0.0551473052	0.07961843	0.07965928	12440012	12440035	48899996	48899996	0.2644088	1	370496.0	19.430198	0.9783923	NA	NA	0.0	1.00300092	1.0030009	1	1	1:1	2	neutral	4136702
11	48899997	50170092	NA	1270096	0	0.0	0	0	NA	mappable	NA	NA	NA	NA	inf	1.00324473034	0.09863632	inf	48899997	48899997	50170092	50170092	NA	missing	NA	NA	0.0	NA	NA	0.0	0.0	0.0	0	0	NA	0	homozygousDel	4136702
11	50170093	51579984	NA	1409893	18787	2.0060018	18624	864	1139.0	mappable	0.08032845	3.0	NA	0.00567958912	0.000973709834	0.03653546862	0.09790889	0.0988826	50170093	50170093	51579984	51579984	0.2561984	1	370496.0	19.430198	0.9783923	NA	NA	0.0	1.00300092	1.0030009	1	1	1:1	2	neutral	4136702
11	54792817	69110025	NA	14317209	176886	2.0060018	176168	7024	13297.0	mappable	0.085575	3.0	self	0.00375147789	0.00012916559	0.05504473034	0.08413526	0.08426442	54792817	54792817	69079978	69110025	0.2535772	1	370496.0	19.430198	0.9783923	NA	NA	0.0	1.00300092	1.0030009	1	1	1:1	2	neutral	4136702
11	69160072	71030028	NA	1869957	28570	1.8778754	28477	1059	2361.0	mappable	0.09051765	1.0	NA	0.01060147789	0.000868055556	0.08494473034	0.09599428	0.09686234	69160072	69160244	71029990	71030028	0.2433065	1	345783.21	18.74993	0.9271217	NA	NA	0.0	0.93893768	0.9389377	1	1	1:1	2	neutral	4136702
11	71030029	89349940	NA	18319913	249683	2.0060018	248954	12144	17642.0	mappable	0.082675	3.0	NA	0.00032647789	7.768197e-05	0.04974473034	0.08289499	0.08297268	71030029	71030067	89349940	89349940	0.2736364	1	370496.0	19.430198	0.9783923	NA	NA	0.0	1.00300092	1.0030009	1	1	1:1	2	neutral	4136702
11	89850037	89869910	NA	19874	333	1.8328387	333	0	28.0	mappable	NA	NA	NA	NA	inf	0.09414473034	0.14006981	inf	89850037	89850037	89869816	89870004	NA	missing	360698.0	NA	0.9091	NA	NA	NA	NA	NA	NA	NA	NA	NA	NA	4136702
11	89869910	89929969	NA	60060	1026	2.0060018	1024	22	71.0	mappable	0.14687857	3.0	NA	0.06371301635	0.041666666667	0.00124473034	0.12599126	0.16765793	89869816	89870004	89929862	89930076	NA	missing	370496.0	19.430198	0.9783923	NA	NA	NA	NA	NA	NA	NA	NA	NA	NA	4136702
11	89929969	90110041	NA	180073	2378	1.8778754	2370	48	164.0	mappable	0.05539265	1.0	NA	0.02713335818	0.017857142857	0.07154473034	0.1145592	0.13241634	89929862	89930076	90109763	90110041	0.2886045	1	345783.21	18.74993	0.9271217	NA	NA	0.0	0.93893768	0.9389377	1	1	1:1	2	neutral	4136702
11	90110042	90149993	NA	39952	464	2.141968	464	0	30.0	mappable	NA	NA	NA	NA	inf	0.02955526966	0.13083885	inf	90110042	90110320	90149962	90149993	NA	missing	377925.29	NA	1.0328	NA	NA	NA	NA	NA	NA	NA	NA	NA	NA	4136702
11	90149994	123829972	NA	33679981	489484	2.0060018	487966	19367	34506.0	mappable	0.085575	3.0	NA	0.00338914553	4.7881254e-05	0.05192509334	0.07998276	0.08003064	90149994	90150025	123829939	123830005	0.257204	1	370496.0	19.430198	0.9783923	NA	NA	0.0	1.00300092	1.0030009	1	1	1:1	2	neutral	4136702
11	123829972	123860026	NA	30055	501	1.7823584	501	0	38.0	mappable	NA	NA	NA	NA	inf	0.11434473034	0.13445091	inf	123829939	123830005	123859949	123860026	NA	missing	371493.03	NA	0.8889	NA	NA	NA	NA	NA	NA	NA	NA	NA	NA	4136702
11	123860027	134939862	NA	11079836	169708	2.0060018	169157	9017	12246.0	mappable	0.085575	3.0	edge	0.00375147789	0.00010451505	0.05344473034	0.08546485	0.08556937	123860027	123860104	134939862	134939862	0.2655778	1	370496.0	19.430198	0.9783923	NA	NA	0.0	1.00300092	1.0030009	1	1	1:1	2	neutral	4136702
12	160107	6264635	NA	6104529	92641	2.0060018	92217	3522	7142.0	mappable	0.08215	3.0	edge	0.00309852211	0.000253421186	0.01124473034	0.08872544	0.08897886	160107	160107	6239962	6264635	0.1712089	1	370496.0	19.430198	0.9783923	NA	NA	0.0	1.00300092	1.0030009	1	1	1:1	2	neutral	4136702
12	6264636	7433603	DEL	1168968	14864	1.110287	14821	352	1253.0	mappable	0.64458409	8.0	identical	0.56202647789	0.00253164557	0.38864473034	0.09922208	0.10175372	6264636	6270001	7429942	7433603	0.9839819	2	233807.68	19.111472	0.6199665	18.40374	0.9429067	0.8858134	0.06338995	1.0468971	1	0	1:0	1	LOH	4136702
12	7433604	10400004	DEL	2966401	28512	2.0060018	28433	685	2225.0	mappable	0.07035455	3.0	NA	0.00994852211	0.001308900524	0.01245526966	0.09302203	0.09433094	7433604	7440045	10399987	10400021	0.1810551	1	370496.0	19.430198	0.9783923	NA	NA	0.0	1.00300092	1.0030009	1	1	1:1	2	neutral	4136702
12	10400004	10410019	NA	10016	195	1.8670753	195	0	15.0	mappable	NA	NA	NA	NA	inf	0.08044473034	0.15048888	inf	10399987	10400021	10409975	10410019	NA	missing	382841.4	NA	0.9228	NA	NA	NA	NA	NA	NA	NA	NA	NA	NA	4136702
12	10410020	34819969	NA	24409953	341949	2.0060018	340680	17431	23905.0	mappable	0.078725	3.0	NA	0.00204494779	5.3478796e-05	0.00389328556	0.08149638	0.08154986	10410020	10410064	34819969	34819969	0.1655173	1	370496.0	19.430198	0.9783923	NA	NA	0.0	1.00300092	1.0030009	1	1	1:1	2	neutral	4136702
12	38000003	116744630	NA	78744635	1057185	2.0060018	1053628	44860	75516.0	mappable	0.078725	3.0	self	0.00154721037	2.0653903e-05	0.00454302686	0.0762466	0.07626725	38000003	38000003	116744588	116744630	0.1381108	1	370496.0	19.430198	0.9783923	NA	NA	0.0	1.00300092	1.0030009	1	1	1:1	2	neutral	4136702
12	116744631	116766595	DUP	21965	355	2.7547288	355	53	34.0	mappable	0.25961723	NA	identical	0.17779370376	0.018867924528	0.27475526966	0.13866819	0.15753611	116744631	116744724	116766587	116766595	0.8144573	2	488033.06	30.605463	1.278	18.6352	0.6473777	0.29475539	0.97137882	1.78335	2	1	2:1	3	gain	4136702
12	116766596	133819926	DUP	17053334	245186	2.0060018	243967	12192	19590.0	mappable	0.08215	3.0	edge	0.00195201248	7.4565655e-05	0.0133302597	0.08325164	0.08332621	116766596	116766634	133819926	133819926	0.1735857	1	370496.0	19.430198	0.9783923	NA	NA	0.0	1.00300092	1.0030009	1	1	1:1	2	neutral	4136702
13	19450038	62440019	NA	42989996	584382	2.0060018	582531	24892	41842.0	mappable	0.078725	3.0	edge	0.00316745573	3.7394361e-05	0.00630786094	0.07887214	0.07890953	19450038	19450038	62439988	62440019	0.1555242	1	370496.0	19.430198	0.9783923	NA	NA	0.0	1.00300092	1.0030009	1	1	1:1	2	neutral	4136702
13	62440020	62460029	NA	20010	365	2.229184	365	0	17.0	mappable	NA	NA	NA	NA	inf	0.06445526966	0.13997336	inf	62440020	62440051	62459989	62460069	NA	missing	414437.88	NA	1.0677	NA	NA	NA	NA	NA	NA	NA	NA	NA	NA	4136702
13	62460029	67118975	NA	4658947	68407	2.0060018	68211	4015	4316.0	mappable	0.07598235	3.0	NA	0.00309852211	0.000237473284	0.01195526966	0.09028704	0.09052452	62459989	62460069	67118973	67118975	0.1286069	1	370496.0	19.430198	0.9783923	NA	NA	0.0	1.00300092	1.0030009	1	1	1:1	2	neutral	4136702
13	67118976	67120033	DEL	1058	16	2.019016	16	0	2.0	mappable	NA	NA	NA	NA	inf	0.01964473034	0.19906194	inf	67118976	67118985	67119995	67120071	NA	missing	384740.0	NA	0.9836	NA	NA	NA	NA	NA	NA	NA	NA	NA	NA	4136702
13	67120033	67514145	NA	394113	5332	1.110287	5317	223	365.0	mappable	0.6918	8.0	NA	0.61340147789	0.004201680672	0.35644473034	0.10759485	0.11179653	67119995	67120071	67514081	67514145	0.975514	2	233807.68	19.111472	0.6199665	18.40374	0.9429067	0.8858134	0.06338995	1.0468971	1	0	1:0	1	LOH	4136702
13	67514146	67520052	DEL	5907	95	1.6406425	94	0	11.0	mappable	NA	7.0	NA	0.06103362075	1.0	0.19404473034	0.15963973	1.15963973	67514146	67514216	67519989	67520115	NA	missing	311693.12	NA	0.8321915	NA	NA	NA	NA	NA	NA	NA	NA	NA	NA	4136702
13	67520052	86652282	NA	19132232	279939	2.0060018	279025	14410	18515.0	mappable	0.078725	3.0	self	0.00246370831	6.5257113e-05	0.00958046872	0.0826805	0.08274575	67519989	67520115	86652236	86652282	0.1459129	1	370496.0	19.430198	0.9783923	NA	NA	0.0	1.00300092	1.0030009	1	1	1:1	2	neutral	4136702
13	86652283	86701610	DEL	49328	928	1.110287	921	92	57.0	mappable	0.66411177	8.0	identical	0.5816407636	0.010101010101	0.33024473034	0.12828638	0.13838739	86652283	86652295	86701605	86701610	0.9983576	2	233807.68	19.111472	0.6199665	18.40374	0.9429067	0.8858134	0.06338995	1.0468971	1	0	1:0	1	LOH	4136702
13	86701611	115099984	DEL	28398378	427852	2.0060018	426218	20551	30749.0	mappable	0.078725	3.0	edge	4.965031e-05	4.5075501e-05	0.00239352525	0.08077771	0.08082279	86701611	86701648	115099984	115099984	0.1387691	1	370496.0	19.430198	0.9783923	NA	NA	0.0	1.00300092	1.0030009	1	1	1:1	2	neutral	4136702
14	20330060	106211263	NA	85881217	1207113	2.0060018	1203082	54300	86771.0	mappable	0.078725	3.0	edge	0.00187238337	1.7143543e-05	0.00503416177	0.07588451	0.07590166	20330060	20330060	106009942	106211263	0.1446748	1	370496.0	19.430198	0.9783923	NA	NA	0.0	1.00300092	1.0030009	1	1	1:1	2	neutral	4136702
14	106211422	106239963	DEL	28542	0	0.0	0	0	NA	mappable	NA	NA	NA	NA	inf	1.00324473034	0.13512784	inf	106211422	106211422	106239963	106239963	NA	missing	NA	NA	0.0	NA	NA	0.0	0.0	0.0	0	0	NA	0	homozygousDel	4136702
14	106239964	106324498	DEL	84535	944	1.8778754	935	61	82.0	mappable	0.09338281	1.0	NA	0.01249920516	0.014285714286	0.10464473034	0.12219515	0.13648087	106239964	106250082	106324439	106324498	0.6068877	2	345783.21	18.74993	0.9271217	18.20048	0.5521217	0.10424332	0.8410597	1.0368157	1	1	1:1	2	mixDH	4136702
14	106324499	106324703	DEL	205	7	1.7086372	7	0	2.0	mappable	NA	NA	NA	NA	inf	0.14384473034	0.2604343	inf	106324499	106324535	106324694	106324703	NA	missing	261771.43	NA	0.8594	NA	NA	NA	NA	NA	NA	NA	NA	NA	NA	4136702
14	106324704	106324927	DEL	224	10	1.7086372	10	0	1.0	mappable	NA	NA	NA	NA	inf	0.14384473034	0.25616871	inf	106324704	106324779	106324908	106324927	NA	missing	261771.43	NA	0.8594	NA	NA	NA	NA	NA	NA	NA	NA	NA	NA	4136702
14	106324928	106326560	DEL	1633	141	1.7086372	139	1	22.0	mappable	1.0	NA	NA	0.41805147789	0.333333333333	0.14384473034	0.18738331	0.52071664	106324928	106324931	106326558	106326560	NA	missing	261771.43	26.177143	0.8594	NA	NA	NA	NA	NA	NA	NA	NA	NA	NA	4136702
14	106326561	106326586	DEL	26	8	1.7086372	8	0	2.0	mappable	NA	NA	NA	NA	inf	0.14384473034	0.42549211	inf	106326561	106326565	106326585	106326586	NA	missing	261771.43	NA	0.8594	NA	NA	NA	NA	NA	NA	NA	NA	NA	NA	4136702
14	106326587	106330473	DEL	3887	894	1.6406425	891	0	59.0	mappable	NA	7.0	NA	0.05440915411	0.333333333333	0.18924473034	0.16772274	0.50105607	106326587	106326594	106330467	106330473	NA	missing	311693.12	NA	0.8321915	NA	NA	NA	NA	NA	NA	NA	NA	NA	NA	4136702
14	106330474	106357577	INV	27104	349	0.1749859	342	17	36.0	mappable	0.195725	NA	NA	0.11677647789	0.041666666667	0.75754473034	0.13581219	0.17747886	106330474	106330477	106349982	106357577	NA	missing	91341.85	4.982283	0.2457	NA	NA	NA	NA	NA	NA	NA	NA	NA	NA	4136702
14	106357578	106357990	INV	413	0	0.0	0	0	NA	mappable	NA	NA	NA	NA	inf	1.00324473034	0.23014965	inf	106357578	106357578	106357990	106357990	NA	missing	NA	NA	0.0	NA	NA	0.0	0.0	0.0	0	0	NA	0	homozygousDel	4136702
14	106357991	106363818	CTX	5828	0	0.0	0	0	NA	mappable	NA	NA	NA	NA	inf	1.00324473034	0.15988763	inf	106357991	106357991	106363818	106363818	NA	missing	NA	NA	0.0	NA	NA	0.0	0.0	0.0	0	0	NA	0	homozygousDel	4136702
14	106363819	106690015	CTX	326197	1544	1.1186175	1537	36	108.0	mappable	0.8261	NA	NA	0.74552647789	0.023255813953	0.37994473034	0.10919782	0.13245363	106363819	106400108	106689978	106690052	1.0	2	234023.58	20.349876	0.6233	18.32222	1.0146087	1.0	0.0	1.1186175	1	0	1:0	1	LOH	4136702
14	106690015	107259908	NA	569894	8530	2.2390109	8162	450	575.0	mappable	0.07235227	10.0	edge	0.00122878527	0.001222493888	0.04705526966	0.10460068	0.10582318	106689978	106690052	107259908	107259908	0.3217794	1	493739.77	26.442608	1.0716323	NA	NA	0.0	1.11950543	1.1195054	1	1	1:1	2	neutral	4136702
15	20850000	20859924	NA	9925	165	2.0667474	139	0	11.0	mappable	NA	NA	edge	0.25918789521	0.038461538462	0.00054473034	0.15063813	0.18909966	20850000	20850000	20859924	20859924	NA	missing	1175840.0	NA	1.0027	NA	NA	NA	NA	NA	NA	NA	NA	NA	NA	4136702
15	22480079	23069956	NA	589878	4053	1.8778754	4022	259	326.0	mappable	0.0900875	1.0	NA	0.00593272789	0.003448275862	0.07104473034	0.10432937	0.10777765	22480079	22480079	23069956	23069956	0.1989109	1	345783.21	18.74993	0.9271217	NA	NA	0.0	0.93893768	0.9389377	1	1	1:1	2	neutral	4136702
15	23710146	24329926	NA	619781	10352	1.8778754	10313	653	755.0	mappable	0.08251379	1.0	NA	0.0019838853	0.001445086705	0.07284473034	0.10394255	0.10538763	23710146	23710146	24329926	24329926	0.2068628	1	345783.21	18.74993	0.9271217	NA	NA	0.0	0.93893768	0.9389377	1	1	1:1	2	neutral	4136702
15	24329927	24830091	NA	500165	0	0.0	0	0	NA	mappable	NA	NA	NA	NA	inf	1.00324473034	0.10564099	inf	24329927	24329927	24830091	24830091	NA	missing	NA	NA	0.0	NA	NA	0.0	0.0	0.0	0	0	NA	0	homozygousDel	4136702
15	24830092	28529988	NA	3699897	57357	1.8778754	57140	2358	4051.0	mappable	0.089	1.0	NA	0.00717647789	0.000388349515	0.07254473034	0.091663	0.09205135	24830092	24830092	28529988	28529988	0.1662512	1	345783.21	18.74993	0.9271217	NA	NA	0.0	0.93893768	0.9389377	1	1	1:1	2	neutral	4136702
15	29100034	30369914	NA	1269881	18278	1.8778754	18222	548	1428.0	mappable	0.079325	1.0	NA	0.00309852211	0.001655629139	0.07414473034	0.09863751	0.10029314	29100034	29100034	30369914	30369914	0.2196242	1	345783.21	18.74993	0.9271217	NA	NA	0.0	0.93893768	0.9389377	1	1	1:1	2	neutral	4136702
15	31160110	41075520	NA	9915413	132000	2.0060018	131571	6055	9304.0	mappable	0.08215	3.0	self	0.00227382521	0.000154225787	0.0475035258	0.08605392	0.08620815	31160110	31160110	41075428	41075520	0.1696374	1	370496.0	19.430198	0.9783923	NA	NA	0.0	1.00300092	1.0030009	1	1	1:1	2	neutral	4136702
15	41075521	45072387	NA	3996868	43935	1.110287	43815	1190	3507.0	mappable	0.6507	8.0	identical	0.57230147789	0.000763358779	0.40344473034	0.09119745	0.09196081	41075521	41075587	45059853	45072387	0.9115967	2	233807.68	19.111472	0.6199665	18.40374	0.9429067	0.8858134	0.06338995	1.0468971	1	0	1:0	1	LOH	4136702
15	45072388	82479795	DEL	37407415	514091	2.0060018	512364	21342	37644.0	mappable	0.078725	3.0	self	0.00164395177	4.3350095e-05	0.05428073623	0.0795013	0.07954465	45072388	45240055	82479795	82479795	0.1692882	1	370496.0	19.430198	0.9783923	NA	NA	0.0	1.00300092	1.0030009	1	1	1:1	2	neutral	4136702
15	83211507	102399920	NA	19188418	295858	2.0060018	294789	14829	21245.0	mappable	0.08255385	3.0	edge	0.00090857515	6.2900994e-05	0.05900303534	0.08266604	0.08272894	83211507	83211507	102399920	102399920	0.1624621	1	370496.0	19.430198	0.9783923	NA	NA	0.0	1.00300092	1.0030009	1	1	1:1	2	neutral	4136702
16	100010	8610032	NA	8510028	173704	2.0060018	172890	8460	13174.0	mappable	0.08215	3.0	edge	0.0010306052	0.000107839965	0.01049792428	0.08687821	0.08698605	100010	100010	8609991	8610032	0.1552626	1	370496.0	19.430198	0.9783923	NA	NA	0.0	1.00300092	1.0030009	1	1	1:1	2	neutral	4136702
16	8709953	10559993	NA	1850041	34377	2.0060018	34217	1914	2566.0	mappable	0.08425588	3.0	self	0.0038101149	0.000482160077	7.722882e-05	0.09606551	0.09654767	8709953	8710021	10559973	10560013	0.1514328	1	370496.0	19.430198	0.9783923	NA	NA	0.0	1.00300092	1.0030009	1	1	1:1	2	neutral	4136702
16	10559993	10567105	NA	7113	130	1.752058	123	0	12.0	mappable	NA	2.0	NA	0.24533593735	0.142857142857	0.11514473034	0.15629588	0.29915302	10559973	10560013	10567026	10567105	NA	missing	305593.59	NA	0.8767751	NA	NA	NA	NA	NA	NA	NA	NA	NA	NA	4136702
16	10567106	10585003	DEL	17898	56	1.752058	56	1	7.0	mappable	0.38461538	2.0	NA	0.3027918625	1.0	0.11514473034	0.14156776	1.14156776	10567106	10567182	10569970	10600036	NA	missing	305593.59	17.845058	0.8767751	NA	NA	NA	NA	NA	NA	NA	NA	NA	NA	4136702
16	10585003	10989951	NA	404949	8097	1.110287	8061	325	668.0	mappable	0.715775	8.0	NA	0.60997647789	0.002770083102	0.37944473034	0.10736883	0.11013891	10569970	10600036	10989852	10989951	0.9425409	2	233807.68	19.111472	0.6199665	18.40374	0.9429067	0.8858134	0.06338995	1.0468971	1	0	1:0	1	LOH	4136702
16	10989952	10995588	NA	5637	119	1.7516204	119	0	11.0	mappable	NA	NA	NA	NA	inf	0.12664473034	0.16050447	inf	10989952	10990051	10995577	10995588	NA	missing	315512.9	NA	0.8766	NA	NA	NA	NA	NA	NA	NA	NA	NA	NA	4136702
16	10995589	16289940	DEL	5294354	80704	2.0060018	80325	4360	6042.0	mappable	0.0838	3.0	NA	0.00163113077	0.000211014982	0.00087109954	0.08954145	0.08975247	10995589	10995832	16289940	16289940	0.1547463	1	370496.0	19.430198	0.9783923	NA	NA	0.0	1.00300092	1.0030009	1	1	1:1	2	neutral	4136702
16	16870104	18169896	NA	1299793	20448	2.0060018	20339	1255	1492.0	mappable	0.07675833	3.0	self	0.00309852211	0.00073313783	0.00114473034	0.09847438	0.09920752	16870104	16870104	18169896	18169896	0.1735645	1	370496.0	19.430198	0.9783923	NA	NA	0.0	1.00300092	1.0030009	1	1	1:1	2	neutral	4136702
16	18800044	29039945	NA	10239905	125154	2.0060018	124571	6206	9621.0	mappable	0.08215	3.0	self	0.00179035336	0.000147297098	0.0017800735	0.08588225	0.08602955	18800044	18800044	29039945	29039945	0.1839283	1	370496.0	19.430198	0.9783923	NA	NA	0.0	1.00300092	1.0030009	1	1	1:1	2	neutral	4136702
16	29670028	31959970	NA	2289943	17557	2.0060018	17493	441	1481.0	mappable	0.076	3.0	self	0.00763833693	0.00198019802	0.00644473034	0.09466613	0.09664633	29670028	29670028	31959970	31959970	0.2060515	1	370496.0	19.430198	0.9783923	NA	NA	0.0	1.00300092	1.0030009	1	1	1:1	2	neutral	4136702
16	32520030	32649899	NA	129870	3149	2.0729949	2919	0	189.0	mappable	NA	NA	NA	0.11330294848	0.004347826087	0.00195526966	0.11773911	0.12208694	32520030	32520030	32649899	32649899	NA	missing	801932.62	NA	1.0052	NA	NA	NA	NA	NA	NA	NA	NA	NA	NA	4136702
16	33590105	35279959	NA	1689855	15428	2.0060018	15368	89	1100.0	mappable	0.06525	3.0	self	0.01765209354	0.006711409396	0.00214473034	0.09667221	0.10338362	33590105	33590105	35279959	35279959	0.2154345	1	370496.0	19.430198	0.9783923	NA	NA	0.0	1.00300092	1.0030009	1	1	1:1	2	neutral	4136702
16	46450014	46649987	NA	199974	2187	2.2390109	2185	11	140.0	mappable	0.06484594	10.0	NA	0.01134026	0.076923076923	0.12025526966	0.11357536	0.19049844	46450014	46450014	46649929	46650045	NA	missing	493739.77	26.442608	1.0716323	NA	NA	NA	NA	NA	NA	NA	NA	NA	NA	4136702
16	46649987	90109969	NA	43459996	700142	2.0060018	697519	30196	51885.0	mappable	0.08215	3.0	edge	0.0001928869	3.0470154e-05	0.00114776458	0.07882337	0.07885384	46649929	46650045	90109969	90109969	0.1427771	1	370496.0	19.430198	0.9783923	NA	NA	0.0	1.00300092	1.0030009	1	1	1:1	2	neutral	4136702
17	20080	18239982	NA	18219907	232203	2.0060018	231157	10512	17887.0	mappable	0.08215	3.0	edge	0.0002330291	8.6520159e-05	0.00846479985	0.08292214	0.08300866	20080	20080	18239982	18239982	0.1816787	1	370496.0	19.430198	0.9783923	NA	NA	0.0	1.00300092	1.0030009	1	1	1:1	2	neutral	4136702
17	18750212	21910005	NA	3159794	24625	2.0060018	24010	880	2178.0	mappable	0.08081429	3.0	self	0.00141215848	0.000668896321	0.00904473034	0.09262948	0.09329837	18750212	18750212	21799998	22020012	0.1795218	1	370496.0	19.430198	0.9783923	NA	NA	0.0	1.00300092	1.0030009	1	1	1:1	2	neutral	4136702
17	21910005	22180033	NA	270029	547	2.3771262	544	23	43.0	mappable	0.13187014	NA	identical	0.04665577082	0.038461538462	0.12365526966	0.11084782	0.14930936	21799998	22020012	22179965	22180101	NA	missing	448746.43	23.933143	1.1269	NA	NA	NA	NA	NA	NA	NA	NA	NA	NA	4136702
17	22180033	22239986	NA	59954	644	2.0060018	643	24	40.0	mappable	0.06249099	3.0	self	0.02117873753	0.04	0.01544473034	0.12601149	0.16601149	22179965	22180101	22239986	22239986	NA	missing	370496.0	19.430198	0.9783923	NA	NA	NA	NA	NA	NA	NA	NA	NA	NA	4136702
17	25390040	44279982	NA	18889947	210819	2.0060018	210023	7811	16579.0	mappable	0.08342576	3.0	self	0.00164708031	0.000116184501	0.00446791658	0.08274339	0.08285957	25390040	25390040	44279982	44279982	0.1842589	1	370496.0	19.430198	0.9783923	NA	NA	0.0	1.00300092	1.0030009	1	1	1:1	2	neutral	4136702
17	44790026	46314826	NA	1524801	14525	2.0060018	14462	671	1192.0	mappable	0.084175	3.0	self	0.00349314456	0.00136239782	0.00095526966	0.09737008	0.09873248	44790026	44790026	46314766	46314826	0.1680233	1	370496.0	19.430198	0.9783923	NA	NA	0.0	1.00300092	1.0030009	1	1	1:1	2	neutral	4136702
17	46314827	65596334	DUP	19281509	235938	2.9140248	234950	10963	17474.0	mappable	0.284225	6.0	identical	0.20149777597	8.3675006e-05	0.39073595272	0.08264219	0.08272586	46314827	46314903	65596251	65596334	0.8567171	2	508852.9	33.816066	1.3417433	18.5071	0.6893465	0.37869308	0.9052519	2.0087729	2	1	2:1	3	gain	4136702
17	65596335	81149937	DUP	15553604	225710	2.0060018	224582	12119	17937.0	mappable	0.08215	3.0	edge	0.0003505022	7.548879e-05	0.00763862251	0.08371442	0.08378991	65596335	65596486	81149937	81149937	0.1637802	1	370496.0	19.430198	0.9783923	NA	NA	0.0	1.00300092	1.0030009	1	1	1:1	2	neutral	4136702
18	130031	14119956	NA	13989930	212607	2.0060018	211950	10963	15339.0	mappable	0.08215	3.0	edge	0.00059545746	8.605852e-05	0.00305047616	0.0842535	0.08433956	130031	130031	14119956	14119956	0.1476302	1	370496.0	19.430198	0.9783923	NA	NA	0.0	1.00300092	1.0030009	1	1	1:1	2	neutral	4136702
18	14119957	14910026	NA	790070	0	0.0	0	0	NA	mappable	NA	NA	NA	NA	inf	1.00324473034	0.10208446	inf	14119957	14119957	14910026	14910026	NA	missing	NA	NA	0.0	NA	NA	0.0	0.0	0.0	0	0	NA	0	homozygousDel	4136702
18	14910027	14929888	NA	19862	364	2.037009	364	1	25.0	mappable	0.2	NA	NA	0.11817647789	1.0	0.01244473034	0.14007836	1.14007836	14910027	14910027	14929888	14929888	NA	missing	366464.9	21.987894	0.9908	NA	NA	NA	NA	NA	NA	NA	NA	NA	NA	4136702
18	18540053	52452590	NA	33912539	476863	2.0060018	475561	19956	33336.0	mappable	0.08059474	3.0	NA	0.00021160576	4.7041114e-05	0.00215324853	0.07995102	0.07999806	18540053	18540053	52452464	52452590	0.1404995	1	370496.0	19.430198	0.9783923	NA	NA	0.0	1.00300092	1.0030009	1	1	1:1	2	neutral	4136702
18	52452591	52455033	DEL	2443	44	1.8330886	44	0	4.0	mappable	NA	NA	NA	NA	inf	0.09404473034	0.17770767	inf	52452591	52452646	52455016	52455033	NA	missing	354706.0	NA	0.9092	NA	NA	NA	NA	NA	NA	NA	NA	NA	NA	4136702
18	52455034	60687239	DEL	8232208	120323	2.0060018	119901	5899	8386.0	mappable	0.08215	3.0	NA	0.00087408061	0.000158227848	0.00729345936	0.0870593	0.08721752	52455034	52455087	60687217	60687239	0.1239853	1	370496.0	19.430198	0.9783923	NA	NA	0.0	1.00300092	1.0030009	1	1	1:1	2	neutral	4136702
18	60687240	60787274	CTX	100035	1556	1.110287	1545	107	106.0	mappable	0.63585357	8.0	NA	0.54832647789	0.008474576271	0.37004473034	0.12040834	0.12888291	60687240	60687263	60787195	60787274	0.9791737	2	233807.68	19.111472	0.6199665	18.40374	0.9429067	0.8858134	0.06338995	1.0468971	1	0	1:0	1	LOH	4136702
18	60787275	60790062	CTX	2788	44	1.3085434	44	0	4.0	mappable	NA	NA	NA	NA	inf	0.30394473034	0.17474857	inf	60787275	60787287	60789998	60790062	NA	missing	285115.6	NA	0.6993	NA	NA	NA	NA	NA	NA	NA	NA	NA	NA	4136702
18	60790063	67649987	NA	6859926	107417	2.0060018	107080	5125	7370.0	mappable	0.08279924	3.0	NA	0.00120891208	0.00018308312	0.0101701835	0.08806786	0.08825094	60790063	60790127	67649954	67650020	0.1543605	1	370496.0	19.430198	0.9783923	NA	NA	0.0	1.00300092	1.0030009	1	1	1:1	2	neutral	4136702
18	67649987	67674918	NA	24932	274	1.839836	274	1	22.0	mappable	0.71428571	NA	NA	0.63246219217	1.0	0.09134473034	0.13693274	1.13693274	67649954	67650020	67669830	67680006	NA	missing	371410.72	31.835205	0.9119	NA	NA	NA	NA	NA	NA	NA	NA	NA	NA	4136702
18	67674918	78009968	NA	10335055	172129	2.0060018	171294	9704	12857.0	mappable	0.078725	3.0	edge	0.0025156674	9.4885663e-05	0.00011019416	0.08583307	0.08592795	67669830	67680006	78009968	78009968	0.1473723	1	370496.0	19.430198	0.9783923	NA	NA	0.0	1.00300092	1.0030009	1	1	1:1	2	neutral	4136702
19	260137	24569972	NA	24309836	256782	2.0380086	255011	13041	21742.0	mappable	0.79455	NA	edge	0.71272647789	6.7517386e-05	0.01204473034	0.08151608	0.0815836	260137	260137	24569972	24569972	0.744441	2	340615.95	29.195653	0.9912	16.76947	0.934078	0.86815594	0.13434966	1.9036589	2	0	2:0	2	cnLOH	4136702
19	27750002	43209995	NA	15459994	197677	2.0060018	196775	9074	15349.0	mappable	0.078725	3.0	NA	0.00032647789	0.000100240577	0.01344473034	0.08374495	0.08384519	27750002	27750002	43209995	43209995	0.1623437	1	370496.0	19.430198	0.9783923	NA	NA	0.0	1.00300092	1.0030009	1	1	1:1	2	neutral	4136702
19	43209996	43800005	NA	590010	0	0.0	0	0	NA	mappable	NA	NA	NA	NA	inf	1.00324473034	0.10432761	inf	43209996	43209996	43800005	43800005	NA	missing	NA	NA	0.0	NA	NA	0.0	0.0	0.0	0	0	NA	0	homozygousDel	4136702
19	43800006	59089999	NA	15289996	162327	2.0060018	161464	7861	13535.0	mappable	0.085575	3.0	edge	0.0037729279	0.000114626318	0.01646321094	0.08380093	0.08391555	43800006	43800006	59089999	59089999	0.1891101	1	370496.0	19.430198	0.9783923	NA	NA	0.0	1.00300092	1.0030009	1	1	1:1	2	neutral	4136702
20	60479	25710160	NA	25649687	399952	2.0060018	398622	19909	27591.0	mappable	0.08215	3.0	edge	0.00151210778	4.7083196e-05	0.00123253088	0.08125973	0.08130681	60479	60479	25709886	25710160	0.136658	1	370496.0	19.430198	0.9783923	NA	NA	0.0	1.00300092	1.0030009	1	1	1:1	2	neutral	4136702
20	25710161	25729738	NA	19578	264	2.2390109	248	0	16.0	mappable	NA	10.0	NA	0.02792528741	0.0625	0.04525526966	0.1402825	0.2027825	25710161	25710435	25729738	25729738	NA	missing	493739.77	NA	1.0716323	NA	NA	NA	NA	NA	NA	NA	NA	NA	NA	4136702
20	29810057	29924991	NA	114935	2619	2.2390109	2542	82	206.0	mappable	0.07971071	10.0	NA	0.01449296656	0.006289308176	0.09425526966	0.11897355	0.12526286	29810057	29810057	29919983	29924991	0.1232396	1	493739.77	26.442608	1.0716323	NA	NA	0.0	1.11950543	1.1195054	1	1	1:1	2	neutral	4136702
20	29924992	62909989	NA	32985000	494917	2.0060018	492859	21053	37888.0	mappable	0.08215	3.0	edge	0.00160710623	4.3269439e-05	0.00345085198	0.0800791	0.08012237	29924992	29930000	62909989	62909989	0.1387181	1	370496.0	19.430198	0.9783923	NA	NA	0.0	1.00300092	1.0030009	1	1	1:1	2	neutral	4136702
21	10720001	11014966	NA	294966	4816	2.2390109	4639	0	618.0	mappable	NA	10.0	edge	0.01734378558	0.005649717514	0.04155526966	0.1100704	0.11572012	10720001	10720001	10859932	11170000	NA	missing	493739.77	NA	1.0716323	NA	NA	NA	NA	NA	NA	NA	NA	NA	NA	4136702
21	11014966	11179964	NA	164999	291	2.0450059	276	0	69.0	mappable	NA	NA	NA	0.08496738698	0.066666666667	0.00924473034	0.11539284	0.18205951	10859932	11170000	11179964	11179964	NA	missing	1653082.0	NA	0.994	NA	NA	NA	NA	NA	NA	NA	NA	NA	NA	4136702
21	15410077	27360013	NA	11949937	196636	2.0060018	195859	8965	13411.0	mappable	0.08088333	3.0	NA	0.00032647789	0.000102658865	0.01775526966	0.08506837	0.08517103	15410077	15410077	27359986	27360040	0.1506055	1	370496.0	19.430198	0.9783923	NA	NA	0.0	1.00300092	1.0030009	1	1	1:1	2	neutral	4136702
21	27360013	27370160	NA	10148	175	1.9110581	175	0	18.0	mappable	NA	NA	NA	NA	inf	0.06284473034	0.15027529	inf	27359986	27360040	27369969	27370351	NA	missing	379732.9	NA	0.9404	NA	NA	NA	NA	NA	NA	NA	NA	NA	NA	4136702
21	27370160	27419981	NA	49822	939	2.2390109	930	10	60.0	mappable	0.07496154	10.0	NA	0.02382352211	0.052631578947	0.06475526966	0.1281682	0.18079977	27369969	27370351	27419961	27420001	NA	missing	493739.77	26.442608	1.0716323	NA	NA	NA	NA	NA	NA	NA	NA	NA	NA	4136702
21	27419981	48099931	NA	20679951	318364	2.0060018	316785	14870	24127.0	mappable	0.08215	3.0	edge	0.00032647789	6.0797665e-05	0.00304473034	0.08229867	0.08235947	27419961	27420001	48099931	48099931	0.1717853	1	370496.0	19.430198	0.9783923	NA	NA	0.0	1.00300092	1.0030009	1	1	1:1	2	neutral	4136702
22	16850007	23105000	NA	6254994	60477	2.0060018	60137	3123	4755.0	mappable	0.08215	3.0	edge	0.00032647789	0.000288766965	0.01714473034	0.08858739	0.08887616	16850007	16850007	23099992	23105000	0.2042573	1	370496.0	19.430198	0.9783923	NA	NA	0.0	1.00300092	1.0030009	1	1	1:1	2	neutral	4136702
22	23105001	23245009	NA	140009	2621	1.110287	2612	68	193.0	mappable	0.69458571	8.0	identical	0.61594909694	0.012987012987	0.36784473034	0.11699218	0.12997919	23105001	23110009	23239965	23250053	0.9466425	2	233807.68	19.111472	0.6199665	18.40374	0.9429067	0.8858134	0.06338995	1.0468971	1	0	1:0	1	LOH	4136702
22	23245009	41870009	NA	18625005	237842	2.0060018	236980	9402	18678.0	mappable	0.08342576	3.0	NA	0.00100617509	9.7427903e-05	0.02598926075	0.08281321	0.08291063	23239965	23250053	41869993	41870025	0.1730198	1	370496.0	19.430198	0.9783923	NA	NA	0.0	1.00300092	1.0030009	1	1	1:1	2	neutral	4136702
22	41870009	41909962	NA	39954	379	2.1974463	379	0	28.0	mappable	NA	NA	NA	NA	inf	0.05175526966	0.13083823	inf	41869993	41870025	41909877	41909962	NA	missing	364379.65	NA	1.055	NA	NA	NA	NA	NA	NA	NA	NA	NA	NA	4136702
22	41909963	44449953	NA	2539991	32269	2.0060018	32132	1701	2577.0	mappable	0.09046667	3.0	NA	0.00795532404	0.000544069641	0.03444473034	0.0940009	0.09454497	41909963	41910048	44449857	44450049	0.1582268	1	370496.0	19.430198	0.9783923	NA	NA	0.0	1.00300092	1.0030009	1	1	1:1	2	neutral	4136702
22	44449953	44460006	NA	10054	185	1.5644435	183	14	16.0	mappable	0.25687823	NA	identical	0.02773965114	0.0625	0.20154473034	0.15042704	0.21292704	44449857	44450049	44459995	44460017	NA	missing	292118.0	16.498359	0.8017	NA	NA	NA	NA	NA	NA	NA	NA	NA	NA	4136702
22	44460006	51179984	NA	6719979	121786	2.0060018	121114	6593	9553.0	mappable	0.08215	3.0	edge	0.00040021952	0.000137665198	0.03668376931	0.08818332	0.08832099	44459995	44460017	51179984	51179984	0.1766277	1	370496.0	19.430198	0.9783923	NA	NA	0.0	1.00300092	1.0030009	1	1	1:1	2	neutral	4136702
23	2700027	2790057	NA	90031	559	1.6406425	557	58	47.0	mappable	0.0727569	7.0	edge	0.01315800487	0.016666666667	0.14134473034	0.12152046	0.13818712	2700027	2700027	2789967	2790057	0.4217921	2	311693.12	17.392962	0.8321915	18.27762	0.5735401	0.14708028	0.69966816	0.9409743	1	sub	1:sub	sub	sub	4136702
23	2790058	2849920	NA	59863	495	2.0172667	494	24	35.0	mappable	0.22437866	NA	NA	0.13699841666	0.04	0.02034473034	0.12602889	0.16602889	2790058	2790148	2839830	2849920	NA	missing	342525.32	18.949017	0.9829	NA	NA	NA	NA	NA	NA	NA	NA	NA	NA	4136702
23	2849921	23725051	NA	20875131	199846	1.8778754	199228	9102	13706.0	mappable	0.089	1.0	NA	0.00717647789	0.000102880658	0.06784473034	0.0822528	0.08235568	2849921	2860011	23719957	23725051	0.3793013	2	345783.21	18.74993	0.9271217	18.20048	0.5521217	0.10424332	0.8410597	1.0368157	1	1	1:1	2	mixDH	4136702
23	23725052	23814975	NA	89924	529	1.7253806	529	0	48.0	mappable	NA	NA	NA	NA	inf	0.13714473034	0.12153313	inf	23725052	23730146	23809869	23820081	NA	missing	331153.2	NA	0.8661	NA	NA	NA	NA	NA	NA	NA	NA	NA	NA	4136702
23	23814975	24300101	NA	485127	2792	1.8778754	2788	231	220.0	mappable	0.10272763	1.0	NA	0.02090410947	0.004255319149	0.07294473034	0.10588732	0.11014264	23809869	23820081	24299974	24300228	0.4102581	2	345783.21	18.74993	0.9271217	18.20048	0.5521217	0.10424332	0.8410597	1.0368157	1	1	1:1	2	mixDH	4136702
23	24300101	33904964	NA	9604865	97806	2.0060018	97510	4737	6356.0	mappable	0.099275	3.0	self	0.01745147789	0.000198688655	0.05104473034	0.08622424	0.08642293	24299974	24300228	33904932	33904964	0.4663525	2	370496.0	19.430198	0.9783923	18.47933	0.5297857	0.05957146	0.94325068	1.0627511	1	1	1:1	2	mixDH	4136702
23	33904965	33940138	DEL	35174	416	1.110287	416	37	22.0	mappable	0.59157895	8.0	identical	0.50975542526	0.027027027027	0.35864473034	0.13243085	0.15945787	33904965	33905233	33940010	33940138	0.9997814	2	233807.68	19.111472	0.6199665	18.40374	0.9429067	0.8858134	0.06338995	1.0468971	1	0	1:0	1	LOH	4136702
23	33940139	58499983	DEL	24559845	188077	2.0060018	187680	4472	13008.0	mappable	0.09565227	3.0	self	0.01402647789	0.000205380982	0.05914473034	0.08146707	0.08167245	33940139	33940308	58499983	58499983	0.4497542	2	370496.0	19.430198	0.9783923	18.47933	0.5297857	0.05957146	0.94325068	1.0627511	1	1	1:1	2	mixDH	4136702
23	61750000	88459980	NA	26709981	245692	1.8778754	245082	7470	16282.0	mappable	0.089	1.0	NA	0.00717647789	0.000123762376	0.08334473034	0.08106725	0.08119101	61750000	61750000	88459980	88459980	0.3680181	2	345783.21	18.74993	0.9271217	18.20048	0.5521217	0.10424332	0.8410597	1.0368157	1	1	1:1	2	mixDH	4136702
23	88990017	89349936	NA	359920	1088	1.8778754	1088	56	62.0	mappable	0.095575	1.0	NA	0.01375147789	0.017857142857	0.07394473034	0.10835811	0.12621526	88990017	88990017	89349936	89349936	0.2592905	1	345783.21	18.74993	0.9271217	NA	NA	0.0	0.93893768	0.9389377	1	1	1:1	2	neutral	4136702
23	89349937	90140198	NA	790262	0	0.0	0	0	NA	mappable	NA	NA	NA	NA	inf	1.00324473034	0.10208263	inf	89349937	89349937	90140198	90140198	NA	missing	NA	NA	0.0	NA	NA	0.0	0.0	0.0	0	0	NA	0	homozygousDel	4136702
23	90140199	91529952	NA	1389754	5101	1.8778754	5097	278	322.0	mappable	0.093875	1.0	NA	0.01244238698	0.003546099291	0.07344473034	0.09800848	0.10155458	90140199	90140199	91529952	91529952	0.4051565	2	345783.21	18.74993	0.9271217	18.20048	0.5521217	0.10424332	0.8410597	1.0368157	1	1	1:1	2	mixDH	4136702
23	91529953	92379999	NA	850047	0	0.0	0	0	NA	mappable	NA	NA	NA	NA	inf	1.00324473034	0.10153736	inf	91529953	91529953	92379999	92379999	NA	missing	NA	NA	0.0	NA	NA	0.0	0.0	0.0	0	0	NA	0	homozygousDel	4136702
23	92380000	154929639	NA	62549642	566818	1.8778754	565041	21222	38046.0	mappable	0.092425	1.0	edge	0.0108320053	4.3480151e-05	0.08047370878	0.07722455	0.07726803	92380000	92380000	154929639	154929639	0.3556421	2	345783.21	18.74993	0.9271217	18.20048	0.5521217	0.10424332	0.8410597	1.0368157	1	1	1:1	2	mixDH	4136702
