#chromosome	start	end	crest	length	tcnNbrOfLoci	tcnMean	tcnNbrOfSNPs	tcnNbrOfHets	dhNbrOfLoci	map	dhMax	cluster	neighbour	distDH	errorSNP	distTcn	errorLength	totalError	minStart	maxStart	minStop	maxStop	area	peaks	meanCovT	meanCovB	tcnMeanRaw	AF	BAF	dhMean	c1Mean	c2Mean	A	B	genotype	TCN	GNL	PID
1	840009	12839977	NA	11999969	171862	2.00464592	170988	6907	14488.0	mappable	0.54795	7.0	edge	0.46284681228	0.0001285347	0.00102352177	0.08504657	0.08517511	840009	840009	12839977	12839977	0.95528877	2	357640.5	27.354082	0.9957248	17.85879	0.9724617	0.94492334	0.055204603	1.94944132	2	0	2:0	2	cnLOH	4151028
1	13780016	28175304	NA	14395291	183108	2.00464592	182409	8296	15097.0	mappable	0.56165	7.0	NA	0.48128462878	0.00011118523	0.00340715321	0.0841075	0.08421868	13780016	13780016	28169941	28175304	0.95417371	2	357640.5	27.354082	0.9957248	17.85879	0.9724617	0.94492334	0.055204603	1.94944132	2	0	2:0	2	cnLOH	4151028
1	28175305	28224966	NA	49662	425	1.80774657	423	0	40.0	mappable	NA	NA	NA	0.0490733586	0.5	0.05569609744	0.12820632	0.62820632	28175305	28180668	28219873	28230059	NA	missing	300924.9	NA	0.9409	NA	NA	NA	NA	NA	NA	NA	NA	NA	NA	4151028
1	28224966	38550024	NA	10325059	127685	2.00464592	127060	5688	10244.0	mappable	0.544525	7.0	NA	0.46250592162	0.00015840329	0.00629609744	0.08583821	0.08599661	28219873	28230059	38549945	38550024	0.79992293	2	357640.5	27.354082	0.9957248	17.85879	0.9724617	0.94492334	0.055204603	1.94944132	2	0	2:0	2	cnLOH	4151028
1	38550025	108609993	NA	70059972	929921	2.00592088	926601	40685	67855.0	mappable	0.078725	5.0	NA	0.00060378812	2.272624e-05	0.00163781883	0.07673982	0.07676255	38550025	38550104	108609959	108609993	0.14910559	1	367434.5	19.067238	0.9960798	NA	NA	0.0	1.002960441	1.00296044	1	1	1:1	2	neutral	4151028
1	108609994	108630073	NA	20080	292	1.80846486	292	0	26.0	mappable	NA	NA	NA	NA	inf	0.05549609744	0.13992402	inf	108609994	108610028	108629986	108630073	NA	missing	370887.4	NA	0.9411	NA	NA	NA	NA	NA	NA	NA	NA	NA	NA	4151028
1	108630074	117779978	NA	9149906	116167	2.00592088	115800	5229	8689.0	mappable	0.07973333	5.0	NA	0.00243958779	0.00017869907	0.00577075203	0.08648527	0.08666397	108630074	108630161	117779948	117780008	0.16095007	1	367434.5	19.067238	0.9960798	NA	NA	0.0	1.002960441	1.00296044	1	1	1:1	2	neutral	4151028
1	117779978	117800118	NA	20141	327	2.32634886	327	0	24.0	mappable	NA	NA	NA	NA	inf	0.08870390256	0.13988119	inf	117779948	117780008	117799913	117800118	NA	missing	379178.1	NA	1.0853	NA	NA	NA	NA	NA	NA	NA	NA	NA	NA	4151028
1	117800119	120529963	NA	2729846	34824	2.00592088	34737	1505	2582.0	mappable	0.085175	5.0	NA	0.00325404592	0.0006281407	0.00971109285	0.09354367	0.09417181	117800119	117800324	120529963	120529963	0.13295742	1	367434.5	19.067238	0.9960798	NA	NA	0.0	1.002960441	1.00296044	1	1	1:1	2	neutral	4151028
1	121220004	121229986	NA	9983	177	2.08464571	177	1	12.0	mappable	0.18181818	NA	NA	0.09979910344	1.0	0.02140390256	0.15054281	1.15054281	121220004	121220004	121229986	121229986	NA	missing	377058.0	22.2807	1.018	NA	NA	NA	NA	NA	NA	NA	NA	NA	NA	4151028
1	144010127	144019970	NA	9844	155	2.05842829	80	0	12.0	mappable	NA	NA	NA	0.2836264931	0.01333333333	0.01410390256	0.15077238	0.16410571	144010127	144010127	144019970	144019970	NA	missing	1053286.0	NA	1.0107	NA	NA	NA	NA	NA	NA	NA	NA	NA	NA	4151028
1	144920087	145739956	NA	819870	6365	2.00592088	5735	78	590.0	mappable	0.07453571	5.0	self	0.02410592162	0.00141242938	0.00100390256	0.10180689	0.10321932	144920087	144920087	145739956	145739956	0.2028106	1	367434.5	19.067238	0.9960798	NA	NA	0.0	1.002960441	1.00296044	1	1	1:1	2	neutral	4151028
1	146540101	147829895	NA	1289795	11675	2.00592088	11636	598	832.0	mappable	0.078725	5.0	self	0.00013092162	0.00156985871	0.00280390256	0.09852843	0.10009829	146540101	146540101	147829895	147829895	0.11981532	1	367434.5	19.067238	0.9960798	NA	NA	0.0	1.002960441	1.00296044	1	1	1:1	2	neutral	4151028
1	149815060	161434998	NA	11619939	139228	2.00464592	138647	5652	10927.0	mappable	0.5411	7.0	NA	0.46250592162	0.00016043639	0.00309609744	0.08521481	0.08537524	149815060	149815060	161369945	161434998	0.9507529	2	357640.5	27.354082	0.9957248	17.85879	0.9724617	0.94492334	0.055204603	1.94944132	2	0	2:0	2	cnLOH	4151028
1	161434999	161750146	DUP	315148	1489	3.66774743	1483	87	104.0	mappable	0.72385278	NA	NA	0.63948092162	0.01075268817	0.46220390256	0.10949503	0.12024771	161434999	161450098	161750015	161750146	1.0	2	530672.2	44.991773	1.4588	18.08737	0.9968505	0.99370097	0.011551627	3.6561958	sub	0	sub:0	sub	sub	4151028
1	161750147	194369998	DUP	32619854	453047	2.00464592	451628	20041	33152.0	mappable	0.544525	7.0	NA	0.46613200667	4.660049e-05	0.00017247359	0.08013062	0.08017722	161750147	161750171	194369976	194370020	0.9661115	2	357640.5	27.354082	0.9957248	17.85879	0.9724617	0.94492334	0.055204603	1.94944132	2	0	2:0	2	cnLOH	4151028
1	194369998	194395013	NA	25016	467	2.20424029	467	1	32.0	mappable	0.44186047	NA	NA	0.35984138674	1.0	0.05470390256	0.13688726	1.13688726	194369976	194370020	194389990	194400036	NA	missing	398723.9	28.745209	1.0513	NA	NA	NA	NA	NA	NA	NA	NA	NA	NA	4151028
1	194395013	200106956	NA	5711945	78220	2.00464592	78031	3248	5576.0	mappable	0.5548	7.0	NA	0.47451883259	0.00029095141	0.00485261133	0.08910452	0.08939547	194389990	194400036	200106921	200106956	0.97978985	2	357640.5	27.354082	0.9957248	17.85879	0.9724617	0.94492334	0.055204603	1.94944132	2	0	2:0	2	cnLOH	4151028
1	200106957	200119965	NA	13009	199	2.27966029	199	0	30.0	mappable	NA	NA	NA	NA	inf	0.07570390256	0.14633551	inf	200106957	200106992	200119897	200120033	NA	missing	376476.3	NA	1.0723	NA	NA	NA	NA	NA	NA	NA	NA	NA	NA	4151028
1	200119965	205029963	NA	4909999	65030	2.00464592	64768	2946	5350.0	mappable	0.54795	7.0	NA	0.46250592162	0.0003117207	0.00639609744	0.08997947	0.0902912	200119897	200120033	205029858	205029963	0.97431219	2	357640.5	27.354082	0.9957248	17.85879	0.9724617	0.94492334	0.055204603	1.94944132	2	0	2:0	2	cnLOH	4151028
1	205029964	205050012	NA	20049	321	2.18017771	320	0	25.0	mappable	NA	NA	NA	0.06083806448	1.0	0.04800390256	0.13994584	1.13994584	205029964	205030069	205049947	205050077	NA	missing	323412.1	NA	1.0446	NA	NA	NA	NA	NA	NA	NA	NA	NA	NA	4151028
1	205050012	249209945	NA	44159938	606275	2.00464592	603971	29297	46318.0	mappable	0.551375	7.0	edge	0.47156500572	3.164557e-05	0.00057802998	0.07875183	0.07878348	205049947	205050077	249209945	249209945	0.96121436	2	357640.5	27.354082	0.9957248	17.85879	0.9724617	0.94492334	0.055204603	1.94944132	2	0	2:0	2	cnLOH	4151028
2	20016	36809970	NA	36789963	556320	2.00592088	554183	28366	41862.0	mappable	0.078725	5.0	edge	0.00197864618	3.279119e-05	0.00139338857	0.07957726	0.07961005	20016	20016	36809940	36809970	0.15286813	1	367434.5	19.067238	0.9960798	NA	NA	0.0	1.002960441	1.00296044	1	1	1:1	2	neutral	4151028
2	36809971	36840030	NA	30060	361	2.27535057	361	0	34.0	mappable	NA	NA	NA	NA	inf	0.07450390256	0.13444874	inf	36809971	36810001	36839985	36840075	NA	missing	372986.4	NA	1.0711	NA	NA	NA	NA	NA	NA	NA	NA	NA	NA	4151028
2	36840030	85229980	NA	48389957	731004	2.00592088	728730	33189	53523.0	mappable	0.078725	5.0	NA	0.00164730213	2.820079e-05	0.00203512729	0.07834472	0.07837292	36839985	36840075	85229919	85229980	0.13448246	1	367434.5	19.067238	0.9960798	NA	NA	0.0	1.002960441	1.00296044	1	1	1:1	2	neutral	4151028
2	85229981	85239999	NA	10019	158	1.71185543	158	0	17.0	mappable	NA	NA	NA	NA	inf	0.08239609744	0.15048398	inf	85229981	85230042	85239919	85240079	NA	missing	333725.0	NA	0.9142	NA	NA	NA	NA	NA	NA	NA	NA	NA	NA	4151028
2	85239999	87059860	NA	1819862	23509	2.00592088	23454	582	2005.0	mappable	0.0753	5.0	NA	0.00671907838	0.00156985871	0.00560390256	0.09617513	0.09774499	85239919	85240079	87059860	87059860	0.14498726	1	367434.5	19.067238	0.9960798	NA	NA	0.0	1.002960441	1.00296044	1	1	1:1	2	neutral	4151028
2	88330099	89094923	NA	764825	9475	2.00592088	9462	194	765.0	mappable	0.078725	5.0	self	0.00329407838	0.00483091787	3.90256e-06	0.10232916	0.10716008	88330099	88330099	89059837	89130009	0.20671246	1	367434.5	19.067238	0.9960798	NA	NA	0.0	1.002960441	1.00296044	1	1	1:1	2	neutral	4151028
2	89094923	89229990	NA	135068	2404	0.026398	2400	85	174.0	mappable	0.12194091	NA	NA	0.0424377398	0.01123595506	0.55169609744	0.11734798	0.12858394	89059837	89130009	89229990	89229990	0.11751632	1	162674.2	8.133709	0.4449	NA	NA	0.0	0.013199	0.013199	0	0	0:0	0	LOH	4151028
2	89840102	90239998	NA	399897	914	2.11158143	880	9	53.0	mappable	0.24468084	4.0	NA	0.1828555632	0.02325581395	0.02890390256	0.10747332	0.13072914	89840102	89840102	90239998	90239998	NA	missing	363649.4	23.198323	1.0255	NA	NA	NA	NA	NA	NA	NA	NA	NA	NA	4151028
2	95580145	96239991	NA	659847	4445	2.00814829	4436	35	378.0	mappable	0.20031071	NA	NA	0.11226361393	0.02272727273	0.00010390256	0.10345663	0.1261839	95580145	95580145	96239991	96239991	0.34431013	2	340565.9	19.15683	0.9967	16.98953	0.6114079	0.22281577	0.780350589	1.2277977	1	1	1:1	2	mixDH	4151028
2	96239992	96740020	NA	500029	0	0.0	0	0	NA	mappable	NA	NA	NA	NA	inf	0.99659609744	0.10564318	inf	96239992	96239992	96740020	96740020	NA	missing	NA	NA	0.0	NA	NA	0.0	0.0	0.0	0	0	NA	0	homozygousDel	4151028
2	96740021	132189994	NA	35449979	448625	2.00592088	447408	18819	33009.0	mappable	0.078725	5.0	NA	0.00167613022	4.992013e-05	0.00074671805	0.0797471	0.07979702	96740021	96740021	132189994	132189994	0.13638377	1	367434.5	19.067238	0.9960798	NA	NA	0.0	1.002960441	1.00296044	1	1	1:1	2	neutral	4151028
2	132189995	133009999	NA	820005	0	0.0	0	0	NA	mappable	NA	NA	NA	NA	inf	0.99659609744	0.10180566	inf	132189995	132189995	133009999	133009999	NA	missing	NA	NA	0.0	NA	NA	0.0	0.0	0.0	0	0	NA	0	homozygousDel	4151028
2	133010000	133045002	NA	35003	2373	2.29414847	2365	0	274.0	mappable	NA	6.0	NA	0.02269035629	0.125	0.09930390256	0.13249253	0.25749253	133010000	133010000	133039972	133045002	NA	missing	367194.9	NA	1.0763341	NA	NA	NA	NA	NA	NA	NA	NA	NA	NA	4151028
2	133045003	233899982	NA	100854985	1352292	2.00592088	1347962	55285	98400.0	mappable	0.08215	5.0	NA	0.0003524274	1.677571e-05	0.00054512413	0.07522273	0.07523951	133045003	133050033	233899932	233899982	0.15152522	1	367434.5	19.067238	0.9960798	NA	NA	0.0	1.002960441	1.00296044	1	1	1:1	2	neutral	4151028
2	233899983	233916957	NA	16975	274	1.753516	274	0	23.0	mappable	NA	NA	NA	NA	inf	0.07079609744	0.14233737	inf	233899983	233900033	233916950	233916957	NA	missing	308338.7	NA	0.9258	NA	NA	NA	NA	NA	NA	NA	NA	NA	NA	4151028
2	233916958	238589963	NA	4673009	77305	2.00592088	77077	3490	6041.0	mappable	0.08088333	5.0	NA	0.00220820957	0.00026896181	0.00192218372	0.09026933	0.09053829	233916958	233916965	238589861	238589963	0.16372625	1	367434.5	19.067238	0.9960798	NA	NA	0.0	1.002960441	1.00296044	1	1	1:1	2	neutral	4151028
2	238589964	238599993	NA	10030	194	2.40787429	194	0	22.0	mappable	NA	NA	NA	NA	inf	0.11140390256	0.15046606	inf	238589964	238590066	238599969	238599993	NA	missing	352513.8	NA	1.108	NA	NA	NA	NA	NA	NA	NA	NA	NA	NA	4151028
2	238599994	242999969	NA	4399977	71812	2.00592088	71333	4149	6086.0	mappable	0.08215	5.0	edge	0.00210480661	0.00021607606	0.00032027446	0.09062459	0.09084067	238599994	238600018	242999969	242999969	0.16260434	1	367434.5	19.067238	0.9960798	NA	NA	0.0	1.002960441	1.00296044	1	1	1:1	2	neutral	4151028
3	100074	16360006	NA	16259933	265909	2.00592088	264913	11915	19550.0	mappable	0.08215	5.0	edge	0.00013092162	7.745333e-05	0.00329609744	0.08349051	0.08356796	100074	100074	16359993	16360006	0.1634197	1	367434.5	19.067238	0.9960798	NA	NA	0.0	1.002960441	1.00296044	1	1	1:1	2	neutral	4151028
3	16360007	16380009	NA	20003	319	1.72406629	319	0	29.0	mappable	NA	NA	NA	NA	inf	0.07899609744	0.1399783	inf	16360007	16360020	16379982	16380009	NA	missing	330475.6	NA	0.9176	NA	NA	NA	NA	NA	NA	NA	NA	NA	NA	4151028
3	16380010	74794235	NA	58414228	822389	2.00592088	819909	37398	60261.0	mappable	0.078725	5.0	NA	0.00351549536	2.507774e-05	0.00024621144	0.07751993	0.07754501	16380010	16380037	74794215	74794235	0.15092462	1	367434.5	19.067238	0.9960798	NA	NA	0.0	1.002960441	1.00296044	1	1	1:1	2	neutral	4151028
3	74794236	74798030	DEL	3795	82	1.72693943	80	0	5.0	mappable	NA	NA	identical	0.41337262669	0.5	0.07819609744	0.16821022	0.66821022	74794236	74794272	74798026	74798030	NA	missing	363051.7	NA	0.9184	NA	NA	NA	NA	NA	NA	NA	NA	NA	NA	4151028
3	74798031	77829987	DEL	3031959	37295	2.00592088	37120	1784	2504.0	mappable	0.0830375	5.0	NA	0.00308040255	0.00051046452	0.00922550621	0.09288579	0.09339625	74798031	74798045	77829966	77829987	0.13902101	1	367434.5	19.067238	0.9960798	NA	NA	0.0	1.002960441	1.00296044	1	1	1:1	2	neutral	4151028
3	77829988	77839774	NA	9787	342	2.27499143	342	0	24.0	mappable	NA	NA	NA	NA	inf	0.07440390256	0.15086767	inf	77829988	77830009	77839548	77839774	NA	missing	406688.8	NA	1.071	NA	NA	NA	NA	NA	NA	NA	NA	NA	NA	4151028
3	77839775	90499969	NA	12660197	179088	2.00592088	178605	7711	12240.0	mappable	0.0753	5.0	NA	0.00653806992	0.00012204052	0.00172651602	0.08476804	0.08489009	77839775	77840001	90499969	90499969	0.14233568	1	367434.5	19.067238	0.9960798	NA	NA	0.0	1.002960441	1.00296044	1	1	1:1	2	neutral	4151028
3	93570175	133780010	NA	40209838	545689	2.00592088	543985	24894	39062.0	mappable	0.078725	5.0	self	0.00164040232	3.759681e-05	0.00060992125	0.07917329	0.07921088	93570175	93570175	133779990	133780030	0.14087824	1	367434.5	19.067238	0.9960798	NA	NA	0.0	1.002960441	1.00296044	1	1	1:1	2	neutral	4151028
3	133780010	133799820	NA	19811	328	1.76141714	328	34	32.0	mappable	0.2778	NA	identical	0.19578092162	0.02941176471	0.06859609744	0.14011476	0.16952652	133779990	133780030	133799597	133799820	0.42295038	2	329427.2	18.677348	0.928	17.65047	0.6267057	0.25341145	0.657526939	1.1038902	1	sub	1:sub	sub	sub	4151028
3	133799821	135870019	NA	2070199	27944	2.00592088	27868	621	2042.0	mappable	0.06747206	5.0	NA	0.01699407838	0.00143472023	0.00479609744	0.09532281	0.09675753	133799821	133800044	135869952	135870086	0.17727142	1	367434.5	19.067238	0.9960798	NA	NA	0.0	1.002960441	1.00296044	1	1	1:1	2	neutral	4151028
3	135870019	135940000	NA	69982	913	2.424754	913	0	113.0	mappable	NA	NA	NA	NA	inf	0.11610390256	0.12426454	inf	135869952	135870086	135929988	135940000	NA	missing	369141.6	NA	1.1127	NA	NA	NA	NA	NA	NA	NA	NA	NA	NA	4151028
3	135940001	147508311	NA	11568313	153503	2.00592088	152977	7964	11288.0	mappable	0.078725	5.0	NA	0.00389010101	0.00011778563	0.00018175641	0.08523814	0.08535592	135940001	135950013	147508177	147508311	0.14311323	1	367434.5	19.067238	0.9960798	NA	NA	0.0	1.002960441	1.00296044	1	1	1:1	2	neutral	4151028
3	147508312	147509962	DEL	1651	23	1.85192114	23	0	4.0	mappable	NA	NA	NA	NA	inf	0.04339609744	0.18710606	inf	147508312	147508425	147509907	147509962	NA	missing	380391.0	NA	0.9532	NA	NA	NA	NA	NA	NA	NA	NA	NA	NA	4151028
3	147509963	197779892	DEL	50269934	691330	2.00592088	688886	31534	51077.0	mappable	0.08215	5.0	edge	0.00044545204	2.943081e-05	0.00132445845	0.07817633	0.07820576	147509963	147509963	197779892	197779892	0.15426983	1	367434.5	19.067238	0.9960798	NA	NA	0.0	1.002960441	1.00296044	1	1	1:1	2	neutral	4151028
4	50084	8939952	NA	8889869	145783	2.00592088	144784	7177	11989.0	mappable	0.085575	5.0	edge	0.00355592162	0.00012232416	0.00349609744	0.08664111	0.08676343	50084	50084	8939952	8939952	0.15753345	1	367434.5	19.067238	0.9960798	NA	NA	0.0	1.002960441	1.00296044	1	1	1:1	2	neutral	4151028
4	9800043	49089961	NA	39289920	598834	2.00592088	596883	28814	42462.0	mappable	0.078725	5.0	self	0.00330471622	3.250553e-05	0.00155333066	0.07927808	0.07931058	9800043	9800043	49089961	49089961	0.14073001	1	367434.5	19.067238	0.9960798	NA	NA	0.0	1.002960441	1.00296044	1	1	1:1	2	neutral	4151028
4	52680564	100980053	NA	48299493	663112	2.00592088	660991	33831	46579.0	mappable	0.078725	5.0	NA	0.00308861914	2.781641e-05	0.00191452098	0.07835301	0.07838082	52680564	52680564	100979988	100980118	0.13975422	1	367434.5	19.067238	0.9960798	NA	NA	0.0	1.002960441	1.00296044	1	1	1:1	2	neutral	4151028
4	100980053	101009955	NA	29903	355	1.761058	355	0	18.0	mappable	NA	NA	NA	NA	inf	0.06869609744	0.13451706	inf	100979988	100980118	101009839	101009955	NA	missing	358183.3	NA	0.9279	NA	NA	NA	NA	NA	NA	NA	NA	NA	NA	4151028
4	101009956	185439971	NA	84430021	1165824	2.00592088	1162269	53654	82139.0	mappable	0.08215	5.0	NA	0.00064323134	1.748221e-05	0.00154922038	0.07595537	0.07597285	101009956	101010072	185439933	185439971	0.1434572	1	367434.5	19.067238	0.9960798	NA	NA	0.0	1.002960441	1.00296044	1	1	1:1	2	neutral	4151028
4	185439972	185469998	NA	30027	457	1.83270556	456	15	54.0	mappable	0.0864	8.0	NA	0.00151907838	0.0625	0.07829609744	0.13446307	0.19696307	185439972	185440010	185469923	185469998	NA	missing	363231.8	19.238788	0.9478496	NA	NA	NA	NA	NA	NA	NA	NA	NA	NA	4151028
4	185469999	185514979	NA	44981	350	2.29414847	341	17	37.0	mappable	0.08588684	6.0	NA	0.02368092162	0.03846153846	0.10800390256	0.12939098	0.16785252	185469999	185470074	185499953	185514979	NA	missing	367194.9	19.011802	1.0763341	NA	NA	NA	NA	NA	NA	NA	NA	NA	NA	4151028
4	185514980	190790008	NA	5275031	90868	2.00592088	89997	4131	7570.0	mappable	0.085575	5.0	self	0.0037670294	0.00019996001	0.00137276178	0.08956261	0.08976257	185514980	185530006	190789993	190790023	0.19545262	1	367434.5	19.067238	0.9960798	NA	NA	0.0	1.002960441	1.00296044	1	1	1:1	2	neutral	4151028
4	190790008	190799944	NA	9937	292	2.40284629	279	9	17.0	mappable	0.021025	NA	edge	0.05981907838	0.04545454545	0.11000390256	0.15061835	0.19607289	190789993	190790023	190799944	190799944	NA	missing	381963.3	19.756722	1.1066	NA	NA	NA	NA	NA	NA	NA	NA	NA	NA	4151028
5	50017	46399990	NA	46349982	689137	2.00592088	686741	31201	50327.0	mappable	0.08215	5.0	edge	0.00095721999	2.976899e-05	0.00202220778	0.07853589	0.07856565	50017	50017	46399990	46399990	0.14416197	1	367434.5	19.067238	0.9960798	NA	NA	0.0	1.002960441	1.00296044	1	1	1:1	2	neutral	4151028
5	49470005	68829703	NA	19359702	256605	2.00592088	255914	12198	18546.0	mappable	0.078725	5.0	self	0.00086570547	7.759758e-05	0.00040308873	0.08262225	0.08269985	49470005	49470005	68829703	68829703	0.13270196	1	367434.5	19.067238	0.9960798	NA	NA	0.0	1.002960441	1.00296044	1	1	1:1	2	neutral	4151028
5	70750153	82339987	NA	11589835	155035	2.00592088	154563	7721	11636.0	mappable	0.08215	5.0	self	0.00013092162	0.00012211503	0.00050390256	0.0852284	0.08535051	70750153	70750153	82339861	82340113	0.14018955	1	367434.5	19.067238	0.9960798	NA	NA	0.0	1.002960441	1.00296044	1	1	1:1	2	neutral	4151028
5	82339987	82341874	NA	1888	26	1.25682143	25	0	2.0	mappable	NA	NA	NA	0.32538832903	1.0	0.20909609744	0.18377888	1.18377888	82339861	82340113	82341716	82341874	NA	missing	311188.6	NA	0.7875	NA	NA	NA	NA	NA	NA	NA	NA	NA	NA	4151028
5	82341875	91244892	DEL	8903018	114590	1.0062277	114327	3995	7976.0	mappable	0.38355	3.0	NA	0.30153092162	0.00023485204	0.26789609744	0.08663311	0.08686796	82341875	82342094	91244874	91244892	0.88244245	2	266458.7	18.431366	0.7177245	18.45937	0.9911185	0.98223705	0.008936788	0.99729092	1	0	1:0	1	LOH	4151028
5	91244893	159520035	DEL	68275152	968189	2.00592088	965546	42161	68446.0	mappable	0.08215	5.0	NA	0.00116181975	2.232043e-05	0.00741708346	0.0768496	0.07687193	91244893	91245061	159519956	159520035	0.13636613	1	367434.5	19.067238	0.9960798	NA	NA	0.0	1.002960441	1.00296044	1	1	1:1	2	neutral	4151028
5	159520036	159540037	NA	20002	307	2.41793029	307	0	42.0	mappable	NA	NA	NA	NA	inf	0.11420390256	0.13997901	inf	159520036	159520115	159539988	159540037	NA	missing	365318.6	NA	1.1108	NA	NA	NA	NA	NA	NA	NA	NA	NA	NA	4151028
5	159540038	180689979	NA	21149946	291796	2.00592088	290784	13704	22187.0	mappable	0.08215	5.0	edge	0.00181541059	6.795787e-05	0.00206123541	0.08218902	0.08225698	159540038	159540087	180689979	180689979	0.15415913	1	367434.5	19.067238	0.9960798	NA	NA	0.0	1.002960441	1.00296044	1	1	1:1	2	neutral	4151028
6	180248	32439982	NA	32259747	481751	2.00464592	479118	26447	36676.0	mappable	0.5548	7.0	edge	0.47270110178	3.439026e-05	9.630896e-05	0.08018207	0.08021646	180248	180248	32429961	32439982	0.94593878	2	357640.5	27.354082	0.9957248	17.85879	0.9724617	0.94492334	0.055204603	1.94944132	2	0	2:0	2	cnLOH	4151028
6	32439983	32510210	NA	70228	2000	3.020572	1490	90	185.0	mappable	0.35158611	NA	NA	0.00355592162	0.00166666667	0.28200390256	0.12422546	0.12589213	32439983	32450004	32510208	32510212	0.70057073	2	614378.4	42.599531	1.2786	23.89164	0.7939784	0.58795686	0.622302984	2.39826902	sub	sub	sub:sub	sub	sub	4151028
6	32510210	39539923	NA	7029715	110953	2.00464592	109092	6980	8682.0	mappable	0.558225	7.0	NA	0.47455404966	0.00011310938	0.00375910069	0.08793128	0.08804439	32510208	32510212	39539830	39539923	0.6517933	2	357640.5	27.354082	0.9957248	17.85879	0.9724617	0.94492334	0.055204603	1.94944132	2	0	2:0	2	cnLOH	4151028
6	39539924	58019982	NA	18480059	265195	2.00592088	262942	11298	19610.0	mappable	0.08215	5.0	NA	0.00013092162	7.380618e-05	0.00239609744	0.08285187	0.08292568	39539924	39540017	58019982	58019982	0.14921982	1	367434.5	19.067238	0.9960798	NA	NA	0.0	1.002960441	1.00296044	1	1	1:1	2	neutral	4151028
6	58610011	58769997	NA	159987	572	1.977262	572	0	37.0	mappable	NA	NA	NA	NA	inf	0.00849609744	0.11568989	inf	58610011	58610011	58769997	58769997	NA	missing	389120.3	NA	0.9881	NA	NA	NA	NA	NA	NA	NA	NA	NA	NA	4151028
6	61890002	149469888	NA	87579895	1210665	2.00592088	1207188	50142	86399.0	mappable	0.078725	5.0	NA	0.00339058166	1.865219e-05	0.00114439064	0.07580324	0.07582189	61890002	61890002	149469765	149469888	0.1379193	1	367434.5	19.067238	0.9960798	NA	NA	0.0	1.002960441	1.00296044	1	1	1:1	2	neutral	4151028
6	149469889	149479984	NA	10096	181	1.72622114	181	0	15.0	mappable	NA	NA	NA	NA	inf	0.07839609744	0.15035903	inf	149469889	149470012	149479914	149479984	NA	missing	351789.0	NA	0.9182	NA	NA	NA	NA	NA	NA	NA	NA	NA	NA	4151028
6	149479985	166840260	NA	17360276	261619	2.00592088	260492	13350	20019.0	mappable	0.08215	5.0	NA	0.00013092162	6.907508e-05	0.00160390256	0.08316255	0.08323163	149479985	149480055	166839042	166840260	0.14986387	1	367434.5	19.067238	0.9960798	NA	NA	0.0	1.002960441	1.00296044	1	1	1:1	2	neutral	4151028
6	166840261	166849940	NA	9680	128	2.28756143	128	0	19.0	mappable	NA	NA	NA	NA	inf	0.07790390256	0.15104837	inf	166840261	166841479	166849873	166850007	NA	missing	360428.0	NA	1.0745	NA	NA	NA	NA	NA	NA	NA	NA	NA	NA	4151028
6	166849940	170899935	NA	4049996	66621	2.00592088	66016	3392	5714.0	mappable	0.085575	5.0	edge	0.00355592162	0.00025031289	0.00539609744	0.09111829	0.09136861	166849873	166850007	170899935	170899935	0.15835785	1	367434.5	19.067238	0.9960798	NA	NA	0.0	1.002960441	1.00296044	1	1	1:1	2	neutral	4151028
7	40386	3240039	NA	3199654	55443	2.97893334	55016	2879	4761.0	mappable	0.188325	2.0	edge	0.09945592162	0.00030248034	0.26980390256	0.09255195	0.09285443	40386	40386	3239986	3240092	0.69697032	2	468137.0	28.318924	1.2670061	18.37126	0.6602791	0.32055826	1.012005822	1.96692751	2	1	2:1	3	gain	4151028
7	3240039	3259998	NA	19960	451	3.307168	451	0	40.0	mappable	NA	NA	NA	NA	inf	0.36180390256	0.14000872	inf	3239986	3240092	3259878	3260118	NA	missing	433446.6	NA	1.3584	NA	NA	NA	NA	NA	NA	NA	NA	NA	NA	4151028
7	3259998	6590019	NA	3330022	52001	2.97893334	51829	2570	4154.0	mappable	0.19896111	2.0	NA	0.11559581534	0.0003646973	0.27741307161	0.09230585	0.09267054	3259878	3260118	6589970	6590019	0.7540866	2	468137.0	28.318924	1.2670061	18.37126	0.6602791	0.32055826	1.012005822	1.96692751	2	1	2:1	3	gain	4151028
7	6590020	6609977	NA	19958	199	3.52696343	199	0	17.0	mappable	NA	NA	NA	NA	inf	0.42300390256	0.14001014	inf	6590020	6590069	6599919	6620035	NA	missing	376281.7	NA	1.4196	NA	NA	NA	NA	NA	NA	NA	NA	NA	NA	4151028
7	6609977	57999988	NA	51390018	747198	2.97893334	744920	38792	53611.0	mappable	0.202025	2.0	NA	0.11974514034	2.435045e-05	0.26802488977	0.0780793	0.07810365	6599919	6620035	57999988	57999988	0.73921176	2	468137.0	28.318924	1.2670061	18.37126	0.6602791	0.32055826	1.012005822	1.96692751	2	1	2:1	3	gain	4151028
7	61530139	62530032	NA	999894	18741	2.85105657	18326	617	1019.0	mappable	0.18220357	NA	NA	0.03381663591	0.00096899225	0.23480390256	0.1003441	0.10131309	61530139	61530139	62519979	62540085	0.78428546	2	518762.3	31.76096	1.2314	20.94662	0.6741114	0.34822276	0.929126892	1.92192968	2	1	2:1	3	gain	4151028
7	62530032	62570066	NA	40035	315	2.537884	315	15	20.0	mappable	0.2513	NA	NA	0.16928092162	0.06666666667	0.14760390256	0.13081322	0.19747989	62519979	62540085	62569984	62570148	NA	missing	439760.2	27.774327	1.1442	NA	NA	NA	NA	NA	NA	NA	NA	NA	NA	4151028
7	62570066	72229988	NA	9659923	95200	2.97893334	94789	4386	7908.0	mappable	0.215725	2.0	NA	0.13370592162	0.00020850709	0.27150390256	0.0861936	0.0864021	62569984	62570148	72229988	72229988	0.71498729	2	468137.0	28.318924	1.2670061	18.37126	0.6602791	0.32055826	1.012005822	1.96692751	2	1	2:1	3	gain	4151028
7	72750118	74139961	NA	1389844	10254	2.97893334	10196	298	939.0	mappable	0.174625	2.0	NA	0.09603092162	0.00280898876	0.29870390256	0.09800803	0.10081702	72750118	72750118	74139961	74139961	0.64244969	2	468137.0	28.318924	1.2670061	18.37126	0.6602791	0.32055826	1.012005822	1.96692751	2	1	2:1	3	gain	4151028
7	75160045	76059952	NA	899911	8425	2.97893334	8382	291	780.0	mappable	0.15791463	2.0	NA	0.07108754096	0.00299401198	0.28926586102	0.10111519	0.1041092	75160045	75160045	76059952	76059952	0.73009082	2	468137.0	28.318924	1.2670061	18.37126	0.6602791	0.32055826	1.012005822	1.96692751	2	1	2:1	3	gain	4151028
7	76810004	159119808	NA	82309814	1089758	2.97893334	1085479	49093	81341.0	mappable	0.20545	2.0	edge	0.12187801714	1.873677e-05	0.27123439658	0.07606136	0.07608009	76810004	76810004	159119808	159119808	0.7481412	2	468137.0	28.318924	1.2670061	18.37126	0.6602791	0.32055826	1.012005822	1.96692751	2	1	2:1	3	gain	4151028
8	170012	6809996	NA	6639993	191878	2.00592088	190815	11068	14185.0	mappable	0.08215	5.0	edge	0.00291176606	8.244023e-05	0.00064285267	0.08825054	0.08833298	170012	170012	6809992	6810000	0.1701508	1	367434.5	19.067238	0.9960798	NA	NA	0.0	1.002960441	1.00296044	1	1	1:1	2	neutral	4151028
8	6809996	6919904	NA	109909	1710	1.83270556	1705	33	114.0	mappable	0.119825	8.0	NA	0.01014407838	0.02631578947	0.03849609744	0.11943186	0.14574765	6809992	6810000	6919904	6919904	NA	missing	363231.8	19.238788	0.9478496	NA	NA	NA	NA	NA	NA	NA	NA	NA	NA	4151028
8	8100000	11859985	NA	3759987	79396	2.00592088	79192	2983	6134.0	mappable	0.08215	5.0	self	4.326817e-05	0.00031377471	0.00240669867	0.09156546	0.09187924	8100000	8100000	11859985	11859985	0.16240862	1	367434.5	19.067238	0.9960798	NA	NA	0.0	1.002960441	1.00296044	1	1	1:1	2	neutral	4151028
8	12580042	12600016	NA	19975	379	1.83270556	379	10	22.0	mappable	0.11228936	8.0	NA	0.03027028221	0.1	0.05339609744	0.1399981	0.2399981	12580042	12580042	12599983	12600016	NA	missing	363231.8	19.238788	0.9478496	NA	NA	NA	NA	NA	NA	NA	NA	NA	NA	4151028
8	12600017	16539987	NA	3939974	94238	2.00592088	93976	5136	6449.0	mappable	0.08215	5.0	self	0.00119805179	0.0001852538	1.546861e-05	0.09128354	0.0914688	12600017	12600050	16539961	16539987	0.14230144	1	367434.5	19.067238	0.9960798	NA	NA	0.0	1.002960441	1.00296044	1	1	1:1	2	neutral	4151028
8	16539988	16559994	NA	20007	436	2.29414847	436	3	22.0	mappable	0.0450878	6.0	NA	0.03693127582	0.33333333333	0.08830390256	0.13997548	0.47330881	16539988	16540014	16559958	16559994	NA	missing	367194.9	19.011802	1.0763341	NA	NA	NA	NA	NA	NA	NA	NA	NA	NA	4151028
8	16559995	16700019	NA	140025	3287	1.83270556	3282	70	255.0	mappable	0.072275	8.0	NA	0.01044407838	0.01333333333	0.03879609744	0.11699105	0.13032438	16559995	16560031	16699926	16700112	0.13190667	1	363231.8	19.238788	0.9478496	NA	NA	0.0	0.916352782	0.91635278	1	1	1:1	2	neutral	4151028
8	16700019	16720006	NA	19988	518	2.29414847	518	68	37.0	mappable	0.07	6.0	NA	0.01201907838	0.01470588235	0.05670390256	0.13998891	0.15469479	16699926	16700112	16719939	16720006	0.04889576	1	367194.9	19.011802	1.0763341	NA	NA	0.0	1.147074234	1.14707423	1	1	1:1	2	neutral	4151028
8	16720007	43060043	NA	26340040	406925	2.00592088	405546	18125	30709.0	mappable	0.08215	5.0	NA	0.00016016339	5.127679e-05	0.00188285126	0.08113342	0.0811847	16720007	16720074	43059985	43060101	0.13750918	1	367434.5	19.067238	0.9960798	NA	NA	0.0	1.002960441	1.00296044	1	1	1:1	2	neutral	4151028
8	43060043	43089889	NA	29847	251	2.21214143	251	0	18.0	mappable	NA	NA	NA	NA	inf	0.05690390256	0.13454153	inf	43059985	43060101	43089775	43090003	NA	missing	370352.5	NA	1.0535	NA	NA	NA	NA	NA	NA	NA	NA	NA	NA	4151028
8	43089889	43429976	NA	340088	5356	1.9980456	5349	38	577.0	mappable	0.18065577	NA	NA	0.0845816792	0.02222222222	0.00270909221	0.10884029	0.13106251	43089775	43090003	43429946	43429976	0.25733214	1	386514.5	20.828125	0.993887	NA	NA	0.0	0.999022799	0.9990228	1	1	1:1	2	neutral	4151028
8	43429977	43560036	NA	130060	3023	1.83270556	3022	24	187.0	mappable	0.05664167	8.0	NA	0.02989407838	0.04	0.05179609744	0.1177245	0.1577245	43429977	43430007	43559992	43560036	NA	missing	363231.8	19.238788	0.9478496	NA	NA	NA	NA	NA	NA	NA	NA	NA	NA	4151028
8	43560037	43580040	NA	20004	534	2.29414847	534	5	30.0	mappable	0.07829988	6.0	NA	0.00371920078	0.2	0.04210390256	0.13997759	0.33997759	43560037	43560081	43579996	43580084	NA	missing	367194.9	19.011802	1.0763341	NA	NA	NA	NA	NA	NA	NA	NA	NA	NA	4151028
8	43580040	43789991	NA	209952	5946	2.00592088	5919	64	337.0	mappable	0.08562143	5.0	self	0.00850592162	0.01098901099	0.02139609744	0.11312409	0.1241131	43579996	43580084	43789991	43789991	0.30220629	2	367434.5	19.067238	0.9960798	18.34132	0.5337576	0.06751527	0.935245292	1.07067559	1	1	1:1	2	mixDH	4151028
8	46880007	82040009	NA	35160007	480670	2.00592088	479272	19831	34508.0	mappable	0.078725	5.0	NA	0.00175846739	4.711203e-05	0.00359347628	0.0797848	0.07983191	46880007	46880007	82039998	82040009	0.13352061	1	367434.5	19.067238	0.9960798	NA	NA	0.0	1.002960441	1.00296044	1	1	1:1	2	neutral	4151028
8	82040010	82049969	NA	9960	209	2.33784143	209	0	19.0	mappable	NA	NA	NA	NA	inf	0.09190390256	0.15058053	inf	82040010	82040021	82049928	82050010	NA	missing	374647.1	NA	1.0885	NA	NA	NA	NA	NA	NA	NA	NA	NA	NA	4151028
8	82049969	146289988	NA	64240027	907896	2.00592088	904669	43123	66423.0	mappable	0.08215	5.0	edge	0.00084358138	2.157637e-05	0.00056712419	0.07711001	0.07713159	82049928	82050010	146289988	146289988	0.13726281	1	367434.5	19.067238	0.9960798	NA	NA	0.0	1.002960441	1.00296044	1	1	1:1	2	neutral	4151028
9	200101	210024	NA	9924	256	1.82426714	249	34	19.0	mappable	0.1384	NA	edge	0.06215592162	0.0243902439	0.05109609744	0.15063977	0.17503002	200101	200101	209992	210024	0.485533	2	349110.0	19.919078	0.9455	18.35885	0.6313543	0.2627086	0.672508236	1.15175891	1	sub	1:sub	sub	sub	4151028
9	210025	220017	NA	9993	240	2.29414847	216	0	24.0	mappable	NA	6.0	NA	0.00813355206	0.04166666667	0.07860390256	0.15052644	0.19219311	210025	210057	219964	220070	NA	missing	367194.9	NA	1.0763341	NA	NA	NA	NA	NA	NA	NA	NA	NA	NA	4151028
9	220017	8689995	NA	8469981	163895	2.00592088	163510	7302	11739.0	mappable	0.08215	5.0	NA	0.00138901605	0.00013010669	0.0029548686	0.0869039	0.08703401	219964	220070	8689980	8689995	0.13783749	1	367434.5	19.067238	0.9960798	NA	NA	0.0	1.002960441	1.00296044	1	1	1:1	2	neutral	4151028
9	8689996	8719956	NA	29961	705	1.80487343	705	0	45.0	mappable	NA	NA	NA	NA	inf	0.05649609744	0.13449177	inf	8689996	8690011	8719904	8720008	NA	missing	369972.9	NA	0.9401	NA	NA	NA	NA	NA	NA	NA	NA	NA	NA	4151028
9	8719956	19005041	NA	10285088	190344	2.00592088	189805	9363	13101.0	mappable	0.08215	5.0	NA	6.294458e-05	0.0001009897	0.0023174367	0.08585883	0.08595982	8719904	8720008	18999985	19005041	0.1366387	1	367434.5	19.067238	0.9960798	NA	NA	0.0	1.002960441	1.00296044	1	1	1:1	2	neutral	4151028
9	19005042	19019981	NA	14940	260	2.60935343	259	36	25.0	mappable	0.23204435	NA	identical	0.14936559904	0.02702702703	0.16750390256	0.14422842	0.17125545	19005042	19010098	19019919	19020043	0.35895676	2	366508.3	21.022662	1.1641	15.65447	0.617913	0.23582593	0.997000117	1.61235331	sub	1	sub:1	sub	sub	4151028
9	19019981	38769828	NA	19749852	290104	2.00592088	289290	12245	21157.0	mappable	0.07813913	5.0	self	0.00347730192	7.657554e-05	0.00090587531	0.08252412	0.0826007	19019919	19020043	38769828	38769828	0.15331624	1	367434.5	19.067238	0.9960798	NA	NA	0.0	1.002960441	1.00296044	1	1	1:1	2	neutral	4151028
9	66840048	66849972	NA	9925	540	2.08500486	508	0	46.0	mappable	NA	NA	NA	0.24854371232	0.03125	0.02150390256	0.15063813	0.18188813	66840048	66840048	66849972	66849972	NA	missing	560253.3	NA	1.0181	NA	NA	NA	NA	NA	NA	NA	NA	NA	NA	4151028
9	68410004	68419976	NA	9973	1130	2.04873143	1028	0	247.0	mappable	NA	NA	NA	0.22362020734	0.00980392157	0.01140390256	0.15055919	0.16036312	68410004	68410004	68419976	68419976	NA	missing	2066636.0	NA	1.008	NA	NA	NA	NA	NA	NA	NA	NA	NA	NA	4151028
9	71030093	132029957	NA	60999869	829809	2.00592088	827067	37503	62595.0	mappable	0.08215	5.0	NA	0.0007600129	2.484842e-05	0.00162709168	0.07733263	0.07735748	71030093	71030093	132029913	132030001	0.14249962	1	367434.5	19.067238	0.9960798	NA	NA	0.0	1.002960441	1.00296044	1	1	1:1	2	neutral	4151028
9	132029957	132039229	NA	9273	197	1.514686	197	0	22.0	mappable	NA	NA	NA	NA	inf	0.13729609744	0.15175865	inf	132029913	132030001	132039221	132039229	NA	missing	300293.3	NA	0.8593	NA	NA	NA	NA	NA	NA	NA	NA	NA	NA	4151028
9	132039230	141019791	NA	8980564	131539	2.00592088	130740	5342	11100.0	mappable	0.085575	5.0	edge	0.00505962506	0.00016286645	0.00052068635	0.08658618	0.08674905	132039230	132039238	141019791	141019791	0.17447739	1	367434.5	19.067238	0.9960798	NA	NA	0.0	1.002960441	1.00296044	1	1	1:1	2	neutral	4151028
10	130013	39149984	NA	39019983	585985	2.00592088	583276	27847	45436.0	mappable	0.08215	5.0	edge	0.00062159631	3.272894e-05	0.00266611217	0.07930934	0.07934207	130013	130013	39149984	39149984	0.14964592	1	367434.5	19.067238	0.9960798	NA	NA	0.0	1.002960441	1.00296044	1	1	1:1	2	neutral	4151028
10	42410000	46159967	NA	3749968	43631	2.00592088	43459	1529	3234.0	mappable	0.078725	5.0	self	0.00013092162	0.00058788948	0.00070390256	0.0915816	0.09216949	42410000	42410000	46159967	46159967	0.1602174	1	367434.5	19.067238	0.9960798	NA	NA	0.0	1.002960441	1.00296044	1	1	1:1	2	neutral	4151028
10	48310177	48659961	NA	349785	5564	2.00592088	5557	241	434.0	mappable	0.1195	5.0	self	0.03484778209	0.00403225806	0.01509609744	0.10860057	0.11263283	48310177	48310177	48659961	48659961	0.13431512	1	367434.5	19.067238	0.9960798	NA	NA	0.0	1.002960441	1.00296044	1	1	1:1	2	neutral	4151028
10	49390096	135439925	NA	86049836	1211435	2.00592088	1207117	59889	91080.0	mappable	0.08215	5.0	edge	0.00088659831	1.557584e-05	0.00253326402	0.07587637	0.07589194	49390096	49390096	135439925	135439925	0.14073667	1	367434.5	19.067238	0.9960798	NA	NA	0.0	1.002960441	1.00296044	1	1	1:1	2	neutral	4151028
11	190010	9929976	NA	9739969	143983	2.00592088	143231	7700	11006.0	mappable	0.078725	5.0	edge	0.00155813084	0.00011832919	0.00155303333	0.08614939	0.08626772	190010	190010	9929922	9929976	0.15017624	1	367434.5	19.067238	0.9960798	NA	NA	0.0	1.002960441	1.00296044	1	1	1:1	2	neutral	4151028
11	9929977	9940093	NA	10117	189	2.47682971	189	0	24.0	mappable	NA	NA	NA	NA	inf	0.13060390256	0.15032515	inf	9929977	9930031	9939978	9940093	NA	missing	375710.0	NA	1.1272	NA	NA	NA	NA	NA	NA	NA	NA	NA	NA	4151028
11	9940094	39370049	NA	29429956	424757	2.00592088	423226	19434	30879.0	mappable	0.08215	5.0	NA	0.00013092162	4.769855e-05	0.00549609744	0.08061012	0.08065781	9940094	9940209	39369983	39370049	0.13855081	1	367434.5	19.067238	0.9960798	NA	NA	0.0	1.002960441	1.00296044	1	1	1:1	2	neutral	4151028
11	39370050	39400009	NA	29960	493	1.89968427	490	0	30.0	mappable	NA	9.0	NA	0.09971402347	0.33333333333	0.02809609744	0.13449221	0.46782554	39370050	39370116	39399967	39400051	NA	missing	376689.2	NA	0.9664992	NA	NA	NA	NA	NA	NA	NA	NA	NA	NA	4151028
11	39400009	39429982	NA	29974	297	2.23225343	295	1	22.0	mappable	0.17073171	NA	NA	0.25159860455	0.33333333333	0.06250390256	0.13448611	0.46781945	39399967	39400051	39429954	39429982	NA	missing	408986.7	23.940686	1.0591	NA	NA	NA	NA	NA	NA	NA	NA	NA	NA	4151028
11	39429983	48899996	NA	9470018	125505	2.00592088	125006	5164	9363.0	mappable	0.085575	5.0	NA	0.00219865186	0.00017658485	0.00469740655	0.08630013	0.08647672	39429983	39430011	48899996	48899996	0.14799329	1	367434.5	19.067238	0.9960798	NA	NA	0.0	1.002960441	1.00296044	1	1	1:1	2	neutral	4151028
11	48899997	50170092	NA	1270096	0	0.0	0	0	NA	mappable	NA	NA	NA	NA	inf	0.99659609744	0.09863632	inf	48899997	48899997	50170092	50170092	NA	missing	NA	NA	0.0	NA	NA	0.0	0.0	0.0	0	0	NA	0	homozygousDel	4151028
11	50170093	51579984	NA	1409892	18803	2.00592088	18601	1103	953.0	mappable	0.07283108	5.0	NA	0.00671907838	0.00076628352	0.02869609744	0.09790889	0.09867518	50170093	50170093	51579984	51579984	0.1285362	1	367434.5	19.067238	0.9960798	NA	NA	0.0	1.002960441	1.00296044	1	1	1:1	2	neutral	4151028
11	54792817	64896231	NA	10103415	130023	2.00592088	129470	5825	9819.0	mappable	0.07937045	5.0	self	0.00329407838	0.00015678896	0.00319609744	0.0859537	0.08611049	54792817	54792817	64896210	64896231	0.15786744	1	367434.5	19.067238	0.9960798	NA	NA	0.0	1.002960441	1.00296044	1	1	1:1	2	neutral	4151028
11	64896232	64897423	DEL	1192	24	1.89968427	22	0	4.0	mappable	NA	9.0	identical	0.14955986899	0.5	0.07119609744	0.19571064	0.69571064	64896232	64896237	64897399	64897423	NA	missing	376689.2	NA	0.9664992	NA	NA	NA	NA	NA	NA	NA	NA	NA	NA	4151028
11	64897424	89310056	DEL	24412634	325421	2.00592088	324332	13652	24751.0	mappable	0.08215	5.0	NA	0.0015103083	6.784721e-05	0.00181126856	0.08149586	0.0815637	64897424	64897453	89279837	89340275	0.15500043	1	367434.5	19.067238	0.9960798	NA	NA	0.0	1.002960441	1.00296044	1	1	1:1	2	neutral	4151028
11	89310056	89349940	NA	39885	200	2.36082657	200	0	16.0	mappable	NA	NA	NA	NA	inf	0.09830390256	0.13085958	inf	89279837	89340275	89349940	89349940	NA	missing	408458.0	NA	1.0949	NA	NA	NA	NA	NA	NA	NA	NA	NA	NA	4151028
11	89850037	134939862	NA	45089830	664764	2.00592088	662264	31406	49297.0	mappable	0.078725	5.0	edge	7.802142e-05	2.949591e-05	0.00353299881	0.07865872	0.07868821	89850037	89850037	134939862	134939862	0.14292714	1	367434.5	19.067238	0.9960798	NA	NA	0.0	1.002960441	1.00296044	1	1	1:1	2	neutral	4151028
12	160107	34819969	NA	34659865	478530	2.00592088	476620	21431	35922.0	mappable	0.08215	5.0	edge	0.00039095211	4.284674e-05	0.00359549264	0.07985064	0.07989349	160107	160107	34819969	34819969	0.16522214	1	367434.5	19.067238	0.9960798	NA	NA	0.0	1.002960441	1.00296044	1	1	1:1	2	neutral	4151028
12	38000003	121634978	NA	83634981	1123421	2.00592088	1119747	47664	84292.0	mappable	0.08215	5.0	NA	0.00097774345	1.947913e-05	0.00185067443	0.07599476	0.07601424	38000003	38000003	121629943	121634978	0.14022705	1	367434.5	19.067238	0.9960798	NA	NA	0.0	1.002960441	1.00296044	1	1	1:1	2	neutral	4151028
12	121634979	121660060	NA	25082	307	2.21250057	307	0	21.0	mappable	NA	NA	NA	NA	inf	0.05700390256	0.13685165	inf	121634979	121640014	121659999	121660121	NA	missing	336641.1	NA	1.0536	NA	NA	NA	NA	NA	NA	NA	NA	NA	NA	4151028
12	121660060	133819926	NA	12159867	179952	2.00592088	179006	9566	14815.0	mappable	0.08215	5.0	edge	0.00168744274	9.512938e-05	0.00165004683	0.08497756	0.08507269	121659999	121660121	133819926	133819926	0.16256095	1	367434.5	19.067238	0.9960798	NA	NA	0.0	1.002960441	1.00296044	1	1	1:1	2	neutral	4151028
13	19450038	50100011	NA	30649975	426185	2.00592088	424660	20412	31656.0	mappable	0.08215	5.0	edge	0.00013188026	4.560171e-05	0.00065493861	0.08042017	0.08046577	19450038	19450038	50099933	50100011	0.14809675	1	367434.5	19.067238	0.9960798	NA	NA	0.0	1.002960441	1.00296044	1	1	1:1	2	neutral	4151028
13	50100012	50120055	NA	20044	362	1.77793771	356	67	16.0	mappable	0.14370625	NA	NA	0.07003092162	0.01369863014	0.06399609744	0.13994937	0.153648	50100012	50100090	50119990	50120055	0.22209245	1	367973.5	19.813958	0.9326	NA	NA	0.0	0.888968857	0.88896886	1	1	1:1	2	neutral	4151028
13	50120056	50140001	NA	19946	369	2.29414847	364	97	24.0	mappable	0.07000463	6.0	NA	0.01201444875	0.00980392157	0.08520390256	0.14001865	0.14982257	50120056	50120121	50139991	50140011	0.11474077	1	367194.9	19.011802	1.0763341	NA	NA	0.0	1.147074234	1.14707423	1	1	1:1	2	neutral	4151028
13	50140001	115099984	NA	64959993	941243	2.00592088	937976	45412	67616.0	mappable	0.078725	5.0	edge	0.00214277681	2.054612e-05	0.0005490314	0.07706224	0.07708279	50139991	50140011	115099984	115099984	0.14820048	1	367434.5	19.067238	0.9960798	NA	NA	0.0	1.002960441	1.00296044	1	1	1:1	2	neutral	4151028
14	20330060	22449991	NA	2119932	30572	2.00592088	30405	2057	2211.0	mappable	0.08785	5.0	edge	0.00500592162	0.00044964029	0.00669609744	0.09516746	0.0956171	20330060	20330060	22449982	22449991	0.1721553	1	367434.5	19.067238	0.9960798	NA	NA	0.0	1.002960441	1.00296044	1	1	1:1	2	neutral	4151028
14	22449992	23019992	NA	570001	9646	1.58184571	9602	444	588.0	mappable	0.11045	NA	identical	0.02583925495	0.00204918033	0.11859609744	0.1045992	0.10664838	22449992	22450001	23019943	23019992	0.1260235	1	296069.9	15.313958	0.878	NA	NA	0.0	0.790922857	0.79092286	1	1	1:1	2	neutral	4151028
14	23019993	75030001	NA	52010014	707655	2.00592088	705283	33992	51727.0	mappable	0.08215	5.0	self	0.00085718602	2.750124e-05	0.00029154301	0.07802659	0.0780541	23019993	23020042	75029982	75030001	0.14150065	1	367434.5	19.067238	0.9960798	NA	NA	0.0	1.002960441	1.00296044	1	1	1:1	2	neutral	4151028
14	75030002	75604965	NA	574964	6868	2.62731057	6845	162	479.0	mappable	0.07251786	NA	identical	0.00407979266	0.00540540541	0.17250390256	0.10453083	0.10993623	75030002	75030021	75599930	75610000	0.16800491	1	345291.2	18.203955	1.1691	NA	NA	0.0	1.313655286	1.31365529	sub	sub	sub:sub	sub	sub	4151028
14	75604965	105979076	NA	30374119	452582	2.00592088	451009	20479	34601.0	mappable	0.08215	5.0	self	0.00110450989	4.534736e-05	0.00377561452	0.08046237	0.08050772	75599930	75610000	105979074	105979078	0.16910205	1	367434.5	19.067238	0.9960798	NA	NA	0.0	1.002960441	1.00296044	1	1	1:1	2	neutral	4151028
14	105979076	106324109	NA	345034	1347	1.43495629	1330	137	110.0	mappable	0.154075	NA	NA	0.06520592162	0.00653594771	0.15949609744	0.10871705	0.11525299	105979074	105979078	106324100	106324109	0.84008701	2	265496.0	17.359353	0.8371	15.76977	0.8223239	0.64464786	0.254957396	1.17999889	1	0	1:0	1	LOH	4151028
14	106324110	106324113	CTX	4	0	0.0	0	0	NA	mappable	NA	NA	NA	NA	inf	0.99659609744	1.0	inf	106324110	106324110	106324113	106324113	NA	missing	NA	NA	0.0	NA	NA	0.0	0.0	0.0	0	0	NA	0	homozygousDel	4151028
14	106324114	106724943	CTX	400830	3189	1.09879857	3154	69	243.0	mappable	0.27813858	NA	NA	0.0857877398	0.00961538462	0.25309609744	0.10745391	0.1170693	106324114	106324120	106719873	106724943	0.8269344	2	254811.2	16.61812	0.7435	17.0405	0.8698029	0.73960583	0.143060373	0.9557382	1	0	1:0	1	LOH	4151028
14	106724944	106804973	NA	80030	932	1.83270556	906	15	64.0	mappable	0.05612143	8.0	NA	0.03379685616	0.0243902439	0.03929609744	0.12278787	0.14717812	106724944	106730014	106779888	106804973	NA	missing	363231.8	19.238788	0.9478496	NA	NA	NA	NA	NA	NA	NA	NA	NA	NA	4151028
14	106804974	107259908	NA	454935	5929	2.00592088	5696	201	425.0	mappable	0.09375319	5.0	edge	0.01040592162	0.00230414747	0.00139609744	0.10640958	0.10871372	106804974	106830059	107259908	107259908	0.3307197	2	367434.5	19.067238	0.9960798	18.34132	0.5337576	0.06751527	0.935245292	1.07067559	1	1	1:1	2	mixDH	4151028
15	20850000	20859924	NA	9925	165	2.04478086	140	0	14.0	mappable	NA	NA	edge	0.3454608708	0.04	0.01030390256	0.15063813	0.19063813	20850000	20850000	20859924	20859924	NA	missing	1401662.0	NA	1.0069	NA	NA	NA	NA	NA	NA	NA	NA	NA	NA	4151028
15	22480079	23069956	NA	589878	4054	2.00592088	4034	167	380.0	mappable	0.07935	5.0	self	0.00458618364	0.00534759358	0.00990390256	0.10432937	0.10967696	22480079	22480079	23069956	23069956	0.1544171	1	367434.5	19.067238	0.9960798	NA	NA	0.0	1.002960441	1.00296044	1	1	1:1	2	neutral	4151028
15	23710146	24329926	NA	619781	10361	2.00592088	10308	597	841.0	mappable	0.085575	5.0	NA	0.00355592162	0.00153846154	0.01079609744	0.10394255	0.10548101	23710146	23710146	24329926	24329926	0.15831911	1	367434.5	19.067238	0.9960798	NA	NA	0.0	1.002960441	1.00296044	1	1	1:1	2	neutral	4151028
15	24329927	24830091	NA	500165	0	0.0	0	0	NA	mappable	NA	NA	NA	NA	inf	0.99659609744	0.10564099	inf	24329927	24329927	24830091	24830091	NA	missing	NA	NA	0.0	NA	NA	0.0	0.0	0.0	0	0	NA	0	homozygousDel	4151028
15	24830092	28529988	NA	3699897	57410	2.00592088	57201	2662	4207.0	mappable	0.078725	5.0	NA	0.00479363428	0.00034831069	0.00488155642	0.091663	0.09201131	24830092	24830092	28529988	28529988	0.13361827	1	367434.5	19.067238	0.9960798	NA	NA	0.0	1.002960441	1.00296044	1	1	1:1	2	neutral	4151028
15	29100034	29950006	NA	849974	12350	2.00592088	12322	500	970.0	mappable	0.08472778	5.0	NA	0.0009499378	0.00189393939	0.00392571687	0.101538	0.10343194	29100034	29100034	29949974	29950006	0.21744398	1	367434.5	19.067238	0.9960798	NA	NA	0.0	1.002960441	1.00296044	1	1	1:1	2	neutral	4151028
15	29950007	29969983	NA	19977	282	1.62961171	282	0	28.0	mappable	NA	NA	NA	NA	inf	0.10529609744	0.13999669	inf	29950007	29950039	29969944	29969983	NA	missing	325022.9	NA	0.8913	NA	NA	NA	NA	NA	NA	NA	NA	NA	NA	4151028
15	29969984	30369914	NA	399931	5648	2.00592088	5630	192	446.0	mappable	0.082525	5.0	NA	0.00166907838	0.00476190476	0.01120390256	0.10747262	0.11223452	29969984	29970023	30369914	30369914	0.2043401	1	367434.5	19.067238	0.9960798	NA	NA	0.0	1.002960441	1.00296044	1	1	1:1	2	neutral	4151028
15	31160110	82479795	NA	51319690	690307	2.00592088	688001	30180	53107.0	mappable	0.08215	5.0	self	0.00087931987	3.078249e-05	0.00421112641	0.07808532	0.0781161	31160110	31160110	82479795	82479795	0.14019618	1	367434.5	19.067238	0.9960798	NA	NA	0.0	1.002960441	1.00296044	1	1	1:1	2	neutral	4151028
15	83211507	102399920	NA	19188416	296035	2.00592088	294986	15151	22202.0	mappable	0.078725	5.0	edge	0.00275659613	6.173221e-05	0.0060760792	0.08266604	0.08272777	83211507	83211507	102399920	102399920	0.14733626	1	367434.5	19.067238	0.9960798	NA	NA	0.0	1.002960441	1.00296044	1	1	1:1	2	neutral	4151028
16	100010	3816260	NA	3716251	56462	2.00592088	56133	1855	4836.0	mappable	0.089	5.0	edge	0.01040592162	0.00045787546	0.00040390256	0.09163628	0.09209416	100010	100010	3816205	3816260	0.18660687	1	367434.5	19.067238	0.9960798	NA	NA	0.0	1.002960441	1.00296044	1	1	1:1	2	neutral	4151028
16	3816261	3821047	DUP	4787	96	2.33963714	96	0	7.0	mappable	NA	NA	NA	NA	inf	0.09240390256	0.16360044	inf	3816261	3816314	3821047	3821047	NA	missing	372129.6	NA	1.089	NA	NA	NA	NA	NA	NA	NA	NA	NA	NA	4151028
16	3821048	14139993	DUP	10318948	221773	2.00592088	220958	11632	17014.0	mappable	0.08215	5.0	NA	0.0003115211	8.03471e-05	0.00262354848	0.08584136	0.08592171	3821048	3821087	14139982	14139993	0.15059729	1	367434.5	19.067238	0.9960798	NA	NA	0.0	1.002960441	1.00296044	1	1	1:1	2	neutral	4151028
16	14139994	14179998	NA	40005	585	2.29414847	579	0	48.0	mappable	NA	6.0	NA	0.00722786732	0.16666666667	0.04430390256	0.13082248	0.29748914	14139994	14140005	14179977	14179998	NA	missing	367194.9	NA	1.0763341	NA	NA	NA	NA	NA	NA	NA	NA	NA	NA	4151028
16	14179999	14250012	NA	70014	911	1.83270556	907	3	64.0	mappable	0.07053305	8.0	NA	0.01245571154	0.14285714286	0.05759609744	0.12425945	0.26711659	14179999	14180020	14249996	14250028	NA	missing	363231.8	19.238788	0.9478496	NA	NA	NA	NA	NA	NA	NA	NA	NA	NA	4151028
16	14250012	16275017	NA	2025006	18211	2.00592088	18131	690	1544.0	mappable	0.09435948	5.0	NA	0.01383092162	0.0012987013	0.01980390256	0.0954677	0.0967664	14249996	14250028	16269962	16275017	0.17963298	1	367434.5	19.067238	0.9960798	NA	NA	0.0	1.002960441	1.00296044	1	1	1:1	2	neutral	4151028
16	16275018	16289940	NA	14923	209	1.77470543	209	0	20.0	mappable	NA	NA	NA	NA	inf	0.06489609744	0.14424551	inf	16275018	16280073	16289940	16289940	NA	missing	268628.6	NA	0.9317	NA	NA	NA	NA	NA	NA	NA	NA	NA	NA	4151028
16	16870104	18169896	NA	1299793	20475	2.00592088	20400	1118	1555.0	mappable	0.08034741	5.0	NA	0.00264862383	0.00083822297	0.00629609744	0.09847438	0.09931261	16870104	16870104	18169896	18169896	0.15806656	1	367434.5	19.067238	0.9960798	NA	NA	0.0	1.002960441	1.00296044	1	1	1:1	2	neutral	4151028
16	18800044	29039945	NA	10239902	125096	2.00592088	124480	5788	10248.0	mappable	0.085575	5.0	self	0.00324641436	0.00015617679	0.00180623685	0.08588225	0.08603843	18800044	18800044	29039945	29039945	0.17841885	1	367434.5	19.067238	0.9960798	NA	NA	0.0	1.002960441	1.00296044	1	1	1:1	2	neutral	4151028
16	29670028	31959970	NA	2289943	17548	2.00592088	17505	431	1518.0	mappable	0.08667069	5.0	self	0.00698092162	0.00210970464	0.01710390256	0.09466613	0.09677583	29670028	29670028	31959970	31959970	0.2439682	1	367434.5	19.067238	0.9960798	NA	NA	0.0	1.002960441	1.00296044	1	1	1:1	2	neutral	4151028
16	32520030	32649899	NA	129870	3149	2.00592088	2750	0	163.0	mappable	NA	5.0	self	0.00189407838	0.00250626566	0.01430390256	0.11773911	0.12024538	32520030	32520030	32649899	32649899	NA	missing	367434.5	NA	0.9960798	NA	NA	NA	NA	NA	NA	NA	NA	NA	NA	4151028
16	33590105	35279959	NA	1689855	15436	2.00592088	15392	108	1133.0	mappable	0.05459038	5.0	self	0.01980308459	0.00657894737	0.00619609744	0.09667221	0.10325116	33590105	33590105	35279959	35279959	0.26909162	1	367434.5	19.067238	0.9960798	NA	NA	0.0	1.002960441	1.00296044	1	1	1:1	2	neutral	4151028
16	46450014	90109969	NA	43659966	703424	2.00592088	700929	31564	54151.0	mappable	0.08215	5.0	edge	0.00159806974	2.936858e-05	0.00295110708	0.0788028	0.07883217	46450014	46450014	90109969	90109969	0.15916131	1	367434.5	19.067238	0.9960798	NA	NA	0.0	1.002960441	1.00296044	1	1	1:1	2	neutral	4151028
17	20080	18239982	NA	18219907	232730	2.00592088	231712	11816	18933.0	mappable	0.08215	5.0	edge	0.00148616427	7.794232e-05	0.00049869014	0.08292214	0.08300008	20080	20080	18239982	18239982	0.1617977	1	367434.5	19.067238	0.9960798	NA	NA	0.0	1.002960441	1.00296044	1	1	1:1	2	neutral	4151028
17	18750212	22239986	NA	3489775	25833	2.00592088	25139	1058	2201.0	mappable	0.08032217	5.0	self	0.00509070423	0.00057077626	0.00110390256	0.09201874	0.09258952	18750212	18750212	22239986	22239986	0.17235026	1	367434.5	19.067238	0.9960798	NA	NA	0.0	1.002960441	1.00296044	1	1	1:1	2	neutral	4151028
17	25390040	44279982	NA	18889945	211111	2.00592088	210206	9924	17458.0	mappable	0.08215	5.0	self	0.00320716675	9.234463e-05	0.00371653977	0.08274339	0.08283573	25390040	25390040	44279982	44279982	0.15828981	1	367434.5	19.067238	0.9960798	NA	NA	0.0	1.002960441	1.00296044	1	1	1:1	2	neutral	4151028
17	44790026	65620059	NA	20830036	250731	2.00592088	249868	9853	20070.0	mappable	0.08215	5.0	NA	0.00262450132	9.33184e-05	0.00072643952	0.08226335	0.08235667	44790026	44790026	65619970	65620059	0.14479805	1	367434.5	19.067238	0.9960798	NA	NA	0.0	1.002960441	1.00296044	1	1	1:1	2	neutral	4151028
17	65620060	65634240	NA	14181	231	2.30767343	231	0	19.0	mappable	NA	NA	NA	NA	inf	0.08350390256	0.14501505	inf	65620060	65620149	65634182	65634240	NA	missing	334615.8	NA	1.0801	NA	NA	NA	NA	NA	NA	NA	NA	NA	NA	4151028
17	65634241	81126122	NA	15491882	225209	2.00592088	224117	10658	18591.0	mappable	0.08215	5.0	edge	0.00013092162	8.510638e-05	0.00319609744	0.08373453	0.08381964	65634241	65634299	81126122	81126122	0.16046043	1	367434.5	19.067238	0.9960798	NA	NA	0.0	1.002960441	1.00296044	1	1	1:1	2	neutral	4151028
18	130031	14119956	NA	13989930	212679	2.00592088	211976	11236	15862.0	mappable	0.08215	5.0	edge	0.00053489216	8.375911e-05	0.00061899956	0.0842535	0.08433726	130031	130031	14119956	14119956	0.14637589	1	367434.5	19.067238	0.9960798	NA	NA	0.0	1.002960441	1.00296044	1	1	1:1	2	neutral	4151028
18	14119957	14910026	NA	790070	0	0.0	0	0	NA	mappable	NA	NA	NA	NA	inf	0.99659609744	0.10208446	inf	14119957	14119957	14910026	14910026	NA	missing	NA	NA	0.0	NA	NA	0.0	0.0	0.0	0	0	NA	0	homozygousDel	4151028
18	14910027	14929888	NA	19862	364	2.00592088	358	28	27.0	mappable	0.07943681	5.0	NA	0.00141850477	0.02941176471	0.00179609744	0.14007836	0.16949012	14910027	14910027	14929888	14929888	NA	missing	367434.5	19.067238	0.9960798	NA	NA	NA	NA	NA	NA	NA	NA	NA	NA	4151028
18	18540053	60986238	NA	42446190	602250	2.00592088	600313	26840	43903.0	mappable	0.08215	5.0	NA	0.00077598508	3.475601e-05	0.00334681375	0.0789293	0.07896406	18540053	18540053	60986187	60986238	0.14772493	1	367434.5	19.067238	0.9960798	NA	NA	0.0	1.002960441	1.00296044	1	1	1:1	2	neutral	4151028
18	60986239	60986250	CTX	12	0	0.0	0	0	NA	mappable	NA	NA	NA	NA	inf	0.99659609744	0.55788589	inf	60986239	60986239	60986250	60986250	NA	missing	NA	NA	0.0	NA	NA	0.0	0.0	0.0	0	0	NA	0	homozygousDel	4151028
18	60986251	62339987	CTX	1353737	20274	2.00592088	20203	1228	1399.0	mappable	0.07162273	5.0	NA	0.01014407838	0.00077041602	0.00060390256	0.09819076	0.09896117	60986251	60986272	62339956	62340018	0.11576543	1	367434.5	19.067238	0.9960798	NA	NA	0.0	1.002960441	1.00296044	1	1	1:1	2	neutral	4151028
18	62339987	62354983	NA	14997	196	2.29414847	196	11	16.0	mappable	0.05353578	6.0	NA	0.02848329749	0.09090909091	0.08700390256	0.1441713	0.23508039	62339956	62340018	62349966	62354983	NA	missing	367194.9	19.011802	1.0763341	NA	NA	NA	NA	NA	NA	NA	NA	NA	NA	4151028
18	62354984	62379993	NA	25010	345	1.83270556	343	46	27.0	mappable	0.09824848	8.0	NA	0.01622940647	0.02083333333	0.05279609744	0.1368905	0.15772384	62354984	62360001	62379987	62379993	0.21373892	1	363231.8	19.238788	0.9478496	NA	NA	0.0	0.916352782	0.91635278	1	1	1:1	2	neutral	4151028
18	62379994	78009968	NA	15629976	256204	2.00592088	255083	10941	18906.0	mappable	0.08215	5.0	edge	0.00046988401	8.290499e-05	0.00238265542	0.08368967	0.08377257	62379994	62380000	78009968	78009968	0.15476637	1	367434.5	19.067238	0.9960798	NA	NA	0.0	1.002960441	1.00296044	1	1	1:1	2	neutral	4151028
19	260137	24569972	NA	24309840	256894	2.00592088	255141	11099	22579.0	mappable	0.08215	5.0	edge	0.00241670453	7.782101e-05	0.00737967155	0.08151608	0.0815939	260137	260137	24569972	24569972	0.17708132	1	367434.5	19.067238	0.9960798	NA	NA	0.0	1.002960441	1.00296044	1	1	1:1	2	neutral	4151028
19	27750002	43209995	NA	15459994	197645	2.00592088	196831	7697	15920.0	mappable	0.08215	5.0	NA	0.00013092162	0.00011749501	0.00099609744	0.08374495	0.08386245	27750002	27750002	43209995	43209995	0.18185619	1	367434.5	19.067238	0.9960798	NA	NA	0.0	1.002960441	1.00296044	1	1	1:1	2	neutral	4151028
19	43209996	43800005	NA	590010	0	0.0	0	0	NA	mappable	NA	NA	NA	NA	inf	0.99659609744	0.10432761	inf	43209996	43209996	43800005	43800005	NA	missing	NA	NA	0.0	NA	NA	0.0	0.0	0.0	0	0	NA	0	homozygousDel	4151028
19	43800006	59089999	NA	15289997	162789	2.00592088	161976	7243	13921.0	mappable	0.085575	5.0	edge	0.00359970027	0.00012413108	0.00207451298	0.08380093	0.08392506	43800006	43800006	59089999	59089999	0.19632812	1	367434.5	19.067238	0.9960798	NA	NA	0.0	1.002960441	1.00296044	1	1	1:1	2	neutral	4151028
20	60479	25729738	NA	25669260	400450	2.00592088	399299	19381	29512.0	mappable	0.08215	5.0	edge	0.00121771054	4.870446e-05	0.00587105012	0.08125609	0.0813048	60479	60479	25729738	25729738	0.14473318	1	367434.5	19.067238	0.9960798	NA	NA	0.0	1.002960441	1.00296044	1	1	1:1	2	neutral	4151028
20	29810057	62909989	NA	33099940	497898	2.00592088	495815	21722	39762.0	mappable	0.085575	5.0	edge	0.00170342387	4.201328e-05	0.00436385329	0.08006301	0.08010502	29810057	29810057	62909989	62909989	0.1673637	1	367434.5	19.067238	0.9960798	NA	NA	0.0	1.002960441	1.00296044	1	1	1:1	2	neutral	4151028
21	10720001	10790056	NA	70056	2565	2.00592088	2434	0	248.0	mappable	NA	5.0	edge	0.03635592162	0.00763358779	0.00619609744	0.12425277	0.13188635	10720001	10720001	10789953	10790056	NA	missing	367434.5	NA	0.9960798	NA	NA	NA	NA	NA	NA	NA	NA	NA	NA	4151028
21	10790057	10845004	NA	54948	1939	1.826422	1744	0	334.0	mappable	NA	NA	NA	0.24686955798	0.00512820513	0.05049609744	0.12701817	0.13214637	10790057	10790160	10839945	10845004	NA	missing	722189.6	NA	0.9461	NA	NA	NA	NA	NA	NA	NA	NA	NA	NA	4151028
21	10845005	11179964	NA	334960	629	1.974748	564	0	95.0	mappable	NA	NA	NA	0.26619758829	0.01538461538	0.00919609744	0.10897027	0.12435489	10845005	10850064	11179964	11179964	NA	missing	1124093.9	NA	0.9874	NA	NA	NA	NA	NA	NA	NA	NA	NA	NA	4151028
21	15410077	33014923	NA	17604847	281511	2.00592088	280271	12389	19785.0	mappable	0.078725	5.0	self	0.00013092162	7.338372e-05	0.00029609744	0.08309282	0.0831662	15410077	15410077	33009765	33020081	0.14747813	1	367434.5	19.067238	0.9960798	NA	NA	0.0	1.002960441	1.00296044	1	1	1:1	2	neutral	4151028
21	33014923	33029965	NA	15043	152	2.54327114	151	0	17.0	mappable	NA	NA	identical	0.03993214113	1.0	0.14910390256	0.1441254	1.1441254	33009765	33020081	33029840	33030090	NA	missing	373402.0	NA	1.1457	NA	NA	NA	NA	NA	NA	NA	NA	NA	NA	4151028
21	33029965	39070009	NA	6040045	87102	2.00592088	86707	3450	6925.0	mappable	0.085575	5.0	self	0.00307047405	0.00026021337	0.00152627174	0.08878579	0.089046	33029840	33030090	39069954	39070009	0.16593676	1	367434.5	19.067238	0.9960798	NA	NA	0.0	1.002960441	1.00296044	1	1	1:1	2	neutral	4151028
21	39070010	39119994	NA	49985	622	1.83270556	605	27	48.0	mappable	0.07855909	8.0	NA	0.00649163591	0.02272727273	0.07289609744	0.1281295	0.15085677	39070010	39070065	39119951	39120037	NA	missing	363231.8	19.238788	0.9478496	NA	NA	NA	NA	NA	NA	NA	NA	NA	NA	4151028
21	39119994	39140037	NA	20044	332	2.29414847	325	9	42.0	mappable	0.11810068	6.0	NA	0.02860254324	0.0625	0.04820390256	0.13994937	0.20244937	39119951	39120037	39139982	39140037	NA	missing	367194.9	19.011802	1.0763341	NA	NA	NA	NA	NA	NA	NA	NA	NA	NA	4151028
21	39140038	48099931	NA	8959894	146812	2.00592088	145947	7449	12099.0	mappable	0.08215	5.0	edge	0.00013092162	0.00012029352	0.00129609744	0.08659864	0.08671894	39140038	39140093	48099931	48099931	0.14616624	1	367434.5	19.067238	0.9960798	NA	NA	0.0	1.002960441	1.00296044	1	1	1:1	2	neutral	4151028
22	16850007	22544993	NA	5694987	53764	2.00592088	53431	2209	4510.0	mappable	0.085575	5.0	edge	0.00355592162	0.00039339103	0.00310390256	0.08912155	0.08951494	16850007	16850007	22539977	22550009	0.19244574	1	367434.5	19.067238	0.9960798	NA	NA	0.0	1.002960441	1.00296044	1	1	1:1	2	neutral	4151028
22	22544993	22569558	NA	24566	472	1.83270556	468	66	30.0	mappable	0.0612875	8.0	NA	0.02073157838	0.01428571429	0.07009609744	0.13713306	0.15141877	22539977	22550009	22569554	22569558	0.17901339	1	363231.8	19.238788	0.9478496	NA	NA	0.0	0.916352782	0.91635278	1	1	1:1	2	neutral	4151028
22	22569559	22764598	DEL	195040	2081	0.981718	2045	247	151.0	mappable	0.27517857	NA	NA	0.18395592162	0.0035335689	0.28569609744	0.1138083	0.11734187	22569559	22569559	22764573	22764598	0.85985855	2	250014.8	16.667654	0.7109	17.48646	0.9334487	0.86689748	0.065334571	0.91638343	1	0	1:0	1	LOH	4151028
22	22764599	23236084	ITX	471487	6628	0.02352486	6590	537	460.0	mappable	0.08828182	NA	NA	0.01517410344	0.00173913043	0.55249609744	0.10611848	0.10785761	22764599	22764606	23236083	23236084	0.17828292	1	156844.9	8.303555	0.4441	NA	NA	0.0	0.011762429	0.01176243	0	0	0:0	0	LOH	4151028
22	23236085	23260440	ITX	24356	367	0.58809743	367	21	12.0	mappable	0.33875	NA	NA	0.25673092162	0.04761904762	0.39529609744	0.13724962	0.18486867	23236085	23236090	23260421	23260440	NA	missing	200274.1	13.655054	0.6013	NA	NA	NA	NA	NA	NA	NA	NA	NA	NA	4151028
22	23260441	51179984	DEL	27919549	392547	2.00592088	390925	17622	32545.0	mappable	0.08215	5.0	edge	0.00086676211	5.197235e-05	0.00509070547	0.08085783	0.0809098	23260441	23260452	51179984	51179984	0.15581867	1	367434.5	19.067238	0.9960798	NA	NA	0.0	1.002960441	1.00296044	1	1	1:1	2	neutral	4151028
23	2700027	58499983	NA	55799957	490788	1.0062277	489246	18682	36007.0	mappable	0.39725	3.0	edge	0.31523092162	4.944865e-05	0.28079609744	0.07771892	0.07776837	2700027	2700027	58499983	58499983	0.88684443	2	266458.7	18.431366	0.7177245	18.45937	0.9911185	0.98223705	0.008936788	0.99729092	1	0	1:0	1	LOH	4151028
23	61750000	88459980	NA	26709981	245896	1.0062277	245291	7647	17142.0	mappable	0.386975	3.0	NA	0.30153092162	0.00012122682	0.27599609744	0.08106725	0.08118848	61750000	61750000	88459980	88459980	0.89688967	2	266458.7	18.431366	0.7177245	18.45937	0.9911185	0.98223705	0.008936788	0.99729092	1	0	1:0	1	LOH	4151028
23	88990017	89349936	NA	359920	1089	1.0062277	1089	15	77.0	mappable	0.36230595	3.0	NA	0.280286874	0.06666666667	0.25699609744	0.10835811	0.17502478	88990017	88990017	89349936	89349936	NA	missing	266458.7	18.431366	0.7177245	NA	NA	NA	NA	NA	NA	NA	NA	NA	NA	4151028
23	89349937	90140198	NA	790262	0	0.0	0	0	NA	mappable	NA	NA	NA	NA	inf	0.99659609744	0.10208263	inf	89349937	89349937	90140198	90140198	NA	missing	NA	NA	0.0	NA	NA	0.0	0.0	0.0	0	0	NA	0	homozygousDel	4151028
23	90140199	91529952	NA	1389754	5103	1.0062277	5090	340	352.0	mappable	0.434125	3.0	NA	0.35334001253	0.00283286119	0.28009609744	0.09800848	0.10084134	90140199	90140199	91529952	91529952	0.93698269	2	266458.7	18.431366	0.7177245	18.45937	0.9911185	0.98223705	0.008936788	0.99729092	1	0	1:0	1	LOH	4151028
23	91529953	92379999	NA	850047	0	0.0	0	0	NA	mappable	NA	NA	NA	NA	inf	0.99659609744	0.10153736	inf	91529953	91529953	92379999	92379999	NA	missing	NA	NA	0.0	NA	NA	0.0	0.0	0.0	0	0	NA	0	homozygousDel	4151028
23	92380000	154929639	NA	62549640	567354	1.0062277	565741	18888	40611.0	mappable	0.39725	3.0	edge	0.31288384974	4.880191e-05	0.28070080773	0.07722455	0.07727336	92380000	92380000	154929639	154929639	0.8718976	2	266458.7	18.431366	0.7177245	18.45937	0.9911185	0.98223705	0.008936788	0.99729092	1	0	1:0	1	LOH	4151028
