#chromosome	start	end	crest	length	tcnNbrOfLoci	tcnMean	tcnNbrOfSNPs	tcnNbrOfHets	dhNbrOfLoci	map	dhMax	cluster	neighbour	distDH	errorSNP	distTcn	errorLength	totalError	minStart	maxStart	minStop	maxStop	area	peaks	meanCovT	meanCovB	tcnMeanRaw	AF	BAF	dhMean	c1Mean	c2Mean	A	B	genotype	TCN	GNL	PID
1	840009	12839977	NA	11999969	171843	1.00903671	170789	8110	20716.0	mappable	0.654125	5.0	edge	0.57541915576	0.00010914647	0.370994435597	0.08504657	0.08515572	840009	840009	12839977	12839977	0.95452276	2	179773.51	14.553764	0.5889997	14.53351	0.9928375	0.98567497	0.007227242	1.00180947	1	0	1:0	1	LOH	4107559
1	13780016	22134946	NA	8354931	114932	1.00903671	114511	5055	13647.0	mappable	0.654125	5.0	NA	0.56514415576	0.00018261505	0.371094435597	0.08697847	0.08716108	13780016	13780016	22129874	22134946	0.93948532	2	179773.51	14.553764	0.5889997	14.53351	0.9928375	0.98567497	0.007227242	1.00180947	1	0	1:0	1	LOH	4107559
1	22134947	117895046	NA	95760110	1244435	2.00343188	1239861	55320	142615.0	mappable	0.085575	2.0	NA	0.0002901304	1.669616e-05	0.003169397326	0.07543492	0.07545161	22134947	22140019	117889937	117900155	0.14970944	1	319570.03	16.677304	0.9535939	NA	NA	0.0	1.001715941	1.00171594	1	1	1:1	2	neutral	4107559
1	117895046	118070006	NA	174961	2174	2.30046266	2174	0	239.0	mappable	NA	NA	NA	NA	inf	0.107805564403	0.11483249	inf	117889937	117900155	118069972	118070040	NA	missing	386402.38	NA	1.0625	NA	NA	NA	NA	NA	NA	NA	NA	NA	NA	4107559
1	118070006	120529963	NA	2459958	31468	2.00343188	31365	1416	3551.0	mappable	0.077593103	2.0	NA	0.00683084424	0.00065832785	0.008005564403	0.09420541	0.09486374	118069972	118070040	120529963	120529963	0.14498938	1	319570.03	16.677304	0.9535939	NA	NA	0.0	1.001715941	1.00171594	1	1	1:1	2	neutral	4107559
1	121220004	121229986	NA	9983	177	1.89789804	177	0	27.0	mappable	NA	NA	NA	NA	inf	0.039794435597	0.15054281	inf	121220004	121220004	121229986	121229986	NA	missing	314940.0	NA	0.9149	NA	NA	NA	NA	NA	NA	NA	NA	NA	NA	4107559
1	144010127	144019970	NA	9844	155	2.02608596	90	0	12.0	mappable	NA	NA	NA	0.20375569422	0.01538461538	0.007205564403	0.15077238	0.166157	144010127	144010127	144019970	144019970	NA	missing	905292.0	NA	0.9619	NA	NA	NA	NA	NA	NA	NA	NA	NA	NA	4107559
1	144920087	145739956	NA	819870	6371	2.00343188	5835	159	834.0	mappable	0.08955	2.0	self	0.01517528869	0.00143884892	0.030305564403	0.10180689	0.10324574	144920087	144920087	145739956	145739956	0.13078192	1	319570.03	16.677304	0.9535939	NA	NA	0.0	1.001715941	1.00171594	1	1	1:1	2	neutral	4107559
1	146540101	147829895	NA	1289795	11673	2.00343188	11632	881	1285.0	mappable	0.084175	2.0	self	1.915576e-05	0.0010845987	0.008205564403	0.09852843	0.09961303	146540101	146540101	147829895	147829895	0.13322816	1	319570.03	16.677304	0.9535939	NA	NA	0.0	1.001715941	1.00171594	1	1	1:1	2	neutral	4107559
1	149815060	152192823	NA	2377764	23140	2.00343188	23070	535	3013.0	mappable	0.091675	2.0	self	0.00686915576	0.00165289256	0.019205564403	0.09442347	0.09607636	149815060	149815060	152192823	152192823	0.22339647	1	319570.03	16.677304	0.9535939	NA	NA	0.0	1.001715941	1.00171594	1	1	1:1	2	neutral	4107559
1	152192824	152350034	NA	157211	2000	2.35010139	1998	2	225.0	mappable	0.178732411	NA	identical	0.11674671536	0.25	0.126005564403	0.11585913	0.36585913	152192824	152192824	152349933	152350135	NA	missing	365416.51	20.329002	1.0807	NA	NA	NA	NA	NA	NA	NA	NA	NA	NA	4107559
1	152350034	178629977	NA	26279952	345929	2.00343188	344816	14398	39425.0	mappable	0.08215	2.0	self	0.00099729666	6.447038e-05	0.009667800007	0.08114427	0.08120874	152349933	152350135	178629926	178630028	0.16426709	1	319570.03	16.677304	0.9535939	NA	NA	0.0	1.001715941	1.00171594	1	1	1:1	2	neutral	4107559
1	178629977	178870015	NA	240039	3450	2.17972819	3417	152	373.0	mappable	0.088857143	3.0	identical	0.01316915576	0.00540540541	0.113105564403	0.1119012	0.11730661	178629926	178630028	178869965	178870015	0.16531469	1	357878.9	18.779175	1.0182328	NA	NA	0.0	1.089864093	1.08986409	1	1	1:1	2	neutral	4107559
1	178870016	187437041	NA	8567026	118230	2.00343188	117903	4629	13651.0	mappable	0.080883333	2.0	NA	0.00269936508	0.00020177563	0.01378183558	0.08684188	0.08704365	178870016	178870066	187437039	187437041	0.159265	1	319570.03	16.677304	0.9535939	NA	NA	0.0	1.001715941	1.00171594	1	1	1:1	2	neutral	4107559
1	187437042	187438127	INV	1086	11	1.77380122	11	0	2.0	mappable	NA	NA	NA	NA	inf	0.085294435597	0.1983181	inf	187437042	187437172	187437747	187438127	NA	missing	296691.1	NA	0.8694	NA	NA	NA	NA	NA	NA	NA	NA	NA	NA	4107559
1	187438128	198190063	INV	10751937	153611	2.00343188	153095	7654	17012.0	mappable	0.08215	2.0	NA	0.0056670643	0.00012239902	0.000114464808	0.08562343	0.08574583	187438128	187438213	198189898	198190063	0.13691924	1	319570.03	16.677304	0.9535939	NA	NA	0.0	1.001715941	1.00171594	1	1	1:1	2	neutral	4107559
1	198190064	200840026	NA	2649963	35830	2.17972819	35746	1791	4098.0	mappable	0.085661111	3.0	NA	0.00344415576	0.00053333333	0.053305564403	0.09373151	0.09426485	198190064	198190229	200839997	200840026	0.15186443	1	357878.9	18.779175	1.0182328	NA	NA	0.0	1.089864093	1.08986409	1	1	1:1	2	neutral	4107559
1	200840027	200899970	NA	59944	726	1.82032525	725	7	84.0	mappable	0.145483333	6.0	NA	0.02164751091	0.125	0.090194435597	0.1260134	0.2510134	200840027	200840056	200899928	200900012	NA	missing	260086.12	13.647729	0.886458	NA	NA	NA	NA	NA	NA	NA	NA	NA	NA	4107559
1	200899970	245999979	NA	45100020	618372	2.00343188	616107	28552	72288.0	mappable	0.085575	2.0	self	0.00143673013	3.245067e-05	0.013116713611	0.07865771	0.07869016	200899928	200900012	245999953	245999979	0.1573226	1	319570.03	16.677304	0.9535939	NA	NA	0.0	1.001715941	1.00171594	1	1	1:1	2	neutral	4107559
1	245999980	246009956	NA	9977	194	2.25027845	193	18	19.0	mappable	0.206694212	NA	NA	0.12117777645	0.05263157895	0.089405564403	0.15055264	0.20318422	245999980	246000006	246009909	246010003	NA	missing	331882.2	19.315895	1.0441	NA	NA	NA	NA	NA	NA	NA	NA	NA	NA	4107559
1	246009956	246040006	NA	30051	566	1.81553048	556	31	55.0	mappable	0.205933333	NA	NA	0.10120779212	0.0243902439	0.069994435597	0.13445265	0.15884289	246009909	246010003	246039944	246040068	0.15100281	1	284540.44	14.975813	0.8847	NA	NA	0.0	0.90776524	0.90776524	1	1	1:1	2	neutral	4107559
1	246040006	249209945	NA	3169940	42194	2.00343188	41947	1732	4942.0	mappable	0.079513462	2.0	edge	0.00340584424	0.00050530571	0.012405564403	0.09260964	0.09311494	246039944	246040068	249209945	249209945	0.19207689	1	319570.03	16.677304	0.9535939	NA	NA	0.0	1.001715941	1.00171594	1	1	1:1	2	neutral	4107559
2	20016	58272231	NA	58252229	913168	2.00343188	910119	42825	104338.0	mappable	0.085575	2.0	edge	0.00072725163	2.179884e-05	0.00578798133	0.07753197	0.07755377	20016	20016	58272231	58272231	0.14181108	1	319570.03	16.677304	0.9535939	NA	NA	0.0	1.001715941	1.00171594	1	1	1:1	2	neutral	4107559
2	58272232	58272378	ITX	147	1	2.75839356	1	0	0.0	mappable	NA	NA	NA	NA	inf	0.275705564403	0.27779042	inf	58272232	58272262	58272262	58272378	NA	missing	446680.0	NA	1.2304	NA	NA	NA	NA	NA	NA	NA	NA	NA	NA	4107559
2	58272379	58428602	DEL	156224	1965	4.07354709	1959	3	198.0	mappable	0.408316725	NA	NA	0.3198257347	0.11111111111	0.757905564403	0.11592014	0.22703126	58272379	58272412	58428425	58428602	NA	missing	631520.12	44.780517	1.7126	NA	NA	NA	NA	NA	NA	NA	NA	NA	NA	4107559
2	58428603	58509842	ITX	81240	1237	3.29296447	1236	1	152.0	mappable	0.405405405	NA	NA	0.45048019179	0.5	0.471705564403	0.12262489	0.62262489	58428603	58428703	58509841	58509842	NA	missing	507390.81	35.654489	1.4264	NA	NA	NA	NA	NA	NA	NA	NA	NA	NA	4107559
2	58509843	58569699	DEL	59857	548	3.80107957	548	21	66.0	mappable	0.234230503	NA	NA	0.14867465927	0.04761904762	0.658005564403	0.12603004	0.17364909	58509843	58509912	58569677	58569699	NA	missing	574610.05	36.118346	1.6127	NA	NA	NA	NA	NA	NA	NA	NA	NA	NA	4107559
2	58569700	58569952	DEL	253	3	3.23159791	2	0	0.0	mappable	NA	NA	NA	0.31920606052	1.0	0.449205564403	0.25053258	1.25053258	58569700	58569801	58569927	58569952	NA	missing	493821.0	NA	1.4039	NA	NA	NA	NA	NA	NA	NA	NA	NA	NA	4107559
2	58569953	58618238	ITX	48286	686	4.3588334	684	87	64.0	mappable	0.432787633	NA	NA	0.34611464093	0.01123595506	0.862505564403	0.12854034	0.1397763	58569953	58569986	58618225	58618238	0.99500266	2	631395.12	44.946771	1.8172	16.54469	0.7409016	0.48180323	1.129366701	3.2294667	3	1	3:1	4	gain	4107559
2	58618239	58619760	DEL	1522	20	3.99390694	17	0	2.0	mappable	NA	NA	NA	0.14388243259	0.33333333333	0.728705564403	0.18918339	0.52251672	58618239	58618298	58619661	58619760	NA	missing	585724.0	NA	1.6834	NA	NA	NA	NA	NA	NA	NA	NA	NA	NA	4107559
2	58619761	61864993	DEL	3245235	44591	4.26172587	44435	2013	5098.0	mappable	0.463152027	NA	NA	0.37702967222	0.00046104195	0.826901186838	0.09246463	0.09292568	58619761	58619764	61859942	61870044	0.96696434	2	603063.17	43.606106	1.7815956	16.11809	0.7543475	0.50869505	1.046903508	3.21482236	3	1	3:1	4	gain	4107559
2	61864993	76920045	NA	15055054	201987	2.00343188	201424	7483	23607.0	mappable	0.085575	2.0	NA	1.626463e-05	0.00012430081	0.008970968612	0.08387944	0.08400374	61859942	61870044	76919995	76920045	0.14770325	1	319570.03	16.677304	0.9535939	NA	NA	0.0	1.001715941	1.00171594	1	1	1:1	2	neutral	4107559
2	76920046	76934955	NA	14910	203	2.2797344	203	0	25.0	mappable	NA	NA	NA	NA	inf	0.100205564403	0.14425859	inf	76920046	76920096	76929903	76934955	NA	missing	372516.0	NA	1.0549	NA	NA	NA	NA	NA	NA	NA	NA	NA	NA	4107559
2	76934956	87059860	NA	10124907	146347	2.00343188	146045	4944	16543.0	mappable	0.0841	2.0	NA	0.00170032791	0.00019062143	0.019519167228	0.08594238	0.086133	76934956	76940008	87059860	87059860	0.14706935	1	319570.03	16.677304	0.9535939	NA	NA	0.0	1.001715941	1.00171594	1	1	1:1	2	neutral	4107559
2	88330099	89160000	NA	829902	10210	2.00343188	10186	139	1233.0	mappable	0.118695588	2.0	self	0.03627062634	0.00613496933	0.020505564403	0.10171604	0.10785101	88330099	88330099	89159998	89160002	0.24998723	1	319570.03	16.677304	0.9535939	NA	NA	0.0	1.001715941	1.00171594	1	1	1:1	2	neutral	4107559
2	89160000	89229990	NA	69991	1668	1.00903671	1668	20	167.0	mappable	0.635566667	5.0	NA	0.55001082242	0.05	0.294794435597	0.12426311	0.17426311	89159998	89160002	89229990	89229990	NA	missing	179773.51	14.553764	0.5889997	NA	NA	NA	NA	NA	NA	NA	NA	NA	NA	4107559
2	89840102	90239998	NA	399897	914	2.17972819	900	15	91.0	mappable	0.051078571	3.0	NA	0.03613187164	0.03448275862	0.055805564403	0.10747332	0.14195608	89840102	89840102	90239998	90239998	NA	missing	357878.9	18.779175	1.0182328	NA	NA	NA	NA	NA	NA	NA	NA	NA	NA	4107559
2	90239999	90260250	NA	20252	0	0.0	0	0	NA	mappable	NA	NA	NA	NA	inf	0.954694435597	0.13980366	inf	90239999	90239999	90260250	90260250	NA	missing	NA	NA	0.0	NA	NA	0.0	0.0	0.0	0	0	NA	0	homozygousDel	4107559
2	95580145	96239991	NA	659847	4444	2.00343188	4435	14	570.0	mappable	0.222214286	2.0	NA	0.01195243893	0.04347826087	0.029294435597	0.10345663	0.14693489	95580145	95580145	96239991	96239991	NA	missing	319570.03	16.677304	0.9535939	NA	NA	NA	NA	NA	NA	NA	NA	NA	NA	4107559
2	96239992	96740020	NA	500029	0	0.0	0	0	NA	mappable	NA	NA	NA	NA	inf	0.954694435597	0.10564318	inf	96239992	96239992	96740020	96740020	NA	missing	NA	NA	0.0	NA	NA	0.0	0.0	0.0	0	0	NA	0	homozygousDel	4107559
2	96740021	118385134	NA	21645115	259517	2.00343188	258790	11391	30024.0	mappable	0.08215	2.0	NA	0.00105106917	8.252187e-05	0.001007203546	0.08207641	0.08215893	96740021	96740021	118379887	118390381	0.14746982	1	319570.03	16.677304	0.9535939	NA	NA	0.0	1.001715941	1.00171594	1	1	1:1	2	neutral	4107559
2	118385134	118400054	NA	14921	242	1.82032525	242	7	23.0	mappable	0.033427174	6.0	identical	0.05212867033	0.14285714286	0.144994435597	0.14424752	0.28710466	118379887	118390381	118399955	118400153	NA	missing	260086.12	13.647729	0.886458	NA	NA	NA	NA	NA	NA	NA	NA	NA	NA	4107559
2	118400054	132189994	NA	13789943	188471	2.00343188	187895	7682	21791.0	mappable	0.083975	2.0	NA	0.00203018383	0.0001210947	0.015041409402	0.0843273	0.08444839	118399955	118400153	132189994	132189994	0.15909486	1	319570.03	16.677304	0.9535939	NA	NA	0.0	1.001715941	1.00171594	1	1	1:1	2	neutral	4107559
2	132189995	133009999	NA	820005	0	0.0	0	0	NA	mappable	NA	NA	NA	NA	inf	0.954694435597	0.10180566	inf	132189995	132189995	133009999	133009999	NA	missing	NA	NA	0.0	NA	NA	0.0	0.0	0.0	0	0	NA	0	homozygousDel	4107559
2	133010000	152970027	NA	19960030	274306	2.00343188	273432	11488	31118.0	mappable	0.08215	2.0	NA	0.00359046681	8.089306e-05	0.006734307121	0.08247215	0.08255304	133010000	133010000	152969977	152970027	0.14486533	1	319570.03	16.677304	0.9535939	NA	NA	0.0	1.001715941	1.00171594	1	1	1:1	2	neutral	4107559
2	152970028	153010026	NA	39999	591	2.17909325	591	0	75.0	mappable	NA	NA	NA	NA	inf	0.063305564403	0.13082433	inf	152970028	152970078	153009911	153010026	NA	missing	377065.07	NA	1.018	NA	NA	NA	NA	NA	NA	NA	NA	NA	NA	4107559
2	153010027	153030059	NA	20033	277	1.8542596	277	0	35.0	mappable	NA	NA	NA	NA	inf	0.055794435597	0.13995712	inf	153010027	153010142	153029920	153030198	NA	missing	334237.54	NA	0.8989	NA	NA	NA	NA	NA	NA	NA	NA	NA	NA	4107559
2	153030059	188779995	NA	35749937	477480	2.00343188	475902	20559	53460.0	mappable	0.085575	2.0	NA	0.00093190863	4.517936e-05	0.009180559586	0.07970847	0.07975365	153029920	153030198	188779962	188779995	0.15738089	1	319570.03	16.677304	0.9535939	NA	NA	0.0	1.001715941	1.00171594	1	1	1:1	2	neutral	4107559
2	188779996	188800048	NA	20053	298	1.75089104	298	0	37.0	mappable	NA	NA	NA	NA	inf	0.093694435597	0.13994302	inf	188779996	188780029	188799970	188800048	NA	missing	300729.45	NA	0.861	NA	NA	NA	NA	NA	NA	NA	NA	NA	NA	4107559
2	188800049	235019989	NA	46219946	616902	2.00343188	614698	25157	70844.0	mappable	0.08215	2.0	NA	0.00180678162	3.654971e-05	0.001771984029	0.07854839	0.07858494	188800049	188800127	235019967	235019989	0.16958286	1	319570.03	16.677304	0.9535939	NA	NA	0.0	1.001715941	1.00171594	1	1	1:1	2	neutral	4107559
2	235019990	235030011	NA	10022	210	2.27237042	210	0	24.0	mappable	NA	NA	NA	NA	inf	0.097505564403	0.15047909	inf	235019990	235020012	235029984	235030038	NA	missing	334678.6	NA	1.0522	NA	NA	NA	NA	NA	NA	NA	NA	NA	NA	4107559
2	235030011	242999969	NA	7969961	133750	2.00343188	133176	6333	16466.0	mappable	0.09585	2.0	edge	0.01371260909	0.00014478066	0.026779062886	0.08723666	0.08738144	235029984	235030038	242999969	242999969	0.14806265	1	319570.03	16.677304	0.9535939	NA	NA	0.0	1.001715941	1.00171594	1	1	1:1	2	neutral	4107559
3	100074	17119398	NA	17019327	276807	2.00343188	275731	14294	31281.0	mappable	0.085661111	2.0	edge	0.00125928006	6.507875e-05	0.006176620296	0.08326162	0.0833267	100074	100074	17119387	17119398	0.14801532	1	319570.03	16.677304	0.9535939	NA	NA	0.0	1.001715941	1.00171594	1	1	1:1	2	neutral	4107559
3	17119399	17240977	DEL	121579	1861	1.38050977	1856	92	176.0	mappable	0.3714	NA	identical	0.28851915576	0.01030927835	0.229494435597	0.1184025	0.12871178	17119399	17119922	17240968	17240977	0.64120998	2	238131.07	15.197092	0.7252	15.63573	0.6979787	0.3959574	0.416943357	0.96356641	1	sub	1:sub	sub	sub	4107559
3	17240978	90499969	DEL	73259002	1026298	2.00343188	1022988	46388	116313.0	mappable	0.085575	2.0	self	0.00151556544	2.012194e-05	0.001778372621	0.07655062	0.07657074	17240978	17241024	90499969	90499969	0.14300075	1	319570.03	16.677304	0.9535939	NA	NA	0.0	1.001715941	1.00171594	1	1	1:1	2	neutral	4107559
3	93570175	121909996	NA	28339822	392447	2.00343188	391171	16399	44179.0	mappable	0.085575	2.0	NA	1.915576e-05	5.657709e-05	0.004905564403	0.08078743	0.080844	93570175	93570175	121909988	121909996	0.34491511	2	319570.03	16.677304	0.9535939	15.95742	0.5283875	0.0567749	0.944843617	1.05858827	1	1	1:1	2	mixDH	4107559
3	121909997	121930001	NA	20005	280	2.51265458	280	0	35.0	mappable	NA	NA	NA	NA	inf	0.185605564403	0.13997689	inf	121909997	121910005	121929932	121930070	NA	missing	398797.23	NA	1.1403	NA	NA	NA	NA	NA	NA	NA	NA	NA	NA	4107559
3	121930001	197779892	NA	75849897	1027174	2.01122025	1023662	46818	117194.0	mappable	0.47945	NA	edge	0.39412181374	1.986926e-05	0.00175509126	0.07640399	0.07642386	121929932	121930070	197779892	197779892	0.94755538	2	328376.22	24.080923	0.9564495	16.34819	0.8026415	0.60528295	0.396931461	1.61428879	sub	sub	sub:sub	sub	sub	4107559
4	50084	8939952	NA	8889871	145442	2.00343188	144480	7162	17465.0	mappable	0.089	2.0	edge	0.0051830084	0.00012310723	0.026890705588	0.08664111	0.08676421	50084	50084	8939952	8939952	0.15594852	1	319570.03	16.677304	0.9535939	NA	NA	0.0	1.001715941	1.00171594	1	1	1:1	2	neutral	4107559
4	9800043	36910038	NA	27109999	426428	2.00343188	425127	18081	47685.0	mappable	0.085575	2.0	NA	0.00021934217	5.159426e-05	0.00943998209	0.08099684	0.08104843	9800043	9800043	36909969	36910038	0.15639939	1	319570.03	16.677304	0.9535939	NA	NA	0.0	1.001715941	1.00171594	1	1	1:1	2	neutral	4107559
4	36910039	36920023	NA	9985	164	1.61506639	164	0	26.0	mappable	NA	NA	NA	NA	inf	0.143494435597	0.15053953	inf	36910039	36910108	36919971	36920023	NA	missing	303242.0	NA	0.8112	NA	NA	NA	NA	NA	NA	NA	NA	NA	NA	4107559
4	36920024	40349979	NA	3429956	49027	2.00343188	48809	3271	5594.0	mappable	0.083756579	2.0	NA	0.00384818957	0.00028661508	0.033891282477	0.09212447	0.09241108	36920024	36920076	40349954	40349979	0.14163286	1	319570.03	16.677304	0.9535939	NA	NA	0.0	1.001715941	1.00171594	1	1	1:1	2	neutral	4107559
4	40349980	40359962	NA	9983	209	2.17972819	209	1	27.0	mappable	0.055555556	3.0	identical	0.03000028869	1.0	0.151705564403	0.15054281	1.15054281	40349980	40350005	40359916	40360008	NA	missing	357878.9	18.779175	1.0182328	NA	NA	NA	NA	NA	NA	NA	NA	NA	NA	4107559
4	40359962	49089961	NA	8730000	123253	2.00343188	122856	6141	13644.0	mappable	0.08215	2.0	self	1.915576e-05	0.00015297537	0.017405564403	0.08673948	0.08689246	40359916	40360008	49089961	49089961	0.15227995	1	319570.03	16.677304	0.9535939	NA	NA	0.0	1.001715941	1.00171594	1	1	1:1	2	neutral	4107559
4	52680564	86449977	NA	33769417	472318	2.00343188	470672	24758	52386.0	mappable	0.085575	2.0	self	0.00046593805	3.787305e-05	0.013203213233	0.07997053	0.0800084	52680564	52680564	86449934	86449977	0.15340651	1	319570.03	16.677304	0.9535939	NA	NA	0.0	1.001715941	1.00171594	1	1	1:1	2	neutral	4107559
4	86449978	86469997	NA	20020	325	2.20630918	324	0	34.0	mappable	NA	4.0	NA	0.31444415576	1.0	0.140205564403	0.1399663	1.1399663	86449978	86450021	86469974	86470020	NA	missing	501538.15	NA	1.0279787	NA	NA	NA	NA	NA	NA	NA	NA	NA	NA	4107559
4	86469997	86585026	NA	115030	1517	2.17972819	1514	84	169.0	mappable	0.158275	3.0	NA	0.07035423533	0.01149425287	0.094038128675	0.11896512	0.13045937	86469974	86470020	86579977	86590075	0.25999525	1	357878.9	18.779175	1.0182328	NA	NA	0.0	1.089864093	1.08986409	1	1	1:1	2	neutral	4107559
4	86585026	135830007	NA	49244988	651612	2.00343188	649747	29846	72134.0	mappable	0.08215	2.0	NA	0.00298041135	3.15348e-05	0.001765866141	0.07826725	0.07829878	86579977	86590075	135829995	135830019	0.14469871	1	319570.03	16.677304	0.9535939	NA	NA	0.0	1.001715941	1.00171594	1	1	1:1	2	neutral	4107559
4	135830007	135860002	NA	29996	339	1.79971155	339	0	41.0	mappable	NA	NA	NA	NA	inf	0.075794435597	0.13447654	inf	135829995	135830019	135859969	135860002	NA	missing	328395.48	NA	0.8789	NA	NA	NA	NA	NA	NA	NA	NA	NA	NA	4107559
4	135860003	140909981	NA	5049979	71941	2.00343188	71768	2513	8352.0	mappable	0.085575	2.0	NA	1.915576e-05	0.00037230082	0.000794435597	0.0898156	0.0901879	135860003	135860036	140909943	140909981	0.1710943	1	319570.03	16.677304	0.9535939	NA	NA	0.0	1.001715941	1.00171594	1	1	1:1	2	neutral	4107559
4	140909982	140939893	NA	29912	447	2.17972819	445	52	38.0	mappable	0.110841667	3.0	identical	0.03206082242	0.01851851852	0.137505564403	0.13451313	0.15303165	140909982	140910020	140939772	140939893	0.17266426	1	357878.9	18.779175	1.0182328	NA	NA	0.0	1.089864093	1.08986409	1	1	1:1	2	neutral	4107559
4	140939894	190799944	NA	49860058	721727	2.00343188	718531	32141	82752.0	mappable	0.08215	2.0	edge	0.00078780029	2.829895e-05	0.003952193308	0.07821244	0.07824073	140939894	140940015	190799944	190799944	0.1597898	1	319570.03	16.677304	0.9535939	NA	NA	0.0	1.001715941	1.00171594	1	1	1:1	2	neutral	4107559
5	11130	22623277	CTX	22612150	344120	2.00343188	342718	16785	39678.0	mappable	0.089	2.0	edge	0.0030862887	5.498735e-05	0.024066032133	0.08186456	0.08191955	11130	50017	22623273	22623277	0.15803451	1	319570.03	16.677304	0.9535939	NA	NA	0.0	1.001715941	1.00171594	1	1	1:1	2	neutral	4107559
5	22623278	28165260	DEL	5541983	86420	1.00903671	86166	3729	9535.0	mappable	0.613025	5.0	identical	0.52746915576	0.00025106703	0.357694435597	0.08927786	0.08952893	22623278	22623401	28165255	28165260	0.96412319	2	179773.51	14.553764	0.5889997	14.53351	0.9928375	0.98567497	0.007227242	1.00180947	1	0	1:0	1	LOH	4107559
5	28165261	46399990	DEL	18234731	258552	2.00343188	257655	9543	29568.0	mappable	0.08215	2.0	self	0.00405598083	9.578544e-05	0.006055560632	0.0829181	0.08301389	28165261	28165440	46399990	46399990	0.14960657	1	319570.03	16.677304	0.9535939	NA	NA	0.0	1.001715941	1.00171594	1	1	1:1	2	neutral	4107559
5	49470005	50169927	NA	699923	8253	2.17972819	8112	282	870.0	mappable	0.070554839	3.0	NA	0.01368084424	0.00236406619	0.118005564403	0.10300339	0.10536746	49470005	49470005	50169821	50170033	0.24537253	1	357878.9	18.779175	1.0182328	NA	NA	0.0	1.089864093	1.08986409	1	1	1:1	2	neutral	4107559
5	50169927	68829703	NA	18659777	248393	2.00343188	247616	11615	27773.0	mappable	0.08215	2.0	self	0.00399927965	8.070374e-05	0.005002654498	0.08280398	0.08288468	50169821	50170033	68829703	68829703	0.1526249	1	319570.03	16.677304	0.9535939	NA	NA	0.0	1.001715941	1.00171594	1	1	1:1	2	neutral	4107559
5	70750153	157750060	NA	86999916	1212059	2.00343188	1208593	51807	136133.0	mappable	0.085575	2.0	NA	0.00051840964	1.809234e-05	0.003725332583	0.07583079	0.07584888	70750153	70750153	157749986	157750134	0.14577393	1	319570.03	16.677304	0.9535939	NA	NA	0.0	1.001715941	1.00171594	1	1	1:1	2	neutral	4107559
5	157750060	157800020	NA	49961	780	2.2756433	780	0	103.0	mappable	NA	NA	NA	NA	inf	0.098705564403	0.12813519	inf	157749986	157750134	157799950	157800090	NA	missing	359885.05	NA	1.0534	NA	NA	NA	NA	NA	NA	NA	NA	NA	NA	4107559
5	157800020	180689979	NA	22889962	317310	2.00343188	316106	14700	36977.0	mappable	0.085575	2.0	edge	0.00139849608	6.287726e-05	0.012354671959	0.08180557	0.08186845	157799950	157800090	180689979	180689979	0.15949895	1	319570.03	16.677304	0.9535939	NA	NA	0.0	1.001715941	1.00171594	1	1	1:1	2	neutral	4107559
6	201976	17470047	NA	17268076	261142	2.00343188	259914	12131	30288.0	mappable	0.085575	2.0	edge	0.00138097307	7.486151e-05	0.000656982789	0.08318912	0.08326399	201976	201976	17469953	17470141	0.14869544	1	319570.03	16.677304	0.9535939	NA	NA	0.0	1.001715941	1.00171594	1	1	1:1	2	neutral	4107559
6	17470047	17480012	NA	9966	139	2.27809796	139	0	21.0	mappable	NA	NA	NA	NA	inf	0.099605564403	0.15057068	inf	17469953	17470141	17479991	17480033	NA	missing	339035.0	NA	1.0543	NA	NA	NA	NA	NA	NA	NA	NA	NA	NA	4107559
6	17480012	24919927	NA	7439918	111980	2.00343188	111610	4971	12856.0	mappable	0.08215	2.0	NA	0.0034110248	0.00018723086	0.005240575086	0.0876161	0.08780333	17479991	17480033	24919911	24919927	0.15281667	1	319570.03	16.677304	0.9535939	NA	NA	0.0	1.001715941	1.00171594	1	1	1:1	2	neutral	4107559
6	24919928	32439982	CTX	7520059	107970	2.00343188	107054	6828	12154.0	mappable	0.08215	2.0	self	0.00275441591	0.00012914891	0.000417105572	0.08755681	0.08768596	24919928	24919945	32429961	32439982	0.18655608	1	319570.03	16.677304	0.9535939	NA	NA	0.0	1.001715941	1.00171594	1	1	1:1	2	neutral	4107559
6	32439983	32839376	NA	399394	17941	2.17972819	16053	1813	1773.0	mappable	0.082340909	3.0	NA	0.00344415576	0.00027019724	0.081105564403	0.10748381	0.10775401	32439983	32450004	32839311	32839376	0.36514922	2	357878.9	18.779175	1.0182328	16.7359	0.5315148	0.06302956	1.021170441	1.15855775	1	1	1:1	2	mixDH	4107559
6	32839377	32965657	DEL	126281	2139	1.00903671	2134	79	260.0	mappable	0.730575	5.0	NA	0.64049415576	0.0119047619	0.320894435597	0.11802002	0.12992478	32839377	32839386	32965632	32965657	0.89074495	2	179773.51	14.553764	0.5889997	14.53351	0.9928375	0.98567497	0.007227242	1.00180947	1	0	1:0	1	LOH	4107559
6	32965658	58019982	DEL	25054326	358476	2.00343188	356022	14290	41826.0	mappable	0.085575	2.0	self	0.00050318679	5.972645e-05	0.00256309375	0.08137174	0.08143147	32965658	32965668	58019982	58019982	0.16806117	1	319570.03	16.677304	0.9535939	NA	NA	0.0	1.001715941	1.00171594	1	1	1:1	2	neutral	4107559
6	58610011	58769997	NA	159987	572	2.00343188	570	40	60.0	mappable	0.062382692	2.0	self	0.01485776732	0.02380952381	0.049094435597	0.11568989	0.13949941	58610011	58610011	58769997	58769997	0.24679297	1	319570.03	16.677304	0.9535939	NA	NA	0.0	1.001715941	1.00171594	1	1	1:1	2	neutral	4107559
6	61890002	62030010	NA	140009	2275	2.17972819	2271	104	246.0	mappable	0.050225	3.0	NA	0.03533084424	0.00925925926	0.052005564403	0.11699218	0.12625144	61890002	61890002	62029989	62030031	0.17212822	1	357878.9	18.779175	1.0182328	NA	NA	0.0	1.089864093	1.08986409	1	1	1:1	2	neutral	4107559
6	62030010	62114958	NA	84949	495	1.82032525	494	46	40.0	mappable	0.0798	6.0	NA	0.00575584424	0.02127659574	0.094194435597	0.12214256	0.14341915	62029989	62030031	62049917	62114958	0.22912688	1	260086.12	13.647729	0.886458	NA	NA	0.0	0.910162627	0.91016263	1	1	1:1	2	neutral	4107559
6	62114959	99789999	NA	37675043	527021	2.00343188	525195	26358	58061.0	mappable	0.085575	2.0	NA	1.537641e-05	3.548112e-05	0.002561355539	0.07946881	0.07950429	62114959	62180000	99789979	99789999	0.15129953	1	319570.03	16.677304	0.9535939	NA	NA	0.0	1.001715941	1.00171594	1	1	1:1	2	neutral	4107559
6	99790000	99800026	NA	10027	132	1.72852634	132	0	23.0	mappable	NA	NA	NA	NA	inf	0.101894435597	0.15047095	inf	99790000	99790020	99799983	99800026	NA	missing	275537.8	NA	0.8528	NA	NA	NA	NA	NA	NA	NA	NA	NA	NA	4107559
6	99800027	129080029	NA	29280008	392319	2.00343188	391167	17138	44029.0	mappable	0.08215	2.0	NA	0.00220631389	5.467768e-05	0.000704605127	0.08063407	0.08068874	99800027	99800070	129079957	129080101	0.15072037	1	319570.03	16.677304	0.9535939	NA	NA	0.0	1.001715941	1.00171594	1	1	1:1	2	neutral	4107559
6	129080029	129100006	NA	19978	176	1.74570897	176	0	32.0	mappable	NA	NA	NA	NA	inf	0.095594435597	0.13999598	inf	129079957	129080101	129089999	129100006	NA	missing	310777.8	NA	0.8591	NA	NA	NA	NA	NA	NA	NA	NA	NA	NA	4107559
6	129100007	131109969	NA	2009964	29971	2.00343188	29891	1623	3360.0	mappable	0.081175	2.0	NA	0.00229454103	0.00058719906	0.00535943648	0.09551674	0.09610394	129100007	129110014	131109853	131110085	0.10755456	1	319570.03	16.677304	0.9535939	NA	NA	0.0	1.001715941	1.00171594	1	1	1:1	2	neutral	4107559
6	131109969	134150022	NA	3040055	44869	2.17972819	44763	1493	5275.0	mappable	0.080328449	3.0	NA	0.00379031484	0.00062539087	0.048220661686	0.0928692	0.09349459	131109853	131110085	134149974	134150070	0.17774407	1	357878.9	18.779175	1.0182328	NA	NA	0.0	1.089864093	1.08986409	1	1	1:1	2	neutral	4107559
6	134150022	134160086	NA	10065	166	1.82032525	163	14	22.0	mappable	0.08545	6.0	NA	0.00226652418	0.05882352941	0.080194435597	0.15040919	0.20923272	134149974	134150070	134159984	134160086	NA	missing	260086.12	13.647729	0.886458	NA	NA	NA	NA	NA	NA	NA	NA	NA	NA	4107559
6	134160087	170899935	NA	36739853	541057	2.00343188	538686	26844	62547.0	mappable	0.085575	2.0	edge	0.00103248905	3.423016e-05	0.000270667861	0.07958348	0.07961771	134160087	134160189	170899935	170899935	0.14400807	1	319570.03	16.677304	0.9535939	NA	NA	0.0	1.001715941	1.00171594	1	1	1:1	2	neutral	4107559
7	40386	29610025	NA	29569644	481730	2.00343188	480142	22697	54709.0	mappable	0.085575	2.0	edge	0.00115696374	4.118107e-05	0.001458010421	0.08058793	0.08062911	40386	40386	29609862	29610025	0.1551154	1	319570.03	16.677304	0.9535939	NA	NA	0.0	1.001715941	1.00171594	1	1	1:1	2	neutral	4107559
7	29610026	29625012	NA	14987	185	1.68406968	185	0	22.0	mappable	NA	NA	NA	NA	inf	0.118194435597	0.1441813	inf	29610026	29610189	29619974	29625012	NA	missing	279490.0	NA	0.8365	NA	NA	NA	NA	NA	NA	NA	NA	NA	NA	4107559
7	29625013	49940058	NA	20315047	272733	2.00343188	271875	14079	30739.0	mappable	0.08443913	2.0	NA	0.00019311098	6.694785e-05	0.007600595467	0.08238574	0.08245269	29625013	29630051	49939862	49940254	0.13901389	1	319570.03	16.677304	0.9535939	NA	NA	0.0	1.001715941	1.00171594	1	1	1:1	2	neutral	4107559
7	49940058	50209992	NA	269935	3739	2.17972819	3711	414	416.0	mappable	0.093822727	3.0	identical	0.00861915576	0.00226244344	0.136605564403	0.1108509	0.11311335	49939862	49940254	50209984	50210000	0.12937171	1	357878.9	18.779175	1.0182328	NA	NA	0.0	1.089864093	1.08986409	1	1	1:1	2	neutral	4107559
7	50209992	57999988	NA	7789999	96633	2.00343188	96364	4922	10783.0	mappable	0.085575	2.0	self	0.00174198847	0.00019264111	0.014332895543	0.08736222	0.08755486	50209984	50210000	57999988	57999988	0.13279715	1	319570.03	16.677304	0.9535939	NA	NA	0.0	1.001715941	1.00171594	1	1	1:1	2	neutral	4107559
7	61530139	72229988	NA	10699850	114198	2.00343188	113305	5503	13395.0	mappable	0.089	2.0	self	1.915576e-05	0.00015634772	5.564403e-06	0.08564912	0.08580546	61530139	61530139	72229988	72229988	0.17531131	1	319570.03	16.677304	0.9535939	NA	NA	0.0	1.001715941	1.00171594	1	1	1:1	2	neutral	4107559
7	72750118	74139961	NA	1389844	10246	2.00343188	10171	308	1266.0	mappable	0.087025	2.0	self	0.00344415576	0.00261096606	0.006594435597	0.09800803	0.10061899	72750118	72750118	74139961	74139961	0.24328431	1	319570.03	16.677304	0.9535939	NA	NA	0.0	1.001715941	1.00171594	1	1	1:1	2	neutral	4107559
7	75160045	76059952	NA	899908	8421	2.00343188	8378	440	1160.0	mappable	0.081941667	2.0	self	0.00340584424	0.00207039337	0.010294435597	0.10111521	0.1031856	75160045	75160045	76059952	76059952	0.19313764	1	319570.03	16.677304	0.9535939	NA	NA	0.0	1.001715941	1.00171594	1	1	1:1	2	neutral	4107559
7	76810004	109530022	NA	32720021	422801	2.00343188	421336	16832	48218.0	mappable	0.085575	2.0	NA	0.00010170396	5.465377e-05	0.004461872996	0.08011642	0.08017108	76810004	76810004	109529989	109530022	0.14760488	1	319570.03	16.677304	0.9535939	NA	NA	0.0	1.001715941	1.00171594	1	1	1:1	2	neutral	4107559
7	109530023	109554980	NA	24958	139	2.4199229	139	0	18.0	mappable	NA	NA	NA	NA	inf	0.151605564403	0.13691864	inf	109530023	109530056	109539956	109554980	NA	missing	365947.5	NA	1.1063	NA	NA	NA	NA	NA	NA	NA	NA	NA	NA	4107559
7	109554981	137330044	NA	27775065	368135	2.00343188	366806	16402	41572.0	mappable	0.085575	2.0	NA	0.0008082289	5.640158e-05	0.007663508899	0.08088231	0.08093871	109554981	109570005	137329973	137330115	0.15564916	1	319570.03	16.677304	0.9535939	NA	NA	0.0	1.001715941	1.00171594	1	1	1:1	2	neutral	4107559
7	137330044	137720001	NA	389958	5614	1.75525488	5602	88	675.0	mappable	0.21955	NA	identical	0.13256082242	0.01	0.092094435597	0.10768343	0.11768343	137329973	137330115	137719961	137720001	0.07415475	1	292013.73	14.821909	0.8626	NA	NA	0.0	0.877627442	0.87762744	1	1	1:1	2	neutral	4107559
7	137720002	142143658	NA	4423657	54710	2.00343188	54533	1883	6632.0	mappable	0.090166176	2.0	self	0.00344415576	0.00048543689	0.006294435597	0.09059281	0.09107824	137720002	137720042	142039863	142143658	0.18125989	1	319570.03	16.677304	0.9535939	NA	NA	0.0	1.001715941	1.00171594	1	1	1:1	2	neutral	4107559
7	142143659	142344959	CTX	201301	1519	2.00343188	1516	113	153.0	mappable	0.07205	2.0	self	0.01108084424	0.00862068966	0.043294435597	0.11351385	0.12213454	142143659	142180001	142269918	142344959	0.26603558	1	319570.03	16.677304	0.9535939	NA	NA	0.0	1.001715941	1.00171594	1	1	1:1	2	neutral	4107559
7	142344960	142510003	NA	165044	850	1.12277022	844	41	100.0	mappable	0.8014	NA	identical	0.71584415576	0.02127659574	0.323994435597	0.11539022	0.13666682	142344960	142420001	142509999	142510007	0.83407452	2	192331.4	16.348169	0.6307	14.52069	1.0362277	1.0	0.0	1.12277022	1	0	1:0	1	LOH	4107559
7	142510003	159119808	NA	16609806	235029	2.00343188	233769	10786	28004.0	mappable	0.085575	2.0	edge	0.0001060704	8.302889e-05	0.013007131477	0.0833836	0.08346663	142509999	142510007	159119808	159119808	0.16990342	1	319570.03	16.677304	0.9535939	NA	NA	0.0	1.001715941	1.00171594	1	1	1:1	2	neutral	4107559
8	170012	6919904	NA	6749911	193354	2.00343188	192442	8541	22211.0	mappable	0.085575	2.0	edge	0.00031009017	0.00010580891	0.003250319102	0.0881584	0.08826421	170012	170012	6919904	6919904	0.17997141	1	319570.03	16.677304	0.9535939	NA	NA	0.0	1.001715941	1.00171594	1	1	1:1	2	neutral	4107559
8	8100000	11859985	NA	3759986	79369	2.00343188	79110	5068	9066.0	mappable	0.08215	2.0	self	0.00340584424	0.00018772292	0.037405564403	0.09156547	0.09175319	8100000	8100000	11859985	11859985	0.16983722	1	319570.03	16.677304	0.9535939	NA	NA	0.0	1.001715941	1.00171594	1	1	1:1	2	neutral	4107559
8	12580042	24230011	NA	11649976	239123	2.00343188	238417	12060	26438.0	mappable	0.089	2.0	self	0.00333883484	7.833921e-05	0.010730239152	0.08520129	0.08527963	12580042	12580042	24229930	24230092	0.19806297	1	319570.03	16.677304	0.9535939	NA	NA	0.0	1.001715941	1.00171594	1	1	1:1	2	neutral	4107559
8	24230011	24269969	NA	39959	646	2.17972819	644	21	74.0	mappable	0.044596774	3.0	identical	0.03866310231	0.04347826087	0.157505564403	0.13083668	0.17431494	24229930	24230092	24269915	24270023	NA	missing	357878.9	18.779175	1.0182328	NA	NA	NA	NA	NA	NA	NA	NA	NA	NA	4107559
8	24269969	43089889	NA	18819922	265926	2.00343188	265143	8827	31247.0	mappable	0.085575	2.0	self	0.00130312404	0.0001040691	0.026058474235	0.08276173	0.0828658	24269915	24270023	43089775	43090003	0.20097615	1	319570.03	16.677304	0.9535939	NA	NA	0.0	1.001715941	1.00171594	1	1	1:1	2	neutral	4107559
8	43089889	43362771	NA	272883	4046	2.17972819	4010	122	584.0	mappable	0.076439286	3.0	identical	0.00583719248	0.00632911392	0.146335767073	0.11075471	0.11708382	43089775	43090003	43362734	43362808	0.11160046	1	357878.9	18.779175	1.0182328	NA	NA	0.0	1.089864093	1.08986409	1	1	1:1	2	neutral	4107559
8	43362771	43460008	NA	97238	2000	2.00343188	1999	9	203.0	mappable	0.103408696	2.0	self	0.00088763402	0.1	0.010405564403	0.12070565	0.22070565	43362734	43362808	43459981	43460035	NA	missing	319570.03	16.677304	0.9535939	NA	NA	NA	NA	NA	NA	NA	NA	NA	NA	4107559
8	43460008	43789991	NA	329984	8810	2.17972819	8778	76	941.0	mappable	0.088611539	3.0	NA	0.00670708679	0.00925925926	0.084505564403	0.10909863	0.11835789	43459981	43460035	43789991	43789991	0.28265205	1	357878.9	18.779175	1.0182328	NA	NA	0.0	1.089864093	1.08986409	1	1	1:1	2	neutral	4107559
8	46880007	47010006	NA	130000	3127	2.17972819	3113	128	318.0	mappable	0.108425	3.0	NA	0.02529415576	0.00704225352	0.043405564403	0.11772911	0.12477136	46880007	46880007	47009975	47010006	0.13380176	1	357878.9	18.779175	1.0182328	NA	NA	0.0	1.089864093	1.08986409	1	1	1:1	2	neutral	4107559
8	47010007	47199990	NA	189984	3541	1.82032525	3540	215	358.0	mappable	0.088038889	6.0	NA	0.00248304465	0.00462962963	0.094294435597	0.11405423	0.11868386	47010007	47010038	47199885	47200095	0.17189939	1	260086.12	13.647729	0.886458	NA	NA	0.0	0.910162627	0.91016263	1	1	1:1	2	neutral	4107559
8	47199990	55100000	NA	7900011	104332	2.00343188	104094	2786	12079.0	mappable	0.08215	2.0	self	1.915576e-05	0.00033068783	0.034905564403	0.08728508	0.08761577	47199885	47200095	55099915	55100000	0.19790862	1	319570.03	16.677304	0.9535939	NA	NA	0.0	1.001715941	1.00171594	1	1	1:1	2	neutral	4107559
8	55100001	55120010	NA	20010	283	2.34355562	283	4	34.0	mappable	0.296931643	NA	NA	0.21137579911	0.25	0.123605564403	0.13997336	0.38997336	55100001	55100086	55119992	55120028	NA	missing	381598.03	24.731018	1.0783	NA	NA	NA	NA	NA	NA	NA	NA	NA	NA	4107559
8	55120010	58124956	NA	3004947	42653	2.17972819	42511	1794	4964.0	mappable	0.089	3.0	NA	0.00344415576	0.00051652893	0.056305564403	0.09294152	0.09345805	55119992	55120028	58119910	58124956	0.19647474	1	357878.9	18.779175	1.0182328	NA	NA	0.0	1.089864093	1.08986409	1	1	1:1	2	neutral	4107559
8	58124957	58140003	NA	15047	251	1.82032525	248	0	30.0	mappable	NA	6.0	NA	0.00628119279	0.33333333333	0.099094435597	0.14412141	0.47745475	58124957	58130003	58139983	58140023	NA	missing	260086.12	NA	0.886458	NA	NA	NA	NA	NA	NA	NA	NA	NA	NA	4107559
8	58140003	63980050	NA	5840048	85712	2.17972819	85472	4314	9769.0	mappable	0.0753	3.0	NA	0.01025584424	0.00021958718	0.059605564403	0.08897767	0.08919726	58139983	58140023	63979988	63980112	0.16690287	1	357878.9	18.779175	1.0182328	NA	NA	0.0	1.089864093	1.08986409	1	1	1:1	2	neutral	4107559
8	63980050	64019991	NA	39942	495	1.90444381	493	36	58.0	mappable	0.152472727	NA	NA	0.06651915576	0.02631578947	0.037394435597	0.13084194	0.15715773	63979988	63980112	64019832	64020150	0.56087545	2	323160.38	18.568898	0.9173	16.77516	0.5980054	0.1960107	0.765576219	1.13886759	1	1	1:1	2	mixDH	4107559
8	64019991	67710051	NA	3690061	46959	2.17972819	46840	1294	5418.0	mappable	0.0753	3.0	NA	0.01025584424	0.00070771408	0.070605564403	0.09167914	0.09238685	64019832	64020150	67709987	67710051	0.23492776	1	357878.9	18.779175	1.0182328	NA	NA	0.0	1.089864093	1.08986409	1	1	1:1	2	neutral	4107559
8	67710052	67739965	NA	29914	383	2.38010282	383	0	52.0	mappable	NA	NA	NA	NA	inf	0.137005564403	0.13451226	inf	67710052	67710116	67739884	67739965	NA	missing	393956.6	NA	1.0917	NA	NA	NA	NA	NA	NA	NA	NA	NA	NA	4107559
8	67739966	101350020	NA	33610057	444301	2.00343188	442835	17810	49687.0	mappable	0.08215	2.0	NA	0.00283157567	5.187798e-05	0.036910374431	0.07999235	0.08004423	67739966	67740047	101349984	101350020	0.1863532	1	319570.03	16.677304	0.9535939	NA	NA	0.0	1.001715941	1.00171594	1	1	1:1	2	neutral	4107559
8	101350021	105599986	NA	4249966	60074	2.17972819	59874	3367	6795.0	mappable	0.081903572	3.0	NA	0.00024843372	0.00028034763	0.049234152478	0.09083056	0.09111091	101350021	101350057	105599971	105600001	0.1718519	1	357878.9	18.779175	1.0182328	NA	NA	0.0	1.089864093	1.08986409	1	1	1:1	2	neutral	4107559
8	105599986	105610020	NA	10035	149	1.82032525	144	0	16.0	mappable	NA	6.0	NA	0.02248084424	0.2	0.092994435597	0.15045792	0.35045792	105599971	105600001	105609952	105610020	NA	missing	260086.12	NA	0.886458	NA	NA	NA	NA	NA	NA	NA	NA	NA	NA	4107559
8	105610021	128748825	NA	23138808	324169	2.00343188	323143	16098	36266.0	mappable	0.08215	2.0	NA	0.00187648263	5.839757e-05	0.025124585963	0.08175341	0.08181181	105610021	105610089	128748782	128748825	0.18208901	1	319570.03	16.677304	0.9535939	NA	NA	0.0	1.001715941	1.00171594	1	1	1:1	2	neutral	4107559
8	128748826	128748833	CTX	8	0	0.0	0	0	NA	mappable	NA	NA	NA	NA	inf	0.954694435597	0.66666667	inf	128748826	128748826	128748833	128748833	NA	missing	NA	NA	0.0	NA	NA	0.0	0.0	0.0	0	0	NA	0	homozygousDel	4107559
8	128748834	146289988	CTX	17541155	271903	2.00343188	270814	14091	31306.0	mappable	0.085575	2.0	edge	1.915576e-05	6.588917e-05	0.016605564403	0.08311087	0.08317676	128748834	128748993	146289988	146289988	0.19025153	1	319570.03	16.677304	0.9535939	NA	NA	0.0	1.001715941	1.00171594	1	1	1:1	2	neutral	4107559
9	200101	1860010	NA	1659911	37982	2.00343188	37891	2047	4330.0	mappable	0.081175	2.0	edge	0.00471303145	0.00046772685	0.023641376104	0.09679289	0.09726062	200101	200101	1859983	1860010	0.14075027	1	319570.03	16.677304	0.9535939	NA	NA	0.0	1.001715941	1.00171594	1	1	1:1	2	neutral	4107559
9	1860011	1869992	NA	9982	246	2.24291447	246	0	23.0	mappable	NA	NA	NA	NA	inf	0.086705564403	0.15054445	inf	1860011	1860038	1869979	1870005	NA	missing	378486.67	NA	1.0414	NA	NA	NA	NA	NA	NA	NA	NA	NA	NA	4107559
9	1869992	21305615	NA	19435632	352747	2.00343188	351794	18376	38800.0	mappable	0.08215	2.0	NA	0.00199319189	5.173573e-05	0.007163030369	0.08260298	0.08265472	1869979	1870005	21305582	21305615	0.1471776	1	319570.03	16.677304	0.9535939	NA	NA	0.0	1.001715941	1.00171594	1	1	1:1	2	neutral	4107559
9	21305616	21305767	ITX	152	5	1.57906468	5	0	1.0	mappable	NA	NA	NA	NA	inf	0.156694435597	0.27594095	inf	21305616	21305638	21305758	21305767	NA	missing	288823.33	NA	0.798	NA	NA	NA	NA	NA	NA	NA	NA	NA	NA	4107559
9	21305768	21602293	DEL	296526	4586	0.96785375	4579	57	495.0	mappable	0.743153572	NA	NA	0.64681915576	0.015625	0.380794435597	0.11002432	0.12564932	21305768	21305855	21602250	21602293	0.99993894	2	208524.66	17.22595	0.5739	17.3014	1.0273624	1.0	0.0	0.96785375	1	0	1:0	1	LOH	4107559
9	21602294	22233693	DEL	631400	11108	0.05990143	11082	547	1118.0	mappable	0.19175	NA	NA	0.10276915576	0.0017452007	0.713694435597	0.103798	0.1055432	21602294	21602320	22233620	22233693	0.10750687	1	84764.43	4.238221	0.241	NA	NA	0.0	0.029950714	0.02995071	0	0	0:0	0	LOH	4107559
9	22233694	22842757	DEL	609064	9489	1.00903671	9446	555	1041.0	mappable	0.6233	5.0	NA	0.53774415576	0.0016722408	0.337594435597	0.10407866	0.10575091	22233694	22233799	22842720	22842757	0.97313785	2	179773.51	14.553764	0.5889997	14.53351	0.9928375	0.98567497	0.007227242	1.00180947	1	0	1:0	1	LOH	4107559
9	22842758	38769828	DEL	15927075	229586	2.00343188	228833	11164	25690.0	mappable	0.08215	2.0	self	0.00330297255	8.392078e-05	0.003486853253	0.08359464	0.08367856	22842758	22842759	38769828	38769828	0.15716446	1	319570.03	16.677304	0.9535939	NA	NA	0.0	1.001715941	1.00171594	1	1	1:1	2	neutral	4107559
9	66840048	66849972	NA	9925	540	2.17972819	504	0	57.0	mappable	NA	3.0	NA	0.02185259749	0.02777777778	0.090205564403	0.15063813	0.1784159	66840048	66840048	66849972	66849972	NA	missing	357878.9	NA	1.0182328	NA	NA	NA	NA	NA	NA	NA	NA	NA	NA	4107559
9	68410004	68419976	NA	9973	1130	2.20630918	1063	0	273.0	mappable	NA	4.0	NA	0.2703646103	0.01492537313	0.048505564403	0.15055919	0.16548457	68410004	68410004	68419976	68419976	NA	missing	501538.15	NA	1.0279787	NA	NA	NA	NA	NA	NA	NA	NA	NA	NA	4107559
9	71030093	89779998	NA	18749908	256635	2.00343188	255778	11041	29421.0	mappable	0.085575	2.0	self	0.00118577059	8.404774e-05	0.011617367387	0.08278015	0.0828642	71030093	71030093	89779941	89780055	0.15671448	1	319570.03	16.677304	0.9535939	NA	NA	0.0	1.001715941	1.00171594	1	1	1:1	2	neutral	4107559
9	89779998	89789992	NA	9995	132	2.21209482	132	1	20.0	mappable	0.58974359	NA	NA	0.5041877455	1.0	0.075405564403	0.15052317	1.15052317	89779941	89780055	89789984	89790000	NA	missing	362110.0	28.783103	1.0301	NA	NA	NA	NA	NA	NA	NA	NA	NA	NA	4107559
9	89789992	90735024	NA	945034	13315	1.82032525	13277	905	1519.0	mappable	0.087597222	6.0	NA	0.00115222398	0.00106044539	0.080489741643	0.10075563	0.10181608	89789984	89790000	90709940	90735024	0.13974194	1	260086.12	13.647729	0.886458	NA	NA	0.0	0.910162627	0.91016263	1	1	1:1	2	neutral	4107559
9	90735025	99147875	NA	8412851	108789	2.00343188	108387	5827	12733.0	mappable	0.085575	2.0	NA	1.915576e-05	0.00016053941	0.009405564403	0.08694078	0.08710132	90735025	90760109	99147873	99147875	0.14617796	1	319570.03	16.677304	0.9535939	NA	NA	0.0	1.001715941	1.00171594	1	1	1:1	2	neutral	4107559
9	99147876	99149962	INV	2087	27	1.5588819	27	0	4.0	mappable	NA	NA	NA	NA	inf	0.164094435597	0.18136946	inf	99147876	99147981	99149894	99149962	NA	missing	258658.57	NA	0.7906	NA	NA	NA	NA	NA	NA	NA	NA	NA	NA	4107559
9	99149963	99743617	NA	593655	5149	1.00903671	5133	61	635.0	mappable	0.713026923	5.0	NA	0.63021915576	0.01298701299	0.352294435597	0.10427928	0.11726629	99149963	99150031	99659958	99743617	0.92453767	2	179773.51	14.553764	0.5889997	14.53351	0.9928375	0.98567497	0.007227242	1.00180947	1	0	1:0	1	LOH	4107559
9	99743618	141019791	INV	41276178	577502	2.00343188	575209	25933	67299.0	mappable	0.085575	2.0	edge	0.00114044903	3.542833e-05	0.002534329831	0.07905511	0.07909054	99743618	99790022	141019791	141019791	0.15904929	1	319570.03	16.677304	0.9535939	NA	NA	0.0	1.001715941	1.00171594	1	1	1:1	2	neutral	4107559
10	130013	21395042	NA	21265034	352251	2.00343188	350537	18389	41521.0	mappable	0.08215	2.0	edge	0.00242066124	4.974629e-05	0.002346865634	0.08216259	0.08221233	130013	130013	21389997	21400087	0.15804438	1	319570.03	16.677304	0.9535939	NA	NA	0.0	1.001715941	1.00171594	1	1	1:1	2	neutral	4107559
10	21395042	21420016	NA	24975	309	2.27946166	309	0	33.0	mappable	NA	NA	NA	NA	inf	0.100105564403	0.13690943	inf	21389997	21400087	21419880	21420152	NA	missing	363420.86	NA	1.0548	NA	NA	NA	NA	NA	NA	NA	NA	NA	NA	4107559
10	21420016	38840018	NA	17420007	226880	2.00343188	225988	10217	26615.0	mappable	0.085575	2.0	NA	0.00013809389	9.004142e-05	0.006255535297	0.08314542	0.08323546	21419880	21420152	38809991	38840018	0.16143119	1	319570.03	16.677304	0.9535939	NA	NA	0.0	1.001715941	1.00171594	1	1	1:1	2	neutral	4107559
10	38984987	39149984	NA	164998	5047	2.17972819	4700	0	796.0	mappable	NA	3.0	NA	0.00252281429	0.00288184438	0.046805564403	0.1153929	0.11827474	38984987	39080000	39149984	39149984	NA	missing	357878.9	NA	1.0182328	NA	NA	NA	NA	NA	NA	NA	NA	NA	NA	4107559
10	42410000	45469958	NA	3059959	36840	2.00343188	36661	1784	4208.0	mappable	0.088758333	2.0	self	0.00686915576	0.00050942435	0.020094435597	0.09282861	0.09333804	42410000	42410000	45469914	45469958	0.13958629	1	319570.03	16.677304	0.9535939	NA	NA	0.0	1.001715941	1.00171594	1	1	1:1	2	neutral	4107559
10	45469959	46159967	NA	690009	6776	2.17972819	6754	406	717.0	mappable	0.079435294	3.0	NA	0.00866319718	0.0023364486	0.065905564403	0.10311269	0.10544913	45469959	45470003	46159967	46159967	0.17803055	1	357878.9	18.779175	1.0182328	NA	NA	0.0	1.089864093	1.08986409	1	1	1:1	2	neutral	4107559
10	48310177	48659961	NA	349785	5547	2.00343188	5528	196	625.0	mappable	0.09576371	2.0	self	0.01029415576	0.00465116279	0.003705564403	0.10860057	0.11325174	48310177	48310177	48659961	48659961	0.11174282	1	319570.03	16.677304	0.9535939	NA	NA	0.0	1.001715941	1.00171594	1	1	1:1	2	neutral	4107559
10	49390096	112629976	NA	63239885	858172	2.00343188	855251	41155	98339.0	mappable	0.085575	2.0	self	0.00048532634	2.26886e-05	0.002383562019	0.07717737	0.07720006	49390096	49390096	112629929	112629976	0.14736175	1	319570.03	16.677304	0.9535939	NA	NA	0.0	1.001715941	1.00171594	1	1	1:1	2	neutral	4107559
10	112629977	112830161	NA	200185	2491	2.17972819	2484	99	272.0	mappable	0.087822368	3.0	identical	0.00701126102	0.00943396226	0.118705564403	0.11356555	0.12299951	112629977	112630024	112829984	112830338	0.07619826	1	357878.9	18.779175	1.0182328	NA	NA	0.0	1.089864093	1.08986409	1	1	1:1	2	neutral	4107559
10	112830161	134610003	NA	21779843	335927	2.00343188	334552	18283	39364.0	mappable	0.089	2.0	self	0.00344415576	5.087764e-05	0.027494435597	0.08204627	0.08209714	112829984	112830338	134609992	134610014	0.15034584	1	319570.03	16.677304	0.9535939	NA	NA	0.0	1.001715941	1.00171594	1	1	1:1	2	neutral	4107559
10	134610003	134619890	NA	9888	246	2.17972819	245	20	35.0	mappable	0.05265	3.0	NA	0.03290584424	0.04761904762	0.052805564403	0.15069929	0.19831833	134609992	134610014	134619746	134619890	NA	missing	357878.9	18.779175	1.0182328	NA	NA	NA	NA	NA	NA	NA	NA	NA	NA	4107559
10	134619891	135439925	NA	820035	14319	1.82032525	14188	563	1907.0	mappable	0.092425	6.0	edge	0.01029415576	0.00144300144	0.051294435597	0.10180539	0.10324839	134619891	134620035	135439925	135439925	0.15116724	1	260086.12	13.647729	0.886458	NA	NA	0.0	0.910162627	0.91016263	1	1	1:1	2	neutral	4107559
11	190010	5780021	NA	5590012	83110	2.98336554	82595	4238	9841.0	mappable	0.28765	1.0	edge	0.19866915576	0.00021043771	0.339905564403	0.08922827	0.08943871	190010	190010	5779992	5780050	0.81563292	2	438534.69	27.892496	1.3128858	15.90512	0.6632795	0.326559	1.004560334	1.97880521	2	1	2:1	3	gain	4107559
11	5780021	5810017	NA	29997	499	2.48210768	498	4	32.0	mappable	0.178910765	NA	NA	0.09440147283	0.2	0.174405564403	0.13447611	0.33447611	5779992	5780050	5809990	5810044	NA	missing	237918.47	14.101022	1.1291	NA	NA	NA	NA	NA	NA	NA	NA	NA	NA	4107559
11	5810017	32230014	NA	26420000	378835	2.98336554	377249	19240	42247.0	mappable	0.270525	1.0	NA	0.18374074507	4.80169e-05	0.33549176816	0.08111903	0.08116705	5809990	5810044	32229997	32230031	0.8315861	2	438534.69	27.892496	1.3128858	15.90512	0.6632795	0.326559	1.004560334	1.97880521	2	1	2:1	3	gain	4107559
11	32230014	32249986	NA	19973	307	2.53883765	307	0	39.0	mappable	NA	NA	NA	NA	inf	0.195205564403	0.13999952	inf	32229997	32230031	32249952	32250020	NA	missing	362101.01	NA	1.1499	NA	NA	NA	NA	NA	NA	NA	NA	NA	NA	4107559
11	32249986	37549970	NA	5299985	78059	2.98336554	77746	3541	9016.0	mappable	0.283460294	1.0	NA	0.19573582242	0.00025947068	0.351905564403	0.08953531	0.08979478	32249952	32250020	37549934	37549970	0.81675897	2	438534.69	27.892496	1.3128858	15.90512	0.6632795	0.326559	1.004560334	1.97880521	2	1	2:1	3	gain	4107559
11	37549971	37560025	NA	10055	166	2.55847495	164	10	20.0	mappable	0.471333333	NA	NA	0.01916787371	0.08333333333	0.202405564403	0.15042542	0.23375875	37549971	37550007	37559989	37560061	NA	missing	415088.6	27.087625	1.1571	NA	NA	NA	NA	NA	NA	NA	NA	NA	NA	4107559
11	37560025	38879955	NA	1319931	20796	2.98336554	20737	916	2256.0	mappable	0.248392857	1.0	NA	0.16099415576	0.00102564103	0.343505564403	0.09836696	0.0993926	37559989	37560061	38879736	38879955	0.86736779	2	438534.69	27.892496	1.3128858	15.90512	0.6632795	0.326559	1.004560334	1.97880521	2	1	2:1	3	gain	4107559
11	38879956	38890007	NA	10052	162	2.66893475	162	0	16.0	mappable	NA	NA	NA	NA	inf	0.242905564403	0.15043029	inf	38879956	38880175	38889996	38890018	NA	missing	421310.0	NA	1.1976	NA	NA	NA	NA	NA	NA	NA	NA	NA	NA	4107559
11	38890007	39249969	NA	359963	5318	2.98336554	5303	7	612.0	mappable	0.316028671	1.0	NA	0.24321050914	0.04545454545	0.362705564403	0.1083571	0.15381165	38889996	38890018	39249865	39250073	NA	missing	438534.69	27.892496	1.3128858	NA	NA	NA	NA	NA	NA	NA	NA	NA	NA	4107559
11	39249969	39260041	NA	10073	153	2.55438384	153	0	18.0	mappable	NA	NA	NA	NA	inf	0.200905564403	0.15039623	inf	39249865	39250073	39259971	39260111	NA	missing	398844.0	NA	1.1556	NA	NA	NA	NA	NA	NA	NA	NA	NA	NA	4107559
11	39260041	48899996	NA	9639958	127473	2.98336554	127041	3757	15044.0	mappable	0.291075	1.0	NA	0.20231753253	0.00023877746	0.343880665797	0.08620468	0.08644346	39259971	39260111	48899996	48899996	0.8583088	2	438534.69	27.892496	1.3128858	15.90512	0.6632795	0.326559	1.004560334	1.97880521	2	1	2:1	3	gain	4107559
11	48899997	50170092	NA	1270096	0	0.0	0	0	NA	mappable	NA	NA	NA	NA	inf	0.954694435597	0.09863632	inf	48899997	48899997	50170092	50170092	NA	missing	NA	NA	0.0	NA	NA	0.0	0.0	0.0	0	0	NA	0	homozygousDel	4107559
11	50170093	50730013	NA	559922	11391	2.98336554	11292	747	1147.0	mappable	0.295395588	1.0	NA	0.21110863804	0.0011820331	0.381960950234	0.10474019	0.10592223	50170093	50170093	50729996	50730013	0.85388461	2	438534.69	27.892496	1.3128858	15.90512	0.6632795	0.326559	1.004560334	1.97880521	2	1	2:1	3	gain	4107559
11	51219955	51579984	NA	360030	4590	2.98336554	4589	9	576.0	mappable	0.260109302	1.0	NA	0.21890923881	0.1	0.427370858521	0.10835552	0.20835552	51219955	51220002	51579984	51579984	NA	missing	438534.69	27.892496	1.3128858	NA	NA	NA	NA	NA	NA	NA	NA	NA	NA	4107559
11	54793872	69525000	NA	14731132	183425	2.98336554	182637	7127	21433.0	mappable	0.269077273	1.0	NA	0.19032918701	0.00012635835	0.371163167783	0.08398998	0.08411634	54793872	54793872	69519991	69530009	0.8292298	2	438534.69	27.892496	1.3128858	15.90512	0.6632795	0.326559	1.004560334	1.97880521	2	1	2:1	3	gain	4107559
11	69525000	69539919	NA	14920	189	2.61520492	187	8	25.0	mappable	0.14353536	NA	NA	0.06597876537	0.1	0.223205564403	0.14424852	0.24424852	69519991	69530009	69539695	69539919	NA	missing	305151.7	17.906319	1.1779	NA	NA	NA	NA	NA	NA	NA	NA	NA	NA	4107559
11	69539920	89349940	NA	19810022	272021	2.98336554	271179	10800	31217.0	mappable	0.277375	1.0	NA	0.19167135393	8.589589e-05	0.36260414613	0.08250918	0.08259508	69539920	69540144	89349940	89349940	0.83995655	2	438534.69	27.892496	1.3128858	15.90512	0.6632795	0.326559	1.004560334	1.97880521	2	1	2:1	3	gain	4107559
11	89850037	129869980	NA	40019950	582176	2.98336554	580166	24934	66196.0	mappable	0.27395	1.0	NA	0.18826592308	3.711401e-05	0.36014182629	0.0791947	0.07923181	89850037	89850037	129869928	129870032	0.83177755	2	438534.69	27.892496	1.3128858	15.90512	0.6632795	0.326559	1.004560334	1.97880521	2	1	2:1	3	gain	4107559
11	129869980	129894968	NA	24989	291	3.39824221	291	0	28.0	mappable	NA	NA	NA	NA	inf	0.510305564403	0.13690186	inf	129869928	129870032	129889856	129894968	NA	missing	473958.27	NA	1.465	NA	NA	NA	NA	NA	NA	NA	NA	NA	NA	4107559
11	129894969	134939862	NA	5044895	81925	2.98336554	81637	4012	9733.0	mappable	0.255475	1.0	edge	0.1727037139	0.00023255814	0.290496087443	0.08982146	0.09005402	129894969	129900081	134939862	134939862	0.77513153	2	438534.69	27.892496	1.3128858	15.90512	0.6632795	0.326559	1.004560334	1.97880521	2	1	2:1	3	gain	4107559
12	160107	34819969	NA	34659871	478440	2.98336554	476347	25764	54142.0	mappable	0.284225	1.0	edge	0.19715968654	3.589762e-05	0.377732548978	0.07985064	0.07988654	160107	160107	34819969	34819969	0.84356216	2	438534.69	27.892496	1.3128858	15.90512	0.6632795	0.326559	1.004560334	1.97880521	2	1	2:1	3	gain	4107559
12	38000003	115130053	NA	77130058	1032975	2.98336554	1029313	46148	118132.0	mappable	0.27395	1.0	NA	0.18877402708	2.007669e-05	0.367421354621	0.07633358	0.07635365	38000003	38000003	115129990	115130053	0.85064444	2	438534.69	27.892496	1.3128858	15.90512	0.6632795	0.326559	1.004560334	1.97880521	2	1	2:1	3	gain	4107559
12	115130054	115159961	NA	29908	484	2.50010853	481	32	60.0	mappable	0.219932102	NA	NA	0.12036858187	0.02857142857	0.181005564403	0.13451488	0.16308631	115130054	115130117	115159905	115160017	NA	missing	333585.51	21.348047	1.1357	NA	NA	NA	NA	NA	NA	NA	NA	NA	NA	4107559
12	115159961	133819926	NA	18659969	269847	2.98336554	268443	13134	32595.0	mappable	0.2808	1.0	edge	0.19477849571	6.878525e-05	0.336231245623	0.08280393	0.08287271	115159905	115160017	133819926	133819926	0.81746275	2	438534.69	27.892496	1.3128858	15.90512	0.6632795	0.326559	1.004560334	1.97880521	2	1	2:1	3	gain	4107559
13	19450150	74707875	NA	55257726	765621	2.00343188	763212	34251	87011.0	mappable	0.08215	2.0	edge	0.00161473135	2.727769e-05	0.000707816761	0.07776149	0.07778876	19450150	19450150	74707856	74707875	0.15963541	1	319570.03	16.677304	0.9535939	NA	NA	0.0	1.001715941	1.00171594	1	1	1:1	2	neutral	4107559
13	74707876	74708049	CTX	174	0	0.0	0	0	NA	mappable	NA	NA	NA	NA	inf	0.954694435597	0.26871089	inf	74707876	74707876	74708049	74708049	NA	missing	NA	NA	0.0	NA	NA	0.0	0.0	0.0	0	0	NA	0	homozygousDel	4107559
13	74708050	77219861	CTX	2511814	37821	2.00343188	37640	2106	4250.0	mappable	0.083360714	2.0	NA	0.00011424361	0.00043725404	0.001684623656	0.09407206	0.09450931	74708050	74708128	77219686	77220036	0.17114453	1	319570.03	16.677304	0.9535939	NA	NA	0.0	1.001715941	1.00171594	1	1	1:1	2	neutral	4107559
13	77219861	77230041	NA	10181	186	1.71543481	186	0	17.0	mappable	NA	NA	NA	NA	inf	0.106694435597	0.15022242	inf	77219686	77220036	77229946	77230041	NA	missing	301532.0	NA	0.848	NA	NA	NA	NA	NA	NA	NA	NA	NA	NA	4107559
13	77230042	115099984	NA	37869946	564328	2.00343188	562114	25701	64399.0	mappable	0.085575	2.0	edge	0.00055524736	3.58256e-05	0.011527175422	0.07944531	0.07948114	77230042	77230137	115099984	115099984	0.15267736	1	319570.03	16.677304	0.9535939	NA	NA	0.0	1.001715941	1.00171594	1	1	1:1	2	neutral	4107559
14	20330060	25135525	NA	4805466	65938	2.00343188	65626	3264	7531.0	mappable	0.085594231	2.0	edge	0.00344415576	0.00027964206	0.007905564403	0.09010533	0.09038497	20330060	20330060	25135507	25135525	0.18904308	1	319570.03	16.677304	0.9535939	NA	NA	0.0	1.001715941	1.00171594	1	1	1:1	2	neutral	4107559
14	25135526	72069962	CTX	46934439	641799	2.00343188	639537	29368	72401.0	mappable	0.085575	2.0	NA	5.813774e-05	3.161555e-05	0.007664742744	0.07848017	0.07851179	25135526	25135536	72069922	72069962	0.15507797	1	319570.03	16.677304	0.9535939	NA	NA	0.0	1.001715941	1.00171594	1	1	1:1	2	neutral	4107559
14	72069963	72079939	NA	9977	111	1.67425103	111	0	15.0	mappable	NA	NA	NA	NA	inf	0.121794435597	0.15055264	inf	72069963	72070003	72079840	72080038	NA	missing	311005.71	NA	0.8329	NA	NA	NA	NA	NA	NA	NA	NA	NA	NA	4107559
14	72079939	98420003	NA	26340069	387847	2.00343188	386526	17192	44864.0	mappable	0.085575	2.0	NA	3.064044e-05	5.40161e-05	0.0041772992	0.08113342	0.08118743	72079840	72080038	98419997	98420009	0.15642324	1	319570.03	16.677304	0.9535939	NA	NA	0.0	1.001715941	1.00171594	1	1	1:1	2	neutral	4107559
14	98420003	98440018	NA	20016	350	1.72470797	350	0	56.0	mappable	NA	NA	NA	NA	inf	0.103294435597	0.13996912	inf	98419997	98420009	98439980	98440056	NA	missing	273931.88	NA	0.8514	NA	NA	NA	NA	NA	NA	NA	NA	NA	NA	4107559
14	98440018	105529986	NA	7089970	105025	2.00343188	104513	4520	12616.0	mappable	0.092425	2.0	NA	0.00746229683	0.00019872814	0.008353612935	0.0878837	0.08808243	98439980	98440056	105529966	105530006	0.1532017	1	319570.03	16.677304	0.9535939	NA	NA	0.0	1.001715941	1.00171594	1	1	1:1	2	neutral	4107559
14	105529986	105559818	NA	29833	283	1.71216192	283	0	30.0	mappable	NA	NA	NA	NA	inf	0.107894435597	0.13454766	inf	105529966	105530006	105559610	105560026	NA	missing	207161.6	NA	0.8468	NA	NA	NA	NA	NA	NA	NA	NA	NA	NA	4107559
14	105559818	106056240	NA	496423	6104	2.00343188	6070	166	798.0	mappable	0.074155556	2.0	NA	0.01025584424	0.005	0.001505564403	0.10570148	0.11070148	105559610	105560026	106009942	106056240	0.1371503	1	319570.03	16.677304	0.9535939	NA	NA	0.0	1.001715941	1.00171594	1	1	1:1	2	neutral	4107559
14	106056241	106068877	ITX	12637	0	0.0	0	0	NA	mappable	NA	NA	NA	NA	inf	0.954694435597	0.14678504	inf	106056241	106056241	106068877	106068877	NA	missing	NA	NA	0.0	NA	NA	0.0	0.0	0.0	0	0	NA	0	homozygousDel	4107559
14	106068878	106068999	ITX	122	0	0.0	0	0	NA	mappable	NA	NA	NA	NA	inf	0.954694435597	0.28856959	inf	106068878	106068878	106068999	106068999	NA	missing	NA	NA	0.0	NA	NA	0.0	0.0	0.0	0	0	NA	0	homozygousDel	4107559
14	106069000	106095532	DEL	26533	0	0.0	0	0	NA	mappable	NA	NA	NA	NA	inf	0.954694435597	0.13609608	inf	106069000	106069000	106095532	106095532	NA	missing	NA	NA	0.0	NA	NA	0.0	0.0	0.0	0	0	NA	0	homozygousDel	4107559
14	106095533	106111004	DEL	15472	0	0.0	0	0	NA	mappable	NA	NA	NA	NA	inf	0.954694435597	0.14370529	inf	106095533	106095533	106111004	106111004	NA	missing	NA	NA	0.0	NA	NA	0.0	0.0	0.0	0	0	NA	0	homozygousDel	4107559
14	106112704	106209088	DEL	96385	0	0.0	0	0	NA	mappable	NA	NA	NA	NA	inf	0.954694435597	0.12079832	inf	106112704	106112704	106209088	106209088	NA	missing	NA	NA	0.0	NA	NA	0.0	0.0	0.0	0	0	NA	0	homozygousDel	4107559
14	106209089	106324789	DEL	115701	952	0.12235895	936	144	99.0	mappable	0.174625	NA	NA	0.08906915576	0.00632911392	0.690794435597	0.11890577	0.12523488	106209089	106250082	106324779	106324789	0.1231285	1	74656.8	4.206852	0.2639	NA	NA	0.0	0.061179474	0.06117947	0	0	0:0	0	LOH	4107559
14	106324790	106326586	DEL	1797	158	0.73629727	155	0	22.0	mappable	NA	NA	NA	0.21944415576	0.33333333333	0.465694435597	0.18499035	0.51832368	106324790	106324799	106326585	106326586	NA	missing	117958.57	NA	0.489	NA	NA	NA	NA	NA	NA	NA	NA	NA	NA	4107559
14	106326587	106329463	ITX	2877	712	0.73629727	712	2	75.0	mappable	0.570938215	NA	NA	0.48538237086	0.5	0.465694435597	0.17405911	0.67405911	106326587	106326594	106329455	106329463	NA	missing	117958.57	7.402778	0.489	NA	NA	NA	NA	NA	NA	NA	NA	NA	NA	4107559
14	106329464	106376273	CTX	46810	531	0.1796344	528	20	75.0	mappable	0.16435	NA	NA	0.08564415576	0.04347826087	0.669794435597	0.12891142	0.17238968	106329464	106329468	106349982	106376273	NA	missing	78581.57	4.714894	0.2849	NA	NA	NA	NA	NA	NA	NA	NA	NA	NA	4107559
14	106376274	107259908	CTX	883635	9715	1.00903671	9438	400	1006.0	mappable	0.64385	5.0	edge	0.51674882095	0.00147710487	0.335823524634	0.10124998	0.10272708	106376274	106400108	107259908	107259908	0.96769762	2	179773.51	14.553764	0.5889997	14.53351	0.9928375	0.98567497	0.007227242	1.00180947	1	0	1:0	1	LOH	4107559
15	20850000	20859924	NA	9925	165	2.00343188	131	0	4.0	mappable	NA	2.0	edge	0.00195584424	0.02941176471	0.006705564403	0.15063813	0.18004989	20850000	20850000	20859924	20859924	NA	missing	319570.03	NA	0.9535939	NA	NA	NA	NA	NA	NA	NA	NA	NA	NA	4107559
15	22480079	23049985	NA	569907	3731	2.00343188	3713	207	480.0	mappable	0.09955	2.0	self	0.01374188303	0.00444444444	0.001694435597	0.1046005	0.10904495	22480079	22480079	23049867	23049985	0.10611348	1	319570.03	16.677304	0.9535939	NA	NA	0.0	1.001715941	1.00171594	1	1	1:1	2	neutral	4107559
15	23049986	23069956	NA	19971	323	2.17972819	322	26	40.0	mappable	0.1393	3.0	NA	0.05351915576	0.03703703704	0.044705564403	0.14000093	0.17703797	23049986	23050104	23069956	23069956	NA	missing	357878.9	18.779175	1.0182328	NA	NA	NA	NA	NA	NA	NA	NA	NA	NA	4107559
15	23710146	24329926	NA	619781	10360	2.00343188	10299	652	1126.0	mappable	0.084202273	2.0	NA	0.00010648527	0.00140252454	0.019294435597	0.10394255	0.10534507	23710146	23710146	24329926	24329926	0.18241233	1	319570.03	16.677304	0.9535939	NA	NA	0.0	1.001715941	1.00171594	1	1	1:1	2	neutral	4107559
15	24329927	24830091	NA	500165	0	0.0	0	0	NA	mappable	NA	NA	NA	NA	inf	0.954694435597	0.10564099	inf	24329927	24329927	24830091	24830091	NA	missing	NA	NA	0.0	NA	NA	0.0	0.0	0.0	0	0	NA	0	homozygousDel	4107559
15	24830092	28529988	NA	3699897	57365	2.00343188	57149	2686	6559.0	mappable	0.092425	2.0	NA	0.01028030846	0.00034458994	0.027804710154	0.091663	0.09200759	24830092	24830092	28529988	28529988	0.16965726	1	319570.03	16.677304	0.9535939	NA	NA	0.0	1.001715941	1.00171594	1	1	1:1	2	neutral	4107559
15	29100034	30369914	NA	1269881	18283	2.00343188	18251	901	2157.0	mappable	0.089	2.0	self	0.00344415576	0.00107181136	0.045694435597	0.09863751	0.09970932	29100034	29100034	30369914	30369914	0.15908605	1	319570.03	16.677304	0.9535939	NA	NA	0.0	1.001715941	1.00171594	1	1	1:1	2	neutral	4107559
15	31160110	56730001	NA	25569894	334408	2.00343188	333331	13601	38716.0	mappable	0.085575	2.0	self	1.915576e-05	6.812917e-05	0.010449847734	0.08127457	0.0813427	31160110	31160110	56729850	56730152	0.15855912	1	319570.03	16.677304	0.9535939	NA	NA	0.0	1.001715941	1.00171594	1	1	1:1	2	neutral	4107559
15	56730001	56749993	NA	19993	305	2.17972819	287	0	31.0	mappable	NA	3.0	identical	0.01487107198	0.05555555556	0.146905564403	0.13998537	0.19554093	56729850	56730152	56749931	56749993	NA	missing	357878.9	NA	1.0182328	NA	NA	NA	NA	NA	NA	NA	NA	NA	NA	4107559
15	56749994	82479795	NA	25729807	355415	2.00343188	354193	15174	41210.0	mappable	0.085575	2.0	self	0.00049238652	6.099049e-05	0.004578196678	0.08124488	0.08130587	56749994	56750056	82479795	82479795	0.15978906	1	319570.03	16.677304	0.9535939	NA	NA	0.0	1.001715941	1.00171594	1	1	1:1	2	neutral	4107559
15	83213963	87010004	NA	3796042	46729	2.00343188	46573	1070	5551.0	mappable	0.075265385	2.0	NA	0.01025584424	0.00081566069	0.008905564403	0.09150778	0.09232344	83213963	83213963	87009981	87010027	0.18042866	1	319570.03	16.677304	0.9535939	NA	NA	0.0	1.001715941	1.00171594	1	1	1:1	2	neutral	4107559
15	87010004	87030041	NA	20038	347	1.88016992	347	0	41.0	mappable	NA	NA	NA	NA	inf	0.046294435597	0.1399536	inf	87009981	87010027	87029982	87030100	NA	missing	313384.36	NA	0.9084	NA	NA	NA	NA	NA	NA	NA	NA	NA	NA	4107559
15	87030041	102399920	NA	15369882	248843	2.00343188	247990	11629	28706.0	mappable	0.085575	2.0	edge	0.00271391419	8.012179e-05	0.008063520924	0.08377454	0.08385466	87029982	87030100	102399920	102399920	0.1491966	1	319570.03	16.677304	0.9535939	NA	NA	0.0	1.001715941	1.00171594	1	1	1:1	2	neutral	4107559
16	100010	4680012	NA	4580003	69722	2.00343188	69314	2214	8759.0	mappable	0.09585	2.0	edge	0.01371915576	0.00038138825	0.005394435597	0.09038765	0.09076904	100010	100010	4679951	4680073	0.19462442	1	319570.03	16.677304	0.9535939	NA	NA	0.0	1.001715941	1.00171594	1	1	1:1	2	neutral	4107559
16	4680012	4690010	NA	9999	201	2.20091247	201	0	29.0	mappable	NA	NA	NA	NA	inf	0.071305564403	0.15051663	inf	4679951	4680073	4689999	4690021	NA	missing	286196.0	NA	1.026	NA	NA	NA	NA	NA	NA	NA	NA	NA	NA	4107559
16	4690010	9480047	NA	4790040	118686	2.00343188	118228	5824	13668.0	mappable	0.085575	2.0	NA	0.00028352107	0.00015921032	0.029430546848	0.09012417	0.09028338	4689999	4690021	9479966	9480047	0.16241425	1	319570.03	16.677304	0.9535939	NA	NA	0.0	1.001715941	1.00171594	1	1	1:1	2	neutral	4107559
16	9480048	9529999	NA	49952	1009	2.12290875	1006	31	121.0	mappable	0.156395968	NA	NA	0.08070705898	0.02941176471	0.042705564403	0.12813732	0.15754909	9480048	9480129	9529993	9529999	NA	missing	320188.75	17.010027	0.9974	NA	NA	NA	NA	NA	NA	NA	NA	NA	NA	4107559
16	9530000	9620048	NA	90049	1955	1.82032525	1949	98	238.0	mappable	0.127216667	6.0	NA	0.04339971131	0.00961538462	0.042894435597	0.12151833	0.13113371	9530000	9530006	9619986	9620110	0.10056923	1	260086.12	13.647729	0.886458	NA	NA	0.0	0.910162627	0.91016263	1	1	1:1	2	neutral	4107559
16	9620048	9630000	NA	9953	186	2.21482222	183	7	23.0	mappable	0.192813461	NA	NA	0.12081146345	0.1	0.076405564403	0.15059203	0.25059203	9619986	9620110	9629987	9630000	NA	missing	312243.8	17.693815	1.0311	NA	NA	NA	NA	NA	NA	NA	NA	NA	NA	4107559
16	9630001	16289940	NA	6659940	106364	2.00343188	105926	4765	12713.0	mappable	0.085575	2.0	self	0.00033869423	0.00019219681	0.00866670069	0.08823369	0.08842589	9630001	9630014	16289940	16289940	0.1734861	1	319570.03	16.677304	0.9535939	NA	NA	0.0	1.001715941	1.00171594	1	1	1:1	2	neutral	4107559
16	16870104	18169896	NA	1299793	20459	2.00343188	20372	1158	2324.0	mappable	0.090166176	2.0	self	0.00177356752	0.00080321285	0.012694435597	0.09847438	0.0992776	16870104	16870104	18169896	18169896	0.14607508	1	319570.03	16.677304	0.9535939	NA	NA	0.0	1.001715941	1.00171594	1	1	1:1	2	neutral	4107559
16	18800044	29039945	NA	10239905	125164	2.00343188	124512	5531	15043.0	mappable	0.085575	2.0	self	0.00072616431	0.00016173379	0.005707076819	0.08588225	0.08604398	18800044	18800044	29039945	29039945	0.16864956	1	319570.03	16.677304	0.9535939	NA	NA	0.0	1.001715941	1.00171594	1	1	1:1	2	neutral	4107559
16	29670028	31959970	NA	2289943	17551	2.00343188	17499	454	2236.0	mappable	0.089	2.0	self	0.00686915576	0.00197628458	0.000994435597	0.09466613	0.09664241	29670028	29670028	31959970	31959970	0.23724188	1	319570.03	16.677304	0.9535939	NA	NA	0.0	1.001715941	1.00171594	1	1	1:1	2	neutral	4107559
16	32520030	32649899	NA	129870	3149	1.99117521	2824	0	440.0	mappable	NA	NA	NA	0.16344415576	0.00307692308	0.005594435597	0.11773911	0.12081604	32520030	32520030	32649899	32649899	NA	missing	512806.81	NA	0.9491	NA	NA	NA	NA	NA	NA	NA	NA	NA	NA	4107559
16	34200030	35279959	NA	1079930	13359	2.00343188	13341	68	1504.0	mappable	0.08905	2.0	self	0.00322629861	0.01162790698	0.025394435597	0.09978792	0.11141583	34200030	34200075	35279959	35279959	0.26581937	1	319570.03	16.677304	0.9535939	NA	NA	0.0	1.001715941	1.00171594	1	1	1:1	2	neutral	4107559
16	46450014	46589955	NA	139942	1561	2.26882479	1561	3	181.0	mappable	0.19448254	NA	NA	0.10892669544	0.33333333333	0.096205564403	0.1169969	0.45033024	46450014	46450014	46589887	46589955	NA	missing	376127.8	22.289055	1.0509	NA	NA	NA	NA	NA	NA	NA	NA	NA	NA	4107559
16	46589956	83009999	NA	36420049	558339	2.00343188	556439	24162	64921.0	mappable	0.085575	2.0	NA	0.00112988882	3.837004e-05	0.005631245671	0.07962345	0.07966182	46589956	46590024	83009988	83010010	0.16230298	1	319570.03	16.677304	0.9535939	NA	NA	0.0	1.001715941	1.00171594	1	1	1:1	2	neutral	4107559
16	83009999	83020019	NA	10021	241	1.63688561	241	0	26.0	mappable	NA	NA	NA	NA	inf	0.135494435597	0.15048072	inf	83009988	83010010	83019975	83020063	NA	missing	263073.0	NA	0.8192	NA	NA	NA	NA	NA	NA	NA	NA	NA	NA	4107559
16	83020019	90109969	NA	7089951	142928	2.00343188	142245	6942	17186.0	mappable	0.089	2.0	edge	0.00203083041	0.00013114754	0.011804303502	0.08788372	0.08801486	83019975	83020063	90109969	90109969	0.15630401	1	319570.03	16.677304	0.9535939	NA	NA	0.0	1.001715941	1.00171594	1	1	1:1	2	neutral	4107559
17	20080	7525018	NA	7504939	88264	2.00343188	87709	4555	11047.0	mappable	0.089	2.0	edge	0.00344415576	0.00019569472	0.000605564403	0.08756794	0.08776364	20080	20080	7519930	7530106	0.1853251	1	319570.03	16.677304	0.9535939	NA	NA	0.0	1.001715941	1.00171594	1	1	1:1	2	neutral	4107559
17	7525018	7560064	NA	35047	307	1.730981	307	26	31.0	mappable	0.283953571	NA	identical	0.19839772719	0.03846153846	0.100994435597	0.13247662	0.17093816	7519930	7530106	7559976	7560064	NA	missing	216487.57	11.153599	0.8537	NA	NA	NA	NA	NA	NA	NA	NA	NA	NA	4107559
17	7560065	18239982	NA	10679918	143997	2.00343188	143462	7202	16916.0	mappable	0.089	2.0	self	0.00686915576	0.00012926577	0.031694435597	0.08565898	0.08578825	7560065	7560153	18239982	18239982	0.16345051	1	319570.03	16.677304	0.9535939	NA	NA	0.0	1.001715941	1.00171594	1	1	1:1	2	neutral	4107559
17	18750212	19160104	NA	409893	2097	2.00343188	2085	80	258.0	mappable	0.093591667	2.0	NA	0.00344415576	0.01086956522	0.006394435597	0.10726801	0.11813757	18750212	18750212	19159950	19160258	0.36050165	2	319570.03	16.677304	0.9535939	15.95742	0.5283875	0.0567749	0.944843617	1.05858827	1	1	1:1	2	mixDH	4107559
17	19160104	19169999	NA	9896	134	2.43492361	134	0	15.0	mappable	NA	NA	NA	NA	inf	0.157105564403	0.15068604	inf	19159950	19160258	19169931	19169999	NA	missing	327818.6	NA	1.1118	NA	NA	NA	NA	NA	NA	NA	NA	NA	NA	4107559
17	19170000	21239991	NA	2069992	18700	2.00343188	18505	507	2392.0	mappable	0.087025	2.0	NA	0.01371915576	0.00142450142	0.008705564403	0.09532346	0.09674796	19170000	19170068	21239978	21240004	0.12610758	1	319570.03	16.677304	0.9535939	NA	NA	0.0	1.001715941	1.00171594	1	1	1:1	2	neutral	4107559
17	21239991	21380006	NA	140016	2606	1.78634727	2176	22	362.0	mappable	0.145060084	NA	identical	0.2003370129	0.00221238938	0.080694435597	0.11699168	0.11920407	21239978	21240004	21329958	21430054	NA	missing	345370.31	21.26754	0.874	NA	NA	NA	NA	NA	NA	NA	NA	NA	NA	4107559
17	21380006	22239986	NA	859981	2298	2.00343188	2291	93	261.0	mappable	0.0586	2.0	self	0.02761738271	0.01	0.012705564403	0.10145103	0.11145103	21329958	21430054	22239986	22239986	0.05518755	1	319570.03	16.677304	0.9535939	NA	NA	0.0	1.001715941	1.00171594	1	1	1:1	2	neutral	4107559
17	25390040	44279982	NA	18889944	211088	2.00343188	210291	7577	25513.0	mappable	0.085575	2.0	self	0.00101592898	0.00011941724	0.000575310398	0.08274339	0.08286281	25390040	25390040	44279982	44279982	0.1719692	1	319570.03	16.677304	0.9535939	NA	NA	0.0	1.001715941	1.00171594	1	1	1:1	2	neutral	4107559
17	44790026	80029822	NA	35239799	458852	2.00343188	457090	18418	54545.0	mappable	0.085575	2.0	self	0.00226273632	4.955893e-05	0.000559512517	0.07977439	0.07982395	44790026	44790026	80029619	80029822	0.16540526	1	319570.03	16.677304	0.9535939	NA	NA	0.0	1.001715941	1.00171594	1	1	1:1	2	neutral	4107559
17	80029823	80040014	NA	10192	211	2.3427374	207	3	27.0	mappable	-0.000140909	NA	NA	0.38629415576	0.14285714286	0.123305564403	0.15020485	0.29306199	80029823	80030026	80039994	80040034	NA	missing	231930.0	11.5965	1.078	NA	NA	NA	NA	NA	NA	NA	NA	NA	NA	4107559
17	80040014	80095023	NA	55010	973	1.82032525	971	10	109.0	mappable	0.12245	6.0	NA	0.0269120129	0.08333333333	0.043494435597	0.12700504	0.21033838	80039994	80040034	80089982	80100064	NA	missing	260086.12	13.647729	0.886458	NA	NA	NA	NA	NA	NA	NA	NA	NA	NA	4107559
17	80095023	80149955	NA	54933	725	2.20630918	705	0	115.0	mappable	NA	4.0	NA	0.28771915576	0.05	0.081905564403	0.12702134	0.17702134	80089982	80100064	80149903	80150007	NA	missing	501538.15	NA	1.0279787	NA	NA	NA	NA	NA	NA	NA	NA	NA	NA	4107559
17	80149955	80951820	NA	801866	12580	2.00343188	12463	719	1653.0	mappable	0.092215517	2.0	NA	0.006659673	0.00119617225	0.005305564403	0.10197317	0.10316934	80149903	80150007	80951802	80951820	0.198645	1	319570.03	16.677304	0.9535939	NA	NA	0.0	1.001715941	1.00171594	1	1	1:1	2	neutral	4107559
17	80951821	80952104	ITX	284	2	1.44787661	2	0	1.0	mappable	NA	NA	NA	NA	inf	0.204794435597	0.24540639	inf	80951821	80951858	80951883	80952104	NA	missing	271698.6	NA	0.7499	NA	NA	NA	NA	NA	NA	NA	NA	NA	NA	4107559
17	80952105	80992561	DEL	40457	536	1.18004568	534	1	70.0	mappable	0.692307692	NA	NA	0.36935709282	0.33333333333	0.302994435597	0.13068392	0.46401725	80952105	80952120	80979972	80992561	NA	missing	202220.07	17.110929	0.6517	NA	NA	NA	NA	NA	NA	NA	NA	NA	NA	4107559
17	80992562	81000810	DUP	8249	24	2.41583179	24	0	4.0	mappable	NA	NA	NA	NA	inf	0.150105564403	0.15372786	inf	80992562	81000026	81000786	81000810	NA	missing	369368.3	NA	1.1048	NA	NA	NA	NA	NA	NA	NA	NA	NA	NA	4107559
17	81000811	81001944	DEL	1134	23	2.41583179	23	0	2.0	mappable	NA	NA	NA	NA	inf	0.150105564403	0.19709861	inf	81000811	81000825	81001902	81001944	NA	missing	369368.3	NA	1.1048	NA	NA	NA	NA	NA	NA	NA	NA	NA	NA	4107559
17	81001945	81109940	DUP	107996	2002	2.00343188	1991	41	278.0	mappable	0.056425	2.0	edge	0.00340584424	0.01923076923	0.005205564403	0.1196128	0.13884357	81001945	81001950	81109940	81109940	0.3624132	2	319570.03	16.677304	0.9535939	15.95742	0.5283875	0.0567749	0.944843617	1.05858827	1	1	1:1	2	mixDH	4107559
18	130031	12910060	NA	12780030	194094	2.00343188	193412	10479	22311.0	mappable	0.08215	2.0	edge	0.00340584424	8.959771e-05	0.013394435597	0.08471924	0.08480884	130031	130031	12909966	12910154	0.16029776	1	319570.03	16.677304	0.9535939	NA	NA	0.0	1.001715941	1.00171594	1	1	1:1	2	neutral	4107559
18	12910060	12919999	NA	9940	139	2.19982151	139	0	25.0	mappable	NA	NA	NA	NA	inf	0.070905564403	0.15061341	inf	12909966	12910154	12919951	12920047	NA	missing	321376.0	NA	1.0256	NA	NA	NA	NA	NA	NA	NA	NA	NA	NA	4107559
18	12919999	12931937	NA	11939	223	1.77380122	223	0	25.0	mappable	NA	NA	NA	NA	inf	0.085294435597	0.14767347	inf	12919951	12920047	12931877	12931937	NA	missing	302408.95	NA	0.8694	NA	NA	NA	NA	NA	NA	NA	NA	NA	NA	4107559
18	12931938	14119956	NA	1188019	18172	2.00343188	18127	769	2170.0	mappable	0.09825	2.0	NA	0.00954693353	0.00122850123	0.020105564403	0.09910741	0.10033591	12931938	12931998	14119956	14119956	0.15143114	1	319570.03	16.677304	0.9535939	NA	NA	0.0	1.001715941	1.00171594	1	1	1:1	2	neutral	4107559
18	14119957	14910026	NA	790070	0	0.0	0	0	NA	mappable	NA	NA	NA	NA	inf	0.954694435597	0.10208446	inf	14119957	14119957	14910026	14910026	NA	missing	NA	NA	0.0	NA	NA	0.0	0.0	0.0	0	0	NA	0	homozygousDel	4107559
18	14910027	14929888	NA	19862	364	2.00343188	363	2	40.0	mappable	0.145	2.0	NA	0.03190584424	0.33333333333	0.056594435597	0.14007836	0.47341169	14910027	14910027	14929888	14929888	NA	missing	319570.03	16.677304	0.9535939	NA	NA	NA	NA	NA	NA	NA	NA	NA	NA	4107559
18	18540053	23579954	NA	5039902	65134	2.00343188	64923	2701	7719.0	mappable	0.085575	2.0	self	0.00340584424	0.00034340659	0.007705564403	0.08982723	0.09017063	18540053	18540053	23579867	23580041	0.1639951	1	319570.03	16.677304	0.9535939	NA	NA	0.0	1.001715941	1.00171594	1	1	1:1	2	neutral	4107559
18	23579954	24010001	NA	430048	5707	2.17972819	5695	295	671.0	mappable	0.081097222	3.0	identical	0.00656695535	0.00325732899	0.108005564403	0.10687107	0.1101284	23579867	23580041	24009989	24010013	0.13744314	1	357878.9	18.779175	1.0182328	NA	NA	0.0	1.089864093	1.08986409	1	1	1:1	2	neutral	4107559
18	24010001	47550028	NA	23540028	332479	2.00343188	331419	14424	37359.0	mappable	0.085575	2.0	NA	0.00116262749	6.458697e-05	0.013237154686	0.08167061	0.0817352	24009989	24010013	47549988	47550068	0.15776224	1	319570.03	16.677304	0.9535939	NA	NA	0.0	1.001715941	1.00171594	1	1	1:1	2	neutral	4107559
18	47550028	47559968	NA	9941	161	2.26855205	161	0	15.0	mappable	NA	NA	NA	NA	inf	0.096105564403	0.15061176	inf	47549988	47550068	47559930	47559968	NA	missing	325768.9	NA	1.0508	NA	NA	NA	NA	NA	NA	NA	NA	NA	NA	4107559
18	47559969	60793298	NA	13233330	195641	2.00343188	195014	7503	22329.0	mappable	0.08215	2.0	NA	0.00335750169	0.00012300123	0.008545886217	0.08453917	0.08466217	47559969	47560007	60793231	60793298	0.15072541	1	319570.03	16.677304	0.9535939	NA	NA	0.0	1.001715941	1.00171594	1	1	1:1	2	neutral	4107559
18	60793299	60793494	CTX	196	5	1.93117235	5	0	0.0	mappable	NA	NA	NA	NA	inf	0.027594435597	0.26264954	inf	60793299	60793330	60793494	60793494	NA	missing	313958.0	NA	0.9271	NA	NA	NA	NA	NA	NA	NA	NA	NA	NA	4107559
18	60793495	60793495	CTX	1	0	0.0	0	0	NA	mappable	NA	NA	NA	NA	inf	0.954694435597	inf	inf	60793495	60793495	60793495	60793495	NA	missing	NA	NA	0.0	NA	NA	0.0	0.0	0.0	0	0	NA	0	homozygousDel	4107559
18	60793496	78009968	CTX	17216479	279701	2.00343188	278451	14545	31965.0	mappable	0.085575	2.0	edge	0.00069846072	6.331919e-05	0.012126797655	0.08320407	0.08326739	60793496	60793521	78009968	78009968	0.15387692	1	319570.03	16.677304	0.9535939	NA	NA	0.0	1.001715941	1.00171594	1	1	1:1	2	neutral	4107559
19	260137	24569972	NA	24309838	256845	2.00343188	255036	12050	31996.0	mappable	0.089	2.0	edge	0.00280969521	7.216048e-05	0.004829158873	0.08151608	0.08158824	260137	260137	24569972	24569972	0.19946951	1	319570.03	16.677304	0.9535939	NA	NA	0.0	1.001715941	1.00171594	1	1	1:1	2	neutral	4107559
19	27750002	27914971	NA	164970	5524	2.17972819	5350	45	728.0	mappable	0.075611111	3.0	NA	0.04585248909	0.00456621005	0.071305564403	0.11539453	0.11996074	27750002	27750002	27909926	27914971	0.21791839	1	357878.9	18.779175	1.0182328	NA	NA	0.0	1.089864093	1.08986409	1	1	1:1	2	neutral	4107559
19	27914972	43209995	NA	15295025	192324	2.00343188	191455	8728	22864.0	mappable	0.089	2.0	NA	0.00215231542	0.00010419923	0.018159071836	0.08379926	0.08390346	27914972	27920017	43209995	43209995	0.16960122	1	319570.03	16.677304	0.9535939	NA	NA	0.0	1.001715941	1.00171594	1	1	1:1	2	neutral	4107559
19	43209996	43800005	NA	590010	0	0.0	0	0	NA	mappable	NA	NA	NA	NA	inf	0.954694435597	0.10432761	inf	43209996	43209996	43800005	43800005	NA	missing	NA	NA	0.0	NA	NA	0.0	0.0	0.0	0	0	NA	0	homozygousDel	4107559
19	43800006	59089999	NA	15289995	162577	2.00343188	161770	7148	19967.0	mappable	0.085575	2.0	edge	0.00106137037	0.00012572291	0.010356999182	0.08380093	0.08392665	43800006	43800006	59089999	59089999	0.20667691	1	319570.03	16.677304	0.9535939	NA	NA	0.0	1.001715941	1.00171594	1	1	1:1	2	neutral	4107559
20	60479	25729738	NA	25669264	400300	2.00343188	399018	18957	46390.0	mappable	0.085575	2.0	edge	0.00031690457	4.940956e-05	0.00898540512	0.08125609	0.0813055	60479	60479	25729738	25729738	0.14300127	1	319570.03	16.677304	0.9535939	NA	NA	0.0	1.001715941	1.00171594	1	1	1:1	2	neutral	4107559
20	29810057	29990004	NA	179948	3543	2.17972819	3524	59	431.0	mappable	0.11060061	3.0	NA	0.02504476551	0.01282051282	0.063005564403	0.11456577	0.12738629	29810057	29810057	29989990	29990004	0.2814103	1	357878.9	18.779175	1.0182328	NA	NA	0.0	1.089864093	1.08986409	1	1	1:1	2	neutral	4107559
20	29990005	30159993	NA	169989	1998	2.00343188	1974	82	238.0	mappable	0.08035	2.0	NA	0.00288084424	0.00943396226	0.041594435597	0.11510737	0.12454133	29990005	29990019	30159971	30160015	0.17258801	1	319570.03	16.677304	0.9535939	NA	NA	0.0	1.001715941	1.00171594	1	1	1:1	2	neutral	4107559
20	30159993	30174952	NA	14960	169	2.24700557	169	0	27.0	mappable	NA	NA	NA	NA	inf	0.088205564403	0.14420835	inf	30159971	30160015	30169901	30174952	NA	missing	287494.0	NA	1.0429	NA	NA	NA	NA	NA	NA	NA	NA	NA	NA	4107559
20	30174953	62145005	NA	31970054	481387	2.00343188	479418	20775	57468.0	mappable	0.085575	2.0	NA	0.00345153495	4.396957e-05	0.005081837832	0.08022393	0.0802679	30174953	30180004	62139993	62145005	0.16578275	1	319570.03	16.677304	0.9535939	NA	NA	0.0	1.001715941	1.00171594	1	1	1:1	2	neutral	4107559
20	62145006	62160048	NA	15043	201	1.43369412	200	1	25.0	mappable	0.111111112	NA	identical	0.06090880222	0.5	0.209994435597	0.1441254	0.6441254	62145006	62150018	62159904	62160192	NA	missing	155202.0	8.622333	0.7447	NA	NA	NA	NA	NA	NA	NA	NA	NA	NA	4107559
20	62160048	62909989	NA	749942	10215	2.00343188	10154	203	1370.0	mappable	0.071732353	2.0	edge	0.01368084424	0.00380228137	0.000905564403	0.10247781	0.1062801	62159904	62160192	62909989	62909989	0.13845668	1	319570.03	16.677304	0.9535939	NA	NA	0.0	1.001715941	1.00171594	1	1	1:1	2	neutral	4107559
21	10720001	10780004	NA	60004	2236	2.17972819	2193	0	306.0	mappable	NA	3.0	edge	0.0189968047	0.02325581395	0.062605564403	0.12600194	0.14925776	10720001	10720001	10779993	10780004	NA	missing	357878.9	NA	1.0182328	NA	NA	NA	NA	NA	NA	NA	NA	NA	NA	4107559
21	10780005	11179964	NA	399960	2872	2.00343188	2703	0	575.0	mappable	NA	2.0	self	0.00327793727	0.00591715976	9.4435597e-05	0.10747201	0.11338917	10780005	10780016	11179964	11179964	NA	missing	319570.03	NA	0.9535939	NA	NA	NA	NA	NA	NA	NA	NA	NA	NA	4107559
21	15410077	43590107	NA	28180035	440937	2.00343188	439013	20614	50887.0	mappable	0.085575	2.0	NA	0.00117906161	4.437148e-05	0.004939252889	0.08081406	0.08085843	15410077	15410077	43589979	43590107	0.16031306	1	319570.03	16.677304	0.9535939	NA	NA	0.0	1.001715941	1.00171594	1	1	1:1	2	neutral	4107559
21	43590108	43619977	NA	29870	532	1.82616735	532	0	78.0	mappable	NA	NA	NA	NA	inf	0.066094435597	0.13453147	inf	43590108	43590236	43619873	43619977	NA	missing	298366.64	NA	0.8886	NA	NA	NA	NA	NA	NA	NA	NA	NA	NA	4107559
21	43619978	48099931	NA	4479955	74727	2.00343188	74176	3325	9253.0	mappable	0.094715385	2.0	edge	0.01024464417	0.00025799794	0.002860034376	0.090518	0.090776	43619978	43620082	48099931	48099931	0.19488501	1	319570.03	16.677304	0.9535939	NA	NA	0.0	1.001715941	1.00171594	1	1	1:1	2	neutral	4107559
22	16850007	17360021	NA	510015	1578	2.17972819	1562	73	187.0	mappable	0.0569	3.0	edge	0.03070584424	0.01123595506	0.091005564403	0.10548423	0.11672018	16850007	16850007	17319946	17400096	0.18384181	1	357878.9	18.779175	1.0182328	NA	NA	0.0	1.089864093	1.08986409	1	1	1:1	2	neutral	4107559
22	17360021	36499996	NA	19139981	233962	2.00343188	232803	11495	27928.0	mappable	0.089	2.0	self	0.00499154525	7.902639e-05	0.000610130026	0.0826785	0.08275753	17319946	17400096	36499987	36499996	0.17344705	1	319570.03	16.677304	0.9535939	NA	NA	0.0	1.001715941	1.00171594	1	1	1:1	2	neutral	4107559
22	36499997	36515021	NA	15025	153	2.58029417	152	0	22.0	mappable	NA	NA	identical	0.0329242653	1.0	0.210405564403	0.14414334	1.14414334	36499997	36500006	36509998	36520044	NA	missing	329404.0	NA	1.1651	NA	NA	NA	NA	NA	NA	NA	NA	NA	NA	4107559
22	36515021	51179984	NA	14664968	219994	2.00343188	219053	9793	26674.0	mappable	0.089	2.0	edge	0.00251230795	9.31706e-05	0.00212873835	0.08401289	0.08410606	36509998	36520044	51179984	51179984	0.17778675	1	319570.03	16.677304	0.9535939	NA	NA	0.0	1.001715941	1.00171594	1	1	1:1	2	neutral	4107559
23	2700027	42802546	NA	40102520	384171	1.99204414	384171	430	23092.0	mappable	0.160925	NA	NA	NA	NA	NA	NA	NA	2700027	2700027	42802514	42802546	0.34417765	2	287426.64	11.893516	1.6798	NA	NA	NA	NA	NA	2	NA	2	2	gain	4107559
23	42802547	42802559	CTX	13	0	0.0	0	0	NA	mappable	NA	NA	NA	NA	NA	NA	NA	NA	42802547	42802547	42802559	42802559	NA	missing	NA	NA	0.0	NA	NA	0.0	0.0	0.0	0	0	0	0	homozygousDel	4107559
23	42802560	58499983	CTX	15697424	105473	2.00949952	105473	99	6403.0	mappable	0.27395	NA	NA	NA	NA	NA	NA	NA	42802560	42802569	58499983	58499983	NA	missing	280220.03	14.011001	1.6926	NA	NA	NA	NA	NA	2	NA	2	2	gain	4107559
23	61750000	88459980	NA	26709981	245318	1.98222549	245318	264	14195.0	mappable	0.34245	NA	NA	NA	NA	NA	NA	NA	61750000	61750000	88459980	88459980	0.18669252	1	284872.6	11.691964	1.6726	NA	NA	NA	NA	NA	2	NA	2	2	gain	4107559
23	88990017	89349936	NA	359920	1090	1.86822006	1090	0	65.0	mappable	NA	NA	NA	NA	NA	NA	NA	NA	88990017	88990017	89349936	89349936	NA	missing	283762.16	NA	1.589	NA	NA	NA	NA	NA	2	NA	2	2	gain	4107559
23	89349937	90140198	NA	790262	0	0.0	0	0	NA	mappable	NA	NA	NA	NA	NA	NA	NA	NA	89349937	89349937	90140198	90140198	NA	missing	NA	NA	0.0	NA	NA	0.0	0.0	0.0	0	0	0	0	homozygousDel	4107559
23	90140199	91529952	NA	1389754	5095	1.90667644	5095	6	284.0	mappable	0.048649075	NA	NA	NA	NA	NA	NA	NA	90140199	90140199	91529952	91529952	NA	missing	284966.59	15.6267	1.6172	NA	NA	NA	NA	NA	2	NA	2	2	gain	4107559
23	91529953	92379999	NA	850047	0	0.0	0	0	NA	mappable	NA	NA	NA	NA	NA	NA	NA	NA	91529953	91529953	92379999	92379999	NA	missing	NA	NA	0.0	NA	NA	0.0	0.0	0.0	0	0	0	0	homozygousDel	4107559
23	92380000	92568930	NA	188931	2166	1.90476726	2166	2	94.0	mappable	0.5	NA	NA	NA	NA	NA	NA	NA	92380000	92380000	92568798	92568930	NA	missing	286778.71	21.508404	1.6158	NA	NA	NA	NA	NA	2	NA	2	2	gain	4107559
23	92568931	92579111	DUP	10181	95	2.73717053	95	0	4.0	mappable	NA	NA	NA	NA	NA	NA	NA	NA	92568931	92568988	92579090	92579111	NA	missing	357920.23	NA	2.2262	NA	NA	NA	NA	NA	3	NA	3	3	gain	4107559
23	92579112	132329886	DUP	39750775	360530	1.9812709	360530	356	21247.0	mappable	0.160925	NA	NA	NA	NA	NA	NA	NA	92579112	92579114	132329734	132330038	0.28740065	1	287586.41	12.253416	1.6719	NA	NA	NA	NA	NA	2	NA	2	2	gain	4107559
23	132329886	132350069	NA	20184	190	2.13823292	190	0	10.0	mappable	NA	NA	NA	NA	NA	NA	NA	NA	132329734	132330038	132349945	132350069	NA	missing	269045.42	NA	1.787	NA	NA	NA	NA	NA	2	NA	2	2	gain	4107559
23	132350070	145124575	NA	12774506	115888	1.9196316	115888	122	6762.0	mappable	0.291075	NA	NA	NA	NA	NA	NA	NA	132350070	132350194	145124506	145124575	NA	missing	275768.41	11.693641	1.6267	NA	NA	NA	NA	NA	2	NA	2	2	gain	4107559
23	145124576	145125694	DEL	1119	39	1.90258534	39	2	6.0	mappable	0.568181818	NA	NA	NA	NA	NA	NA	NA	145124576	145124591	145125547	145125694	NA	missing	270813.3	7.69356	1.6142	NA	NA	NA	NA	NA	2	NA	2	2	gain	4107559
23	145125695	154929639	DEL	9803945	86038	1.99968087	86038	98	4982.0	mappable	0.13695	NA	NA	NA	NA	NA	NA	NA	145125695	145125834	154929639	154929639	NA	missing	273194.18	13.406752	1.6854	NA	NA	NA	NA	NA	2	NA	2	2	gain	4107559
24	2653090	2919837	NA	266748	292	1.13332144	292	0	14.0	mappable	NA	NA	NA	NA	NA	NA	NA	NA	2653090	2653090	2919837	2919837	NA	missing	170404.52	NA	1.0501	NA	NA	NA	NA	NA	1	NA	1	1	neutral	4107559
24	3712028	3719919	NA	7892	141	1.04713551	141	0	3.0	mappable	NA	NA	NA	NA	NA	NA	NA	NA	3712028	3712028	3719919	3719919	NA	missing	169695.7	NA	0.9869	NA	NA	NA	NA	NA	1	NA	1	1	neutral	4107559
24	6420014	10069977	NA	3649964	6070	0.98767814	6070	30	463.0	mappable	0.0642	NA	NA	NA	NA	NA	NA	NA	6420014	6420014	10069977	10069977	NA	missing	142686.08	6.485731	0.9433	NA	NA	NA	NA	NA	1	NA	1	1	neutral	4107559
24	13130467	19558992	NA	6428526	11879	1.02408896	11879	150	1073.0	mappable	0.13695	NA	NA	NA	NA	NA	NA	NA	13130467	13130467	19558992	19558992	0.32194972	2	175349.77	7.435504	0.97	NA	NA	NA	NA	NA	1	NA	1	1	neutral	4107559
24	20802956	23808171	NA	3005216	2835	1.07577324	2837	4	160.0	mappable	0.290316667	NA	NA	NA	NA	NA	NA	NA	20802956	20802956	23808171	23808171	NA	missing	162913.43	5.769851	1.0079	NA	NA	NA	NA	NA	1	NA	1	1	neutral	4107559
24	24381338	24508205	NA	126868	227	1.05027203	227	1	14.0	mappable	0.714285714	NA	NA	NA	NA	NA	NA	NA	24381338	24381338	24508205	24508205	NA	missing	161979.5	2.313993	0.9892	NA	NA	NA	NA	NA	1	NA	1	1	neutral	4107559
24	28780461	28789809	NA	9349	78	0.99395116	78	12	9.0	mappable	0.417942543	NA	NA	NA	NA	NA	NA	NA	28780461	28780461	28789809	28789809	NA	missing	251465.7	8.685806	0.9479	NA	NA	NA	NA	NA	1	NA	1	1	neutral	4107559
