#chromosome	start	end	crest	length	tcnNbrOfLoci	tcnMean	tcnNbrOfSNPs	tcnNbrOfHets	dhNbrOfLoci	map	dhMax	cluster	neighbour	distDH	errorSNP	distTcn	errorLength	totalError	minStart	maxStart	minStop	maxStop	area	peaks	meanCovT	meanCovB	tcnMeanRaw	AF	BAF	dhMean	c1Mean	c2Mean	A	B	genotype	TCN	GNL	PID
1	840009	12839977	NA	11999975	171793	1.9167545	170721	8035	16839.0	mappable	0.089	5.0	edge	0.00832835054	0.00010980564	0.01331706723	0.08504657	0.08515637	840009	840009	12839977	12839977	0.17308322	1	373476.7	19.41499	1.0077247	NA	NA	0.0	0.95837725	0.9583772	1	1	1:1	2	neutral	4113140
1	13780016	60339934	NA	46559926	587694	1.9167545	585564	24002	54001.0	mappable	0.08215	5.0	NA	0.00219816463	3.826726e-05	0.00749122204	0.07851578	0.07855405	13780016	13780016	60339829	60340039	0.16496004	1	373476.7	19.41499	1.0077247	NA	NA	0.0	0.95837725	0.9583772	1	1	1:1	2	neutral	4113140
1	60339934	60359949	NA	20016	289	2.2211521	289	0	21.0	mappable	NA	NA	NA	NA	inf	0.0660067143	0.13996912	inf	60339829	60340039	60359872	60359949	NA	missing	380163.8	NA	1.0717	NA	NA	NA	NA	NA	NA	NA	NA	NA	NA	4113140
1	60359950	120529963	NA	60170019	804367	1.9167545	801760	32980	67102.0	mappable	0.078725	5.0	NA	0.00107259471	2.810015e-05	0.00423148234	0.07739177	0.07741987	60359950	60360027	120529963	120529963	0.15154033	1	373476.7	19.41499	1.0077247	NA	NA	0.0	0.95837725	0.9583772	1	1	1:1	2	neutral	4113140
1	121220004	121229986	NA	9983	177	1.8742903	177	0	8.0	mappable	NA	NA	NA	NA	inf	0.0068932857	0.15054281	inf	121220004	121220004	121229986	121229986	NA	missing	362808.0	NA	0.9988	NA	NA	NA	NA	NA	NA	NA	NA	NA	NA	4113140
1	144010127	144019970	NA	9844	155	1.8814089	90	0	10.0	mappable	NA	3.0	NA	0.25234516466	0.01538461538	0.0100067143	0.15077238	0.166157	144010127	144010127	144019970	144019970	NA	missing	322672.9	NA	1.0002961	NA	NA	NA	NA	NA	NA	NA	NA	NA	NA	4113140
1	144920087	145739956	NA	819870	6370	1.9167545	5785	152	596.0	mappable	0.07835338	5.0	self	0.01954041289	0.0013568521	0.0087067143	0.10180689	0.10316374	144920087	144920087	145739956	145739956	0.1329354	1	373476.7	19.41499	1.0077247	NA	NA	0.0	0.95837725	0.9583772	1	1	1:1	2	neutral	4113140
1	146540101	147829895	NA	1289795	11663	1.9167545	11624	733	981.0	mappable	0.08923409	5.0	self	0.00705784582	0.00129533679	0.0028932857	0.09852843	0.09982376	146540101	146540101	147829895	147829895	0.12704068	1	373476.7	19.41499	1.0077247	NA	NA	0.0	0.95837725	0.9583772	1	1	1:1	2	neutral	4113140
1	149815060	228761034	NA	78945981	1049303	1.9167545	1045703	46528	89306.0	mappable	0.078725	5.0	self	0.00163138928	1.994893e-05	0.0039293701	0.07623589	0.07625584	149815060	149815060	228739797	228761034	0.16535104	1	373476.7	19.41499	1.0077247	NA	NA	0.0	0.95837725	0.9583772	1	1	1:1	2	neutral	4113140
1	228795008	249209945	NA	20414938	293762	1.9167545	292472	14671	25706.0	mappable	0.078725	5.0	edge	0.00044951248	6.265272e-05	0.0032932857	0.08236173	0.08242439	228795008	228800061	249209945	249209945	0.16151423	1	373476.7	19.41499	1.0077247	NA	NA	0.0	0.95837725	0.9583772	1	1	1:1	2	neutral	4113140
2	20016	87059860	NA	87039849	1310294	1.9167545	1306024	60250	110632.0	mappable	0.08215	5.0	edge	0.00018645284	1.549907e-05	0.00326230373	0.07582889	0.07584439	20016	20016	87059860	87059860	0.14491451	1	373476.7	19.41499	1.0077247	NA	NA	0.0	0.95837725	0.9583772	1	1	1:1	2	neutral	4113140
2	88330099	89094923	NA	764825	9473	1.9167545	9424	405	855.0	mappable	0.07792661	5.0	self	0.00530048752	0.00220264317	0.0093067143	0.10232916	0.10453181	88330099	88330099	89059837	89130009	0.21315509	1	373476.7	19.41499	1.0077247	NA	NA	0.0	0.95837725	0.9583772	1	1	1:1	2	neutral	4113140
2	89094923	89160116	NA	65194	775	0.1737637	775	24	58.0	mappable	0.12447453	NA	NA	0.04277404079	0.04166666667	0.3642932857	0.125059	0.16672567	89059837	89130009	89160113	89160116	NA	missing	241222.2	12.60565	0.6414	NA	NA	NA	NA	NA	NA	NA	NA	NA	NA	4113140
2	89160117	89229990	DEL	69874	1629	1.0910917	1626	7	157.0	mappable	0.11000776	2.0	NA	0.12146761593	0.1	0.1745932857	0.12428174	0.22428174	89160117	89160121	89229990	89229990	NA	missing	323388.6	19.585005	0.834195	NA	NA	NA	NA	NA	NA	NA	NA	NA	NA	4113140
2	89229991	89442056	NA	212066	0	0.0	0	0	NA	mappable	NA	NA	NA	NA	inf	1.0056932857	0.11303168	inf	89229991	89229991	89442056	89442056	NA	missing	NA	NA	0.0	NA	NA	0.0	0.0	0.0	0	0	NA	0	homozygousDel	4113140
2	89840102	90239998	NA	399897	914	1.9167545	904	16	82.0	mappable	0.062925	5.0	NA	0.03280763037	0.03846153846	0.0007932857	0.10747332	0.14593486	89840102	89840102	90239998	90239998	NA	missing	373476.7	19.41499	1.0077247	NA	NA	NA	NA	NA	NA	NA	NA	NA	NA	4113140
2	95580145	96239991	NA	659847	4435	1.9167545	4424	38	412.0	mappable	0.08038214	5.0	NA	0.00724236963	0.02040816327	0.0146067143	0.10345663	0.12386479	95580145	95580145	96239991	96239991	NA	missing	373476.7	19.41499	1.0077247	NA	NA	NA	NA	NA	NA	NA	NA	NA	NA	4113140
2	96239992	96740020	NA	500029	0	0.0	0	0	NA	mappable	NA	NA	NA	NA	inf	1.0056932857	0.10564318	inf	96239992	96239992	96740020	96740020	NA	missing	NA	NA	0.0	NA	NA	0.0	0.0	0.0	0	0	NA	0	homozygousDel	4113140
2	96740021	105945188	NA	9205169	114411	1.9167545	114069	4232	9911.0	mappable	0.08088333	5.0	NA	0.00059107669	0.00021862702	0.00768807798	0.08645279	0.08667142	96740021	96740021	105945128	105945188	0.15437925	1	373476.7	19.41499	1.0077247	NA	NA	0.0	0.95837725	0.9583772	1	1	1:1	2	neutral	4113140
2	105945189	105950238	DEL	5050	62	1.585001	62	0	4.0	mappable	NA	NA	NA	NA	inf	0.0676932857	0.1625743	inf	105945189	105945225	105950224	105950238	NA	missing	326507.8	NA	0.938	NA	NA	NA	NA	NA	NA	NA	NA	NA	NA	4113140
2	105950239	132189994	DEL	26239756	333663	1.9167545	332683	14443	28229.0	mappable	0.08215	5.0	NA	0.00044951248	6.483823e-05	0.0012067143	0.08115154	0.08121638	105950239	105950244	132189994	132189994	0.15235175	1	373476.7	19.41499	1.0077247	NA	NA	0.0	0.95837725	0.9583772	1	1	1:1	2	neutral	4113140
2	132189995	133009999	NA	820005	0	0.0	0	0	NA	mappable	NA	NA	NA	NA	inf	1.0056932857	0.10180566	inf	132189995	132189995	133009999	133009999	NA	missing	NA	NA	0.0	NA	NA	0.0	0.0	0.0	0	0	NA	0	homozygousDel	4113140
2	133010000	242999969	NA	109989979	1503085	1.9167545	1497688	69778	125611.0	mappable	0.078725	5.0	edge	0.00113316204	1.330265e-05	0.00825513624	0.07487048	0.07488379	133010000	133010000	242999969	242999969	0.15280588	1	373476.7	19.41499	1.0077247	NA	NA	0.0	0.95837725	0.9583772	1	1	1:1	2	neutral	4113140
3	100074	21190422	NA	21090354	331882	1.9167545	330647	16369	27856.0	mappable	0.08215	5.0	edge	0.00059984696	5.68085e-05	0.00090151094	0.08220277	0.08225958	100074	100074	21190368	21190422	0.15136431	1	373476.7	19.41499	1.0077247	NA	NA	0.0	0.95837725	0.9583772	1	1	1:1	2	neutral	4113140
3	21190423	21200018	DEL	9596	142	1.09968	142	0	7.0	mappable	NA	NA	NA	NA	inf	0.1696932857	0.15119195	inf	21190423	21190453	21199974	21200018	NA	missing	337093.3	NA	0.836	NA	NA	NA	NA	NA	NA	NA	NA	NA	NA	4113140
3	21200019	21300099	DEL	100081	1284	1.0910917	1284	37	102.0	mappable	0.21429962	2.0	NA	0.1325991337	0.02702702703	0.1766932857	0.12040353	0.14743056	21200019	21200037	21300034	21300099	0.77788227	2	323388.6	19.585005	0.834195	19.87213	0.8842147	0.7684293	0.12633241	0.9647593	1	0	1:0	1	LOH	4113140
3	21300100	21300310	INV	211	6	2.1550152	6	0	1.0	mappable	NA	NA	NA	NA	inf	0.0521067143	0.25903048	inf	21300100	21300108	21300281	21300310	NA	missing	415151.0	NA	1.0578	NA	NA	NA	NA	NA	NA	NA	NA	NA	NA	4113140
3	21300311	60285899	DEL	38985592	529117	1.9167545	527471	24228	45492.0	mappable	0.078725	5.0	NA	0.00328573179	3.864884e-05	0.00254681545	0.07931334	0.07935199	21300311	21300318	60285895	60285899	0.14888728	1	373476.7	19.41499	1.0077247	NA	NA	0.0	0.95837725	0.9583772	1	1	1:1	2	neutral	4113140
3	60285900	60387751	DEL	101852	2192	1.0910917	2183	85	182.0	mappable	0.08167895	2.0	identical	0.09853372301	0.01063829787	0.1753932857	0.12022038	0.13085868	60285900	60285993	60387693	60387751	0.65021982	2	323388.6	19.585005	0.834195	19.87213	0.8842147	0.7684293	0.12633241	0.9647593	1	0	1:0	1	LOH	4113140
3	60387752	60814915	DEL	427164	8273	1.9167545	8231	463	659.0	mappable	0.07358816	5.0	self	0.00735048752	0.00198019802	0.0160932857	0.10692654	0.10890674	60387752	60387767	60814907	60814915	0.1256727	1	373476.7	19.41499	1.0077247	NA	NA	0.0	0.95837725	0.9583772	1	1	1:1	2	neutral	4113140
3	60814916	60972483	DEL	157568	2285	1.0910917	2275	144	173.0	mappable	0.16443571	2.0	identical	0.10046022677	0.00649350649	0.1708932857	0.11583717	0.12233068	60814916	60815024	60972473	60972483	0.50264458	2	323388.6	19.585005	0.834195	19.87213	0.8842147	0.7684293	0.12633241	0.9647593	1	0	1:0	1	LOH	4113140
3	60972484	75519996	DEL	14547513	219261	1.9167545	218590	8812	18672.0	mappable	0.07936667	5.0	self	0.00044951248	0.00010545186	0.0047932857	0.08405385	0.0841593	60972484	60972486	75279989	75760003	0.15526333	1	373476.7	19.41499	1.0077247	NA	NA	0.0	0.95837725	0.9583772	1	1	1:1	2	neutral	4113140
3	75519996	75789998	NA	270003	2566	1.6352783	2549	0	113.0	mappable	NA	1.0	NA	0.01790048752	0.05882352941	0.0519932857	0.11084867	0.1696722	75279989	75760003	75789984	75790012	NA	missing	314960.4	NA	0.9485668	NA	NA	NA	NA	NA	NA	NA	NA	NA	NA	4113140
3	75789998	76040006	NA	250009	1009	2.4975705	995	10	46.0	mappable	0.16136212	8.0	NA	0.00570048752	0.04166666667	0.0755067143	0.11153482	0.15320148	75789984	75790012	76039810	76040006	NA	missing	420036.2	22.575099	1.1297949	NA	NA	NA	NA	NA	NA	NA	NA	NA	NA	4113140
3	76040007	80586195	NA	4546190	65909	1.9167545	65662	2744	5271.0	mappable	0.0753	5.0	self	0.00534185166	0.00033433634	0.0061445746	0.09043134	0.09076568	76040007	76040203	80586180	80586195	0.13392413	1	373476.7	19.41499	1.0077247	NA	NA	0.0	0.95837725	0.9583772	1	1	1:1	2	neutral	4113140
3	80586196	90499969	CTX	9913778	140417	1.9167545	140012	7178	10907.0	mappable	0.078725	5.0	self	0.00366841646	0.00013187393	0.00411919783	0.0860548	0.08618668	80586196	80586202	90499969	90499969	0.13920921	1	373476.7	19.41499	1.0077247	NA	NA	0.0	0.95837725	0.9583772	1	1	1:1	2	neutral	4113140
3	93570175	125389944	NA	31819773	440088	1.9167545	438727	17987	36205.0	mappable	0.078725	5.0	NA	0.00169715158	5.168493e-05	0.0081021184	0.08024581	0.08029749	93570175	93570175	125389875	125390013	0.14687343	1	373476.7	19.41499	1.0077247	NA	NA	0.0	0.95837725	0.9583772	1	1	1:1	2	neutral	4113140
3	125389944	125730013	NA	340070	355	1.5669204	355	0	43.0	mappable	NA	NA	NA	NA	inf	0.0714932857	0.10884074	inf	125389875	125390013	125729968	125730058	NA	missing	321183.9	NA	0.9342	NA	NA	NA	NA	NA	NA	NA	NA	NA	NA	4113140
3	125730013	137669987	NA	11939975	153305	1.9167545	152816	6875	13292.0	mappable	0.08215	5.0	NA	0.00044951248	0.00013579576	9.32857e-05	0.08507273	0.08520852	125729968	125730058	137669950	137670024	0.13642059	1	373476.7	19.41499	1.0077247	NA	NA	0.0	0.95837725	0.9583772	1	1	1:1	2	neutral	4113140
3	137669987	137680003	NA	10017	166	1.4351224	166	0	18.0	mappable	NA	NA	NA	NA	inf	0.0991932857	0.15048725	inf	137669950	137670024	137679972	137680003	NA	missing	363158.6	NA	0.9065	NA	NA	NA	NA	NA	NA	NA	NA	NA	NA	4113140
3	137680004	187462759	NA	49782759	672072	1.9167545	669963	31127	55806.0	mappable	0.078725	5.0	NA	0.00304246866	3.008876e-05	0.00810851232	0.07821928	0.07824937	137680004	137680035	187462758	187462759	0.14306742	1	373476.7	19.41499	1.0077247	NA	NA	0.0	0.95837725	0.9583772	1	1	1:1	2	neutral	4113140
3	187462760	187462902	CTX	143	5	1.2857197	5	0	0.0	mappable	NA	NA	NA	NA	inf	0.1305932857	0.27933463	inf	187462760	187462791	187462890	187462902	NA	missing	285339.0	NA	0.8751	NA	NA	NA	NA	NA	NA	NA	NA	NA	NA	4113140
3	187462903	194269993	CTX	6807091	109283	1.0910917	108861	6008	8932.0	mappable	0.188325	2.0	NA	0.10319951248	0.000155521	0.1677932857	0.08811113	0.08826665	187462903	187462907	194269986	194269993	0.68402907	2	323388.6	19.585005	0.834195	19.87213	0.8842147	0.7684293	0.12633241	0.9647593	1	0	1:0	1	LOH	4113140
3	194269994	194315016	NA	45023	567	1.6881854	564	22	43.0	mappable	0.2202	7.0	NA	0.10559951248	0.04	0.0996932857	0.12937971	0.16937971	194269994	194270001	194309963	194320069	NA	missing	382251.1	21.679572	0.9596863	NA	NA	NA	NA	NA	NA	NA	NA	NA	NA	4113140
3	194315016	194870679	NA	555664	10026	0.9950029	9951	745	890.0	mappable	0.2414125	NA	NA	0.15799951248	0.0012195122	0.1916932857	0.10480064	0.10602015	194309963	194320069	194870660	194870679	0.69424946	2	266249.6	16.27081	0.814	16.76686	0.9325003	0.8650006	0.06716238	0.9278405	1	0	1:0	1	LOH	4113140
3	194870680	195861289	INV	990610	10430	1.9167545	10316	310	1079.0	mappable	0.09585	5.0	self	0.01414951248	0.00235849057	0.0017067143	0.1004119	0.10277039	194870680	194870743	195861287	195861289	0.20282056	1	373476.7	19.41499	1.0077247	NA	NA	0.0	0.95837725	0.9583772	1	1	1:1	2	neutral	4113140
3	195861290	197779892	INV	1918604	22933	1.9167545	22814	918	2130.0	mappable	0.07325	5.0	edge	0.00636290314	0.00096432015	0.01091258357	0.09582387	0.09678819	195861290	195861290	197779892	197779892	0.16573347	1	373476.7	19.41499	1.0077247	NA	NA	0.0	0.95837725	0.9583772	1	1	1:1	2	neutral	4113140
4	50084	8939952	NA	8889871	145401	1.9167545	144469	6544	13924.0	mappable	0.085575	5.0	edge	0.00509172832	0.00013376137	0.0047009906	0.08664111	0.08677487	50084	50084	8939952	8939952	0.16937041	1	373476.7	19.41499	1.0077247	NA	NA	0.0	0.95837725	0.9583772	1	1	1:1	2	neutral	4113140
4	9800043	49089961	NA	39289923	598849	1.9167545	596890	29059	48475.0	mappable	0.078725	5.0	self	0.0029790642	3.223934e-05	0.0024894248	0.07927807	0.07931031	9800043	9800043	49089961	49089961	0.13900229	1	373476.7	19.41499	1.0077247	NA	NA	0.0	0.95837725	0.9583772	1	1	1:1	2	neutral	4113140
4	52680564	87190539	NA	34509979	482085	1.9167545	480498	24014	38645.0	mappable	0.078725	5.0	self	0.00329103292	3.906097e-05	0.00826516747	0.07987058	0.07990964	52680564	52680564	87190475	87190539	0.1504582	1	373476.7	19.41499	1.0077247	NA	NA	0.0	0.95837725	0.9583772	1	1	1:1	2	neutral	4113140
4	87190540	96169997	DEL	8979458	117824	1.0910917	117492	5592	9580.0	mappable	0.174425	2.0	NA	0.09292451248	0.00016880486	0.1723932857	0.08658685	0.08675565	87190540	87190578	96169894	96170100	0.69550446	2	323388.6	19.585005	0.834195	19.87213	0.8842147	0.7684293	0.12633241	0.9647593	1	0	1:0	1	LOH	4113140
4	96169997	96180016	NA	10020	150	1.6668394	144	0	16.0	mappable	NA	NA	NA	0.13667549288	0.16666666667	0.0504932857	0.15048235	0.31714902	96169894	96170100	96179976	96180016	NA	missing	316650.0	NA	0.9552	NA	NA	NA	NA	NA	NA	NA	NA	NA	NA	4113140
4	96180017	102542328	NA	6362312	84587	1.0910917	84297	5396	6547.0	mappable	0.1575	2.0	NA	0.07237451248	0.00017587056	0.1716932857	0.08849119	0.08866706	96180017	96180057	102542268	102542328	0.67058333	2	323388.6	19.585005	0.834195	19.87213	0.8842147	0.7684293	0.12633241	0.9647593	1	0	1:0	1	LOH	4113140
4	102542329	115639933	DEL	13097605	168791	1.9167545	168320	6105	13766.0	mappable	0.078725	5.0	NA	0.00303406923	0.00015206813	0.01215291048	0.08459235	0.08474442	102542329	102542457	115639842	115639933	0.16207858	1	373476.7	19.41499	1.0077247	NA	NA	0.0	0.95837725	0.9583772	1	1	1:1	2	neutral	4113140
4	115639934	115659952	NA	20019	273	2.2254343	273	0	24.0	mappable	NA	NA	NA	NA	inf	0.0669067143	0.139967	inf	115639934	115640025	115659887	115659952	NA	missing	402502.4	NA	1.0726	NA	NA	NA	NA	NA	NA	NA	NA	NA	NA	4113140
4	115659953	128040029	NA	12380077	170888	1.9167545	170419	7114	13521.0	mappable	0.0753	5.0	NA	0.00297548752	0.00013187393	0.00272162582	0.08488418	0.08501605	115659953	115660018	128039964	128040094	0.164488	1	373476.7	19.41499	1.0077247	NA	NA	0.0	0.95837725	0.9583772	1	1	1:1	2	neutral	4113140
4	128040029	128069884	NA	29856	389	2.2877648	389	0	38.0	mappable	NA	NA	NA	NA	inf	0.0800067143	0.13453759	inf	128039964	128040094	128069769	128069884	NA	missing	411522.1	NA	1.0857	NA	NA	NA	NA	NA	NA	NA	NA	NA	NA	4113140
4	128069885	133849943	NA	5780059	71864	1.9167545	71715	2572	5835.0	mappable	0.07167222	5.0	NA	0.00640048752	0.00036751194	0.0047067143	0.08903668	0.08940419	128069885	128070000	133849886	133849943	0.14407983	1	373476.7	19.41499	1.0077247	NA	NA	0.0	0.95837725	0.9583772	1	1	1:1	2	neutral	4113140
4	133849944	133859966	NA	10023	194	1.6352783	194	2	18.0	mappable	0.15824701	1.0	NA	0.00874859534	0.5	0.0747932857	0.15047746	0.65047746	133849944	133850001	133859919	133859966	NA	missing	314960.4	17.257586	0.9485668	NA	NA	NA	NA	NA	NA	NA	NA	NA	NA	4113140
4	133870408	190799944	NA	56929549	821974	1.9167545	818447	42112	67520.0	mappable	0.078725	5.0	edge	0.00203808622	2.191108e-05	0.00385275724	0.07763169	0.0776536	133870408	133871279	190799944	190799944	0.14034309	1	373476.7	19.41499	1.0077247	NA	NA	0.0	0.95837725	0.9583772	1	1	1:1	2	neutral	4113140
5	50017	23841088	NA	23791076	363409	1.9167545	361781	20180	30645.0	mappable	0.08215	5.0	edge	0.00074404588	4.585683e-05	0.00309348135	0.0816196	0.08166546	50017	50017	23841032	23841088	0.15753473	1	373476.7	19.41499	1.0077247	NA	NA	0.0	0.95837725	0.9583772	1	1	1:1	2	neutral	4113140
5	23841089	23848717	DUP	7629	117	2.4975705	111	0	15.0	mappable	NA	8.0	identical	0.03101715418	0.16666666667	0.0708067143	0.15507148	0.32173814	23841089	23841154	23848445	23848717	NA	missing	420036.2	NA	1.1297949	NA	NA	NA	NA	NA	NA	NA	NA	NA	NA	4113140
5	23848718	41289990	DUP	17441280	252688	1.9167545	251702	12961	20417.0	mappable	0.07937045	5.0	NA	0.00217990321	7.170001e-05	0.00285773611	0.08313933	0.08321103	23848718	23848861	41289951	41289990	0.15033288	1	373476.7	19.41499	1.0077247	NA	NA	0.0	0.95837725	0.9583772	1	1	1:1	2	neutral	4113140
5	41289991	41310091	NA	20101	324	2.1650071	324	0	23.0	mappable	NA	NA	NA	NA	inf	0.0542067143	0.13990926	inf	41289991	41290030	41309877	41310091	NA	missing	386109.7	NA	1.0599	NA	NA	NA	NA	NA	NA	NA	NA	NA	NA	4113140
5	41310092	46399990	NA	5089899	72503	1.9167545	72138	3293	5656.0	mappable	0.07721364	5.0	NA	0.00128912388	0.00027337343	0.0022067143	0.08976981	0.09004318	41310092	41310306	46399990	46399990	0.13894608	1	373476.7	19.41499	1.0077247	NA	NA	0.0	0.95837725	0.9583772	1	1	1:1	2	neutral	4113140
5	49470005	68829703	NA	19359700	256471	1.9167545	255539	12138	20862.0	mappable	0.081125	5.0	self	0.00285442723	7.651109e-05	0.00682748273	0.08262225	0.08269877	49470005	49470005	68829703	68829703	0.14685885	1	373476.7	19.41499	1.0077247	NA	NA	0.0	0.95837725	0.9583772	1	1	1:1	2	neutral	4113140
5	70750153	84270004	NA	13519856	181859	1.9167545	181288	8997	15058.0	mappable	0.076725	5.0	self	0.00312433875	0.00010451505	0.00696536303	0.08442888	0.0845334	70750153	70750153	84269994	84270004	0.14655664	1	373476.7	19.41499	1.0077247	NA	NA	0.0	0.95837725	0.9583772	1	1	1:1	2	neutral	4113140
5	84270005	84280022	NA	10018	195	2.6864893	189	32	17.0	mappable	0.04113571	NA	identical	0.03034215418	0.02631578947	0.1638067143	0.15048561	0.1768014	84270005	84270015	84279992	84280022	NA	missing	448618.3	23.22512	1.1695	NA	NA	NA	NA	NA	NA	NA	NA	NA	NA	4113140
5	84280023	180689979	NA	96409967	1347574	1.9167545	1343516	59269	112221.0	mappable	0.078725	5.0	edge	0.00158522864	1.57913e-05	0.00420380232	0.07540716	0.07542296	84280023	84280053	180689979	180689979	0.148968	1	373476.7	19.41499	1.0077247	NA	NA	0.0	0.95837725	0.9583772	1	1	1:1	2	neutral	4113140
6	201976	20460059	NA	20258085	304130	1.9167545	302798	14115	27035.0	mappable	0.08215	5.0	edge	0.00119181205	6.473749e-05	0.00605635623	0.08239949	0.08246423	201976	201976	20459962	20460059	0.14825703	1	373476.7	19.41499	1.0077247	NA	NA	0.0	0.95837725	0.9583772	1	1	1:1	2	neutral	4113140
6	20460060	20479998	NA	19939	310	1.5407511	310	0	25.0	mappable	NA	NA	NA	NA	inf	0.0769932857	0.14002361	inf	20460060	20460157	20479987	20479998	NA	missing	331625.4	NA	0.9287	NA	NA	NA	NA	NA	NA	NA	NA	NA	NA	4113140
6	20479999	32420019	NA	11940022	176526	1.9167545	175256	11387	15245.0	mappable	0.08088333	5.0	NA	0.00044951248	7.900766e-05	0.00077316117	0.08507271	0.08515172	20479999	20480010	32419994	32420019	0.17651287	1	373476.7	19.41499	1.0077247	NA	NA	0.0	0.95837725	0.9583772	1	1	1:1	2	neutral	4113140
6	32420020	32480402	NA	60383	1452	1.6881854	1172	97	155.0	mappable	0.14687353	7.0	NA	0.07922451248	0.00265251989	0.0573932857	0.12592988	0.1285824	32420020	32420045	32459999	32480402	0.32486331	1	382251.1	21.679572	0.9596863	NA	NA	0.0	0.84409272	0.8440927	1	1	1:1	2	neutral	4113140
6	32480403	32552289	NA	71887	2121	2.2646335	1695	146	231.0	mappable	0.12100556	6.0	NA	0.06470143556	0.00174825175	0.0833067143	0.1239661	0.12571435	32480403	32500806	32552288	32552290	0.45918499	2	511252.3	29.150393	1.0808385	24.24721	0.659361	0.318722	0.7714225	1.493211	sub	1	sub:1	sub	sub	4113140
6	32552289	42004964	NA	9452677	146510	1.9167545	144846	7685	12908.0	mappable	0.08215	5.0	self	0.00307891177	0.00010696331	0.00065206804	0.08630998	0.08641694	32552288	32552290	41999809	42004964	0.2113547	1	373476.7	19.41499	1.0077247	NA	NA	0.0	0.95837725	0.9583772	1	1	1:1	2	neutral	4113140
6	42004965	42050080	NA	45116	454	2.365321	454	7	52.0	mappable	0.27085303	NA	NA	0.18915254279	0.14285714286	0.0963067143	0.1293548	0.27221194	42004965	42010120	42039997	42060163	NA	missing	350369.7	19.041832	1.102	NA	NA	NA	NA	NA	NA	NA	NA	NA	NA	4113140
6	42050080	42149944	NA	99865	787	1.6352783	783	63	87.0	mappable	0.11025	1.0	NA	0.02854951248	0.01492537313	0.0763932857	0.12042613	0.1353515	42039997	42060163	42149875	42150013	0.29013813	1	314960.4	17.257586	0.9485668	NA	NA	0.0	0.81763916	0.8176392	1	1	1:1	2	neutral	4113140
6	42149944	58019982	NA	15870040	226714	1.9167545	224477	10445	19384.0	mappable	0.08165588	5.0	self	0.00034459707	7.885192e-05	0.00034455956	0.08361273	0.08369158	42149875	42150013	58019982	58019982	0.14603487	1	373476.7	19.41499	1.0077247	NA	NA	0.0	0.95837725	0.9583772	1	1	1:1	2	neutral	4113140
6	58610011	58769997	NA	159987	572	1.6352783	568	39	45.0	mappable	0.06468333	1.0	NA	0.01705882085	0.02325581395	0.0507932857	0.11568989	0.1389457	58610011	58610011	58769997	58769997	0.19796986	1	314960.4	17.257586	0.9485668	NA	NA	0.0	0.81763916	0.8176392	1	1	1:1	2	neutral	4113140
6	61890002	69622854	NA	7732853	117132	1.9167545	116702	5841	8994.0	mappable	0.078725	5.0	self	0.00297548752	0.0001594642	0.0014067143	0.08740277	0.08756224	61890002	61890002	69622810	69622854	0.1305587	1	373476.7	19.41499	1.0077247	NA	NA	0.0	0.95837725	0.9583772	1	1	1:1	2	neutral	4113140
6	69622855	92600047	CTX	22977193	314809	1.0910917	313736	16067	25039.0	mappable	0.195175	2.0	NA	0.11689951248	5.834306e-05	0.1689932857	0.08178722	0.08184556	69622855	69622883	92599994	92600047	0.68843458	2	323388.6	19.585005	0.834195	19.87213	0.8842147	0.7684293	0.12633241	0.9647593	1	0	1:0	1	LOH	4113140
6	92600048	92609987	NA	9940	170	1.6352783	169	0	15.0	mappable	NA	1.0	NA	0.0294106236	1.0	0.0636932857	0.15061341	1.15061341	92600048	92600101	92609961	92609987	NA	missing	314960.4	NA	0.9485668	NA	NA	NA	NA	NA	NA	NA	NA	NA	NA	4113140
6	92609988	102615058	NA	10005071	135916	1.0910917	135423	5688	10644.0	mappable	0.16998333	2.0	NA	0.08343166455	0.00016178612	0.16803425513	0.08600586	0.08616765	92609988	92610014	102609999	102615058	0.6866715	2	323388.6	19.585005	0.834195	19.87213	0.8842147	0.7684293	0.12633241	0.9647593	1	0	1:0	1	LOH	4113140
6	102615059	102649965	NA	34907	437	1.6352783	429	26	30.0	mappable	0.09976552	1.0	NA	0.01241761593	0.02941176471	0.1095932857	0.13252731	0.16193908	102615059	102620118	102649925	102649965	NA	missing	314960.4	17.257586	0.9485668	NA	NA	NA	NA	NA	NA	NA	NA	NA	NA	4113140
6	102649966	106370010	NA	3720045	51607	1.0910917	51503	2043	4169.0	mappable	0.17054167	2.0	NA	0.08949951248	0.00046576619	0.1686932857	0.0916301	0.09209587	102649966	102650006	106369964	106370010	0.64115098	2	323388.6	19.585005	0.834195	19.87213	0.8842147	0.7684293	0.12633241	0.9647593	1	0	1:0	1	LOH	4113140
6	106370011	106400015	NA	30005	457	1.3613727	453	0	46.0	mappable	NA	NA	NA	0.23918370221	0.25	0.1146932857	0.13447263	0.38447263	106370011	106370057	106399898	106400015	NA	missing	319318.6	NA	0.891	NA	NA	NA	NA	NA	NA	NA	NA	NA	NA	4113140
6	106400016	115520087	NA	9120073	118426	1.0910917	117997	5341	9984.0	mappable	0.16435	2.0	NA	0.09190235477	0.00017331023	0.17582940615	0.08650289	0.0866762	106400016	106400133	115519996	115520087	0.68560342	2	323388.6	19.585005	0.834195	19.87213	0.8842147	0.7684293	0.12633241	0.9647593	1	0	1:0	1	LOH	4113140
6	115520088	115574998	NA	54911	539	1.3551872	539	10	38.0	mappable	0.25998431	NA	NA	0.17828381931	0.1	0.1159932857	0.127026	0.227026	115520088	115520179	115569978	115574998	NA	missing	359493.9	22.532561	0.8897	NA	NA	NA	NA	NA	NA	NA	NA	NA	NA	4113140
6	115574999	127674999	NA	12100001	162907	1.0910917	162370	7694	13121.0	mappable	0.19175	2.0	NA	0.11004951248	0.00012149192	0.1675932857	0.08500328	0.08512477	115574999	115580019	127669991	127674999	0.71082271	2	323388.6	19.585005	0.834195	19.87213	0.8842147	0.7684293	0.12633241	0.9647593	1	0	1:0	1	LOH	4113140
6	127675000	127709986	NA	34987	409	1.3918242	404	27	27.0	mappable	0.18525463	NA	NA	0.10843284582	0.03125	0.1082932857	0.13249832	0.16374832	127675000	127680008	127709871	127709986	NA	missing	316253.9	18.777575	0.8974	NA	NA	NA	NA	NA	NA	NA	NA	NA	NA	4113140
6	127709987	144630004	NA	16920018	239106	1.0910917	238444	10109	19773.0	mappable	0.195175	2.0	NA	0.11347451248	9.284189e-05	0.1712932857	0.0832909	0.08338374	127709987	127710102	144629945	144630004	0.69349155	2	323388.6	19.585005	0.834195	19.87213	0.8842147	0.7684293	0.12633241	0.9647593	1	0	1:0	1	LOH	4113140
6	144630005	144649998	NA	19994	307	1.3280663	307	3	36.0	mappable	0.10180217	NA	NA	0.02010168176	0.33333333333	0.1216932857	0.13998466	0.473318	144630005	144630064	144649951	144650045	NA	missing	312894.5	17.291539	0.884	NA	NA	NA	NA	NA	NA	NA	NA	NA	NA	4113140
6	144649998	170200013	NA	25550019	383043	1.0910917	381369	19925	33485.0	mappable	0.1438	2.0	NA	0.06321590434	4.630058e-05	0.17624719897	0.08127828	0.08132458	144649951	144650045	170199981	170200013	0.65924546	2	323388.6	19.585005	0.834195	19.87213	0.8842147	0.7684293	0.12633241	0.9647593	1	0	1:0	1	LOH	4113140
6	170200014	170209997	NA	9984	196	1.470332	191	1	26.0	mappable	0.0	NA	NA	0.64434951248	0.16666666667	0.0917932857	0.15054117	0.31720784	170200014	170200046	170209928	170209997	NA	missing	244906.7	12.245335	0.9139	NA	NA	NA	NA	NA	NA	NA	NA	NA	NA	4113140
6	170209998	170700052	NA	490055	8567	1.0910917	8447	337	973.0	mappable	0.17900833	2.0	NA	0.08607451248	0.00218818381	0.1718932857	0.10580564	0.10799382	170209998	170210067	170699997	170700107	0.63861784	2	323388.6	19.585005	0.834195	19.87213	0.8842147	0.7684293	0.12633241	0.9647593	1	0	1:0	1	LOH	4113140
6	170700052	170710005	NA	9954	280	1.4018161	275	13	66.0	mappable	0.17161591	NA	NA	0.25688587612	0.05555555556	0.1061932857	0.15059038	0.20614594	170699997	170700107	170709985	170710025	NA	missing	283660.0	16.761727	0.8995	NA	NA	NA	NA	NA	NA	NA	NA	NA	NA	4113140
6	170710005	170899935	NA	189931	3283	1.0910917	3245	59	353.0	mappable	0.140375	2.0	edge	0.06552451248	0.01030927835	0.1848932857	0.11405685	0.12436612	170709985	170710025	170899935	170899935	0.68679063	2	323388.6	19.585005	0.834195	19.87213	0.8842147	0.7684293	0.12633241	0.9647593	1	0	1:0	1	LOH	4113140
7	40386	819988	NA	779603	14196	2.779747	14086	438	1447.0	mappable	0.122125	NA	edge	0.03469951248	0.00182481752	0.1834067143	0.10218481	0.10400963	40386	40386	819971	820005	0.51366704	2	333585.2	19.062012	1.1891	14.38056	0.6453831	0.2907662	0.98574524	1.7940018	2	1	2:1	3	gain	4113140
7	819988	9773870	NA	8953883	145598	2.8352026	145104	6586	13019.0	mappable	0.10644643	NA	NA	0.022978301	0.00014124294	0.19506186341	0.08660227	0.08674352	819971	820005	9773858	9773870	0.5570017	2	410704.1	23.468806	1.2007551	17.53323	0.6439366	0.2878732	1.0095119	1.8256907	2	1	2:1	3	gain	4113140
7	9773871	20795004	CTX	11021136	191551	1.9167545	191077	9556	14930.0	mappable	0.078725	5.0	self	0.00350270962	9.97009e-05	0.02309723118	0.08549285	0.08559255	9773871	9773962	20789984	20800024	0.12329416	1	373476.7	19.41499	1.0077247	NA	NA	0.0	0.95837725	0.9583772	1	1	1:1	2	neutral	4113140
7	20795004	20809891	NA	14888	173	2.7169408	170	0	18.0	mappable	NA	NA	identical	0.06746552039	0.33333333333	0.1702067143	0.14428076	0.47761409	20789984	20800024	20809757	20810025	NA	missing	398148.3	NA	1.1759	NA	NA	NA	NA	NA	NA	NA	NA	NA	NA	4113140
7	20809891	57989979	NA	37180091	502023	1.9167545	500863	17607	42955.0	mappable	0.08066481	5.0	self	0.00041047027	5.328502e-05	0.01554963643	0.0795291	0.07958239	20809757	20810025	57989927	57989979	0.13920334	1	373476.7	19.41499	1.0077247	NA	NA	0.0	0.95837725	0.9583772	1	1	1:1	2	neutral	4113140
7	57989980	57999988	NA	10009	930	1.6352783	916	0	83.0	mappable	NA	1.0	NA	0.01111223904	0.07142857143	0.0794932857	0.1505003	0.22192887	57989980	57990032	57999988	57999988	NA	missing	314960.4	NA	0.9485668	NA	NA	NA	NA	NA	NA	NA	NA	NA	NA	4113140
7	61835088	72229988	NA	10394904	108965	1.9167545	108183	5095	9650.0	mappable	0.08215	5.0	self	0.00019095761	0.00017015484	0.00255103269	0.08580239	0.08597255	61835088	61870177	72229988	72229988	0.17579875	1	373476.7	19.41499	1.0077247	NA	NA	0.0	0.95837725	0.9583772	1	1	1:1	2	neutral	4113140
7	72750118	74139961	NA	1389844	10248	1.9167545	10188	335	1002.0	mappable	0.0894	5.0	self	0.00882559944	0.00253164557	0.0046067143	0.09800803	0.10053967	72750118	72750118	74139961	74139961	0.29471955	1	373476.7	19.41499	1.0077247	NA	NA	0.0	0.95837725	0.9583772	1	1	1:1	2	neutral	4113140
7	75160045	76059952	NA	899908	8417	1.9167545	8362	327	818.0	mappable	0.095	5.0	self	0.00919341492	0.00261780105	0.0034067143	0.10111521	0.10373301	75160045	75160045	76059952	76059952	0.24151954	1	373476.7	19.41499	1.0077247	NA	NA	0.0	0.95837725	0.9583772	1	1	1:1	2	neutral	4113140
7	76810004	119509470	NA	42699468	553249	1.9167545	551260	23645	45953.0	mappable	0.078725	5.0	self	0.0024025333	3.901069e-05	0.01431245674	0.07890258	0.07894159	76810004	76810004	119509464	119509470	0.14785043	1	373476.7	19.41499	1.0077247	NA	NA	0.0	0.95837725	0.9583772	1	1	1:1	2	neutral	4113140
7	119509471	119569977	DEL	60507	849	1.0354463	845	8	79.0	mappable	0.26481236	NA	identical	0.15191340137	0.08333333333	0.1831932857	0.12590641	0.20923975	119509471	119509517	119569939	119569977	NA	missing	342692.5	20.396794	0.8225	NA	NA	NA	NA	NA	NA	NA	NA	NA	NA	4113140
7	119569978	159119808	DEL	39549833	534553	1.9167545	532248	25060	46838.0	mappable	0.08215	5.0	edge	0.00044849471	3.654704e-05	0.0117565363	0.07924819	0.07928474	119569978	119570040	159119808	159119808	0.1515121	1	373476.7	19.41499	1.0077247	NA	NA	0.0	0.95837725	0.9583772	1	1	1:1	2	neutral	4113140
8	170012	6919904	NA	6749901	193391	1.9167545	192362	11555	16412.0	mappable	0.08215	5.0	edge	0.0016771689	7.94723e-05	0.00609338447	0.08815841	0.08823788	170012	170012	6919904	6919904	0.15605087	1	373476.7	19.41499	1.0077247	NA	NA	0.0	0.95837725	0.9583772	1	1	1:1	2	neutral	4113140
8	8100000	9330116	NA	1230118	27135	1.9167545	27082	684	2473.0	mappable	0.08994758	5.0	self	0.0091128108	0.0013568521	0.01112010659	0.09886129	0.10021814	8100000	8100000	9329992	9330116	0.18451873	1	373476.7	19.41499	1.0077247	NA	NA	0.0	0.95837725	0.9583772	1	1	1:1	2	neutral	4113140
8	9330117	9339976	NA	9860	207	2.7454891	206	19	16.0	mappable	0.1012	NA	identical	0.01409951248	0.05	0.1762067143	0.15074576	0.20074576	9330117	9330241	9339916	9339976	NA	missing	394380.0	21.794684	1.1819	NA	NA	NA	NA	NA	NA	NA	NA	NA	NA	4113140
8	9339977	11859985	NA	2520012	51940	1.9167545	51809	2616	4518.0	mappable	0.085575	5.0	self	0.00514875376	0.00036403349	0.00542369543	0.09405126	0.0944153	9339977	9340037	11859985	11859985	0.14395701	1	373476.7	19.41499	1.0077247	NA	NA	0.0	0.95837725	0.9583772	1	1	1:1	2	neutral	4113140
8	12580042	29830007	NA	17249971	325148	1.9167545	324115	15170	27568.0	mappable	0.08215	5.0	NA	0.00032609921	6.171697e-05	0.00318369069	0.08319436	0.08325608	12580042	12580042	29829994	29830020	0.14025296	1	373476.7	19.41499	1.0077247	NA	NA	0.0	0.95837725	0.9583772	1	1	1:1	2	neutral	4113140
8	29830007	29839980	NA	9974	152	1.4670014	152	0	16.0	mappable	NA	NA	NA	NA	inf	0.0924932857	0.15055755	inf	29829994	29830020	29839950	29840010	NA	missing	339701.1	NA	0.9132	NA	NA	NA	NA	NA	NA	NA	NA	NA	NA	4113140
8	29839980	43789991	NA	13950012	195179	1.9167545	194545	6812	17275.0	mappable	0.08215	5.0	NA	0.00044951248	0.0001343003	0.0035932857	0.08426814	0.08440244	29839950	29840010	43789991	43789991	0.16643247	1	373476.7	19.41499	1.0077247	NA	NA	0.0	0.95837725	0.9583772	1	1	1:1	2	neutral	4113140
8	46880007	59827071	NA	12947069	180046	1.9167545	179657	7016	15132.0	mappable	0.08215	5.0	NA	0.00026735133	0.00013504389	0.00760922254	0.08465206	0.08478711	46880007	46880007	59826818	59827071	0.12515051	1	373476.7	19.41499	1.0077247	NA	NA	0.0	0.95837725	0.9583772	1	1	1:1	2	neutral	4113140
8	59827072	59827078	DEL	7	0	0.0	0	0	NA	mappable	NA	NA	NA	NA	inf	1.0056932857	0.71241437	inf	59827072	59827072	59827078	59827078	NA	missing	NA	NA	0.0	NA	NA	0.0	0.0	0.0	0	0	NA	0	homozygousDel	4113140
8	59827079	59963241	DEL	136163	1971	1.1315589	1970	6	165.0	mappable	0.27042931	NA	NA	0.18850554697	0.14285714286	0.1629932857	0.11726783	0.26012498	59827079	59827094	59963198	59963241	NA	missing	339545.8	21.76155	0.8427	NA	NA	NA	NA	NA	NA	NA	NA	NA	NA	4113140
8	59963242	79578464	DEL	19615225	266208	1.9167545	265383	11739	21796.0	mappable	0.078725	5.0	NA	0.00389064268	7.959249e-05	0.01198156855	0.08255774	0.08263733	59963242	59963264	79578393	79578464	0.1524894	1	373476.7	19.41499	1.0077247	NA	NA	0.0	0.95837725	0.9583772	1	1	1:1	2	neutral	4113140
8	79578465	79579721	DEL	1257	13	1.7115651	13	0	4.0	mappable	NA	NA	NA	NA	inf	0.0410932857	0.19425455	inf	79578465	79578687	79579709	79579721	NA	missing	393088.0	NA	0.9646	NA	NA	NA	NA	NA	NA	NA	NA	NA	NA	4113140
8	79579722	146289988	DEL	66710275	939675	1.9167545	936780	34244	79684.0	mappable	0.078725	5.0	edge	0.00191561482	2.69266e-05	0.00738834209	0.07694851	0.07697544	79579722	79579778	146289988	146289988	0.1504876	1	373476.7	19.41499	1.0077247	NA	NA	0.0	0.95837725	0.9583772	1	1	1:1	2	neutral	4113140
9	200101	6614999	NA	6414903	123057	1.9167545	122732	5743	10284.0	mappable	0.08215	5.0	edge	3.40371e-05	0.00016482611	0.00544991704	0.08844472	0.08860954	200101	200101	6589979	6640019	0.14845757	1	373476.7	19.41499	1.0077247	NA	NA	0.0	0.95837725	0.9583772	1	1	1:1	2	neutral	4113140
9	6614999	6689999	NA	75001	490	2.5851428	484	39	50.0	mappable	0.07281538	NA	identical	0.00172356444	0.02222222222	0.1425067143	0.12349779	0.14572001	6589979	6640019	6679997	6700001	0.15069654	1	368049.8	18.996121	1.1482	NA	NA	0.0	1.29257141	1.2925714	1	1	1:1	2	neutral	4113140
9	6689999	13949958	NA	7259962	144868	1.9167545	144515	7593	11277.0	mappable	0.07522857	5.0	NA	0.00496294615	0.00012584948	0.00447980842	0.0877519	0.08787774	6679997	6700001	13949904	13949958	0.14049438	1	373476.7	19.41499	1.0077247	NA	NA	0.0	0.95837725	0.9583772	1	1	1:1	2	neutral	4113140
9	13949959	13960046	NA	10088	165	1.485082	165	0	19.0	mappable	NA	NA	NA	NA	inf	0.0886932857	0.15037195	inf	13949959	13950013	13959984	13960046	NA	missing	359098.0	NA	0.917	NA	NA	NA	NA	NA	NA	NA	NA	NA	NA	4113140
9	13960047	27458183	NA	13498142	226338	1.9167545	225783	8496	18731.0	mappable	0.078725	5.0	NA	0.00257905987	0.00011048503	0.0017142676	0.08443715	0.08454763	13960047	13960109	27458119	27458183	0.16466735	1	373476.7	19.41499	1.0077247	NA	NA	0.0	0.95837725	0.9583772	1	1	1:1	2	neutral	4113140
9	27458184	27486908	DEL	28725	450	1.2985664	449	5	36.0	mappable	0.08168222	NA	identical	0.01687228239	0.16666666667	0.1278932857	0.13504371	0.30171038	27458184	27458409	27486809	27486908	NA	missing	317894.7	19.562753	0.8778	NA	NA	NA	NA	NA	NA	NA	NA	NA	NA	4113140
9	27486909	38769828	DEL	11282920	150074	1.9167545	149572	6000	12665.0	mappable	0.08215	5.0	self	0.00044951248	0.00015379883	0.0031067143	0.08536926	0.08552306	27486909	27486913	38769828	38769828	0.15031917	1	373476.7	19.41499	1.0077247	NA	NA	0.0	0.95837725	0.9583772	1	1	1:1	2	neutral	4113140
9	66840048	66849972	NA	9925	540	2.4975705	507	0	53.0	mappable	NA	8.0	NA	0.01943858275	0.0303030303	0.0711067143	0.15063813	0.18094116	66840048	66840048	66849972	66849972	NA	missing	420036.2	NA	1.1297949	NA	NA	NA	NA	NA	NA	NA	NA	NA	NA	4113140
9	68410004	68419976	NA	9973	1130	2.1516846	1047	0	237.0	mappable	NA	NA	NA	0.22200740722	0.01204819277	0.0514067143	0.15055919	0.16260739	68410004	68410004	68419976	68419976	NA	missing	2253944.0	NA	1.0571	NA	NA	NA	NA	NA	NA	NA	NA	NA	NA	4113140
9	71030093	82970068	NA	11939976	167262	1.9167545	166730	7711	14092.0	mappable	0.08123152	5.0	self	0.00044951248	0.00012131506	0.0013932857	0.08507273	0.08519404	71030093	71030093	82969981	82970155	0.1455313	1	373476.7	19.41499	1.0077247	NA	NA	0.0	0.95837725	0.9583772	1	1	1:1	2	neutral	4113140
9	82970068	82980029	NA	9962	163	2.6593684	162	0	24.0	mappable	NA	NA	identical	0.05139745721	1.0	0.1581067143	0.15057724	1.15057724	82969981	82970155	82979978	82980080	NA	missing	373958.8	NA	1.1638	NA	NA	NA	NA	NA	NA	NA	NA	NA	NA	4113140
9	82980029	111690000	NA	28709973	385566	1.9167545	384356	17927	32961.0	mappable	0.078725	5.0	NA	0.00297894286	5.225479e-05	0.00108940751	0.08072638	0.08077864	82979978	82980080	111689985	111690000	0.15137518	1	373476.7	19.41499	1.0077247	NA	NA	0.0	0.95837725	0.9583772	1	1	1:1	2	neutral	4113140
9	111690001	111709869	NA	19869	292	1.5226705	292	0	26.0	mappable	NA	NA	NA	NA	inf	0.0807932857	0.14007337	inf	111690001	111690016	111709727	111710011	NA	missing	372217.4	NA	0.9249	NA	NA	NA	NA	NA	NA	NA	NA	NA	NA	4113140
9	111709869	114579932	NA	2870064	40865	1.9167545	40670	1956	3522.0	mappable	0.08215	5.0	NA	0.00387451248	0.00046490005	0.0023067143	0.09322857	0.09369347	111709727	111710011	114579794	114580070	0.18011503	1	373476.7	19.41499	1.0077247	NA	NA	0.0	0.95837725	0.9583772	1	1	1:1	2	neutral	4113140
9	114579932	114589942	NA	10011	176	1.3542356	176	0	17.0	mappable	NA	NA	NA	NA	inf	0.1161932857	0.15049703	inf	114579794	114580070	114589878	114589942	NA	missing	360222.0	NA	0.8895	NA	NA	NA	NA	NA	NA	NA	NA	NA	NA	4113140
9	114589943	141019791	NA	26429853	366790	1.9167545	365124	15294	33893.0	mappable	0.08215	5.0	edge	0.0014316379	5.896226e-05	0.00505354907	0.08111726	0.08117622	114589943	114590007	141019791	141019791	0.1679833	1	373476.7	19.41499	1.0077247	NA	NA	0.0	0.95837725	0.9583772	1	1	1:1	2	neutral	4113140
10	130013	39149984	NA	39019982	585322	1.9167545	582382	28794	51093.0	mappable	0.08215	5.0	edge	0.00077294805	3.151492e-05	0.00012425498	0.07930934	0.07934086	130013	130013	39149984	39149984	0.15891009	1	373476.7	19.41499	1.0077247	NA	NA	0.0	0.95837725	0.9583772	1	1	1:1	2	neutral	4113140
10	42410000	46159967	NA	3749970	43628	1.9167545	43437	1871	3825.0	mappable	0.078725	5.0	self	0.00168437588	0.00048496605	0.01104975861	0.0915816	0.09206657	42410000	42410000	46159967	46159967	0.10946269	1	373476.7	19.41499	1.0077247	NA	NA	0.0	0.95837725	0.9583772	1	1	1:1	2	neutral	4113140
10	48310177	48659961	NA	349785	5559	1.9167545	5537	204	500.0	mappable	0.09230833	5.0	self	0.01060784582	0.00442477876	0.0147932857	0.10860057	0.11302535	48310177	48310177	48659961	48659961	0.11486216	1	373476.7	19.41499	1.0077247	NA	NA	0.0	0.95837725	0.9583772	1	1	1:1	2	neutral	4113140
10	49390096	54920026	NA	5529931	70124	1.9167545	69958	2841	5998.0	mappable	0.08185833	5.0	NA	8.567964e-05	0.00033255737	0.00139658937	0.08929038	0.08962294	49390096	49390096	54919966	54920086	0.16505452	1	373476.7	19.41499	1.0077247	NA	NA	0.0	0.95837725	0.9583772	1	1	1:1	2	neutral	4113140
10	54920026	54930043	NA	10018	203	2.345813	203	0	20.0	mappable	NA	NA	NA	NA	inf	0.0922067143	0.15048561	inf	54919966	54920086	54929972	54930114	NA	missing	426905.6	NA	1.0979	NA	NA	NA	NA	NA	NA	NA	NA	NA	NA	4113140
10	54930043	62795101	NA	7865059	115888	1.9167545	115411	7059	9284.0	mappable	0.076725	5.0	NA	0.00297548752	0.00013269639	0.0035067143	0.08730946	0.08744215	54929972	54930114	62789998	62795101	0.15559276	1	373476.7	19.41499	1.0077247	NA	NA	0.0	0.95837725	0.9583772	1	1	1:1	2	neutral	4113140
10	62795102	62820044	NA	24943	337	2.3429581	337	0	31.0	mappable	NA	NA	NA	NA	inf	0.0916067143	0.13692677	inf	62795102	62800205	62819998	62820044	NA	missing	383067.4	NA	1.0973	NA	NA	NA	NA	NA	NA	NA	NA	NA	NA	4113140
10	62820045	80288547	NA	17468505	241784	1.9167545	241090	9839	21182.0	mappable	0.0753	5.0	NA	0.0048079155	9.493971e-05	0.00230340721	0.08313156	0.0832265	62820045	62820091	80288406	80288547	0.14854908	1	373476.7	19.41499	1.0077247	NA	NA	0.0	0.95837725	0.9583772	1	1	1:1	2	neutral	4113140
10	80288548	135439925	CTX	55151383	782561	1.9167545	779513	36739	68529.0	mappable	0.08215	5.0	edge	0.00152626838	2.513384e-05	0.00212466626	0.07776989	0.07779502	80288548	80288647	135439925	135439925	0.14659709	1	373476.7	19.41499	1.0077247	NA	NA	0.0	0.95837725	0.9583772	1	1	1:1	2	neutral	4113140
11	190010	30170029	NA	29980023	435969	1.9167545	433995	21711	37336.0	mappable	0.08215	5.0	edge	0.00043618418	4.22226e-05	0.00175270346	0.08052341	0.08056563	190010	190010	30169998	30170060	0.15991026	1	373476.7	19.41499	1.0077247	NA	NA	0.0	0.95837725	0.9583772	1	1	1:1	2	neutral	4113140
11	30170029	30189976	NA	19948	314	2.1807087	314	0	26.0	mappable	NA	NA	NA	NA	inf	0.0575067143	0.14001723	inf	30169998	30170060	30189876	30190076	NA	missing	395260.2	NA	1.0632	NA	NA	NA	NA	NA	NA	NA	NA	NA	NA	4113140
11	30189976	34239980	NA	4050005	52793	1.9167545	52588	2395	4608.0	mappable	0.081125	5.0	NA	0.00297548752	0.00038461538	0.0014067143	0.09111828	0.0915029	30189876	30190076	34239946	34240014	0.12226189	1	373476.7	19.41499	1.0077247	NA	NA	0.0	0.95837725	0.9583772	1	1	1:1	2	neutral	4113140
11	34239980	34259981	NA	20002	404	2.4975705	394	40	28.0	mappable	0.06667674	8.0	NA	0.01546298752	0.02	0.0954067143	0.13997901	0.15997901	34239946	34240014	34259912	34260050	NA	missing	420036.2	22.575099	1.1297949	NA	NA	NA	NA	NA	NA	NA	NA	NA	NA	4113140
11	34259981	34300023	NA	40043	613	1.6352783	610	33	60.0	mappable	0.07875	1.0	NA	0.00470882085	0.02777777778	0.0570932857	0.13081076	0.15858854	34259912	34260050	34299981	34300065	0.44915414	2	314960.4	17.257586	0.9485668	17.02062	0.6322821	0.2645642	0.60132115	1.0339572	1	sub	1:sub	sub	sub	4113140
11	34300023	48899996	NA	14599975	204439	1.9167545	203649	9223	17310.0	mappable	0.078725	5.0	NA	0.00093471959	9.987017e-05	0.00030268962	0.08403551	0.08413538	34299981	34300065	48899996	48899996	0.16066169	1	373476.7	19.41499	1.0077247	NA	NA	0.0	0.95837725	0.9583772	1	1	1:1	2	neutral	4113140
11	48899997	50170092	NA	1270096	0	0.0	0	0	NA	mappable	NA	NA	NA	NA	inf	1.0056932857	0.09863632	inf	48899997	48899997	50170092	50170092	NA	missing	NA	NA	0.0	NA	NA	0.0	0.0	0.0	0	0	NA	0	homozygousDel	4113140
11	50170093	50489984	NA	319892	4978	1.6881854	4975	12	397.0	mappable	0.29478017	7.0	NA	0.11130813317	0.06666666667	0.0384932857	0.10936596	0.17603263	50170093	50170093	50489935	50489984	NA	missing	382251.1	21.679572	0.9596863	NA	NA	NA	NA	NA	NA	NA	NA	NA	NA	4113140
11	50489985	50510012	NA	20028	532	2.2646335	532	3	33.0	mappable	0.17334471	6.0	NA	0.09164422402	0.33333333333	0.0426067143	0.13996065	0.47329398	50489985	50490034	50509985	50510012	NA	missing	511252.3	29.150393	1.0808385	NA	NA	NA	NA	NA	NA	NA	NA	NA	NA	4113140
11	50510013	50640016	NA	130004	3558	1.6881854	3557	7	275.0	mappable	0.18159748	7.0	NA	0.09989698723	0.125	0.0420932857	0.1177288	0.2427288	50510013	50510040	50639971	50640061	NA	missing	382251.1	21.679572	0.9596863	NA	NA	NA	NA	NA	NA	NA	NA	NA	NA	4113140
11	50640016	50685026	NA	45011	773	2.0108463	773	0	49.0	mappable	NA	NA	NA	NA	inf	0.0218067143	0.12938293	inf	50639971	50640061	50679980	50690072	NA	missing	363074.1	NA	1.0275	NA	NA	NA	NA	NA	NA	NA	NA	NA	NA	4113140
11	50685026	50760002	NA	74977	2571	1.7358311	2571	0	213.0	mappable	NA	NA	NA	NA	inf	0.0359932857	0.12350131	inf	50679980	50690072	50759997	50760002	NA	missing	402949.0	NA	0.9697	NA	NA	NA	NA	NA	NA	NA	NA	NA	NA	4113140
11	51195886	51579984	NA	384099	5278	1.6352783	5275	27	474.0	mappable	0.06854643	1.0	NA	0.0091612018	0.03333333333	0.0482932857	0.10781021	0.14114354	51195886	51195891	51579984	51579984	NA	missing	314960.4	17.257586	0.9485668	NA	NA	NA	NA	NA	NA	NA	NA	NA	NA	4113140
11	54793872	68500022	NA	13706152	167583	1.9167545	166913	5767	15136.0	mappable	0.07973333	5.0	NA	0.00140601993	0.00015535187	0.00044199293	0.08435857	0.08451392	54793872	54793872	68499948	68500022	0.16770999	1	373476.7	19.41499	1.0077247	NA	NA	0.0	0.95837725	0.9583772	1	1	1:1	2	neutral	4113140
11	68500023	68520071	NA	20049	275	2.3657968	275	0	21.0	mappable	NA	NA	NA	NA	inf	0.0964067143	0.13994584	inf	68500023	68500097	68519943	68520071	NA	missing	339902.6	NA	1.1021	NA	NA	NA	NA	NA	NA	NA	NA	NA	NA	4113140
11	68520072	89349940	NA	20829869	287503	1.9167545	286556	13064	24881.0	mappable	0.08215	5.0	NA	0.00044951248	7.137249e-05	0.0005932857	0.08226339	0.08233477	68520072	68520200	89349940	89349940	0.14366446	1	373476.7	19.41499	1.0077247	NA	NA	0.0	0.95837725	0.9583772	1	1	1:1	2	neutral	4113140
11	89850037	131980940	NA	42130908	615995	1.9167545	613864	27377	52124.0	mappable	0.078725	5.0	self	0.00290386822	3.389026e-05	0.00155084355	0.07896282	0.07899671	89850037	89850037	131980911	131980940	0.15413264	1	373476.7	19.41499	1.0077247	NA	NA	0.0	0.95837725	0.9583772	1	1	1:1	2	neutral	4113140
11	131980941	134939862	CTX	2958922	47825	1.9167545	47637	2039	4317.0	mappable	0.07449524	5.0	edge	0.00450815104	0.00044903458	0.01073017645	0.09303779	0.09348683	131980941	131981010	134939862	134939862	0.16899512	1	373476.7	19.41499	1.0077247	NA	NA	0.0	0.95837725	0.9583772	1	1	1:1	2	neutral	4113140
12	160107	14259994	NA	14099888	190997	2.4975705	190057	8870	17124.0	mappable	0.085575	8.0	edge	0.00387451248	0.0001019368	0.1241067143	0.08421343	0.08431537	160107	160107	14259933	14260055	0.30746064	1	420036.2	22.575099	1.1297949	NA	NA	0.0	1.24878523	1.2487852	1	1	1:1	2	neutral	4113140
12	14259994	14270023	NA	10030	229	1.9167545	225	8	21.0	mappable	0.11901049	5.0	self	0.01164395693	0.08333333333	0.0041932857	0.15046606	0.23379939	14259933	14260055	14269986	14270060	NA	missing	373476.7	19.41499	1.0077247	NA	NA	NA	NA	NA	NA	NA	NA	NA	NA	4113140
12	14270023	34819969	NA	20549947	287031	2.4975705	286000	14193	23531.0	mappable	0.08088333	8.0	NA	0.00044951248	6.568576e-05	0.1279067143	0.08232949	0.08239518	14269986	14270060	34819969	34819969	0.31210868	1	420036.2	22.575099	1.1297949	NA	NA	0.0	1.24878523	1.2487852	1	1	1:1	2	neutral	4113140
12	38000003	38040007	NA	40005	2007	1.9167545	1957	8	149.0	mappable	0.115625	5.0	self	0.00897548752	0.01724137931	0.0368067143	0.13082248	0.14806386	38000003	38000003	38039915	38040099	NA	missing	373476.7	19.41499	1.0077247	NA	NA	NA	NA	NA	NA	NA	NA	NA	NA	4113140
12	38040007	38055000	NA	14994	617	2.8820451	595	0	73.0	mappable	NA	NA	identical	0.01279951248	0.04545454545	0.2049067143	0.1441743	0.18962885	38039915	38040099	38049997	38055000	NA	missing	455516.0	NA	1.2106	NA	NA	NA	NA	NA	NA	NA	NA	NA	NA	4113140
12	38055001	38075017	NA	20017	413	1.9167545	404	9	45.0	mappable	0.06363333	5.0	self	0.00268104307	0.05555555556	0.0223932857	0.13996841	0.19552397	38055001	38060004	38069971	38075017	NA	missing	373476.7	19.41499	1.0077247	NA	NA	NA	NA	NA	NA	NA	NA	NA	NA	4113140
12	38075018	60670036	NA	22595020	291277	2.4975705	290277	13132	24890.0	mappable	0.08215	8.0	NA	0.00036457887	7.076139e-05	0.12533381153	0.08186823	0.08193899	38075018	38080064	60669935	60670036	0.32024901	1	420036.2	22.575099	1.1297949	NA	NA	0.0	1.24878523	1.2487852	1	1	1:1	2	neutral	4113140
12	60670037	60690012	NA	19976	312	2.1002977	311	30	22.0	mappable	0.11647778	NA	NA	0.03818284582	0.03225806452	0.0406067143	0.1399974	0.17225546	60670037	60670138	60689920	60690012	NA	missing	438885.7	23.81273	1.0463	NA	NA	NA	NA	NA	NA	NA	NA	NA	NA	4113140
12	60690013	62619937	NA	1929925	29589	2.4975705	29477	1449	2309.0	mappable	0.07740278	8.0	NA	0.00458188169	0.00064102564	0.11846299197	0.09578492	0.09642595	60690013	60690105	62619768	62619937	0.33138219	1	420036.2	22.575099	1.1297949	NA	NA	0.0	1.24878523	1.2487852	1	1	1:1	2	neutral	4113140
12	62619938	62640002	NA	20065	259	3.0200285	259	3	18.0	mappable	0.17698041	NA	NA	0.09527992374	0.33333333333	0.2339067143	0.13993457	0.47326791	62619938	62620107	62639983	62640021	NA	missing	473400.5	27.256391	1.2396	NA	NA	NA	NA	NA	NA	NA	NA	NA	NA	4113140
12	62640002	114809993	NA	52169994	703327	2.4975705	700988	31142	59159.0	mappable	0.08215	8.0	NA	0.00077870367	2.986769e-05	0.12685368633	0.07801311	0.07804298	62639983	62640021	114809970	114810016	0.30834629	1	420036.2	22.575099	1.1297949	NA	NA	0.0	1.24878523	1.2487852	1	1	1:1	2	neutral	4113140
12	114809993	114820119	NA	10127	165	1.9167545	165	11	18.0	mappable	0.05765	5.0	self	0.02405048752	0.09090909091	0.0160067143	0.15030904	0.24121813	114809970	114810016	114819988	114820250	NA	missing	373476.7	19.41499	1.0077247	NA	NA	NA	NA	NA	NA	NA	NA	NA	NA	4113140
12	114820119	117889999	NA	3069881	47165	2.4975705	46963	2418	4163.0	mappable	0.08880833	8.0	NA	0.00729951248	0.00038167939	0.1134067143	0.0928085	0.09319018	114819988	114820250	117889978	117890020	0.3171171	1	420036.2	22.575099	1.1297949	NA	NA	0.0	1.24878523	1.2487852	1	1	1:1	2	neutral	4113140
12	117889999	117899998	NA	10000	179	1.9494675	179	0	17.0	mappable	NA	NA	NA	NA	inf	0.0089067143	0.150515	inf	117889978	117890020	117899957	117899998	NA	missing	337471.0	NA	1.0146	NA	NA	NA	NA	NA	NA	NA	NA	NA	NA	4113140
12	117899999	129280027	NA	11380029	157873	2.4975705	157288	7273	14576.0	mappable	0.08215	8.0	NA	0.00044951248	0.00012725884	0.1118067143	0.08532423	0.08545149	117899999	117900040	129279988	129280066	0.29893094	1	420036.2	22.575099	1.1297949	NA	NA	0.0	1.24878523	1.2487852	1	1	1:1	2	neutral	4113140
12	129280027	129309944	NA	29918	521	3.0566655	515	62	39.0	mappable	0.10730882	NA	NA	0.09335820814	0.01470588235	0.2416067143	0.13451051	0.1492164	129279988	129280066	129309845	129309944	0.54356744	2	387890.8	22.271754	1.2473	15.94138	0.6440172	0.2880343	1.08812041	1.9685451	2	1	2:1	3	gain	4113140
12	129309945	133819926	NA	4509982	69150	2.4975705	68621	4269	6607.0	mappable	0.085575	8.0	edge	0.00729951248	0.00020846362	0.1148067143	0.09047854	0.090687	129309945	129310044	133819926	133819926	0.29708322	1	420036.2	22.575099	1.1297949	NA	NA	0.0	1.24878523	1.2487852	1	1	1:1	2	neutral	4113140
13	19450038	83282637	NA	63832609	886566	1.9167545	883660	43140	72992.0	mappable	0.078725	5.0	edge	0.00192188372	2.17193e-05	0.00728627115	0.07713731	0.07715903	19450038	19450038	83282622	83282637	0.15546168	1	373476.7	19.41499	1.0077247	NA	NA	0.0	0.95837725	0.9583772	1	1	1:1	2	neutral	4113140
13	83282638	83286272	DUP	3635	56	2.5185301	56	0	3.0	mappable	NA	NA	NA	NA	inf	0.1285067143	0.16909402	inf	83282638	83282674	83286236	83286272	NA	missing	468078.8	NA	1.1342	NA	NA	NA	NA	NA	NA	NA	NA	NA	NA	4113140
13	83286273	91512040	DUP	8225768	121878	1.9167545	121476	5549	9592.0	mappable	0.076725	5.0	NA	0.00403858648	0.00016803899	0.00202459201	0.08706358	0.08723162	83286273	83286276	91511967	91512040	0.15170126	1	373476.7	19.41499	1.0077247	NA	NA	0.0	0.95837725	0.9583772	1	1	1:1	2	neutral	4113140
13	91512041	91557687	DUP	45647	708	2.6883925	707	2	55.0	mappable	0.1541502	NA	identical	0.02516889923	0.33333333333	0.1642067143	0.12921372	0.46254705	91512041	91512080	91557495	91557687	NA	missing	471975.1	27.236505	1.1699	NA	NA	NA	NA	NA	NA	NA	NA	NA	NA	4113140
13	91557688	115099984	DUP	23542298	357931	1.9167545	356423	17007	31111.0	mappable	0.078725	5.0	edge	0.00284789333	5.401318e-05	9.929583e-05	0.08167015	0.08172416	91557688	91557715	115099984	115099984	0.15825299	1	373476.7	19.41499	1.0077247	NA	NA	0.0	0.95837725	0.9583772	1	1	1:1	2	neutral	4113140
14	20330060	22419980	NA	2089921	29835	1.9167545	29687	1916	2468.0	mappable	0.07973333	5.0	edge	0.00196715418	0.00048449612	0.0070067143	0.0952607	0.0957452	20330060	20330060	22419939	22419980	0.15274686	1	373476.7	19.41499	1.0077247	NA	NA	0.0	0.95837725	0.9583772	1	1	1:1	2	neutral	4113140
14	22419981	22959965	NA	539985	9282	1.155825	9258	642	553.0	mappable	0.08332065	NA	identical	0.00417559944	0.0015015015	0.1578932857	0.1050279	0.1065294	22419981	22420022	22959908	22959965	0.11049208	1	266873.6	13.877426	0.8478	NA	NA	0.0	0.57791249	0.5779125	sub	sub	sub:sub	sub	sub	4113140
14	22959966	38790019	NA	15830056	208178	1.9167545	207485	9114	17545.0	mappable	0.078725	5.0	NA	0.00099821193	0.00010196798	0.00243083116	0.08362545	0.08372742	22959966	22960023	38789984	38790019	0.15634578	1	373476.7	19.41499	1.0077247	NA	NA	0.0	0.95837725	0.9583772	1	1	1:1	2	neutral	4113140
14	38790020	38820017	NA	29998	453	1.5298076	453	0	46.0	mappable	NA	NA	NA	NA	inf	0.0792932857	0.13447567	inf	38790020	38790055	38819954	38820017	NA	missing	393652.7	NA	0.9264	NA	NA	NA	NA	NA	NA	NA	NA	NA	NA	4113140
14	38820018	85261883	NA	46441870	648287	1.9167545	645959	29944	54252.0	mappable	0.078725	5.0	NA	0.00124891291	3.098661e-05	0.00547276205	0.07852707	0.07855806	38820018	38820081	85261868	85261883	0.15944473	1	373476.7	19.41499	1.0077247	NA	NA	0.0	0.95837725	0.9583772	1	1	1:1	2	neutral	4113140
14	85261884	85281440	DEL	19557	263	1.0910917	263	18	19.0	mappable	0.15542143	2.0	identical	0.07372094106	0.05555555556	0.1783932857	0.14029774	0.19585329	85261884	85261957	85281329	85281440	NA	missing	323388.6	19.585005	0.834195	NA	NA	NA	NA	NA	NA	NA	NA	NA	NA	4113140
14	85281441	88244979	DEL	2963540	43721	1.9167545	43522	2115	3428.0	mappable	0.08453333	5.0	NA	0.00304566125	0.00043215212	0.00014299892	0.09302806	0.09346021	85281441	85281463	88239908	88250050	0.18607326	1	373476.7	19.41499	1.0077247	NA	NA	0.0	0.95837725	0.9583772	1	1	1:1	2	neutral	4113140
14	88244979	88280005	NA	35027	465	2.1987893	465	0	38.0	mappable	NA	NA	NA	NA	inf	0.0613067143	0.13248385	inf	88239908	88250050	88279971	88280005	NA	missing	373714.2	NA	1.067	NA	NA	NA	NA	NA	NA	NA	NA	NA	NA	4113140
14	88280006	103155469	NA	14875468	225544	1.9167545	224806	9995	20278.0	mappable	0.08215	5.0	NA	0.00207141586	9.31706e-05	0.00302847263	0.08394039	0.08403356	88280006	88280040	103155465	103155469	0.15763726	1	373476.7	19.41499	1.0077247	NA	NA	0.0	0.95837725	0.9583772	1	1	1:1	2	neutral	4113140
14	103155470	103253357	DEL	97888	1129	1.1125267	1128	44	109.0	mappable	0.35003484	NA	identical	0.27749379166	0.02222222222	0.1669932857	0.12063567	0.14285789	103155470	103155476	103253316	103253357	NA	missing	277517.3	17.86554	0.8387	NA	NA	NA	NA	NA	NA	NA	NA	NA	NA	4113140
14	103253358	105979076	DEL	2725719	39515	1.9167545	39260	1525	3914.0	mappable	0.081175	5.0	self	0.00044951248	0.00056179775	0.0022067143	0.09355322	0.09411502	103253358	103253445	105979074	105979078	0.19106059	1	373476.7	19.41499	1.0077247	NA	NA	0.0	0.95837725	0.9583772	1	1	1:1	2	neutral	4113140
14	105979076	106326916	NA	347841	1621	1.2628811	1603	139	156.0	mappable	0.07951346	NA	NA	0.00044951248	0.00636942675	0.1353932857	0.10864801	0.11501744	105979074	105979078	106326909	106326916	0.44975592	2	262476.9	15.386576	0.8703	15.45999	0.7826685	0.565337	0.27446383	0.9884172	1	0	1:0	1	LOH	4113140
14	106326917	107090005	CTX	763089	7973	0.8137213	7708	316	689.0	mappable	0.15392115	NA	NA	0.04089182018	0.0017211704	0.2297932857	0.10234633	0.1040675	106326917	106326928	107079996	107090005	0.65257265	2	303359.1	18.361209	0.7759	20.04188	0.9775682	0.9551363	0.01825326	0.795468	1	0	1:0	1	LOH	4113140
14	107090006	107259908	NA	169903	2888	1.5279044	2873	42	253.0	mappable	0.14842432	NA	edge	0.04672451248	0.01754385965	0.0796932857	0.11511221	0.13265607	107090006	107100015	107259908	107259908	0.44437678	2	347750.5	19.622571	0.926	19.25059	0.6853373	0.3706745	0.48077459	1.0471298	1	sub	1:sub	sub	sub	4113140
15	20850000	20859924	NA	9925	165	1.8676291	145	0	26.0	mappable	NA	NA	edge	0.21979911723	0.05	0.0082932857	0.15063813	0.20063813	20850000	20850000	20859924	20859924	NA	missing	1481456.0	NA	0.9974	NA	NA	NA	NA	NA	NA	NA	NA	NA	NA	4113140
15	22480079	23069956	NA	589878	4053	1.8785726	4028	115	407.0	mappable	0.14570952	NA	NA	0.07640784582	0.00714285714	0.0059932857	0.10432937	0.11147223	22480079	22480079	23069956	23069956	0.09884341	1	363742.9	18.914629	0.9997	NA	NA	0.0	0.93928629	0.9392863	1	1	1:1	2	neutral	4113140
15	23710146	24329926	NA	619781	10364	1.9167545	10320	851	831.0	mappable	0.08512845	5.0	NA	0.00267456798	0.00111731844	0.0079020661	0.10394255	0.10505986	23710146	23710146	24329926	24329926	0.1205735	1	373476.7	19.41499	1.0077247	NA	NA	0.0	0.95837725	0.9583772	1	1	1:1	2	neutral	4113140
15	24329927	24830091	NA	500165	0	0.0	0	0	NA	mappable	NA	NA	NA	NA	inf	1.0056932857	0.10564099	inf	24329927	24329927	24830091	24830091	NA	missing	NA	NA	0.0	NA	NA	0.0	0.0	0.0	0	0	NA	0	homozygousDel	4113140
15	24830092	28529988	NA	3699897	57366	1.9167545	57161	2466	5017.0	mappable	0.079075	5.0	NA	0.00297548752	0.00037439161	0.0069932857	0.091663	0.0920374	24830092	24830092	28529988	28529988	0.18303814	1	373476.7	19.41499	1.0077247	NA	NA	0.0	0.95837725	0.9583772	1	1	1:1	2	neutral	4113140
15	29100034	30369914	NA	1269881	18272	1.9167545	18216	715	1694.0	mappable	0.08764674	5.0	self	0.00594625161	0.00129701686	0.0153932857	0.09863751	0.09993453	29100034	29100034	30369914	30369914	0.17144881	1	373476.7	19.41499	1.0077247	NA	NA	0.0	0.95837725	0.9583772	1	1	1:1	2	neutral	4113140
15	31160110	72669993	NA	41509887	567864	1.9167545	566103	23127	49044.0	mappable	0.08215	5.0	NA	0.00063482921	4.018162e-05	0.00201425519	0.07902967	0.07906985	31160110	31160110	72669915	72670071	0.1652455	1	373476.7	19.41499	1.0077247	NA	NA	0.0	0.95837725	0.9583772	1	1	1:1	2	neutral	4113140
15	72669993	72690017	NA	20025	246	2.3857806	246	0	26.0	mappable	NA	NA	NA	NA	inf	0.1006067143	0.13996277	inf	72669915	72670071	72689923	72690111	NA	missing	368517.7	NA	1.1063	NA	NA	NA	NA	NA	NA	NA	NA	NA	NA	4113140
15	72690017	82479795	NA	9789779	121859	1.9167545	121431	5469	10927.0	mappable	0.08215	5.0	NA	0.00387451248	0.00016957775	0.0003067143	0.08612209	0.08629167	72689923	72690111	82479795	82479795	0.14935504	1	373476.7	19.41499	1.0077247	NA	NA	0.0	0.95837725	0.9583772	1	1	1:1	2	neutral	4113140
15	83211507	102399920	NA	19188414	295785	1.9167545	294627	14327	25696.0	mappable	0.08036742	5.0	edge	0.00032571085	6.457862e-05	0.0016151837	0.08266604	0.08273062	83211507	83211507	102399920	102399920	0.16461125	1	373476.7	19.41499	1.0077247	NA	NA	0.0	0.95837725	0.9583772	1	1	1:1	2	neutral	4113140
16	100010	3740627	NA	3640619	55312	1.9167545	54929	2723	5605.0	mappable	0.08566111	5.0	edge	0.0062898938	0.0003219575	0.00464802066	0.091761	0.09208296	100010	100010	3740622	3740627	0.18100941	1	373476.7	19.41499	1.0077247	NA	NA	0.0	0.95837725	0.9583772	1	1	1:1	2	neutral	4113140
16	3740628	3808012	DEL	67385	955	1.0910917	954	32	70.0	mappable	0.20153333	2.0	identical	0.11983284582	0.0303030303	0.1424932857	0.12468719	0.15499022	3740628	3740642	3807974	3808012	NA	missing	323388.6	19.585005	0.834195	NA	NA	NA	NA	NA	NA	NA	NA	NA	NA	4113140
16	3808013	16289940	DEL	12481933	241739	1.9167545	240788	11983	21501.0	mappable	0.08215	5.0	self	0.00183150674	7.732158e-05	0.00948491759	0.08484161	0.08491893	3808013	3808078	16289940	16289940	0.14806414	1	373476.7	19.41499	1.0077247	NA	NA	0.0	0.95837725	0.9583772	1	1	1:1	2	neutral	4113140
16	16870104	18169896	NA	1299793	20446	1.9167545	20373	832	1711.0	mappable	0.0858869	5.0	self	0.00044951248	0.00110497238	0.0175932857	0.09847438	0.09957936	16870104	16870104	18169896	18169896	0.22777221	1	373476.7	19.41499	1.0077247	NA	NA	0.0	0.95837725	0.9583772	1	1	1:1	2	neutral	4113140
16	18800044	29039945	NA	10239903	124833	1.9167545	124220	5330	11581.0	mappable	0.078725	5.0	self	0.00362434391	0.00016826519	0.00503167539	0.08588225	0.08605052	18800044	18800044	29039945	29039945	0.15806015	1	373476.7	19.41499	1.0077247	NA	NA	0.0	0.95837725	0.9583772	1	1	1:1	2	neutral	4113140
16	29670028	31959970	NA	2289943	17548	1.9167545	17496	428	1759.0	mappable	0.09241212	5.0	self	0.01351617915	0.00208333333	0.0002932857	0.09466613	0.09674946	29670028	29670028	31959970	31959970	0.17943606	1	373476.7	19.41499	1.0077247	NA	NA	0.0	0.95837725	0.9583772	1	1	1:1	2	neutral	4113140
16	32520030	32649899	NA	129870	3149	1.8814089	2910	0	296.0	mappable	NA	3.0	NA	0.25957777335	0.00418410042	0.0153932857	0.11773911	0.12192321	32520030	32520030	32649899	32649899	NA	missing	322672.9	NA	1.0002961	NA	NA	NA	NA	NA	NA	NA	NA	NA	NA	4113140
16	33590105	35228136	NA	1638032	14559	1.9167545	14491	83	1189.0	mappable	0.06155909	5.0	self	0.02010048752	0.00662251656	0.0208932857	0.09688265	0.10350516	33590105	33590105	35228136	35228136	0.24387725	1	373476.7	19.41499	1.0077247	NA	NA	0.0	0.95837725	0.9583772	1	1	1:1	2	neutral	4113140
16	35228137	35279959	NA	51823	871	2.1198057	867	0	89.0	mappable	NA	NA	NA	0.17342781308	0.25	0.0447067143	0.12770328	0.37770328	35228137	35228137	35279959	35279959	NA	missing	417453.5	NA	1.0504	NA	NA	NA	NA	NA	NA	NA	NA	NA	NA	4113140
16	46450014	78190789	NA	31740778	439627	1.9167545	438056	18579	38788.0	mappable	0.078725	5.0	self	6.50808e-05	4.962779e-05	3.971113e-05	0.08025736	0.08030698	46450014	46450014	78190752	78190789	0.1423973	1	373476.7	19.41499	1.0077247	NA	NA	0.0	0.95837725	0.9583772	1	1	1:1	2	neutral	4113140
16	78190790	78237162	DUP	46373	1071	2.8201904	1069	57	87.0	mappable	0.1347436	NA	identical	0.05304311714	0.01694915254	0.1919067143	0.12902396	0.14597311	78190790	78190796	78237057	78237162	0.67960182	2	423175.0	24.332562	1.1976	18.11321	0.6515387	0.3030774	0.98272728	1.8374632	2	1	2:1	3	gain	4113140
16	78237163	84649991	DUP	6412836	160728	1.9167545	160305	8531	13778.0	mappable	0.08215	5.0	NA	0.00152652031	0.0001116944	0.00519773235	0.08844653	0.08855823	78237163	78237187	84649976	84649991	0.16582681	1	373476.7	19.41499	1.0077247	NA	NA	0.0	0.95837725	0.9583772	1	1	1:1	2	neutral	4113140
16	84649992	84660044	NA	10053	224	2.5351833	224	0	29.0	mappable	NA	NA	NA	NA	inf	0.1320067143	0.15042866	inf	84649992	84650007	84659985	84660103	NA	missing	328550.0	NA	1.1377	NA	NA	NA	NA	NA	NA	NA	NA	NA	NA	4113140
16	84660044	90109969	NA	5449929	101256	1.9167545	100735	4465	9993.0	mappable	0.089	5.0	edge	0.00794296093	0.00020056157	0.00401658506	0.08937427	0.08957483	84659985	84660103	90109969	90109969	0.14895055	1	373476.7	19.41499	1.0077247	NA	NA	0.0	0.95837725	0.9583772	1	1	1:1	2	neutral	4113140
17	20080	18239982	NA	18219904	232410	1.9167545	231268	11513	21339.0	mappable	0.08215	5.0	edge	0.00195097203	7.902015e-05	0.00663441991	0.08292214	0.08300116	20080	20080	18239982	18239982	0.15501874	1	373476.7	19.41499	1.0077247	NA	NA	0.0	0.95837725	0.9583772	1	1	1:1	2	neutral	4113140
17	18750212	22239986	NA	3489775	25830	1.9167545	25167	866	2563.0	mappable	0.08336071	5.0	self	0.00085335864	0.00065402224	0.0006067143	0.09201874	0.09267276	18750212	18750212	22239986	22239986	0.17257964	1	373476.7	19.41499	1.0077247	NA	NA	0.0	0.95837725	0.9583772	1	1	1:1	2	neutral	4113140
17	25390040	44279982	NA	18889943	211012	1.9167545	210052	7901	19839.0	mappable	0.078725	5.0	self	0.00297548752	0.00011285408	0.0100932857	0.08274339	0.08285624	25390040	25390040	44279982	44279982	0.16696984	1	373476.7	19.41499	1.0077247	NA	NA	0.0	0.95837725	0.9583772	1	1	1:1	2	neutral	4113140
17	44790026	60215044	NA	15425022	188323	1.9167545	187671	7203	16958.0	mappable	0.08215	5.0	self	0.00274675107	0.00012730745	0.00200007776	0.08375641	0.08388372	44790026	44790026	60199984	60215044	0.24352005	1	373476.7	19.41499	1.0077247	NA	NA	0.0	0.95837725	0.9583772	1	1	1:1	2	neutral	4113140
17	60215045	72140017	NA	11924974	155840	1.8814089	155160	6401	13880.0	mappable	0.345875	3.0	NA	0.26454027801	0.00014122299	0.00305252531	0.08507929	0.08522052	60215045	60230105	72139938	72140096	0.87231076	2	322672.9	21.879059	1.0002961	16.53565	0.9504358	0.9008716	0.0932505	1.7881584	2	0	2:0	2	cnLOH	4113140
17	72140017	72149967	NA	9951	142	1.3333002	141	3	19.0	mappable	0.22594231	NA	NA	0.15406105095	0.25	0.1205932857	0.15059531	0.40059531	72139938	72140096	72149747	72149967	NA	missing	277730.0	17.091077	0.8851	NA	NA	NA	NA	NA	NA	NA	NA	NA	NA	4113140
17	72149968	81109940	NA	8959977	131241	1.8814089	130518	6286	13098.0	mappable	0.380125	3.0	edge	0.29473196815	0.00014267371	0.00308797182	0.08659859	0.08674127	72149968	72150188	81109940	81109940	0.85646775	2	322672.9	21.879059	1.0002961	16.53565	0.9504358	0.9008716	0.0932505	1.7881584	2	0	2:0	2	cnLOH	4113140
18	130031	14119956	NA	13989928	212619	1.9167545	211950	10975	18239.0	mappable	0.08215	5.0	edge	0.00071327748	8.588114e-05	0.00055485499	0.0842535	0.08433938	130031	130031	14119956	14119956	0.15959998	1	373476.7	19.41499	1.0077247	NA	NA	0.0	0.95837725	0.9583772	1	1	1:1	2	neutral	4113140
18	14119957	14910026	NA	790070	0	0.0	0	0	NA	mappable	NA	NA	NA	NA	inf	1.0056932857	0.10208446	inf	14119957	14119957	14910026	14910026	NA	missing	NA	NA	0.0	NA	NA	0.0	0.0	0.0	0	0	NA	0	homozygousDel	4113140
18	14910027	14929888	NA	19862	364	1.801968	361	30	28.0	mappable	0.14225	NA	NA	0.06054951248	0.0303030303	0.0220932857	0.14007836	0.17038139	14910027	14910027	14929888	14929888	NA	missing	348803.8	18.893542	0.9836	NA	NA	NA	NA	NA	NA	NA	NA	NA	NA	4113140
18	18540053	65000009	NA	46459966	663959	1.9167545	661724	29957	55298.0	mappable	0.08215	5.0	self	0.00065064528	3.106458e-05	0.00057725239	0.07852534	0.07855641	18540053	18540053	64999945	65000073	0.14092561	1	373476.7	19.41499	1.0077247	NA	NA	0.0	0.95837725	0.9583772	1	1	1:1	2	neutral	4113140
18	65000009	65019932	NA	19924	445	1.6881854	445	3	22.0	mappable	0.17557771	7.0	NA	0.09387721904	0.33333333333	0.0557932857	0.14003426	0.47336759	64999945	65000073	65019763	65020101	NA	missing	382251.1	21.679572	0.9596863	NA	NA	NA	NA	NA	NA	NA	NA	NA	NA	4113140
18	65019932	65039979	NA	20048	336	2.4975705	317	0	35.0	mappable	NA	8.0	NA	0.03632548752	0.05263157895	0.0838067143	0.13994655	0.19257813	65019763	65020101	65039923	65040035	NA	missing	420036.2	NA	1.1297949	NA	NA	NA	NA	NA	NA	NA	NA	NA	NA	4113140
18	65039979	78009968	NA	12969992	213992	1.9167545	212917	11885	18677.0	mappable	0.078725	5.0	edge	0.00216167193	7.716049e-05	0.00812796369	0.08464292	0.08472008	65039923	65040035	78009968	78009968	0.14827812	1	373476.7	19.41499	1.0077247	NA	NA	0.0	0.95837725	0.9583772	1	1	1:1	2	neutral	4113140
19	260137	6424144	NA	6164008	75028	1.8814089	74629	3582	7807.0	mappable	0.38355	3.0	edge	0.30384584586	0.00025119317	0.0072091811	0.08867042	0.08892161	260137	260137	6424137	6424144	0.86404751	2	322672.9	21.879059	1.0002961	16.53565	0.9504358	0.9008716	0.0932505	1.7881584	2	0	2:0	2	cnLOH	4113140
19	6424145	6635028	NA	210884	2033	1.0639946	1991	136	207.0	mappable	0.10194444	NA	NA	0.03114694838	0.00561797753	0.1771932857	0.11308322	0.1187012	6424145	6424152	6629973	6635028	0.33511404	1	240352.9	13.266793	0.8285	NA	NA	0.0	0.53199732	0.5319973	sub	sub	sub:sub	sub	sub	4113140
19	6635029	10530129	NA	3895101	43376	1.8814089	43114	2300	4181.0	mappable	0.359575	3.0	NA	0.27444951248	0.00039047247	0.0170932857	0.09135244	0.09174292	6635029	6640084	10529965	10530129	0.8721858	2	322672.9	21.879059	1.0002961	16.53565	0.9504358	0.9008716	0.0932505	1.7881584	2	0	2:0	2	cnLOH	4113140
19	10530130	10594925	NA	64796	532	1.5731059	531	1	55.0	mappable	0.2	NA	NA	0.16829951248	0.5	0.0701932857	0.12512812	0.62512812	10530130	10530294	10579834	10594925	NA	missing	249207.8	14.952465	0.9355	NA	NA	NA	NA	NA	NA	NA	NA	NA	NA	4113140
19	10594926	24569972	NA	13975048	135546	1.9167545	134578	5885	12947.0	mappable	0.089	5.0	self	0.00775843558	0.00014592149	0.00604848541	0.08425895	0.08440487	10594926	10610017	24569972	24569972	0.21884089	1	373476.7	19.41499	1.0077247	NA	NA	0.0	0.95837725	0.9583772	1	1	1:1	2	neutral	4113140
19	27750002	43209995	NA	15459997	197738	1.9167545	196640	9503	18205.0	mappable	0.085575	5.0	NA	0.00351542157	9.433072e-05	0.01163343327	0.08374495	0.08383928	27750002	27750002	43209995	43209995	0.16931644	1	373476.7	19.41499	1.0077247	NA	NA	0.0	0.95837725	0.9583772	1	1	1:1	2	neutral	4113140
19	43209996	43800005	NA	590010	0	0.0	0	0	NA	mappable	NA	NA	NA	NA	inf	1.0056932857	0.10432761	inf	43209996	43209996	43800005	43800005	NA	missing	NA	NA	0.0	NA	NA	0.0	0.0	0.0	0	0	NA	0	homozygousDel	4113140
19	43800006	52346675	NA	8546670	95457	1.9167545	94964	4512	9272.0	mappable	0.09585	5.0	NA	0.01414951248	0.0001998002	0.0146932857	0.08685482	0.08705462	43800006	43800006	52346653	52346675	0.16710376	1	373476.7	19.41499	1.0077247	NA	NA	0.0	0.95837725	0.9583772	1	1	1:1	2	neutral	4113140
19	52346676	52358206	DEL	11531	196	1.2357602	194	0	16.0	mappable	NA	NA	identical	0.05018357045	0.5	0.1410932857	0.14822248	0.64822248	52346676	52346687	52358119	52358206	NA	missing	316033.1	NA	0.8646	NA	NA	NA	NA	NA	NA	NA	NA	NA	NA	4113140
19	52358207	59089999	DEL	6731793	66867	1.9167545	66512	3060	6370.0	mappable	0.08559423	5.0	edge	0.00387451248	0.00029282577	0.0098932857	0.08817347	0.0884663	52358207	52358269	59089999	59089999	0.19935462	1	373476.7	19.41499	1.0077247	NA	NA	0.0	0.95837725	0.9583772	1	1	1:1	2	neutral	4113140
20	60479	25729738	NA	25669264	400168	1.9167545	398867	19893	33893.0	mappable	0.08215	5.0	edge	0.00146860712	4.718317e-05	0.00447463779	0.08125609	0.08130328	60479	60479	25729738	25729738	0.14341416	1	373476.7	19.41499	1.0077247	NA	NA	0.0	0.95837725	0.9583772	1	1	1:1	2	neutral	4113140
20	29810057	62890003	NA	33079952	496798	1.9167545	494856	18960	45840.0	mappable	0.08215	5.0	self	2.428445e-05	4.78446e-05	0.00417570371	0.0800658	0.08011365	29810057	29810057	62889991	62890015	0.15131332	1	373476.7	19.41499	1.0077247	NA	NA	0.0	0.95837725	0.9583772	1	1	1:1	2	neutral	4113140
20	62890003	62909989	NA	19987	357	2.4975705	349	0	45.0	mappable	NA	8.0	edge	0.00296715418	0.125	0.0577067143	0.13998961	0.26498961	62889991	62890015	62909989	62909989	NA	missing	420036.2	NA	1.1297949	NA	NA	NA	NA	NA	NA	NA	NA	NA	NA	4113140
21	10720001	10755032	NA	35032	1751	1.9009354	1696	0	235.0	mappable	NA	NA	edge	0.22288487834	0.01818181818	0.0012932857	0.13248204	0.15066386	10720001	10720001	10739886	10770178	NA	missing	822587.8	NA	1.0044	NA	NA	NA	NA	NA	NA	NA	NA	NA	NA	4113140
21	10755032	11014966	NA	259935	3086	1.6164041	2895	0	511.0	mappable	NA	NA	NA	0.14463039484	0.00523560209	0.0610932857	0.11118652	0.11642213	10739886	10770178	10859932	11170000	NA	missing	737328.2	NA	0.9446	NA	NA	NA	NA	NA	NA	NA	NA	NA	NA	4113140
21	11014966	11179964	NA	164999	291	1.8814089	272	0	41.0	mappable	NA	3.0	NA	0.30191467875	0.05263157895	0.0080067143	0.11539284	0.16802442	10859932	11170000	11179964	11179964	NA	missing	322672.9	NA	1.0002961	NA	NA	NA	NA	NA	NA	NA	NA	NA	NA	4113140
21	15410077	33814361	NA	18404287	292684	1.9167545	291475	13836	23827.0	mappable	0.078725	5.0	self	0.00177710113	6.647168e-05	0.00635209293	0.08287222	0.0829387	15410077	15410077	33799931	33814361	0.14866823	1	373476.7	19.41499	1.0077247	NA	NA	0.0	0.95837725	0.9583772	1	1	1:1	2	neutral	4113140
21	33814362	44260020	CTX	10445662	159801	1.9167545	158973	8546	14186.0	mappable	0.08215	5.0	self	0.00208371188	0.00010667805	0.00460113484	0.08577653	0.08588321	33814362	33840088	44259986	44260020	0.15636747	1	373476.7	19.41499	1.0077247	NA	NA	0.0	0.95837725	0.9583772	1	1	1:1	2	neutral	4113140
21	44260021	44270018	NA	9998	238	2.6265379	237	15	26.0	mappable	0.12225484	NA	identical	0.04055434931	0.0625	0.1512067143	0.15051827	0.21301827	44260021	44260055	44269961	44270075	NA	missing	336281.4	18.6823	1.1569	NA	NA	NA	NA	NA	NA	NA	NA	NA	NA	4113140
21	44270018	46909936	NA	2639919	42586	1.9167545	42336	2320	4085.0	mappable	0.085575	5.0	self	0.00387451248	0.00038910506	0.0003932857	0.09375559	0.09414469	44269961	44270075	46909782	46909936	0.17377984	1	373476.7	19.41499	1.0077247	NA	NA	0.0	0.95837725	0.9583772	1	1	1:1	2	neutral	4113140
21	46909937	46929991	NA	20055	463	1.1781878	454	40	57.0	mappable	0.121075	NA	identical	0.02442451248	0.02040816327	0.1531932857	0.13994162	0.16034978	46909937	46910091	46929973	46929991	NA	missing	212842.2	11.751851	0.8525	NA	NA	NA	NA	NA	NA	NA	NA	NA	NA	4113140
21	46929992	48099931	NA	1169940	20040	1.9167545	19813	704	2160.0	mappable	0.08764674	5.0	edge	0.01072451248	0.00107411386	0.0071932857	0.09921618	0.10029029	46929992	46930010	48099931	48099931	0.19367532	1	373476.7	19.41499	1.0077247	NA	NA	0.0	0.95837725	0.9583772	1	1	1:1	2	neutral	4113140
22	16850007	23050000	NA	6199994	60124	1.9167545	59675	2968	5724.0	mappable	0.08271923	5.0	edge	0.00044951248	0.00029265438	0.0049067143	0.08863741	0.08893007	16850007	16850007	23039996	23060004	0.18864888	1	373476.7	19.41499	1.0077247	NA	NA	0.0	0.95837725	0.9583772	1	1	1:1	2	neutral	4113140
22	23050000	23245009	NA	195010	3089	0.9664546	3071	230	265.0	mappable	0.22349412	NA	identical	0.15881421837	0.00403225806	0.1976932857	0.11380974	0.117842	23039996	23060004	23239965	23250053	0.60296889	2	269568.9	16.473657	0.808	17.10195	0.9419939	0.8839878	0.05606027	0.9103944	1	0	1:0	1	LOH	4113140
22	23245009	51179984	NA	27934977	392283	1.9167545	390557	18972	36673.0	mappable	0.089	5.0	edge	0.0066627792	4.831618e-05	0.00701984128	0.08085522	0.08090354	23239965	23250053	51179984	51179984	0.17155132	1	373476.7	19.41499	1.0077247	NA	NA	0.0	0.95837725	0.9583772	1	1	1:1	2	neutral	4113140
23	2700027	51174985	NA	48474959	445096	1.9167545	444500	5089	38116.0	mappable	0.0753	5.0	edge	0.00490204234	0.0001759015	0.00152607279	0.07833695	0.07851285	2700027	2700027	51169791	51180179	0.15594895	1	373476.7	19.41499	1.0077247	NA	NA	0.0	0.95837725	0.9583772	1	1	1:1	2	neutral	4113140
23	51174985	58499983	NA	7324999	45369	2.8040131	45349	12	3802.0	mappable	0.16889286	NA	NA	0.09123701248	0.03125	0.1885067143	0.08770238	0.11895238	51169791	51180179	58499983	58499983	NA	missing	434563.4	26.918786	1.1942	NA	NA	NA	NA	NA	NA	NA	NA	NA	NA	4113140
23	61750000	88459980	NA	26709983	245744	1.9167545	245163	8090	19356.0	mappable	0.08215	5.0	self	0.00042351779	0.00011532695	0.00634678528	0.08106725	0.08118257	61750000	61750000	88459980	88459980	0.15516258	1	373476.7	19.41499	1.0077247	NA	NA	0.0	0.95837725	0.9583772	1	1	1:1	2	neutral	4113140
23	88990017	89349936	NA	359920	1088	1.9167545	1088	126	79.0	mappable	0.058175	5.0	NA	0.02352548752	0.00793650794	0.0062932857	0.10835811	0.11629462	88990017	88990017	89349936	89349936	0.07631013	1	373476.7	19.41499	1.0077247	NA	NA	0.0	0.95837725	0.9583772	1	1	1:1	2	neutral	4113140
23	89349937	90140198	NA	790262	0	0.0	0	0	NA	mappable	NA	NA	NA	NA	inf	1.0056932857	0.10208263	inf	89349937	89349937	90140198	90140198	NA	missing	NA	NA	0.0	NA	NA	0.0	0.0	0.0	0	0	NA	0	homozygousDel	4113140
23	90140199	91529952	NA	1389754	5098	1.9167545	5089	220	413.0	mappable	0.091925	5.0	NA	0.01022451248	0.00436681223	0.0003932857	0.09800848	0.10237529	90140199	90140199	91529952	91529952	0.19333676	1	373476.7	19.41499	1.0077247	NA	NA	0.0	0.95837725	0.9583772	1	1	1:1	2	neutral	4113140
23	91529953	92379999	NA	850047	0	0.0	0	0	NA	mappable	NA	NA	NA	NA	inf	1.0056932857	0.10153736	inf	91529953	91529953	92379999	92379999	NA	missing	NA	NA	0.0	NA	NA	0.0	0.0	0.0	0	0	NA	0	homozygousDel	4113140
23	92380000	122160001	NA	29780003	271413	1.9167545	270655	8996	21835.0	mappable	0.07973333	5.0	NA	0.0034469322	0.00010253255	0.00461153575	0.08055473	0.08065726	92380000	92380000	122159993	122160001	0.16269436	1	373476.7	19.41499	1.0077247	NA	NA	0.0	0.95837725	0.9583772	1	1	1:1	2	neutral	4113140
23	122160002	123140007	NA	980006	8192	2.6736425	8171	231	721.0	mappable	0.1003	NA	identical	0.01777106421	0.00396825397	0.1611067143	0.10049024	0.10445849	122160002	122160010	123139877	123140137	0.55944928	2	435178.7	24.478801	1.1668	19.1187	0.6297783	0.2595565	0.98984056	1.683802	sub	1	sub:1	sub	sub	4113140
23	123140007	154929639	NA	31789634	287176	1.9167545	286275	10290	23599.0	mappable	0.08215	5.0	edge	8.133493e-05	8.935752e-05	0.00611063952	0.08025021	0.08033957	123139877	123140137	154929639	154929639	0.15534884	1	373476.7	19.41499	1.0077247	NA	NA	0.0	0.95837725	0.9583772	1	1	1:1	2	neutral	4113140
24	2653090	2919837	NA	266748	290	1.0120844	290	0	12.0	mappable	NA	NA	NA	NA	NA	NA	NA	NA	2653090	2653090	2919837	2919837	NA	missing	191765.6	NA	1.0303	NA	NA	NA	NA	NA	1	NA	1	1	neutral	4113140
24	3712028	3719919	NA	7892	141	1.1533985	141	94	1.0	mappable	0.38451558	NA	NA	NA	NA	NA	NA	NA	3712028	3712028	3719919	3719919	0.97266992	2	613670.0	41.887627	1.0897	NA	NA	NA	NA	NA	1	NA	1	1	neutral	4113140
24	6420014	10069977	NA	3649964	6007	0.8967018	6007	38	359.0	mappable	0.11869559	NA	NA	NA	NA	NA	NA	NA	6420014	6420014	10069977	10069977	NA	missing	173659.1	7.496465	0.9818	NA	NA	NA	NA	NA	1	NA	1	1	neutral	4113140
24	13130467	19558992	NA	6428526	11854	0.8650607	11855	172	773.0	mappable	0.188325	NA	NA	NA	NA	NA	NA	NA	13130467	13130467	19558992	19558992	0.33542346	1	202310.7	7.58665	0.9685	NA	NA	NA	NA	NA	1	NA	1	1	neutral	4113140
24	20802956	23808171	NA	3005216	2820	0.9269154	2820	7	135.0	mappable	0.57724899	NA	NA	NA	NA	NA	NA	NA	20802956	20802956	23808171	23808171	NA	missing	188154.0	4.031871	0.9945	NA	NA	NA	NA	NA	1	NA	1	1	neutral	4113140
24	24381338	24508205	NA	126868	226	1.1336526	226	0	3.0	mappable	NA	NA	NA	NA	NA	NA	NA	NA	24381338	24381338	24508205	24508205	NA	missing	208374.4	NA	1.0814	NA	NA	NA	NA	NA	1	NA	1	1	neutral	4113140
24	28780461	28789809	NA	9349	78	0.9852015	78	9	15.0	mappable	0.26426184	NA	NA	NA	NA	NA	NA	NA	28780461	28780461	28789809	28789809	NA	missing	284037.1	10.549949	1.019	NA	NA	NA	NA	NA	1	NA	1	1	neutral	4113140
