#chromosome	start	end	crest	length	tcnNbrOfLoci	tcnMean	tcnNbrOfSNPs	tcnNbrOfHets	dhNbrOfLoci	map	dhMax	cluster	neighbour	distDH	errorSNP	distTcn	errorLength	totalError	minStart	maxStart	minStop	maxStop	area	peaks	meanCovT	meanCovB	tcnMeanRaw	AF	BAF	dhMean	c1Mean	c2Mean	A	B	genotype	TCN	GNL	PID
1	840009	12839977	NA	11999970	172052	2.00652611	171104	7231	20972.0	mappable	0.092425	3.0	edge	0.00908294041	0.00012232416	0.00620052839	0.08504657	0.08516889	840009	840009	12839977	12839977	0.17379749	1	273483.7	14.309717	1.0011747	NA	NA	0.0	1.003263056	1.0032631	1	1	1:1	2	neutral	4173863
1	13780016	101960002	NA	88179993	1143524	2.00652611	1139668	44151	124300.0	mappable	0.089	3.0	self	0.00175099713	2.083073e-05	0.00610424692	0.07577495	0.07579578	13780016	13780016	101959989	101960002	0.1610902	1	273483.7	14.309717	1.0011747	NA	NA	0.0	1.003263056	1.0032631	1	1	1:1	2	neutral	4173863
1	101960003	101980038	NA	20036	417	2.97888889	417	59	41.0	mappable	0.09146667	NA	identical	0.0027269291	0.01694915254	0.17407579854	0.13995501	0.15690416	101960003	101960016	101979910	101980166	0.03453672	1	337411.1	16.870554	1.1762	NA	NA	0.0	1.489444444	1.4894444	sub	sub	sub:sub	sub	sub	4173863
1	101980038	120529963	NA	18549926	249236	2.00652611	248585	11220	25676.0	mappable	0.090275	3.0	NA	0.00026026243	8.4246e-05	0.00207579854	0.08283319	0.08291744	101979910	101980166	120529963	120529963	0.1457761	1	273483.7	14.309717	1.0011747	NA	NA	0.0	1.003263056	1.0032631	1	1	1:1	2	neutral	4173863
1	121220004	121229986	NA	9983	177	2.32277778	177	0	17.0	mappable	NA	NA	NA	NA	inf	0.05597579854	0.15054281	inf	121220004	121220004	121229986	121229986	NA	missing	294848.0	NA	1.0581	NA	NA	NA	NA	NA	NA	NA	NA	NA	NA	4173863
1	144010127	144019970	NA	9844	155	1.98853556	90	0	16.0	mappable	NA	7.0	NA	0.24914776243	0.01538461538	0.04597579854	0.15077238	0.166157	144010127	144010127	144019970	144019970	NA	missing	262553.0	NA	0.9979364	NA	NA	NA	NA	NA	NA	NA	NA	NA	NA	4173863
1	144920087	145739956	NA	819870	6371	1.98853556	5799	26	638.0	mappable	0.09849286	7.0	NA	0.24512473612	0.0016722408	0.00887579854	0.10180689	0.10347913	144920087	144920087	145739956	145739956	NA	missing	262553.0	17.786162	0.9979364	NA	NA	NA	NA	NA	NA	NA	NA	NA	NA	4173863
1	146540101	147829895	NA	1289795	11672	2.00652611	11641	619	1265.0	mappable	0.07951346	3.0	self	0.00618589141	0.00153846154	0.00562420146	0.09852843	0.10006689	146540101	146540101	147829895	147829895	0.15216007	1	273483.7	14.309717	1.0011747	NA	NA	0.0	1.003263056	1.0032631	1	1	1:1	2	neutral	4173863
1	149815060	168409995	NA	18594940	237751	2.00652611	236872	10380	26199.0	mappable	0.089	3.0	self	0.00186992714	8.881783e-05	0.00451895564	0.0828212	0.08291002	149815060	149815060	168409984	168409995	0.16406157	1	273483.7	14.309717	1.0011747	NA	NA	0.0	1.003263056	1.0032631	1	1	1:1	2	neutral	4173863
1	168409996	168419962	NA	9967	169	3.81166667	169	7	20.0	mappable	0.26160921	NA	identical	0.17286947296	0.14285714286	0.32397579854	0.15056903	0.29342618	168409996	168410007	168419866	168420058	NA	missing	351991.1	21.510567	1.3261	NA	NA	NA	NA	NA	NA	NA	NA	NA	NA	4173863
1	168419962	222629921	NA	54209964	739310	2.00652611	737033	32472	77655.0	mappable	0.089	3.0	self	0.00044564568	2.877946e-05	0.00022726567	0.07784508	0.07787386	168419866	168420058	222629828	222629921	0.14754525	1	273483.7	14.309717	1.0011747	NA	NA	0.0	1.003263056	1.0032631	1	1	1:1	2	neutral	4173863
1	222670023	228761034	NA	6091012	72985	2.00652611	72733	3298	8064.0	mappable	0.089	3.0	self	0.00026026243	0.00028169014	0.00222420146	0.08873803	0.08901972	222670023	222700051	228739797	228782271	0.16082214	1	273483.7	14.309717	1.0011747	NA	NA	0.0	1.003263056	1.0032631	1	1	1:1	2	neutral	4173863
1	228761034	228830054	NA	69021	413	2.84333333	412	27	35.0	mappable	0.05930147	NA	identical	0.02943826698	0.03571428571	0.14967579854	0.12441875	0.16013303	228739797	228782271	228829916	228830054	NA	missing	277319.5	14.34411	1.1518	NA	NA	NA	NA	NA	NA	NA	NA	NA	NA	4173863
1	228830055	229540014	NA	709960	10811	2.00652611	10780	782	1148.0	mappable	0.0920125	3.0	NA	0.00327276243	0.0012300123	0.01812420146	0.10289454	0.10412455	228830055	228830193	229539982	229540046	0.10688993	1	273483.7	14.309717	1.0011747	NA	NA	0.0	1.003263056	1.0032631	1	1	1:1	2	neutral	4173863
1	229540014	229554973	NA	14960	155	2.58888889	155	0	15.0	mappable	NA	NA	NA	NA	inf	0.10387579854	0.14420835	inf	229539982	229540046	229549907	229554973	NA	missing	201144.3	NA	1.106	NA	NA	NA	NA	NA	NA	NA	NA	NA	NA	4173863
1	229554974	249209945	NA	19654972	282998	2.00652611	281680	15695	31049.0	mappable	0.092425	3.0	edge	0.00368526243	5.877858e-05	0.00417579854	0.08254778	0.08260656	229554974	229560040	249209945	249209945	0.16240661	1	273483.7	14.309717	1.0011747	NA	NA	0.0	1.003263056	1.0032631	1	1	1:1	2	neutral	4173863
2	20016	87059860	NA	87039865	1311583	2.00652611	1307114	61710	139303.0	mappable	0.089	3.0	edge	0.00119982254	1.511145e-05	0.00201013422	0.07582889	0.075844	20016	20016	87059860	87059860	0.14322641	1	273483.7	14.309717	1.0011747	NA	NA	0.0	1.003263056	1.0032631	1	1	1:1	2	neutral	4173863
2	88330099	89094923	NA	764825	9475	2.00652611	9451	212	1128.0	mappable	0.1286	3.0	self	0.03426026243	0.00423728814	0.00497579854	0.10232916	0.10656645	88330099	88330099	89059837	89130009	0.14949417	1	273483.7	14.309717	1.0011747	NA	NA	0.0	1.003263056	1.0032631	1	1	1:1	2	neutral	4173863
2	89094923	89161070	NA	66148	1118	0.31666667	1118	13	101.0	mappable	0.059475	NA	NA	0.02926473757	0.07692307692	0.30512420146	0.12489532	0.2018184	89059837	89130009	89161069	89161070	NA	missing	190236.6	9.511832	0.697	NA	NA	NA	NA	NA	NA	NA	NA	NA	NA	4173863
2	89161071	89197302	INV	36232	1011	0.87777778	1011	15	79.0	mappable	0.080725	NA	NA	0.00801473757	0.06666666667	0.20412420146	0.13205699	0.19872365	89161071	89161072	89197190	89197302	NA	missing	221411.4	11.653231	0.798	NA	NA	NA	NA	NA	NA	NA	NA	NA	NA	4173863
2	89197303	89229990	INV	32688	275	0.87055556	275	0	29.0	mappable	NA	NA	NA	NA	inf	0.20542420146	0.13336469	inf	89197303	89197396	89229990	89229990	NA	missing	235832.6	NA	0.7967	NA	NA	NA	NA	NA	NA	NA	NA	NA	NA	4173863
2	89840102	90239998	NA	399897	907	2.13388889	902	0	92.0	mappable	NA	NA	NA	0.06447155575	0.2	0.02197579854	0.10747332	0.30747332	89840102	89840102	90239998	90239998	NA	missing	429965.4	NA	1.0241	NA	NA	NA	NA	NA	NA	NA	NA	NA	NA	4173863
2	95580145	96239991	NA	659847	4445	2.01777778	4441	24	549.0	mappable	0.27942538	NA	NA	0.18623028159	0.03571428571	0.00107579854	0.10345663	0.13917092	95580145	95580145	96239991	96239991	NA	missing	226880.7	13.184954	1.0032	NA	NA	NA	NA	NA	NA	NA	NA	NA	NA	4173863
2	96239992	96740020	NA	500029	0	0.0	0	0	NA	mappable	NA	NA	NA	NA	inf	1.00212420146	0.10564318	inf	96239992	96239992	96740020	96740020	NA	missing	NA	NA	0.0	NA	NA	0.0	0.0	0.0	0	0	NA	0	homozygousDel	4173863
2	96740021	132189994	NA	35449974	448519	2.00652611	447290	17766	47958.0	mappable	0.089	3.0	NA	0.00052211846	5.265375e-05	0.00301945139	0.0797471	0.07979976	96740021	96740021	132189994	132189994	0.15470645	1	273483.7	14.309717	1.0011747	NA	NA	0.0	1.003263056	1.0032631	1	1	1:1	2	neutral	4173863
2	132189995	133009999	NA	820005	0	0.0	0	0	NA	mappable	NA	NA	NA	NA	inf	1.00212420146	0.10180566	inf	132189995	132189995	133009999	133009999	NA	missing	NA	NA	0.0	NA	NA	0.0	0.0	0.0	0	0	NA	0	homozygousDel	4173863
2	133010000	148580036	NA	15570039	218675	2.00652611	218053	8789	22367.0	mappable	0.089	3.0	NA	0.00126928489	0.00010625863	0.00591487068	0.08370909	0.08381534	133010000	133010000	148579991	148580081	0.13091914	1	273483.7	14.309717	1.0011747	NA	NA	0.0	1.003263056	1.0032631	1	1	1:1	2	neutral	4173863
2	148580036	148590003	NA	9968	117	2.97444444	117	0	16.0	mappable	NA	NA	NA	NA	inf	0.17327579854	0.15056739	inf	148579991	148580081	148589984	148590022	NA	missing	365995.0	NA	1.1754	NA	NA	NA	NA	NA	NA	NA	NA	NA	NA	4173863
2	148590003	184721058	NA	36131059	481191	2.00652611	479768	19470	49431.0	mappable	0.085575	3.0	NA	0.0021990146	4.786292e-05	0.00366982856	0.0796599	0.07970776	148589984	148590022	184721045	184721058	0.1609222	1	273483.7	14.309717	1.0011747	NA	NA	0.0	1.003263056	1.0032631	1	1	1:1	2	neutral	4173863
2	184721059	184911306	DEL	190248	2295	1.07666667	2294	166	199.0	mappable	0.21889643	NA	identical	0.130156691	0.00598802395	0.16832420146	0.1140412	0.12002922	184721059	184721068	184911090	184911306	0.66578635	2	262864.1	16.000422	0.8338	15.76302	0.9676493	0.9352986	0.034830918	1.0418357	1	0	1:0	1	LOH	4173863
2	184911307	230929915	DEL	46018611	613171	2.00652611	610985	26634	63549.0	mappable	0.089	3.0	self	0.00020382528	3.470053e-05	0.00325519091	0.07856782	0.07860252	184911307	184911372	230929743	230930087	0.16215298	1	273483.7	14.309717	1.0011747	NA	NA	0.0	1.003263056	1.0032631	1	1	1:1	2	neutral	4173863
2	230929915	230940064	NA	10150	143	3.355	138	6	25.0	mappable	0.08309363	NA	identical	0.01274597672	0.09090909091	0.24177579854	0.15027208	0.24118117	230929743	230930087	230939988	230940140	NA	missing	258630.0	13.127103	1.2439	NA	NA	NA	NA	NA	NA	NA	NA	NA	NA	4173863
2	230940064	242999969	NA	12059907	188377	2.00652611	187585	9212	21727.0	mappable	0.09585	3.0	edge	0.00716193393	9.999e-05	0.00066768501	0.08502058	0.08512057	230939988	230940140	242999969	242999969	0.16739438	1	273483.7	14.309717	1.0011747	NA	NA	0.0	1.003263056	1.0032631	1	1	1:1	2	neutral	4173863
3	100074	3264311	NA	3164239	61986	2.00652611	61823	2328	6225.0	mappable	0.0841	3.0	edge	0.00518014637	0.0004014452	0.00358501513	0.09262078	0.09302222	100074	100074	3264247	3264311	0.16733856	1	273483.7	14.309717	1.0011747	NA	NA	0.0	1.003263056	1.0032631	1	1	1:1	2	neutral	4173863
3	3264312	4306262	DEL	1041951	17749	1.00611111	17695	766	1718.0	mappable	0.22545192	NA	identical	0.13126859577	0.0012195122	0.18102420146	0.10004574	0.10126525	3264312	3264335	4306189	4306262	0.5882376	2	232472.5	13.948347	0.8211	14.15616	0.9533959	0.9067918	0.046888889	0.9592222	1	0	1:0	1	LOH	4173863
3	4306263	9435012	DEL	5128750	89193	2.00652611	88846	5049	8932.0	mappable	0.089	3.0	self	0.00026026243	0.00018532246	0.00562420146	0.08972563	0.08991095	4306263	4306273	9434966	9435012	0.16175384	1	273483.7	14.309717	1.0011747	NA	NA	0.0	1.003263056	1.0032631	1	1	1:1	2	neutral	4173863
3	9435013	10095357	DEL	660345	7574	1.03234444	7548	281	902.0	mappable	0.126675	2.0	identical	0.03451026243	0.00325732899	0.19212420146	0.10345081	0.10670814	9435013	9435165	10079799	10095357	0.63010962	2	237883.6	14.420624	0.825822	14.40284	0.9719918	0.9439835	0.02891416	1.0034303	1	0	1:0	1	LOH	4173863
3	10095358	90499969	DEL	80404617	1126980	2.00652611	1123304	50634	117589.0	mappable	0.089	3.0	self	1.014327e-05	1.841315e-05	0.00399389028	0.07615921	0.07617763	10095358	10120006	90499969	90499969	0.15050713	1	273483.7	14.309717	1.0011747	NA	NA	0.0	1.003263056	1.0032631	1	1	1:1	2	neutral	4173863
3	93570175	98030010	NA	4459837	63227	2.00652611	63001	3454	6178.0	mappable	0.081	3.0	self	0.0069645693	0.00027173913	0.00047780989	0.09054461	0.09081635	93570175	93570175	98029982	98030038	0.1511554	1	273483.7	14.309717	1.0011747	NA	NA	0.0	1.003263056	1.0032631	1	1	1:1	2	neutral	4173863
3	98030010	98039994	NA	9985	210	2.94111111	210	2	25.0	mappable	0.08373591	NA	identical	0.00500382774	0.5	0.16727579854	0.15053953	0.65053953	98029982	98030038	98039980	98039994	NA	missing	325428.0	17.031256	1.1694	NA	NA	NA	NA	NA	NA	NA	NA	NA	NA	4173863
3	98039995	151400043	NA	53360050	719366	2.00652611	717080	33633	74625.0	mappable	0.089	3.0	self	0.00085609115	2.784119e-05	0.00182285583	0.07791422	0.07794206	98039995	98040009	151399946	151400140	0.14894203	1	273483.7	14.309717	1.0011747	NA	NA	0.0	1.003263056	1.0032631	1	1	1:1	2	neutral	4173863
3	151400043	151430013	NA	29971	441	3.13444444	439	2	35.0	mappable	0.14316239	NA	identical	0.06006473757	0.25	0.20207579854	0.13448742	0.38448742	151399946	151400140	151429970	151430056	NA	missing	359395.4	20.542366	1.2042	NA	NA	NA	NA	NA	NA	NA	NA	NA	NA	4173863
3	151430013	163519994	NA	12089984	159985	2.00652611	159507	7586	16378.0	mappable	0.085575	3.0	self	0.00400110889	0.00012400794	0.0081089679	0.0850076	0.0851316	151429970	151430056	163519963	163519994	0.15843667	1	273483.7	14.309717	1.0011747	NA	NA	0.0	1.003263056	1.0032631	1	1	1:1	2	neutral	4173863
3	163519995	163530009	NA	10015	146	3.11055556	128	0	17.0	mappable	NA	NA	identical	0.0539480709	0.05555555556	0.19777579854	0.15049051	0.20604606	163519995	163520026	163529974	163530009	NA	missing	341576.0	NA	1.1999	NA	NA	NA	NA	NA	NA	NA	NA	NA	NA	4173863
3	163530010	172329908	NA	8799899	121390	2.00652611	121034	5909	12140.0	mappable	0.09125227	3.0	self	0.00026026243	0.00015961692	0.00022420146	0.08669622	0.08685584	163530010	163530045	172329792	172329908	0.14329123	1	273483.7	14.309717	1.0011747	NA	NA	0.0	1.003263056	1.0032631	1	1	1:1	2	neutral	4173863
3	172329909	172339962	NA	10054	177	1.41833333	165	0	18.0	mappable	NA	NA	identical	0.2938738988	0.08333333333	0.10682420146	0.15042704	0.23376037	172329909	172330025	172339852	172340072	NA	missing	215070.0	NA	0.8953	NA	NA	NA	NA	NA	NA	NA	NA	NA	NA	4173863
3	172339962	174270529	NA	1930568	26417	2.00652611	26360	1333	2604.0	mappable	0.07881912	3.0	self	0.00864179236	0.00071942446	0.00512420146	0.09578272	0.09650214	172339852	172340072	174270469	174270529	0.13924796	1	273483.7	14.309717	1.0011747	NA	NA	0.0	1.003263056	1.0032631	1	1	1:1	2	neutral	4173863
3	174270530	174313811	DEL	43282	590	1.15666667	580	0	63.0	mappable	NA	NA	identical	0.22368677758	0.1	0.15392420146	0.12985765	0.22985765	174270530	174270585	174313438	174313811	NA	missing	271856.5	NA	0.8482	NA	NA	NA	NA	NA	NA	NA	NA	NA	NA	4173863
3	174313812	197779892	DEL	23466083	327795	2.00652611	326495	15337	35761.0	mappable	0.092425	3.0	edge	0.00245125368	6.010699e-05	0.00995235218	0.08168575	0.08174586	174313812	174313831	197779892	197779892	0.16792491	1	273483.7	14.309717	1.0011747	NA	NA	0.0	1.003263056	1.0032631	1	1	1:1	2	neutral	4173863
4	50084	7380013	NA	7329930	114148	2.00652611	113402	5146	13658.0	mappable	0.099275	3.0	edge	0.00711026243	0.00016972166	0.00537579854	0.08769865	0.08786837	50084	50084	7379998	7380013	0.16402006	1	273483.7	14.309717	1.0011747	NA	NA	0.0	1.003263056	1.0032631	1	1	1:1	2	neutral	4173863
4	7380014	7400005	NA	19992	479	2.30526944	472	50	36.0	mappable	0.26595	6.0	identical	0.1720269291	0.01754385965	0.11797579854	0.13998608	0.15752994	7380014	7380029	7399990	7400005	0.17585976	1	539552.1	29.651323	1.0549485	NA	NA	0.0	1.152634722	1.1526347	1	1	1:1	2	neutral	4173863
4	7400006	8939952	NA	1539947	30892	2.00652611	30751	1628	3613.0	mappable	0.099275	3.0	self	0.01053526243	0.00056529112	0.01882420146	0.09730253	0.09786783	7400006	7400021	8939952	8939952	0.17661793	1	273483.7	14.309717	1.0011747	NA	NA	0.0	1.003263056	1.0032631	1	1	1:1	2	neutral	4173863
4	9800043	26930529	NA	17130489	268582	2.00652611	267651	13446	27422.0	mappable	0.089	3.0	self	0.00089361712	6.955554e-05	0.01239688839	0.08322908	0.08329863	9800043	9800043	26930446	26930529	0.14981143	1	273483.7	14.309717	1.0011747	NA	NA	0.0	1.003263056	1.0032631	1	1	1:1	2	neutral	4173863
4	26930530	27027104	DEL	96575	1162	1.03234444	1162	54	118.0	mappable	0.16986852	2.0	identical	0.08112878095	0.01851851852	0.16062420146	0.1207776	0.13929612	26930530	26930558	27027010	27027104	0.66054757	2	237883.6	14.420624	0.825822	14.40284	0.9719918	0.9439835	0.02891416	1.0034303	1	0	1:0	1	LOH	4173863
4	27027105	49089961	DEL	22062863	329589	2.00652611	328602	17105	33118.0	mappable	0.085575	3.0	self	0.0025220981	5.527305e-05	0.00832641036	0.08198362	0.08203889	27027105	27027118	49089961	49089961	0.1550404	1	273483.7	14.309717	1.0011747	NA	NA	0.0	1.003263056	1.0032631	1	1	1:1	2	neutral	4173863
4	52680112	52709886	NA	29775	506	2.57570111	502	2	54.0	mappable	0.03280423	1.0	NA	0.04442664233	0.16666666667	0.06337579854	0.13457308	0.30123974	52680112	52680112	52709671	52710101	NA	missing	320191.2	16.956821	1.1036262	NA	NA	NA	NA	NA	NA	NA	NA	NA	NA	4173863
4	52709886	86810011	NA	34100130	476992	2.00652611	475471	22533	48057.0	mappable	0.089	3.0	NA	0.00077092496	4.157486e-05	0.0026768038	0.07992559	0.07996717	52709671	52710101	86809975	86810047	0.15615661	1	273483.7	14.309717	1.0011747	NA	NA	0.0	1.003263056	1.0032631	1	1	1:1	2	neutral	4173863
4	86810011	86820039	NA	10029	166	2.96888889	166	0	18.0	mappable	NA	NA	NA	NA	inf	0.17227579854	0.15046769	inf	86809975	86810047	86819998	86820080	NA	missing	322823.3	NA	1.1744	NA	NA	NA	NA	NA	NA	NA	NA	NA	NA	4173863
4	86820039	166979986	NA	80159950	1071573	2.00652611	1068071	53903	106901.0	mappable	0.089	3.0	NA	0.00025003583	1.742039e-05	0.00220713957	0.07617197	0.07618939	86819998	86820080	166979966	166979986	0.15131197	1	273483.7	14.309717	1.0011747	NA	NA	0.0	1.003263056	1.0032631	1	1	1:1	2	neutral	4173863
4	166979987	166999975	NA	19989	406	2.53388889	406	0	40.0	mappable	NA	NA	NA	NA	inf	0.09397579854	0.1399882	inf	166979987	166980007	166999930	167000020	NA	missing	342636.5	NA	1.0961	NA	NA	NA	NA	NA	NA	NA	NA	NA	NA	4173863
4	166999975	187230053	NA	20230081	307706	2.00652611	306615	14122	31887.0	mappable	0.089	3.0	NA	0.00061109033	6.573325e-05	0.00572523989	0.08240627	0.082472	166999930	167000020	187229896	187230210	0.17422961	1	273483.7	14.309717	1.0011747	NA	NA	0.0	1.003263056	1.0032631	1	1	1:1	2	neutral	4173863
4	187230053	187250002	NA	19950	351	2.43333333	351	0	38.0	mappable	NA	NA	NA	NA	inf	0.07587579854	0.14001581	inf	187229896	187230210	187249894	187250110	NA	missing	279520.5	NA	1.078	NA	NA	NA	NA	NA	NA	NA	NA	NA	NA	4173863
4	187250002	187885060	NA	635059	10494	2.00652611	10443	782	1148.0	mappable	0.099275	3.0	NA	0.01053526243	0.00120048019	0.00312420146	0.10375311	0.10495359	187249894	187250110	187879997	187885060	0.13819376	1	273483.7	14.309717	1.0011747	NA	NA	0.0	1.003263056	1.0032631	1	1	1:1	2	neutral	4173863
4	187900005	190385014	NA	2485012	40865	2.00652611	40621	1881	4904.0	mappable	0.092425	3.0	self	0.00137675927	0.00047058824	0.00343732307	0.09414059	0.09461118	187900005	187900022	190379979	190390049	0.35400081	2	273483.7	14.309717	1.0011747	13.65814	0.5644169	0.1288338	0.874008852	1.1325173	1	1	1:1	2	mixDH	4173863
4	190385014	190419997	NA	34984	487	2.97111111	471	36	78.0	mappable	0.14328529	NA	identical	0.07059359577	0.01923076923	0.17267579854	0.1324994	0.15173017	190379979	190390049	190419935	190419997	0.32414022	1	287995.4	16.707426	1.1748	NA	NA	0.0	1.485555556	1.4855556	sub	sub	sub:sub	sub	sub	4173863
4	190419998	190939997	NA	520000	11538	2.00652611	11068	199	1680.0	mappable	0.09585	3.0	edge	0.02766026243	0.00149476831	0.01097579854	0.10532884	0.10682361	190419998	190420060	190939997	190939997	0.29183073	1	273483.7	14.309717	1.0011747	NA	NA	0.0	1.003263056	1.0032631	1	1	1:1	2	neutral	4173863
5	50017	1019988	NA	969972	12039	2.00652611	11937	516	1628.0	mappable	0.0753	3.0	edge	0.00658973757	0.00161812298	0.02857579854	0.10056526	0.10218338	50017	50017	1019956	1019988	0.21114739	1	273483.7	14.309717	1.0011747	NA	NA	0.0	1.003263056	1.0032631	1	1	1:1	2	neutral	4173863
5	1019989	1039982	NA	19994	419	2.90166667	401	23	70.0	mappable	0.21865	NA	identical	0.10643526243	0.025	0.16017579854	0.13998466	0.16498466	1019989	1020021	1039948	1040016	NA	missing	161669.5	8.083477	1.1623	NA	NA	NA	NA	NA	NA	NA	NA	NA	NA	4173863
5	1039982	43814941	NA	42774961	637110	2.00652611	635037	29041	66268.0	mappable	0.085575	3.0	NA	0.00094000535	3.214091e-05	0.00023588422	0.07889464	0.07892679	1039948	1040016	43809873	43820009	0.15109454	1	273483.7	14.309717	1.0011747	NA	NA	0.0	1.003263056	1.0032631	1	1	1:1	2	neutral	4173863
5	43814941	43829977	NA	15037	215	2.57166667	215	0	26.0	mappable	NA	NA	NA	NA	inf	0.10077579854	0.14413138	inf	43809873	43820009	43829943	43829977	NA	missing	334581.7	NA	1.1029	NA	NA	NA	NA	NA	NA	NA	NA	NA	NA	4173863
5	43829978	46380013	NA	2550036	39281	2.00652611	39138	1222	3690.0	mappable	0.07704167	3.0	NA	0.01048973757	0.00073260073	0.00947579854	0.09397575	0.09470835	43829978	43830012	46369985	46390041	0.11286259	1	273483.7	14.309717	1.0011747	NA	NA	0.0	1.003263056	1.0032631	1	1	1:1	2	neutral	4173863
5	46380013	46399990	NA	19978	488	2.30526944	477	12	59.0	mappable	0.22039457	6.0	NA	0.12784830591	0.04347826087	0.13267579854	0.13999598	0.18347424	46369985	46390041	46399990	46399990	NA	missing	539552.1	29.651323	1.0549485	NA	NA	NA	NA	NA	NA	NA	NA	NA	NA	4173863
5	49470005	49610019	NA	140015	4063	2.57570111	3938	166	389.0	mappable	0.06675	1.0	NA	0.00533009297	0.00343642612	0.09596834099	0.11699175	0.12042818	49470005	49470005	49609921	49610019	0.2205568	1	320191.2	16.956821	1.1036262	NA	NA	0.0	1.287850556	1.2878506	1	1	1:1	2	neutral	4173863
5	49610020	68829703	NA	19219684	252537	2.00652611	251864	11479	25917.0	mappable	0.085575	3.0	self	0.00316473757	8.229775e-05	0.00347579854	0.08265801	0.08274031	49610020	49610118	68829703	68829703	0.13469077	1	273483.7	14.309717	1.0011747	NA	NA	0.0	1.003263056	1.0032631	1	1	1:1	2	neutral	4173863
5	70750153	78444968	NA	7694816	105078	2.00652611	104739	5504	10808.0	mappable	0.09015833	3.0	NA	0.00026026243	0.00017114496	0.00112420146	0.08742995	0.0876011	70750153	70750153	78439937	78444968	0.14682881	1	273483.7	14.309717	1.0011747	NA	NA	0.0	1.003263056	1.0032631	1	1	1:1	2	neutral	4173863
5	78444969	78480011	NA	35043	244	2.40111111	244	0	39.0	mappable	NA	NA	NA	NA	inf	0.07007579854	0.13247807	inf	78444969	78450000	78469993	78490029	NA	missing	263408.7	NA	1.0722	NA	NA	NA	NA	NA	NA	NA	NA	NA	NA	4173863
5	78480011	96639917	NA	18159907	232291	2.00652611	231573	9537	23713.0	mappable	0.08995	3.0	NA	0.00026026243	9.751341e-05	0.00287579854	0.0829385	0.08303601	78469993	78490029	96629826	96639917	0.15510035	1	273483.7	14.309717	1.0011747	NA	NA	0.0	1.003263056	1.0032631	1	1	1:1	2	neutral	4173863
5	96639918	96665022	NA	25105	204	2.93444444	204	29	23.0	mappable	0.09065	NA	identical	0.00191026243	0.03448275862	0.16607579854	0.13683927	0.17132203	96639918	96650009	96659973	96670071	NA	missing	346586.0	18.348671	1.1682	NA	NA	NA	NA	NA	NA	NA	NA	NA	NA	4173863
5	96665022	108482758	NA	11817737	169216	2.00652611	168674	8454	16729.0	mappable	0.085575	3.0	self	0.00026026243	0.00011116052	0.00017579854	0.08512649	0.08523765	96659973	96670071	108482745	108482758	0.20517697	1	273483.7	14.309717	1.0011747	NA	NA	0.0	1.003263056	1.0032631	1	1	1:1	2	neutral	4173863
5	108482759	109865017	CTX	1382259	22315	2.00652611	22276	563	2332.0	mappable	0.08234091	3.0	NA	0.00316473757	0.00166112957	0.00412420146	0.09804596	0.09970709	108482759	108482771	109859976	109865017	0.16171057	1	273483.7	14.309717	1.0011747	NA	NA	0.0	1.003263056	1.0032631	1	1	1:1	2	neutral	4173863
5	109865018	109879952	NA	14935	172	1.36	172	0	15.0	mappable	NA	NA	NA	NA	inf	0.11732420146	0.14423344	inf	109865018	109870059	109879833	109879952	NA	missing	232504.3	NA	0.8848	NA	NA	NA	NA	NA	NA	NA	NA	NA	NA	4173863
5	109879953	126060010	NA	16180058	257953	2.00652611	257275	11672	25852.0	mappable	0.089	3.0	NA	0.00044769911	8.097166e-05	0.00475943315	0.08351528	0.08359625	109879953	109880072	126059990	126060030	0.15242284	1	273483.7	14.309717	1.0011747	NA	NA	0.0	1.003263056	1.0032631	1	1	1:1	2	neutral	4173863
5	126060010	126094976	NA	34967	208	1.01888889	206	16	18.0	mappable	0.05755	NA	identical	0.03118973757	0.05555555556	0.17872420146	0.13250556	0.18806111	126059990	126060030	126069946	126094976	NA	missing	215932.0	11.337783	0.8234	NA	NA	NA	NA	NA	NA	NA	NA	NA	NA	4173863
5	126094977	140139999	NA	14045024	173033	2.00652611	172588	7219	18430.0	mappable	0.092425	3.0	self	0.00267054334	0.00013048017	0.00551679998	0.08423338	0.08436386	126094977	126120007	140139952	140139999	0.15688448	1	273483.7	14.309717	1.0011747	NA	NA	0.0	1.003263056	1.0032631	1	1	1:1	2	neutral	4173863
5	140140000	140269982	NA	129983	2368	2.58708444	2362	0	245.0	mappable	NA	5.0	identical	0.03971929542	0.16666666667	0.13367579854	0.11773042	0.28439708	140140000	140140047	140269941	140269982	NA	missing	312532.0	NA	1.1056752	NA	NA	NA	NA	NA	NA	NA	NA	NA	NA	4173863
5	140269983	170190006	NA	29920026	430652	2.00652611	429365	20771	44911.0	mappable	0.089	3.0	NA	0.00042574563	4.533503e-05	0.00772304229	0.08053278	0.08057811	140269983	140270024	170189998	170190006	0.14999129	1	273483.7	14.309717	1.0011747	NA	NA	0.0	1.003263056	1.0032631	1	1	1:1	2	neutral	4173863
5	170190007	170199997	NA	9991	205	3.06	205	0	22.0	mappable	NA	NA	NA	NA	inf	0.18867579854	0.15052971	inf	170190007	170190015	170199993	170200001	NA	missing	231418.0	NA	1.1908	NA	NA	NA	NA	NA	NA	NA	NA	NA	NA	4173863
5	170199997	180689979	NA	10489984	136603	2.00652611	135958	6806	15599.0	mappable	0.09585	3.0	edge	0.00867369987	0.00013424621	0.00433303802	0.08575407	0.08588831	170199993	170200001	180689979	180689979	0.17500442	1	273483.7	14.309717	1.0011747	NA	NA	0.0	1.003263056	1.0032631	1	1	1:1	2	neutral	4173863
6	180248	11489949	NA	11309702	173660	2.00652611	172778	9455	19125.0	mappable	0.09008026	3.0	edge	0.00026026243	9.673987e-05	0.00387579854	0.0853568	0.08545354	180248	180248	11489894	11490004	0.15483972	1	273483.7	14.309717	1.0011747	NA	NA	0.0	1.003263056	1.0032631	1	1	1:1	2	neutral	4173863
6	11489949	11509990	NA	20042	343	1.63555556	343	0	50.0	mappable	NA	NA	NA	NA	inf	0.06772420146	0.13995078	inf	11489894	11490004	11509944	11509990	NA	missing	261258.0	NA	0.9344	NA	NA	NA	NA	NA	NA	NA	NA	NA	NA	4173863
6	11509991	13129988	NA	1619998	24038	2.00652611	23989	592	2536.0	mappable	0.0912	3.0	NA	0.00141859577	0.0015600624	0.00197579854	0.09695766	0.09851772	11509991	11510037	13129892	13129988	0.19644817	1	273483.7	14.309717	1.0011747	NA	NA	0.0	1.003263056	1.0032631	1	1	1:1	2	neutral	4173863
6	13129989	13140003	NA	10015	247	2.99444444	241	2	32.0	mappable	0.32631579	NA	identical	0.00456473757	0.125	0.17687579854	0.15049051	0.27549051	13129989	13130085	13139927	13140079	NA	missing	315946.7	20.952255	1.179	NA	NA	NA	NA	NA	NA	NA	NA	NA	NA	4173863
6	13140003	29819955	NA	16679957	240704	2.00652611	239756	12497	25960.0	mappable	0.089	3.0	self	0.00267512424	7.438262e-05	0.00016082819	0.08336247	0.08343685	13139927	13140079	29819909	29819955	0.15773243	1	273483.7	14.309717	1.0011747	NA	NA	0.0	1.003263056	1.0032631	1	1	1:1	2	neutral	4173863
6	29819956	29894995	NA	75040	1567	1.45957056	1556	226	128.0	mappable	0.07564565	9.0	NA	0.01032125931	0.00421940928	0.07952420146	0.12349207	0.12771148	29819956	29820002	29879969	29894995	0.29138744	1	203912.9	10.87341	0.9027227	NA	NA	0.0	0.729785278	0.7297853	1	1	1:1	2	neutral	4173863
6	29894996	29919983	NA	24988	1163	2.58708444	1087	127	122.0	mappable	0.07675833	5.0	NA	0.02766026243	0.00492610837	0.12487579854	0.1369024	0.14182851	29894996	29910022	29919967	29919983	0.47763271	2	312532.0	17.066315	1.1056752	14.13308	0.6093773	0.2187546	1.010573941	1.5765105	sub	1	sub:1	sub	sub	4173863
6	29919984	32509998	NA	2590017	40679	2.00652611	40203	4181	4370.0	mappable	0.092425	3.0	self	0.00674281558	0.00021473051	0.00734539422	0.09387675	0.09409148	29919984	29920000	32509985	32509998	0.20979082	1	273483.7	14.309717	1.0011747	NA	NA	0.0	1.003263056	1.0032631	1	1	1:1	2	neutral	4173863
6	32509999	32565004	NA	55006	2950	2.57570111	2618	50	259.0	mappable	0.0978	1.0	identical	0.00026026243	0.00264550265	0.13847579854	0.12700589	0.12965139	32509999	32510012	32559997	32565004	0.52134698	2	320191.2	16.956821	1.1036262	14.50633	0.5704229	0.1408458	1.106462158	1.469239	sub	1	sub:1	sub	sub	4173863
6	32565005	56840985	NA	24275984	355233	2.00652611	353220	17514	37786.0	mappable	0.089	3.0	self	0.00090383764	5.121377e-05	0.00895516227	0.08152276	0.08157397	32565005	32570012	56840858	56840985	0.17189256	1	273483.7	14.309717	1.0011747	NA	NA	0.0	1.003263056	1.0032631	1	1	1:1	2	neutral	4173863
6	56840986	57319998	INV	479013	6456	1.03234444	5958	139	652.0	mappable	0.23836429	2.0	NA	0.0143014389	0.00156985871	0.16452420146	0.10599	0.10755986	56840986	56841016	57319934	57319998	0.6929459	2	237883.6	14.420624	0.825822	14.40284	0.9719918	0.9439835	0.02891416	1.0034303	1	0	1:0	1	LOH	4173863
6	57319999	57845022	NA	525024	11108	1.895	10236	6	1505.0	mappable	0.08629048	NA	NA	0.07143341058	0.00113895216	0.02102420146	0.10525195	0.1063909	57319999	57320063	57689985	58000059	NA	missing	321959.4	17.369741	0.9811	NA	NA	NA	NA	NA	NA	NA	NA	NA	NA	4173863
6	57845022	58019982	NA	174961	504	0.66388889	502	4	58.0	mappable	0.14728947	NA	NA	0.07030482765	0.16666666667	0.24262420146	0.11483249	0.28149916	57689985	58000059	58019982	58019982	NA	missing	203230.2	10.887335	0.7595	NA	NA	NA	NA	NA	NA	NA	NA	NA	NA	4173863
6	58199473	58610010	INV	410538	0	0.0	0	0	NA	mappable	NA	NA	NA	NA	inf	1.00212420146	0.10725496	inf	58199473	58199473	58610010	58610010	NA	missing	NA	NA	0.0	NA	NA	0.0	0.0	0.0	0	0	NA	0	homozygousDel	4173863
6	58610011	58769997	NA	159987	571	2.03111111	570	29	53.0	mappable	0.057525	NA	NA	0.06668526243	0.03333333333	0.00347579854	0.11568989	0.14902322	58610011	58610011	58769997	58769997	NA	missing	311356.1	16.309127	1.0056	NA	NA	NA	NA	NA	NA	NA	NA	NA	NA	4173863
6	61890002	63539948	NA	1649947	23120	2.00652611	23092	96	2361.0	mappable	0.09576371	3.0	self	0.01053526243	0.00806451613	0.00097579854	0.0968336	0.10489811	61890002	61890002	63539881	63540015	0.37482521	2	273483.7	14.309717	1.0011747	13.65814	0.5644169	0.1288338	0.874008852	1.1325173	1	1	1:1	2	mixDH	4173863
6	63539948	63646098	NA	106151	2000	1.28276333	2000	1	218.0	mappable	0.25	4.0	identical	0.16126026243	1.0	0.15482420146	0.1197909	1.1197909	63539881	63540015	63646053	63646098	NA	missing	254588.4	14.159681	0.8708974	NA	NA	NA	NA	NA	NA	NA	NA	NA	NA	4173863
6	63646099	73211797	NA	9565700	142350	2.00652611	141864	7390	14240.0	mappable	0.08215	3.0	self	0.00792843605	0.000126968	0.00546724638	0.08624616	0.08637312	63646099	63646144	73211767	73211797	0.1483333	1	273483.7	14.309717	1.0011747	NA	NA	0.0	1.003263056	1.0032631	1	1	1:1	2	neutral	4173863
6	73211798	74959985	DEL	1748188	21789	1.07111111	21670	1313	2353.0	mappable	0.21915	NA	NA	0.14068526243	0.00069832402	0.16932420146	0.09644397	0.0971423	73211798	73211826	74959922	74959985	0.64457244	2	239240.1	14.722467	0.8328	14.3636	0.9984041	0.9968082	0.001709402	1.0694017	1	0	1:0	1	LOH	4173863
6	74959986	74970008	NA	10023	213	1.63666667	213	32	17.0	mappable	0.14653696	NA	NA	0.05779721896	0.03125	0.06752420146	0.15047746	0.18172746	74959986	74960049	74969970	74970008	0.70762501	2	266690.0	16.512601	0.9346	14.2676	0.8780541	0.7561083	0.199584742	1.4370819	sub	0	sub:0	sub	sub	4173863
6	74970009	76339228	NA	1369220	18363	0.97611111	18336	382	1899.0	mappable	0.23140735	NA	NA	0.13640585067	0.00244498778	0.18642420146	0.09811173	0.10055672	74970009	74970047	76339161	76339228	0.60726984	2	246392.4	15.05731	0.8157	15.10312	1.0158414	1.0	0.0	0.9761111	1	0	1:0	1	LOH	4173863
6	76339229	76355347	INV	16119	209	2.00652611	207	11	11.0	mappable	0.06644167	3.0	NA	0.02028973757	0.07692307692	0.04372420146	0.1430976	0.22002068	76339229	76339296	76355294	76355347	NA	missing	273483.7	14.309717	1.0011747	NA	NA	NA	NA	NA	NA	NA	NA	NA	NA	4173863
6	76355348	76355441	INV	94	0	0.0	0	0	NA	mappable	NA	NA	NA	NA	inf	1.00212420146	0.30512974	inf	76355348	76355348	76355441	76355441	NA	missing	NA	NA	0.0	NA	NA	0.0	0.0	0.0	0	0	NA	0	homozygousDel	4173863
6	76355442	76949983	INV	594542	7846	2.00652611	7838	292	819.0	mappable	0.09090769	3.0	NA	0.00202155575	0.00333333333	0.01202420146	0.10426757	0.1076009	76355442	76355512	76949860	76950106	0.05863927	1	273483.7	14.309717	1.0011747	NA	NA	0.0	1.003263056	1.0032631	1	1	1:1	2	neutral	4173863
6	76949983	76970012	NA	20030	312	2.36722222	312	0	37.0	mappable	NA	NA	NA	NA	inf	0.06397579854	0.13995924	inf	76949860	76950106	76969990	76970012	NA	missing	319048.1	NA	1.0661	NA	NA	NA	NA	NA	NA	NA	NA	NA	NA	4173863
6	76970013	84594130	NA	7624118	106052	2.00652611	105722	6328	10179.0	mappable	0.08706667	3.0	NA	0.00316473757	0.00015019525	0.00382420146	0.08748088	0.08763107	76970013	76970035	84594125	84594130	0.14815648	1	273483.7	14.309717	1.0011747	NA	NA	0.0	1.003263056	1.0032631	1	1	1:1	2	neutral	4173863
6	84594131	88870012	DEL	4275882	58662	1.03234444	58459	3404	5879.0	mappable	0.1729375	2.0	NA	0.10822790949	0.0002772387	0.18102420146	0.0907944	0.09107164	84594131	84594246	88869959	88870065	0.64951345	2	237883.6	14.420624	0.825822	14.40284	0.9719918	0.9439835	0.02891416	1.0034303	1	0	1:0	1	LOH	4173863
6	88870012	88881525	NA	11514	152	1.45957056	138	0	7.0	mappable	NA	9.0	NA	0.03923753516	0.07142857143	0.08172420146	0.14824586	0.21967444	88869959	88870065	88881516	88881525	NA	missing	203912.9	NA	0.9027227	NA	NA	NA	NA	NA	NA	NA	NA	NA	NA	4173863
6	88881526	97119991	DUP	8238470	115742	2.00652611	115412	4613	11661.0	mappable	0.08880833	3.0	self	0.00063477057	0.00020230629	0.00174913665	0.08705514	0.08725745	88881526	88881536	97119967	97120015	0.15779436	1	273483.7	14.309717	1.0011747	NA	NA	0.0	1.003263056	1.0032631	1	1	1:1	2	neutral	4173863
6	97119991	97888697	NA	768707	9931	1.05944444	9902	354	1008.0	mappable	0.23426818	NA	identical	0.14411026243	0.00261096606	0.17142420146	0.10229094	0.1049019	97119967	97120015	97888566	97888697	0.6469295	2	244538.1	14.88493	0.8307	14.7188	0.9734844	0.9469688	0.028091787	1.0313527	1	0	1:0	1	LOH	4173863
6	97888698	99325609	INV	1436912	16954	2.00652611	16882	770	1722.0	mappable	0.10272763	3.0	self	0.01714973612	0.00118764846	0.00407579854	0.0977778	0.09896545	97888698	97888742	99325132	99325609	0.1558023	1	273483.7	14.309717	1.0011747	NA	NA	0.0	1.003263056	1.0032631	1	1	1:1	2	neutral	4173863
6	99325610	108042537	DUP	8716928	118973	1.03234444	118672	4281	12178.0	mappable	0.13695	2.0	identical	0.05163526243	0.00021824531	0.17252420146	0.08674762	0.08696586	99325610	99325712	108042506	108042537	0.60610649	2	237883.6	14.420624	0.825822	14.40284	0.9719918	0.9439835	0.02891416	1.0034303	1	0	1:0	1	LOH	4173863
6	108042538	109890064	DEL	1847527	22752	2.00652611	22669	625	2590.0	mappable	0.099275	3.0	self	0.00711026243	0.00141242938	0.00387579854	0.09607457	0.097487	108042538	108042626	109889977	109890151	0.19070239	1	273483.7	14.309717	1.0011747	NA	NA	0.0	1.003263056	1.0032631	1	1	1:1	2	neutral	4173863
6	109890064	112758788	NA	2868725	37021	1.03234444	36909	1558	4035.0	mappable	0.133525	2.0	identical	0.05506026243	0.0005988024	0.18132420146	0.09323149	0.0938303	109889977	109890151	112758762	112758788	0.62501869	2	237883.6	14.420624	0.825822	14.40284	0.9719918	0.9439835	0.02891416	1.0034303	1	0	1:0	1	LOH	4173863
6	112758789	118218458	DEL	5459670	72200	2.00652611	71975	3415	7476.0	mappable	0.092425	3.0	self	0.00368526243	0.00027472527	0.00527579854	0.08936398	0.0896387	112758789	112758804	118218382	118218458	0.16388348	1	273483.7	14.309717	1.0011747	NA	NA	0.0	1.003263056	1.0032631	1	1	1:1	2	neutral	4173863
6	118218459	118229955	DEL	11497	150	1.68944444	146	0	16.0	mappable	NA	NA	NA	0.08837098757	0.25	0.05802420146	0.14826929	0.39826929	118218459	118218523	118229817	118230093	NA	missing	242481.8	NA	0.9441	NA	NA	NA	NA	NA	NA	NA	NA	NA	NA	4173863
6	118229955	119855921	NA	1625967	23086	1.03234444	23003	1111	2342.0	mappable	0.140375	2.0	NA	0.05163526243	0.00083752094	0.18112420146	0.09693273	0.09777025	118229817	118230093	119855896	119855921	0.61897344	2	237883.6	14.420624	0.825822	14.40284	0.9719918	0.9439835	0.02891416	1.0034303	1	0	1:0	1	LOH	4173863
6	119855922	127859995	DEL	8004074	107535	2.00652611	107175	6356	10582.0	mappable	0.08575	3.0	NA	0.00204049514	0.00014889815	0.00067579854	0.08721322	0.08736212	119855922	119856062	127859987	127859995	0.13959308	1	273483.7	14.309717	1.0011747	NA	NA	0.0	1.003263056	1.0032631	1	1	1:1	2	neutral	4173863
6	127859996	127870000	NA	10005	179	1.17722222	179	0	21.0	mappable	NA	NA	NA	NA	inf	0.15022420146	0.15050683	inf	127859996	127860004	127869976	127870024	NA	missing	257757.1	NA	0.8519	NA	NA	NA	NA	NA	NA	NA	NA	NA	NA	4173863
6	127870000	145370063	NA	17500068	247823	2.00652611	247147	9435	25669.0	mappable	0.085575	3.0	NA	0.0018377335	9.890219e-05	0.00059262305	0.08312256	0.08322146	127869976	127870024	145369999	145370127	0.14081782	1	273483.7	14.309717	1.0011747	NA	NA	0.0	1.003263056	1.0032631	1	1	1:1	2	neutral	4173863
6	145370063	145409991	NA	39929	661	1.28276333	661	54	71.0	mappable	0.22661154	4.0	identical	0.13787180089	0.01851851852	0.07872420146	0.13084596	0.14936448	145369999	145370127	145409952	145409991	0.21372943	1	254588.4	14.159681	0.8708974	NA	NA	0.0	0.641381667	0.6413817	sub	sub	sub:sub	sub	sub	4173863
6	145409992	168739981	NA	23329994	347532	2.00652611	346079	17297	37573.0	mappable	0.089	3.0	self	0.00316371631	5.333333e-05	0.00653870095	0.08171376	0.08176709	145409992	145410031	168739921	168740041	0.15735543	1	273483.7	14.309717	1.0011747	NA	NA	0.0	1.003263056	1.0032631	1	1	1:1	2	neutral	4173863
6	168739981	168759984	NA	20004	393	2.82833333	392	2	72.0	mappable	0.52777778	NA	identical	0.43802415132	0.33333333333	0.14697579854	0.13997759	0.47331093	168739921	168740041	168759966	168759984	NA	missing	228632.3	17.464969	1.1491	NA	NA	NA	NA	NA	NA	NA	NA	NA	NA	4173863
6	168759985	170899935	NA	2139953	37049	2.00652611	36635	1983	4904.0	mappable	0.08215	3.0	edge	0.00036273339	0.00041753653	0.00820262517	0.09510609	0.09552363	168759985	168760003	170899935	170899935	0.1973701	1	273483.7	14.309717	1.0011747	NA	NA	0.0	1.003263056	1.0032631	1	1	1:1	2	neutral	4173863
7	40386	110044	NA	69659	1459	1.45957056	1448	164	142.0	mappable	0.11252273	9.0	edge	0.03451026243	0.00571428571	0.06092420146	0.12431609	0.13003038	40386	40386	109984	110044	0.20267728	1	203912.9	10.87341	0.9027227	NA	NA	0.0	0.729785278	0.7297853	1	1	1:1	2	neutral	4173863
7	110045	129111	NA	19067	575	2.58708444	574	72	52.0	mappable	0.11405441	5.0	NA	0.02981173302	0.01369863014	0.07207579854	0.14065894	0.15435757	110045	110105	129109	129111	0.17952093	1	312532.0	17.066315	1.1056752	NA	NA	0.0	1.293542222	1.2935422	1	1	1:1	2	neutral	4173863
7	129112	1199993	NA	1070882	18540	2.00652611	18383	814	2555.0	mappable	0.12325	3.0	self	0.04136026243	0.00102986612	0.01577579854	0.09984839	0.10087826	129112	129114	1199977	1199993	0.21521399	1	273483.7	14.309717	1.0011747	NA	NA	0.0	1.003263056	1.0032631	1	1	1:1	2	neutral	4173863
7	1199994	1214997	NA	15004	270	2.58708444	266	87	20.0	mappable	0.10684286	5.0	identical	0.01583526243	0.01098901099	0.14527579854	0.14416431	0.15515332	1199994	1200010	1209989	1220005	0.14361723	1	312532.0	17.066315	1.1056752	NA	NA	0.0	1.293542222	1.2935422	1	1	1:1	2	neutral	4173863
7	1214997	57999988	NA	56785000	834461	2.00652611	831802	44035	86594.0	mappable	0.089	3.0	self	0.00085909599	2.141649e-05	0.00367990286	0.07764275	0.07766416	1209989	1220005	57999988	57999988	0.13662807	1	273483.7	14.309717	1.0011747	NA	NA	0.0	1.003263056	1.0032631	1	1	1:1	2	neutral	4173863
7	61530139	72229988	NA	10699850	114165	2.00652611	113391	4617	12829.0	mappable	0.089	3.0	self	0.00026026243	0.00018549434	0.00077579854	0.08564912	0.08583461	61530139	61530139	72229988	72229988	0.17582032	1	273483.7	14.309717	1.0011747	NA	NA	0.0	1.003263056	1.0032631	1	1	1:1	2	neutral	4173863
7	72750118	74139961	NA	1389844	10249	2.00652611	10216	291	1349.0	mappable	0.099275	3.0	self	0.01396026243	0.00308641975	0.01207579854	0.09800803	0.10109445	72750118	72750118	74139961	74139961	0.16838443	1	273483.7	14.309717	1.0011747	NA	NA	0.0	1.003263056	1.0032631	1	1	1:1	2	neutral	4173863
7	75160045	76059952	NA	899908	8430	2.00652611	8370	459	1090.0	mappable	0.0949	3.0	self	0.00711026243	0.00192678227	0.02557579854	0.10111521	0.10304199	75160045	75160045	76059952	76059952	0.15854901	1	273483.7	14.309717	1.0011747	NA	NA	0.0	1.003263056	1.0032631	1	1	1:1	2	neutral	4173863
7	76810004	87713174	NA	10903171	152599	2.00652611	152107	7592	14983.0	mappable	0.089	3.0	self	0.00026026243	0.00012370114	0.00297579854	0.08554962	0.08567332	76810004	76810004	87713129	87713174	0.13180214	1	273483.7	14.309717	1.0011747	NA	NA	0.0	1.003263056	1.0032631	1	1	1:1	2	neutral	4173863
7	87713175	110905672	INV	23192500	289560	2.00652611	288483	11761	30871.0	mappable	0.089	3.0	self	0.00047732911	7.790589e-05	5.500786e-05	0.08174224	0.08182014	87713175	87713187	110905628	110905672	0.16722588	1	273483.7	14.309717	1.0011747	NA	NA	0.0	1.003263056	1.0032631	1	1	1:1	2	neutral	4173863
7	110905673	157590029	INV	46684363	618555	2.00652611	616428	26118	66045.0	mappable	0.089	3.0	self	0.00183401999	3.541327e-05	0.00055887797	0.07850392	0.07853933	110905673	110905686	157589967	157590029	0.15370818	1	273483.7	14.309717	1.0011747	NA	NA	0.0	1.003263056	1.0032631	1	1	1:1	2	neutral	4173863
7	157590030	157610004	NA	19975	481	2.95111111	480	55	51.0	mappable	0.1258	NA	identical	0.00906026243	0.01785714286	0.16907579854	0.1399981	0.15785525	157590030	157590092	157609995	157610013	0.13744362	1	209999.1	10.956475	1.1712	NA	NA	0.0	1.475555556	1.4755556	sub	sub	sub:sub	sub	sub	4173863
7	157610004	159119808	NA	1509806	27903	2.00652611	27558	1062	3912.0	mappable	0.078725	3.0	edge	0.00505377452	0.00071073205	0.02566195056	0.09743772	0.09814845	157609995	157610013	159119808	159119808	0.20670339	1	273483.7	14.309717	1.0011747	NA	NA	0.0	1.003263056	1.0032631	1	1	1:1	2	neutral	4173863
8	170012	1750001	NA	1579991	34160	2.00652611	33861	1486	4241.0	mappable	0.099275	3.0	edge	0.01177879498	0.00056116723	0.00926379034	0.09712753	0.09768869	170012	170012	1749956	1750001	0.19285966	1	273483.7	14.309717	1.0011747	NA	NA	0.0	1.003263056	1.0032631	1	1	1:1	2	neutral	4173863
8	1750002	1760007	NA	10006	221	1.45957056	221	40	23.0	mappable	0.055075	9.0	NA	0.03366473757	0.025	0.12122420146	0.1505052	0.1755052	1750002	1750047	1759965	1760007	0.20019652	1	203912.9	10.87341	0.9027227	NA	NA	0.0	0.729785278	0.7297853	1	1	1:1	2	neutral	4173863
8	1760008	1799961	NA	39954	999	2.58708444	980	74	153.0	mappable	0.13995	5.0	NA	0.02384240529	0.01075268817	0.12127579854	0.13083823	0.14159092	1760008	1760050	1799892	1800030	0.33628666	1	312532.0	17.066315	1.1056752	NA	NA	0.0	1.293542222	1.2935422	1	1	1:1	2	neutral	4173863
8	1799961	6919904	NA	5119950	158187	2.00652611	157421	9711	15688.0	mappable	0.092425	3.0	self	0.00322727213	9.544717e-05	0.00490131905	0.0897356	0.08983105	1799892	1800030	6919904	6919904	0.17056289	1	273483.7	14.309717	1.0011747	NA	NA	0.0	1.003263056	1.0032631	1	1	1:1	2	neutral	4173863
8	8100000	11859985	NA	3759986	79316	2.00652611	79155	2474	8767.0	mappable	0.092425	3.0	self	0.00368526243	0.00037950664	0.00307579854	0.09156547	0.09194497	8100000	8100000	11859985	11859985	0.1334125	1	273483.7	14.309717	1.0011747	NA	NA	0.0	1.003263056	1.0032631	1	1	1:1	2	neutral	4173863
8	12580042	17000019	NA	4419978	104098	2.00652611	103759	5349	10260.0	mappable	0.089	3.0	self	0.00026026243	0.00017580872	0.00067579854	0.09059773	0.09077354	12580042	12580042	16999989	17000049	0.14195375	1	273483.7	14.309717	1.0011747	NA	NA	0.0	1.003263056	1.0032631	1	1	1:1	2	neutral	4173863
8	17000019	17020047	NA	20029	351	2.57570111	350	21	43.0	mappable	0.08629643	1.0	NA	0.00216859577	0.04545454545	0.06257579854	0.13995994	0.18541449	16999989	17000049	17019997	17020047	NA	missing	320191.2	16.956821	1.1036262	NA	NA	NA	NA	NA	NA	NA	NA	NA	NA	4173863
8	17020048	17030008	NA	9961	194	1.45957056	194	2	25.0	mappable	0.06020067	9.0	NA	0.02853906867	0.5	0.09992420146	0.15057888	0.65057888	17020048	17020098	17029990	17030008	NA	missing	203912.9	10.87341	0.9027227	NA	NA	NA	NA	NA	NA	NA	NA	NA	NA	4173863
8	17030009	43789991	NA	26759984	416207	2.00652611	414894	18273	45131.0	mappable	0.089	3.0	self	0.0018692583	5.106209e-05	0.00537209662	0.08105838	0.08110944	17030009	17030027	43789991	43789991	0.15292809	1	273483.7	14.309717	1.0011747	NA	NA	0.0	1.003263056	1.0032631	1	1	1:1	2	neutral	4173863
8	46880007	46999970	NA	119964	2917	2.00652611	2915	18	285.0	mappable	0.0893	3.0	self	0.00583526243	0.05	0.03257579854	0.11853789	0.16853789	46880007	46880007	46999909	46999970	NA	missing	273483.7	14.309717	1.0011747	NA	NA	NA	NA	NA	NA	NA	NA	NA	NA	4173863
8	46999971	47060016	NA	60046	1064	1.57333333	1058	0	118.0	mappable	NA	NA	NA	0.04366026243	0.16666666667	0.07892420146	0.12599393	0.2926606	46999971	47000032	47059957	47060016	NA	missing	162665.9	NA	0.9232	NA	NA	NA	NA	NA	NA	NA	NA	NA	NA	4173863
8	47060017	47089984	NA	29968	553	2.15888889	550	0	54.0	mappable	NA	NA	NA	0.09064240529	0.33333333333	0.02647579854	0.13448872	0.46782206	47060017	47060076	47089965	47089984	NA	missing	269424.9	NA	1.0286	NA	NA	NA	NA	NA	NA	NA	NA	NA	NA	4173863
8	47089985	47194512	NA	104528	2000	1.45957056	2000	7	236.0	mappable	0.07179208	9.0	NA	0.01694765682	0.14285714286	0.14152420146	0.1199506	0.26280775	47089985	47090004	47194488	47194512	NA	missing	203912.9	10.87341	0.9027227	NA	NA	NA	NA	NA	NA	NA	NA	NA	NA	4173863
8	47194513	50689845	NA	3495333	41594	2.00652611	41524	1063	4432.0	mappable	0.094775	3.0	self	0.0030269291	0.00088261253	0.00442420146	0.09200902	0.09289164	47194513	47194537	50689680	50689845	0.16434036	1	273483.7	14.309717	1.0011747	NA	NA	0.0	1.003263056	1.0032631	1	1	1:1	2	neutral	4173863
8	50689846	51210005	NA	520160	7695	1.03234444	7677	239	828.0	mappable	0.10981667	2.0	identical	0.02709359577	0.00389105058	0.16412420146	0.10532638	0.10921743	50689846	50690011	51209968	51210005	0.61634975	2	237883.6	14.420624	0.825822	14.40284	0.9719918	0.9439835	0.02891416	1.0034303	1	0	1:0	1	LOH	4173863
8	51210006	87859977	NA	36649975	503306	2.00652611	501934	19279	51587.0	mappable	0.089	3.0	NA	0.00041661136	4.842615e-05	0.00600002754	0.07959468	0.0796431	51210006	51210043	87859936	87860018	0.14615439	1	273483.7	14.309717	1.0011747	NA	NA	0.0	1.003263056	1.0032631	1	1	1:1	2	neutral	4173863
8	87859977	87869927	NA	9951	156	1.42333333	156	0	16.0	mappable	NA	NA	NA	NA	inf	0.10592420146	0.15059531	inf	87859936	87860018	87869824	87870030	NA	missing	274950.0	NA	0.8962	NA	NA	NA	NA	NA	NA	NA	NA	NA	NA	4173863
8	87869927	117606941	NA	29737020	393326	2.00652611	392037	16392	39869.0	mappable	0.085575	3.0	NA	0.00243537607	5.655789e-05	0.00100603994	0.08056149	0.08061805	87869824	87870030	117606834	117606941	0.15098898	1	273483.7	14.309717	1.0011747	NA	NA	0.0	1.003263056	1.0032631	1	1	1:1	2	neutral	4173863
8	117606942	117616018	DEL	9077	139	1.20555556	139	0	18.0	mappable	NA	NA	NA	NA	inf	0.14512420146	0.15211439	inf	117606942	117606966	117615950	117616018	NA	missing	221269.8	NA	0.857	NA	NA	NA	NA	NA	NA	NA	NA	NA	NA	4173863
8	117616019	146270049	DEL	28654038	435320	2.00652611	433630	21963	46636.0	mappable	0.092425	3.0	NA	0.00163729409	4.228151e-05	0.00447603529	0.08073555	0.08077783	117616019	117616091	146269990	146270108	0.14966488	1	273483.7	14.309717	1.0011747	NA	NA	0.0	1.003263056	1.0032631	1	1	1:1	2	neutral	4173863
8	146270049	146289988	NA	19940	333	2.57570111	333	1	46.0	mappable	0.08333333	1.0	edge	0.00540640423	1.0	0.10417579854	0.1400229	1.1400229	146269990	146270108	146289988	146289988	NA	missing	320191.2	16.956821	1.1036262	NA	NA	NA	NA	NA	NA	NA	NA	NA	NA	4173863
9	200101	1689979	NA	1489879	33548	1.98853556	33463	1406	3528.0	mappable	0.37805427	7.0	edge	0.28796026243	0.00067069081	0.00027579854	0.0975288	0.09819949	200101	200101	1689959	1689979	0.85796357	2	262553.0	17.786162	0.9979364	13.1548	0.9946833	0.9893665	0.010572545	1.977963	2	0	2:0	2	cnLOH	4173863
9	1689980	1709938	NA	19959	545	2.30526944	544	4	64.0	mappable	0.27401481	6.0	NA	0.19580100317	0.2	0.07797579854	0.14000943	0.34000943	1689980	1690000	1709877	1709938	NA	missing	539552.1	29.651323	1.0549485	NA	NA	NA	NA	NA	NA	NA	NA	NA	NA	4173863
9	1709939	3750038	NA	2040100	39468	1.98853556	39364	1618	3992.0	mappable	0.351575	7.0	NA	0.26283526243	0.00058072009	2.420146e-05	0.0954189	0.09599962	1709939	1710000	3749989	3750087	0.86296185	2	262553.0	17.786162	0.9979364	13.1548	0.9946833	0.9893665	0.010572545	1.977963	2	0	2:0	2	cnLOH	4173863
9	3750038	3760023	NA	9986	208	1.28276333	207	21	21.0	mappable	0.20033929	4.0	NA	0.11159954815	0.04545454545	0.10442420146	0.1505379	0.19599244	3749989	3750087	3759975	3760071	NA	missing	254588.4	14.159681	0.8708974	NA	NA	NA	NA	NA	NA	NA	NA	NA	NA	4173863
9	3760023	4159996	NA	399974	8036	1.98853556	8022	482	800.0	mappable	0.31924643	7.0	NA	0.22826708062	0.00201612903	0.01522420146	0.10747172	0.10948785	3759975	3760071	4159953	4160039	0.81387261	2	262553.0	17.786162	0.9979364	13.1548	0.9946833	0.9893665	0.010572545	1.977963	2	0	2:0	2	cnLOH	4173863
9	4159996	4199999	NA	40004	1013	2.41833333	1006	90	85.0	mappable	0.524825	NA	NA	0.21671026243	0.01030927835	0.07317579854	0.13082279	0.14113206	4159953	4160039	4199983	4199999	0.93206903	2	287503.7	19.358579	1.0753	13.36853	0.9281767	0.8563535	0.173692593	2.2446407	2	0	2:0	2	cnLOH	4173863
9	4200000	7599973	NA	3399975	59753	1.98853556	59615	2952	6052.0	mappable	0.380125	7.0	NA	0.28503419563	0.0003236246	0.01148752012	0.09217825	0.09250187	4200000	4200016	7599934	7599973	0.88482448	2	262553.0	17.786162	0.9979364	13.1548	0.9946833	0.9893665	0.010572545	1.977963	2	0	2:0	2	cnLOH	4173863
9	7599974	7630013	NA	30040	662	1.45166667	649	0	63.0	mappable	NA	NA	NA	0.2659892098	0.07692307692	0.10082420146	0.13445742	0.2113805	7599974	7600013	7629977	7630013	NA	missing	253798.5	NA	0.9013	NA	NA	NA	NA	NA	NA	NA	NA	NA	NA	4173863
9	7630014	15554950	NA	7924937	151564	1.98853556	151231	7872	14841.0	mappable	0.359575	7.0	NA	0.27083526243	0.0001218769	0.00432420146	0.08726777	0.08738965	7630014	7630050	15549883	15554950	0.86080252	2	262553.0	17.786162	0.9979364	13.1548	0.9946833	0.9893665	0.010572545	1.977963	2	0	2:0	2	cnLOH	4173863
9	15554951	15570024	NA	15074	224	2.72166667	224	1	30.0	mappable	0.35135135	NA	NA	0.26261161378	1.0	0.12777579854	0.14409456	1.14409456	15554951	15560018	15569944	15570024	NA	missing	309938.0	20.941757	1.1299	NA	NA	NA	NA	NA	NA	NA	NA	NA	NA	4173863
9	15570025	17469981	NA	1899957	31823	1.98853556	31755	1457	3327.0	mappable	0.380125	7.0	NA	0.29823526243	0.0006557377	0.00027579854	0.09588861	0.09654434	15570025	15570105	17469942	17469981	0.82512806	2	262553.0	17.786162	0.9979364	13.1548	0.9946833	0.9893665	0.010572545	1.977963	2	0	2:0	2	cnLOH	4173863
9	17469982	17500006	NA	30025	526	2.4	526	31	42.0	mappable	0.32952381	NA	NA	0.24078407196	0.03225806452	0.06987579854	0.13446394	0.166722	17469982	17470021	17499928	17500084	NA	missing	318069.6	21.204639	1.072	NA	NA	NA	NA	NA	NA	NA	NA	NA	NA	4173863
9	17500006	21769998	NA	4269993	71598	1.98853556	71395	3539	7264.0	mappable	0.386975	7.0	NA	0.29823526243	0.00026723677	0.01162420146	0.09080259	0.09106983	17499928	17500084	21769897	21769998	0.86489714	2	262553.0	17.786162	0.9979364	13.1548	0.9946833	0.9893665	0.010572545	1.977963	2	0	2:0	2	cnLOH	4173863
9	21769999	21775660	NA	5662	128	1.18666667	126	0	11.0	mappable	NA	NA	NA	0.28626026243	0.5	0.14852420146	0.16042228	0.66042228	21769999	21770100	21775657	21775660	NA	missing	253978.9	NA	0.8536	NA	NA	NA	NA	NA	NA	NA	NA	NA	NA	4173863
9	21775661	21775784	ITX	124	3	1.18666667	3	0	0.0	mappable	NA	NA	NA	NA	inf	0.14852420146	0.28759614	inf	21775661	21775677	21775697	21775784	NA	missing	253978.9	NA	0.8536	NA	NA	NA	NA	NA	NA	NA	NA	NA	NA	4173863
9	21775785	21991926	DEL	216142	3060	0.03722222	3053	27	321.0	mappable	0.16254318	NA	NA	0.06192162607	0.02941176471	0.35542420146	0.1128565	0.14226826	21775785	21775808	21991923	21991926	NA	missing	180824.2	9.73669	0.6467	NA	NA	NA	NA	NA	NA	NA	NA	NA	NA	4173863
9	21991927	21991931	DEL	5	0	0.0	0	0	NA	mappable	NA	NA	NA	NA	inf	1.00212420146	0.86135312	inf	21991927	21991927	21991931	21991931	NA	missing	NA	NA	0.0	NA	NA	0.0	0.0	0.0	0	0	NA	0	homozygousDel	4173863
9	21991932	28114967	DEL	6123036	104127	1.98853556	103903	4354	10346.0	mappable	0.3219	7.0	NA	0.22973526243	0.000218436	0.00792420146	0.08870826	0.08892669	21991932	21992043	28109857	28114967	0.84795409	2	262553.0	17.786162	0.9979364	13.1548	0.9946833	0.9893665	0.010572545	1.977963	2	0	2:0	2	cnLOH	4173863
9	28114968	28160113	NA	45146	543	2.41111111	543	12	50.0	mappable	0.33877587	NA	NA	0.25003613656	0.08333333333	0.07187579854	0.12934677	0.21268011	28114968	28120078	28159977	28160249	NA	missing	311034.9	20.920802	1.074	NA	NA	NA	NA	NA	NA	NA	NA	NA	NA	4173863
9	28160113	36740055	NA	8579944	111881	1.98853556	111452	6855	11320.0	mappable	0.373275	7.0	NA	0.28111026243	0.0001372872	0.00020303372	0.08683368	0.08697097	28159977	28160249	36739976	36740134	0.8631248	2	262553.0	17.786162	0.9979364	13.1548	0.9946833	0.9893665	0.010572545	1.977963	2	0	2:0	2	cnLOH	4173863
9	36740055	36759999	NA	19945	347	1.47722222	346	36	23.0	mappable	0.33346786	NA	NA	0.22938883386	0.02702702703	0.09622420146	0.14001936	0.16704638	36739976	36740134	36759906	36760092	0.52423344	2	197542.0	13.004845	0.9059	10.90308	1.039429	1.0	0.0	1.4772222	sub	0	sub:0	sub	sub	4173863
9	36759999	38769828	NA	2009830	26724	2.00652611	26660	1069	3011.0	mappable	0.09585	3.0	self	0.01053526243	0.00088261253	0.00662420146	0.09551718	0.09639979	36759906	36760092	38769828	38769828	0.27411835	1	273483.7	14.309717	1.0011747	NA	NA	0.0	1.003263056	1.0032631	1	1	1:1	2	neutral	4173863
9	66840048	66849972	NA	9925	540	2.57570111	503	0	23.0	mappable	NA	1.0	NA	0.0206353258	0.02702702703	0.11477579854	0.15063813	0.17766515	66840048	66840048	66849972	66849972	NA	missing	320191.2	NA	1.1036262	NA	NA	NA	NA	NA	NA	NA	NA	NA	NA	4173863
9	68410004	68419976	NA	9973	1130	2.90111111	1054	0	304.0	mappable	NA	NA	NA	0.10706026243	0.01315789474	0.16007579854	0.15055919	0.16371709	68410004	68410004	68419976	68419976	NA	missing	1682214.0	NA	1.1622	NA	NA	NA	NA	NA	NA	NA	NA	NA	NA	4173863
9	71030093	97341771	NA	26311679	354521	2.00652611	353475	16877	37730.0	mappable	0.089	3.0	self	0.00165637015	5.579423e-05	0.00425501684	0.08113854	0.08119433	71030093	71030093	97339958	97341771	0.14789318	1	273483.7	14.309717	1.0011747	NA	NA	0.0	1.003263056	1.0032631	1	1	1:1	2	neutral	4173863
9	97341772	108544922	CTX	11203151	151886	2.00652611	151404	8097	15550.0	mappable	0.092425	3.0	NA	0.00360773175	0.0001165637	0.00466837538	0.08540657	0.08552314	97341772	97360073	108539786	108550058	0.13554224	1	273483.7	14.309717	1.0011747	NA	NA	0.0	1.003263056	1.0032631	1	1	1:1	2	neutral	4173863
9	108544922	108575003	NA	30082	423	0.70333333	423	0	54.0	mappable	NA	NA	NA	NA	inf	0.23552420146	0.1344392	inf	108539786	108550058	108569985	108580021	NA	missing	202331.6	NA	0.7666	NA	NA	NA	NA	NA	NA	NA	NA	NA	NA	4173863
9	108575003	113979987	NA	5404989	80383	2.00652611	80120	4434	8669.0	mappable	0.09085435	3.0	NA	0.00272298413	0.00021290185	0.00579671306	0.089422	0.0896349	108569985	108580021	113979946	113980028	0.14204248	1	273483.7	14.309717	1.0011747	NA	NA	0.0	1.003263056	1.0032631	1	1	1:1	2	neutral	4173863
9	113979987	114000011	NA	20025	358	2.575	358	0	44.0	mappable	NA	NA	NA	NA	inf	0.10137579854	0.13996277	inf	113979946	113980028	113999988	114000034	NA	missing	321353.8	NA	1.1035	NA	NA	NA	NA	NA	NA	NA	NA	NA	NA	4173863
9	114000011	141019791	NA	27019786	373924	2.00652611	372215	16302	42890.0	mappable	0.09585	3.0	edge	0.00755251003	5.552471e-05	0.0029654216	0.08101262	0.08106814	113999988	114000034	141019791	141019791	0.1674064	1	273483.7	14.309717	1.0011747	NA	NA	0.0	1.003263056	1.0032631	1	1	1:1	2	neutral	4173863
10	130013	39149984	NA	39019982	584666	2.00652611	582121	28806	64601.0	mappable	0.089	3.0	edge	0.00272292886	3.1902e-05	0.00698406206	0.07930934	0.07934125	130013	130013	39149984	39149984	0.16044978	1	273483.7	14.309717	1.0011747	NA	NA	0.0	1.003263056	1.0032631	1	1	1:1	2	neutral	4173863
10	42410000	46159967	NA	3749972	43616	2.00652611	43537	1987	4616.0	mappable	0.092425	3.0	self	0.00587222309	0.00048402711	0.00214187388	0.0915816	0.09206563	42410000	42410000	46159967	46159967	0.13522423	1	273483.7	14.309717	1.0011747	NA	NA	0.0	1.003263056	1.0032631	1	1	1:1	2	neutral	4173863
10	48310177	48659961	NA	349785	5564	2.00652611	5548	187	574.0	mappable	0.09046667	3.0	self	0.0017269291	0.00492610837	0.03612420146	0.10860057	0.11352668	48310177	48310177	48659961	48659961	0.11752181	1	273483.7	14.309717	1.0011747	NA	NA	0.0	1.003263056	1.0032631	1	1	1:1	2	neutral	4173863
10	49390096	77150062	NA	27759969	383360	2.00652611	382188	17141	40571.0	mappable	0.089	3.0	NA	0.0005587048	5.460602e-05	0.00436505992	0.08088487	0.08093948	49390096	49390096	77149943	77150062	0.14932623	1	273483.7	14.309717	1.0011747	NA	NA	0.0	1.003263056	1.0032631	1	1	1:1	2	neutral	4173863
10	77150063	77169968	NA	19906	241	2.67555556	241	0	30.0	mappable	NA	NA	NA	NA	inf	0.11947579854	0.14004704	inf	77150063	77150182	77169917	77170019	NA	missing	193691.7	NA	1.1216	NA	NA	NA	NA	NA	NA	NA	NA	NA	NA	4173863
10	77169968	135242447	NA	58072485	825055	2.00652611	822277	35263	90412.0	mappable	0.089	3.0	NA	0.00264319468	2.629088e-05	0.00617854245	0.07754537	0.07757167	77169917	77170019	135229892	135242447	0.16696367	1	273483.7	14.309717	1.0011747	NA	NA	0.0	1.003263056	1.0032631	1	1	1:1	2	neutral	4173863
10	135242448	135387213	INV	144766	2245	2.00652611	2230	121	251.0	mappable	0.08153696	3.0	self	0.01001473757	0.00740740741	0.02487579854	0.11666322	0.12407063	135242448	135250110	135379954	135387213	0.24764149	1	273483.7	14.309717	1.0011747	NA	NA	0.0	1.003263056	1.0032631	1	1	1:1	2	neutral	4173863
10	135387214	135439925	INV	52712	686	2.57570111	686	53	67.0	mappable	0.0847	1.0	edge	0.00403973757	0.01886792453	0.05057579854	0.1275035	0.14637143	135387214	135400189	135439925	135439925	0.20862519	1	320191.2	16.956821	1.1036262	NA	NA	0.0	1.287850556	1.2878506	1	1	1:1	2	neutral	4173863
11	190010	48899996	NA	48709988	695243	2.00652611	692456	33587	72992.0	mappable	0.089	3.0	edge	0.002119846	2.749443e-05	0.00665655346	0.07831554	0.07834304	190010	190010	48899996	48899996	0.16913165	1	273483.7	14.309717	1.0011747	NA	NA	0.0	1.003263056	1.0032631	1	1	1:1	2	neutral	4173863
11	48899997	50170092	NA	1270096	0	0.0	0	0	NA	mappable	NA	NA	NA	NA	inf	1.00212420146	0.09863632	inf	48899997	48899997	50170092	50170092	NA	missing	NA	NA	0.0	NA	NA	0.0	0.0	0.0	0	0	NA	0	homozygousDel	4173863
11	50170093	51579984	NA	1409892	18418	2.00652611	18283	787	1811.0	mappable	0.08931818	3.0	NA	0.00216473757	0.0010845987	0.04037579854	0.09790889	0.09899349	50170093	50170093	51579984	51579984	0.17106812	1	273483.7	14.309717	1.0011747	NA	NA	0.0	1.003263056	1.0032631	1	1	1:1	2	neutral	4173863
11	54793872	64319926	NA	9526055	122801	2.00652611	122404	4222	13397.0	mappable	0.089	3.0	self	0.00159672655	0.00021649708	0.00172343251	0.08626845	0.08648494	54793872	54793872	64319820	64319926	0.17168343	1	273483.7	14.309717	1.0011747	NA	NA	0.0	1.003263056	1.0032631	1	1	1:1	2	neutral	4173863
11	64319927	89349940	NA	25030017	332935	1.98853556	331762	13949	36863.0	mappable	0.373275	7.0	NA	0.28224302029	6.612882e-05	0.00687838351	0.08137638	0.08144251	64319927	64320033	89349940	89349940	0.85917581	2	262553.0	17.786162	0.9979364	13.1548	0.9946833	0.9893665	0.010572545	1.977963	2	0	2:0	2	cnLOH	4173863
11	89850037	93920058	NA	4070022	60233	1.98853556	60058	2600	6078.0	mappable	0.366425	7.0	NA	0.27426026243	0.00036036036	0.01702420146	0.09108876	0.09144912	89850037	89850037	93919917	93920058	0.86686724	2	262553.0	17.786162	0.9979364	13.1548	0.9946833	0.9893665	0.010572545	1.977963	2	0	2:0	2	cnLOH	4173863
11	93920059	93940032	NA	19974	324	1.28276333	287	0	34.0	mappable	NA	4.0	NA	0.15204261537	0.02702702703	0.12152420146	0.13999881	0.16702584	93920059	93920200	93939995	93940032	NA	missing	254588.4	NA	0.8708974	NA	NA	NA	NA	NA	NA	NA	NA	NA	NA	4173863
11	93940033	99131796	NA	5191764	75625	1.98853556	75437	3221	7757.0	mappable	0.3767	7.0	NA	0.28796026243	0.00029342723	0.00332420146	0.08965477	0.08994819	93940033	93940070	99131641	99131796	0.86812152	2	262553.0	17.786162	0.9979364	13.1548	0.9946833	0.9893665	0.010572545	1.977963	2	0	2:0	2	cnLOH	4173863
11	99131797	104409983	CTX	5278189	79957	1.98853556	79676	3498	7962.0	mappable	0.386975	7.0	NA	0.30064534108	0.00026462027	0.00837293575	0.08955914	0.08982376	99131797	99131850	104409884	104410082	0.85985226	2	262553.0	17.786162	0.9979364	13.1548	0.9946833	0.9893665	0.010572545	1.977963	2	0	2:0	2	cnLOH	4173863
11	104409983	104430001	NA	20019	295	1.65777778	295	0	33.0	mappable	NA	NA	NA	NA	inf	0.06372420146	0.139967	inf	104409884	104410082	104429933	104430001	NA	missing	296506.9	NA	0.9384	NA	NA	NA	NA	NA	NA	NA	NA	NA	NA	4173863
11	104430002	117960002	NA	13530001	194663	1.98853556	193866	9420	20573.0	mappable	0.363	7.0	NA	0.27083526243	9.788567e-05	0.01052420146	0.08442502	0.08452291	104430002	104430070	117959987	117960002	0.86368671	2	262553.0	17.786162	0.9979364	13.1548	0.9946833	0.9893665	0.010572545	1.977963	2	0	2:0	2	cnLOH	4173863
11	117960003	117969961	NA	9959	193	2.56611111	188	18	20.0	mappable	0.349075	NA	NA	0.26076859577	0.04347826087	0.09977579854	0.15058217	0.19406043	117960003	117960018	117969846	117969961	NA	missing	262682.9	17.512193	1.1019	NA	NA	NA	NA	NA	NA	NA	NA	NA	NA	4173863
11	117969962	134939862	NA	16969901	253357	1.98853556	252437	12073	27653.0	mappable	0.373275	7.0	edge	0.28453526243	7.696452e-05	0.00822420146	0.08327617	0.08335313	117969962	117970077	134939862	134939862	0.8374541	2	262553.0	17.786162	0.9979364	13.1548	0.9946833	0.9893665	0.010572545	1.977963	2	0	2:0	2	cnLOH	4173863
12	160107	31459956	NA	31299853	434118	2.00652611	432221	22429	46127.0	mappable	0.089	3.0	edge	8.297769e-05	4.110828e-05	0.00378131063	0.08032241	0.08036351	160107	160107	31459909	31460003	0.16174405	1	273483.7	14.309717	1.0011747	NA	NA	0.0	1.003263056	1.0032631	1	1	1:1	2	neutral	4173863
12	31459956	31505049	NA	45094	285	2.52944444	285	0	43.0	mappable	NA	NA	NA	NA	inf	0.09317579854	0.12936069	inf	31459909	31460003	31479974	31530124	NA	missing	283516.3	NA	1.0953	NA	NA	NA	NA	NA	NA	NA	NA	NA	NA	4173863
12	31505049	34449991	NA	2944943	34746	2.00652611	34570	2096	3738.0	mappable	0.08863462	3.0	NA	0.00026026243	0.00044014085	0.01957579854	0.09306737	0.09350751	31479974	31530124	34449969	34449991	0.15879697	1	273483.7	14.309717	1.0011747	NA	NA	0.0	1.003263056	1.0032631	1	1	1:1	2	neutral	4173863
12	34449992	34560007	NA	110016	2849	1.03234444	2848	30	352.0	mappable	0.16746667	2.0	identical	0.0787269291	0.03225806452	0.15642420146	0.11942185	0.15167992	34449992	34450014	34559994	34560020	NA	missing	237883.6	14.420624	0.825822	NA	NA	NA	NA	NA	NA	NA	NA	NA	NA	4173863
12	34560007	34819969	NA	259963	6641	2.00652611	6636	22	659.0	mappable	0.16832197	3.0	self	0.06048374728	0.03703703704	0.00857579854	0.11118556	0.1482226	34559994	34560020	34819969	34819969	NA	missing	273483.7	14.309717	1.0011747	NA	NA	NA	NA	NA	NA	NA	NA	NA	NA	4173863
12	38000003	53240006	NA	15240004	207729	2.00652611	207103	8380	22326.0	mappable	0.089	3.0	NA	0.00368526243	0.00011103709	0.00677579854	0.08381752	0.08392856	38000003	38000003	53239995	53240006	0.16892954	1	273483.7	14.309717	1.0011747	NA	NA	0.0	1.003263056	1.0032631	1	1	1:1	2	neutral	4173863
12	53240007	53269977	NA	29971	425	1.19833333	425	0	49.0	mappable	NA	NA	NA	NA	inf	0.14642420146	0.13448742	inf	53240007	53240018	53269891	53270063	NA	missing	170964.7	NA	0.8557	NA	NA	NA	NA	NA	NA	NA	NA	NA	NA	4173863
12	53269977	123340026	NA	70070061	931119	2.00652611	927866	41410	99418.0	mappable	0.089	3.0	NA	0.00027622613	2.23909e-05	0.00017612759	0.07673921	0.0767616	53269891	53270063	123339915	123340026	0.16099244	1	273483.7	14.309717	1.0011747	NA	NA	0.0	1.003263056	1.0032631	1	1	1:1	2	neutral	4173863
12	123340027	123349840	NA	9814	172	2.86555556	172	1	16.0	mappable	0.23076923	NA	identical	0.1420294932	1.0	0.15367579854	0.15082245	1.15082245	123340027	123340138	123349677	123350003	NA	missing	178860.0	11.006769	1.1558	NA	NA	NA	NA	NA	NA	NA	NA	NA	NA	4173863
12	123349840	130339996	NA	6990157	113407	2.00652611	112971	4860	12856.0	mappable	0.089	3.0	NA	0.00026026243	0.00018882175	0.01122420146	0.08796276	0.08815159	123349677	123350003	130339993	130339996	0.18169529	1	273483.7	14.309717	1.0011747	NA	NA	0.0	1.003263056	1.0032631	1	1	1:1	2	neutral	4173863
12	130339997	130350006	NA	10010	190	2.95111111	190	0	46.0	mappable	NA	NA	NA	NA	inf	0.16907579854	0.15049867	inf	130339997	130340000	130349812	130350200	NA	missing	243013.3	NA	1.1712	NA	NA	NA	NA	NA	NA	NA	NA	NA	NA	4173863
12	130350006	133819926	NA	3469923	50626	2.00652611	50173	3010	6330.0	mappable	0.099275	3.0	edge	0.01599871897	0.00028876697	0.00713297667	0.0920536	0.09234237	130349812	130350200	133819926	133819926	0.19191651	1	273483.7	14.309717	1.0011747	NA	NA	0.0	1.003263056	1.0032631	1	1	1:1	2	neutral	4173863
13	19450038	45975027	NA	26524996	371004	2.00652611	369669	18697	39480.0	mappable	0.089	3.0	edge	0.00050594623	4.992262e-05	0.00307530366	0.08110021	0.08115013	19450038	19450038	45969952	45980102	0.15714003	1	273483.7	14.309717	1.0011747	NA	NA	0.0	1.003263056	1.0032631	1	1	1:1	2	neutral	4173863
13	45975027	46000007	NA	24981	259	1.54222222	259	0	26.0	mappable	NA	NA	NA	NA	inf	0.08452420146	0.13690619	inf	45969952	45980102	45999981	46000007	NA	missing	230867.7	NA	0.9176	NA	NA	NA	NA	NA	NA	NA	NA	NA	NA	4173863
13	46000008	107329958	NA	61329959	873364	2.00652611	870625	40556	88099.0	mappable	0.089	3.0	NA	0.00126990096	2.309896e-05	0.00023568407	0.07730936	0.07733246	46000008	46000034	107329911	107330005	0.14659107	1	273483.7	14.309717	1.0011747	NA	NA	0.0	1.003263056	1.0032631	1	1	1:1	2	neutral	4173863
13	107329958	107339998	NA	10041	154	2.55166667	154	0	20.0	mappable	NA	NA	NA	NA	inf	0.09717579854	0.15044816	inf	107329911	107330005	107339972	107340024	NA	missing	280867.8	NA	1.0993	NA	NA	NA	NA	NA	NA	NA	NA	NA	NA	4173863
13	107339998	115099984	NA	7759988	123458	2.00652611	122715	6147	14046.0	mappable	0.089	3.0	edge	0.00334183664	0.00014515895	0.0030003737	0.08738347	0.08752863	107339972	107340024	115099984	115099984	0.17587016	1	273483.7	14.309717	1.0011747	NA	NA	0.0	1.003263056	1.0032631	1	1	1:1	2	neutral	4173863
14	20330060	32978760	NA	12648703	172218	2.00652611	171573	8110	17577.0	mappable	0.089	3.0	edge	0.00318044519	0.00011422045	0.01051187026	0.08477275	0.08488697	20330060	20330060	32978728	32978760	0.15443286	1	273483.7	14.309717	1.0011747	NA	NA	0.0	1.003263056	1.0032631	1	1	1:1	2	neutral	4173863
14	32978761	48599977	CTX	15621218	217121	2.00652611	216337	10314	21903.0	mappable	0.085575	3.0	NA	0.00277239489	9.010633e-05	0.00569511542	0.0836925	0.08378261	32978761	32978822	48599889	48600065	0.16491543	1	273483.7	14.309717	1.0011747	NA	NA	0.0	1.003263056	1.0032631	1	1	1:1	2	neutral	4173863
14	48599977	48619971	NA	19995	408	2.48388889	408	0	41.0	mappable	NA	NA	NA	NA	inf	0.08497579854	0.13998396	inf	48599889	48600065	48619922	48619971	NA	missing	320169.4	NA	1.0871	NA	NA	NA	NA	NA	NA	NA	NA	NA	NA	4173863
14	48619972	106331668	NA	57711703	820062	2.00652611	817280	36531	89131.0	mappable	0.092425	3.0	NA	0.00298924669	2.543947e-05	0.00207572976	0.07757242	0.07759786	48619972	48620021	106331628	106331668	0.16053483	1	273483.7	14.309717	1.0011747	NA	NA	0.0	1.003263056	1.0032631	1	1	1:1	2	neutral	4173863
14	106331669	106351891	DEL	20223	274	-0.58944444	274	1	28.0	mappable	0.0	NA	NA	0.08873973757	1.0	0.46822420146	0.13982387	1.13982387	106331669	106331722	106349982	106351891	NA	missing	116587.8	5.829391	0.5339	NA	NA	NA	NA	NA	NA	NA	NA	NA	NA	4173863
14	106351892	106804973	DEL	453082	2694	0.65722222	2644	48	273.0	mappable	0.18655	NA	NA	0.08588526243	0.01020408163	0.24382420146	0.10644292	0.116647	106351892	106400108	106779888	106804973	0.729938	2	206878.8	12.549304	0.7583	13.64096	1.1833144	1.0	0.0	0.6572222	sub	0	sub:0	sub	sub	4173863
14	106804974	107259908	NA	454935	7058	2.30526944	6611	474	715.0	mappable	0.1034	6.0	edge	0.12946026243	0.00108577633	0.03227579854	0.10640958	0.10749535	106804974	106830059	107259908	107259908	0.32500196	1	539552.1	29.651323	1.0549485	NA	NA	0.0	1.152634722	1.1526347	1	1	1:1	2	neutral	4173863
15	20850000	20859924	NA	9925	165	2.00652611	136	0	11.0	mappable	NA	3.0	edge	0.02035640423	0.03448275862	0.02517579854	0.15063813	0.18512088	20850000	20850000	20859924	20859924	NA	missing	273483.7	NA	1.0011747	NA	NA	NA	NA	NA	NA	NA	NA	NA	NA	4173863
15	22480079	23069956	NA	589879	4054	2.00652611	4007	244	470.0	mappable	0.12402143	3.0	self	0.03046026243	0.00343642612	0.04327579854	0.10432936	0.10776578	22480079	22480079	23069956	23069956	0.1017333	1	273483.7	14.309717	1.0011747	NA	NA	0.0	1.003263056	1.0032631	1	1	1:1	2	neutral	4173863
15	23710146	24329926	NA	619781	10368	2.00652611	10326	821	1086.0	mappable	0.08255833	3.0	NA	0.00756473757	0.00115874855	0.00202420146	0.10394255	0.10510129	23710146	23710146	24329926	24329926	0.15729785	1	273483.7	14.309717	1.0011747	NA	NA	0.0	1.003263056	1.0032631	1	1	1:1	2	neutral	4173863
15	24329927	24830091	NA	500165	0	0.0	0	0	NA	mappable	NA	NA	NA	NA	inf	1.00212420146	0.10564099	inf	24329927	24329927	24830091	24830091	NA	missing	NA	NA	0.0	NA	NA	0.0	0.0	0.0	0	0	NA	0	homozygousDel	4173863
15	24830092	28529988	NA	3699899	57405	2.00652611	57191	2508	6176.0	mappable	0.089	3.0	NA	0.000221514	0.00036751194	0.01049212934	0.091663	0.09203051	24830092	24830092	28529988	28529988	0.18121361	1	273483.7	14.309717	1.0011747	NA	NA	0.0	1.003263056	1.0032631	1	1	1:1	2	neutral	4173863
15	29100034	30369914	NA	1269881	18288	2.00652611	18250	800	2016.0	mappable	0.112975	3.0	self	0.02081026243	0.00119331742	0.00662420146	0.09863751	0.09983083	29100034	29100034	30369914	30369914	0.15095451	1	273483.7	14.309717	1.0011747	NA	NA	0.0	1.003263056	1.0032631	1	1	1:1	2	neutral	4173863
15	31160110	82479795	NA	51319689	690346	2.00652611	688186	27545	75561.0	mappable	0.085575	3.0	self	0.00283373547	3.36655e-05	0.00094527075	0.07808532	0.07811899	31160110	31160110	82479795	82479795	0.17999729	1	273483.7	14.309717	1.0011747	NA	NA	0.0	1.003263056	1.0032631	1	1	1:1	2	neutral	4173863
15	83213963	102399920	NA	19185964	296035	2.00652611	295055	14416	31548.0	mappable	0.09585	3.0	edge	0.00913458429	6.495194e-05	0.00542855872	0.08266667	0.08273162	83213963	83213963	102399920	102399920	0.15922915	1	273483.7	14.309717	1.0011747	NA	NA	0.0	1.003263056	1.0032631	1	1	1:1	2	neutral	4173863
16	100010	8089984	NA	7989978	159455	2.00652611	158776	6668	18390.0	mappable	0.09585	3.0	edge	0.00714010337	0.00013610998	0.00565681317	0.08722289	0.087359	100010	100010	8089957	8089984	0.17394679	1	273483.7	14.309717	1.0011747	NA	NA	0.0	1.003263056	1.0032631	1	1	1:1	2	neutral	4173863
16	8089985	8100021	NA	10037	289	2.86888889	289	25	28.0	mappable	0.23566061	NA	identical	0.14692086849	0.04	0.15427579854	0.15045467	0.19045467	8089985	8090012	8099986	8100021	NA	missing	285480.0	14.802667	1.1564	NA	NA	NA	NA	NA	NA	NA	NA	NA	NA	4173863
16	8100022	16289940	NA	8189923	138512	2.00652611	137936	6564	15711.0	mappable	0.089	3.0	self	0.00247605821	0.00014005602	0.00042511835	0.08708746	0.08722752	8100022	8100057	16289940	16289940	0.16928392	1	273483.7	14.309717	1.0011747	NA	NA	0.0	1.003263056	1.0032631	1	1	1:1	2	neutral	4173863
16	16870104	18169896	NA	1299793	20471	2.00652611	20395	1175	2228.0	mappable	0.10303409	3.0	self	0.01396026243	0.00079936051	0.01962420146	0.09847438	0.09927374	16870104	16870104	18169896	18169896	0.15517791	1	273483.7	14.309717	1.0011747	NA	NA	0.0	1.003263056	1.0032631	1	1	1:1	2	neutral	4173863
16	18800044	23438933	NA	4638892	48649	2.00652611	48422	1801	5682.0	mappable	0.09910833	3.0	self	0.00532368414	0.00049309665	0.00382257759	0.09031242	0.09080551	18800044	18800044	23438889	23438933	0.19288104	1	273483.7	14.309717	1.0011747	NA	NA	0.0	1.003263056	1.0032631	1	1	1:1	2	neutral	4173863
16	23438934	23557105	DEL	118172	1111	1.18222222	1108	5	151.0	mappable	0.20714259	NA	identical	0.23391396614	0.125	0.14932420146	0.11869064	0.24369064	23438934	23439123	23556946	23557105	NA	missing	190962.2	12.730812	0.8528	NA	NA	NA	NA	NA	NA	NA	NA	NA	NA	4173863
16	23557106	24730039	DEL	1172936	16892	2.00652611	16790	778	2028.0	mappable	0.10979038	3.0	NA	0.02227742152	0.00113636364	0.00689398598	0.09919802	0.10033438	23557106	23557269	24729996	24730082	0.2489524	1	273483.7	14.309717	1.0011747	NA	NA	0.0	1.003263056	1.0032631	1	1	1:1	2	neutral	4173863
16	24730039	24749950	NA	19912	242	2.75222222	242	0	27.0	mappable	NA	NA	NA	NA	inf	0.13327579854	0.14004278	inf	24729996	24730082	24749900	24749950	NA	missing	274995.4	NA	1.1354	NA	NA	NA	NA	NA	NA	NA	NA	NA	NA	4173863
16	24749951	29039945	NA	4289996	58315	2.00652611	58072	2440	6651.0	mappable	0.085575	3.0	NA	0.00198251617	0.00037271711	0.00400784518	0.09077481	0.09114752	24749951	24750001	29039945	29039945	0.17195161	1	273483.7	14.309717	1.0011747	NA	NA	0.0	1.003263056	1.0032631	1	1	1:1	2	neutral	4173863
16	29670028	31959970	NA	2289943	17550	2.00652611	17499	511	2127.0	mappable	0.1027	3.0	self	0.01053526243	0.00177935943	0.01707579854	0.09466613	0.09644549	29670028	29670028	31959970	31959970	0.23230677	1	273483.7	14.309717	1.0011747	NA	NA	0.0	1.003263056	1.0032631	1	1	1:1	2	neutral	4173863
16	32520030	32649899	NA	129870	3039	2.00652611	2883	1	300.0	mappable	0.47368421	3.0	self	0.02485289546	0.00636942675	0.00897579854	0.11773911	0.12410854	32520030	32520030	32649899	32649899	NA	missing	273483.7	14.309717	1.0011747	NA	NA	NA	NA	NA	NA	NA	NA	NA	NA	4173863
16	33590105	35279959	NA	1689855	15435	2.00652611	15411	14	1605.0	mappable	0.19159167	3.0	self	0.00313672823	0.02631578947	0.00057579854	0.09667221	0.122988	33590105	33590105	35279959	35279959	NA	missing	273483.7	14.309717	1.0011747	NA	NA	NA	NA	NA	NA	NA	NA	NA	NA	4173863
16	46450014	60389958	NA	13939947	194592	2.00652611	193957	8157	21266.0	mappable	0.089	3.0	self	0.0007132792	0.00011373976	0.00380861757	0.08427183	0.08438557	46450014	46450014	60389893	60390023	0.15096149	1	273483.7	14.309717	1.0011747	NA	NA	0.0	1.003263056	1.0032631	1	1	1:1	2	neutral	4173863
16	60389958	60400097	NA	10140	186	2.86722222	185	0	31.0	mappable	NA	NA	identical	0.11126026243	1.0	0.15397579854	0.15028814	1.15028814	60389893	60390023	60399901	60400097	NA	missing	301161.7	NA	1.1561	NA	NA	NA	NA	NA	NA	NA	NA	NA	NA	4173863
16	60400098	90109969	NA	29709875	508597	2.00652611	506666	23935	56656.0	mappable	0.092425	3.0	edge	0.00281426446	3.866378e-05	0.00098684202	0.08056577	0.08060443	60400098	60400294	90109969	90109969	0.16013579	1	273483.7	14.309717	1.0011747	NA	NA	0.0	1.003263056	1.0032631	1	1	1:1	2	neutral	4173863
17	20080	8930023	NA	8909944	107097	2.00652611	106533	4862	13072.0	mappable	0.099275	3.0	edge	0.01396026243	0.0001843318	0.00047579854	0.0866289	0.08681323	20080	20080	8929967	8930023	0.18070915	1	273483.7	14.309717	1.0011747	NA	NA	0.0	1.003263056	1.0032631	1	1	1:1	2	neutral	4173863
17	8930024	8940011	NA	9988	175	1.27333333	175	0	23.0	mappable	NA	NA	NA	NA	inf	0.13292420146	0.15053462	inf	8930024	8930080	8939987	8940011	NA	missing	207172.0	NA	0.8692	NA	NA	NA	NA	NA	NA	NA	NA	NA	NA	4173863
17	8940012	16022610	NA	7082599	103001	2.00652611	102614	5561	11117.0	mappable	0.09585	3.0	NA	0.00711026243	0.00016812374	0.00512420146	0.0878895	0.08805762	8940012	8940036	16022581	16022610	0.16335913	1	273483.7	14.309717	1.0011747	NA	NA	0.0	1.003263056	1.0032631	1	1	1:1	2	neutral	4173863
17	16022611	16152167	DEL	129557	832	1.10611111	822	44	91.0	mappable	0.229425	NA	identical	0.13041026243	0.01851851852	0.16302420146	0.11776325	0.13628177	16022611	16022627	16152040	16152167	0.82533466	2	239602.6	15.174829	0.8391	14.27735	1.0619287	1.0	0.0	1.1061111	1	0	1:0	1	LOH	4173863
17	16152168	18239982	DEL	2087815	21495	2.00652611	21413	950	2534.0	mappable	0.10955	3.0	self	0.01738526243	0.00096899225	0.00197579854	0.0952673	0.09623629	16152168	16152186	18239982	18239982	0.14938779	1	273483.7	14.309717	1.0011747	NA	NA	0.0	1.003263056	1.0032631	1	1	1:1	2	neutral	4173863
17	18750212	22239986	NA	3489775	25850	2.00652611	25163	774	3173.0	mappable	0.1075	3.0	self	0.01738526243	0.0006844627	0.00232420146	0.09201874	0.09270321	18750212	18750212	22239986	22239986	0.21738544	1	273483.7	14.309717	1.0011747	NA	NA	0.0	1.003263056	1.0032631	1	1	1:1	2	neutral	4173863
17	25390040	44279982	NA	18889943	211104	2.00652611	210350	8032	24826.0	mappable	0.09585	3.0	self	0.01053526243	0.00011383039	0.00422420146	0.08274339	0.08285722	25390040	25390040	44279982	44279982	0.15420679	1	273483.7	14.309717	1.0011747	NA	NA	0.0	1.003263056	1.0032631	1	1	1:1	2	neutral	4173863
17	44790026	81129884	NA	36339862	476287	2.00652611	474186	22848	54793.0	mappable	0.092425	3.0	edge	0.005332687	4.008337e-05	0.00126438144	0.07963353	0.07967361	44790026	44790026	81129884	81129884	0.18238999	1	273483.7	14.309717	1.0011747	NA	NA	0.0	1.003263056	1.0032631	1	1	1:1	2	neutral	4173863
18	130031	14119956	NA	13989929	212751	2.00652611	212033	11077	22913.0	mappable	0.092425	3.0	edge	0.00435159204	8.478169e-05	0.00323266549	0.0842535	0.08433829	130031	130031	14119956	14119956	0.16503589	1	273483.7	14.309717	1.0011747	NA	NA	0.0	1.003263056	1.0032631	1	1	1:1	2	neutral	4173863
18	14119957	14910026	NA	790070	0	0.0	0	0	NA	mappable	NA	NA	NA	NA	inf	1.00212420146	0.10208446	inf	14119957	14119957	14910026	14910026	NA	missing	NA	NA	0.0	NA	NA	0.0	0.0	0.0	0	0	NA	0	homozygousDel	4173863
18	14910027	14929888	NA	19862	364	2.00652611	363	34	40.0	mappable	0.065125	3.0	NA	0.02143973757	0.02857142857	0.01622420146	0.14007836	0.16864978	14910027	14910027	14929888	14929888	0.2942031	1	273483.7	14.309717	1.0011747	NA	NA	0.0	1.003263056	1.0032631	1	1	1:1	2	neutral	4173863
18	18540053	23590003	NA	5049951	65296	2.00652611	65070	2519	7165.0	mappable	0.092425	3.0	NA	0.00368526243	0.00036429872	0.00207579854	0.08981563	0.09017993	18540053	18540053	23589994	23590012	0.1585106	1	273483.7	14.309717	1.0011747	NA	NA	0.0	1.003263056	1.0032631	1	1	1:1	2	neutral	4173863
18	23590003	23599949	NA	9947	142	2.77833333	142	0	15.0	mappable	NA	NA	NA	NA	inf	0.13797579854	0.15060189	inf	23589994	23590012	23599862	23599949	NA	missing	356438.0	NA	1.1401	NA	NA	NA	NA	NA	NA	NA	NA	NA	NA	4173863
18	23599950	44920037	NA	21320090	298359	2.00652611	297506	13700	29966.0	mappable	0.085575	3.0	NA	0.0015259664	6.871435e-05	0.00679199898	0.08215	0.08221871	23599950	23600037	44919994	44920037	0.14596326	1	273483.7	14.309717	1.0011747	NA	NA	0.0	1.003263056	1.0032631	1	1	1:1	2	neutral	4173863
18	44920038	44940056	NA	20019	428	2.70055556	424	31	76.0	mappable	0.33282308	NA	identical	0.24278526243	0.02857142857	0.12397579854	0.139967	0.16853843	44920038	44920081	44939985	44940127	0.28364807	1	231885.4	12.882522	1.1261	NA	NA	0.0	1.350277778	1.3502778	sub	sub	sub:sub	sub	sub	4173863
18	44940056	78009968	NA	33069919	515096	2.00652611	512973	26524	54089.0	mappable	0.085575	3.0	edge	0.00059121337	3.491254e-05	0.00285478187	0.0800672	0.08010212	44939985	44940127	78009968	78009968	0.15861251	1	273483.7	14.309717	1.0011747	NA	NA	0.0	1.003263056	1.0032631	1	1	1:1	2	neutral	4173863
19	260137	6574632	NA	6314497	76809	1.98853556	76354	3390	10211.0	mappable	0.373275	7.0	edge	0.28058255909	0.00026014568	0.01180393456	0.08853382	0.08879397	260137	260137	6569989	6574632	0.79001916	2	262553.0	17.786162	0.9979364	13.1548	0.9946833	0.9893665	0.010572545	1.977963	2	0	2:0	2	cnLOH	4173863
19	6574633	6639214	DEL	64582	428	0.21166667	428	41	57.0	mappable	0.14690147	NA	NA	0.05816173302	0.0243902439	0.32402420146	0.1251655	0.14955574	6574633	6580234	6629973	6639214	0.27215532	1	161102.9	9.062037	0.6781	NA	NA	0.0	0.105833333	0.1058333	0	0	0:0	0	LOH	4173863
19	6639215	20169994	DEL	13530780	141977	1.98853556	141145	6869	17908.0	mappable	0.3493	7.0	NA	0.25713526243	0.00012985327	0.00057579854	0.08442473	0.08455458	6639215	6640084	20159988	20180000	0.72358818	2	262553.0	17.786162	0.9979364	13.1548	0.9946833	0.9893665	0.010572545	1.977963	2	0	2:0	2	cnLOH	4173863
19	20169994	20209988	NA	39995	200	1.33277778	200	0	16.0	mappable	NA	NA	NA	NA	inf	0.12222420146	0.13082556	inf	20159988	20180000	20189967	20209988	NA	missing	217382.0	NA	0.8799	NA	NA	NA	NA	NA	NA	NA	NA	NA	NA	4173863
19	20209989	24569972	NA	4359984	37544	2.00652611	37118	1434	4134.0	mappable	0.09585	3.0	NA	0.00026026243	0.00053763441	0.00217579854	0.09067872	0.09121635	20209989	20230010	24569972	24569972	0.20233552	1	273483.7	14.309717	1.0011747	NA	NA	0.0	1.003263056	1.0032631	1	1	1:1	2	neutral	4173863
19	27750002	27899986	NA	149985	5110	2.58708444	4991	12	644.0	mappable	0.10425874	5.0	NA	0.02276354526	0.00763358779	0.08177579854	0.11631654	0.12395013	27750002	27750002	27899966	27899986	NA	missing	312532.0	17.066315	1.1056752	NA	NA	NA	NA	NA	NA	NA	NA	NA	NA	4173863
19	27899987	34931771	NA	7031785	104870	2.00652611	104551	4802	11571.0	mappable	0.092425	3.0	NA	0.00711026243	0.00019527436	0.00972420146	0.08792964	0.08812491	27899987	27900007	34931688	34931771	0.16090398	1	273483.7	14.309717	1.0011747	NA	NA	0.0	1.003263056	1.0032631	1	1	1:1	2	neutral	4173863
19	34931772	34937969	DEL	6198	79	1.66	79	0	10.0	mappable	NA	NA	NA	NA	inf	0.06332420146	0.15876056	inf	34931772	34931795	34937965	34937969	NA	missing	236463.8	NA	0.9388	NA	NA	NA	NA	NA	NA	NA	NA	NA	NA	4173863
19	34937970	34938183	DEL	214	7	1.66	7	0	0.0	mappable	NA	NA	NA	NA	inf	0.06332420146	0.25834897	inf	34937970	34937974	34938039	34938183	NA	missing	236463.8	NA	0.9388	NA	NA	NA	NA	NA	NA	NA	NA	NA	NA	4173863
19	34938184	34940991	DEL	2808	46	1.28276333	45	0	3.0	mappable	NA	4.0	NA	0.16126026243	1.0	0.04922420146	0.17459126	1.17459126	34938184	34938204	34940700	34940991	NA	missing	254588.4	NA	0.8708974	NA	NA	NA	NA	NA	NA	NA	NA	NA	NA	4173863
19	34940992	40935037	DEL	5994046	65136	2.00652611	64852	2242	8135.0	mappable	0.09585	3.0	NA	0.00711026243	0.00039588282	0.00327579854	0.08882928	0.08922516	34940992	34941088	40929975	40935037	0.20890069	1	273483.7	14.309717	1.0011747	NA	NA	0.0	1.003263056	1.0032631	1	1	1:1	2	neutral	4173863
19	40935038	40984988	NA	49951	447	1.33333333	447	0	71.0	mappable	NA	NA	NA	NA	inf	0.12212420146	0.12813756	inf	40935038	40940100	40979909	40984988	NA	missing	173417.8	NA	0.88	NA	NA	NA	NA	NA	NA	NA	NA	NA	NA	4173863
19	40984989	43209995	NA	2225007	22040	2.00652611	22022	0	2910.0	mappable	NA	3.0	NA	0.01363526243	0.05555555556	0.01492420146	0.09485246	0.15040801	40984989	40990068	43209995	43209995	NA	missing	273483.7	NA	1.0011747	NA	NA	NA	NA	NA	NA	NA	NA	NA	NA	4173863
19	43209996	43800005	NA	590010	0	0.0	0	0	NA	mappable	NA	NA	NA	NA	inf	1.00212420146	0.10432761	inf	43209996	43209996	43800005	43800005	NA	missing	NA	NA	0.0	NA	NA	0.0	0.0	0.0	0	0	NA	0	homozygousDel	4173863
19	43800006	50114855	NA	6314850	67093	2.00652611	66801	2567	8358.0	mappable	0.106125	3.0	NA	0.01738526243	0.00034977265	0.00232420146	0.08853351	0.08888328	43800006	43800006	50099704	50130006	0.20234268	1	273483.7	14.309717	1.0011747	NA	NA	0.0	1.003263056	1.0032631	1	1	1:1	2	neutral	4173863
19	50114855	50174927	NA	60073	542	2.57570111	541	0	73.0	mappable	NA	1.0	NA	0.0147085383	1.0	0.08727579854	0.12598878	1.12598878	50099704	50130006	50169795	50180059	NA	missing	320191.2	NA	1.1036262	NA	NA	NA	NA	NA	NA	NA	NA	NA	NA	4173863
19	50174927	50559939	NA	385013	4931	1.915	4918	173	645.0	mappable	0.1777	NA	NA	0.09188526243	0.00537634409	0.01742420146	0.10779029	0.11316663	50169795	50180059	50559750	50559939	0.21690093	1	186020.6	10.146576	0.9847	NA	NA	0.0	0.9575	0.9575	1	1	1:1	2	neutral	4173863
19	50675010	59089999	NA	8414990	89912	2.00652611	89430	4291	10836.0	mappable	0.089	3.0	edge	0.00335312556	0.00020959966	0.00107242301	0.0869394	0.087149	50675010	50690040	59089999	59089999	0.19770083	1	273483.7	14.309717	1.0011747	NA	NA	0.0	1.003263056	1.0032631	1	1	1:1	2	neutral	4173863
20	60479	25729738	NA	25669263	400517	2.00652611	399348	18237	43100.0	mappable	0.092425	3.0	edge	0.0041633672	5.153577e-05	0.01025439119	0.08125609	0.08130763	60479	60479	25729738	25729738	0.15956902	1	273483.7	14.309717	1.0011747	NA	NA	0.0	1.003263056	1.0032631	1	1	1:1	2	neutral	4173863
20	29810057	29901389	NA	91333	2302	2.57570111	2231	63	275.0	mappable	0.078175	1.0	NA	0.00606480789	0.00746268657	0.10057579854	0.1213677	0.12883039	29810057	29810057	29901387	29901391	0.06595205	1	320191.2	16.956821	1.1036262	NA	NA	0.0	1.287850556	1.2878506	1	1	1:1	2	neutral	4173863
20	29901389	62899977	NA	32998592	495318	2.00652611	493555	19080	57309.0	mappable	0.092425	3.0	self	0.00512677432	4.798234e-05	0.00390489447	0.08007719	0.08012517	29901387	29901391	62899944	62900010	0.15302591	1	273483.7	14.309717	1.0011747	NA	NA	0.0	1.003263056	1.0032631	1	1	1:1	2	neutral	4173863
20	62899977	62909989	NA	10013	197	2.58708444	180	0	23.0	mappable	NA	5.0	edge	0.03823298971	0.05882352941	0.12517579854	0.15049377	0.2093173	62899944	62900010	62909989	62909989	NA	missing	312532.0	NA	1.1056752	NA	NA	NA	NA	NA	NA	NA	NA	NA	NA	4173863
21	10720001	10729995	NA	9995	1039	2.22	1013	0	65.0	mappable	NA	NA	edge	0.10412871293	0.03846153846	0.03747579854	0.15052317	0.18898471	10720001	10720001	10729988	10729995	NA	missing	883555.0	NA	1.0396	NA	NA	NA	NA	NA	NA	NA	NA	NA	NA	4173863
21	10729996	11179964	NA	449970	4094	2.30526944	3817	0	496.0	mappable	NA	6.0	NA	0.16763757892	0.0036101083	0.06776050787	0.10649928	0.11010939	10729996	10730003	11179964	11179964	NA	missing	539552.1	NA	1.0549485	NA	NA	NA	NA	NA	NA	NA	NA	NA	NA	4173863
21	15410077	39790026	NA	24379953	379264	2.00652611	377672	16224	39774.0	mappable	0.089	3.0	self	0.00211853687	5.613247e-05	0.00524484701	0.08150228	0.08155841	15410077	15410077	39789987	39790026	0.17066932	1	273483.7	14.309717	1.0011747	NA	NA	0.0	1.003263056	1.0032631	1	1	1:1	2	neutral	4173863
21	39790027	39800029	NA	10003	167	0.98888889	165	13	29.0	mappable	0.33479038	NA	identical	0.24605064705	0.06666666667	0.18412420146	0.1505101	0.21717676	39790027	39790066	39799962	39800096	NA	missing	206114.0	11.450778	0.818	NA	NA	NA	NA	NA	NA	NA	NA	NA	NA	4173863
21	39800029	45820001	NA	6019973	96509	2.00652611	96041	4520	11140.0	mappable	0.092425	3.0	self	0.00711026243	0.00020048115	0.00122420146	0.08880472	0.0890052	39799962	39800096	45819977	45820001	0.18699143	1	273483.7	14.309717	1.0011747	NA	NA	0.0	1.003263056	1.0032631	1	1	1:1	2	neutral	4173863
21	45820002	45830008	NA	10007	296	1.27888889	294	1	36.0	mappable	0.8	NA	identical	0.58268526243	0.33333333333	0.13192420146	0.15050356	0.4838369	45820002	45820026	45829996	45830020	NA	missing	153145.0	13.78305	0.8702	NA	NA	NA	NA	NA	NA	NA	NA	NA	NA	4173863
21	45830008	48050193	NA	2220186	39516	2.00652611	39097	2117	5070.0	mappable	0.09585	3.0	self	0.00711026243	0.00039432177	0.01897579854	0.09486654	0.09526086	45829996	45830020	48049998	48050388	0.20279543	1	273483.7	14.309717	1.0011747	NA	NA	0.0	1.003263056	1.0032631	1	1	1:1	2	neutral	4173863
21	48050193	48069982	NA	19790	319	2.79611111	313	26	41.0	mappable	0.04825	NA	identical	0.04048973757	0.03125	0.14117579854	0.14012978	0.17137978	48049998	48050388	48069930	48069982	NA	missing	284597.9	14.823838	1.1433	NA	NA	NA	NA	NA	NA	NA	NA	NA	NA	4173863
21	48069983	48099931	NA	29949	469	2.00652611	464	34	52.0	mappable	0.09149286	3.0	edge	0.00546383386	0.02564102564	0.00952420146	0.134497	0.16013803	48069983	48070035	48099931	48099931	0.17628868	1	273483.7	14.309717	1.0011747	NA	NA	0.0	1.003263056	1.0032631	1	1	1:1	2	neutral	4173863
22	16850007	17360021	NA	510015	1638	2.57570111	1612	35	179.0	mappable	0.10016667	1.0	edge	0.01301684138	0.01639344262	0.09117579854	0.10548423	0.12187767	16850007	16850007	17319946	17400096	0.20592741	1	320191.2	16.956821	1.1036262	NA	NA	0.0	1.287850556	1.2878506	1	1	1:1	2	neutral	4173863
22	17360021	22590034	NA	5230015	53068	2.00652611	52813	2697	6304.0	mappable	0.09585	3.0	self	0.01085589735	0.00033875339	0.00182467922	0.08961222	0.08995098	17319946	17400096	22589955	22590113	0.16565466	1	273483.7	14.309717	1.0011747	NA	NA	0.0	1.003263056	1.0032631	1	1	1:1	2	neutral	4173863
22	22590034	23245009	NA	654976	8472	0.63046667	8438	367	939.0	mappable	0.127975	NA	identical	0.03966621976	0.00249376559	0.24864020713	0.10351387	0.10600763	22589955	22590113	23239965	23250053	0.59197292	2	181231.2	10.87387	0.753484	12.02621	1.1639562	1.0	0.0	0.6304667	sub	0	sub:0	sub	sub	4173863
22	23245009	31710003	NA	8464995	104253	2.00652611	103898	3910	12083.0	mappable	0.09585	3.0	NA	0.00711026243	0.00023446659	0.00932420146	0.08690711	0.08714157	23239965	23250053	31709994	31710012	0.18503921	1	273483.7	14.309717	1.0011747	NA	NA	0.0	1.003263056	1.0032631	1	1	1:1	2	neutral	4173863
22	31710003	31739956	NA	29954	369	1.49388889	369	0	48.0	mappable	NA	NA	NA	NA	inf	0.09322420146	0.13449482	inf	31709994	31710012	31739897	31740015	NA	missing	199132.0	NA	0.9089	NA	NA	NA	NA	NA	NA	NA	NA	NA	NA	4173863
22	31739956	51179984	NA	19440032	288113	2.00652611	286799	13306	34430.0	mappable	0.092425	3.0	edge	0.00446682378	6.841817e-05	0.00219926264	0.08260187	0.08267029	31739897	31740015	51179984	51179984	0.18105712	1	273483.7	14.309717	1.0011747	NA	NA	0.0	1.003263056	1.0032631	1	1	1:1	2	neutral	4173863
23	2700027	58499983	NA	55799960	490900	2.00652611	489454	17880	51482.0	mappable	0.089	3.0	edge	0.00057563089	5.174376e-05	0.01287110287	0.07771892	0.07777066	2700027	2700027	58499983	58499983	0.16291566	1	273483.7	14.309717	1.0011747	NA	NA	0.0	1.003263056	1.0032631	1	1	1:1	2	neutral	4173863
23	61750000	75099994	NA	13349995	108170	2.00652611	107919	2304	11450.0	mappable	0.08738676	3.0	NA	0.001537266	0.00039138943	0.02303543008	0.08449394	0.08488533	61750000	61750000	75099932	75100056	0.19091106	1	273483.7	14.309717	1.0011747	NA	NA	0.0	1.003263056	1.0032631	1	1	1:1	2	neutral	4173863
23	75099994	75120011	NA	20018	286	2.30222222	286	0	26.0	mappable	NA	NA	NA	NA	inf	0.05227579854	0.13996771	inf	75099932	75100056	75119987	75120011	NA	missing	297733.3	NA	1.0544	NA	NA	NA	NA	NA	NA	NA	NA	NA	NA	4173863
23	75120012	88459980	NA	13339969	137443	2.00652611	137028	6672	13458.0	mappable	0.085575	3.0	NA	0.00316473757	0.00014112334	0.01672420146	0.08449781	0.08463894	75120012	75120036	88459980	88459980	0.16736848	1	273483.7	14.309717	1.0011747	NA	NA	0.0	1.003263056	1.0032631	1	1	1:1	2	neutral	4173863
23	88990017	89349936	NA	359920	1089	2.00652611	1089	5	118.0	mappable	0.09717434	3.0	NA	0.00843460454	0.2	0.04212420146	0.10835811	0.30835811	88990017	88990017	89349936	89349936	NA	missing	273483.7	14.309717	1.0011747	NA	NA	NA	NA	NA	NA	NA	NA	NA	NA	4173863
23	89349937	90140198	NA	790262	0	0.0	0	0	NA	mappable	NA	NA	NA	NA	inf	1.00212420146	0.10208263	inf	89349937	89349937	90140198	90140198	NA	missing	NA	NA	0.0	NA	NA	0.0	0.0	0.0	0	0	NA	0	homozygousDel	4173863
23	90140199	91459995	NA	1319797	4365	2.00652611	4350	312	393.0	mappable	0.10448929	3.0	NA	0.0170269291	0.00305810398	0.01162420146	0.09836766	0.10142577	90140199	90140199	91459931	91460059	0.14869355	1	273483.7	14.309717	1.0011747	NA	NA	0.0	1.003263056	1.0032631	1	1	1:1	2	neutral	4173863
23	91459995	91489999	NA	30005	228	1.45957056	227	0	22.0	mappable	NA	9.0	NA	0.00178321583	1.0	0.10292420146	0.13447263	1.13447263	91459931	91460059	91489978	91490020	NA	missing	203912.9	NA	0.9027227	NA	NA	NA	NA	NA	NA	NA	NA	NA	NA	4173863
23	91489999	91529952	NA	39954	510	1.98853556	509	0	63.0	mappable	NA	7.0	NA	0.27126026243	1.0	0.00867579854	0.13083823	1.13083823	91489978	91490020	91529952	91529952	NA	missing	262553.0	NA	0.9979364	NA	NA	NA	NA	NA	NA	NA	NA	NA	NA	4173863
23	91529953	92379999	NA	850047	0	0.0	0	0	NA	mappable	NA	NA	NA	NA	inf	1.00212420146	0.10153736	inf	91529953	91529953	92379999	92379999	NA	missing	NA	NA	0.0	NA	NA	0.0	0.0	0.0	0	0	NA	0	homozygousDel	4173863
23	92380000	154929639	NA	62549645	567273	2.00652611	565593	20679	58815.0	mappable	0.089	3.0	edge	0.00103987342	4.472672e-05	0.01666880344	0.07722455	0.07726928	92380000	92380000	154929639	154929639	0.17373993	1	273483.7	14.309717	1.0011747	NA	NA	0.0	1.003263056	1.0032631	1	1	1:1	2	neutral	4173863
