#chromosome	start	end	crest	length	tcnNbrOfLoci	tcnMean	tcnNbrOfSNPs	tcnNbrOfHets	dhNbrOfLoci	map	dhMax	cluster	neighbour	distDH	errorSNP	distTcn	errorLength	totalError	minStart	maxStart	minStop	maxStop	area	peaks	meanCovT	meanCovB	tcnMeanRaw	AF	BAF	dhMean	c1Mean	c2Mean	A	B	genotype	TCN	GNL	PID
1	840009	12839977	NA	11999971	171518	1.98306071	170633	8571	47221.0	mappable	0.688375	6.0	edge	0.60971009422	0.00010577533	0.0048319373	0.08504657	0.08515234	840009	840009	12839977	12839977	0.92966152	2	384899.04	32.167412	0.9711278	19.35643	0.9950795	0.9901591	0.009757596	1.9733031	2	0	2:0	2	cnLOH	4149246
1	13781517	20630004	NA	6848488	96277	1.98306071	95951	4992	26624.0	mappable	0.6918	6.0	NA	0.61423723355	0.00018804062	0.0009143351	0.08807719	0.08826523	13781517	13781517	20629953	20630004	0.92940398	2	384899.04	32.167412	0.9711278	19.35643	0.9950795	0.9901591	0.009757596	1.9733031	2	0	2:0	2	cnLOH	4149246
1	20630005	20659981	NA	29977	484	2.27054435	484	1	163.0	mappable	0.47058824	NA	NA	0.3919532346	1.0	0.0876931213	0.13448481	1.13448481	20630005	20630056	20659956	20659981	NA	missing	399868.77	29.402115	1.0666	NA	NA	NA	NA	NA	NA	NA	NA	NA	NA	4149246
1	20659982	49369970	NA	28709990	346002	1.98306071	344774	14344	96210.0	mappable	0.68495	6.0	NA	0.60496299564	6.422608e-05	0.009667191	0.08072638	0.0807906	20659982	20660007	49369924	49370016	0.95682585	2	384899.04	32.167412	0.9711278	19.35643	0.9950795	0.9901591	0.009757596	1.9733031	2	0	2:0	2	cnLOH	4149246
1	49369970	120529963	NA	71160001	950141	2.00432474	947101	44837	259771.0	mappable	0.0753	8.0	self	0.00197243379	2.088773e-05	0.0012176824	0.0766737	0.07669459	49369924	49370016	120529963	120529963	0.16854444	1	419757.5	21.743913	0.9781895	NA	NA	0.0	1.002162368	1.0021624	1	1	1:1	2	neutral	4149246
1	121220004	121229986	NA	9983	177	1.74757045	176	12	56.0	mappable	0.05946196	2.0	NA	0.02705891374	0.07692307692	0.0915068787	0.15054281	0.22746588	121220004	121220004	121229986	121229986	NA	missing	471263.07	24.493862	0.8929224	NA	NA	NA	NA	NA	NA	NA	NA	NA	NA	4149246
1	144010127	144019970	NA	9844	155	2.00766865	99	0	29.0	mappable	NA	NA	NA	0.30781306434	0.01785714286	0.0003931213	0.15077238	0.16862952	144010127	144010127	144019970	144019970	NA	missing	1231820.0	NA	0.9793	NA	NA	NA	NA	NA	NA	NA	NA	NA	NA	4149246
1	144920087	145739956	NA	819871	6363	2.00432474	5865	112	1824.0	mappable	0.113275	8.0	self	0.03154548088	0.00163934426	0.0091427737	0.10180688	0.10344623	144920087	144920087	145739956	145739956	0.14115018	1	419757.5	21.743913	0.9781895	NA	NA	0.0	1.002162368	1.0021624	1	1	1:1	2	neutral	4149246
1	146540101	147829895	NA	1289795	11656	2.00432474	11615	734	3137.0	mappable	0.07413864	8.0	self	0.0033350007	0.00129032258	0.0155068787	0.09852843	0.09981875	146540101	146540101	147829895	147829895	0.16111344	1	419757.5	21.743913	0.9781895	NA	NA	0.0	1.002162368	1.0021624	1	1	1:1	2	neutral	4149246
1	149815060	225110016	NA	75294964	1004611	2.00432474	1001543	44832	276485.0	mappable	0.078725	8.0	self	2.071504e-05	2.087683e-05	0.0017995033	0.07643492	0.0764558	149815060	149815060	225109997	225110016	0.14437886	1	419757.5	21.743913	0.9781895	NA	NA	0.0	1.002162368	1.0021624	1	1	1:1	2	neutral	4149246
1	225110017	225539997	NA	429981	4208	1.74757045	4198	51	1160.0	mappable	0.08050833	2.0	NA	0.00444263088	0.01639344262	0.0595068787	0.10687236	0.1232658	225110017	225110036	225539984	225540010	0.27508391	1	471263.07	24.493862	0.8929224	NA	NA	0.0	0.873785225	0.8737852	1	1	1:1	2	neutral	4149246
1	225539997	225550034	NA	10038	149	1.57405924	149	0	47.0	mappable	NA	NA	NA	NA	inf	0.1436068787	0.15045304	inf	225539984	225540010	225549998	225550034	NA	missing	403819.0	NA	0.8353	NA	NA	NA	NA	NA	NA	NA	NA	NA	NA	4149246
1	225550035	249100070	NA	23550038	332789	2.00432474	331455	17938	90546.0	mappable	0.078725	8.0	NA	0.00034528631	5.188875e-05	0.007620487	0.08166857	0.08172046	225550035	225550071	249099998	249100070	0.1480575	1	419757.5	21.743913	0.9781895	NA	NA	0.0	1.002162368	1.0021624	1	1	1:1	2	neutral	4149246
1	249100071	249209945	NA	109875	1946	2.19114415	1944	11	540.0	mappable	0.06116667	9.0	edge	0.01922666737	0.07692307692	0.0683931213	0.11943505	0.19635812	249100071	249100143	249209945	249209945	NA	missing	409631.3	21.138634	1.0402315	NA	NA	NA	NA	NA	NA	NA	NA	NA	NA	4149246
2	20016	35490104	NA	35470093	532996	3.0061561	531148	26411	146567.0	mappable	0.2534	1.0	edge	0.17332584718	3.538821e-05	0.331319626	0.0797445	0.07977989	20016	20016	35489990	35490218	0.83544335	2	567919.74	35.487866	1.3108938	21.15799	0.6639708	0.3279416	1.010156236	1.9959999	2	1	2:1	3	gain	4149246
2	35490104	35499939	NA	9836	145	2.65145818	138	0	43.0	mappable	NA	NA	NA	0.37144877123	0.14285714286	0.2141931213	0.15078571	0.29364286	35489990	35490218	35499855	35500023	NA	missing	577698.8	NA	1.1931	NA	NA	NA	NA	NA	NA	NA	NA	NA	NA	4149246
2	35499939	44690000	NA	9190065	155480	3.0061561	154994	7461	42087.0	mappable	0.2534	1.0	NA	0.17541572636	0.00012583365	0.3278592758	0.08646165	0.08658748	35499855	35500023	44689997	44690003	0.8463703	2	567919.74	35.487866	1.3108938	21.15799	0.6639708	0.3279416	1.010156236	1.9959999	2	1	2:1	3	gain	4149246
2	44690000	44709977	NA	19978	308	2.72794206	308	0	85.0	mappable	NA	NA	NA	NA	inf	0.2395931213	0.13999598	inf	44689997	44690003	44709867	44710087	NA	missing	577333.57	NA	1.2185	NA	NA	NA	NA	NA	NA	NA	NA	NA	NA	4149246
2	44709977	49529987	NA	4820013	79755	3.0061561	79547	3776	21865.0	mappable	0.2534	1.0	NA	0.17278769738	0.00025106703	0.3326642253	0.09008763	0.0903387	44709867	44710087	49529953	49529987	0.81068453	2	567919.74	35.487866	1.3108938	21.15799	0.6639708	0.3279416	1.010156236	1.9959999	2	1	2:1	3	gain	4149246
2	49529988	49539997	NA	10010	179	1.64090735	179	3	30.0	mappable	0.30227047	NA	NA	0.2236354728	0.33333333333	0.1214068787	0.15049867	0.483832	49529988	49530022	49539991	49540003	NA	missing	210652.0	13.813246	0.8575	NA	NA	NA	NA	NA	NA	NA	NA	NA	NA	4149246
2	49539997	87059860	NA	37519865	542031	3.0061561	540604	26627	147473.0	mappable	0.2534	1.0	NA	0.17533508446	3.564554e-05	0.3257414994	0.07948762	0.07952326	49539991	49540003	87059860	87059860	0.83934352	2	567919.74	35.487866	1.3108938	21.15799	0.6639708	0.3279416	1.010156236	1.9959999	2	1	2:1	3	gain	4149246
2	88330099	89160000	NA	829902	10212	3.0061561	10181	386	2986.0	mappable	0.24160523	1.0	NA	0.16795976674	0.00239808153	0.3260931213	0.10171604	0.10411413	88330099	88330099	89159998	89160002	0.82581504	2	567919.74	35.487866	1.3108938	21.15799	0.6639708	0.3279416	1.010156236	1.9959999	2	1	2:1	3	gain	4149246
2	89160000	89161433	NA	1434	485	2.00432474	481	0	144.0	mappable	NA	8.0	self	0.0018110778	0.25	0.0149068787	0.1907336	0.4407336	89159998	89160002	89161413	89161433	NA	missing	419757.5	NA	0.9781895	NA	NA	NA	NA	NA	NA	NA	NA	NA	NA	4149246
2	89161434	89229990	DEL	68557	1183	1.93389482	1183	64	322.0	mappable	0.6176866	NA	NA	0.53905159604	0.015625	0.0241068787	0.12449412	0.14011912	89161434	89161525	89229990	89229990	1.0	2	418699.11	34.671586	0.9548	21.4163	0.9877463	0.9754925	0.023697421	1.9101974	2	0	2:0	2	cnLOH	4149246
2	89229991	89246818	NA	16828	0	0.0	0	0	NA	mappable	NA	NA	NA	NA	inf	0.9789068787	0.14246459	inf	89229991	89229991	89246818	89246818	NA	missing	NA	NA	0.0	NA	NA	0.0	0.0	0.0	0	0	NA	0	homozygousDel	4149246
2	89840102	90239998	NA	399897	914	2.86495059	904	22	368.0	mappable	0.17378176	NA	NA	0.02823000692	0.03125	0.2850931213	0.10747332	0.13872332	89840102	89840102	90239998	90239998	NA	missing	840731.72	49.803239	1.264	NA	NA	NA	NA	NA	NA	NA	NA	NA	NA	4149246
2	95580145	96239991	NA	659847	4444	3.0061561	4430	152	1281.0	mappable	0.26665779	1.0	NA	0.17337442553	0.00602409639	0.3548931213	0.10345663	0.10948073	95580145	95580145	96239991	96239991	0.88778319	2	567919.74	35.487866	1.3108938	21.15799	0.6639708	0.3279416	1.010156236	1.9959999	2	1	2:1	3	gain	4149246
2	96239992	96740020	NA	500029	0	0.0	0	0	NA	mappable	NA	NA	NA	NA	inf	0.9789068787	0.10564318	inf	96239992	96239992	96740020	96740020	NA	missing	NA	NA	0.0	NA	NA	0.0	0.0	0.0	0	0	NA	0	homozygousDel	4149246
2	96740021	132189994	NA	35449974	448490	3.0061561	447236	21754	123613.0	mappable	0.26025	1.0	NA	0.1816149993	4.346314e-05	0.3220931213	0.0797471	0.07979057	96740021	96740021	132189994	132189994	0.84158694	2	567919.74	35.487866	1.3108938	21.15799	0.6639708	0.3279416	1.010156236	1.9959999	2	1	2:1	3	gain	4149246
2	132189995	133009999	NA	820005	0	0.0	0	0	NA	mappable	NA	NA	NA	NA	inf	0.9789068787	0.10180566	inf	132189995	132189995	133009999	133009999	NA	missing	NA	NA	0.0	NA	NA	0.0	0.0	0.0	0	0	NA	0	homozygousDel	4149246
2	133010000	136119995	NA	3109997	43926	3.0061561	43786	1586	12314.0	mappable	0.24917262	1.0	NA	0.16848508932	0.00057937428	0.3332751183	0.0927279	0.09330727	133010000	133010000	136119949	136119995	0.86300981	2	567919.74	35.487866	1.3108938	21.15799	0.6639708	0.3279416	1.010156236	1.9959999	2	1	2:1	3	gain	4149246
2	136119996	136274959	NA	154964	1249	2.75413929	1248	0	359.0	mappable	NA	NA	NA	0.5213649993	1.0	0.2482931213	0.11599869	1.11599869	136119996	136120042	136269906	136274959	NA	missing	534211.01	NA	1.2272	NA	NA	NA	NA	NA	NA	NA	NA	NA	NA	4149246
2	136274960	169230077	NA	32955119	444480	3.0061561	443170	18901	121770.0	mappable	0.2534	1.0	NA	0.17756814789	4.947801e-05	0.337921285	0.08008329	0.08013277	136274960	136280013	169229926	169230077	0.8412983	2	567919.74	35.487866	1.3108938	21.15799	0.6639708	0.3279416	1.010156236	1.9959999	2	1	2:1	3	gain	4149246
2	169230078	169245018	NA	14941	183	2.71168171	183	0	64.0	mappable	NA	NA	NA	NA	inf	0.2341931213	0.14422742	inf	169230078	169230229	169239913	169250123	NA	missing	558465.0	NA	1.2131	NA	NA	NA	NA	NA	NA	NA	NA	NA	NA	4149246
2	169245018	242999969	NA	73754961	1014024	3.0061561	1010419	48135	277133.0	mappable	0.2534	1.0	edge	0.17297891895	1.932815e-05	0.3379841489	0.07652211	0.07654144	169239913	169250123	242999969	242999969	0.8404648	2	567919.74	35.487866	1.3108938	21.15799	0.6639708	0.3279416	1.010156236	1.9959999	2	1	2:1	3	gain	4149246
3	100074	160043	NA	59970	1317	2.19114415	1317	77	361.0	mappable	0.080525	9.0	edge	0.0018899993	0.01298701299	0.0705931213	0.12600843	0.13899545	100074	100074	159998	160088	0.07890579	1	409631.3	21.138634	1.0402315	NA	NA	0.0	1.095572073	1.0955721	1	1	1:1	2	neutral	4149246
3	160043	25879977	NA	25719937	410092	2.00432474	408702	21159	111302.0	mappable	0.078725	8.0	NA	0.00121285235	4.43518e-05	0.002324674	0.0812467	0.08129105	159998	160088	25879952	25880002	0.14948712	1	419757.5	21.743913	0.9781895	NA	NA	0.0	1.002162368	1.0021624	1	1	1:1	2	neutral	4149246
3	25879977	25890021	NA	10045	122	1.77791588	122	0	28.0	mappable	NA	NA	NA	NA	inf	0.0759068787	0.15044166	inf	25879952	25880002	25889978	25890021	NA	missing	436612.2	NA	0.903	NA	NA	NA	NA	NA	NA	NA	NA	NA	NA	4149246
3	25890022	90259931	NA	64369921	886893	2.00432474	884354	37124	244776.0	mappable	0.078725	8.0	NA	0.00044309274	2.521305e-05	0.0028324203	0.07710135	0.07712656	25890022	25890065	90199759	90320103	0.14771924	1	419757.5	21.743913	0.9781895	NA	NA	0.0	1.002162368	1.0021624	1	1	1:1	2	neutral	4149246
3	90259931	90499969	NA	240039	4114	1.74757045	4081	25	1170.0	mappable	0.07055714	2.0	NA	0.02042818252	0.01724137931	0.0971068787	0.1119012	0.12914258	90199759	90320103	90499969	90499969	NA	missing	471263.07	24.493862	0.8929224	NA	NA	NA	NA	NA	NA	NA	NA	NA	NA	4149246
3	93570175	118417640	NA	24847468	347558	2.00432474	346548	15126	95504.0	mappable	0.078725	8.0	self	0.00087422562	6.197707e-05	0.0021188189	0.08141136	0.08147334	93570175	93570175	118417484	118417640	0.13047769	1	419757.5	21.743913	0.9781895	NA	NA	0.0	1.002162368	1.0021624	1	1	1:1	2	neutral	4149246
3	118417641	134950085	CTX	16532448	214883	2.00432474	214163	10542	59745.0	mappable	0.0753	8.0	self	0.00054544977	8.880206e-05	0.0044890656	0.08340702	0.08349582	118417641	118417654	134949977	134950193	0.12598083	1	419757.5	21.743913	0.9781895	NA	NA	0.0	1.002162368	1.0021624	1	1	1:1	2	neutral	4149246
3	134950085	134960006	NA	9922	118	2.54335694	107	0	36.0	mappable	NA	NA	identical	0.01022653776	0.09090909091	0.1782931213	0.15064307	0.24155216	134949977	134950193	134959933	134960006	NA	missing	454710.0	NA	1.1572	NA	NA	NA	NA	NA	NA	NA	NA	NA	NA	4149246
3	134960007	161509944	NA	26549941	353650	2.00432474	352608	15321	97810.0	mappable	0.078725	8.0	NA	0.00020949876	6.111349e-05	0.0008464854	0.08109575	0.08115686	134960007	134960080	161509860	161510028	0.13314525	1	419757.5	21.743913	0.9781895	NA	NA	0.0	1.002162368	1.0021624	1	1	1:1	2	neutral	4149246
3	161509944	161520016	NA	10073	192	2.32022876	192	0	58.0	mappable	NA	NA	NA	NA	inf	0.1041931213	0.15039623	inf	161509860	161510028	161519961	161520016	NA	missing	454714.0	NA	1.0831	NA	NA	NA	NA	NA	NA	NA	NA	NA	NA	4149246
3	161520017	187462280	NA	25942267	349952	2.00432474	349023	12989	96912.0	mappable	0.078725	8.0	NA	4.235785e-05	7.185457e-05	0.000731014	0.08120574	0.08127759	161520017	161520072	187462278	187462280	0.13718869	1	419757.5	21.743913	0.9781895	NA	NA	0.0	1.002162368	1.0021624	1	1	1:1	2	neutral	4149246
3	187462281	197779892	CTX	10317615	153252	2.00432474	152661	8185	41846.0	mappable	0.078725	8.0	edge	0.00084136334	0.00011394713	0.0071112179	0.08584204	0.08595599	187462281	187462282	197779892	197779892	0.15115113	1	419757.5	21.743913	0.9781895	NA	NA	0.0	1.002162368	1.0021624	1	1	1:1	2	neutral	4149246
4	50084	8939952	NA	8889871	145490	2.00432474	144491	7190	40333.0	mappable	0.08215	8.0	edge	0.00210966017	0.00012212995	0.0055595981	0.08664111	0.08676324	50084	50084	8939952	8939952	0.14406751	1	419757.5	21.743913	0.9781895	NA	NA	0.0	1.002162368	1.0021624	1	1	1:1	2	neutral	4149246
4	9800043	27279875	NA	17479833	273640	2.00432474	272720	14013	74429.0	mappable	0.078725	8.0	NA	0.00102219566	6.696578e-05	0.0064830398	0.08312832	0.08319529	9800043	9800043	27279731	27279875	0.13760456	1	419757.5	21.743913	0.9781895	NA	NA	0.0	1.002162368	1.0021624	1	1	1:1	2	neutral	4149246
4	27279876	27289972	NA	10097	149	1.81736229	149	0	41.0	mappable	NA	NA	NA	NA	inf	0.0628068787	0.15035741	inf	27279876	27280020	27289940	27289972	NA	missing	425272.5	NA	0.9161	NA	NA	NA	NA	NA	NA	NA	NA	NA	NA	4149246
4	27289973	27415386	NA	125414	2000	2.19114415	1992	74	550.0	mappable	0.07618269	9.0	NA	0.00018115455	0.01219512195	0.0502931213	0.11808928	0.1302844	27289973	27290005	27415377	27415395	0.10182269	1	409631.3	21.138634	1.0402315	NA	NA	0.0	1.095572073	1.0955721	1	1	1:1	2	neutral	4149246
4	27415386	40220140	NA	12804755	198051	2.00432474	197416	10245	53689.0	mappable	0.078725	8.0	NA	0.00120883265	9.191176e-05	0.0022379727	0.08470924	0.08480115	27415377	27415395	40219956	40220324	0.12527283	1	419757.5	21.743913	0.9781895	NA	NA	0.0	1.002162368	1.0021624	1	1	1:1	2	neutral	4149246
4	40220140	40230019	NA	9880	171	1.66349118	171	0	51.0	mappable	NA	NA	NA	NA	inf	0.1139068787	0.15071255	inf	40219956	40220324	40229976	40230062	NA	missing	394296.7	NA	0.865	NA	NA	NA	NA	NA	NA	NA	NA	NA	NA	4149246
4	40230019	49089961	NA	8859943	125247	2.00432474	124906	5657	34272.0	mappable	0.078725	8.0	NA	8.99993e-05	0.00016672224	0.0026068787	0.08665937	0.08682609	40229976	40230062	49089961	49089961	0.13236084	1	419757.5	21.743913	0.9781895	NA	NA	0.0	1.002162368	1.0021624	1	1	1:1	2	neutral	4149246
4	52680564	71150046	NA	18469486	267832	2.00432474	267127	11927	73053.0	mappable	0.078725	8.0	NA	0.00062035769	7.91703e-05	0.0056648534	0.08285471	0.08293388	52680564	52680564	71149986	71150106	0.1248752	1	419757.5	21.743913	0.9781895	NA	NA	0.0	1.002162368	1.0021624	1	1	1:1	2	neutral	4149246
4	71150046	71169911	NA	19866	322	2.18743588	322	0	68.0	mappable	NA	NA	NA	NA	inf	0.0600931213	0.14007551	inf	71149986	71150106	71169810	71170012	NA	missing	448088.11	NA	1.039	NA	NA	NA	NA	NA	NA	NA	NA	NA	NA	4149246
4	71169911	78089975	NA	6920067	91053	2.00432474	90758	4221	24986.0	mappable	0.078725	8.0	NA	0.00041523734	0.0002214349	0.0008825989	0.08801905	0.08824048	71169810	71170012	78089906	78089975	0.1573026	1	419757.5	21.743913	0.9781895	NA	NA	0.0	1.002162368	1.0021624	1	1	1:1	2	neutral	4149246
4	78089976	78190013	NA	100038	1859	2.38045229	1846	193	493.0	mappable	0.07412544	NA	identical	0.00644333403	0.00485436893	0.1241931213	0.12040802	0.12526239	78089976	78090045	78189971	78190013	0.03365087	1	465701.31	23.724406	1.1031	NA	NA	0.0	1.190226147	1.1902261	1	1	1:1	2	neutral	4149246
4	78190014	88735315	NA	10545302	140475	2.00432474	140029	7141	38324.0	mappable	0.078725	8.0	self	8.99993e-05	0.0001318044	0.0021931213	0.08572618	0.08585798	78190014	78190056	88729955	88735315	0.13000374	1	419757.5	21.743913	0.9781895	NA	NA	0.0	1.002162368	1.0021624	1	1	1:1	2	neutral	4149246
4	88735316	134655022	CTX	45919711	608234	2.00432474	606649	27392	166281.0	mappable	0.0753	8.0	NA	0.00140121412	3.451847e-05	0.0007183624	0.0785774	0.07861192	88735316	88740022	134649879	134660165	0.13416448	1	419757.5	21.743913	0.9781895	NA	NA	0.0	1.002162368	1.0021624	1	1	1:1	2	neutral	4149246
4	134655022	134670005	NA	14984	171	2.23320576	171	0	44.0	mappable	NA	NA	NA	NA	inf	0.0752931213	0.14418431	inf	134649879	134660165	134669988	134670005	NA	missing	475952.0	NA	1.0542	NA	NA	NA	NA	NA	NA	NA	NA	NA	NA	4149246
4	134670006	190799944	NA	56129943	811223	2.00432474	807946	40231	219793.0	mappable	0.078725	8.0	edge	0.0002546085	2.298534e-05	0.0014092906	0.07769323	0.07771622	134670006	134670023	190799944	190799944	0.1321225	1	419757.5	21.743913	0.9781895	NA	NA	0.0	1.002162368	1.0021624	1	1	1:1	2	neutral	4149246
5	50017	12630067	NA	12580051	206982	2.00432474	206141	11285	56941.0	mappable	0.078725	8.0	edge	8.99993e-05	8.246743e-05	0.0053931213	0.08480098	0.08488344	50017	50017	12629981	12630153	0.13208572	1	419757.5	21.743913	0.9781895	NA	NA	0.0	1.002162368	1.0021624	1	1	1:1	2	neutral	4149246
5	12630067	12689999	NA	59933	725	1.86433665	725	0	221.0	mappable	NA	NA	NA	NA	inf	0.0472068787	0.1260155	inf	12629981	12630153	12689955	12690043	NA	missing	440074.1	NA	0.9317	NA	NA	NA	NA	NA	NA	NA	NA	NA	NA	4149246
5	12689999	45929980	NA	33239985	470161	2.00432474	468716	21297	128184.0	mappable	0.0753	8.0	NA	0.00109782062	4.397344e-05	0.0015036898	0.08004349	0.08008746	12689955	12690043	45919949	45929980	0.14279015	1	419757.5	21.743913	0.9781895	NA	NA	0.0	1.002162368	1.0021624	1	1	1:1	2	neutral	4149246
5	45929981	46399990	NA	470010	11341	1.74757045	11308	237	3259.0	mappable	0.085575	2.0	NA	0.0035149993	0.0037037037	0.0680068787	0.10614397	0.10984768	45929981	45940012	46399990	46399990	0.19263294	1	471263.07	24.493862	0.8929224	NA	NA	0.0	0.873785225	0.8737852	1	1	1:1	2	neutral	4149246
5	49470005	49870005	NA	400001	5046	1.74757045	5023	70	1410.0	mappable	0.0832	2.0	NA	0.0103350007	0.01075268817	0.0886068787	0.10747116	0.11822385	49470005	49470005	49869995	49870015	0.22758272	1	471263.07	24.493862	0.8929224	NA	NA	0.0	0.873785225	0.8737852	1	1	1:1	2	neutral	4149246
5	49870005	68829703	NA	18959700	251527	2.00432474	250879	11341	69052.0	mappable	0.078725	8.0	self	0.00110174745	8.341675e-05	0.0019154823	0.08272519	0.08280861	49869995	49870015	68829703	68829703	0.126381	1	419757.5	21.743913	0.9781895	NA	NA	0.0	1.002162368	1.0021624	1	1	1:1	2	neutral	4149246
5	70750153	79970052	NA	9219906	124121	2.00432474	123792	6317	33946.0	mappable	0.0753	8.0	NA	0.00311534564	0.00015046645	0.0055069836	0.08644417	0.08659464	70750153	70750153	79969982	79970122	0.13425055	1	419757.5	21.743913	0.9781895	NA	NA	0.0	1.002162368	1.0021624	1	1	1:1	2	neutral	4149246
5	79970052	79980034	NA	9983	155	1.75653653	155	0	51.0	mappable	NA	NA	NA	NA	inf	0.0830068787	0.15054281	inf	79969982	79970122	79979880	79980034	NA	missing	421443.3	NA	0.8959	NA	NA	NA	NA	NA	NA	NA	NA	NA	NA	4149246
5	79980035	180689979	NA	100709956	1406227	2.00432474	1402074	65066	385132.0	mappable	0.078725	8.0	edge	0.0004991781	1.444794e-05	0.0036295566	0.07522861	0.07524306	79980035	79980189	180689979	180689979	0.13469779	1	419757.5	21.743913	0.9781895	NA	NA	0.0	1.002162368	1.0021624	1	1	1:1	2	neutral	4149246
6	201976	8669992	NA	8468019	132754	2.00432474	132102	7604	35875.0	mappable	0.0753	8.0	edge	0.00186401073	0.00012112403	0.0126800679	0.08690516	0.08702628	201976	201976	8669929	8669992	0.14948189	1	419757.5	21.743913	0.9781895	NA	NA	0.0	1.002162368	1.0021624	1	1	1:1	2	neutral	4149246
6	8669993	8679998	NA	10006	140	2.30186059	140	0	36.0	mappable	NA	NA	NA	NA	inf	0.0980931213	0.1505052	inf	8669993	8670056	8679962	8679998	NA	missing	455724.29	NA	1.077	NA	NA	NA	NA	NA	NA	NA	NA	NA	NA	4149246
6	8679999	58019982	NA	49339987	727121	2.00432474	722173	33431	199128.0	mappable	0.078725	8.0	NA	0.00010928834	2.605659e-05	0.0123359575	0.07825873	0.07828479	8679999	8680035	58019982	58019982	0.1657725	1	419757.5	21.743913	0.9781895	NA	NA	0.0	1.002162368	1.0021624	1	1	1:1	2	neutral	4149246
6	58610011	58769997	NA	159987	572	2.00432474	570	41	155.0	mappable	0.10405	8.0	self	0.0233649993	0.02325581395	0.0341068787	0.11568989	0.1389457	58610011	58610011	58769997	58769997	0.2137537	1	419757.5	21.743913	0.9781895	NA	NA	0.0	1.002162368	1.0021624	1	1	1:1	2	neutral	4149246
6	61890002	65569964	NA	3679965	51679	2.00432474	51479	3276	13639.0	mappable	0.0753	8.0	NA	0.00423173292	0.000287687	0.0056771226	0.09169575	0.09198344	61890002	61890002	65569901	65570027	0.11624757	1	419757.5	21.743913	0.9781895	NA	NA	0.0	1.002162368	1.0021624	1	1	1:1	2	neutral	4149246
6	65569964	78906151	NA	13336189	192128	1.03845977	191403	9320	51990.0	mappable	0.5	NA	NA	0.42435076567	9.957184e-05	0.3214773442	0.08449927	0.08459884	65569901	65570027	78906083	78906151	0.96105317	2	298304.72	22.132286	0.6574295	22.1598	0.9612064	0.9224127	0.040285633	0.9981741	1	0	1:0	1	LOH	4149246
6	78906152	79039907	NA	133756	2000	1.47318482	1989	101	376.0	mappable	0.47529924	NA	NA	0.37839833263	0.00892857143	0.1771068787	0.11744503	0.1263736	78906152	78906220	79039801	79039907	0.98528736	2	262556.29	19.095003	0.8018	15.99231	0.8724709	0.7449418	0.187873936	1.2853109	1	0	1:0	1	LOH	4149246
6	79039908	102550080	NA	23510173	321786	1.04680224	320682	16646	87111.0	mappable	0.4863	NA	NA	0.4076649993	5.634438e-05	0.3187068787	0.08167672	0.08173306	79039908	79040014	102539965	102550080	0.95778876	2	296296.53	21.947891	0.6602	21.91825	0.95719	0.9143799	0.044813651	1.0019886	1	0	1:0	1	LOH	4149246
6	102550081	102570022	NA	19942	139	1.230484	139	0	43.0	mappable	NA	NA	NA	NA	inf	0.2577068787	0.14002148	inf	102550081	102560196	102569945	102570099	NA	missing	319996.0	NA	0.7212	NA	NA	NA	NA	NA	NA	NA	NA	NA	NA	4149246
6	102570022	142835046	NA	40265027	549949	1.05714412	548493	23778	150700.0	mappable	0.489725	NA	NA	0.41253067894	3.962907e-05	0.3152723927	0.07916709	0.07920672	102569945	102570099	142829999	142835046	0.95696947	2	293699.02	21.755483	0.6636345	21.61367	0.9550725	0.9101449	0.047494881	1.0096492	1	0	1:0	1	LOH	4149246
6	142835047	170899935	NA	28064897	421312	2.00432474	419480	21201	115005.0	mappable	0.0753	8.0	edge	0.00133978021	4.341785e-05	0.0161049183	0.08083335	0.08087677	142835047	142840094	170899935	170899935	0.15512745	1	419757.5	21.743913	0.9781895	NA	NA	0.0	1.002162368	1.0021624	1	1	1:1	2	neutral	4149246
7	40386	20189933	NA	20149553	340771	2.00432474	339600	17937	92274.0	mappable	0.078725	8.0	edge	1.357362e-05	5.23341e-05	0.0056716506	0.08242581	0.08247814	40386	40386	20189866	20190000	0.13381377	1	419757.5	21.743913	0.9781895	NA	NA	0.0	1.002162368	1.0021624	1	1	1:1	2	neutral	4149246
7	20189933	20210005	NA	20073	363	2.25910188	363	0	119.0	mappable	NA	NA	NA	NA	inf	0.0838931213	0.13992894	inf	20189866	20190000	20209984	20210005	NA	missing	465920.7	NA	1.0628	NA	NA	NA	NA	NA	NA	NA	NA	NA	NA	4149246
7	20210006	57959971	NA	37749974	511689	2.00432474	510098	25837	140327.0	mappable	0.0753	8.0	NA	0.00191763112	3.645909e-05	0.0010316052	0.07945976	0.07949622	20210006	20210027	57959940	57960002	0.1414897	1	419757.5	21.743913	0.9781895	NA	NA	0.0	1.002162368	1.0021624	1	1	1:1	2	neutral	4149246
7	57959971	57999988	NA	40018	1951	1.74757045	1915	0	544.0	mappable	NA	2.0	NA	0.01187214216	0.02777777778	0.0926068787	0.13081847	0.15859624	57959940	57960002	57999988	57999988	NA	missing	471263.07	NA	0.8929224	NA	NA	NA	NA	NA	NA	NA	NA	NA	NA	4149246
7	61530139	72229988	NA	10699850	114215	2.00432474	113485	3799	32125.0	mappable	0.085575	8.0	self	0.0069399993	0.00022079929	0.0364068787	0.08564912	0.08586992	61530139	61530139	72229988	72229988	0.16638776	1	419757.5	21.743913	0.9781895	NA	NA	0.0	1.002162368	1.0021624	1	1	1:1	2	neutral	4149246
7	72750118	74139961	NA	1389844	10208	2.00432474	10172	189	2889.0	mappable	0.085575	8.0	self	0.0035149993	0.00444444444	0.0390068787	0.09800803	0.10245247	72750118	72750118	74139961	74139961	0.26311378	1	419757.5	21.743913	0.9781895	NA	NA	0.0	1.002162368	1.0021624	1	1	1:1	2	neutral	4149246
7	75160045	76059952	NA	899908	8411	2.00432474	8373	389	2346.0	mappable	0.09322717	8.0	self	0.01225412974	0.00234192037	0.0403068787	0.10111521	0.10345713	75160045	75160045	76059952	76059952	0.20888261	1	419757.5	21.743913	0.9781895	NA	NA	0.0	1.002162368	1.0021624	1	1	1:1	2	neutral	4149246
7	76810004	97489966	NA	20679967	278040	2.00432474	277259	12264	75886.0	mappable	0.0753	8.0	self	0.00184376229	7.665772e-05	0.0016297243	0.08229867	0.08237532	76810004	76810004	97489911	97489966	0.15182092	1	419757.5	21.743913	0.9781895	NA	NA	0.0	1.002162368	1.0021624	1	1	1:1	2	neutral	4149246
7	97574962	159119808	NA	61544852	810899	2.00432474	807986	32336	223590.0	mappable	0.078725	8.0	edge	0.00081943473	2.83704e-05	0.0031374027	0.07729428	0.07732265	97574962	97650041	159119808	159119808	0.15737348	1	419757.5	21.743913	0.9781895	NA	NA	0.0	1.002162368	1.0021624	1	1	1:1	2	neutral	4149246
8	170012	6919904	NA	6749904	193504	2.00432474	192643	10796	52232.0	mappable	0.078725	8.0	edge	0.00013265858	8.580009e-05	0.0017188769	0.08815841	0.08824421	170012	170012	6919904	6919904	0.15716034	1	419757.5	21.743913	0.9781895	NA	NA	0.0	1.002162368	1.0021624	1	1	1:1	2	neutral	4149246
8	8100000	11859985	NA	3759987	79345	2.00432474	79166	3206	21795.0	mappable	0.078725	8.0	self	0.00140910565	0.00029542097	0.0047296378	0.09156546	0.09186089	8100000	8100000	11859985	11859985	0.13612267	1	419757.5	21.743913	0.9781895	NA	NA	0.0	1.002162368	1.0021624	1	1	1:1	2	neutral	4149246
8	12580042	43789991	NA	31209954	520739	2.00432474	519164	23102	142179.0	mappable	0.078725	8.0	self	0.00114427748	4.052521e-05	0.0041884161	0.08033579	0.08037632	12580042	12580042	43789991	43789991	0.15057056	1	419757.5	21.743913	0.9781895	NA	NA	0.0	1.002162368	1.0021624	1	1	1:1	2	neutral	4149246
8	46880007	47010006	NA	130000	3098	1.82639582	3095	6	903.0	mappable	0.16321026	NA	NA	0.06370619315	0.11111111111	0.0598068787	0.11772911	0.22884022	46880007	46880007	47009975	47010006	NA	missing	403801.61	23.386843	0.9191	NA	NA	NA	NA	NA	NA	NA	NA	NA	NA	4149246
8	47010007	145604908	NA	98594915	1375953	2.00432474	1371870	60204	378566.0	mappable	0.078725	8.0	self	1.531536e-05	1.555694e-05	0.003046225	0.07531536	0.07533091	47010007	47010038	145599809	145604908	0.14047721	1	419757.5	21.743913	0.9781895	NA	NA	0.0	1.002162368	1.0021624	1	1	1:1	2	neutral	4149246
8	145604909	145630003	NA	25095	345	1.80794574	341	12	87.0	mappable	0.23420086	3.0	NA	0.13808482689	0.0625	0.0599068787	0.13684465	0.19934465	145604909	145610008	145629964	145630003	NA	missing	328764.17	19.88989	0.9129728	NA	NA	NA	NA	NA	NA	NA	NA	NA	NA	4149246
8	145630004	145759945	NA	129942	2286	2.19114415	2285	23	624.0	mappable	0.07305151	9.0	NA	0.00558348555	0.04166666667	0.0432931213	0.11773357	0.15940024	145630004	145630043	145759803	145759945	NA	missing	409631.3	21.138634	1.0402315	NA	NA	NA	NA	NA	NA	NA	NA	NA	NA	4149246
8	145759946	146229916	NA	469971	5981	2.00432474	5954	71	1736.0	mappable	0.08995	8.0	self	0.0033100007	0.01020408163	0.0351068787	0.10614465	0.11634873	145759946	145760088	146229829	146230003	0.24114885	1	419757.5	21.743913	0.9781895	NA	NA	0.0	1.002162368	1.0021624	1	1	1:1	2	neutral	4149246
8	146229916	146289988	NA	60073	637	2.41176853	633	2	194.0	mappable	0.05581614	NA	edge	0.02551810881	0.16666666667	0.1345931213	0.12598878	0.29265545	146229829	146230003	146289988	146289988	NA	missing	476047.51	25.130932	1.1135	NA	NA	NA	NA	NA	NA	NA	NA	NA	NA	4149246
9	200101	29979987	NA	29779891	535991	2.00432474	534569	25963	145890.0	mappable	0.0753	8.0	edge	0.00141037843	3.651634e-05	0.0009011202	0.08055475	0.08059126	200101	200101	29979970	29979987	0.12653345	1	419757.5	21.743913	0.9781895	NA	NA	0.0	1.002162368	1.0021624	1	1	1:1	2	neutral	4149246
9	29979988	29999980	NA	19993	381	1.84446288	381	0	96.0	mappable	NA	NA	NA	NA	inf	0.0538068787	0.13998537	inf	29979988	29980005	29999934	30000026	NA	missing	437073.89	NA	0.9251	NA	NA	NA	NA	NA	NA	NA	NA	NA	NA	4149246
9	29999980	38769828	NA	8769849	108865	2.00432474	108562	4017	30109.0	mappable	0.078725	8.0	NA	8.99993e-05	0.00023148148	0.0008931213	0.08671477	0.08694626	29999934	30000026	38769828	38769828	0.16507435	1	419757.5	21.743913	0.9781895	NA	NA	0.0	1.002162368	1.0021624	1	1	1:1	2	neutral	4149246
9	66840048	66849972	NA	9925	540	1.63428276	518	0	184.0	mappable	NA	NA	NA	0.30788913723	0.04545454545	0.1236068787	0.15063813	0.19609267	66840048	66840048	66849972	66849972	NA	missing	571951.7	NA	0.8553	NA	NA	NA	NA	NA	NA	NA	NA	NA	NA	4149246
9	68410004	68419976	NA	9973	1130	1.94774624	1039	0	441.0	mappable	NA	NA	NA	0.18964192238	0.01098901099	0.0195068787	0.15055919	0.1615482	68410004	68410004	68419976	68419976	NA	missing	2245262.0	NA	0.9594	NA	NA	NA	NA	NA	NA	NA	NA	NA	NA	4149246
9	71030093	74390015	NA	3359923	46022	2.00432474	45880	2401	12561.0	mappable	0.0753	8.0	NA	0.0033350007	0.00039323634	0.0067931213	0.09225094	0.09264417	71030093	71030093	74389950	74390080	0.13026331	1	419757.5	21.743913	0.9781895	NA	NA	0.0	1.002162368	1.0021624	1	1	1:1	2	neutral	4149246
9	74390015	74410027	NA	20013	277	2.25729518	277	0	75.0	mappable	NA	NA	NA	NA	inf	0.0832931213	0.13997124	inf	74389950	74390080	74409920	74410134	NA	missing	422073.02	NA	1.0622	NA	NA	NA	NA	NA	NA	NA	NA	NA	NA	4149246
9	74410027	131689974	NA	57279955	779024	2.00432474	776645	37885	214019.0	mappable	0.0753	8.0	NA	0.00176778517	2.48367e-05	0.003294762	0.07760503	0.07762986	74409920	74410134	131679897	131700051	0.13261043	1	419757.5	21.743913	0.9781895	NA	NA	0.0	1.002162368	1.0021624	1	1	1:1	2	neutral	4149246
9	131689974	131744931	NA	54958	294	1.80794574	293	0	99.0	mappable	NA	3.0	NA	0.1213649993	1.0	0.0730068787	0.12701605	1.12701605	131679897	131700051	131739862	131750000	NA	missing	328764.17	NA	0.9129728	NA	NA	NA	NA	NA	NA	NA	NA	NA	NA	4149246
9	131744931	131930031	NA	185101	2436	2.19114415	2428	141	680.0	mappable	0.06735761	9.0	NA	0.00703608766	0.0067114094	0.0450931213	0.11429908	0.12101049	131739862	131750000	131929986	131930031	0.11396469	1	409631.3	21.138634	1.0402315	NA	NA	0.0	1.095572073	1.0955721	1	1	1:1	2	neutral	4149246
9	131930032	141019791	NA	9089766	132832	2.00432474	132110	5486	36758.0	mappable	0.078725	8.0	edge	0.00133363179	0.00016110843	0.0088274023	0.08652086	0.08668197	131930032	131930077	141019791	141019791	0.15778247	1	419757.5	21.743913	0.9781895	NA	NA	0.0	1.002162368	1.0021624	1	1	1:1	2	neutral	4149246
10	130013	16169891	NA	16039883	270258	2.00432474	268971	14183	73397.0	mappable	0.078725	8.0	edge	9.582582e-05	6.464124e-05	0.0005580686	0.08355908	0.08362372	130013	130013	16169687	16170095	0.1451144	1	419757.5	21.743913	0.9781895	NA	NA	0.0	1.002162368	1.0021624	1	1	1:1	2	neutral	4149246
10	16169891	16189972	NA	20082	383	2.08294806	383	0	98.0	mappable	NA	NA	NA	NA	inf	0.0253931213	0.13992261	inf	16169687	16170095	16189945	16189972	NA	missing	435011.91	NA	1.0043	NA	NA	NA	NA	NA	NA	NA	NA	NA	NA	4149246
10	16189973	18459992	NA	2270020	31746	2.00432474	31648	1982	8722.0	mappable	0.07859118	8.0	NA	8.99993e-05	0.00048076923	0.0100068787	0.09472265	0.09520342	16189973	16190000	18459959	18460025	0.13973643	1	419757.5	21.743913	0.9781895	NA	NA	0.0	1.002162368	1.0021624	1	1	1:1	2	neutral	4149246
10	18459992	18489979	NA	29988	560	2.213332	560	0	180.0	mappable	NA	NA	NA	NA	inf	0.0686931213	0.13448002	inf	18459959	18460025	18489940	18490018	NA	missing	443371.26	NA	1.0476	NA	NA	NA	NA	NA	NA	NA	NA	NA	NA	4149246
10	18489979	38600358	NA	20110383	275532	2.00432474	274585	13819	74818.0	mappable	0.078725	8.0	NA	0.00103249635	6.772315e-05	0.0108345546	0.08243535	0.08250307	18489940	18490018	38429948	38600358	0.13941913	1	419757.5	21.743913	0.9781895	NA	NA	0.0	1.002162368	1.0021624	1	1	1:1	2	neutral	4149246
10	42410000	42845055	NA	435056	4824	1.74757045	4818	16	1458.0	mappable	0.1094552	2.0	NA	0.02459586011	0.04545454545	0.0891068787	0.10677577	0.15223031	42410000	42410000	42819971	42870139	NA	missing	471263.07	24.493862	0.8929224	NA	NA	NA	NA	NA	NA	NA	NA	NA	NA	4149246
10	42845055	46159967	NA	3314913	38783	2.00432474	38711	1647	10888.0	mappable	0.07878333	8.0	self	0.0004350007	0.00058173357	0.0031068787	0.0923338	0.09291554	42819971	42870139	46159967	46159967	0.12466403	1	419757.5	21.743913	0.9781895	NA	NA	0.0	1.002162368	1.0021624	1	1	1:1	2	neutral	4149246
10	48310177	48659961	NA	349785	5562	2.00432474	5555	185	1541.0	mappable	0.07675833	8.0	self	0.00187666737	0.00520833333	0.0292931213	0.10860057	0.11380891	48310177	48310177	48659961	48659961	0.1524006	1	419757.5	21.743913	0.9781895	NA	NA	0.0	1.002162368	1.0021624	1	1	1:1	2	neutral	4149246
10	49390096	135439925	NA	86049841	1211194	2.00432474	1207095	58371	332321.0	mappable	0.078725	8.0	edge	0.00101478252	1.60082e-05	0.0013710771	0.07587636	0.07589237	49390096	49390096	135439925	135439925	0.14433178	1	419757.5	21.743913	0.9781895	NA	NA	0.0	1.002162368	1.0021624	1	1	1:1	2	neutral	4149246
11	190010	239969	NA	49960	1094	2.19114415	1050	74	269.0	mappable	0.05301818	9.0	edge	0.0202975007	0.00847457627	0.0928931213	0.12813543	0.13661	190010	190010	239926	239969	0.12978541	1	409631.3	21.138634	1.0402315	NA	NA	0.0	1.095572073	1.0955721	1	1	1:1	2	neutral	4149246
11	239970	48899996	NA	48660029	693150	2.00432474	690526	33756	188882.0	mappable	0.0753	8.0	NA	0.0006885553	2.749065e-05	0.0100257023	0.07832008	0.07834758	239970	240013	48899996	48899996	0.14918619	1	419757.5	21.743913	0.9781895	NA	NA	0.0	1.002162368	1.0021624	1	1	1:1	2	neutral	4149246
11	48899997	50170092	NA	1270096	0	0.0	0	0	NA	mappable	NA	NA	NA	NA	inf	0.9789068787	0.09863632	inf	48899997	48899997	50170092	50170092	NA	missing	NA	NA	0.0	NA	NA	0.0	0.0	0.0	0	0	NA	0	homozygousDel	4149246
11	50170093	50519954	NA	349862	5800	2.00432474	5784	474	1532.0	mappable	0.07358088	8.0	NA	0.0039524566	0.00204081633	0.025613258	0.1085987	0.11063952	50170093	50170093	50519880	50519954	0.10239416	1	419757.5	21.743913	0.9781895	NA	NA	0.0	1.002162368	1.0021624	1	1	1:1	2	neutral	4149246
11	54792817	64700130	NA	9907315	127905	2.00432474	127425	5598	34917.0	mappable	0.078725	8.0	NA	0.00124982481	0.00016452781	0.0047211103	0.08605829	0.08622282	54792817	54792817	64699962	64700298	0.15801607	1	419757.5	21.743913	0.9781895	NA	NA	0.0	1.002162368	1.0021624	1	1	1:1	2	neutral	4149246
11	64700130	64724990	NA	24861	285	1.90227747	285	0	87.0	mappable	NA	NA	NA	NA	inf	0.0346068787	0.13697132	inf	64699962	64700298	64719956	64724990	NA	missing	379551.57	NA	0.9443	NA	NA	NA	NA	NA	NA	NA	NA	NA	NA	4149246
11	64724991	89349940	NA	24624952	327318	2.00432474	326370	12473	90626.0	mappable	0.0753	8.0	NA	0.00211723328	7.45101e-05	0.0075475024	0.08145439	0.0815289	64724991	64730025	89349940	89349940	0.13077673	1	419757.5	21.743913	0.9781895	NA	NA	0.0	1.002162368	1.0021624	1	1	1:1	2	neutral	4149246
11	89850037	131850046	NA	42000014	614229	2.00432474	612055	30792	167694.0	mappable	0.078725	8.0	NA	0.00031877858	3.033612e-05	0.0111330286	0.07897682	0.07900716	89850037	89850037	131849984	131850108	0.14223026	1	419757.5	21.743913	0.9781895	NA	NA	0.0	1.002162368	1.0021624	1	1	1:1	2	neutral	4149246
11	131850046	131860004	NA	9959	204	1.81736229	204	0	71.0	mappable	NA	NA	NA	NA	inf	0.0628068787	0.15058217	inf	131849984	131850108	131859997	131860004	NA	missing	424133.0	NA	0.9161	NA	NA	NA	NA	NA	NA	NA	NA	NA	NA	4149246
11	131860005	131879976	NA	19972	457	2.19114415	456	15	136.0	mappable	0.05967134	9.0	NA	0.02080329338	0.0625	0.0501931213	0.14000023	0.20250023	131860005	131860012	131879915	131880037	NA	missing	409631.3	21.138634	1.0402315	NA	NA	NA	NA	NA	NA	NA	NA	NA	NA	4149246
11	131879976	134835051	NA	2955076	48441	2.00432474	48263	2914	13426.0	mappable	0.0753	8.0	self	0.0033350007	0.00032341527	0.0032931213	0.09304592	0.09336933	131879915	131880037	134799987	134870115	0.15780321	1	419757.5	21.743913	0.9781895	NA	NA	0.0	1.002162368	1.0021624	1	1	1:1	2	neutral	4149246
11	134835051	134939862	NA	104812	1244	2.44760153	1240	103	325.0	mappable	0.086575	NA	edge	0.01022214216	0.00934579439	0.1464931213	0.11992245	0.12926825	134799987	134870115	134939862	134939862	0.2386166	1	490408.07	26.021653	1.1254	NA	NA	0.0	1.223800765	1.2238008	1	1	1:1	2	neutral	4149246
12	160107	299994	NA	139888	2241	2.19114415	2119	175	566.0	mappable	0.07675833	9.0	edge	0.0084899993	0.00336700337	0.0621931213	0.11700071	0.12036772	160107	160107	299981	299994	0.1057161	1	409631.3	21.138634	1.0402315	NA	NA	0.0	1.095572073	1.0955721	1	1	1:1	2	neutral	4149246
12	299995	34819969	NA	34519975	475054	2.00432474	473380	22704	129401.0	mappable	0.078725	8.0	self	8.80983e-05	4.102396e-05	0.0067593304	0.07986924	0.07991027	299995	300008	34819969	34819969	0.16078174	1	419757.5	21.743913	0.9781895	NA	NA	0.0	1.002162368	1.0021624	1	1	1:1	2	neutral	4149246
12	38000003	38439995	NA	439993	15423	1.74757045	15286	438	4321.0	mappable	0.06683529	2.0	NA	0.0144350007	0.00173913043	0.0846068787	0.10668305	0.10842218	38000003	38000003	38439988	38440002	0.12032034	1	471263.07	24.493862	0.8929224	NA	NA	0.0	0.873785225	0.8737852	1	1	1:1	2	neutral	4149246
12	38439995	59259983	NA	20819990	259593	2.00432474	258651	12428	71345.0	mappable	0.0753	8.0	NA	0.00281412923	7.479991e-05	0.0047853504	0.08226571	0.08234051	38439988	38440002	59259938	59260028	0.12853728	1	419757.5	21.743913	0.9781895	NA	NA	0.0	1.002162368	1.0021624	1	1	1:1	2	neutral	4149246
12	59259983	59280038	NA	20056	317	1.82699806	317	0	82.0	mappable	NA	NA	NA	NA	inf	0.0596068787	0.13994091	inf	59259938	59260028	59279831	59280245	NA	missing	420231.07	NA	0.9193	NA	NA	NA	NA	NA	NA	NA	NA	NA	NA	4149246
12	59280038	131775003	NA	72494970	1002706	2.00432474	999337	44548	274856.0	mappable	0.0753	8.0	NA	0.00143836542	2.087203e-05	0.0011276824	0.07659496	0.07661584	59279831	59280245	131749965	131775003	0.14881783	1	419757.5	21.743913	0.9781895	NA	NA	0.0	1.002162368	1.0021624	1	1	1:1	2	neutral	4149246
12	131775004	131819987	NA	44984	202	1.66499676	202	0	63.0	mappable	NA	NA	NA	NA	inf	0.1134068787	0.12939017	inf	131775004	131800042	131809959	131819987	NA	missing	404290.0	NA	0.8655	NA	NA	NA	NA	NA	NA	NA	NA	NA	NA	4149246
12	131819988	133759999	NA	1940012	23942	2.00432474	23705	1251	6475.0	mappable	0.08215	8.0	NA	0.00810362737	0.00067204301	0.0223930076	0.09575043	0.09642248	131819988	131830016	133759978	133759999	0.20295468	1	419757.5	21.743913	0.9781895	NA	NA	0.0	1.002162368	1.0021624	1	1	1:1	2	neutral	4149246
12	133760000	133819926	NA	59927	827	2.19114415	824	86	215.0	mappable	0.06233824	9.0	edge	0.01404823599	0.01123595506	0.0584931213	0.12601665	0.13725261	133760000	133760021	133819926	133819926	0.254733	1	409631.3	21.138634	1.0402315	NA	NA	0.0	1.095572073	1.0955721	1	1	1:1	2	neutral	4149246
13	19450038	84310003	NA	64859973	904040	2.00432474	901105	45140	245543.0	mappable	0.078725	8.0	edge	0.00098049322	2.080213e-05	0.0024891878	0.07706884	0.07708964	19450038	19450038	84309996	84310003	0.12986642	1	419757.5	21.743913	0.9781895	NA	NA	0.0	1.002162368	1.0021624	1	1	1:1	2	neutral	4149246
13	84310004	84334990	NA	24987	296	2.16876659	296	0	93.0	mappable	NA	NA	NA	NA	inf	0.0538931213	0.13690294	inf	84310004	84310011	84329966	84340014	NA	missing	468079.54	NA	1.0328	NA	NA	NA	NA	NA	NA	NA	NA	NA	NA	4149246
13	84334990	115099984	NA	30764997	463571	2.00432474	461716	23484	126102.0	mappable	0.0753	8.0	edge	0.00129174715	3.946641e-05	0.0077338161	0.0804027	0.08044217	84329966	84340014	115099984	115099984	0.14099605	1	419757.5	21.743913	0.9781895	NA	NA	0.0	1.002162368	1.0021624	1	1	1:1	2	neutral	4149246
14	20330060	22400028	NA	2069969	29527	2.00432474	29387	1384	8330.0	mappable	0.08255833	8.0	edge	0.00353020778	0.00065616798	0.012293562	0.09532353	0.0959797	20330060	20330060	22399970	22400028	0.14050852	1	419757.5	21.743913	0.9781895	NA	NA	0.0	1.002162368	1.0021624	1	1	1:1	2	neutral	4149246
14	22400029	22980034	NA	580006	9999	1.578576	9936	539	2666.0	mappable	0.07133235	NA	identical	0.00856909161	0.00166112957	0.1421068787	0.10446205	0.10612318	22400029	22400087	22979980	22980088	0.15489161	1	355897.28	18.40848	0.8368	NA	NA	0.0	0.789288	0.789288	1	1	1:1	2	neutral	4149246
14	22980034	106069026	NA	83089002	1167764	2.00432474	1164031	55207	320611.0	mappable	0.078725	8.0	NA	0.00018177957	1.696669e-05	0.0017824209	0.07602206	0.07603902	22979980	22980088	106009942	106069026	0.1478366	1	419757.5	21.743913	0.9781895	NA	NA	0.0	1.002162368	1.0021624	1	1	1:1	2	neutral	4149246
14	106069027	106112603	CTX	43577	0	0.0	0	0	NA	mappable	NA	NA	NA	NA	inf	0.9789068787	0.12977508	inf	106069027	106069027	106112603	106112603	NA	missing	NA	NA	0.0	NA	NA	0.0	0.0	0.0	0	0	NA	0	homozygousDel	4149246
14	106112604	106112616	INV	13	0	0.0	0	0	NA	mappable	NA	NA	NA	NA	inf	0.9789068787	0.54047631	inf	106112604	106112604	106112616	106112616	NA	missing	NA	NA	0.0	NA	NA	0.0	0.0	0.0	0	0	NA	0	homozygousDel	4149246
14	106112617	106211784	INV	99168	0	0.0	0	0	NA	mappable	NA	NA	NA	NA	inf	0.9789068787	0.12049944	inf	106112617	106112617	106211784	106211784	NA	missing	NA	NA	0.0	NA	NA	0.0	0.0	0.0	0	0	NA	0	homozygousDel	4149246
14	106211785	106213048	DEL	1264	0	0.0	0	0	NA	mappable	NA	NA	NA	NA	inf	0.9789068787	0.19410351	inf	106211785	106211785	106213048	106213048	NA	missing	NA	NA	0.0	NA	NA	0.0	0.0	0.0	0	0	NA	0	homozygousDel	4149246
14	106213055	106325447	INV	112393	1010	0.989891	1003	30	274.0	mappable	0.59428362	NA	NA	0.5172649993	0.02702702703	0.3376068787	0.11920235	0.14622938	106213055	106250082	106325440	106325447	NA	missing	244106.22	19.185472	0.6413	NA	NA	NA	NA	NA	NA	NA	NA	NA	NA	4149246
14	106325448	106329459	DEL	4012	804	1.50359771	801	3	226.0	mappable	0.28792108	NA	NA	0.19317333263	0.16666666667	0.1670068787	0.1670829	0.33374957	106325448	106325457	106329455	106329459	NA	missing	262068.57	16.266325	0.8119	NA	NA	NA	NA	NA	NA	NA	NA	NA	NA	4149246
14	106329460	106329461	CTX	2	0	0.0	0	0	NA	mappable	NA	NA	NA	NA	inf	0.9789068787	2.0	inf	106329460	106329460	106329461	106329461	NA	missing	NA	NA	0.0	NA	NA	0.0	0.0	0.0	0	0	NA	0	homozygousDel	4149246
14	106329462	106382687	CTX	53226	532	0.25335724	528	26	141.0	mappable	0.160925	NA	NA	0.0822899993	0.03333333333	0.5822068787	0.1273898	0.16072314	106329462	106329468	106349982	106382687	NA	missing	146092.45	8.765547	0.3967	NA	NA	NA	NA	NA	NA	NA	NA	NA	NA	4149246
14	106382688	106535060	CTX	152373	876	1.98306071	852	140	203.0	mappable	0.65736176	6.0	NA	0.58723705812	0.00609756098	0.0050068787	0.11616258	0.12226015	106382688	106400108	106529997	106535060	0.99974632	2	384899.04	32.167412	0.9711278	19.35643	0.9950795	0.9901591	0.009757596	1.9733031	2	0	2:0	2	cnLOH	4149246
14	106535061	106804973	NA	269913	2164	-0.03240341	2161	0	290.0	mappable	NA	NA	NA	0.9214149993	0.33333333333	0.6771068787	0.11085163	0.44418496	106535061	106540124	106779888	106804973	NA	missing	65515.02	NA	0.3018	NA	NA	NA	NA	NA	NA	NA	NA	NA	NA	4149246
14	106804974	107090005	NA	285032	4146	1.98306071	4065	159	1121.0	mappable	0.65741983	6.0	NA	0.59179517171	0.00416666667	0.0088068787	0.11037062	0.11453729	106804974	106830059	107079996	107090005	1.0	2	384899.04	32.167412	0.9711278	19.35643	0.9950795	0.9901591	0.009757596	1.9733031	2	0	2:0	2	cnLOH	4149246
14	107090006	107259908	NA	169903	2886	3.0061561	2874	9	781.0	mappable	0.28164722	1.0	edge	0.20156115315	0.04761904762	0.3528931213	0.11511221	0.16273126	107090006	107100015	107259908	107259908	NA	missing	567919.74	35.487866	1.3108938	NA	NA	NA	NA	NA	NA	NA	NA	NA	NA	4149246
15	20850000	20859924	NA	9925	165	2.00432474	145	0	54.0	mappable	NA	8.0	edge	0.03508993028	0.05	0.0355068787	0.15063813	0.20063813	20850000	20850000	20859924	20859924	NA	missing	419757.5	NA	0.9781895	NA	NA	NA	NA	NA	NA	NA	NA	NA	NA	4149246
15	22480079	23069956	NA	589878	4053	2.00432474	4030	226	1114.0	mappable	0.09977647	8.0	self	0.02622676401	0.00401606426	0.0242068787	0.10432937	0.10834544	22480079	22480079	23069956	23069956	0.1806229	1	419757.5	21.743913	0.9781895	NA	NA	0.0	1.002162368	1.0021624	1	1	1:1	2	neutral	4149246
15	23710146	24329926	NA	619781	10355	2.00432474	10331	343	2900.0	mappable	0.065025	8.0	NA	0.0140234158	0.00272479564	0.0320138994	0.10394255	0.10666734	23710146	23710146	24329926	24329926	0.21190003	1	419757.5	21.743913	0.9781895	NA	NA	0.0	1.002162368	1.0021624	1	1	1:1	2	neutral	4149246
15	24329927	24830091	NA	500165	0	0.0	0	0	NA	mappable	NA	NA	NA	NA	inf	0.9789068787	0.10564099	inf	24329927	24329927	24830091	24830091	NA	missing	NA	NA	0.0	NA	NA	0.0	0.0	0.0	0	0	NA	0	homozygousDel	4149246
15	24830092	28529988	NA	3699897	57382	2.00432474	57147	3003	15632.0	mappable	0.07647308	8.0	NA	8.99993e-05	0.00030883261	0.0247068787	0.091663	0.09197184	24830092	24830092	28529988	28529988	0.15918231	1	419757.5	21.743913	0.9781895	NA	NA	0.0	1.002162368	1.0021624	1	1	1:1	2	neutral	4149246
15	29100034	30369914	NA	1269881	18275	2.00432474	18246	755	5056.0	mappable	0.081	8.0	self	8.99993e-05	0.0012755102	0.0221068787	0.09863751	0.09991302	29100034	29100034	30369914	30369914	0.16880633	1	419757.5	21.743913	0.9781895	NA	NA	0.0	1.002162368	1.0021624	1	1	1:1	2	neutral	4149246
15	31160110	82479795	NA	51319690	690039	2.00432474	687838	30666	189377.0	mappable	0.078725	8.0	self	0.00112918086	3.042658e-05	0.0042880871	0.07808532	0.07811575	31160110	31160110	82479795	82479795	0.15023705	1	419757.5	21.743913	0.9781895	NA	NA	0.0	1.002162368	1.0021624	1	1	1:1	2	neutral	4149246
15	83211507	102399920	NA	19188418	295864	2.00432474	294941	14460	81354.0	mappable	0.0753	8.0	edge	0.00146789515	6.501105e-05	0.0070815052	0.08266604	0.08273105	83211507	83211507	102399920	102399920	0.1389065	1	419757.5	21.743913	0.9781895	NA	NA	0.0	1.002162368	1.0021624	1	1	1:1	2	neutral	4149246
16	100010	4980017	NA	4880010	74991	1.98306071	74646	3682	20567.0	mappable	0.695225	6.0	edge	0.61672785023	0.0002484472	0.0026613412	0.09001527	0.09026372	100010	100010	4979968	4980017	0.96192602	2	384899.04	32.167412	0.9711278	19.35643	0.9950795	0.9901591	0.009757596	1.9733031	2	0	2:0	2	cnLOH	4149246
16	4980018	4989951	NA	9934	186	2.32414329	186	0	50.0	mappable	NA	NA	NA	NA	inf	0.1054931213	0.15062329	inf	4980018	4980067	4989867	4989951	NA	missing	352102.5	NA	1.0844	NA	NA	NA	NA	NA	NA	NA	NA	NA	NA	4149246
16	4989952	16289940	NA	11299994	222619	1.98306071	221872	11986	60409.0	mappable	0.695225	6.0	NA	0.61457855535	7.853609e-05	0.0118616997	0.08536131	0.08543985	4989952	4990036	16289940	16289940	0.96165723	2	384899.04	32.167412	0.9711278	19.35643	0.9950795	0.9901591	0.009757596	1.9733031	2	0	2:0	2	cnLOH	4149246
16	16870104	18169896	NA	1299793	20467	1.98306071	20380	1066	5534.0	mappable	0.70979091	6.0	NA	0.6308899993	0.00086805556	0.0157068787	0.09847438	0.09934244	16870104	16870104	18169896	18169896	0.96921126	2	384899.04	32.167412	0.9711278	19.35643	0.9950795	0.9901591	0.009757596	1.9733031	2	0	2:0	2	cnLOH	4149246
16	18800044	29039945	NA	10239902	125115	2.00432474	124599	5498	34653.0	mappable	0.078725	8.0	self	8.99993e-05	0.00016627868	0.0202068787	0.08588225	0.08604853	18800044	18800044	29039945	29039945	0.26617352	1	419757.5	21.743913	0.9781895	NA	NA	0.0	1.002162368	1.0021624	1	1	1:1	2	neutral	4149246
16	29670028	31959970	NA	2289943	17532	2.00432474	17485	570	4956.0	mappable	0.0907	8.0	self	0.0137899993	0.00162074554	0.0288068787	0.09466613	0.09628688	29670028	29670028	31959970	31959970	0.17396887	1	419757.5	21.743913	0.9781895	NA	NA	0.0	1.002162368	1.0021624	1	1	1:1	2	neutral	4149246
16	32520030	32649899	NA	129870	3044	2.00432474	2895	1	881.0	mappable	0.20930233	8.0	self	0.02025094939	0.00666666667	0.0425068787	0.11773911	0.12440578	32520030	32520030	32649899	32649899	NA	missing	419757.5	21.743913	0.9781895	NA	NA	NA	NA	NA	NA	NA	NA	NA	NA	4149246
16	33590105	34379993	NA	789889	3990	1.81254441	3975	4	1264.0	mappable	0.13029765	NA	NA	0.08177411145	0.05263157895	0.0644068787	0.10208618	0.15471776	33590105	33590105	34379982	34380004	NA	missing	430273.85	23.647987	0.9145	NA	NA	NA	NA	NA	NA	NA	NA	NA	NA	4149246
16	34379993	34410010	NA	30018	260	2.12149112	260	0	81.0	mappable	NA	NA	NA	NA	inf	0.0381931213	0.13446698	inf	34379982	34380004	34409863	34410010	NA	missing	398382.29	NA	1.0171	NA	NA	NA	NA	NA	NA	NA	NA	NA	NA	4149246
16	34410011	35279959	NA	869949	11181	2.00432474	11174	29	3335.0	mappable	0.08390053	8.0	NA	0.00741921123	0.02777777778	0.0356068787	0.10136554	0.12914332	34410011	34410158	35279959	35279959	NA	missing	419757.5	21.743913	0.9781895	NA	NA	NA	NA	NA	NA	NA	NA	NA	NA	4149246
16	46450014	46560176	NA	110163	1356	1.65867329	1356	0	408.0	mappable	NA	NA	NA	NA	inf	0.1155068787	0.11940812	inf	46450014	46450014	46559995	46560176	NA	missing	407145.16	NA	0.8634	NA	NA	NA	NA	NA	NA	NA	NA	NA	NA	4149246
16	46560177	71189704	NA	24629530	327691	2.00432474	326736	14443	90192.0	mappable	0.0753	8.0	NA	0.00119042021	6.495194e-05	0.0027483009	0.0814535	0.08151845	46560177	46560358	71189312	71190096	0.14233974	1	419757.5	21.743913	0.9781895	NA	NA	0.0	1.002162368	1.0021624	1	1	1:1	2	neutral	4149246
16	71189704	71209979	NA	20276	223	2.15491518	223	0	50.0	mappable	NA	NA	NA	NA	inf	0.0492931213	0.13978697	inf	71189312	71190096	71209795	71210163	NA	missing	317535.66	NA	1.0282	NA	NA	NA	NA	NA	NA	NA	NA	NA	NA	4149246
16	71209979	81114977	NA	9904999	186115	2.00432474	185627	8873	50913.0	mappable	0.078725	8.0	NA	8.99993e-05	0.00010682619	0.0022068787	0.08605954	0.08616636	71209795	71210163	81109948	81120006	0.14625041	1	419757.5	21.743913	0.9781895	NA	NA	0.0	1.002162368	1.0021624	1	1	1:1	2	neutral	4149246
16	81114977	81139951	NA	24975	486	1.803812	486	0	139.0	mappable	NA	NA	NA	NA	inf	0.0673068787	0.13690943	inf	81109948	81120006	81139889	81140013	NA	missing	371514.88	NA	0.9116	NA	NA	NA	NA	NA	NA	NA	NA	NA	NA	4149246
16	81139951	90109969	NA	8970020	187124	2.00432474	186338	9666	51451.0	mappable	0.0753	8.0	edge	0.00161376032	9.568462e-05	0.0055790531	0.08659253	0.08668822	81139889	81140013	90109969	90109969	0.14467163	1	419757.5	21.743913	0.9781895	NA	NA	0.0	1.002162368	1.0021624	1	1	1:1	2	neutral	4149246
17	20080	18239982	NA	18219903	232618	2.00432474	231626	11219	64018.0	mappable	0.078725	8.0	edge	0.00329773603	8.190008e-05	0.0223765143	0.08292214	0.08300404	20080	20080	18239982	18239982	0.16606814	1	419757.5	21.743913	0.9781895	NA	NA	0.0	1.002162368	1.0021624	1	1	1:1	2	neutral	4149246
17	18750212	22239986	NA	3489775	25828	2.00432474	25176	738	7217.0	mappable	0.071875	8.0	self	8.99993e-05	0.00071942446	0.0073068787	0.09201874	0.09273817	18750212	18750212	22239986	22239986	0.2401921	1	419757.5	21.743913	0.9781895	NA	NA	0.0	1.002162368	1.0021624	1	1	1:1	2	neutral	4149246
17	25390040	44279982	NA	18889944	210821	2.00432474	210101	9250	58570.0	mappable	0.08215	8.0	self	0.00360522999	0.0001003009	0.0100274914	0.08274339	0.08284369	25390040	25390040	44279982	44279982	0.16180184	1	419757.5	21.743913	0.9781895	NA	NA	0.0	1.002162368	1.0021624	1	1	1:1	2	neutral	4149246
17	44790026	56735022	NA	11944997	155843	2.00432474	155295	7756	42876.0	mappable	0.078725	8.0	self	8.99993e-05	0.0001204384	0.0048068787	0.08507053	0.08519097	44790026	44790026	56729979	56740065	0.13558597	1	419757.5	21.743913	0.9781895	NA	NA	0.0	1.002162368	1.0021624	1	1	1:1	2	neutral	4149246
17	56735022	56750022	NA	15001	165	1.71438006	165	2	44.0	mappable	0.99933088	NA	identical	0.71548264636	0.5	0.0970068787	0.1441673	0.6441673	56729979	56740065	56749972	56750072	NA	missing	356828.0	21.514629	0.8819	NA	NA	NA	NA	NA	NA	NA	NA	NA	NA	4149246
17	56750022	79730032	NA	22980014	299176	2.00432474	297959	13234	82125.0	mappable	0.078725	8.0	self	0.00101490992	6.919936e-05	0.009728966	0.08178662	0.08185582	56749972	56750072	79699975	79730032	0.15265281	1	419757.5	21.743913	0.9781895	NA	NA	0.0	1.002162368	1.0021624	1	1	1:1	2	neutral	4149246
17	79800039	81109940	NA	1309903	20045	2.00432474	19904	910	5382.0	mappable	0.08215	8.0	edge	0.00737993746	0.00095147479	0.0076375846	0.09842022	0.09937169	79800039	79800079	81109940	81109940	0.16173941	1	419757.5	21.743913	0.9781895	NA	NA	0.0	1.002162368	1.0021624	1	1	1:1	2	neutral	4149246
18	130031	14119956	NA	13989930	212654	3.0061561	212016	10546	58820.0	mappable	0.24655	1.0	edge	0.17320115342	8.941345e-05	0.3206321594	0.0842535	0.08434292	130031	130031	14119956	14119956	0.79556654	2	567919.74	35.487866	1.3108938	21.15799	0.6639708	0.3279416	1.010156236	1.9959999	2	1	2:1	3	gain	4149246
18	14119957	14910026	NA	790070	0	0.0	0	0	NA	mappable	NA	NA	NA	NA	inf	0.9789068787	0.10208446	inf	14119957	14119957	14910026	14910026	NA	missing	NA	NA	0.0	NA	NA	0.0	0.0	0.0	0	0	NA	0	homozygousDel	4149246
18	14910027	14929888	NA	19862	364	3.07302288	363	2	104.0	mappable	0.31339286	NA	NA	0.23524699083	0.33333333333	0.3541931213	0.14007836	0.47341169	14910027	14910027	14929888	14929888	NA	missing	586611.43	38.522563	1.3331	NA	NA	NA	NA	NA	NA	NA	NA	NA	NA	4149246
18	18540053	60793378	NA	42253329	599137	3.0061561	597407	23764	166037.0	mappable	0.256825	1.0	NA	0.17621521915	3.922799e-05	0.3358310576	0.07894977	0.078989	18540053	18540053	60793330	60793378	0.84315135	2	567919.74	35.487866	1.3108938	21.15799	0.6639708	0.3279416	1.010156236	1.9959999	2	1	2:1	3	gain	4149246
18	60793379	60793451	CTX	73	3	2.43676129	3	0	0.0	mappable	NA	NA	NA	NA	inf	0.1428931213	0.32311093	inf	60793379	60793417	60793447	60793451	NA	missing	478410.0	NA	1.1218	NA	NA	NA	NA	NA	NA	NA	NA	NA	NA	4149246
18	60793452	62610034	CTX	1816584	27447	2.00432474	27366	1283	7558.0	mappable	0.078725	8.0	NA	0.00326468608	0.00073313783	0.0135904289	0.09618716	0.0969203	60793452	60793494	62609999	62610069	0.13341539	1	419757.5	21.743913	0.9781895	NA	NA	0.0	1.002162368	1.0021624	1	1	1:1	2	neutral	4149246
18	62610034	62619993	NA	9960	192	2.28560024	192	0	53.0	mappable	NA	NA	NA	NA	inf	0.0926931213	0.15058053	inf	62609999	62610069	62619899	62619993	NA	missing	467600.0	NA	1.0716	NA	NA	NA	NA	NA	NA	NA	NA	NA	NA	4149246
18	62619994	77860020	NA	15240029	250276	2.00432474	249123	13297	67885.0	mappable	0.0753	8.0	NA	0.00228521696	6.920415e-05	0.0018017962	0.08381751	0.08388672	62619994	62620088	77859926	77860114	0.14341748	1	419757.5	21.743913	0.9781895	NA	NA	0.0	1.002162368	1.0021624	1	1	1:1	2	neutral	4149246
18	77860020	78009968	NA	149949	1940	2.19114415	1935	126	506.0	mappable	0.0965197	9.0	edge	0.01788469627	0.00763358779	0.0814931213	0.11631889	0.12395247	77859926	77860114	78009968	78009968	0.10805318	1	409631.3	21.138634	1.0402315	NA	NA	0.0	1.095572073	1.0955721	1	1	1:1	2	neutral	4149246
19	260137	24569972	NA	24309838	256478	2.00432474	254984	10555	70590.0	mappable	0.08215	8.0	edge	0.00388461113	8.301511e-05	0.0354386732	0.08151608	0.08159909	260137	260137	24569972	24569972	0.20525668	1	419757.5	21.743913	0.9781895	NA	NA	0.0	1.002162368	1.0021624	1	1	1:1	2	neutral	4149246
19	27750002	28050000	NA	299999	8188	1.66349118	8096	14	2468.0	mappable	0.1424367	NA	NA	0.2565649993	0.00943396226	0.1139068787	0.10992274	0.1193567	27750002	27750002	28049959	28050000	NA	missing	429074.3	23.579464	0.865	NA	NA	NA	NA	NA	NA	NA	NA	NA	NA	4149246
19	28050001	37179952	NA	9129952	127835	2.00432474	127418	5034	35801.0	mappable	0.081125	8.0	self	0.00212605326	0.00018345258	0.0252819989	0.08649705	0.0866805	28050001	28050042	37179803	37179952	0.14853557	1	419757.5	21.743913	0.9781895	NA	NA	0.0	1.002162368	1.0021624	1	1	1:1	2	neutral	4149246
19	37179953	37219975	NA	40023	437	1.53009606	436	0	139.0	mappable	NA	NA	NA	0.22905730699	1.0	0.1582068787	0.13081692	1.13081692	37179953	37180102	37219884	37219975	NA	missing	358982.62	NA	0.8207	NA	NA	NA	NA	NA	NA	NA	NA	NA	NA	4149246
19	37219976	37984973	NA	764998	6335	1.74757045	6329	16	1846.0	mappable	0.067525	2.0	NA	0.00439691419	0.04545454545	0.1060068787	0.10232746	0.147782	37219976	37220067	37979843	37984973	NA	missing	471263.07	24.493862	0.8929224	NA	NA	NA	NA	NA	NA	NA	NA	NA	NA	4149246
19	37984974	43209995	NA	5225022	54733	2.00432474	54556	1742	15254.0	mappable	0.08215	8.0	NA	8.99993e-05	0.00052110474	0.0285068787	0.08961776	0.09013886	37984974	37990104	43209995	43209995	0.16513107	1	419757.5	21.743913	0.9781895	NA	NA	0.0	1.002162368	1.0021624	1	1	1:1	2	neutral	4149246
19	43209996	43800005	NA	590010	0	0.0	0	0	NA	mappable	NA	NA	NA	NA	inf	0.9789068787	0.10432761	inf	43209996	43209996	43800005	43800005	NA	missing	NA	NA	0.0	NA	NA	0.0	0.0	0.0	0	0	NA	0	homozygousDel	4149246
19	43800006	57400015	NA	13600014	143749	2.00432474	143058	7448	38817.0	mappable	0.078725	8.0	NA	0.00015641079	0.00012288031	0.0391497958	0.0843985	0.08452138	43800006	43800006	57399954	57400015	0.17381221	1	419757.5	21.743913	0.9781895	NA	NA	0.0	1.002162368	1.0021624	1	1	1:1	2	neutral	4149246
19	57400016	57430017	NA	30002	552	1.53943071	548	33	153.0	mappable	0.06992649	NA	identical	0.01169679315	0.02702702703	0.1551068787	0.13447393	0.16150096	57400016	57400077	57429964	57430070	0.15977749	1	351621.75	18.284331	0.8238	NA	NA	0.0	0.769715353	0.7697154	1	1	1:1	2	neutral	4149246
19	57430017	58974965	NA	1544949	16789	2.00432474	16720	878	4549.0	mappable	0.0753	8.0	self	0.0033350007	0.00105596621	0.0466068787	0.09728039	0.09833636	57429964	57430070	58969906	58980024	0.1328498	1	419757.5	21.743913	0.9781895	NA	NA	0.0	1.002162368	1.0021624	1	1	1:1	2	neutral	4149246
19	58974965	59089999	NA	115035	1297	2.25849965	1285	29	380.0	mappable	0.1311723	NA	edge	0.08600923007	0.0243902439	0.0836931213	0.11896467	0.14335492	58969906	58980024	59089999	59089999	NA	missing	380055.21	19.828967	1.0626	NA	NA	NA	NA	NA	NA	NA	NA	NA	NA	4149246
20	60479	25550014	NA	25489543	398201	2.00432474	397008	19523	109099.0	mappable	0.078725	8.0	edge	0.00086350979	4.82742e-05	0.0027730063	0.08128957	0.08133784	60479	60479	25549947	25550014	0.14312085	1	419757.5	21.743913	0.9781895	NA	NA	0.0	1.002162368	1.0021624	1	1	1:1	2	neutral	4149246
20	25550015	25729738	NA	179724	2156	1.74757045	2153	3	630.0	mappable	0.04041912	2.0	NA	0.00087846084	0.16666666667	0.0668068787	0.11457757	0.28124424	25550015	25550082	25729738	25729738	NA	missing	471263.07	24.493862	0.8929224	NA	NA	NA	NA	NA	NA	NA	NA	NA	NA	4149246
20	29810057	29854999	NA	44943	1470	1.55027094	1459	5	473.0	mappable	0.04576309	NA	NA	0.1538149993	0.0625	0.1515068787	0.12940119	0.19190119	29810057	29810057	29849967	29860031	NA	missing	416611.39	21.502523	0.8274	NA	NA	NA	NA	NA	NA	NA	NA	NA	NA	4149246
20	29854999	62909989	NA	33054991	495676	2.00432474	494024	20647	137585.0	mappable	0.08215	8.0	edge	0.0035149993	4.484908e-05	0.0046068787	0.08006929	0.08011414	29849967	29860031	62909989	62909989	0.14638725	1	419757.5	21.743913	0.9781895	NA	NA	0.0	1.002162368	1.0021624	1	1	1:1	2	neutral	4149246
21	10720001	11179964	NA	459964	5125	1.74757045	4899	0	2109.0	mappable	NA	2.0	edge	0.01174238265	0.00442477876	0.1178093177	0.10631986	0.11074464	10720001	10720001	11179964	11179964	NA	missing	471263.07	NA	0.8929224	NA	NA	NA	NA	NA	NA	NA	NA	NA	NA	4149246
21	15410077	16940060	NA	1529984	24750	2.00432474	24642	1162	6843.0	mappable	0.08455	8.0	NA	0.0035149993	0.00078740157	0.0040931213	0.09734688	0.09813428	15410077	15410077	16939988	16940132	0.19163465	1	419757.5	21.743913	0.9781895	NA	NA	0.0	1.002162368	1.0021624	1	1	1:1	2	neutral	4149246
21	16940060	16949969	NA	9910	177	1.793574	177	0	49.0	mappable	NA	NA	NA	NA	inf	0.0707068787	0.15066289	inf	16939988	16940132	16949921	16950017	NA	missing	409056.2	NA	0.9082	NA	NA	NA	NA	NA	NA	NA	NA	NA	NA	4149246
21	16949969	48099931	NA	31149965	491084	2.00432474	488771	25849	133521.0	mappable	0.0753	8.0	edge	0.00265495965	3.55101e-05	0.0017960496	0.08034475	0.08038026	16949921	16950017	48099931	48099931	0.15628699	1	419757.5	21.743913	0.9781895	NA	NA	0.0	1.002162368	1.0021624	1	1	1:1	2	neutral	4149246
22	16850007	17300043	NA	450037	1262	1.62735706	1167	33	367.0	mappable	0.08288846	NA	edge	0.00146833403	0.0078125	0.1259068787	0.10649806	0.11431056	16850007	16850007	17299997	17300043	0.21109342	1	416914.0	21.887985	0.853	NA	NA	0.0	0.813678529	0.8136785	1	1	1:1	2	neutral	4149246
22	17300044	20169985	NA	2869944	34527	2.00432474	34355	1538	9775.0	mappable	0.08066481	8.0	self	0.00218595301	0.00058479532	0.0112816636	0.09322883	0.09381363	17300044	17300090	20169939	20169985	0.18259542	1	419757.5	21.743913	0.9781895	NA	NA	0.0	1.002162368	1.0021624	1	1	1:1	2	neutral	4149246
22	20514929	23020039	NA	2505113	22311	2.00432474	22232	1227	6100.0	mappable	0.08766389	8.0	self	0.01020418657	0.00076569678	0.01428415	0.09408911	0.09485481	20514929	20740037	23019987	23020091	0.15865351	1	419757.5	21.743913	0.9781895	NA	NA	0.0	1.002162368	1.0021624	1	1	1:1	2	neutral	4149246
22	23020039	23030093	NA	10055	240	2.19114415	239	13	75.0	mappable	0.08627917	9.0	NA	0.0097149993	0.07142857143	0.0974931213	0.15042542	0.22185399	23019987	23020091	23029996	23030190	NA	missing	409631.3	21.138634	1.0402315	NA	NA	NA	NA	NA	NA	NA	NA	NA	NA	4149246
22	23030093	23079984	NA	49892	456	1.87758582	456	37	109.0	mappable	0.11100806	NA	NA	0.03237306382	0.02702702703	0.0428068787	0.12815156	0.15517859	23029996	23030190	23069963	23079984	0.11507813	1	397906.5	20.691138	0.9361	NA	NA	0.0	0.938792912	0.9387929	1	1	1:1	2	neutral	4149246
22	23079985	23105000	NA	25016	200	2.45001047	196	31	44.0	mappable	0.08096977	NA	NA	0.00014833263	0.02857142857	0.1472931213	0.13688726	0.16545869	23079985	23090006	23099992	23105000	0.24398001	1	399806.7	21.418216	1.1262	NA	NA	0.0	1.225005235	1.2250052	1	1	1:1	2	neutral	4149246
22	23105001	51179984	NA	28074994	394741	2.00432474	393201	18751	109162.0	mappable	0.078725	8.0	edge	0.00067542015	4.929022e-05	0.0098909401	0.08083165	0.08088094	23105001	23110009	51179984	51179984	0.15936346	1	419757.5	21.743913	0.9781895	NA	NA	0.0	1.002162368	1.0021624	1	1	1:1	2	neutral	4149246
23	2700027	58499983	NA	55799957	489783	1.03921565	489783	645	64793.0	mappable	0.174625	NA	NA	NA	NA	NA	NA	NA	2700027	2700027	58499983	58499983	0.29969925	1	221437.52	12.07841	1.0028	NA	NA	NA	NA	NA	1	NA	1	1	neutral	4149246
23	61750000	88459980	NA	26709981	245321	0.96890468	245321	296	33024.0	mappable	0.202025	NA	NA	NA	NA	NA	NA	NA	61750000	61750000	88459980	88459980	0.34682859	2	215855.64	11.99198	0.9561	NA	NA	NA	NA	NA	1	NA	1	1	neutral	4149246
23	88990017	89349936	NA	359920	1086	1.02009468	1086	2	135.0	mappable	0.74660633	NA	NA	NA	NA	NA	NA	NA	88990017	88990017	89349936	89349936	NA	missing	228608.08	19.964416	0.9901	NA	NA	NA	NA	NA	1	NA	1	1	neutral	4149246
23	89349937	90140198	NA	790262	0	0.0	0	0	NA	mappable	NA	NA	NA	NA	NA	NA	NA	NA	89349937	89349937	90140198	90140198	NA	missing	NA	NA	0.0	NA	NA	0.0	0.0	0.0	0	0	0	0	homozygousDel	4149246
23	90140199	91529952	NA	1389754	5103	0.98245497	5103	5	669.0	mappable	0.030775	NA	NA	NA	NA	NA	NA	NA	90140199	90140199	91529952	91529952	NA	missing	224363.22	11.218161	0.9651	NA	NA	NA	NA	NA	1	NA	1	1	neutral	4149246
23	91529953	92379999	NA	850047	0	0.0	0	0	NA	mappable	NA	NA	NA	NA	NA	NA	NA	NA	91529953	91529953	92379999	92379999	NA	missing	NA	NA	0.0	NA	NA	0.0	0.0	0.0	0	0	0	0	homozygousDel	4149246
23	92380000	154929639	NA	62549640	565939	1.02521368	565939	794	74635.0	mappable	0.154075	NA	NA	NA	NA	NA	NA	NA	92380000	92380000	154929639	154929639	0.27203169	1	221886.03	12.080949	0.9935	NA	NA	NA	NA	NA	1	NA	1	1	neutral	4149246
24	2653090	2919837	NA	266748	293	0.90055097	293	0	41.0	mappable	NA	NA	NA	NA	NA	NA	NA	NA	2653090	2653090	2919837	2919837	NA	missing	199090.9	NA	0.9107	NA	NA	NA	NA	NA	1	NA	1	1	neutral	4149246
24	3712028	3719919	NA	7892	141	1.01136226	141	118	1.0	mappable	0.059475	NA	NA	NA	NA	NA	NA	NA	3712028	3712028	3719919	3719919	0.09439458	1	434345.7	21.187595	0.9843	NA	NA	NA	NA	NA	1	NA	1	1	neutral	4149246
24	6420014	10069977	NA	3649964	6066	0.95836556	6066	33	904.0	mappable	0.28023852	NA	NA	NA	NA	NA	NA	NA	6420014	6420014	10069977	10069977	NA	missing	204904.51	11.884462	0.9491	NA	NA	NA	NA	NA	1	NA	1	1	neutral	4149246
24	13819999	13830034	NA	10036	553	0.39407109	553	8	97.0	mappable	0.54278617	NA	NA	NA	NA	NA	NA	NA	13819999	13820008	13829964	13830104	NA	missing	209963.3	5.039119	0.5743	NA	NA	NA	NA	NA	0	NA	0	0	loss	4149246
24	13830034	19558992	NA	5728959	7687	0.94135241	7688	50	1185.0	mappable	0.558225	NA	NA	NA	NA	NA	NA	NA	13829964	13830104	19558992	19558992	0.37343449	2	222516.06	8.217923	0.9378	NA	NA	NA	NA	NA	1	NA	1	1	neutral	4149246
24	20802956	23808171	NA	3005216	2837	0.94632085	2838	4	404.0	mappable	0.46263804	NA	NA	NA	NA	NA	NA	NA	20802956	20802956	23808171	23808171	NA	missing	207038.37	6.27389	0.9411	NA	NA	NA	NA	NA	1	NA	1	1	neutral	4149246
24	24381338	24508205	NA	126868	228	0.99720974	228	0	38.0	mappable	NA	NA	NA	NA	NA	NA	NA	NA	24381338	24381338	24508205	24508205	NA	missing	216186.19	NA	0.9749	NA	NA	NA	NA	NA	1	NA	1	1	neutral	4149246
24	28780461	28789809	NA	9349	78	0.75571338	78	9	17.0	mappable	0.55731733	NA	NA	NA	NA	NA	NA	NA	28780461	28780461	28789809	28789809	NA	missing	319037.1	9.115346	0.8145	NA	NA	NA	NA	NA	1	NA	1	1	neutral	4149246
