#chromosome	start	end	crest	length	tcnNbrOfLoci	tcnMean	tcnNbrOfSNPs	tcnNbrOfHets	dhNbrOfLoci	map	dhMax	cluster	neighbour	distDH	errorSNP	distTcn	errorLength	totalError	minStart	maxStart	minStop	maxStop	area	peaks	meanCovT	meanCovB	tcnMeanRaw	AF	BAF	dhMean	c1Mean	c2Mean	A	B	genotype	TCN	GNL	PID
1	840009	12839977	NA	11999969	171863	2.00730056	171007	7096	30774.0	mappable	0.085575	9.0	edge	0.00338747558	0.00012578616	0.01720842087	0.08504657	0.08517236	840009	840009	12839977	12839977	0.15719074	1	374688.3	19.462555	0.9855185	NA	NA	0.0	1.0036502813	1.00365028	1	1	1:1	2	neutral	4148771
1	13780016	120529963	NA	106749955	1393363	2.00730056	1388490	61784	240900.0	mappable	0.08215	9.0	NA	0.00096395252	1.500308e-05	0.00615166682	0.07499158	0.07500658	13780016	13780016	120529963	120529963	0.15491626	1	374688.3	19.462555	0.9855185	NA	NA	0.0	1.0036502813	1.00365028	1	1	1:1	2	neutral	4148771
1	121220004	121229986	NA	9983	177	2.06592217	177	0	19.0	mappable	NA	NA	NA	NA	inf	0.01849157913	0.15054281	inf	121220004	121220004	121229986	121229986	NA	missing	374696.0	NA	1.0054	NA	NA	NA	NA	NA	NA	NA	NA	NA	NA	4148771
1	144010127	144019970	NA	9844	155	1.92409688	82	0	18.0	mappable	NA	NA	NA	0.26717574088	0.01369863014	0.02960842087	0.15077238	0.16447101	144010127	144010127	144019970	144019970	NA	missing	1010768.0	NA	0.9573	NA	NA	NA	NA	NA	NA	NA	NA	NA	NA	4148771
1	144920087	145739956	NA	819870	6369	2.00730056	5825	163	1108.0	mappable	0.08645	9.0	self	0.01603127442	0.00141442716	0.00900842087	0.10180689	0.10322132	144920087	144920087	145739956	145739956	0.19763159	1	374688.3	19.462555	0.9855185	NA	NA	0.0	1.0036502813	1.00365028	1	1	1:1	2	neutral	4148771
1	146540101	146594998	NA	54898	764	2.14766485	763	28	163.0	mappable	0.16723816	5.0	NA	0.08505063347	0.03448275862	0.04039157913	0.12702876	0.16151152	146540101	146540101	146589995	146600001	NA	missing	352984.8	19.001894	1.033123	NA	NA	NA	NA	NA	NA	NA	NA	NA	NA	4148771
1	146594998	147829895	NA	1234898	10902	2.00730056	10860	537	1858.0	mappable	0.0847	9.0	self	3.752442e-05	0.00172711572	0.01100842087	0.09883395	0.10056107	146589995	146600001	147829895	147829895	0.1646197	1	374688.3	19.462555	0.9855185	NA	NA	0.0	1.0036502813	1.00365028	1	1	1:1	2	neutral	4148771
1	149815060	194395013	NA	44579962	594455	2.00730056	592437	26772	103121.0	mappable	0.08215	9.0	self	0.00118905635	3.473549e-05	0.0003410585	0.0787095	0.07874424	149815060	149815060	194389990	194400036	0.15609839	1	374688.3	19.462555	0.9855185	NA	NA	0.0	1.0036502813	1.00365028	1	1	1:1	2	neutral	4148771
1	194395013	194409988	NA	14976	218	2.48756493	218	17	25.0	mappable	0.084075	NA	identical	0.00188747558	0.05882352941	0.16149157913	0.14419232	0.20301584	194389990	194400036	194409947	194410029	NA	missing	419355.0	22.201147	1.1484	NA	NA	NA	NA	NA	NA	NA	NA	NA	NA	4148771
1	194409988	211489946	NA	17079959	224089	2.00730056	223353	10319	38743.0	mappable	0.078725	9.0	NA	0.00346252442	9.046499e-05	0.00170842087	0.08324384	0.08333431	194409947	194410029	211489799	211489946	0.155806	1	374688.3	19.462555	0.9855185	NA	NA	0.0	1.0036502813	1.00365028	1	1	1:1	2	neutral	4148771
1	211489947	211530004	NA	40058	523	2.18563333	523	0	101.0	mappable	NA	NA	NA	NA	inf	0.05909157913	0.13080613	inf	211489947	211490094	211529964	211530044	NA	missing	360782.7	NA	1.046	NA	NA	NA	NA	NA	NA	NA	NA	NA	NA	4148771
1	211530004	249209945	NA	37679942	525255	2.00730056	523169	24183	92568.0	mappable	0.08215	9.0	edge	0.00140671141	3.806913e-05	0.00064174564	0.07946822	0.07950629	211529964	211530044	249209945	249209945	0.15026822	1	374688.3	19.462555	0.9855185	NA	NA	0.0	1.0036502813	1.00365028	1	1	1:1	2	neutral	4148771
2	20016	13440006	NA	13419991	214260	2.00730056	213228	11750	38149.0	mappable	0.08215	9.0	edge	0.0023297766	7.824114e-05	0.00119313617	0.08446702	0.08454526	20016	20016	13439986	13440006	0.14214557	1	374688.3	19.462555	0.9855185	NA	NA	0.0	1.0036502813	1.00365028	1	1	1:1	2	neutral	4148771
2	13440007	13449963	NA	9957	156	2.25787283	156	0	33.0	mappable	NA	NA	NA	NA	inf	0.08359157913	0.15058545	inf	13440007	13440027	13449909	13449963	NA	missing	423930.0	NA	1.0705	NA	NA	NA	NA	NA	NA	NA	NA	NA	NA	4148771
2	13449964	87059860	NA	73609905	1096825	2.00730056	1093593	48791	189138.0	mappable	0.078725	9.0	NA	0.00288598598	1.922301e-05	9.417685e-05	0.07653043	0.07654965	13449964	13450018	87059860	87059860	0.14170083	1	374688.3	19.462555	0.9855185	NA	NA	0.0	1.0036502813	1.00365028	1	1	1:1	2	neutral	4148771
2	88330099	89229990	NA	899892	11873	2.00730056	11837	646	2047.0	mappable	0.09145	9.0	self	0.01168747558	0.00146627566	0.00030842087	0.10111534	0.10258162	88330099	88330099	89229990	89229990	0.18397173	1	374688.3	19.462555	0.9855185	NA	NA	0.0	1.0036502813	1.00365028	1	1	1:1	2	neutral	4148771
2	89840102	90239998	NA	399897	907	2.00730056	901	1	138.0	mappable	0.06666667	9.0	self	0.0324838359	0.14285714286	0.00469157913	0.10747332	0.25033047	89840102	89840102	90239998	90239998	NA	missing	374688.3	19.462555	0.9855185	NA	NA	NA	NA	NA	NA	NA	NA	NA	NA	4148771
2	95580145	96239991	NA	659847	4441	2.00730056	4434	10	726.0	mappable	0.0433913	9.0	NA	0.02925002442	0.05882352941	0.00739157913	0.10345663	0.16228016	95580145	95580145	96239991	96239991	NA	missing	374688.3	19.462555	0.9855185	NA	NA	NA	NA	NA	NA	NA	NA	NA	NA	4148771
2	96239992	96740020	NA	500029	0	0.0	0	0	NA	mappable	NA	NA	NA	NA	inf	0.98690842087	0.10564318	inf	96239992	96239992	96740020	96740020	NA	missing	NA	NA	0.0	NA	NA	0.0	0.0	0.0	0	0	NA	0	homozygousDel	4148771
2	96740021	129704900	NA	32964887	426235	2.00730056	425024	17110	74682.0	mappable	0.08215	9.0	NA	0.00010772349	5.458813e-05	0.0035321003	0.08008192	0.08013651	96740021	96740021	129699756	129710044	0.14787453	1	374688.3	19.462555	0.9855185	NA	NA	0.0	1.0036502813	1.00365028	1	1	1:1	2	neutral	4148771
2	129704900	129725017	NA	20118	186	2.24401464	186	0	41.0	mappable	NA	NA	NA	NA	inf	0.07889157913	0.13989732	inf	129699756	129710044	129719985	129730049	NA	missing	349258.0	NA	1.0658	NA	NA	NA	NA	NA	NA	NA	NA	NA	NA	4148771
2	129725017	132189994	NA	2464978	21930	2.00730056	21901	791	3871.0	mappable	0.08194167	9.0	NA	3.752442e-05	0.0012195122	0.00750842087	0.09419237	0.09541188	129719985	129730049	132189994	132189994	0.12300751	1	374688.3	19.462555	0.9855185	NA	NA	0.0	1.0036502813	1.00365028	1	1	1:1	2	neutral	4148771
2	132189995	133009999	NA	820005	0	0.0	0	0	NA	mappable	NA	NA	NA	NA	inf	0.98690842087	0.10180566	inf	132189995	132189995	133009999	133009999	NA	missing	NA	NA	0.0	NA	NA	0.0	0.0	0.0	0	0	NA	0	homozygousDel	4148771
2	133010000	184654994	NA	51645002	699294	2.00730056	697193	28393	119877.0	mappable	0.078725	9.0	NA	0.0032871029	3.279549e-05	0.00056604542	0.07805754	0.07809033	133010000	133010000	184649868	184660120	0.14745247	1	374688.3	19.462555	0.9855185	NA	NA	0.0	1.0036502813	1.00365028	1	1	1:1	2	neutral	4148771
2	184654994	184670065	NA	15072	133	2.37109717	133	0	24.0	mappable	NA	NA	NA	NA	inf	0.12199157913	0.14409655	inf	184649868	184660120	184669992	184670138	NA	missing	451598.3	NA	1.1089	NA	NA	NA	NA	NA	NA	NA	NA	NA	NA	4148771
2	184670065	242999969	NA	58329907	804414	2.00730056	801556	35401	138911.0	mappable	0.08215	9.0	edge	0.0005489507	2.613901e-05	0.00159146638	0.07752619	0.07755233	184669992	184670138	242999969	242999969	0.15115675	1	374688.3	19.462555	0.9855185	NA	NA	0.0	1.0036502813	1.00365028	1	1	1:1	2	neutral	4148771
3	100074	19005018	NA	18904948	301981	2.00730056	300890	16472	51596.0	mappable	0.08215	9.0	edge	0.00092595783	5.693788e-05	0.00485503208	0.08273947	0.08279641	100074	100074	18999983	19010053	0.13948898	1	374688.3	19.462555	0.9855185	NA	NA	0.0	1.0036502813	1.00365028	1	1	1:1	2	neutral	4148771
3	19005018	19019777	NA	14760	149	2.36785377	149	0	24.0	mappable	NA	NA	NA	NA	inf	0.12089157913	0.14441053	inf	18999983	19010053	19019479	19019777	NA	missing	456516.7	NA	1.1078	NA	NA	NA	NA	NA	NA	NA	NA	NA	NA	4148771
3	19019778	90499969	NA	71480200	1000822	2.00730056	997752	45186	171008.0	mappable	0.08215	9.0	NA	0.00145034371	2.072367e-05	0.00375300552	0.07665467	0.07667539	19019778	19020076	90499969	90499969	0.14718465	1	374688.3	19.462555	0.9855185	NA	NA	0.0	1.0036502813	1.00365028	1	1	1:1	2	neutral	4148771
3	93570175	97729987	NA	4159816	57772	2.00730056	57594	2172	9700.0	mappable	0.078725	9.0	NA	0.00180937125	0.00042553191	0.00052824016	0.09095834	0.09138387	93570175	93570175	97729927	97730047	0.16160941	1	374688.3	19.462555	0.9855185	NA	NA	0.0	1.0036502813	1.00365028	1	1	1:1	2	neutral	4148771
3	97729987	97740003	NA	10017	149	2.23782268	149	0	35.0	mappable	NA	NA	NA	NA	inf	0.07679157913	0.15048725	inf	97729927	97730047	97739960	97740046	NA	missing	421117.8	NA	1.0637	NA	NA	NA	NA	NA	NA	NA	NA	NA	NA	4148771
3	97740003	111019970	NA	13279969	187584	2.00730056	186971	9499	31875.0	mappable	0.078725	9.0	NA	0.0024526124	9.889241e-05	0.00054988443	0.08452104	0.08461993	97739960	97740046	111019865	111019970	0.14579719	1	374688.3	19.462555	0.9855185	NA	NA	0.0	1.0036502813	1.00365028	1	1	1:1	2	neutral	4148771
3	111019971	111039998	NA	20028	314	2.18858188	314	0	73.0	mappable	NA	NA	NA	NA	inf	0.06009157913	0.13996065	inf	111019971	111020076	111039993	111039998	NA	missing	400806.1	NA	1.047	NA	NA	NA	NA	NA	NA	NA	NA	NA	NA	4148771
3	111039999	138889997	NA	27849999	362542	2.00730056	361377	15477	62938.0	mappable	0.081125	9.0	NA	1.596845e-05	6.009254e-05	0.00115192755	0.08086959	0.08092969	111039999	111040004	138889965	138890029	0.14346135	1	374688.3	19.462555	0.9855185	NA	NA	0.0	1.0036502813	1.00365028	1	1	1:1	2	neutral	4148771
3	138889997	138914978	NA	24982	310	2.15201986	310	0	59.0	mappable	NA	NA	NA	NA	inf	0.04769157913	0.13690565	inf	138889965	138890029	138909951	138914978	NA	missing	385615.1	NA	1.0346	NA	NA	NA	NA	NA	NA	NA	NA	NA	NA	4148771
3	138914979	159419997	NA	20505019	279678	2.00730056	278914	13647	47679.0	mappable	0.08088333	9.0	NA	3.752442e-05	6.939144e-05	0.00030842087	0.08234019	0.08240959	138914979	138920006	159419989	159420005	0.12916171	1	374688.3	19.462555	0.9855185	NA	NA	0.0	1.0036502813	1.00365028	1	1	1:1	2	neutral	4148771
3	159419997	159449990	NA	29994	303	1.85362652	303	0	50.0	mappable	NA	NA	NA	NA	inf	0.05350842087	0.13447741	inf	159419989	159420005	159449926	159449990	NA	missing	390410.9	NA	0.9334	NA	NA	NA	NA	NA	NA	NA	NA	NA	NA	4148771
3	159449991	166489937	NA	7039947	95816	2.00730056	95617	3566	17472.0	mappable	0.07514891	9.0	NA	0.00688752442	0.00026560425	0.00010842087	0.08792317	0.08818877	159449991	159450055	166489822	166489937	0.11766233	1	374688.3	19.462555	0.9855185	NA	NA	0.0	1.0036502813	1.00365028	1	1	1:1	2	neutral	4148771
3	166489938	166519945	NA	30008	441	2.18858188	441	0	82.0	mappable	NA	NA	NA	NA	inf	0.06009157913	0.13447132	inf	166489938	166490053	166519864	166520026	NA	missing	443176.7	NA	1.047	NA	NA	NA	NA	NA	NA	NA	NA	NA	NA	4148771
3	166519945	197779892	NA	31259951	433685	2.00730056	432246	19639	76034.0	mappable	0.078725	9.0	edge	0.0029650261	4.744283e-05	9.705963e-05	0.08032834	0.08037579	166519864	166520026	197779892	197779892	0.1536299	1	374688.3	19.462555	0.9855185	NA	NA	0.0	1.0036502813	1.00365028	1	1	1:1	2	neutral	4148771
4	50084	8939952	NA	8889870	145705	2.00730056	144709	7040	25636.0	mappable	0.089	9.0	edge	0.00655160439	0.00012445551	0.00533579879	0.08664111	0.08676556	50084	50084	8939952	8939952	0.16107059	1	374688.3	19.462555	0.9855185	NA	NA	0.0	1.0036502813	1.00365028	1	1	1:1	2	neutral	4148771
4	9800043	49089961	NA	39289919	599130	2.00730056	597152	29146	102785.0	mappable	0.078725	9.0	self	0.00346252442	3.212955e-05	0.00250842087	0.07927808	0.0793102	9800043	9800043	49089961	49089961	0.13529271	1	374688.3	19.462555	0.9855185	NA	NA	0.0	1.0036502813	1.00365028	1	1	1:1	2	neutral	4148771
4	52680564	90610011	NA	37929452	526437	2.00730056	524727	24819	90550.0	mappable	0.078725	9.0	NA	0.00410724059	3.769602e-05	0.00184575522	0.07943817	0.07947586	52680564	52680564	90609946	90610011	0.15691858	1	374688.3	19.462555	0.9855185	NA	NA	0.0	1.0036502813	1.00365028	1	1	1:1	2	neutral	4148771
4	90610012	90620025	NA	10014	161	1.80762913	161	0	23.0	mappable	NA	NA	NA	NA	inf	0.06910842087	0.15049214	inf	90610012	90610077	90619883	90620025	NA	missing	404806.7	NA	0.9178	NA	NA	NA	NA	NA	NA	NA	NA	NA	NA	4148771
4	90620026	129729977	NA	39109956	517804	2.00730056	516200	24843	87614.0	mappable	0.078725	9.0	NA	0.0027325893	3.78129e-05	0.00168080517	0.07929889	0.07933671	90620026	90620168	129729947	129729977	0.14833785	1	374688.3	19.462555	0.9855185	NA	NA	0.0	1.0036502813	1.00365028	1	1	1:1	2	neutral	4148771
4	129729978	129740150	NA	10173	130	2.32362551	130	0	25.0	mappable	NA	NA	NA	NA	inf	0.10589157913	0.15023522	inf	129729978	129730008	129739902	129740150	NA	missing	314036.0	NA	1.0928	NA	NA	NA	NA	NA	NA	NA	NA	NA	NA	4148771
4	129740151	143559982	NA	13819832	190380	2.00730056	189828	9715	32365.0	mappable	0.078725	9.0	NA	0.00346252442	9.739944e-05	0.00030842087	0.08431619	0.08441359	129740151	129740399	143559935	143559982	0.14437834	1	374688.3	19.462555	0.9855185	NA	NA	0.0	1.0036502813	1.00365028	1	1	1:1	2	neutral	4148771
4	143559983	143574992	NA	15010	164	1.80084746	164	0	28.0	mappable	NA	NA	NA	NA	inf	0.07140842087	0.14415831	inf	143559983	143560030	143569965	143580019	NA	missing	383391.4	NA	0.9155	NA	NA	NA	NA	NA	NA	NA	NA	NA	NA	4148771
4	143574992	156960002	NA	13385011	171334	2.00730056	170873	6813	29839.0	mappable	0.0827	9.0	NA	3.752442e-05	0.00013749484	0.00039157913	0.08448045	0.08461795	143569965	143580019	156959968	156960036	0.14752951	1	374688.3	19.462555	0.9855185	NA	NA	0.0	1.0036502813	1.00365028	1	1	1:1	2	neutral	4148771
4	156960002	156970101	NA	10100	170	1.70295558	170	0	25.0	mappable	NA	NA	NA	NA	inf	0.10460842087	0.15035257	inf	156959968	156960036	156969647	156970555	NA	missing	182491.4	NA	0.8823	NA	NA	NA	NA	NA	NA	NA	NA	NA	NA	4148771
4	156970101	166929957	NA	9959857	141758	2.00730056	141304	6460	24403.0	mappable	0.07908468	9.0	NA	0.00346252442	0.00014463408	0.00110842087	0.08603004	0.08617467	156969647	156970555	166929860	166929957	0.16637269	1	374688.3	19.462555	0.9855185	NA	NA	0.0	1.0036502813	1.00365028	1	1	1:1	2	neutral	4148771
4	166929958	166930211	CTX	254	7	1.73214623	7	0	1.0	mappable	NA	NA	NA	NA	inf	0.09470842087	0.2503541	inf	166929958	166929988	166930130	166930211	NA	missing	401964.1	NA	0.8922	NA	NA	NA	NA	NA	NA	NA	NA	NA	NA	4148771
4	166930212	168249982	CTX	1319771	18559	1.83388332	18454	1228	2841.0	mappable	0.080875	4.0	NA	0.0017171052	0.00075018755	0.06220842087	0.0983678	0.09911799	166930212	166930214	168249945	168249982	0.27282289	2	373161.3	19.909892	0.9267041	19.79237	0.5499833	0.09996663	0.8252780894	1.00860523	1	1	1:1	2	mixDH	4148771
4	168249983	168265064	NA	15082	158	2.02936014	158	15	29.0	mappable	0.0311378	NA	NA	0.05104971955	0.06666666667	0.00609157913	0.14408661	0.21075328	168249983	168250020	168259899	168265064	NA	missing	400846.7	20.042335	0.993	NA	NA	NA	NA	NA	NA	NA	NA	NA	NA	4148771
4	168265065	183750001	NA	15484937	235559	1.83388332	234761	11867	40313.0	mappable	0.085575	4.0	NA	0.00338747558	7.895776e-05	0.06030842087	0.0837368	0.08381576	168265065	168270230	183749972	183750001	0.27278265	2	373161.3	19.909892	0.9267041	19.79237	0.5499833	0.09996663	0.8252780894	1.00860523	1	1	1:1	2	mixDH	4148771
4	183750002	183759991	NA	9990	190	2.1795089	187	15	28.0	mappable	0.04565833	2.0	NA	0.00802085776	0.05555555556	0.07519157913	0.15053135	0.20608691	183750002	183750031	183759951	183760031	NA	missing	349951.6	18.565603	1.0439229	NA	NA	NA	NA	NA	NA	NA	NA	NA	NA	4148771
4	183759991	184350045	NA	590055	8733	1.83388332	8694	240	1684.0	mappable	0.08194167	4.0	NA	0.00335181014	0.00358422939	0.06020842087	0.10432702	0.10791124	183759951	183760031	184349976	184350045	0.28273363	2	373161.3	19.909892	0.9267041	19.79237	0.5499833	0.09996663	0.8252780894	1.00860523	1	1	1:1	2	mixDH	4148771
4	184350046	184385027	NA	34982	603	2.03879551	601	6	101.0	mappable	0.23266912	NA	NA	0.15463747558	0.125	0.00929157913	0.13250013	0.25750013	184350046	184350115	184379967	184390087	NA	missing	354053.6	21.43991	0.9962	NA	NA	NA	NA	NA	NA	NA	NA	NA	NA	4148771
4	184385027	190799944	NA	6414918	108559	1.83388332	107443	6043	19654.0	mappable	0.085575	4.0	edge	0.00611714633	0.00013972335	0.05516113967	0.0884447	0.08858443	184379967	184390087	190799944	190799944	0.27383458	2	373161.3	19.909892	0.9267041	19.79237	0.5499833	0.09996663	0.8252780894	1.00860523	1	1	1:1	2	mixDH	4148771
5	50017	19409967	NA	19359953	305214	2.00730056	303973	16629	52884.0	mappable	0.078725	9.0	edge	0.00299998788	5.596597e-05	0.00356831884	0.08262219	0.08267816	50017	50017	19409917	19409967	0.14774853	1	374688.3	19.462555	0.9855185	NA	NA	0.0	1.0036502813	1.00365028	1	1	1:1	2	neutral	4148771
5	19409968	19419993	NA	10026	173	2.23222043	173	0	42.0	mappable	NA	NA	NA	NA	inf	0.07489157913	0.15047258	inf	19409968	19410018	19419987	19419993	NA	missing	434848.8	NA	1.0618	NA	NA	NA	NA	NA	NA	NA	NA	NA	NA	4148771
5	19419994	22170018	NA	2750025	32796	2.00730056	32617	1345	5470.0	mappable	0.08215	9.0	NA	0.00346252442	0.00065616798	0.00600842087	0.09349721	0.09415338	19419994	19420000	22119983	22170018	0.15644411	1	374688.3	19.462555	0.9855185	NA	NA	0.0	1.0036502813	1.00365028	1	1	1:1	2	neutral	4148771
5	22170019	22230041	NA	60023	133	2.20450406	133	2	20.0	mappable	0.11919192	NA	NA	0.03700439477	0.5	0.06549157913	0.12599832	0.62599832	22170019	22220054	22229992	22230090	NA	missing	436611.0	24.432575	1.0524	NA	NA	NA	NA	NA	NA	NA	NA	NA	NA	4148771
5	22230041	22269973	NA	39933	544	1.93028884	544	2	96.0	mappable	0.60413793	NA	NA	0.67704264799	0.5	0.02750842087	0.13084472	0.63084472	22229992	22230090	22269944	22270002	NA	missing	415683.1	33.340651	0.9594	NA	NA	NA	NA	NA	NA	NA	NA	NA	NA	4148771
5	22269973	22289989	NA	20017	360	2.19035101	360	0	68.0	mappable	NA	NA	NA	NA	inf	0.06069157913	0.13996841	inf	22269944	22270002	22289932	22290046	NA	missing	450724.0	NA	1.0476	NA	NA	NA	NA	NA	NA	NA	NA	NA	NA	4148771
5	22289989	46399990	NA	24110005	350135	2.00730056	349008	17112	60079.0	mappable	0.078725	9.0	NA	0.00141297641	5.483358e-05	0.00016888103	0.08155566	0.0816105	22289932	22290046	46399990	46399990	0.15860326	1	374688.3	19.462555	0.9855185	NA	NA	0.0	1.0036502813	1.00365028	1	1	1:1	2	neutral	4148771
5	49470005	68829703	NA	19359699	256668	2.00730056	255884	11402	44286.0	mappable	0.078725	9.0	self	0.00226341164	8.206812e-05	0.0022691238	0.08262225	0.08270432	49470005	49470005	68829703	68829703	0.12891579	1	374688.3	19.462555	0.9855185	NA	NA	0.0	1.0036502813	1.00365028	1	1	1:1	2	neutral	4148771
5	70750153	72090008	NA	1339856	17773	2.00730056	17740	905	3174.0	mappable	0.07704167	9.0	NA	0.00514585776	0.00106609808	0.00040842087	0.09826249	0.09932859	70750153	70750153	72089938	72090078	0.10162966	1	374688.3	19.462555	0.9855185	NA	NA	0.0	1.0036502813	1.00365028	1	1	1:1	2	neutral	4148771
5	72090008	72099913	NA	9906	124	1.77077225	124	0	30.0	mappable	NA	NA	NA	NA	inf	0.08160842087	0.1506695	inf	72089938	72090078	72099807	72099913	NA	missing	381378.6	NA	0.9053	NA	NA	NA	NA	NA	NA	NA	NA	NA	NA	4148771
5	72099914	164930009	NA	92830102	1296695	2.00730056	1292859	60582	219546.0	mappable	0.078725	9.0	NA	0.00071211705	1.552361e-05	0.00176101929	0.07556269	0.07557821	72099914	72100020	164929952	164930066	0.12989263	1	374688.3	19.462555	0.9855185	NA	NA	0.0	1.0036502813	1.00365028	1	1	1:1	2	neutral	4148771
5	164930009	164940008	NA	10000	169	1.77431051	169	0	36.0	mappable	NA	NA	NA	NA	inf	0.08040842087	0.150515	inf	164929952	164930066	164939991	164940008	NA	missing	407774.4	NA	0.9065	NA	NA	NA	NA	NA	NA	NA	NA	NA	NA	4148771
5	164940009	169029964	NA	4089958	60802	2.00730056	60623	2422	10405.0	mappable	0.085575	9.0	NA	0.0048238311	0.00038446751	0.00745071553	0.09105953	0.09144399	164940009	164940026	169029916	169029964	0.1592783	1	374688.3	19.462555	0.9855185	NA	NA	0.0	1.0036502813	1.00365028	1	1	1:1	2	neutral	4148771
5	169029965	169044959	NA	14995	162	1.77902819	162	0	33.0	mappable	NA	NA	NA	NA	inf	0.07880842087	0.1441733	inf	169029965	169030013	169039878	169044959	NA	missing	399573.3	NA	0.9081	NA	NA	NA	NA	NA	NA	NA	NA	NA	NA	4148771
5	169044960	171559964	NA	2515006	36181	2.00730056	36020	1957	5952.0	mappable	0.0782	9.0	NA	0.00287645378	0.00047214353	0.00028125744	0.09406395	0.09453609	169044960	169050041	171559905	171560023	0.12017854	1	374688.3	19.462555	0.9855185	NA	NA	0.0	1.0036502813	1.00365028	1	1	1:1	2	neutral	4148771
5	171559964	171570009	NA	10046	175	1.71091667	175	0	31.0	mappable	NA	NA	NA	NA	inf	0.10190842087	0.15044003	inf	171559905	171560023	171569972	171570046	NA	missing	324711.7	NA	0.885	NA	NA	NA	NA	NA	NA	NA	NA	NA	NA	4148771
5	171570009	180689979	NA	9119971	118220	2.00730056	117713	5149	21031.0	mappable	0.078725	9.0	edge	0.00346252442	0.00017683466	0.00100842087	0.08650295	0.08667979	171569972	171570046	180689979	180689979	0.1645172	1	374688.3	19.462555	0.9855185	NA	NA	0.0	1.0036502813	1.00365028	1	1	1:1	2	neutral	4148771
6	201976	22734672	NA	22532701	338225	2.00730056	336708	17232	60517.0	mappable	0.08215	9.0	edge	0.00074987979	5.334187e-05	0.00694089216	0.08188158	0.08193493	201976	201976	22734645	22734672	0.15753431	1	374688.3	19.462555	0.9855185	NA	NA	0.0	1.0036502813	1.00365028	1	1	1:1	2	neutral	4148771
6	22734673	22739652	DUP	4980	86	2.47252732	86	0	18.0	mappable	NA	NA	NA	NA	inf	0.15639157913	0.16284086	inf	22734673	22734728	22739623	22739652	NA	missing	457991.0	NA	1.1433	NA	NA	NA	NA	NA	NA	NA	NA	NA	NA	4148771
6	22739653	24479974	DUP	1740322	28811	2.00730056	28704	1198	5163.0	mappable	0.085575	9.0	NA	0.00338747558	0.00076628352	0.00010842087	0.09647424	0.09724052	22739653	22739855	24479873	24479974	0.18397829	1	374688.3	19.462555	0.9855185	NA	NA	0.0	1.0036502813	1.00365028	1	1	1:1	2	neutral	4148771
6	24479975	24500002	NA	20028	431	2.24430949	431	0	90.0	mappable	NA	NA	NA	NA	inf	0.07899157913	0.13996065	inf	24479975	24480076	24499963	24500041	NA	missing	354686.5	NA	1.0659	NA	NA	NA	NA	NA	NA	NA	NA	NA	NA	4148771
6	24500002	32600001	NA	8100002	120055	2.00730056	118730	8615	22648.0	mappable	0.08215	9.0	NA	0.00126137529	0.00010062387	0.01044314746	0.0871479	0.08724853	24499963	24500041	32599999	32600003	0.19075058	1	374688.3	19.462555	0.9855185	NA	NA	0.0	1.0036502813	1.00365028	1	1	1:1	2	neutral	4148771
6	32600001	32629993	NA	29993	2405	1.79239073	1998	394	357.0	mappable	0.119825	1.0	identical	0.03763747558	0.00124843945	0.08180842087	0.13447785	0.13572628	32599999	32600003	32629986	32630000	0.59813962	2	346085.8	19.908991	0.9126319	18.63933	0.6129916	0.22598319	0.6936702746	1.09872045	1	sub	1:sub	sub	sub	4148771
6	32629993	58019982	NA	25389991	368545	2.00730056	365463	19057	63527.0	mappable	0.08215	9.0	self	2.719173e-05	4.516916e-05	0.00924616552	0.08130823	0.0813534	32629986	32630000	58019982	58019982	0.15943392	1	374688.3	19.462555	0.9855185	NA	NA	0.0	1.0036502813	1.00365028	1	1	1:1	2	neutral	4148771
6	58610011	58769997	NA	159987	572	1.83388332	570	1	93.0	mappable	0.10526316	4.0	NA	0.02342676129	0.33333333333	0.05560842087	0.11568989	0.44902322	58610011	58610011	58769997	58769997	NA	missing	373161.3	19.909892	0.9267041	NA	NA	NA	NA	NA	NA	NA	NA	NA	NA	4148771
6	61890002	74950078	NA	13060078	188865	2.00730056	188165	9871	33193.0	mappable	0.078725	9.0	self	0.00285765457	9.460738e-05	0.00191124299	0.08460716	0.08470177	61890002	61890002	74949990	74950166	0.1373851	1	374688.3	19.462555	0.9855185	NA	NA	0.0	1.0036502813	1.00365028	1	1	1:1	2	neutral	4148771
6	74950078	74959985	NA	9908	262	1.72123659	258	4	45.0	mappable	0.12061923	NA	identical	0.91786247558	0.125	0.09840842087	0.15066619	0.27566619	74949990	74950166	74959922	74959985	NA	missing	377015.7	19.842932	0.8885	NA	NA	NA	NA	NA	NA	NA	NA	NA	NA	4148771
6	74959986	170899935	NA	95939959	1349305	2.00730056	1344932	61118	233215.0	mappable	0.08215	9.0	edge	5.781138e-05	1.526974e-05	0.0021445156	0.07542721	0.07544248	74959986	74960049	170899935	170899935	0.13664959	1	374688.3	19.462555	0.9855185	NA	NA	0.0	1.0036502813	1.00365028	1	1	1:1	2	neutral	4148771
7	40386	34674943	NA	34634559	546588	2.00730056	544862	27470	95540.0	mappable	0.078725	9.0	edge	0.00121099843	3.425479e-05	0.00347117107	0.079854	0.07988825	40386	40386	34669854	34674943	0.13963009	1	374688.3	19.462555	0.9855185	NA	NA	0.0	1.0036502813	1.00365028	1	1	1:1	2	neutral	4148771
7	34674944	34700013	NA	25070	348	1.79239073	314	0	52.0	mappable	NA	1.0	NA	0.06512611194	0.02941176471	0.06520842087	0.13685812	0.16626988	34674944	34680033	34699973	34700013	NA	missing	346085.8	NA	0.9126319	NA	NA	NA	NA	NA	NA	NA	NA	NA	NA	4148771
7	34700014	34740022	NA	40009	712	2.1795089	707	40	111.0	mappable	0.0682	2.0	NA	0.01903038157	0.02222222222	0.04159157913	0.13082124	0.15304347	34700014	34700054	34739967	34740022	0.08835566	1	349951.6	18.565603	1.0439229	NA	NA	0.0	1.0897544493	1.08975445	1	1	1:1	2	neutral	4148771
7	34740023	57989979	NA	23249965	306419	2.00730056	305433	15121	53820.0	mappable	0.078725	9.0	self	0.00112579076	6.208481e-05	9.170086e-05	0.08173031	0.0817924	34740023	34740078	57989927	57989979	0.13752219	1	374688.3	19.462555	0.9855185	NA	NA	0.0	1.0036502813	1.00365028	1	1	1:1	2	neutral	4148771
7	57989980	57999988	NA	10009	930	1.83388332	917	0	135.0	mappable	NA	4.0	NA	0.00898139449	0.07692307692	0.09080842087	0.1505003	0.22742338	57989980	57990032	57999988	57999988	NA	missing	373161.3	NA	0.9267041	NA	NA	NA	NA	NA	NA	NA	NA	NA	NA	4148771
7	61530139	72229988	NA	10699851	114212	2.00730056	113422	4580	20306.0	mappable	0.08215	9.0	self	5.887848e-05	0.00018621974	0.0051322695	0.08564912	0.08583534	61530139	61530139	72229988	72229988	0.16187819	1	374688.3	19.462555	0.9855185	NA	NA	0.0	1.0036502813	1.00365028	1	1	1:1	2	neutral	4148771
7	72750118	74139961	NA	1389844	10245	2.00730056	10191	301	1980.0	mappable	0.07709762	9.0	self	0.00578752442	0.00281690141	0.00069157913	0.09800803	0.10082493	72750118	72750118	74139961	74139961	0.23265134	1	374688.3	19.462555	0.9855185	NA	NA	0.0	1.0036502813	1.00365028	1	1	1:1	2	neutral	4148771
7	75160045	76059952	NA	899908	8413	2.00730056	8364	389	1520.0	mappable	0.07716667	9.0	self	0.00688752442	0.00228310502	0.00010842087	0.10111521	0.10339831	75160045	75160045	76059952	76059952	0.17674208	1	374688.3	19.462555	0.9855185	NA	NA	0.0	1.0036502813	1.00365028	1	1	1:1	2	neutral	4148771
7	76810004	116780007	NA	39970010	517130	2.00730056	515454	20808	89097.0	mappable	0.078725	9.0	NA	0.00250299061	4.448003e-05	0.0001038157	0.07920035	0.07924483	76810004	76810004	116779968	116780046	0.1411313	1	374688.3	19.462555	0.9855185	NA	NA	0.0	1.0036502813	1.00365028	1	1	1:1	2	neutral	4148771
7	116780007	116809991	NA	29985	430	2.20833717	430	0	70.0	mappable	NA	NA	NA	NA	inf	0.06679157913	0.13448133	inf	116779968	116780046	116809975	116810007	NA	missing	401607.2	NA	1.0537	NA	NA	NA	NA	NA	NA	NA	NA	NA	NA	4148771
7	116809991	158309951	NA	41499964	558564	2.00730056	556415	24952	97909.0	mappable	0.078725	9.0	NA	0.00136877667	3.690173e-05	0.00158421113	0.07903075	0.07906765	116809975	116810007	158309875	158310027	0.163353	1	374688.3	19.462555	0.9855185	NA	NA	0.0	1.0036502813	1.00365028	1	1	1:1	2	neutral	4148771
7	158309951	158320016	NA	10066	289	2.47606558	268	0	79.0	mappable	NA	NA	identical	0.05476247558	0.04761904762	0.15759157913	0.15040757	0.19802662	158309875	158310027	158319999	158320033	NA	missing	319916.7	NA	1.1445	NA	NA	NA	NA	NA	NA	NA	NA	NA	NA	4148771
7	158320016	159119808	NA	799794	12858	2.00730056	12705	698	2343.0	mappable	0.082575	9.0	edge	0.00560648966	0.00117508813	0.00697212043	0.10199258	0.10316767	158319999	158320033	159119808	159119808	0.16618679	1	374688.3	19.462555	0.9855185	NA	NA	0.0	1.0036502813	1.00365028	1	1	1:1	2	neutral	4148771
8	170012	6919904	NA	6749899	193662	2.00730056	192612	11247	33888.0	mappable	0.08215	9.0	edge	0.00042922433	8.132065e-05	0.0041887097	0.08815841	0.08823973	170012	170012	6919904	6919904	0.15631135	1	374688.3	19.462555	0.9855185	NA	NA	0.0	1.0036502813	1.00365028	1	1	1:1	2	neutral	4148771
8	8100000	11859985	NA	3759987	79362	2.00730056	79146	4527	13623.0	mappable	0.08336071	9.0	self	0.00016223076	0.00021083702	0.00119586203	0.09156546	0.0917763	8100000	8100000	11859985	11859985	0.13760461	1	374688.3	19.462555	0.9855185	NA	NA	0.0	1.0036502813	1.00365028	1	1	1:1	2	neutral	4148771
8	12580042	43789991	NA	31209957	520802	2.00730056	519134	23349	90025.0	mappable	0.078725	9.0	self	0.00297847657	3.997282e-05	0.00537718805	0.08033579	0.08037577	12580042	12580042	43789991	43789991	0.14595178	1	374688.3	19.462555	0.9855185	NA	NA	0.0	1.0036502813	1.00365028	1	1	1:1	2	neutral	4148771
8	46880007	79980236	NA	33100234	454502	2.00730056	453268	18015	77300.0	mappable	0.07951346	9.0	NA	0.00286475204	5.195075e-05	0.00896030028	0.08006297	0.08011492	46880007	46880007	79979956	79980236	0.13424817	1	374688.3	19.462555	0.9855185	NA	NA	0.0	1.0036502813	1.00365028	1	1	1:1	2	neutral	4148771
8	79980237	79990038	NA	9802	126	1.75190152	126	0	26.0	mappable	NA	NA	NA	NA	inf	0.08800842087	0.15084253	inf	79980237	79980517	79989998	79990038	NA	missing	385530.0	NA	0.8989	NA	NA	NA	NA	NA	NA	NA	NA	NA	NA	4148771
8	79990039	84020028	NA	4029990	54695	2.00730056	54485	2820	8991.0	mappable	0.07526538	9.0	NA	0.00548924856	0.000330033	0.00849157913	0.09114796	0.09147799	79990039	79990079	84019960	84020096	0.15312316	1	374688.3	19.462555	0.9855185	NA	NA	0.0	1.0036502813	1.00365028	1	1	1:1	2	neutral	4148771
8	84020028	84029997	NA	9970	176	2.31212616	176	0	25.0	mappable	NA	NA	NA	NA	inf	0.10199157913	0.15056411	inf	84019960	84020096	84029944	84030050	NA	missing	431106.0	NA	1.0889	NA	NA	NA	NA	NA	NA	NA	NA	NA	NA	4148771
8	84029997	146279988	NA	62250003	879073	2.00730056	876234	36544	153513.0	mappable	0.08215	9.0	NA	0.00016806178	2.539296e-05	0.00429171632	0.07724522	0.07727061	84029944	84030050	146279882	146280094	0.14575207	1	374688.3	19.462555	0.9855185	NA	NA	0.0	1.0036502813	1.00365028	1	1	1:1	2	neutral	4148771
8	146279988	146289988	NA	10001	181	1.72624913	181	0	32.0	mappable	NA	NA	edge	NA	inf	0.09670842087	0.15051336	inf	146279882	146280094	146289988	146289988	NA	missing	340242.0	NA	0.8902	NA	NA	NA	NA	NA	NA	NA	NA	NA	NA	4148771
9	200101	4255029	NA	4054930	83944	2.00874063	83736	3961	14537.0	mappable	0.571925	NA	edge	0.49258317199	0.00023986568	0.00090154843	0.091111	0.09135087	200101	200101	4249986	4260072	0.92615823	2	381374.4	29.420309	0.9860069	19.01139	0.8928441	0.78568823	0.215248377	1.79349226	2	0	2:0	2	cnLOH	4148771
9	4255029	4279940	NA	24912	500	1.82826899	499	0	96.0	mappable	NA	NA	NA	0.08218752442	1.0	0.06210842087	0.13694359	1.13694359	4249986	4260072	4279816	4280064	NA	missing	356694.8	NA	0.9248	NA	NA	NA	NA	NA	NA	NA	NA	NA	NA	4148771
9	4279940	15440059	NA	11160121	208650	2.01115963	208131	10190	35601.0	mappable	0.544525	NA	NA	0.46319205496	9.33794e-05	8.11139e-05	0.08542683	0.08552021	4279816	4280064	15439860	15440258	0.94641845	2	399133.2	30.702558	0.9868273	19.88012	0.8895183	0.77903668	0.222196257	1.78896337	2	0	2:0	2	cnLOH	4148771
9	15440059	15449900	NA	9842	241	2.41856884	241	0	46.0	mappable	NA	NA	NA	NA	inf	0.13809157913	0.15077571	inf	15439860	15440258	15449781	15450019	NA	missing	388644.0	NA	1.125	NA	NA	NA	NA	NA	NA	NA	NA	NA	NA	4148771
9	15449900	35049985	NA	19600087	307030	2.01668167	306262	14032	51881.0	mappable	0.544525	NA	NA	0.46240151855	6.756757e-05	0.00179172244	0.08256153	0.0826291	15449781	15450019	35049852	35050118	0.95915764	2	397764.0	30.467029	0.9887001	19.77439	0.8844572	0.76891438	0.2330130709	1.7836686	2	0	2:0	2	cnLOH	4148771
9	35049985	38769828	NA	3719844	45255	2.00730056	45079	2000	7829.0	mappable	0.08066481	9.0	NA	3.752442e-05	0.00045955882	0.00389157913	0.09163043	0.09208999	35049852	35050118	38769828	38769828	0.39660162	2	374688.3	19.462555	0.9855185	18.68735	0.5281323	0.05626468	0.9471802178	1.06012034	1	1	1:1	2	mixDH	4148771
9	66840048	66849972	NA	9925	540	2.00730056	507	0	64.0	mappable	NA	9.0	self	0.01199810135	0.0303030303	0.00610842087	0.15063813	0.18094116	66840048	66840048	66849972	66849972	NA	missing	374688.3	NA	0.9855185	NA	NA	NA	NA	NA	NA	NA	NA	NA	NA	4148771
9	68410004	68419976	NA	9973	1130	2.12017551	1051	0	309.0	mappable	NA	NA	NA	0.20859891195	0.01265822785	0.03689157913	0.15055919	0.16321742	68410004	68410004	68419976	68419976	NA	missing	2195734.0	NA	1.0238	NA	NA	NA	NA	NA	NA	NA	NA	NA	NA	4148771
9	71030093	71069996	NA	39904	549	1.79239073	547	4	101.0	mappable	0.0498626	1.0	NA	0.07342101216	0.16666666667	0.04420842087	0.13085369	0.29752036	71030093	71030093	71069835	71070157	NA	missing	346085.8	19.908991	0.9126319	NA	NA	NA	NA	NA	NA	NA	NA	NA	NA	4148771
9	71069996	78410026	NA	7340032	99814	2.00730056	99545	4351	17243.0	mappable	0.078725	9.0	NA	0.00407337322	0.00021645022	0.00265574347	0.08769101	0.08790746	71069835	71070157	78409996	78410026	0.15590116	1	374688.3	19.462555	0.9855185	NA	NA	0.0	1.0036502813	1.00365028	1	1	1:1	2	neutral	4148771
9	78410027	78419987	NA	9961	186	1.7303771	186	0	30.0	mappable	NA	NA	NA	NA	inf	0.09530842087	0.15057888	inf	78410027	78410057	78419960	78419987	NA	missing	364355.0	NA	0.8916	NA	NA	NA	NA	NA	NA	NA	NA	NA	NA	4148771
9	78419988	83115065	NA	4695078	69131	2.00730056	68905	3565	11861.0	mappable	0.0795625	9.0	NA	0.00407547835	0.00026378264	0.00141021601	0.09024164	0.09050542	78419988	78420015	83114935	83115065	0.15380485	1	374688.3	19.462555	0.9855185	NA	NA	0.0	1.0036502813	1.00365028	1	1	1:1	2	neutral	4148771
9	83115066	83116180	DEL	1115	18	1.86129275	18	0	5.0	mappable	NA	NA	NA	NA	inf	0.05090842087	0.19757325	inf	83115066	83115077	83115993	83116180	NA	missing	369850.0	NA	0.936	NA	NA	NA	NA	NA	NA	NA	NA	NA	NA	4148771
9	83116181	141019791	DEL	57903618	791705	2.00730056	788671	37008	138223.0	mappable	0.08215	9.0	edge	0.00163102165	2.497378e-05	0.00618019129	0.07755801	0.07758298	83116181	83116214	141019791	141019791	0.1440396	1	374688.3	19.462555	0.9855185	NA	NA	0.0	1.0036502813	1.00365028	1	1	1:1	2	neutral	4148771
10	130013	39149984	NA	39019982	585857	2.00730056	582966	28709	103587.0	mappable	0.08215	9.0	edge	0.00187832233	3.164757e-05	5.548926e-05	0.07930934	0.07934099	130013	130013	39149984	39149984	0.15915688	1	374688.3	19.462555	0.9855185	NA	NA	0.0	1.0036502813	1.00365028	1	1	1:1	2	neutral	4148771
10	42410000	46159967	NA	3749969	43628	2.00730056	43477	1238	7705.0	mappable	0.08255385	9.0	self	0.0010814228	0.0007199424	0.00472611822	0.0915816	0.09230155	42410000	42410000	46159967	46159967	0.16534338	1	374688.3	19.462555	0.9855185	NA	NA	0.0	1.0036502813	1.00365028	1	1	1:1	2	neutral	4148771
10	48310177	48659961	NA	349785	5560	2.00730056	5552	108	989.0	mappable	0.1110125	9.0	self	0.02136247558	0.00862068966	0.02320842087	0.10860057	0.11722126	48310177	48310177	48659961	48659961	0.3304618	2	374688.3	19.462555	0.9855185	18.68735	0.5281323	0.05626468	0.9471802178	1.06012034	1	1	1:1	2	mixDH	4148771
10	49390096	135439925	NA	86049836	1211256	2.00730056	1207211	53924	213742.0	mappable	0.078725	9.0	edge	0.00115984983	1.725119e-05	0.00892768294	0.07587637	0.07589362	49390096	49390096	135439925	135439925	0.14363888	1	374688.3	19.462555	0.9855185	NA	NA	0.0	1.0036502813	1.00365028	1	1	1:1	2	neutral	4148771
11	190010	200002	NA	9993	232	2.1795089	181	3	50.0	mappable	0.02050292	2.0	edge	0.03183038157	0.01851851852	0.08359157913	0.15052644	0.16904496	190010	190010	199991	200013	NA	missing	349951.6	18.565603	1.0439229	NA	NA	NA	NA	NA	NA	NA	NA	NA	NA	4148771
11	200002	209997	NA	9996	194	1.83388332	182	0	31.0	mappable	NA	4.0	NA	0.02881328203	0.08333333333	0.06900842087	0.15052154	0.23385487	199991	200013	209991	210003	NA	missing	373161.3	NA	0.9267041	NA	NA	NA	NA	NA	NA	NA	NA	NA	NA	4148771
11	209997	48899996	NA	48690002	694522	2.00730056	691715	34087	119882.0	mappable	0.078725	9.0	NA	0.00264124599	2.710541e-05	0.00665258555	0.07831736	0.07834447	209991	210003	48899996	48899996	0.16477104	1	374688.3	19.462555	0.9855185	NA	NA	0.0	1.0036502813	1.00365028	1	1	1:1	2	neutral	4148771
11	48899997	50170092	NA	1270096	0	0.0	0	0	NA	mappable	NA	NA	NA	NA	inf	0.98690842087	0.09863632	inf	48899997	48899997	50170092	50170092	NA	missing	NA	NA	0.0	NA	NA	0.0	0.0	0.0	0	0	NA	0	homozygousDel	4148771
11	50170093	51579984	NA	1409892	18378	2.00730056	18358	65	3515.0	mappable	0.0714375	9.0	NA	0.01498752442	0.01176470588	0.00029157913	0.09790889	0.1096736	50170093	50170093	51579984	51579984	0.35487313	2	374688.3	19.462555	0.9855185	18.68735	0.5281323	0.05626468	0.9471802178	1.06012034	1	1	1:1	2	mixDH	4148771
11	54793872	89349940	NA	34556072	455661	2.00730056	454126	16425	79965.0	mappable	0.078725	9.0	self	0.00268634375	5.568239e-05	0.00531002201	0.07986444	0.07992012	54793872	54793872	89349940	89349940	0.16376652	1	374688.3	19.462555	0.9855185	NA	NA	0.0	1.0036502813	1.00365028	1	1	1:1	2	neutral	4148771
11	89850037	134939862	NA	45089829	664340	2.00730056	661932	33642	113402.0	mappable	0.078725	9.0	edge	0.00209533815	2.774002e-05	0.00718467242	0.07865872	0.07868646	89850037	89850037	134939862	134939862	0.14925471	1	374688.3	19.462555	0.9855185	NA	NA	0.0	1.0036502813	1.00365028	1	1	1:1	2	neutral	4148771
12	160107	10400004	NA	10239899	136110	2.00730056	135461	5740	24447.0	mappable	0.08215	9.0	edge	0.00223393175	0.00015654352	0.00255796315	0.08588225	0.0860388	160107	160107	10399987	10400021	0.17372772	1	374688.3	19.462555	0.9855185	NA	NA	0.0	1.0036502813	1.00365028	1	1	1:1	2	neutral	4148771
12	10400004	10410019	NA	10016	195	2.35134188	195	0	40.0	mappable	NA	NA	NA	NA	inf	0.11529157913	0.15048888	inf	10399987	10400021	10409975	10410019	NA	missing	448512.9	NA	1.1022	NA	NA	NA	NA	NA	NA	NA	NA	NA	NA	4148771
12	10410020	34819969	NA	24409954	341048	2.00730056	339852	16753	59000.0	mappable	0.078725	9.0	NA	0.00089058536	5.571341e-05	0.00145343083	0.08149638	0.0815521	10410020	10410064	34819969	34819969	0.14043443	1	374688.3	19.462555	0.9855185	NA	NA	0.0	1.0036502813	1.00365028	1	1	1:1	2	neutral	4148771
12	38000003	43049970	NA	5049968	78084	2.00730056	77845	2806	13886.0	mappable	0.078725	9.0	self	0.00346252442	0.00032840722	0.00100842087	0.08981562	0.09014402	38000003	38000003	43049919	43049970	0.15962077	1	374688.3	19.462555	0.9855185	NA	NA	0.0	1.0036502813	1.00365028	1	1	1:1	2	neutral	4148771
12	43049971	43069970	NA	20000	351	2.1795089	351	16	56.0	mappable	0.09955253	2.0	NA	0.01736500083	0.0625	0.07039157913	0.13998042	0.20248042	43049971	43050022	43069929	43070011	NA	missing	349951.6	18.565603	1.0439229	NA	NA	NA	NA	NA	NA	NA	NA	NA	NA	4148771
12	43069970	57062321	NA	13992352	170458	2.01255341	169871	8041	29274.0	mappable	0.702075	NA	NA	0.62331247558	0.00011591515	0.00039157913	0.08425262	0.08436853	43069929	43070011	57059890	57062321	0.74150971	2	362316.5	29.438212	0.9873	18.0377	0.9520228	0.90404562	0.0965566621	1.91599674	2	0	2:0	2	cnLOH	4148771
12	57062322	114629964	CTX	57567649	775948	2.19578372	773492	34553	134025.0	mappable	0.7192	NA	NA	0.63961719229	2.702118e-05	0.06253403945	0.07758327	0.07761029	57062322	57070015	114629916	114629964	0.97176116	2	412914.1	35.248769	1.0494425	19.33942	0.9983814	0.99676282	0.0035540685	2.19222965	2	0	2:0	2	cnLOH	4148771
12	114629965	114639979	NA	10015	170	2.74231971	170	0	19.0	mappable	NA	NA	NA	NA	inf	0.24789157913	0.15049051	inf	114629965	114630013	114639950	114639979	NA	missing	334583.3	NA	1.2348	NA	NA	NA	NA	NA	NA	NA	NA	NA	NA	4148771
12	114639980	133819926	NA	19179947	277963	2.16204493	276605	12621	50420.0	mappable	0.7192	NA	edge	0.63358747558	7.155123e-05	0.05109157913	0.08266821	0.08273977	114639980	114640009	133819926	133819926	0.96241868	2	357359.4	30.480654	1.038	16.92194	0.9996243	0.99924864	0.0008122336	2.16123269	2	0	2:0	2	cnLOH	4148771
13	19450038	75099996	NA	55649969	771346	2.00730056	768961	35272	133327.0	mappable	0.08215	9.0	edge	0.00082662044	2.655619e-05	0.00141046613	0.07773065	0.0777572	19450038	19450038	75099953	75100039	0.15932533	1	374688.3	19.462555	0.9855185	NA	NA	0.0	1.0036502813	1.00365028	1	1	1:1	2	neutral	4148771
13	75099996	75115141	NA	15146	122	1.72683884	122	0	26.0	mappable	NA	NA	NA	NA	inf	0.09650842087	0.14402322	inf	75099953	75100039	75109981	75115141	NA	missing	395018.9	NA	0.8904	NA	NA	NA	NA	NA	NA	NA	NA	NA	NA	4148771
13	75115142	115099984	NA	39984850	596434	2.00730056	594057	29361	103390.0	mappable	0.078725	9.0	edge	0.00342557595	3.150797e-05	0.00187154957	0.07919867	0.07923018	75115142	75120302	115099984	115099984	0.14332025	1	374688.3	19.462555	0.9855185	NA	NA	0.0	1.0036502813	1.00365028	1	1	1:1	2	neutral	4148771
14	20330060	22319996	NA	1989937	28125	2.00730056	27981	1770	4877.0	mappable	0.08215	9.0	edge	0.00185697887	0.00052246604	0.00998118268	0.09558269	0.09610515	20330060	20330060	22319947	22320045	0.18934082	1	374688.3	19.462555	0.9855185	NA	NA	0.0	1.0036502813	1.00365028	1	1	1:1	2	neutral	4148771
14	22319996	22908005	NA	588011	10185	1.83388332	10123	901	1638.0	mappable	0.08175	4.0	NA	0.00097220497	0.0010384216	0.10547696285	0.10435427	0.10539269	22319947	22320045	22907897	22908005	0.17201331	1	373161.3	19.909892	0.9267041	NA	NA	0.0	0.9169416605	0.91694166	1	1	1:1	2	neutral	4148771
14	22908006	22918107	DEL	10102	167	0.79332768	167	16	25.0	mappable	0.88464167	NA	NA	0.80245414224	0.0625	0.41310842087	0.15034934	0.21284934	22908006	22908054	22917942	22918107	NA	missing	210266.9	18.868684	0.5738	NA	NA	NA	NA	NA	NA	NA	NA	NA	NA	4148771
14	22918108	23007157	DEL	89050	1496	1.6752392	1473	83	233.0	mappable	0.07901346	NA	NA	3.752442e-05	0.00943396226	0.11400842087	0.12163728	0.13107124	22918108	22918172	23007137	23007177	0.18530159	1	311084.6	16.130313	0.8729	NA	NA	0.0	0.8376196014	0.8376196	1	1	1:1	2	neutral	4148771
14	23007157	106210952	NA	83203802	1167518	2.00730056	1163370	52872	201568.0	mappable	0.08215	9.0	self	0.00120565369	1.753832e-05	0.00263341072	0.0760163	0.07603384	23007137	23007177	106009942	106210952	0.14795	1	374688.3	19.462555	0.9855185	NA	NA	0.0	1.0036502813	1.00365028	1	1	1:1	2	neutral	4148771
14	106210953	106326506	DEL	115554	1089	0.07181732	1081	71	200.0	mappable	0.202025	NA	NA	0.11983747558	0.01265822785	0.65780842087	0.11891874	0.13157696	106210953	106250082	106326493	106326506	0.20016215	1	100462.0	5.409492	0.3291	NA	NA	0.0	0.0359086594	0.03590866	0	0	0:0	0	LOH	4148771
14	106326507	106329217	DEL	2711	664	0.55567449	661	0	103.0	mappable	NA	NA	NA	0.11753805102	0.33333333333	0.49370842087	0.17536769	0.50870102	106326507	106326507	106329216	106329217	NA	missing	126118.6	NA	0.4932	NA	NA	NA	NA	NA	NA	NA	NA	NA	NA	4148771
14	106329218	106382689	CTX	53472	599	0.21541174	591	24	91.0	mappable	0.126675	NA	NA	0.03763747558	0.03125	0.60910842087	0.12733585	0.15858585	106329218	106329218	106349982	106382689	NA	missing	118085.6	6.560312	0.3778	NA	NA	NA	NA	NA	NA	NA	NA	NA	NA	4148771
14	106382690	106804973	CTX	422284	3046	1.1462692	3015	189	476.0	mappable	0.52173913	NA	NA	0.43623530166	0.00454545455	0.29340842087	0.10702138	0.11156684	106382690	106400108	106779888	106804973	0.98188267	2	245604.2	18.781498	0.6935	17.40731	0.9722066	0.94441317	0.0318587383	1.11441046	1	0	1:0	1	LOH	4148771
14	106804974	107259908	NA	454935	7028	2.00730056	6814	334	1302.0	mappable	0.078725	9.0	edge	3.752442e-05	0.00182481752	0.00969157913	0.10640958	0.10823439	106804974	106830059	107259908	107259908	0.40346144	2	374688.3	19.462555	0.9855185	18.68735	0.5281323	0.05626468	0.9471802178	1.06012034	1	1	1:1	2	mixDH	4148771
15	20850000	20859924	NA	9925	165	2.11840638	139	0	27.0	mappable	NA	NA	edge	0.04091530576	0.03846153846	0.03629157913	0.15063813	0.18909966	20850000	20850000	20859924	20859924	NA	missing	1521332.0	NA	1.0232	NA	NA	NA	NA	NA	NA	NA	NA	NA	NA	4148771
15	22480079	23069956	NA	589878	4054	2.00730056	4019	208	717.0	mappable	0.090525	9.0	self	0.00566247558	0.00411522634	0.00379157913	0.10432937	0.1084446	22480079	22480079	23069956	23069956	0.17820405	1	374688.3	19.462555	0.9855185	NA	NA	0.0	1.0036502813	1.00365028	1	1	1:1	2	neutral	4148771
15	23710146	24329926	NA	619781	10363	2.00730056	10296	757	1789.0	mappable	0.0769	9.0	NA	0.00424823871	0.00121359223	0.00450842087	0.10394255	0.10515614	23710146	23710146	24329926	24329926	0.19075593	1	374688.3	19.462555	0.9855185	NA	NA	0.0	1.0036502813	1.00365028	1	1	1:1	2	neutral	4148771
15	24329927	24830091	NA	500165	0	0.0	0	0	NA	mappable	NA	NA	NA	NA	inf	0.98690842087	0.10564099	inf	24329927	24329927	24830091	24830091	NA	missing	NA	NA	0.0	NA	NA	0.0	0.0	0.0	0	0	NA	0	homozygousDel	4148771
15	24830092	28529988	NA	3699897	57373	2.00730056	57221	2600	10275.0	mappable	0.07937045	9.0	NA	3.752442e-05	0.00036337209	0.00110842087	0.091663	0.09202638	24830092	24830092	28529988	28529988	0.16188549	1	374688.3	19.462555	0.9855185	NA	NA	0.0	1.0036502813	1.00365028	1	1	1:1	2	neutral	4148771
15	29100034	30369914	NA	1269881	18277	2.00730056	18246	781	3128.0	mappable	0.0866	9.0	self	0.00681932364	0.00123152709	8.091545e-05	0.09863751	0.09986904	29100034	29100034	30369914	30369914	0.13536752	1	374688.3	19.462555	0.9855185	NA	NA	0.0	1.0036502813	1.00365028	1	1	1:1	2	neutral	4148771
15	31160110	76309913	NA	45149811	605910	2.00730056	603982	26746	104748.0	mappable	0.08215	9.0	NA	0.00045370876	3.48748e-05	0.00077197057	0.07865278	0.07868766	31160110	31160110	76309777	76310049	0.15685175	1	374688.3	19.462555	0.9855185	NA	NA	0.0	1.0036502813	1.00365028	1	1	1:1	2	neutral	4148771
15	76309913	76320016	NA	10104	142	2.48609065	142	0	19.0	mappable	NA	NA	NA	NA	inf	0.16099157913	0.15034611	inf	76309777	76310049	76319953	76320016	NA	missing	356137.1	NA	1.1479	NA	NA	NA	NA	NA	NA	NA	NA	NA	NA	4148771
15	76320017	82479795	NA	6159779	84174	2.00730056	83884	3018	14919.0	mappable	0.08215	9.0	NA	3.752442e-05	0.00030229746	0.00840842087	0.08867431	0.08897661	76320017	76320080	82479795	82479795	0.174854	1	374688.3	19.462555	0.9855185	NA	NA	0.0	1.0036502813	1.00365028	1	1	1:1	2	neutral	4148771
15	83211507	85310000	NA	2098494	19639	2.00730056	19570	749	3399.0	mappable	0.07665455	9.0	self	0.00346252442	0.00122249389	0.00279157913	0.09523391	0.0964564	83211507	83211507	85309951	85310049	0.13012296	1	374688.3	19.462555	0.9855185	NA	NA	0.0	1.0036502813	1.00365028	1	1	1:1	2	neutral	4148771
15	85310000	85370020	NA	60021	859	1.83388332	853	43	138.0	mappable	0.095575	4.0	NA	0.01121247558	0.02040816327	0.05680842087	0.1259987	0.14640686	85309951	85310049	85369949	85370020	0.22326126	1	373161.3	19.909892	0.9267041	NA	NA	0.0	0.9169416605	0.91694166	1	1	1:1	2	neutral	4148771
15	85370021	85389921	NA	19901	270	2.14766485	270	19	42.0	mappable	0.16175	5.0	NA	0.07956247558	0.05263157895	0.06269157913	0.1400506	0.19268217	85370021	85370092	85389784	85389921	NA	missing	352984.8	19.001894	1.033123	NA	NA	NA	NA	NA	NA	NA	NA	NA	NA	4148771
15	85389922	102399920	NA	17010000	275107	2.00730056	274123	13952	47611.0	mappable	0.08215	9.0	edge	0.00058946432	6.69613e-05	0.00012383094	0.08326436	0.08333132	85389922	85390059	102399920	102399920	0.13927715	1	374688.3	19.462555	0.9855185	NA	NA	0.0	1.0036502813	1.00365028	1	1	1:1	2	neutral	4148771
16	100010	8610032	NA	8510024	173722	2.00730056	173034	8097	30286.0	mappable	0.08215	9.0	edge	0.00097526517	0.00011383039	0.00210984786	0.08687821	0.08699204	100010	100010	8609991	8610032	0.17275393	1	374688.3	19.462555	0.9855185	NA	NA	0.0	1.0036502813	1.00365028	1	1	1:1	2	neutral	4148771
16	8719989	16289940	NA	7569952	123356	2.00730056	122884	5787	22297.0	mappable	0.089	9.0	self	0.00681247558	0.00015976993	0.00690842087	0.08752026	0.08768003	8719989	8720028	16289940	16289940	0.1819112	1	374688.3	19.462555	0.9855185	NA	NA	0.0	1.0036502813	1.00365028	1	1	1:1	2	neutral	4148771
16	16870104	18169896	NA	1299793	20462	2.00730056	20387	937	3685.0	mappable	0.089	9.0	self	0.00681247558	0.00098814229	0.02120842087	0.09847438	0.09946253	16870104	16870104	18169896	18169896	0.16695095	1	374688.3	19.462555	0.9855185	NA	NA	0.0	1.0036502813	1.00365028	1	1	1:1	2	neutral	4148771
16	18800044	29039945	NA	10239903	125184	2.00730056	124662	5864	22151.0	mappable	0.08215	9.0	self	0.00221508676	0.00015659255	0.00661413246	0.08588225	0.08603884	18800044	18800044	29039945	29039945	0.17097131	1	374688.3	19.462555	0.9855185	NA	NA	0.0	1.0036502813	1.00365028	1	1	1:1	2	neutral	4148771
16	29670028	31959970	NA	2289943	17549	2.00730056	17518	277	3235.0	mappable	0.08738676	9.0	self	0.00338747558	0.00324675325	0.00229157913	0.09466613	0.09791288	29670028	29670028	31959970	31959970	0.27871131	2	374688.3	19.462555	0.9855185	18.68735	0.5281323	0.05626468	0.9471802178	1.06012034	1	1	1:1	2	mixDH	4148771
16	32520030	32649899	NA	129870	3041	2.00730056	2891	0	483.0	mappable	NA	9.0	self	0.01447723031	0.00666666667	0.00179157913	0.11773911	0.12440578	32520030	32520030	32649899	32649899	NA	missing	374688.3	NA	0.9855185	NA	NA	NA	NA	NA	NA	NA	NA	NA	NA	4148771
16	34229955	34249994	NA	20040	275	1.79239073	270	0	53.0	mappable	NA	1.0	NA	0.04923805697	0.2	0.07990842087	0.13995219	0.33995219	34229955	34230014	34249971	34249994	NA	missing	346085.8	NA	0.9126319	NA	NA	NA	NA	NA	NA	NA	NA	NA	NA	4148771
16	34249995	35279959	NA	1029965	12650	2.00730056	12642	44	2023.0	mappable	0.09020862	9.0	self	0.0186887643	0.01923076923	0.00467964617	0.10012935	0.11936012	34249995	34250018	35279959	35279959	0.30833428	2	374688.3	19.462555	0.9855185	18.68735	0.5281323	0.05626468	0.9471802178	1.06012034	1	1	1:1	2	mixDH	4148771
16	46450014	48350082	NA	1900069	19550	2.00730056	19473	132	3461.0	mappable	0.08091029	9.0	NA	0.01023747558	0.004784689	0.00120842087	0.09588822	0.1006729	46450014	46450014	48349981	48350183	0.34515889	2	374688.3	19.462555	0.9855185	18.68735	0.5281323	0.05626468	0.9471802178	1.06012034	1	1	1:1	2	mixDH	4148771
16	48350082	48380012	NA	29931	351	1.83858891	351	0	68.0	mappable	NA	NA	NA	NA	inf	0.05860842087	0.13450484	inf	48349981	48350183	48379982	48380012	NA	missing	357090.4	NA	0.9283	NA	NA	NA	NA	NA	NA	NA	NA	NA	NA	4148771
16	48380013	57279957	NA	8899947	131348	2.00730056	130998	6243	22680.0	mappable	0.08215	9.0	NA	0.00164265002	0.00015169903	0.00458027275	0.08663497	0.08678667	48380013	48380043	57279904	57280010	0.13672147	1	374688.3	19.462555	0.9855185	NA	NA	0.0	1.0036502813	1.00365028	1	1	1:1	2	neutral	4148771
16	57279957	57290045	NA	10089	140	1.76959283	140	0	24.0	mappable	NA	NA	NA	NA	inf	0.08200842087	0.15037034	inf	57279904	57280010	57289897	57290045	NA	missing	327558.6	NA	0.9049	NA	NA	NA	NA	NA	NA	NA	NA	NA	NA	4148771
16	57290046	81279981	NA	23989940	368107	2.00730056	366938	16989	63689.0	mappable	0.08215	9.0	NA	0.00200691519	5.507518e-05	0.00539582616	0.08157962	0.0816347	57290046	57290194	81279940	81279981	0.14767786	1	374688.3	19.462555	0.9855185	NA	NA	0.0	1.0036502813	1.00365028	1	1	1:1	2	neutral	4148771
16	81279982	81299988	NA	20007	211	2.1795089	211	25	31.0	mappable	0.104625	2.0	NA	0.02243747558	0.04	0.06789157913	0.13997548	0.17997548	81279982	81280023	81289969	81310007	NA	missing	349951.6	18.565603	1.0439229	NA	NA	NA	NA	NA	NA	NA	NA	NA	NA	4148771
16	81299988	81330052	NA	30065	336	1.82900347	335	1	70.0	mappable	0.40540541	6.0	NA	0.17607073383	0.5	0.06460842087	0.13444657	0.63444657	81289969	81310007	81329977	81330127	NA	missing	322548.6	22.665575	0.9250491	NA	NA	NA	NA	NA	NA	NA	NA	NA	NA	4148771
16	81330052	89960064	NA	8630014	180587	2.00730056	179818	9631	31682.0	mappable	0.08215	9.0	self	0.00179920222	9.615385e-05	0.01030198353	0.08680205	0.0868982	81329977	81330127	89949956	89970172	0.14760221	1	374688.3	19.462555	0.9855185	NA	NA	0.0	1.0036502813	1.00365028	1	1	1:1	2	neutral	4148771
16	89960064	90090287	NA	130224	2000	2.1795089	1968	17	431.0	mappable	0.13965025	2.0	NA	0.03078747558	0.02040816327	0.06069157913	0.1177119	0.13812006	89949956	89970172	90090282	90090287	NA	missing	349951.6	18.565603	1.0439229	NA	NA	NA	NA	NA	NA	NA	NA	NA	NA	4148771
16	90090288	90109969	NA	19682	476	1.97245312	469	4	108.0	mappable	0.23718529	NA	edge	0.17190414224	0.09090909091	0.01320842087	0.14020733	0.23111642	90090288	90090293	90109969	90109969	NA	missing	297179.9	16.286624	0.9737	NA	NA	NA	NA	NA	NA	NA	NA	NA	NA	4148771
17	20080	18239982	NA	18219903	232447	2.00730056	231497	10651	41474.0	mappable	0.08215	9.0	edge	3.752442e-05	8.62069e-05	0.00430842087	0.08292214	0.08300834	20080	20080	18239982	18239982	0.18343198	1	374688.3	19.462555	0.9855185	NA	NA	0.0	1.0036502813	1.00365028	1	1	1:1	2	neutral	4148771
17	18750212	22239986	NA	3489775	25824	2.00730056	25149	845	4561.0	mappable	0.08065	9.0	self	0.00609429376	0.00065789474	0.02989157913	0.09201874	0.09267664	18750212	18750212	22239986	22239986	0.20475967	1	374688.3	19.462555	0.9855185	NA	NA	0.0	1.0036502813	1.00365028	1	1	1:1	2	neutral	4148771
17	25390040	44279982	NA	18889945	211103	2.00730056	210165	12075	36264.0	mappable	0.08575	9.0	self	0.00175263007	7.684623e-05	0.00892821669	0.08274339	0.08282024	25390040	25390040	44279982	44279982	0.1745025	1	374688.3	19.462555	0.9855185	NA	NA	0.0	1.0036502813	1.00365028	1	1	1:1	2	neutral	4148771
17	44790026	46579993	NA	1789968	17613	2.00730056	17535	1016	3121.0	mappable	0.068725	9.0	self	0.01180696887	0.00091407678	0.01029157913	0.09628577	0.09719984	44790026	44790026	46579980	46579993	0.16041235	1	374688.3	19.462555	0.9855185	NA	NA	0.0	1.0036502813	1.00365028	1	1	1:1	2	neutral	4148771
17	46579994	46790007	NA	210014	2763	2.1795089	2743	168	480.0	mappable	0.10919643	2.0	NA	0.02539673483	0.00531914894	0.08459157913	0.11312137	0.11844051	46579994	46580007	46789957	46790007	0.26521258	2	349951.6	18.565603	1.0439229	16.47714	0.5431013	0.08620267	0.9958147012	1.1836942	1	1	1:1	2	mixDH	4148771
17	46790008	46800032	NA	10025	141	1.82900347	135	0	25.0	mappable	NA	6.0	NA	0.19312786019	0.16666666667	0.05530842087	0.1504742	0.31714087	46790008	46790058	46799944	46800120	NA	missing	322548.6	NA	0.9250491	NA	NA	NA	NA	NA	NA	NA	NA	NA	NA	4148771
17	46800032	47480063	NA	680032	6570	2.1795089	6528	369	1146.0	mappable	0.084175	2.0	NA	0.00212460284	0.00243309002	0.06193313164	0.10322451	0.1056576	46799944	46800120	47479997	47480129	0.29630194	2	349951.6	18.565603	1.0439229	16.47714	0.5431013	0.08620267	0.9958147012	1.1836942	1	1	1:1	2	mixDH	4148771
17	47480063	81109940	NA	33629879	448997	2.00730056	447186	19601	79221.0	mappable	0.085575	9.0	edge	0.00276286349	4.670278e-05	0.02307687413	0.07998963	0.08003634	47479997	47480129	81109940	81109940	0.2048827	1	374688.3	19.462555	0.9855185	NA	NA	0.0	1.0036502813	1.00365028	1	1	1:1	2	neutral	4148771
18	130031	14119956	NA	13989926	212660	2.00730056	211989	11313	37456.0	mappable	0.08215	9.0	edge	3.752442e-05	8.344459e-05	0.00149157913	0.0842535	0.08433695	130031	130031	14119956	14119956	0.1626124	1	374688.3	19.462555	0.9855185	NA	NA	0.0	1.0036502813	1.00365028	1	1	1:1	2	neutral	4148771
18	14119957	14910026	NA	790070	0	0.0	0	0	NA	mappable	NA	NA	NA	NA	inf	0.98690842087	0.10208446	inf	14119957	14119957	14910026	14910026	NA	missing	NA	NA	0.0	NA	NA	0.0	0.0	0.0	0	0	NA	0	homozygousDel	4148771
18	14910027	14929888	NA	19862	364	1.90198275	364	3	67.0	mappable	0.03608175	NA	NA	0.0461057702	0.33333333333	0.03710842087	0.14007836	0.47341169	14910027	14910027	14929888	14929888	NA	missing	359779.1	18.845572	0.9498	NA	NA	NA	NA	NA	NA	NA	NA	NA	NA	4148771
18	18540053	60763904	NA	42223855	598680	2.00730056	596781	25656	104191.0	mappable	0.078725	9.0	NA	0.00360135262	3.629369e-05	0.00812596931	0.07895291	0.0789892	18540053	18540053	60763675	60763904	0.14737215	1	374688.3	19.462555	0.9855185	NA	NA	0.0	1.0036502813	1.00365028	1	1	1:1	2	neutral	4148771
18	60763905	60763917	CTX	13	0	0.0	0	0	NA	mappable	NA	NA	NA	NA	inf	0.98690842087	0.54047631	inf	60763905	60763905	60763917	60763917	NA	missing	NA	NA	0.0	NA	NA	0.0	0.0	0.0	0	0	NA	0	homozygousDel	4148771
18	60763918	78009968	CTX	17246051	280397	2.00730056	279229	13870	49670.0	mappable	0.08215	9.0	edge	3.752442e-05	6.64982e-05	0.00029157913	0.0831955	0.08326199	60763918	60764019	78009968	78009968	0.16476496	1	374688.3	19.462555	0.9855185	NA	NA	0.0	1.0036502813	1.00365028	1	1	1:1	2	neutral	4148771
19	260137	24569972	NA	24309836	256799	2.00730056	255110	11168	46854.0	mappable	0.085575	9.0	edge	0.00618091371	7.777864e-05	0.00528874946	0.08151608	0.08159386	260137	260137	24569972	24569972	0.20879761	1	374688.3	19.462555	0.9855185	NA	NA	0.0	1.0036502813	1.00365028	1	1	1:1	2	neutral	4148771
19	27750002	43209995	NA	15459994	197765	2.00730056	196862	8259	34793.0	mappable	0.08215	9.0	NA	3.752442e-05	0.00010914647	0.01000842087	0.08374495	0.0838541	27750002	27750002	43209995	43209995	0.15988998	1	374688.3	19.462555	0.9855185	NA	NA	0.0	1.0036502813	1.00365028	1	1	1:1	2	neutral	4148771
19	43209996	43800005	NA	590010	0	0.0	0	0	NA	mappable	NA	NA	NA	NA	inf	0.98690842087	0.10432761	inf	43209996	43209996	43800005	43800005	NA	missing	NA	NA	0.0	NA	NA	0.0	0.0	0.0	0	0	NA	0	homozygousDel	4148771
19	43800006	59089999	NA	15289994	162715	2.00730056	161865	7458	28985.0	mappable	0.08215	9.0	edge	3.752442e-05	0.0001203804	0.00650842087	0.08380093	0.08392131	43800006	43800006	59089999	59089999	0.1704314	1	374688.3	19.462555	0.9855185	NA	NA	0.0	1.0036502813	1.00365028	1	1	1:1	2	neutral	4148771
20	60479	7479999	NA	7419523	115867	2.00730056	115399	5417	20459.0	mappable	0.08215	9.0	edge	0.00122511187	0.00016992353	0.00432054771	0.0876313	0.08780123	60479	60479	7479975	7480023	0.18192704	1	374688.3	19.462555	0.9855185	NA	NA	0.0	1.0036502813	1.00365028	1	1	1:1	2	neutral	4148771
20	7479999	7499996	NA	19998	303	2.20361949	303	0	49.0	mappable	NA	NA	NA	NA	inf	0.06519157913	0.13998183	inf	7479975	7480023	7499957	7499996	NA	missing	412310.2	NA	1.0521	NA	NA	NA	NA	NA	NA	NA	NA	NA	NA	4148771
20	7499997	25729738	NA	18229743	284222	2.00730056	283368	14065	48225.0	mappable	0.078725	9.0	NA	0.00190857949	6.702862e-05	0.00554033325	0.08291946	0.08298649	7499997	7500036	25729738	25729738	0.13642442	1	374688.3	19.462555	0.9855185	NA	NA	0.0	1.0036502813	1.00365028	1	1	1:1	2	neutral	4148771
20	29810057	30275028	NA	464972	6764	2.1795089	6670	399	1135.0	mappable	0.09729167	2.0	NA	0.0095559386	0.00202839757	0.03905272638	0.10623163	0.10826003	29810057	29810057	30269995	30280061	0.16358844	1	349951.6	18.565603	1.0439229	NA	NA	0.0	1.0897544493	1.08975445	1	1	1:1	2	neutral	4148771
20	30275028	62909989	NA	32634964	490813	2.00730056	489223	17959	86696.0	mappable	0.08215	9.0	edge	0.00121942739	5.115613e-05	0.01190735061	0.08012848	0.08017963	30269995	30280061	62909989	62909989	0.15984438	1	374688.3	19.462555	0.9855185	NA	NA	0.0	1.0036502813	1.00365028	1	1	1:1	2	neutral	4148771
21	10720001	11179964	NA	459966	5113	2.00730056	4810	0	969.0	mappable	NA	9.0	edge	0.00546072828	0.00330033003	0.00775260006	0.10631982	0.10962015	10720001	10720001	11179964	11179964	NA	missing	374688.3	NA	0.9855185	NA	NA	NA	NA	NA	NA	NA	NA	NA	NA	4148771
21	15410077	42929896	NA	27519820	430482	2.00730056	428441	22381	74044.0	mappable	0.078725	9.0	self	0.0032911523	4.094669e-05	0.001426292	0.0809259	0.08096684	15410077	15410077	42929784	42929896	0.15142218	1	374688.3	19.462555	0.9855185	NA	NA	0.0	1.0036502813	1.00365028	1	1	1:1	2	neutral	4148771
21	43020029	48099931	NA	5079903	85323	2.00730056	84739	3756	15621.0	mappable	0.085575	9.0	edge	0.00338747558	0.00023052098	0.00320842087	0.08978124	0.09001176	43020029	43020059	48099931	48099931	0.18240176	1	374688.3	19.462555	0.9855185	NA	NA	0.0	1.0036502813	1.00365028	1	1	1:1	2	neutral	4148771
22	16850007	23105000	NA	6254994	60656	2.00730056	60256	2608	10854.0	mappable	0.08088333	9.0	edge	0.00346252442	0.00033244681	0.01150842087	0.08858739	0.08891984	16850007	16850007	23099992	23105000	0.1974255	1	374688.3	19.462555	0.9855185	NA	NA	0.0	1.0036502813	1.00365028	1	1	1:1	2	neutral	4148771
22	23105001	23245009	NA	140009	2621	0.92571761	2611	72	464.0	mappable	0.537675	NA	identical	0.45891247558	0.01219512195	0.36820842087	0.11699218	0.1291873	23105001	23110009	23239965	23250053	0.9057137	2	211408.6	16.166538	0.6187	16.79518	1.0216435	1.0	0.0	0.92571761	1	0	1:0	1	LOH	4148771
22	23245009	51179984	NA	27934979	392715	2.00730056	391031	18441	69806.0	mappable	0.085575	9.0	edge	0.00272461429	4.969438e-05	0.0120733122	0.08085522	0.08090492	23239965	23250053	51179984	51179984	0.15876978	1	374688.3	19.462555	0.9855185	NA	NA	0.0	1.0036502813	1.00365028	1	1	1:1	2	neutral	4148771
23	2700027	58499983	NA	55799957	490762	2.76384413	489462	17507	82232.0	mappable	0.3219	NA	edge	0.23628747558	5.317735e-05	0.25519157913	0.07771892	0.07777209	2700027	2700027	58499983	58499983	0.8778836	2	478151.9	31.327191	1.2421	18.92133	0.7056204	0.41124074	0.8136194153	1.95022472	2	1	2:1	3	gain	4148771
23	61750000	88459980	NA	26709981	245815	2.78418913	245113	10168	39398.0	mappable	0.318475	NA	NA	0.23628747558	9.199632e-05	0.26209157913	0.08106725	0.08115924	61750000	61750000	88459980	88459980	0.89368736	2	491732.9	32.21698	1.249	19.35125	0.7052517	0.41050346	0.8206349325	1.9635542	2	1	2:1	3	gain	4148771
23	88990017	89349936	NA	359920	1089	2.68364355	1089	78	177.0	mappable	0.25435	NA	NA	0.17216247558	0.01282051282	0.22799157913	0.10835811	0.12117863	88990017	88990017	89349936	89349936	0.93546259	2	509340.0	33.551009	1.2149	20.60675	0.7118572	0.42371441	0.7732725507	1.910371	2	1	2:1	3	gain	4148771
23	89349937	90140198	NA	790262	0	0.0	0	0	NA	mappable	NA	NA	NA	NA	inf	0.98690842087	0.10208263	inf	89349937	89349937	90140198	90140198	NA	missing	NA	NA	0.0	NA	NA	0.0	0.0	0.0	0	0	NA	0	homozygousDel	4148771
23	90140199	91529952	NA	1389754	5103	2.79332964	5099	24	927.0	mappable	0.25250304	NA	NA	0.1894842884	0.03571428571	0.26519157913	0.09800848	0.13372276	90140199	90140199	91529952	91529952	NA	missing	514309.4	32.498389	1.2521	NA	NA	NA	NA	NA	NA	NA	NA	NA	NA	4148771
23	91529953	92379999	NA	850047	0	0.0	0	0	NA	mappable	NA	NA	NA	NA	inf	0.98690842087	0.10153736	inf	91529953	91529953	92379999	92379999	NA	missing	NA	NA	0.0	NA	NA	0.0	0.0	0.0	0	0	NA	0	homozygousDel	4148771
23	92380000	154929639	NA	62549641	567105	2.78163392	565545	21034	93491.0	mappable	0.325325	NA	edge	0.24412178025	4.42615e-05	0.26122492957	0.07722455	0.07726882	92380000	92380000	154929639	154929639	0.87957328	2	485748.8	31.877265	1.2481334	19.12903	0.7067234	0.41344682	0.815788108	1.96584581	2	1	2:1	3	gain	4148771
