#chromosome	start	end	crest	length	tcnNbrOfLoci	tcnMean	tcnNbrOfSNPs	tcnNbrOfHets	dhNbrOfLoci	map	dhMax	cluster	neighbour	distDH	errorSNP	distTcn	errorLength	totalError	minStart	maxStart	minStop	maxStop	area	peaks	meanCovT	meanCovB	tcnMeanRaw	AF	BAF	dhMean	c1Mean	c2Mean	A	B	genotype	TCN	GNL	PID
1	840009	9939985	NA	9099978	134249	2.0029014	133491	5560	22114.0	mappable	0.08215	3.0	edge	0.00342096198	0.00015827794	0.01033117001	0.0865148	0.08667308	840009	840009	9939922	9940048	0.14234618	1	438892.3	22.761859	0.9946126	NA	NA	0.0	1.00145069	1.0014507	1	1	1:1	2	neutral	4146289
1	9939985	10080191	NA	140207	526	2.758847	525	0	95.0	mappable	NA	NA	identical	0.61364228993	1.0	0.15054285576	0.11697823	1.11697823	9939922	9940048	10059936	10080191	NA	missing	423049.0	NA	1.1449	NA	NA	NA	NA	NA	NA	NA	NA	NA	NA	4146289
1	10080192	12839977	NA	2759786	36349	2.0029014	36236	891	6204.0	mappable	0.08841667	3.0	self	0.00975126429	0.00099601594	0.00535714424	0.09347487	0.09447089	10080192	10100447	12839977	12839977	0.18269238	1	438892.3	22.761859	0.9946126	NA	NA	0.0	1.00145069	1.0014507	1	1	1:1	2	neutral	4146289
1	13780016	22542930	NA	8762915	120004	2.0029014	119621	5158	19934.0	mappable	0.078725	3.0	NA	5.959762e-05	0.00018050542	0.00184285576	0.08671906	0.08689957	13780016	13780016	22542871	22542930	0.16650513	1	438892.3	22.761859	0.9946126	NA	NA	0.0	1.00145069	1.0014507	1	1	1:1	2	neutral	4146289
1	22542931	22542934	DEL	4	0	0.0	0	0	NA	mappable	NA	NA	NA	NA	inf	0.99435714424	1.0	inf	22542931	22542931	22542934	22542934	NA	missing	NA	NA	0.0	NA	NA	0.0	0.0	0.0	0	0	NA	0	homozygousDel	4146289
1	22542935	23915281	NA	1372348	19044	1.00388	18968	525	3191.0	mappable	0.263675	NA	NA	0.17473459762	0.00166389351	0.19835714424	0.09809589	0.09975978	22542935	22542941	23915158	23915281	0.79081758	2	335620.1	20.976256	0.796	20.95593	0.9985506	0.99710125	0.001455	1.002425	1	0	1:0	1	LOH	4146289
1	23915282	56479962	DEL	32564681	391412	2.0029014	390079	14151	65663.0	mappable	0.0753	3.0	NA	3.225505e-05	6.45828e-05	0.00222287703	0.08013846	0.08020305	23915282	23915322	56479846	56480078	0.15638161	1	438892.3	22.761859	0.9946126	NA	NA	0.0	1.00145069	1.0014507	1	1	1:1	2	neutral	4146289
1	56479962	56490012	NA	10051	160	1.291596	160	0	25.0	mappable	NA	NA	NA	NA	inf	0.14115714424	0.15043191	inf	56479846	56480078	56489949	56490075	NA	missing	436664.3	NA	0.8532	NA	NA	NA	NA	NA	NA	NA	NA	NA	NA	4146289
1	56490012	77110090	NA	20620082	283075	2.0029014	282148	12470	45574.0	mappable	0.07486324	3.0	NA	0.00336035772	7.464358e-05	0.01060183346	0.08231284	0.08238748	56489949	56490075	77109991	77110189	0.15675742	1	438892.3	22.761859	0.9946126	NA	NA	0.0	1.00145069	1.0014507	1	1	1:1	2	neutral	4146289
1	77110090	77119999	NA	9910	218	1.418855	218	0	48.0	mappable	NA	NA	NA	NA	inf	0.11585714424	0.15066289	inf	77109991	77110189	77119938	77120060	NA	missing	420100.0	NA	0.8785	NA	NA	NA	NA	NA	NA	NA	NA	NA	NA	4146289
1	77119999	114739986	NA	37619989	501850	2.0029014	499969	23019	80441.0	mappable	0.0753	3.0	NA	0.00048444364	4.016064e-05	3.804157e-05	0.07947547	0.07951563	77119938	77120060	114739963	114739986	0.13200736	1	438892.3	22.761859	0.9946126	NA	NA	0.0	1.00145069	1.0014507	1	1	1:1	2	neutral	4146289
1	114739987	114750058	NA	10072	207	2.481191	207	0	36.0	mappable	NA	NA	NA	NA	inf	0.09534285576	0.15039785	inf	114739987	114740010	114749996	114750120	NA	missing	460900.0	NA	1.0897	NA	NA	NA	NA	NA	NA	NA	NA	NA	NA	4146289
1	114750058	120529963	NA	5779906	76015	2.0029014	75835	3281	12538.0	mappable	0.07684808	3.0	NA	0.00336540238	0.00028893383	0.01165714424	0.08903683	0.08932576	114749996	114750120	120529963	120529963	0.11739537	1	438892.3	22.761859	0.9946126	NA	NA	0.0	1.00145069	1.0014507	1	1	1:1	2	neutral	4146289
1	121220004	121229986	NA	9983	177	1.6562418	175	0	24.0	mappable	NA	4.0	NA	0.00740936373	0.5	0.08355714424	0.15054281	0.65054281	121220004	121220004	121229986	121229986	NA	missing	464548.6	NA	0.9256942	NA	NA	NA	NA	NA	NA	NA	NA	NA	NA	4146289
1	144010127	144019970	NA	9844	155	2.757338	93	0	20.0	mappable	NA	NA	NA	0.25670028617	0.01612903226	0.15024285576	0.15077238	0.16690141	144010127	144010127	144019970	144019970	NA	missing	1544192.0	NA	1.1446	NA	NA	NA	NA	NA	NA	NA	NA	NA	NA	4146289
1	144920087	145739956	NA	819870	6359	2.886609	5787	145	960.0	mappable	0.11481136	NA	NA	0.11650959762	0.00139470014	0.17594285576	0.10180689	0.10320159	144920087	144920087	145739956	145739956	0.68138729	2	849528.0	49.427085	1.1703	36.07884	0.6668503	0.33370065	0.96167285	1.9249361	2	1	2:1	3	gain	4146289
1	146540101	147550406	NA	1010306	11195	2.924837	11163	551	1771.0	mappable	0.09420357	NA	NA	0.01553816905	0.00171526587	0.18354285576	0.10026892	0.10198418	146540101	146540101	147389996	147550406	0.62169159	2	528874.2	30.221381	1.1779	22.31598	0.6446927	0.28938545	1.03921586	1.8856211	2	1	2:1	3	gain	4146289
1	149815060	156549957	NA	6734898	70582	2.9258878	70309	2419	11880.0	mappable	0.12932849	NA	NA	0.05091767362	0.00037147103	0.18375178296	0.08817089	0.08854236	149815060	149815060	156549872	156550042	0.6327673	2	511472.1	29.698378	1.1781089	21.57787	0.6633331	0.3266661	0.98504971	1.9408381	2	1	2:1	3	gain	4146289
1	156549957	156559974	NA	10018	154	2.3515277	152	1	31.0	mappable	0.22727273	1.0	NA	0.23194596126	0.33333333333	0.06384285576	0.15048561	0.48381895	156549872	156550042	156559814	156559974	NA	missing	459475.9	27.357979	1.063922	NA	NA	NA	NA	NA	NA	NA	NA	NA	NA	4146289
1	156559975	165889931	NA	9329958	129519	2.9062406	129151	4523	21550.0	mappable	0.12533846	NA	NA	0.04518217705	0.00020454081	0.17984573719	0.08638026	0.0865848	156559975	156560135	165889862	165890000	0.60048861	2	529666.7	30.523168	1.1742029	22.41979	0.655003	0.31000598	1.00264432	1.9035963	2	1	2:1	3	gain	4146289
1	165889931	165900013	NA	10083	171	2.3515277	167	6	35.0	mappable	0.22943545	1.0	NA	0.14210276001	0.1	0.05094285576	0.15038004	0.25038004	165889862	165890000	165899991	165900035	NA	missing	459475.9	27.357979	1.063922	NA	NA	NA	NA	NA	NA	NA	NA	NA	NA	4146289
1	165900013	195207062	NA	29307052	406111	2.8829753	404718	19447	65430.0	mappable	0.10955	NA	NA	0.03077119197	4.798464e-05	0.1752204934	0.08062974	0.08067772	165899991	165900035	195207029	195207062	0.57649988	2	532408.3	30.423333	1.1695776	22.62496	0.6457565	0.29151309	1.02127514	1.8617002	2	1	2:1	3	gain	4146289
1	195207063	195215477	DEL	8415	116	2.319225	116	0	17.0	mappable	NA	NA	NA	NA	inf	0.06314285576	0.15338897	inf	195207063	195207100	195215466	195215477	NA	missing	476840.6	NA	1.0575	NA	NA	NA	NA	NA	NA	NA	NA	NA	NA	4146289
1	195215478	224704754	DEL	29489277	391746	2.870515	390277	19298	63433.0	mappable	0.1164	NA	NA	0.04175349791	4.815332e-05	0.17274323789	0.08060068	0.08064883	195215478	195215496	224704582	224704754	0.59533152	2	519238.2	29.808118	1.1671004	22.11212	0.6514895	0.30297906	1.00040454	1.8701105	2	1	2:1	3	gain	4146289
1	224704755	224704952	ITX	198	4	1.982718	4	0	0.0	mappable	NA	NA	NA	NA	inf	0.00375714424	0.2621453	inf	224704755	224704810	224704913	224704952	NA	missing	438806.7	NA	0.9906	NA	NA	NA	NA	NA	NA	NA	NA	NA	NA	4146289
1	224704953	245483518	DEL	20778568	292359	1.966707	291290	13567	47708.0	mappable	0.352725	NA	NA	0.27561749447	6.832468e-05	0.00694029065	0.08227543	0.08234376	224704953	224704960	245483381	245483518	0.90349918	2	434103.8	29.276765	0.9874169	21.85068	0.9404754	0.88095085	0.1170674	1.8496396	2	0	2:0	2	cnLOH	4146289
1	245483519	245622796	DEL	139278	2676	2.913268	2668	86	491.0	mappable	0.0875622	NA	NA	0.00632545128	0.01063829787	0.18124285576	0.11704388	0.12768218	245483519	245483667	245622743	245622796	0.32415929	1	492120.5	26.927351	1.1756	NA	NA	0.0	1.456634	1.456634	sub	sub	sub:sub	sub	sub	4146289
1	245622797	245623021	CTX	225	0	0.0	0	0	NA	mappable	NA	NA	NA	NA	inf	0.99435714424	0.25595802	inf	245622797	245622797	245623021	245623021	NA	missing	NA	NA	0.0	NA	NA	0.0	0.0	0.0	0	0	NA	0	homozygousDel	4146289
1	245623022	249209945	CTX	3586925	49374	2.8616285	49109	1982	8182.0	mappable	0.106125	NA	edge	0.02694533174	0.00044503783	0.17097657796	0.09185133	0.09229637	245623022	245623028	249209945	249209945	0.55440009	2	517368.0	29.563888	1.1653337	22.06588	0.646311	0.29262202	1.0121265	1.849502	2	1	2:1	3	gain	4146289
2	20016	38449994	NA	38429983	585023	2.0029014	582867	27434	94722.0	mappable	0.078725	3.0	edge	0.0001988251	3.37952e-05	0.00111099222	0.07937853	0.07941233	20016	20016	38449979	38450009	0.15988732	1	438892.3	22.761859	0.9946126	NA	NA	0.0	1.00145069	1.0014507	1	1	1:1	2	neutral	4146289
2	38449994	38460011	NA	10018	196	2.741242	196	0	30.0	mappable	NA	NA	NA	NA	inf	0.14704285576	0.15048561	inf	38449979	38450009	38459983	38460011	NA	missing	489088.8	NA	1.1414	NA	NA	NA	NA	NA	NA	NA	NA	NA	NA	4146289
2	38460012	72392473	NA	33932465	518421	2.0029014	516826	24585	83395.0	mappable	0.0753	3.0	NA	0.00247501967	3.81971e-05	0.00504179716	0.07994831	0.07998651	38460012	38460040	72392468	72392473	0.13081442	1	438892.3	22.761859	0.9946126	NA	NA	0.0	1.00145069	1.0014507	1	1	1:1	2	neutral	4146289
2	72392474	72393067	INV	594	7	1.6562418	6	0	2.0	mappable	NA	4.0	NA	0.00608036033	1.0	0.09875714424	0.21705348	1.21705348	72392474	72392588	72392980	72393067	NA	missing	464548.6	NA	0.9256942	NA	NA	NA	NA	NA	NA	NA	NA	NA	NA	4146289
2	72393068	72393619	DEL	552	8	1.504868	5	0	1.0	mappable	NA	NA	NA	0.11178731255	0.33333333333	0.09875714424	0.21957453	0.55290787	72393068	72393138	72393484	72393619	NA	missing	416020.0	NA	0.8956	NA	NA	NA	NA	NA	NA	NA	NA	NA	NA	4146289
2	72393620	72393829	INV	210	4	1.504868	4	0	0.0	mappable	NA	NA	NA	NA	inf	0.09875714424	0.25926061	inf	72393620	72393660	72393799	72393829	NA	missing	416020.0	NA	0.8956	NA	NA	NA	NA	NA	NA	NA	NA	NA	NA	4146289
2	72393830	72397498	INV	3669	43	1.504868	35	0	4.0	mappable	NA	NA	NA	0.1009176039	0.125	0.09875714424	0.16890221	0.29390221	72393830	72394028	72397461	72397498	NA	missing	416020.0	NA	0.8956	NA	NA	NA	NA	NA	NA	NA	NA	NA	NA	4146289
2	72397499	87059860	DEL	14662362	207021	2.0029014	206504	8023	33142.0	mappable	0.078725	3.0	self	5.959762e-05	0.00011709602	0.00545714424	0.0840138	0.08413089	72397499	72397537	87059860	87059860	0.13518771	1	438892.3	22.761859	0.9946126	NA	NA	0.0	1.00145069	1.0014507	1	1	1:1	2	neutral	4146289
2	88330099	89050017	NA	719919	9346	2.0029014	9317	229	1617.0	mappable	0.065125	3.0	self	0.01146540238	0.00387596899	0.00304285576	0.10278826	0.10666423	88330099	88330099	89049908	89050126	0.11820904	1	438892.3	22.761859	0.9946126	NA	NA	0.0	1.00145069	1.0014507	1	1	1:1	2	neutral	4146289
2	89050017	89229990	NA	179975	2531	0.5975953	2524	98	454.0	mappable	0.08739907	NA	NA	0.01224868853	0.00952380952	0.27912948719	0.11456435	0.12408816	89049908	89050126	89229990	89229990	0.37426501	2	327101.2	17.964188	0.7152277	22.73055	0.796151	0.59230208	0.12181919	0.4757761	sub	0	sub:0	sub	sub	4146289
2	89840102	90239998	NA	399897	914	2.0029014	904	9	133.0	mappable	0.1406	3.0	self	0.05606111277	0.05263157895	0.01104285576	0.10747332	0.1601049	89840102	89840102	90239998	90239998	NA	missing	438892.3	22.761859	0.9946126	NA	NA	NA	NA	NA	NA	NA	NA	NA	NA	4146289
2	95580145	96239991	NA	659847	4444	2.0029014	4437	37	768.0	mappable	0.06473452	3.0	NA	0.00898564048	0.02272727273	0.00695714424	0.10345663	0.1261839	95580145	95580145	96239991	96239991	0.36989197	2	438892.3	22.761859	0.9946126	21.93189	0.546511	0.09302192	0.90829382	1.0946076	1	1	1:1	2	mixDH	4146289
2	96239992	96740020	NA	500029	0	0.0	0	0	NA	mappable	NA	NA	NA	NA	inf	0.99435714424	0.10564318	inf	96239992	96239992	96740020	96740020	NA	missing	NA	NA	0.0	NA	NA	0.0	0.0	0.0	0	0	NA	0	homozygousDel	4146289
2	96740021	117620003	NA	20879985	247375	2.0029014	246615	11375	40537.0	mappable	0.0753	3.0	NA	0.00445261421	8.240626e-05	0.00099955314	0.08225166	0.08233407	96740021	96740021	117619966	117620003	0.13513372	1	438892.3	22.761859	0.9946126	NA	NA	0.0	1.00145069	1.0014507	1	1	1:1	2	neutral	4146289
2	117620004	117640027	NA	20024	309	2.335824	309	0	55.0	mappable	NA	NA	NA	NA	inf	0.06644285576	0.13996347	inf	117620004	117620041	117639974	117640080	NA	missing	447909.1	NA	1.0608	NA	NA	NA	NA	NA	NA	NA	NA	NA	NA	4146289
2	117640027	132189994	NA	14549968	200655	2.0029014	199992	10773	32158.0	mappable	0.0753	3.0	NA	0.00336540238	8.744316e-05	0.00405714424	0.08405299	0.08414044	117639974	117640080	132189994	132189994	0.14221904	1	438892.3	22.761859	0.9946126	NA	NA	0.0	1.00145069	1.0014507	1	1	1:1	2	neutral	4146289
2	132189995	133009999	NA	820005	0	0.0	0	0	NA	mappable	NA	NA	NA	NA	inf	0.99435714424	0.10180566	inf	132189995	132189995	133009999	133009999	NA	missing	NA	NA	0.0	NA	NA	0.0	0.0	0.0	0	0	NA	0	homozygousDel	4146289
2	133010000	181410034	NA	48400037	655149	2.0029014	653077	26635	105178.0	mappable	0.078725	3.0	NA	1.324234e-05	3.483471e-05	0.00087745092	0.0783438	0.07837863	133010000	133010000	181409993	181410075	0.16110395	1	438892.3	22.761859	0.9946126	NA	NA	0.0	1.00145069	1.0014507	1	1	1:1	2	neutral	4146289
2	181410034	181419992	NA	9959	152	3.002299	152	0	26.0	mappable	NA	NA	NA	NA	inf	0.19894285576	0.15058217	inf	181409993	181410075	181419970	181420014	NA	missing	500494.0	NA	1.1933	NA	NA	NA	NA	NA	NA	NA	NA	NA	NA	4146289
2	181419992	242999969	NA	61579990	848148	2.0029014	845266	34209	138490.0	mappable	0.0753	3.0	edge	0.00286599247	2.696217e-05	0.00155938943	0.07729182	0.07731879	181419970	181420014	242999969	242999969	0.14590534	1	438892.3	22.761859	0.9946126	NA	NA	0.0	1.00145069	1.0014507	1	1	1:1	2	neutral	4146289
3	100074	61016814	NA	60916748	875668	2.0029014	873039	37300	141840.0	mappable	0.0753	3.0	edge	0.00106762688	2.504571e-05	0.0066666899	0.07733852	0.07736356	100074	100074	61016805	61016814	0.13813008	1	438892.3	22.761859	0.9946126	NA	NA	0.0	1.00145069	1.0014507	1	1	1:1	2	neutral	4146289
3	61016815	61025729	DEL	8915	167	1.6562418	165	0	17.0	mappable	NA	4.0	identical	0.03566632065	0.5	0.10355714424	0.15241557	0.65241557	61016815	61016866	61025672	61025729	NA	missing	464548.6	NA	0.9256942	NA	NA	NA	NA	NA	NA	NA	NA	NA	NA	4146289
3	61025730	90469996	DEL	29444268	425187	2.0029014	423938	19450	66826.0	mappable	0.078725	3.0	NA	0.00021227795	4.831151e-05	0.0024660472	0.08060784	0.08065615	61025730	61025740	90469978	90469996	0.14915071	1	438892.3	22.761859	0.9946126	NA	NA	0.0	1.00145069	1.0014507	1	1	1:1	2	neutral	4146289
3	90469997	90499969	NA	29973	964	2.566198	964	0	137.0	mappable	NA	NA	NA	NA	inf	0.11224285576	0.13448655	inf	90469997	90470015	90499969	90499969	NA	missing	444077.1	NA	1.1066	NA	NA	NA	NA	NA	NA	NA	NA	NA	NA	4146289
3	93570175	116348374	NA	22778202	316005	2.0029014	315012	14329	50259.0	mappable	0.078725	3.0	NA	0.00060093374	6.526563e-05	0.00195062051	0.08182921	0.08189447	93570175	93570175	116348248	116348374	0.1441951	1	438892.3	22.761859	0.9946126	NA	NA	0.0	1.00145069	1.0014507	1	1	1:1	2	neutral	4146289
3	116348375	116844693	DEL	496319	7740	1.1749	7699	437	1187.0	mappable	0.13895833	NA	NA	0.06975245476	0.00209205021	0.16435714424	0.10570317	0.10779522	116348375	116348422	116844672	116844693	0.69063897	2	371177.9	22.09392	0.83	22.22675	0.8384199	0.67683977	0.18984048	0.9850595	1	0	1:0	1	LOH	4146289
3	116844694	116850030	DEL	5337	68	1.513419	68	0	7.0	mappable	NA	NA	NA	NA	inf	0.09705714424	0.16152723	inf	116844694	116844741	116849987	116850030	NA	missing	401857.0	NA	0.8973	NA	NA	NA	NA	NA	NA	NA	NA	NA	NA	4146289
3	116850031	175489974	NA	58639953	787006	2.0029014	784392	37954	126533.0	mappable	0.0753	3.0	NA	0.00177498516	2.464997e-05	0.00887185201	0.07750322	0.07752787	116850031	116850074	175489889	175490059	0.13198008	1	438892.3	22.761859	0.9946126	NA	NA	0.0	1.00145069	1.0014507	1	1	1:1	2	neutral	4146289
3	175489974	175504873	NA	14900	131	2.544569	131	0	20.0	mappable	NA	NA	NA	NA	inf	0.10794285576	0.14426866	inf	175489889	175490059	175499652	175510094	NA	missing	467861.2	NA	1.1023	NA	NA	NA	NA	NA	NA	NA	NA	NA	NA	4146289
3	175504873	176260024	NA	755152	10319	2.0029014	10295	602	1613.0	mappable	0.0753	3.0	NA	0.00336540238	0.00159744409	0.01834285576	0.10242539	0.10402284	175499652	175510094	176259985	176260063	0.12949373	1	438892.3	22.761859	0.9946126	NA	NA	0.0	1.00145069	1.0014507	1	1	1:1	2	neutral	4146289
3	176260024	176269914	NA	9891	176	1.650235	176	0	28.0	mappable	NA	NA	NA	NA	inf	0.06985714424	0.15069432	inf	176259985	176260063	176269751	176269914	NA	missing	434062.5	NA	0.9245	NA	NA	NA	NA	NA	NA	NA	NA	NA	NA	4146289
3	176269915	176309916	NA	40002	693	2.4069945	692	26	118.0	mappable	0.07139583	2.0	NA	0.00706408659	0.03703703704	0.07744285576	0.1308234	0.16786044	176269915	176270078	176309798	176310034	NA	missing	486431.5	25.226412	1.0749492	NA	NA	NA	NA	NA	NA	NA	NA	NA	NA	4146289
3	176309916	194080004	NA	17770091	250164	2.0029014	249382	11585	40631.0	mappable	0.0753	3.0	NA	0.00344621673	8.086035e-05	0.01070150208	0.08304631	0.08312717	176309798	176310034	194079991	194080017	0.1350984	1	438892.3	22.761859	0.9946126	NA	NA	0.0	1.00145069	1.0014507	1	1	1:1	2	neutral	4146289
3	194080004	194089988	NA	9985	301	2.567707	301	0	50.0	mappable	NA	NA	NA	NA	inf	0.11254285576	0.15053953	inf	194079991	194080017	194089976	194089988	NA	missing	416085.6	NA	1.1069	NA	NA	NA	NA	NA	NA	NA	NA	NA	NA	4146289
3	194089989	197779892	NA	3689904	46836	2.0029014	46520	2370	8068.0	mappable	0.0753	3.0	edge	5.959762e-05	0.00037230082	0.00624285576	0.0916794	0.0920517	194089989	194090001	197779892	197779892	0.16172639	1	438892.3	22.761859	0.9946126	NA	NA	0.0	1.00145069	1.0014507	1	1	1:1	2	neutral	4146289
4	50084	8939952	NA	8889871	145209	2.0029014	144267	8057	23556.0	mappable	0.078725	3.0	edge	0.00060187387	0.00011112346	0.00095102949	0.08664111	0.08675223	50084	50084	8939952	8939952	0.16545429	1	438892.3	22.761859	0.9946126	NA	NA	0.0	1.00145069	1.0014507	1	1	1:1	2	neutral	4146289
4	9800043	49089961	NA	39289920	599125	2.0029014	597234	28779	94787.0	mappable	0.078725	3.0	self	0.00116679082	3.260728e-05	0.00922405834	0.07927808	0.07931068	9800043	9800043	49089961	49089961	0.14554462	1	438892.3	22.761859	0.9946126	NA	NA	0.0	1.00145069	1.0014507	1	1	1:1	2	neutral	4146289
4	52680564	109440071	NA	56759514	773867	2.0029014	771416	34969	123197.0	mappable	0.0753	3.0	NA	0.00128625671	2.672368e-05	0.00155483855	0.0776447	0.07767142	52680564	52680564	109439995	109440071	0.15521578	1	438892.3	22.761859	0.9946126	NA	NA	0.0	1.00145069	1.0014507	1	1	1:1	2	neutral	4146289
4	109440072	109449873	NA	9802	170	2.672834	170	0	32.0	mappable	NA	NA	NA	NA	inf	0.13344285576	0.15084253	inf	109440072	109440148	109449738	109449873	NA	missing	480036.0	NA	1.1278	NA	NA	NA	NA	NA	NA	NA	NA	NA	NA	4146289
4	109449874	120319982	NA	10870110	144892	2.0029014	144335	8496	22676.0	mappable	0.078725	3.0	NA	7.180352e-05	0.00011046062	0.0075801877	0.08556566	0.08567612	109449874	109450009	120249932	120319982	0.12999558	1	438892.3	22.761859	0.9946126	NA	NA	0.0	1.00145069	1.0014507	1	1	1:1	2	neutral	4146289
4	120410003	170994132	NA	50584134	685730	2.0029014	683530	31107	108608.0	mappable	0.0753	3.0	NA	0.00393863256	3.002552e-05	0.00746096514	0.07814887	0.07817889	120410003	120410043	170994034	170994132	0.13397363	1	438892.3	22.761859	0.9946126	NA	NA	0.0	1.00145069	1.0014507	1	1	1:1	2	neutral	4146289
4	170994133	170994152	CTX	20	0	0.0	0	0	NA	mappable	NA	NA	NA	NA	inf	0.99435714424	0.46275643	inf	170994133	170994133	170994152	170994152	NA	missing	NA	NA	0.0	NA	NA	0.0	0.0	0.0	0	0	NA	0	homozygousDel	4146289
4	170994153	171146826	CTX	152674	1878	2.0029014	1876	57	308.0	mappable	0.11132907	3.0	NA	0.03469331855	0.01694915254	0.01885714424	0.11614338	0.13309253	170994153	170994205	171146787	171146826	0.12465863	1	438892.3	22.761859	0.9946126	NA	NA	0.0	1.00145069	1.0014507	1	1	1:1	2	neutral	4146289
4	171146827	172198208	DEL	1051382	15441	1.089893	15389	1001	2332.0	mappable	0.17475476	NA	identical	0.09595959762	0.00094966762	0.18125714424	0.09998073	0.10093039	171146827	171146868	172198161	172198208	0.66921884	2	370811.5	22.072114	0.8131	22.66633	0.857387	0.71477405	0.15543288	0.9344601	1	0	1:0	1	LOH	4146289
4	172198209	190799944	DEL	18601739	298802	2.0029014	297257	14683	47805.0	mappable	0.0753	3.0	edge	0.00206638844	6.163328e-05	0.00391059024	0.08281939	0.08288102	172198209	172198375	190799944	190799944	0.17136642	1	438892.3	22.761859	0.9946126	NA	NA	0.0	1.00145069	1.0014507	1	1	1:1	2	neutral	4146289
5	50017	6250009	NA	6199994	105953	2.0029014	105454	4652	17293.0	mappable	0.0753	3.0	edge	0.00178430985	0.00019413706	0.0006164129	0.08863741	0.08883155	50017	50017	6249994	6250009	0.17452808	1	438892.3	22.761859	0.9946126	NA	NA	0.0	1.00145069	1.0014507	1	1	1:1	2	neutral	4146289
5	6250010	6259911	NA	9902	157	1.536557	157	0	27.0	mappable	NA	NA	NA	NA	inf	0.09245714424	0.15067611	inf	6250010	6250025	6259776	6259911	NA	missing	401999.0	NA	0.9019	NA	NA	NA	NA	NA	NA	NA	NA	NA	NA	4146289
5	6259912	45929980	NA	39670073	571379	2.0029014	569556	25639	91175.0	mappable	0.078725	3.0	NA	6.458793e-05	3.641661e-05	0.00394519246	0.07923444	0.07927086	6259912	6260047	45919949	45929980	0.1406564	1	438892.3	22.761859	0.9946126	NA	NA	0.0	1.00145069	1.0014507	1	1	1:1	2	neutral	4146289
5	45929981	46399990	NA	470010	11399	2.4069945	11335	594	1518.0	mappable	0.07470833	2.0	NA	0.00169873571	0.00151975684	0.06174285576	0.10614397	0.10766373	45929981	45940012	46399990	46399990	0.09513291	1	486431.5	25.226412	1.0749492	NA	NA	0.0	1.20349724	1.2034972	1	1	1:1	2	neutral	4146289
5	49470005	49535006	NA	65002	2644	2.901699	2546	52	372.0	mappable	0.06400448	NA	NA	0.00543853671	0.00666666667	0.17894285576	0.12509228	0.13175895	49470005	49470005	49529984	49535006	0.3139349	1	490564.4	25.806418	1.1733	NA	NA	0.0	1.4508495	1.4508495	sub	sub	sub:sub	sub	sub	4146289
5	49535007	54930013	NA	5395007	71476	2.0029014	71254	3197	11145.0	mappable	0.07802391	3.0	NA	5.959762e-05	0.00029248318	0.01454285576	0.08943267	0.08972515	49535007	49540029	54929975	54930013	0.14856499	1	438892.3	22.761859	0.9946126	NA	NA	0.0	1.00145069	1.0014507	1	1	1:1	2	neutral	4146289
5	54930014	54955003	NA	24990	320	2.62857	320	0	52.0	mappable	NA	NA	NA	NA	inf	0.12464285576	0.13690132	inf	54930014	54930052	54949878	54960128	NA	missing	470582.5	NA	1.119	NA	NA	NA	NA	NA	NA	NA	NA	NA	NA	4146289
5	54955003	68829703	NA	13874701	182221	2.0029014	181708	7325	29848.0	mappable	0.0753	3.0	NA	0.00336540238	0.00012759985	0.00195714424	0.08429588	0.08442347	54949878	54960128	68829703	68829703	0.12298878	1	438892.3	22.761859	0.9946126	NA	NA	0.0	1.00145069	1.0014507	1	1	1:1	2	neutral	4146289
5	70750153	104380006	NA	33629858	446154	2.0029014	444873	19680	71403.0	mappable	0.0753	3.0	NA	0.00321539738	4.770765e-05	0.00266972779	0.07998964	0.08003734	70750153	70750153	104379985	104380006	0.13041222	1	438892.3	22.761859	0.9946126	NA	NA	0.0	1.00145069	1.0014507	1	1	1:1	2	neutral	4146289
5	104380007	104390095	NA	10089	175	1.369058	175	0	21.0	mappable	NA	NA	NA	NA	inf	0.12575714424	0.15037034	inf	104380007	104380028	104389928	104390262	NA	missing	369694.0	NA	0.8686	NA	NA	NA	NA	NA	NA	NA	NA	NA	NA	4146289
5	104390095	140630002	NA	36239917	521901	2.0029014	520496	20099	83808.0	mappable	0.078725	3.0	NA	0.00020953092	4.650298e-05	0.00319964315	0.07964613	0.07969263	104389928	104390262	140629966	140630038	0.14785262	1	438892.3	22.761859	0.9946126	NA	NA	0.0	1.00145069	1.0014507	1	1	1:1	2	neutral	4146289
5	140630002	140644907	NA	14906	148	2.454029	148	0	26.0	mappable	NA	NA	NA	NA	inf	0.08994285576	0.14426262	inf	140629966	140630038	140639764	140650050	NA	missing	474178.8	NA	1.0843	NA	NA	NA	NA	NA	NA	NA	NA	NA	NA	4146289
5	140644907	180689979	NA	40045075	561535	2.0029014	559604	26544	91277.0	mappable	0.078725	3.0	edge	5.926951e-05	3.511853e-05	0.00238306979	0.07919186	0.07922698	140639764	140650050	180689979	180689979	0.14771838	1	438892.3	22.761859	0.9946126	NA	NA	0.0	1.00145069	1.0014507	1	1	1:1	2	neutral	4146289
6	202331	29810001	NA	29607674	436810	2.0029014	434934	21455	72077.0	mappable	0.0753	3.0	edge	0.00166770208	4.286143e-05	0.00021587034	0.08058191	0.08062477	202331	202331	29809956	29810001	0.15803569	1	438892.3	22.761859	0.9946126	NA	NA	0.0	1.00145069	1.0014507	1	1	1:1	2	neutral	4146289
6	29810002	29830003	NA	20002	2165	2.40725	2165	0	357.0	mappable	NA	NA	NA	NA	inf	0.08064285576	0.13997901	inf	29810002	29810047	29829998	29830003	NA	missing	462411.6	NA	1.075	NA	NA	NA	NA	NA	NA	NA	NA	NA	NA	4146289
6	29830004	44200003	NA	14370001	217426	2.0029014	215323	10536	34921.0	mappable	0.078725	3.0	NA	0.00060921637	7.912018e-05	0.00271538475	0.08411647	0.08419559	29830004	29830009	44199946	44200003	0.17547022	1	438892.3	22.761859	0.9946126	NA	NA	0.0	1.00145069	1.0014507	1	1	1:1	2	neutral	4146289
6	44200004	44220029	NA	20026	372	2.31671	372	0	63.0	mappable	NA	NA	NA	NA	inf	0.06264285576	0.13996206	inf	44200004	44200061	44219983	44220029	NA	missing	389255.2	NA	1.057	NA	NA	NA	NA	NA	NA	NA	NA	NA	NA	4146289
6	44220030	48169981	NA	3949952	56980	2.0029014	56755	3211	9023.0	mappable	0.0753	3.0	NA	0.00336540238	0.00029103609	0.01474285576	0.09126834	0.09155938	44220030	44220076	48169858	48169981	0.15058806	1	438892.3	22.761859	0.9946126	NA	NA	0.0	1.00145069	1.0014507	1	1	1:1	2	neutral	4146289
6	48169982	48189936	NA	19955	274	2.474652	274	0	51.0	mappable	NA	NA	NA	NA	inf	0.09404285576	0.14001227	inf	48169982	48170105	48189872	48190000	NA	missing	472804.9	NA	1.0884	NA	NA	NA	NA	NA	NA	NA	NA	NA	NA	4146289
6	48189936	57599998	NA	9410064	141128	2.0029014	139226	6530	22571.0	mappable	0.078725	3.0	NA	0.0001561498	0.00011859583	0.01139640081	0.08633427	0.08645286	48189872	48190000	57599989	57599998	0.15018691	1	438892.3	22.761859	0.9946126	NA	NA	0.0	1.00145069	1.0014507	1	1	1:1	2	neutral	4146289
6	57599999	58019982	NA	419984	2015	1.70808	2015	1	392.0	mappable	0.15	NA	NA	0.07133459762	1.0	0.05835714424	0.10706653	1.10706653	57599999	57600008	58019982	58019982	NA	missing	426432.7	24.519883	0.936	NA	NA	NA	NA	NA	NA	NA	NA	NA	NA	4146289
6	58610011	58769997	NA	159987	572	2.210577	572	0	91.0	mappable	NA	NA	NA	NA	inf	0.04154285576	0.11568989	inf	58610011	58610011	58769997	58769997	NA	missing	447421.9	NA	1.0359	NA	NA	NA	NA	NA	NA	NA	NA	NA	NA	4146289
6	61890002	61949996	NA	59995	1049	2.34186	1048	0	147.0	mappable	NA	NA	NA	0.25466793095	1.0	0.06764285576	0.12600366	1.12600366	61890002	61890002	61919992	61949996	NA	missing	461986.4	NA	1.062	NA	NA	NA	NA	NA	NA	NA	NA	NA	NA	4146289
6	61949997	63139971	NA	1189975	15601	2.041066	15579	9	2513.0	mappable	0.19312857	NA	NA	0.12550382839	0.03225806452	0.00784285576	0.09909575	0.13135382	61949997	61980001	63139911	63140031	NA	missing	447060.6	26.651691	1.0022	NA	NA	NA	NA	NA	NA	NA	NA	NA	NA	4146289
6	63139971	63149982	NA	10012	191	2.437933	191	0	39.0	mappable	NA	NA	NA	NA	inf	0.08674285576	0.1504954	inf	63139911	63140031	63149944	63150020	NA	missing	473497.8	NA	1.0811	NA	NA	NA	NA	NA	NA	NA	NA	NA	NA	4146289
6	63149982	63530020	NA	380039	5731	2.0029014	5708	371	817.0	mappable	0.07165	3.0	NA	0.00484040238	0.00253807107	0.00625714424	0.10789938	0.11043745	63149944	63150020	63529993	63530047	0.07013691	1	438892.3	22.761859	0.9946126	NA	NA	0.0	1.00145069	1.0014507	1	1	1:1	2	neutral	4146289
6	63530020	63539948	NA	9929	225	2.424352	220	7	35.0	mappable	0.1798	NA	NA	0.10812933446	0.08333333333	0.08404285576	0.15063153	0.23396486	63529993	63530047	63539881	63540015	NA	missing	450816.0	25.760914	1.0784	NA	NA	NA	NA	NA	NA	NA	NA	NA	NA	4146289
6	63539948	63660084	NA	120137	2222	1.6562418	2216	204	351.0	mappable	0.06262258	4.0	NA	0.01354040238	0.00476190476	0.06395714424	0.11852329	0.12328519	63539881	63540015	63659990	63660178	0.09629098	1	464548.6	23.855982	0.9256942	NA	NA	0.0	0.82812091	0.8281209	1	1	1:1	2	neutral	4146289
6	63660084	70970017	NA	7309935	111126	2.0029014	110643	5570	17195.0	mappable	0.0753	3.0	self	0.00053469216	0.00016520734	0.00076167583	0.08771381	0.08787902	63659990	63660178	70969999	70970017	0.15483352	1	438892.3	22.761859	0.9946126	NA	NA	0.0	1.00145069	1.0014507	1	1	1:1	2	neutral	4146289
6	70970018	70979953	NA	9936	205	2.797075	204	9	28.0	mappable	0.22898474	NA	identical	0.15031933997	0.1	0.15814285576	0.15062	0.25062	70970018	70970036	70979900	70980006	NA	missing	485908.9	25.351769	1.1525	NA	NA	NA	NA	NA	NA	NA	NA	NA	NA	4146289
6	70979953	90860006	NA	19880054	270319	2.0029014	269490	11758	42510.0	mappable	0.078925	3.0	NA	5.959762e-05	7.944705e-05	0.00254285576	0.08249185	0.0825713	70979900	70980006	90859948	90860006	0.13541844	1	438892.3	22.761859	0.9946126	NA	NA	0.0	1.00145069	1.0014507	1	1	1:1	2	neutral	4146289
6	90860007	90880015	NA	20009	216	2.42737	216	0	35.0	mappable	NA	NA	NA	NA	inf	0.08464285576	0.13997406	inf	90860007	90860065	90879996	90880015	NA	missing	473256.7	NA	1.079	NA	NA	NA	NA	NA	NA	NA	NA	NA	NA	4146289
6	90880016	170899935	NA	80019928	1131329	2.0029014	1127472	51848	183202.0	mappable	0.0753	3.0	edge	0.00160688535	1.795171e-05	0.00084594397	0.07617929	0.07619724	90880016	90880035	170899935	170899935	0.1401727	1	438892.3	22.761859	0.9946126	NA	NA	0.0	1.00145069	1.0014507	1	1	1:1	2	neutral	4146289
7	40386	1075021	NA	1034638	18284	2.0029014	18129	903	2921.0	mappable	0.08215	3.0	edge	0.00151517016	0.00094517958	0.00433019172	0.10009662	0.1010418	40386	40386	1069956	1075021	0.16856949	1	438892.3	22.761859	0.9946126	NA	NA	0.0	1.00145069	1.0014507	1	1	1:1	2	neutral	4146289
7	1075022	1089987	NA	14966	213	1.524485	213	0	36.0	mappable	NA	NA	NA	NA	inf	0.09485714424	0.14420233	inf	1075022	1080087	1089973	1090001	NA	missing	362448.9	NA	0.8995	NA	NA	NA	NA	NA	NA	NA	NA	NA	NA	4146289
7	1089987	57999988	NA	56910007	835908	2.0029014	833390	40594	134051.0	mappable	0.0753	3.0	NA	0.0007804484	2.319594e-05	0.00064223475	0.07763318	0.07765638	1089973	1090001	57999988	57999988	0.1446062	1	438892.3	22.761859	0.9946126	NA	NA	0.0	1.00145069	1.0014507	1	1	1:1	2	neutral	4146289
7	61835088	62460064	NA	624978	12628	2.4069945	12454	301	1783.0	mappable	0.07599545	2.0	NA	0.00475851049	0.00210526316	0.08217617853	0.10387751	0.10598277	61835088	61870177	62449991	62470137	0.16410841	1	486431.5	25.226412	1.0749492	NA	NA	0.0	1.20349724	1.2034972	1	1	1:1	2	neutral	4146289
7	62460064	72229988	NA	9769925	96226	2.0029014	95645	4907	15766.0	mappable	0.07757143	3.0	self	5.959762e-05	0.00018221574	0.01714285576	0.08613296	0.08631517	62449991	62470137	72229988	72229988	0.16386042	1	438892.3	22.761859	0.9946126	NA	NA	0.0	1.00145069	1.0014507	1	1	1:1	2	neutral	4146289
7	72750118	74139961	NA	1389844	10209	2.0029014	10160	287	1760.0	mappable	0.071875	3.0	self	0.00336540238	0.00297619048	0.00774285576	0.09800803	0.10098422	72750118	72750118	74139961	74139961	0.20233639	1	438892.3	22.761859	0.9946126	NA	NA	0.0	1.00145069	1.0014507	1	1	1:1	2	neutral	4146289
7	75160045	76059952	NA	899908	8416	2.0029014	8375	231	1463.0	mappable	0.05354286	3.0	self	0.02049040238	0.00367647059	0.01004285576	0.10111521	0.10479168	75160045	75160045	76059952	76059952	0.16067403	1	438892.3	22.761859	0.9946126	NA	NA	0.0	1.00145069	1.0014507	1	1	1:1	2	neutral	4146289
7	76810004	99015038	NA	22205035	295211	2.0029014	294138	13147	46844.0	mappable	0.0753	3.0	NA	5.959762e-05	7.032349e-05	0.01005714424	0.08195249	0.08202281	76810004	76810004	99009993	99015038	0.14422517	1	438892.3	22.761859	0.9946126	NA	NA	0.0	1.00145069	1.0014507	1	1	1:1	2	neutral	4146289
7	99015039	99069951	NA	54913	631	2.416304	631	0	111.0	mappable	NA	NA	NA	NA	inf	0.08244285576	0.12702558	inf	99015039	99020084	99069902	99070000	NA	missing	408076.8	NA	1.0768	NA	NA	NA	NA	NA	NA	NA	NA	NA	NA	4146289
7	99069951	159119808	NA	60049864	792601	2.0029014	789083	39181	128232.0	mappable	0.0753	3.0	edge	0.00222838793	2.341975e-05	0.00394118943	0.07740041	0.07742383	99069902	99070000	159119808	159119808	0.14443714	1	438892.3	22.761859	0.9946126	NA	NA	0.0	1.00145069	1.0014507	1	1	1:1	2	neutral	4146289
8	170012	6919904	NA	6749907	193203	2.0029014	192206	11424	30651.0	mappable	0.078725	3.0	edge	2.419325e-05	8.05153e-05	0.00015621994	0.0881584	0.08823892	170012	170012	6919904	6919904	0.18678186	1	438892.3	22.761859	0.9946126	NA	NA	0.0	1.00145069	1.0014507	1	1	1:1	2	neutral	4146289
8	8100000	11859985	NA	3759987	79305	2.0029014	79038	4664	12623.0	mappable	0.0753	3.0	self	0.00137962022	0.00020279862	0.00924876081	0.09156546	0.09176826	8100000	8100000	11859985	11859985	0.14047629	1	438892.3	22.761859	0.9946126	NA	NA	0.0	1.00145069	1.0014507	1	1	1:1	2	neutral	4146289
8	12580042	12589992	NA	9951	194	2.4069945	194	4	33.0	mappable	0.10688643	2.0	NA	0.02822103173	0.25	0.07714285576	0.15059531	0.40059531	12580042	12580042	12589978	12590006	NA	missing	486431.5	25.226412	1.0749492	NA	NA	NA	NA	NA	NA	NA	NA	NA	NA	4146289
8	12589992	43789991	NA	31200004	520413	2.0029014	518655	23019	83815.0	mappable	0.078725	3.0	self	0.00097416675	4.036327e-05	0.00286876655	0.08033728	0.08037764	12589978	12590006	43789991	43789991	0.15630231	1	438892.3	22.761859	0.9946126	NA	NA	0.0	1.00145069	1.0014507	1	1	1:1	2	neutral	4146289
8	46880007	145620003	NA	98740014	1378886	2.0029014	1374474	60469	221698.0	mappable	0.0753	3.0	NA	0.00213725752	1.541283e-05	0.00111391014	0.07530934	0.07532475	46880007	46880007	145619972	145620034	0.15536696	1	438892.3	22.761859	0.9946126	NA	NA	0.0	1.00145069	1.0014507	1	1	1:1	2	neutral	4146289
8	145620003	145630003	NA	10001	176	1.272482	176	0	26.0	mappable	NA	NA	NA	NA	inf	0.14495714424	0.15051336	inf	145619972	145620034	145629964	145630003	NA	missing	282152.9	NA	0.8494	NA	NA	NA	NA	NA	NA	NA	NA	NA	NA	4146289
8	145630004	146289988	NA	659985	8893	2.0029014	8854	239	1509.0	mappable	0.059375	3.0	edge	0.01277373571	0.0035971223	0.00205714424	0.10345502	0.10705214	145630004	145630043	146289988	146289988	0.14337573	1	438892.3	22.761859	0.9946126	NA	NA	0.0	1.00145069	1.0014507	1	1	1:1	2	neutral	4146289
9	200101	20220004	NA	20019904	374980	2.0029014	373995	19466	59084.0	mappable	0.078725	3.0	edge	5.959762e-05	4.889736e-05	0.00205714424	0.08245746	0.08250635	200101	200101	20219988	20220020	0.14638685	1	438892.3	22.761859	0.9946126	NA	NA	0.0	1.00145069	1.0014507	1	1	1:1	2	neutral	4146289
9	20220004	20234968	NA	14965	248	2.49276	248	0	41.0	mappable	NA	NA	NA	NA	inf	0.09764285576	0.14420334	inf	20219988	20220020	20229919	20234968	NA	missing	461124.4	NA	1.092	NA	NA	NA	NA	NA	NA	NA	NA	NA	NA	4146289
9	20234969	24430011	NA	4195043	68243	2.0029014	68043	3095	10631.0	mappable	0.07401591	3.0	NA	0.00784722056	0.00030349014	0.02014285576	0.09090804	0.09121153	20234969	20240018	24429995	24430011	0.14581407	1	438892.3	22.761859	0.9946126	NA	NA	0.0	1.00145069	1.0014507	1	1	1:1	2	neutral	4146289
9	24430012	24450014	NA	20003	280	1.779003	280	0	47.0	mappable	NA	NA	NA	NA	inf	0.04425714424	0.1399783	inf	24430012	24430028	24449998	24450030	NA	missing	433891.2	NA	0.9501	NA	NA	NA	NA	NA	NA	NA	NA	NA	NA	4146289
9	24450014	29769999	NA	5319986	88894	2.0029014	88655	3964	13973.0	mappable	0.07675833	3.0	NA	0.00157239164	0.00023792529	0.00751617229	0.08951353	0.08975146	24449998	24450030	29769966	29769999	0.12661968	1	438892.3	22.761859	0.9946126	NA	NA	0.0	1.00145069	1.0014507	1	1	1:1	2	neutral	4146289
9	29770000	29779999	NA	10000	202	1.546114	202	0	35.0	mappable	NA	NA	NA	NA	inf	0.09055714424	0.150515	inf	29770000	29770033	29779997	29780001	NA	missing	435040.0	NA	0.9038	NA	NA	NA	NA	NA	NA	NA	NA	NA	NA	4146289
9	29779999	38769828	NA	8989834	112656	2.0029014	112276	5920	18068.0	mappable	0.0753	3.0	NA	0.0001178769	0.00015873016	0.00088794168	0.0865806	0.08673933	29779997	29780001	38769828	38769828	0.13608762	1	438892.3	22.761859	0.9946126	NA	NA	0.0	1.00145069	1.0014507	1	1	1:1	2	neutral	4146289
9	66840048	66849972	NA	9925	540	2.4069945	505	0	88.0	mappable	NA	2.0	NA	0.01929335937	0.02857142857	0.11324285576	0.15063813	0.17920955	66840048	66840048	66849972	66849972	NA	missing	486431.5	NA	1.0749492	NA	NA	NA	NA	NA	NA	NA	NA	NA	NA	4146289
9	68410004	68419976	NA	9973	1130	1.923364	1059	0	281.0	mappable	NA	NA	NA	0.27313459762	0.01408450704	0.01555714424	0.15055919	0.1646437	68410004	68410004	68419976	68419976	NA	missing	2548178.0	NA	0.9788	NA	NA	NA	NA	NA	NA	NA	NA	NA	NA	4146289
9	71030093	72210156	NA	1180064	15867	2.0029014	15829	749	2661.0	mappable	0.06655	3.0	NA	0.00919040238	0.00127064803	0.00635714424	0.09915503	0.10042568	71030093	71030093	72209988	72210324	0.11752942	1	438892.3	22.761859	0.9946126	NA	NA	0.0	1.00145069	1.0014507	1	1	1:1	2	neutral	4146289
9	72210156	72219989	NA	9834	157	1.538569	157	0	28.0	mappable	NA	NA	NA	NA	inf	0.09205714424	0.15078905	inf	72209988	72210324	72219976	72220002	NA	missing	446506.7	NA	0.9023	NA	NA	NA	NA	NA	NA	NA	NA	NA	NA	4146289
9	72219989	83000071	NA	10780083	151756	2.0029014	151283	6292	24612.0	mappable	0.0753	3.0	NA	0.00336540238	0.00014781966	0.00765714424	0.0856096	0.08575742	72219976	72220002	82999916	83000071	0.15395886	1	438892.3	22.761859	0.9946126	NA	NA	0.0	1.00145069	1.0014507	1	1	1:1	2	neutral	4146289
9	83000072	83009992	NA	9921	153	1.483239	153	3	23.0	mappable	0.18003426	NA	NA	0.10136885688	0.33333333333	0.10305714424	0.15064472	0.48397806	83000072	83000227	83009891	83009992	NA	missing	422145.7	24.8321	0.8913	NA	NA	NA	NA	NA	NA	NA	NA	NA	NA	4146289
9	83009993	83030011	NA	20019	384	2.410268	383	1	74.0	mappable	0.03846154	NA	NA	0.26556536685	0.5	0.08124285576	0.139967	0.639967	83009993	83010094	83029966	83030056	NA	missing	456887.3	23.722995	1.0756	NA	NA	NA	NA	NA	NA	NA	NA	NA	NA	4146289
9	83030011	141019791	NA	57989785	792105	2.0029014	789168	35461	129373.0	mappable	0.0753	3.0	edge	0.00074834876	2.60437e-05	0.0005143007	0.07755156	0.0775776	83029966	83030056	141019791	141019791	0.14018427	1	438892.3	22.761859	0.9946126	NA	NA	0.0	1.00145069	1.0014507	1	1	1:1	2	neutral	4146289
10	130013	38600358	NA	38470351	578039	2.0029014	575367	27866	94968.0	mappable	0.078725	3.0	edge	0.00088787544	3.274716e-05	0.00330984051	0.07937376	0.07940651	130013	130013	38429948	38600358	0.15224755	1	438892.3	22.761859	0.9946126	NA	NA	0.0	1.00145069	1.0014507	1	1	1:1	2	neutral	4146289
10	42410000	42655064	NA	245065	3881	2.448496	3879	6	566.0	mappable	0.19682988	NA	NA	0.1162686331	0.125	0.08884285576	0.11171434	0.23671434	42410000	42410000	42519964	42655064	NA	missing	448862.2	25.524354	1.0832	NA	NA	NA	NA	NA	NA	NA	NA	NA	NA	4146289
10	42655065	46159967	NA	3504904	39694	2.0029014	39612	1487	6559.0	mappable	0.0753	3.0	self	0.00531281712	0.00063734863	0.00113216314	0.09199233	0.09262968	42655065	42790165	46159967	46159967	0.16922182	1	438892.3	22.761859	0.9946126	NA	NA	0.0	1.00145069	1.0014507	1	1	1:1	2	neutral	4146289
10	48310177	48659961	NA	349785	5564	2.0029014	5553	201	907.0	mappable	0.089	3.0	self	0.01033459762	0.00471698113	0.03365714424	0.10860057	0.11331756	48310177	48310177	48659961	48659961	0.25383872	1	438892.3	22.761859	0.9946126	NA	NA	0.0	1.00145069	1.0014507	1	1	1:1	2	neutral	4146289
10	49390096	68899988	NA	19509895	276295	2.0029014	275443	14141	43396.0	mappable	0.0753	3.0	NA	0.00337749854	6.669779e-05	0.00280490429	0.08258422	0.08265091	49390096	49390096	68899950	68899988	0.14937017	1	438892.3	22.761859	0.9946126	NA	NA	0.0	1.00145069	1.0014507	1	1	1:1	2	neutral	4146289
10	68899989	68920002	NA	20014	287	2.428879	287	0	43.0	mappable	NA	NA	NA	NA	inf	0.08494285576	0.13997053	inf	68899989	68900027	68919990	68920014	NA	missing	465160.2	NA	1.0793	NA	NA	NA	NA	NA	NA	NA	NA	NA	NA	4146289
10	68920002	122950039	NA	54030045	731748	2.0029014	729297	34511	119607.0	mappable	0.078725	3.0	NA	0.00059115877	2.705481e-05	0.00301216223	0.07785961	0.07788667	68919990	68920014	122949959	122950119	0.1584833	1	438892.3	22.761859	0.9946126	NA	NA	0.0	1.00145069	1.0014507	1	1	1:1	2	neutral	4146289
10	122950039	122960005	NA	9967	195	2.530988	195	0	35.0	mappable	NA	NA	NA	NA	inf	0.10524285576	0.15056903	inf	122949959	122950119	122959999	122960005	NA	missing	437108.8	NA	1.0996	NA	NA	NA	NA	NA	NA	NA	NA	NA	NA	4146289
10	122960006	135439925	NA	12479920	201932	2.0029014	200994	9465	32840.0	mappable	0.078725	3.0	edge	0.00010665731	9.612612e-05	0.00020020775	0.08484245	0.08493858	122960006	122960012	135439925	135439925	0.14788391	1	438892.3	22.761859	0.9946126	NA	NA	0.0	1.00145069	1.0014507	1	1	1:1	2	neutral	4146289
11	190010	40840949	NA	40650945	588991	2.0029014	586531	29293	94184.0	mappable	0.0753	3.0	edge	0.0022215123	3.149408e-05	0.01596388255	0.07912398	0.07915548	190010	190010	40840940	40840958	0.15395311	1	438892.3	22.761859	0.9946126	NA	NA	0.0	1.00145069	1.0014507	1	1	1:1	2	neutral	4146289
11	40840949	40860027	NA	19079	245	2.175367	245	0	53.0	mappable	NA	NA	NA	NA	inf	0.03454285576	0.14064996	inf	40840940	40840958	40859964	40860090	NA	missing	442227.9	NA	1.0289	NA	NA	NA	NA	NA	NA	NA	NA	NA	NA	4146289
11	40860027	42920002	NA	2059976	32149	1.960083	32125	7	5228.0	mappable	0.84341351	NA	NA	0.33913459762	0.03225806452	0.00825714424	0.09535526	0.12761333	40859964	40860090	42919999	42920002	NA	missing	438313.2	32.873493	0.9861	NA	NA	NA	NA	NA	NA	NA	NA	NA	NA	4146289
11	42920003	42940019	NA	20017	467	1.509898	467	0	79.0	mappable	NA	NA	NA	NA	inf	0.09775714424	0.13996841	inf	42920003	42920006	42939950	42940088	NA	missing	423388.8	NA	0.8966	NA	NA	NA	NA	NA	NA	NA	NA	NA	NA	4146289
11	42940019	47405022	NA	4465004	58608	2.0029014	58426	1846	9963.0	mappable	0.08215	3.0	NA	0.00348459762	0.00049309665	0.00685714424	0.09053776	0.09103086	42939950	42940088	47399954	47410090	0.17474507	1	438892.3	22.761859	0.9946126	NA	NA	0.0	1.00145069	1.0014507	1	1	1:1	2	neutral	4146289
11	47405022	47420065	NA	15044	145	2.826249	128	0	27.0	mappable	NA	NA	identical	0.01144040238	0.05882352941	0.16394285576	0.1441244	0.20294793	47399954	47410090	47419977	47420065	NA	missing	391868.8	NA	1.1583	NA	NA	NA	NA	NA	NA	NA	NA	NA	NA	4146289
11	47420066	48364993	NA	944928	10152	2.0029014	10071	434	1799.0	mappable	0.07214643	3.0	self	0.00523271007	0.00194174757	0.01444285576	0.10075645	0.1026982	47420066	47420154	48359978	48370008	0.1590661	1	438892.3	22.761859	0.9946126	NA	NA	0.0	1.00145069	1.0014507	1	1	1:1	2	neutral	4146289
11	48364993	48875033	NA	510041	2653	2.4069945	2638	15	420.0	mappable	0.0723	2.0	NA	0.00341034389	0.03333333333	0.10464285576	0.10548382	0.13881715	48359978	48370008	48859996	48890070	NA	missing	486431.5	25.226412	1.0749492	NA	NA	NA	NA	NA	NA	NA	NA	NA	NA	4146289
11	48875033	48899996	NA	24964	573	2.154241	573	0	86.0	mappable	NA	NA	NA	NA	inf	0.03034285576	0.13691539	inf	48859996	48890070	48899996	48899996	NA	missing	455968.6	NA	1.0247	NA	NA	NA	NA	NA	NA	NA	NA	NA	NA	4146289
11	48899997	50170092	NA	1270096	0	0.0	0	0	NA	mappable	NA	NA	NA	NA	inf	0.99435714424	0.09863632	inf	48899997	48899997	50170092	50170092	NA	missing	NA	NA	0.0	NA	NA	0.0	0.0	0.0	0	0	NA	0	homozygousDel	4146289
11	50170093	50260977	NA	90885	475	1.88916	475	0	80.0	mappable	NA	NA	NA	NA	inf	0.02235714424	0.12141997	inf	50170093	50170093	50199997	50321957	NA	missing	404901.4	NA	0.972	NA	NA	NA	NA	NA	NA	NA	NA	NA	NA	4146289
11	50260977	50430030	NA	169054	2700	2.4069945	2700	2	355.0	mappable	0.10917538	2.0	NA	0.03050997509	0.5	0.10604285576	0.11516011	0.61516011	50199997	50321957	50429996	50430064	NA	missing	486431.5	25.226412	1.0749492	NA	NA	NA	NA	NA	NA	NA	NA	NA	NA	4146289
11	50430030	50440008	NA	9979	318	2.06018	318	0	52.0	mappable	NA	NA	NA	NA	inf	0.01164285576	0.15054936	inf	50429996	50430064	50439975	50440008	NA	missing	441616.7	NA	1.006	NA	NA	NA	NA	NA	NA	NA	NA	NA	NA	4146289
11	50440009	50449936	NA	9928	290	2.788021	290	0	39.0	mappable	NA	NA	NA	NA	inf	0.15634285576	0.15063318	inf	50440009	50440042	50449857	50450015	NA	missing	466205.0	NA	1.1507	NA	NA	NA	NA	NA	NA	NA	NA	NA	NA	4146289
11	50449936	51579984	NA	1130049	14623	2.3515277	14614	6	2183.0	mappable	0.11786803	1.0	NA	0.20873459762	0.06666666667	0.06984285576	0.09946313	0.1661298	50449857	50450015	51579984	51579984	NA	missing	459475.9	27.357979	1.063922	NA	NA	NA	NA	NA	NA	NA	NA	NA	NA	4146289
11	54793945	54810002	NA	16059	453	2.845363	453	0	41.0	mappable	NA	NA	NA	NA	inf	0.16774285576	0.14315271	inf	54793945	54793945	54809997	54810002	NA	missing	444084.0	NA	1.1621	NA	NA	NA	NA	NA	NA	NA	NA	NA	NA	4146289
11	54810003	55020033	NA	210031	3945	2.4069945	3944	3	610.0	mappable	0.04405375	2.0	NA	0.01268692253	0.25	0.08804285576	0.11312062	0.36312062	54810003	54810008	55019946	55020120	NA	missing	486431.5	25.226412	1.0749492	NA	NA	NA	NA	NA	NA	NA	NA	NA	NA	4146289
11	55020033	89349940	NA	34329912	450843	2.0029014	449431	16863	73900.0	mappable	0.0753	3.0	self	0.00072000202	5.471956e-05	0.00401903164	0.07989466	0.07994938	55019946	55020120	89349940	89349940	0.1493285	1	438892.3	22.761859	0.9946126	NA	NA	0.0	1.00145069	1.0014507	1	1	1:1	2	neutral	4146289
11	89850037	134939862	NA	45089833	664148	2.0029014	661942	29524	107094.0	mappable	0.0753	3.0	edge	0.00189318001	3.151592e-05	0.00351332499	0.07865872	0.07869023	89850037	89850037	134939862	134939862	0.13749192	1	438892.3	22.761859	0.9946126	NA	NA	0.0	1.00145069	1.0014507	1	1	1:1	2	neutral	4146289
12	160107	5369992	NA	5209886	79570	2.0029014	79178	3484	13164.0	mappable	0.078725	3.0	edge	0.00400879905	0.00025799794	2.739264e-05	0.08963457	0.08989257	160107	160107	5369980	5370004	0.17827244	1	438892.3	22.761859	0.9946126	NA	NA	0.0	1.00145069	1.0014507	1	1	1:1	2	neutral	4146289
12	5369992	5379995	NA	10004	154	2.846369	154	16	26.0	mappable	0.1271	NA	identical	0.04843459762	0.0625	0.16794285576	0.15050846	0.21300846	5369980	5370004	5379910	5380080	NA	missing	472562.5	25.131733	1.1623	NA	NA	NA	NA	NA	NA	NA	NA	NA	NA	4146289
12	5379995	34690008	NA	29310016	395224	2.0029014	393848	19127	63083.0	mappable	0.0753	3.0	self	0.00274176449	4.877573e-05	0.01048667749	0.08062926	0.08067804	5379910	5380080	34689997	34690008	0.14605126	1	438892.3	22.761859	0.9946126	NA	NA	0.0	1.00145069	1.0014507	1	1	1:1	2	neutral	4146289
12	34690009	34719973	NA	29965	867	2.753314	864	35	111.0	mappable	0.08037806	NA	identical	0.00509327109	0.02631578947	0.14944285576	0.13449003	0.16080582	34690009	34690020	34719940	34719973	0.22306611	1	456902.0	23.838365	1.1438	NA	NA	0.0	1.376657	1.376657	sub	sub	sub:sub	sub	sub	4146289
12	34719974	34819969	NA	99998	2465	2.0029014	2450	94	303.0	mappable	0.09432415	3.0	self	0.01361612943	0.00917431193	0.05130123304	0.12041221	0.12958652	34719974	34720007	34819969	34819969	0.17923878	1	438892.3	22.761859	0.9946126	NA	NA	0.0	1.00145069	1.0014507	1	1	1:1	2	neutral	4146289
12	38000003	38319969	NA	319967	11563	2.4069945	11472	114	1730.0	mappable	0.07443289	2.0	NA	0.00333068693	0.00487804878	0.08174144609	0.10936394	0.11424199	38000003	38000003	38319933	38319969	0.15763601	1	486431.5	25.226412	1.0749492	NA	NA	0.0	1.20349724	1.2034972	1	1	1:1	2	neutral	4146289
12	38319970	46705016	NA	8385049	116702	2.0029014	116292	4674	18710.0	mappable	0.0753	3.0	NA	0.00534157037	0.00019673421	0.00564044877	0.08695884	0.08715557	38319970	38320006	46699987	46710045	0.16596682	1	438892.3	22.761859	0.9946126	NA	NA	0.0	1.00145069	1.0014507	1	1	1:1	2	neutral	4146289
12	46705016	46730005	NA	24990	368	1.659792	368	0	62.0	mappable	NA	NA	NA	NA	inf	0.06795714424	0.13690132	inf	46699987	46710045	46729993	46730005	NA	missing	441638.1	NA	0.9264	NA	NA	NA	NA	NA	NA	NA	NA	NA	NA	4146289
12	46730006	58170036	NA	11440032	131954	2.0029014	131514	4694	22351.0	mappable	0.0753	3.0	NA	0.0014969799	0.0001947799	0.0030823644	0.08529662	0.0854914	46730006	46730018	58169902	58170170	0.18034483	1	438892.3	22.761859	0.9946126	NA	NA	0.0	1.00145069	1.0014507	1	1	1:1	2	neutral	4146289
12	58170036	58199984	NA	29949	254	2.43743	254	0	31.0	mappable	NA	NA	NA	NA	inf	0.08664285576	0.134497	inf	58169902	58170170	58199942	58199984	NA	missing	459128.1	NA	1.081	NA	NA	NA	NA	NA	NA	NA	NA	NA	NA	4146289
12	58199985	61550009	NA	3350025	47261	2.0029014	47147	1793	7446.0	mappable	0.08118816	3.0	NA	5.959762e-05	0.00052438385	0.00224285576	0.09226905	0.09279343	58199985	58200027	61549998	61550020	0.16388012	1	438892.3	22.761859	0.9946126	NA	NA	0.0	1.00145069	1.0014507	1	1	1:1	2	neutral	4146289
12	61550009	61560011	NA	10003	185	2.464089	185	0	25.0	mappable	NA	NA	NA	NA	inf	0.09194285576	0.1505101	inf	61549998	61550020	61559984	61560038	NA	missing	471439.0	NA	1.0863	NA	NA	NA	NA	NA	NA	NA	NA	NA	NA	4146289
12	61560011	133819926	NA	72259921	993989	2.0029014	990120	48592	161698.0	mappable	0.0753	3.0	edge	0.00222086015	1.906214e-05	0.00076824799	0.07660871	0.07662777	61559984	61560038	133819926	133819926	0.1464868	1	438892.3	22.761859	0.9946126	NA	NA	0.0	1.00145069	1.0014507	1	1	1:1	2	neutral	4146289
13	19450038	115099984	NA	95649953	1367396	2.0029014	1362564	67454	217950.0	mappable	0.0753	3.0	edge	0.00163554833	1.38347e-05	0.00247835081	0.07543964	0.07545348	19450038	19450038	115099984	115099984	0.14940009	1	438892.3	22.761859	0.9946126	NA	NA	0.0	1.00145069	1.0014507	1	1	1:1	2	neutral	4146289
14	20330060	57489911	NA	37159857	513071	2.0029014	511297	23898	82256.0	mappable	0.0753	3.0	edge	0.00178721426	3.895598e-05	0.00397484316	0.07953159	0.07957054	20330060	20330060	57489809	57489911	0.15771625	1	438892.3	22.761859	0.9946126	NA	NA	0.0	1.00145069	1.0014507	1	1	1:1	2	neutral	4146289
14	57489912	57509948	NA	20037	358	2.508856	358	0	63.0	mappable	NA	NA	NA	NA	inf	0.10084285576	0.1399543	inf	57489912	57490014	57509895	57510001	NA	missing	461486.5	NA	1.0952	NA	NA	NA	NA	NA	NA	NA	NA	NA	NA	4146289
14	57509948	62989998	NA	5480051	73980	2.0029014	73776	3346	12154.0	mappable	0.0753	3.0	NA	0.00336540238	0.00028169014	0.02164285576	0.08934252	0.08962421	57509895	57510001	62989996	62990000	0.12820282	1	438892.3	22.761859	0.9946126	NA	NA	0.0	1.00145069	1.0014507	1	1	1:1	2	neutral	4146289
14	62989998	63020005	NA	30008	384	2.4069945	384	32	51.0	mappable	0.05586364	2.0	identical	0.02280176602	0.03125	0.14154285576	0.13447132	0.16572132	62989996	62990000	63019985	63020005	NA	missing	486431.5	25.226412	1.0749492	NA	NA	NA	NA	NA	NA	NA	NA	NA	NA	4146289
14	63020006	91719852	NA	28699847	402822	2.0029014	401537	17541	66174.0	mappable	0.078725	3.0	NA	5.959762e-05	5.311803e-05	0.00034285576	0.08072804	0.08078116	63020006	63020026	91719677	91719852	0.15052237	1	438892.3	22.761859	0.9946126	NA	NA	0.0	1.00145069	1.0014507	1	1	1:1	2	neutral	4146289
14	91719853	91740004	NA	20152	262	1.57227	262	0	44.0	mappable	NA	NA	NA	NA	inf	0.08535714424	0.13987349	inf	91719853	91720028	91739976	91740004	NA	missing	384506.6	NA	0.909	NA	NA	NA	NA	NA	NA	NA	NA	NA	NA	4146289
14	91740005	97829986	NA	6089983	94319	2.0029014	94028	4601	15559.0	mappable	0.0812	3.0	NA	0.00441614557	0.00020441537	0.00512995486	0.08873899	0.08894341	91740005	91740033	97829866	97829986	0.13763846	1	438892.3	22.761859	0.9946126	NA	NA	0.0	1.00145069	1.0014507	1	1	1:1	2	neutral	4146289
14	97829987	97889962	NA	59976	949	2.284518	949	0	179.0	mappable	NA	NA	NA	NA	inf	0.05624285576	0.12600729	inf	97829987	97830107	97889864	97889962	NA	missing	441855.1	NA	1.0506	NA	NA	NA	NA	NA	NA	NA	NA	NA	NA	4146289
14	97889963	106329990	NA	8440028	122604	2.0029014	122117	4559	20248.0	mappable	0.0753	3.0	NA	6.626544e-05	0.00019817677	0.00597489549	0.0869232	0.08712138	97889963	97890061	106329980	106330000	0.15891015	1	438892.3	22.761859	0.9946126	NA	NA	0.0	1.00145069	1.0014507	1	1	1:1	2	neutral	4146289
14	106329990	106754973	NA	424984	3013	1.042611	2986	14	482.0	mappable	0.10358889	NA	identical	0.27877524211	0.0243902439	0.19065714424	0.10696875	0.131359	106329980	106330000	106749932	106754973	NA	missing	359297.2	22.830343	0.8037	NA	NA	NA	NA	NA	NA	NA	NA	NA	NA	4146289
14	106754974	107259908	NA	504935	7494	2.0029014	7336	387	1184.0	mappable	0.07744773	3.0	edge	0.00679040238	0.00183486239	0.02644285576	0.10556464	0.1073995	106754974	106760015	107259908	107259908	0.1909497	1	438892.3	22.761859	0.9946126	NA	NA	0.0	1.00145069	1.0014507	1	1	1:1	2	neutral	4146289
15	20850000	20859924	NA	9925	165	2.0029014	153	0	15.0	mappable	NA	3.0	edge	0.03965733786	0.08333333333	0.01074285576	0.15063813	0.23397146	20850000	20850000	20859924	20859924	NA	missing	438892.3	NA	0.9946126	NA	NA	NA	NA	NA	NA	NA	NA	NA	NA	4146289
15	22480079	23069956	NA	589878	4041	2.0029014	4019	219	681.0	mappable	0.07524756	3.0	self	0.00562332921	0.00414937759	0.00484285576	0.10432937	0.10847875	22480079	22480079	23069956	23069956	0.1148251	1	438892.3	22.761859	0.9946126	NA	NA	0.0	1.00145069	1.0014507	1	1	1:1	2	neutral	4146289
15	23710146	24329926	NA	619781	10349	2.0029014	10299	680	1556.0	mappable	0.077725	3.0	NA	0.00188459762	0.00136986301	0.00295714424	0.10394255	0.10531241	23710146	23710146	24329926	24329926	0.19318382	1	438892.3	22.761859	0.9946126	NA	NA	0.0	1.00145069	1.0014507	1	1	1:1	2	neutral	4146289
15	24329927	24830091	NA	500165	0	0.0	0	0	NA	mappable	NA	NA	NA	NA	inf	0.99435714424	0.10564099	inf	24329927	24329927	24830091	24830091	NA	missing	NA	NA	0.0	NA	NA	0.0	0.0	0.0	0	0	NA	0	homozygousDel	4146289
15	24830092	28529988	NA	3699897	57368	2.0029014	57136	3071	8914.0	mappable	0.0753	3.0	NA	0.00336540238	0.00030275507	0.00974285576	0.091663	0.09196576	24830092	24830092	28529988	28529988	0.14870473	1	438892.3	22.761859	0.9946126	NA	NA	0.0	1.00145069	1.0014507	1	1	1:1	2	neutral	4146289
15	29100034	30369914	NA	1269883	18259	2.0029014	18215	665	2949.0	mappable	0.07489932	3.0	self	0.00380067339	0.00141043724	0.01213936123	0.0986375	0.10004794	29100034	29100034	30369914	30369914	0.14187274	1	438892.3	22.761859	0.9946126	NA	NA	0.0	1.00145069	1.0014507	1	1	1:1	2	neutral	4146289
15	31160110	82479795	NA	51319695	689840	2.0029014	687495	29387	113170.0	mappable	0.0753	3.0	self	0.00166088547	3.151492e-05	0.00205602751	0.07808532	0.07811683	31160110	31160110	82479795	82479795	0.13754803	1	438892.3	22.761859	0.9946126	NA	NA	0.0	1.00145069	1.0014507	1	1	1:1	2	neutral	4146289
15	83211507	89159947	NA	5948442	82906	2.0029014	82658	3222	13427.0	mappable	0.0753	3.0	NA	0.00061055298	0.00028818444	0.00861550912	0.08887277	0.08916096	83211507	83211507	89159859	89160035	0.16127781	1	438892.3	22.761859	0.9946126	NA	NA	0.0	1.00145069	1.0014507	1	1	1:1	2	neutral	4146289
15	89159947	89180002	NA	20056	387	1.615025	387	0	70.0	mappable	NA	NA	NA	NA	inf	0.07685714424	0.13994091	inf	89159859	89160035	89179986	89180002	NA	missing	395391.7	NA	0.9175	NA	NA	NA	NA	NA	NA	NA	NA	NA	NA	4146289
15	89180003	102399920	NA	13219920	212359	2.0029014	211689	9000	34653.0	mappable	0.078725	3.0	edge	0.00028923208	0.00010341262	0.00050341971	0.0845444	0.08464781	89180003	89180019	102399920	102399920	0.14397228	1	438892.3	22.761859	0.9946126	NA	NA	0.0	1.00145069	1.0014507	1	1	1:1	2	neutral	4146289
16	100010	110011	NA	10002	180	2.4069945	180	2	32.0	mappable	0.11133102	2.0	edge	0.03266562186	0.5	0.13014285576	0.15051173	0.65051173	100010	100010	109988	110034	NA	missing	486431.5	25.226412	1.0749492	NA	NA	NA	NA	NA	NA	NA	NA	NA	NA	4146289
16	110011	1689988	NA	1579978	25588	2.0029014	25422	981	4100.0	mappable	0.08171207	3.0	NA	0.00348459762	0.00087183958	0.00294285576	0.09712758	0.09799942	109988	110034	1689920	1690056	0.13874062	1	438892.3	22.761859	0.9946126	NA	NA	0.0	1.00145069	1.0014507	1	1	1:1	2	neutral	4146289
16	1689988	1700044	NA	10057	176	2.592354	176	0	27.0	mappable	NA	NA	NA	NA	inf	0.11744285576	0.15042217	inf	1689920	1690056	1699956	1700132	NA	missing	430488.6	NA	1.1118	NA	NA	NA	NA	NA	NA	NA	NA	NA	NA	4146289
16	1700044	9764995	NA	8064955	167780	2.0029014	167120	7905	26854.0	mappable	0.08215	3.0	NA	0.00223565389	0.00011675423	0.0049174743	0.08717166	0.08728842	1699956	1700132	9759979	9770011	0.16156264	1	438892.3	22.761859	0.9946126	NA	NA	0.0	1.00145069	1.0014507	1	1	1:1	2	neutral	4146289
16	9764995	9789969	NA	24975	455	2.4069945	443	79	73.0	mappable	0.12065896	2.0	NA	0.04663165644	0.01098901099	0.06994285576	0.13690943	0.14789845	9759979	9770011	9789917	9789969	0.28943331	1	486431.5	25.226412	1.0749492	NA	NA	0.0	1.20349724	1.2034972	1	1	1:1	2	neutral	4146289
16	9789970	9799975	NA	10006	253	1.6562418	253	17	32.0	mappable	0.07875759	4.0	NA	9.218412e-05	0.05882352941	0.05485714424	0.1505052	0.20932873	9789970	9790022	9799940	9799975	NA	missing	464548.6	23.855982	0.9256942	NA	NA	NA	NA	NA	NA	NA	NA	NA	NA	4146289
16	9799976	16289940	NA	6489967	102998	2.0029014	102590	5403	16861.0	mappable	0.078725	3.0	self	0.00102395401	0.00017208742	0.02076742614	0.08837912	0.08855121	9799976	9800011	16289940	16289940	0.13610646	1	438892.3	22.761859	0.9946126	NA	NA	0.0	1.00145069	1.0014507	1	1	1:1	2	neutral	4146289
16	16870104	18169896	NA	1299793	20456	2.0029014	20367	810	3320.0	mappable	0.0753	3.0	self	0.00336540238	0.00111234705	0.02654285576	0.09847438	0.09958673	16870104	16870104	18169896	18169896	0.12145963	1	438892.3	22.761859	0.9946126	NA	NA	0.0	1.00145069	1.0014507	1	1	1:1	2	neutral	4146289
16	18800044	29039945	NA	10239903	125106	2.0029014	124526	5290	21089.0	mappable	0.078725	3.0	self	0.00060233496	0.00017035775	0.01349986501	0.08588225	0.08605261	18800044	18800044	29039945	29039945	0.16191884	1	438892.3	22.761859	0.9946126	NA	NA	0.0	1.00145069	1.0014507	1	1	1:1	2	neutral	4146289
16	29670028	31959970	NA	2289943	17505	2.0029014	17438	502	3091.0	mappable	0.0786	3.0	self	0.00347444493	0.00175746924	0.00505714424	0.09466613	0.0964236	29670028	29670028	31959970	31959970	0.21744919	1	438892.3	22.761859	0.9946126	NA	NA	0.0	1.00145069	1.0014507	1	1	1:1	2	neutral	4146289
16	32520030	32649899	NA	129870	3149	2.4069945	2794	0	515.0	mappable	NA	2.0	NA	0.00783206905	0.00281690141	0.07304285576	0.11773911	0.12055601	32520030	32520030	32649899	32649899	NA	missing	486431.5	NA	1.0749492	NA	NA	NA	NA	NA	NA	NA	NA	NA	NA	4146289
16	33590105	35279959	NA	1689855	15426	2.0029014	15374	75	2663.0	mappable	0.09050449	3.0	self	0.00678395659	0.00787401575	0.00515714424	0.09667221	0.10454623	33590105	33590105	35279959	35279959	0.21387625	1	438892.3	22.761859	0.9946126	NA	NA	0.0	1.00145069	1.0014507	1	1	1:1	2	neutral	4146289
16	46450014	54680006	NA	8229994	112962	2.0029014	112562	5200	18634.0	mappable	0.078725	3.0	self	0.00023389318	0.00017857143	0.00118008066	0.08706077	0.08723934	46450014	46450014	54679925	54680087	0.15108087	1	438892.3	22.761859	0.9946126	NA	NA	0.0	1.00145069	1.0014507	1	1	1:1	2	neutral	4146289
16	54680006	54710034	NA	30029	318	2.4069945	318	11	45.0	mappable	0.04316818	2.0	NA	0.03549722056	0.09090909091	0.10104285576	0.1344622	0.22537129	54679925	54680087	54709969	54710099	NA	missing	486431.5	25.226412	1.0749492	NA	NA	NA	NA	NA	NA	NA	NA	NA	NA	4146289
16	54710034	54729996	NA	19963	309	1.6562418	304	11	63.0	mappable	0.04722713	4.0	NA	0.01829089338	0.0625	0.08165714424	0.1400066	0.2025066	54709969	54710099	54729978	54729996	NA	missing	464548.6	23.855982	0.9256942	NA	NA	NA	NA	NA	NA	NA	NA	NA	NA	4146289
16	54729997	82660008	NA	27930016	436806	2.0029014	435316	19217	70504.0	mappable	0.0753	3.0	self	0.00206435236	4.829285e-05	0.00288863786	0.08085606	0.08090435	54729997	54730015	82659943	82660008	0.13087726	1	438892.3	22.761859	0.9946126	NA	NA	0.0	1.00145069	1.0014507	1	1	1:1	2	neutral	4146289
16	82660009	82680018	NA	20010	525	2.4069945	525	16	85.0	mappable	0.11933014	2.0	NA	0.04066473946	0.0625	0.06334285576	0.13997336	0.20247336	82660009	82660074	82679986	82680050	NA	missing	486431.5	25.226412	1.0749492	NA	NA	NA	NA	NA	NA	NA	NA	NA	NA	4146289
16	82680018	82699912	NA	19895	531	1.6562418	531	14	83.0	mappable	0.10906136	4.0	NA	0.03039595293	0.07142857143	0.05695714424	0.14005486	0.21148343	82679986	82680050	82699816	82699912	NA	missing	464548.6	23.855982	0.9256942	NA	NA	NA	NA	NA	NA	NA	NA	NA	NA	4146289
16	82699913	90109969	NA	7410063	150864	2.0029014	150138	8198	24286.0	mappable	0.078725	3.0	edge	0.00065343483	0.00011205737	0.0117553067	0.08763837	0.08775043	82699913	82700009	90109969	90109969	0.16519356	1	438892.3	22.761859	0.9946126	NA	NA	0.0	1.00145069	1.0014507	1	1	1:1	2	neutral	4146289
17	20080	18239982	NA	18219905	232226	1.0892049	231295	10021	38522.0	mappable	0.208875	NA	edge	0.12913702488	9.130752e-05	0.18139398077	0.08292214	0.08301344	20080	20080	18239982	18239982	0.70514323	2	341061.2	20.842626	0.8129632	20.85131	0.9171447	0.83428949	0.09024635	0.9989585	1	0	1:0	1	LOH	4146289
17	18750212	19830027	NA	1079816	9370	1.021988	9332	286	1627.0	mappable	0.18290833	NA	NA	0.11351793095	0.00308641975	0.19475714424	0.09978868	0.1028751	18750212	18750212	19819966	19840088	0.76969582	2	333865.9	20.820248	0.7996	20.75254	0.986466	0.97293198	0.01383159	1.0081564	1	0	1:0	1	LOH	4146289
17	19830027	22239986	NA	2409960	16432	2.0029014	15847	367	2781.0	mappable	0.08194167	3.0	self	0.01046994245	0.00105042017	0.01345714424	0.09433705	0.09538747	19819966	19840088	22239986	22239986	0.17992953	1	438892.3	22.761859	0.9946126	NA	NA	0.0	1.00145069	1.0014507	1	1	1:1	2	neutral	4146289
17	25390040	44279982	NA	18889943	210814	2.0029014	210063	8238	35543.0	mappable	0.078725	3.0	self	5.959762e-05	0.00011124708	0.00835714424	0.08274339	0.08285464	25390040	25390040	44279982	44279982	0.15109256	1	438892.3	22.761859	0.9946126	NA	NA	0.0	1.00145069	1.0014507	1	1	1:1	2	neutral	4146289
17	44790026	81109940	NA	36319918	475415	2.0029014	473495	20331	78532.0	mappable	0.078725	3.0	edge	0.00037417879	4.49418e-05	0.00438711456	0.07963604	0.07968098	44790026	44790026	81109940	81109940	0.14661229	1	438892.3	22.761859	0.9946126	NA	NA	0.0	1.00145069	1.0014507	1	1	1:1	2	neutral	4146289
18	130031	14119956	NA	13989928	212567	2.0029014	211834	10424	34810.0	mappable	0.0753	3.0	edge	0.00361564099	8.963786e-05	0.00037982086	0.0842535	0.08434314	130031	130031	14119956	14119956	0.14941146	1	438892.3	22.761859	0.9946126	NA	NA	0.0	1.00145069	1.0014507	1	1	1:1	2	neutral	4146289
18	14119957	14910026	NA	790070	0	0.0	0	0	NA	mappable	NA	NA	NA	NA	inf	0.99435714424	0.10208446	inf	14119957	14119957	14910026	14910026	NA	missing	NA	NA	0.0	NA	NA	0.0	0.0	0.0	0	0	NA	0	homozygousDel	4146289
18	14910027	14929888	NA	19862	364	2.013904	364	0	60.0	mappable	NA	NA	NA	NA	inf	0.00244285576	0.14007836	inf	14910027	14910027	14929888	14929888	NA	missing	429185.0	NA	0.9968	NA	NA	NA	NA	NA	NA	NA	NA	NA	NA	4146289
18	18540053	78009968	NA	59469921	878605	2.0029014	875400	41753	140819.0	mappable	0.0753	3.0	edge	0.00240709138	2.224298e-05	0.00134816611	0.07744237	0.07746461	18540053	18540053	78009968	78009968	0.14489125	1	438892.3	22.761859	0.9946126	NA	NA	0.0	1.00145069	1.0014507	1	1	1:1	2	neutral	4146289
19	260137	24569972	NA	24309837	255823	2.0029014	254220	11024	42610.0	mappable	0.078725	3.0	edge	0.00120766569	7.919537e-05	0.00263184893	0.08151608	0.08159527	260137	260137	24569972	24569972	0.17645383	1	438892.3	22.761859	0.9946126	NA	NA	0.0	1.00145069	1.0014507	1	1	1:1	2	neutral	4146289
19	27750002	43209995	NA	15459995	197363	2.0029014	196517	7856	32370.0	mappable	0.078725	3.0	NA	5.234929e-05	0.00011491611	0.00148857304	0.08374495	0.08385987	27750002	27750002	43209995	43209995	0.16924721	1	438892.3	22.761859	0.9946126	NA	NA	0.0	1.00145069	1.0014507	1	1	1:1	2	neutral	4146289
19	43209996	43800005	NA	590010	0	0.0	0	0	NA	mappable	NA	NA	NA	NA	inf	0.99435714424	0.10432761	inf	43209996	43209996	43800005	43800005	NA	missing	NA	NA	0.0	NA	NA	0.0	0.0	0.0	0	0	NA	0	homozygousDel	4146289
19	43800006	59089999	NA	15289995	162115	2.0029014	161296	6779	27371.0	mappable	0.08215	3.0	edge	0.00346482877	0.00013161358	0.01094830422	0.08380093	0.08393254	43800006	43800006	59089999	59089999	0.18336822	1	438892.3	22.761859	0.9946126	NA	NA	0.0	1.00145069	1.0014507	1	1	1:1	2	neutral	4146289
20	60479	25729738	NA	25669262	400129	2.0029014	399012	17871	64054.0	mappable	0.078725	3.0	edge	0.00184727886	5.266761e-05	7.302378e-05	0.08125609	0.08130876	60479	60479	25729738	25729738	0.14517347	1	438892.3	22.761859	0.9946126	NA	NA	0.0	1.00145069	1.0014507	1	1	1:1	2	neutral	4146289
20	29810057	62909989	NA	33099939	496615	2.0029014	494609	18423	82569.0	mappable	0.078725	3.0	edge	0.00077580976	4.895002e-05	0.00131802767	0.08006301	0.08011196	29810057	29810057	62909989	62909989	0.1576607	1	438892.3	22.761859	0.9946126	NA	NA	0.0	1.00145069	1.0014507	1	1	1:1	2	neutral	4146289
21	10720001	10755032	NA	35032	1751	2.441454	1700	0	151.0	mappable	NA	NA	edge	0.12828291778	0.01960784314	0.08744285576	0.13248204	0.15208988	10720001	10720001	10739886	10770178	NA	missing	1149117.9	NA	1.0818	NA	NA	NA	NA	NA	NA	NA	NA	NA	NA	4146289
21	10755032	11179964	NA	424933	3382	1.689972	3109	0	528.0	mappable	NA	NA	NA	0.16377511486	0.00366300366	0.06195714424	0.10696974	0.11063275	10739886	10770178	11179964	11179964	NA	missing	1272968.6	NA	0.9324	NA	NA	NA	NA	NA	NA	NA	NA	NA	NA	4146289
21	15410077	46229983	NA	30819915	483341	2.0029014	481215	23032	78006.0	mappable	0.0753	3.0	self	0.00199913325	3.974879e-05	0.00308211109	0.08039438	0.08043413	15410077	15410077	46229962	46230004	0.1530746	1	438892.3	22.761859	0.9946126	NA	NA	0.0	1.00145069	1.0014507	1	1	1:1	2	neutral	4146289
21	46229983	46269978	NA	39996	512	1.6562418	512	42	82.0	mappable	0.07155	4.0	NA	0.00711540238	0.02380952381	0.06095714424	0.13082526	0.15463478	46229962	46230004	46269938	46270018	0.22709887	1	464548.6	23.855982	0.9256942	NA	NA	0.0	0.82812091	0.8281209	1	1	1:1	2	neutral	4146289
21	46269978	46279912	NA	9935	236	2.4069945	228	0	45.0	mappable	NA	2.0	NA	0.02476357311	0.125	0.09634285576	0.15062164	0.27562164	46269938	46270018	46279804	46279912	NA	missing	486431.5	NA	1.0749492	NA	NA	NA	NA	NA	NA	NA	NA	NA	NA	4146289
21	46279913	48099931	NA	1820019	31700	2.0029014	31387	1561	5465.0	mappable	0.07883571	3.0	edge	5.959762e-05	0.00053361793	0.01245714424	0.09617455	0.09670817	46279913	46280021	48099931	48099931	0.1720783	1	438892.3	22.761859	0.9946126	NA	NA	0.0	1.00145069	1.0014507	1	1	1:1	2	neutral	4146289
22	16850007	17310016	NA	460010	1411	1.6562418	1316	60	286.0	mappable	0.07523333	4.0	edge	0.00610959762	0.0064516129	0.07675714424	0.10631904	0.11277065	16850007	16850007	17309888	17310016	0.09249431	1	464548.6	23.855982	0.9256942	NA	NA	0.0	0.82812091	0.8281209	1	1	1:1	2	neutral	4146289
22	17310017	51179984	NA	33869972	453462	2.0029014	451531	19733	76157.0	mappable	0.078725	3.0	edge	0.00075178661	4.616166e-05	0.00474814859	0.07995681	0.08000297	17310017	17310145	51179984	51179984	0.17042006	1	438892.3	22.761859	0.9946126	NA	NA	0.0	1.00145069	1.0014507	1	1	1:1	2	neutral	4146289
23	2700027	58460019	NA	55759993	487630	1.009467	487630	575	42124.0	mappable	0.243125	NA	NA	NA	NA	NA	NA	NA	2700027	2700027	58459992	58460046	0.23451715	1	223550.0	9.667028	0.9978	NA	NA	NA	NA	NA	1	NA	1	1	neutral	4146289
23	58460019	58499983	NA	39965	713	1.3306325	713	0	58.0	mappable	NA	NA	NA	NA	NA	NA	NA	NA	58459992	58460046	58499983	58499983	NA	missing	234707.6	NA	1.1255	NA	NA	NA	NA	NA	1	NA	1	1	neutral	4146289
23	61750000	61909982	NA	159983	3141	1.263482	3141	1	253.0	mappable	0.2	NA	NA	NA	NA	NA	NA	NA	61750000	61750000	61909959	61910005	NA	missing	229207.0	13.752422	1.0988	NA	NA	NA	NA	NA	1	NA	1	1	neutral	4146289
23	61909982	81740000	NA	19830019	167269	1.003431	167269	183	14193.0	mappable	0.071875	NA	NA	NA	NA	NA	NA	NA	61909959	61910005	81739989	81740011	0.25826749	1	223200.1	11.160007	0.9954	NA	NA	NA	NA	NA	1	NA	1	1	neutral	4146289
23	81740000	81759984	NA	19985	285	1.334908	285	1	20.0	mappable	0.18518519	NA	NA	NA	NA	NA	NA	NA	81739989	81740011	81759938	81759984	NA	missing	233461.2	9.51138	1.1272	NA	NA	NA	NA	NA	1	NA	1	1	neutral	4146289
23	81759985	83019967	NA	1259983	13079	0.992365	13079	11	1038.0	mappable	0.763725	NA	NA	NA	NA	NA	NA	NA	81759985	81760031	83019855	83019967	NA	missing	218643.8	4.969177	0.991	NA	NA	NA	NA	NA	1	NA	1	1	neutral	4146289
23	83019968	83034958	NA	14991	82	1.4850535	82	0	5.0	mappable	NA	NA	NA	NA	NA	NA	NA	NA	83019968	83020080	83029912	83034958	NA	missing	242593.0	NA	1.1869	NA	NA	NA	NA	NA	1	NA	1	1	neutral	4146289
23	83034959	88459980	NA	5425022	60823	1.0202815	60823	86	4932.0	mappable	0.359575	NA	NA	NA	NA	NA	NA	NA	83034959	83040005	88459980	88459980	NA	missing	223157.0	10.240594	1.0021	NA	NA	NA	NA	NA	1	NA	1	1	neutral	4146289
23	88990017	89349936	NA	359920	1087	1.024054	1087	1	79.0	mappable	0.71428571	NA	NA	NA	NA	NA	NA	NA	88990017	88990017	89349936	89349936	NA	missing	217879.5	18.675388	1.0036	NA	NA	NA	NA	NA	1	NA	1	1	neutral	4146289
23	89349937	90140198	NA	790262	0	0.0	0	0	NA	mappable	NA	NA	NA	NA	NA	NA	NA	NA	89349937	89349937	90140198	90140198	NA	missing	NA	NA	0.0	NA	NA	0.0	0.0	0.0	0	0	-1	0	homozygousDel	4146289
23	90140199	91529952	NA	1389754	5087	1.018521	5087	6	412.0	mappable	0.9521	NA	NA	NA	NA	NA	NA	NA	90140199	90140199	91529952	91529952	NA	missing	220951.9	6.44443	1.0014	NA	NA	NA	NA	NA	1	NA	1	1	neutral	4146289
23	91529953	92379999	NA	850047	0	0.0	0	0	NA	mappable	NA	NA	NA	NA	NA	NA	NA	NA	91529953	91529953	92379999	92379999	NA	missing	NA	NA	0.0	NA	NA	0.0	0.0	0.0	0	0	-1	0	homozygousDel	4146289
23	92380000	110910048	NA	18530049	162471	0.9820535	162471	181	14062.0	mappable	0.051325	NA	NA	NA	NA	NA	NA	NA	92380000	92380000	110909939	110910157	0.02123082	1	222225.1	10.774549	0.9869	NA	NA	NA	NA	NA	1	NA	1	1	neutral	4146289
23	110910048	110920105	NA	10058	68	0.53715	68	1	4.0	mappable	0.83333333	NA	NA	NA	NA	NA	NA	NA	110909939	110910157	110919858	110920105	NA	missing	199138.0	18.254317	0.81	NA	NA	NA	NA	NA	1	NA	1	1	neutral	4146289
23	110920106	118029978	NA	7109873	70549	0.987335	70549	55	5943.0	mappable	0.092425	NA	NA	NA	NA	NA	NA	NA	110920106	110920353	118029936	118030020	NA	missing	219997.3	10.999864	0.989	NA	NA	NA	NA	NA	1	NA	1	1	neutral	4146289
23	118029978	118039997	NA	10020	118	1.6515465	118	0	10.0	mappable	NA	NA	NA	NA	NA	NA	NA	NA	118029936	118030020	118039938	118039997	NA	missing	242280.0	NA	1.2531	NA	NA	NA	NA	NA	2	NA	2	2	gain	4146289
23	118039998	127199993	NA	9159996	86009	1.0051915	86009	86	7390.0	mappable	0.174625	NA	NA	NA	NA	NA	NA	NA	118039998	118040057	127199927	127200059	NA	missing	224701.2	11.235058	0.9961	NA	NA	NA	NA	NA	1	NA	1	1	neutral	4146289
23	127199993	127210067	NA	10075	81	1.3779145	81	0	6.0	mappable	NA	NA	NA	NA	NA	NA	NA	NA	127199927	127200059	127209983	127210151	NA	missing	229225.6	NA	1.1443	NA	NA	NA	NA	NA	1	NA	1	1	neutral	4146289
23	127210067	154929639	NA	27719573	244368	0.9981495	244368	321	20823.0	mappable	0.3219	NA	NA	NA	NA	NA	NA	NA	127209983	127210151	154929639	154929639	0.15973166	1	220402.4	10.172418	0.9933	NA	NA	NA	NA	NA	1	NA	1	1	neutral	4146289
24	2653090	2919837	NA	266748	291	1.000916	291	2	24.0	mappable	0.57142857	NA	NA	NA	NA	NA	NA	NA	2653090	2653090	2919837	2919837	NA	missing	230284.0	4.934658	0.9944	NA	NA	NA	NA	NA	1	NA	1	1	neutral	4146289
24	3712028	3719919	NA	7892	141	0.9946285	141	109	6.0	mappable	0.08538721	NA	NA	NA	NA	NA	NA	NA	3712028	3712028	3719919	3719919	0.02466212	1	453264.3	22.663215	0.9919	NA	NA	NA	NA	NA	1	NA	1	1	neutral	4146289
24	6420014	10069977	NA	3649964	6029	0.948101	6029	30	579.0	mappable	0.0827	NA	NA	NA	NA	NA	NA	NA	6420014	6420014	10069977	10069977	NA	missing	209392.9	8.513779	0.9734	NA	NA	NA	NA	NA	1	NA	1	1	neutral	4146289
24	13130467	19558992	NA	6428526	11861	0.8980525	11862	137	1591.0	mappable	0.1997	NA	NA	NA	NA	NA	NA	NA	13130467	13130467	19558992	19558992	0.23680541	1	251511.0	11.113277	0.9535	NA	NA	NA	NA	NA	1	NA	1	1	neutral	4146289
24	20802956	23808171	NA	3005216	2833	1.0348685	2833	7	277.0	mappable	0.41609572	NA	NA	NA	NA	NA	NA	NA	20802956	20802956	23808171	23808171	NA	missing	228408.8	6.525967	1.0079	NA	NA	NA	NA	NA	1	NA	1	1	neutral	4146289
24	24381338	24508205	NA	126868	227	0.9116335	227	0	21.0	mappable	NA	NA	NA	NA	NA	NA	NA	NA	24381338	24381338	24508205	24508205	NA	missing	224709.2	NA	0.9589	NA	NA	NA	NA	NA	1	NA	1	1	neutral	4146289
24	28780461	28789809	NA	9349	78	0.9337655	78	13	13.0	mappable	0.41070943	NA	NA	NA	NA	NA	NA	NA	28780461	28780461	28789809	28789809	NA	missing	397972.9	12.436653	0.9677	NA	NA	NA	NA	NA	1	NA	1	1	neutral	4146289
