#chromosome	start	end	crest	length	tcnNbrOfLoci	tcnMean	tcnNbrOfSNPs	tcnNbrOfHets	dhNbrOfLoci	map	dhMax	cluster	neighbour	distDH	errorSNP	distTcn	errorLength	totalError	minStart	maxStart	minStop	maxStop	area	peaks	meanCovT	meanCovB	tcnMeanRaw	AF	BAF	dhMean	c1Mean	c2Mean	A	B	genotype	TCN	GNL	PID
1	840009	8199995	NA	7359987	111231	2.00144152	110665	1477	5445.0	mappable	0.69835	8.0	edge	0.63120356573	0.00048947626	0.0008427453	0.08767595	0.08816543	840009	840009	8199879	8199995	0.49186852	2	412859.5	33.332111	1.0004757	20.63316	0.9655642	0.93112846	0.068921179	1.9325203	2	0	2:0	2	cnLOH	4150549
1	8199996	8219897	NA	19902	349	2.72454545	348	0	21.0	mappable	NA	NA	NA	0.07592143427	1.0	0.2389427453	0.14004988	1.14004988	8199996	8200112	8219748	8220046	NA	missing	461650.2	NA	1.2391	NA	NA	NA	NA	NA	NA	NA	NA	NA	NA	4150549
1	8219897	12839977	NA	4620083	57905	1.9987103	57605	588	2839.0	mappable	0.069475	6.0	self	0.00649209572	0.00112612613	0.003902218	0.09033633	0.09146245	8219748	8220046	12839977	12839977	0.18421227	1	417939.3	21.740175	0.9995744	NA	NA	0.0	0.999355152	0.9993552	1	1	1:1	2	neutral	4150549
1	13780016	120529963	NA	106749954	1368563	1.9987103	1364071	17991	66530.0	mappable	0.075325	6.0	self	0.00015847604	4.447805e-05	0.00099636945	0.07499158	0.07503606	13780016	13780016	120529963	120529963	0.16201536	1	417939.3	21.740175	0.9995744	NA	NA	0.0	0.999355152	0.9993552	1	1	1:1	2	neutral	4150549
1	121220004	121229986	NA	9983	174	1.9987103	172	0	11.0	mappable	NA	6.0	self	0.01962266058	0.5	0.0364427453	0.15054281	0.65054281	121220004	121220004	121229986	121229986	NA	missing	417939.3	NA	0.9995744	NA	NA	NA	NA	NA	NA	NA	NA	NA	NA	4150549
1	144010127	144019970	NA	9844	155	2.01962909	118	0	0.0	mappable	NA	2.0	NA	0.25518923045	0.02702702703	0.0121572547	0.15077238	0.17779941	144010127	144010127	144019970	144019970	NA	missing	472861.5	NA	1.0064776	NA	NA	NA	NA	NA	NA	NA	NA	NA	NA	4150549
1	144920087	145010060	NA	89974	810	1.9987103	735	0	29.0	mappable	NA	6.0	self	0.02091310094	0.01333333333	0.0027572547	0.1215272	0.13486054	144920087	144920087	145009930	145010060	NA	missing	417939.3	NA	0.9995744	NA	NA	NA	NA	NA	NA	NA	NA	NA	NA	4150549
1	145010061	145080101	NA	70041	1220	2.24008667	1048	0	60.0	mappable	NA	3.0	NA	0.01957746875	0.00581395349	0.1414427453	0.12425515	0.13006911	145010061	145010191	145079995	145080207	NA	missing	625968.1	NA	1.0792286	NA	NA	NA	NA	NA	NA	NA	NA	NA	NA	4150549
1	145080101	145739956	NA	659856	4223	2.00144152	4130	4	220.0	mappable	0.0526554054	8.0	NA	0.60586428002	0.01030927835	0.0080427453	0.10345653	0.1137658	145079995	145080207	145739956	145739956	NA	missing	412859.5	33.332111	1.0004757	NA	NA	NA	NA	NA	NA	NA	NA	NA	NA	4150549
1	146540101	147829895	NA	1289795	11486	1.9987103	11459	271	557.0	mappable	0.081175	6.0	self	0.00525356573	0.0033557047	5.72547e-05	0.09852843	0.10188413	146540101	146540101	147829895	147829895	0.11199776	1	417939.3	21.740175	0.9995744	NA	NA	0.0	0.999355152	0.9993552	1	1	1:1	2	neutral	4150549
1	149815060	189998348	NA	40183290	523602	1.9987103	521779	6596	25379.0	mappable	0.075325	6.0	NA	0.00062929325	0.00011877895	0.00113966758	0.07917627	0.07929505	149815060	149815060	189998285	189998348	0.15682228	1	417939.3	21.740175	0.9995744	NA	NA	0.0	0.999355152	0.9993552	1	1	1:1	2	neutral	4150549
1	189998349	190056430	DEL	58082	983	0.55787879	983	0	43.0	mappable	NA	NA	NA	NA	inf	0.4760572547	0.12637589	inf	189998349	189998373	190056417	190056430	NA	missing	242630.2	NA	0.5241	NA	NA	NA	NA	NA	NA	NA	NA	NA	NA	4150549
1	190056431	211649937	DEL	21593509	281508	1.9987103	280727	3713	13761.0	mappable	0.075325	6.0	NA	0.00023671019	0.00022251891	0.00337390889	0.08208801	0.08231053	190056431	190056555	211649875	211649937	0.14945992	1	417939.3	21.740175	0.9995744	NA	NA	0.0	0.999355152	0.9993552	1	1	1:1	2	neutral	4150549
1	211649938	211651933	NA	1996	27	0.78212121	26	0	0.0	mappable	NA	NA	NA	0.1548477965	1.0	0.4020572547	0.18243355	1.18243355	211649938	211650000	211651907	211651933	NA	missing	218115.0	NA	0.5981	NA	NA	NA	NA	NA	NA	NA	NA	NA	NA	4150549
1	211651934	211670862	DEL	18929	346	0.68818182	344	0	24.0	mappable	NA	NA	NA	0.56505219656	0.5	0.4330572547	0.14076269	0.64076269	211651934	211651936	211670792	211670862	NA	missing	206300.4	NA	0.5671	NA	NA	NA	NA	NA	NA	NA	NA	NA	NA	4150549
1	211670863	242980938	DEL	31310083	434126	1.9987103	432492	6580	20778.0	mappable	0.07825	6.0	self	0.00192556239	0.00012174336	0.0021374768	0.08032089	0.08044263	211670863	211670864	242949935	242980938	0.16580472	1	417939.3	21.740175	0.9995744	NA	NA	0.0	0.999355152	0.9993552	1	1	1:1	2	neutral	4150549
1	242980939	243033954	DUP	53016	543	3.35363636	541	25	20.0	mappable	0.3868755435	NA	identical	0.30256208022	0.03703703704	0.4465427453	0.1274361	0.16447314	242980939	242990004	243029968	243033954	NA	missing	614696.6	40.691182	1.4467	NA	NA	NA	NA	NA	NA	NA	NA	NA	NA	4150549
1	243033955	249209945	DUP	6175991	79576	1.9987103	79141	1427	3829.0	mappable	0.069475	6.0	edge	0.00397699281	0.00053705693	0.00989364256	0.0886594	0.08919646	243033955	243380035	249209945	249209945	0.19509541	1	417939.3	21.740175	0.9995744	NA	NA	0.0	0.999355152	0.9993552	1	1	1:1	2	neutral	4150549
2	20016	87059860	NA	87039853	1290498	1.9987103	1286419	18197	63076.0	mappable	0.0724	6.0	edge	0.00112050036	4.489136e-05	0.00087884958	0.07582889	0.07587378	20016	20016	87059860	87059860	0.15616962	1	417939.3	21.740175	0.9995744	NA	NA	0.0	0.999355152	0.9993552	1	1	1:1	2	neutral	4150549
2	88330099	89160000	NA	829902	10060	1.9987103	10012	134	507.0	mappable	0.0920613636	6.0	self	0.00817856573	0.00549450549	0.0090427453	0.10171604	0.10721055	88330099	88330099	89159998	89160002	0.06366857	1	417939.3	21.740175	0.9995744	NA	NA	0.0	0.999355152	0.9993552	1	1	1:1	2	neutral	4150549
2	89160000	89229990	NA	69991	1668	1.03749909	1667	10	78.0	mappable	0.0892606618	5.0	NA	0.01333922749	0.09090909091	0.3394572547	0.12426311	0.2151722	89159998	89160002	89229990	89229990	NA	missing	407193.9	21.440693	0.6823747	NA	NA	NA	NA	NA	NA	NA	NA	NA	NA	4150549
2	89840102	90239998	NA	399897	905	1.84212121	901	0	34.0	mappable	NA	NA	NA	0.47421976174	0.25	0.0522572547	0.10747332	0.35747332	89840102	89840102	90239998	90239998	NA	missing	600862.1	NA	0.9479	NA	NA	NA	NA	NA	NA	NA	NA	NA	NA	4150549
2	95580145	96239991	NA	659847	4439	1.9987103	4424	36	208.0	mappable	0.08175	6.0	NA	0.00190583846	0.01960784314	0.0008572547	0.10345663	0.12306447	95580145	95580145	96239991	96239991	0.01459247	1	417939.3	21.740175	0.9995744	NA	NA	0.0	0.999355152	0.9993552	1	1	1:1	2	neutral	4150549
2	96239992	96740020	NA	500029	0	0.0	0	0	NA	mappable	NA	NA	NA	NA	inf	1.0001572547	0.10564318	inf	96239992	96239992	96740020	96740020	NA	missing	NA	NA	0.0	NA	NA	0.0	0.0	0.0	0	0	NA	0	homozygousDel	4150549
2	96740021	104760020	NA	8020002	96143	1.9987103	95886	1356	4623.0	mappable	0.07825	6.0	NA	0.00439380226	0.0006199628	0.000464231	0.08720231	0.08782228	96740021	96740021	104759997	104760043	0.16110392	1	417939.3	21.740175	0.9995744	NA	NA	0.0	0.999355152	0.9993552	1	1	1:1	2	neutral	4150549
2	104760020	104790063	NA	30044	371	2.21454545	371	0	20.0	mappable	NA	NA	NA	NA	inf	0.0706427453	0.13445569	inf	104759997	104760043	104789979	104790147	NA	missing	461302.1	NA	1.0708	NA	NA	NA	NA	NA	NA	NA	NA	NA	NA	4150549
2	104790063	132189994	NA	27399934	344752	1.9987103	343818	5063	16782.0	mappable	0.07825	6.0	NA	0.00139550362	0.00016675004	0.00735667457	0.08094653	0.08111328	104789979	104790147	132189994	132189994	0.16239794	1	417939.3	21.740175	0.9995744	NA	NA	0.0	0.999355152	0.9993552	1	1	1:1	2	neutral	4150549
2	132189995	133009999	NA	820005	0	0.0	0	0	NA	mappable	NA	NA	NA	NA	inf	1.0001572547	0.10180566	inf	132189995	132189995	133009999	133009999	NA	missing	NA	NA	0.0	NA	NA	0.0	0.0	0.0	0	0	NA	0	homozygousDel	4150549
2	133010000	133045002	NA	35003	2367	1.65393939	2357	0	103.0	mappable	NA	NA	NA	0.68406467684	0.1	0.1143572547	0.13249253	0.23249253	133010000	133010000	133039972	133045002	NA	missing	307277.6	NA	0.8858	NA	NA	NA	NA	NA	NA	NA	NA	NA	NA	4150549
2	133045003	223519910	NA	90474913	1183607	1.9987103	1180041	16054	57268.0	mappable	0.0724	6.0	self	0.0027060244	5.09684e-05	0.00472059496	0.07566868	0.07571965	133045003	133050033	223519780	223520040	0.16811198	1	417939.3	21.740175	0.9995744	NA	NA	0.0	0.999355152	0.9993552	1	1	1:1	2	neutral	4150549
2	223519910	223560160	NA	40251	595	2.00144152	594	3	35.0	mappable	0.0040043103	8.0	identical	0.69863891056	0.25	0.0599427453	0.13074684	0.38074684	223519780	223520040	223559945	223560160	NA	missing	412859.5	33.332111	1.0004757	NA	NA	NA	NA	NA	NA	NA	NA	NA	NA	4150549
2	223560161	242999969	NA	19439809	289433	1.9987103	288296	4441	13876.0	mappable	0.07825	6.0	edge	0.00232856573	0.00017927573	0.0019427453	0.08260193	0.0827812	223560161	223560376	242999969	242999969	0.16711292	1	417939.3	21.740175	0.9995744	NA	NA	0.0	0.999355152	0.9993552	1	1	1:1	2	neutral	4150549
3	100074	6491794	NA	6391721	116874	1.9987103	116548	1619	5718.0	mappable	0.075325	6.0	edge	0.00016031602	0.00051413882	0.01186298077	0.08846515	0.08897929	100074	100074	6491706	6491794	0.15643596	1	417939.3	21.740175	0.9995744	NA	NA	0.0	0.999355152	0.9993552	1	1	1:1	2	neutral	4150549
3	6491795	6497442	DEL	5648	94	0.97363636	94	0	3.0	mappable	NA	NA	NA	NA	inf	0.3388572547	0.16046825	inf	6491795	6491821	6497435	6497442	NA	missing	291546.7	NA	0.6613	NA	NA	NA	NA	NA	NA	NA	NA	NA	NA	4150549
3	6497443	6649955	DEL	152513	2454	2.01962909	2453	1	134.0	mappable	0.0196078432	2.0	NA	0.3138824873	0.5	0.0095572547	0.11615365	0.61615365	6497443	6497470	6649853	6649955	NA	missing	472861.5	29.428615	1.0064776	NA	NA	NA	NA	NA	NA	NA	NA	NA	NA	4150549
3	6649956	75519996	NA	68870045	957763	1.9987103	954707	13544	46701.0	mappable	0.07825	6.0	self	0.00256311804	6.024096e-05	0.00258266109	0.07681266	0.0768729	6649956	6650058	75279989	75760003	0.1620375	1	417939.3	21.740175	0.9995744	NA	NA	0.0	0.999355152	0.9993552	1	1	1:1	2	neutral	4150549
3	75519996	75850039	NA	330044	978	1.84366848	977	0	48.0	mappable	NA	7.0	identical	0.07592143427	1.0	0.1153572547	0.10909707	1.10909707	75279989	75760003	75769998	75850039	NA	missing	396407.1	NA	0.9484106	NA	NA	NA	NA	NA	NA	NA	NA	NA	NA	4150549
3	75850040	77909102	NA	2059063	28301	1.9987103	28256	408	1400.0	mappable	0.081175	6.0	self	0.00525356573	0.00220750552	0.0059427453	0.09535817	0.09756568	75850040	75930081	77909100	77909102	0.1220368	1	417939.3	21.740175	0.9995744	NA	NA	0.0	0.999355152	0.9993552	1	1	1:1	2	neutral	4150549
3	77910254	90460025	DEL	12549773	173786	1.9987103	173344	2600	8400.0	mappable	0.0724	6.0	self	0.00076951119	0.0003287311	0.00212523066	0.08481348	0.08514221	77910254	77910295	90459996	90460025	0.14052346	1	417939.3	21.740175	0.9995744	NA	NA	0.0	0.999355152	0.9993552	1	1	1:1	2	neutral	4150549
3	90460026	90499969	NA	39944	1471	1.75484848	1468	0	73.0	mappable	NA	NA	NA	0.10842033886	0.33333333333	0.0810572547	0.13084132	0.46417465	90460026	90460055	90499969	90499969	NA	missing	414866.5	NA	0.9191	NA	NA	NA	NA	NA	NA	NA	NA	NA	NA	4150549
3	93570175	151988115	NA	58417947	776471	1.9987103	774344	10599	37773.0	mappable	0.075325	6.0	NA	0.00030053942	7.857929e-05	0.00016448636	0.07751966	0.07759823	93570175	93570175	151988091	151988115	0.16534926	1	417939.3	21.740175	0.9995744	NA	NA	0.0	0.999355152	0.9993552	1	1	1:1	2	neutral	4150549
3	151988116	151988125	INV	10	0	0.0	0	0	NA	mappable	NA	NA	NA	NA	inf	1.0001572547	0.60205999	inf	151988116	151988116	151988125	151988125	NA	missing	NA	NA	0.0	NA	NA	0.0	0.0	0.0	0	0	NA	0	homozygousDel	4150549
3	151988126	162454189	INV	10466065	136268	1.9987103	135871	1961	6535.0	mappable	0.075325	6.0	NA	0.00077344162	0.00042408821	0.00077007674	0.08576618	0.08619027	151988126	151988135	162454179	162454189	0.14312886	1	417939.3	21.740175	0.9995744	NA	NA	0.0	0.999355152	0.9993552	1	1	1:1	2	neutral	4150549
3	162454190	162630011	NA	175822	2000	1.03749909	1994	12	109.0	mappable	0.1018931818	5.0	identical	0.03176189906	0.05555555556	0.2758572547	0.11478581	0.17034137	162454190	162454200	162629959	162630063	NA	missing	407193.9	21.440693	0.6823747	NA	NA	NA	NA	NA	NA	NA	NA	NA	NA	4150549
3	162630011	187462352	NA	24832344	331024	1.9987103	329981	4503	16214.0	mappable	0.069475	6.0	NA	0.00483362324	0.00018031013	0.00095722086	0.08141427	0.08159458	162629959	162630063	187462339	187462352	0.1496596	1	417939.3	21.740175	0.9995744	NA	NA	0.0	0.999355152	0.9993552	1	1	1:1	2	neutral	4150549
3	187462353	187462363	INV	11	1	2.0069697	1	0	0.0	mappable	NA	NA	NA	NA	inf	0.0021427453	0.57812965	inf	187462353	187462359	187462359	187462363	NA	missing	397505.0	NA	1.0023	NA	NA	NA	NA	NA	NA	NA	NA	NA	NA	4150549
3	187462364	197779892	INV	10317529	150922	1.9987103	150273	2350	7124.0	mappable	0.075325	6.0	edge	0.00059643427	0.00033344448	0.0104427453	0.08584209	0.08617553	187462364	187462366	197779892	197779892	0.18966255	1	417939.3	21.740175	0.9995744	NA	NA	0.0	0.999355152	0.9993552	1	1	1:1	2	neutral	4150549
4	50084	8939952	NA	8889873	143055	1.9987103	142277	1986	6984.0	mappable	0.081175	6.0	edge	0.00723435338	0.0003617945	0.00585678914	0.08664111	0.0870029	50084	50084	8939952	8939952	0.17340862	1	417939.3	21.740175	0.9995744	NA	NA	0.0	0.999355152	0.9993552	1	1	1:1	2	neutral	4150549
4	9800097	29022084	NA	19221988	295782	1.9987103	294919	4463	14551.0	mappable	0.07825	6.0	NA	0.00232856573	0.00018775817	0.0028572547	0.08265742	0.08284518	9800097	9800097	29022008	29022084	0.16210212	1	417939.3	21.740175	0.9995744	NA	NA	0.0	0.999355152	0.9993552	1	1	1:1	2	neutral	4150549
4	29022085	29023698	DEL	1614	24	1.75969697	24	0	0.0	mappable	NA	NA	NA	NA	inf	0.0794572547	0.1876802	inf	29022085	29022144	29023643	29023698	NA	missing	431041.0	NA	0.9207	NA	NA	NA	NA	NA	NA	NA	NA	NA	NA	4150549
4	29023699	29030001	DEL	6303	94	1.75969697	90	0	6.0	mappable	NA	NA	NA	0.08494046379	0.25	0.0794572547	0.15845572	0.40845572	29023699	29023853	29029951	29030001	NA	missing	431041.0	NA	0.9207	NA	NA	NA	NA	NA	NA	NA	NA	NA	NA	4150549
4	29030002	33199998	NA	4169997	67332	1.9987103	67206	926	3220.0	mappable	0.0724	6.0	self	0.00644643427	0.00095057034	0.0041427453	0.09094375	0.09189432	29030002	29030052	33199996	33199998	0.12756785	1	417939.3	21.740175	0.9995744	NA	NA	0.0	0.999355152	0.9993552	1	1	1:1	2	neutral	4150549
4	33199999	33259945	NA	59947	1046	2.00144152	1042	3	46.0	mappable	0.0006963415	8.0	identical	0.63015356573	0.14285714286	0.0381572547	0.12601283	0.26886997	33199999	33200001	33259889	33260001	NA	missing	412859.5	33.332111	1.0004757	NA	NA	NA	NA	NA	NA	NA	NA	NA	NA	4150549
4	33259945	49089961	NA	15830018	224391	1.9987103	223815	3380	10923.0	mappable	0.07825	6.0	self	0.00467206136	0.00025278059	0.00255142479	0.08362547	0.08387825	33259889	33260001	49089961	49089961	0.16568212	1	417939.3	21.740175	0.9995744	NA	NA	0.0	0.999355152	0.9993552	1	1	1:1	2	neutral	4150549
4	52680112	131940014	NA	79259910	1055780	1.9987103	1053050	15565	51596.0	mappable	0.075325	6.0	self	0.00046320648	5.465974e-05	0.00215434885	0.07621926	0.07627392	52680112	52680112	131939983	131940014	0.15702267	1	417939.3	21.740175	0.9995744	NA	NA	0.0	0.999355152	0.9993552	1	1	1:1	2	neutral	4150549
4	131940015	132360018	NA	420004	5310	1.03749909	5309	46	279.0	mappable	0.075325	5.0	identical	0.00059643427	0.02127659574	0.3303572547	0.10706613	0.12834273	131940015	131940046	132359973	132360063	0.0563718	1	407193.9	21.440693	0.6823747	NA	NA	0.0	0.518749545	0.5187495	sub	sub	sub:sub	sub	sub	4150549
4	132360018	190799944	NA	58439935	822088	1.9987103	819222	12992	39511.0	mappable	0.075325	6.0	edge	0.00022645414	6.305965e-05	0.00299694205	0.07751802	0.07758108	132359973	132360063	190799944	190799944	0.15689106	1	417939.3	21.740175	0.9995744	NA	NA	0.0	0.999355152	0.9993552	1	1	1:1	2	neutral	4150549
5	50017	24339988	NA	24289973	364753	1.9987103	363509	5723	17717.0	mappable	0.075325	6.0	edge	0.00287035857	0.0001435338	0.00100554506	0.08152	0.08166353	50017	50017	24339936	24340040	0.15013789	1	417939.3	21.740175	0.9995744	NA	NA	0.0	0.999355152	0.9993552	1	1	1:1	2	neutral	4150549
5	24339988	24360026	NA	20039	275	2.24121212	275	0	16.0	mappable	NA	NA	NA	NA	inf	0.0794427453	0.13995289	inf	24339936	24340040	24359996	24360056	NA	missing	472276.5	NA	1.0796	NA	NA	NA	NA	NA	NA	NA	NA	NA	NA	4150549
5	24360026	46399990	NA	22039967	311293	1.9987103	310573	3474	15086.0	mappable	0.0724	6.0	NA	0.00198365281	0.00023843586	0.00011291866	0.08198866	0.08222709	24359996	24360056	46399990	46399990	0.16918911	1	417939.3	21.740175	0.9995744	NA	NA	0.0	0.999355152	0.9993552	1	1	1:1	2	neutral	4150549
5	49470005	66140005	NA	16670004	219150	1.9987103	218653	2835	10808.0	mappable	0.0724	6.0	NA	0.00099882527	0.00030012005	0.00101849798	0.08336546	0.08366558	49470005	49470005	66139983	66140027	0.16341254	1	417939.3	21.740175	0.9995744	NA	NA	0.0	0.999355152	0.9993552	1	1	1:1	2	neutral	4150549
5	66140005	66169952	NA	29948	461	2.24939394	461	0	22.0	mappable	NA	NA	NA	NA	inf	0.0821427453	0.13449744	inf	66139983	66140027	66169867	66169952	NA	missing	445944.2	NA	1.0823	NA	NA	NA	NA	NA	NA	NA	NA	NA	NA	4150549
5	66169953	68829703	NA	2659751	32700	1.9987103	32618	379	1604.0	mappable	0.07825	6.0	NA	0.00525356573	0.0021691974	0.0015427453	0.09370815	0.09587735	66169953	66170038	68829703	68829703	0.15138777	1	417939.3	21.740175	0.9995744	NA	NA	0.0	0.999355152	0.9993552	1	1	1:1	2	neutral	4150549
5	70750153	133190099	NA	62439955	866704	1.9987103	864593	11263	41753.0	mappable	0.075325	6.0	NA	0.00101898794	7.477195e-05	0.0019615373	0.07723211	0.07730688	70750153	70750153	133189974	133190099	0.16190391	1	417939.3	21.740175	0.9995744	NA	NA	0.0	0.999355152	0.9993552	1	1	1:1	2	neutral	4150549
5	133190100	133209966	NA	19867	353	2.17757576	353	0	19.0	mappable	NA	NA	NA	NA	inf	0.0584427453	0.14007479	inf	133190100	133190225	133209913	133210019	NA	missing	392522.5	NA	1.0586	NA	NA	NA	NA	NA	NA	NA	NA	NA	NA	4150549
5	133209966	180689979	NA	47480022	638712	1.9987103	636878	8658	30582.0	mappable	0.07825	6.0	edge	0.0042560033	9.531071e-05	0.00120384643	0.07842886	0.07852417	133209913	133210019	180689979	180689979	0.16841426	1	417939.3	21.740175	0.9995744	NA	NA	0.0	0.999355152	0.9993552	1	1	1:1	2	neutral	4150549
6	201976	250040	NA	48065	985	1.9987103	983	31	53.0	mappable	0.1315023808	6.0	edge	0.05336446799	0.0303030303	0.0326427453	0.12859504	0.15889807	201976	201976	249993	250040	0.24721572	1	417939.3	21.740175	0.9995744	NA	NA	0.0	0.999355152	0.9993552	1	1	1:1	2	neutral	4150549
6	250041	710009	NA	459969	7439	2.47437182	7302	99	313.0	mappable	0.0560333334	NA	identical	0.02462815615	0.00423728814	0.15638539888	0.10631977	0.11055706	250041	250088	709945	710009	0.37201559	2	508540.1	27.20098	1.1565427	21.98536	0.5494089	0.09881789	1.11492981	1.359442	sub	1	sub:1	sub	sub	4150549
6	710010	29850014	NA	29140011	423889	1.9987103	422042	6286	20470.0	mappable	0.081175	6.0	self	0.00479248112	0.00012295586	0.00339131202	0.08065655	0.08077951	710010	710074	29839997	29860031	0.16918958	1	417939.3	21.740175	0.9995744	NA	NA	0.0	0.999355152	0.9993552	1	1	1:1	2	neutral	4150549
6	29850014	29959982	NA	109969	3507	2.56848485	3324	249	167.0	mappable	0.095	NA	identical	0.21155568437	0.00231481481	0.1874427453	0.11942625	0.12174106	29839997	29860031	29959964	29960000	0.38021257	2	470498.6	26.885636	1.1876	19.8088	0.6000809	0.2001618	1.027186147	1.5412987	sub	1	sub:1	sub	sub	4150549
6	29959982	31059597	NA	1099616	15920	1.9987103	15846	544	770.0	mappable	0.069475	6.0	self	0.00644643427	0.00161812298	0.0005427453	0.09965833	0.10127645	29959964	29960000	31059515	31059597	0.18205799	1	417939.3	21.740175	0.9995744	NA	NA	0.0	0.999355152	0.9993552	1	1	1:1	2	neutral	4150549
6	31059598	32439982	DEL	1380385	21021	0.98848485	20881	660	1031.0	mappable	0.51115	NA	NA	0.43522856573	0.00125	0.3339572547	0.09805537	0.09930537	31059598	31059599	32429961	32439982	0.85769818	2	257907.8	19.135093	0.6662	19.35663	0.9941061	0.98821226	0.005826002	0.9826588	1	0	1:0	1	LOH	4150549
6	32439983	32534986	NA	95004	2856	2.94333333	2500	178	109.0	mappable	0.46435	NA	NA	0.38257856573	0.00187265918	0.3111427453	0.12095042	0.12282308	32439983	32450004	32519968	32550004	0.39521294	2	477133.5	31.105432	1.3113	18.19315	0.7051032	0.41020638	0.867979604	2.0753537	2	1	2:1	3	gain	4150549
6	32534986	33457106	NA	922121	24513	1.00363636	23623	1098	1145.0	mappable	0.537475	NA	NA	0.45862856573	0.00050301811	0.3289572547	0.10093569	0.10143871	32519968	32550004	33429981	33457106	0.86778399	2	276485.0	20.736378	0.6712	20.59632	1.0066425	1.0	0.0	1.0036364	1	0	1:0	1	LOH	4150549
6	33457107	58019982	DEL	24562883	345707	1.9987103	343894	4435	16762.0	mappable	0.07825	6.0	self	0.00299054864	0.00016005122	0.00033125118	0.08146647	0.08162652	33457107	33460267	58019982	58019982	0.1513941	1	417939.3	21.740175	0.9995744	NA	NA	0.0	0.999355152	0.9993552	1	1	1:1	2	neutral	4150549
6	58610011	58769997	NA	159987	572	1.81666667	572	5	32.0	mappable	0.1779382352	NA	NA	0.10201680102	0.2	0.0606572547	0.11568989	0.31568989	58610011	58610011	58769997	58769997	NA	missing	427962.1	25.328366	0.9395	NA	NA	NA	NA	NA	NA	NA	NA	NA	NA	4150549
6	61890002	78904065	NA	17014066	239156	1.9987103	238502	3497	11435.0	mappable	0.075325	6.0	self	0.00018713595	0.00024090581	0.00146191522	0.08326317	0.08350407	61890002	61890002	78904047	78904065	0.15999974	1	417939.3	21.740175	0.9995744	NA	NA	0.0	0.999355152	0.9993552	1	1	1:1	2	neutral	4150549
6	78904066	79039946	NA	135881	2000	3.49787879	1992	42	90.0	mappable	0.0602499998	NA	identical	0.01338617786	0.02	0.4941427453	0.1172884	0.1372884	78904066	78904084	79039801	79039946	0.13576581	1	447739.1	23.059732	1.4943	NA	NA	0.0	1.748939394	1.7489394	2	2	2:2	4	gain	4150549
6	79039947	170899935	NA	91860002	1273872	1.9987103	1270004	18229	62403.0	mappable	0.075325	6.0	edge	0.00177556347	4.525501e-05	0.00361345374	0.07560598	0.07565124	79039947	79040092	170899935	170899935	0.1588005	1	417939.3	21.740175	0.9995744	NA	NA	0.0	0.999355152	0.9993552	1	1	1:1	2	neutral	4150549
7	40386	4629970	NA	4589588	85038	1.9987103	84636	1301	4232.0	mappable	0.0841	6.0	edge	0.01126522969	0.00058719906	0.00270152138	0.09037533	0.09096253	40386	40386	4619871	4629970	0.2050271	1	417939.3	21.740175	0.9995744	NA	NA	0.0	0.999355152	0.9993552	1	1	1:1	2	neutral	4150549
7	4650016	4840053	NA	190038	3580	2.01242424	3575	30	151.0	mappable	0.18355	NA	NA	0.10762856573	0.02857142857	0.0039427453	0.11405156	0.14262299	4650016	4650057	4839993	4840053	NA	missing	366041.5	18.525269	1.0041	NA	NA	NA	NA	NA	NA	NA	NA	NA	NA	4150549
7	4840054	4879960	NA	39907	838	2.00144152	830	2	32.0	mappable	0.6071428571	8.0	NA	0.67507856573	0.1	0.0564427453	0.13085276	0.23085276	4840054	4840114	4879905	4879960	NA	missing	412859.5	33.332111	1.0004757	NA	NA	NA	NA	NA	NA	NA	NA	NA	NA	4150549
7	4879961	36879980	NA	32000028	473059	1.9987103	471479	7065	23068.0	mappable	0.075325	6.0	NA	0.00034314533	0.0001156738	0.00413549483	0.08021958	0.08033525	4879961	4880016	36879906	36879980	0.14980049	1	417939.3	21.740175	0.9995744	NA	NA	0.0	0.999355152	0.9993552	1	1	1:1	2	neutral	4150549
7	36879981	36900048	NA	20068	320	2.12515152	320	0	16.0	mappable	NA	NA	NA	NA	inf	0.0411427453	0.13993246	inf	36879981	36880055	36899987	36900109	NA	missing	429876.8	NA	1.0413	NA	NA	NA	NA	NA	NA	NA	NA	NA	NA	4150549
7	36900048	38309140	NA	1409093	20254	1.9987103	20216	329	954.0	mappable	0.0797285714	6.0	NA	0.00699907855	0.00272479564	0.0003572547	0.09791282	0.10063761	36899987	36900109	38279836	38309140	0.11422565	1	417939.3	21.740175	0.9995744	NA	NA	0.0	0.999355152	0.9993552	1	1	1:1	2	neutral	4150549
7	38309141	38356624	DEL	47484	868	0.99939394	864	0	29.0	mappable	NA	NA	NA	0.55619434822	0.25	0.3303572547	0.12874028	0.37874028	38309141	38310000	38356567	38356624	NA	missing	202545.9	NA	0.6698	NA	NA	NA	NA	NA	NA	NA	NA	NA	NA	4150549
7	38356625	38360008	DEL	3384	58	1.43575758	58	0	5.0	mappable	NA	NA	NA	NA	inf	0.1863572547	0.17058277	inf	38356625	38356701	38359927	38360008	NA	missing	258771.1	NA	0.8138	NA	NA	NA	NA	NA	NA	NA	NA	NA	NA	4150549
7	38360009	57999988	NA	19639981	256432	1.9987103	255810	4233	12413.0	mappable	0.07825	6.0	NA	0.00222674802	0.00020597322	0.00357162264	0.08255154	0.08275751	38360009	38360090	57999988	57999988	0.14941351	1	417939.3	21.740175	0.9995744	NA	NA	0.0	0.999355152	0.9993552	1	1	1:1	2	neutral	4150549
7	61530139	72229988	NA	10699850	111914	1.9987103	111419	1545	5367.0	mappable	0.081175	6.0	self	0.00232856573	0.00049019608	0.0318572547	0.08564912	0.08613931	61530139	61530139	72229988	72229988	0.19994244	1	417939.3	21.740175	0.9995744	NA	NA	0.0	0.999355152	0.9993552	1	1	1:1	2	neutral	4150549
7	72750118	74139961	NA	1389846	10065	1.9987103	9989	62	465.0	mappable	0.08995	6.0	self	0.00552309801	0.00724637681	0.01764433865	0.09800802	0.1052544	72750118	72750118	74139961	74139961	0.32496776	2	417939.3	21.740175	0.9995744	20.90586	0.5305755	0.06115107	0.938243518	1.0604668	1	1	1:1	2	mixDH	4150549
7	75160045	76059952	NA	899908	8318	1.9987103	8289	60	367.0	mappable	0.0854215517	6.0	self	0.00525356573	0.01123595506	0.0229572547	0.10111521	0.11235116	75160045	75160045	76059952	76059952	0.28408283	1	417939.3	21.740175	0.9995744	NA	NA	0.0	0.999355152	0.9993552	1	1	1:1	2	neutral	4150549
7	76810004	147979995	NA	71169994	915383	1.9987103	912465	12617	45000.0	mappable	0.075325	6.0	self	0.0016359531	6.437078e-05	0.00193108931	0.07667311	0.07673748	76810004	76810004	147979989	147980001	0.14555752	1	417939.3	21.740175	0.9995744	NA	NA	0.0	0.999355152	0.9993552	1	1	1:1	2	neutral	4150549
7	147979995	148000034	NA	20040	383	2.24008667	378	13	16.0	mappable	0.083048227	3.0	NA	0.01695338072	0.05555555556	0.0742427453	0.13995219	0.19550774	147979989	147980001	147999979	148000089	NA	missing	625968.1	34.130267	1.0792286	NA	NA	NA	NA	NA	NA	NA	NA	NA	NA	4150549
7	148000034	148040002	NA	39969	574	1.84366848	570	9	15.0	mappable	0.1171	7.0	NA	0.03570192207	0.07692307692	0.0668572547	0.13083359	0.20775667	147999979	148000089	148039757	148040002	NA	missing	396407.1	21.08534	0.9484106	NA	NA	NA	NA	NA	NA	NA	NA	NA	NA	4150549
7	148040003	159119808	NA	11079808	156042	1.9987103	155084	2286	7623.0	mappable	0.075325	6.0	edge	0.00092452294	0.00030826141	0.00434922289	0.08546486	0.08577313	148040003	148040248	159119808	159119808	0.17492588	1	417939.3	21.740175	0.9995744	NA	NA	0.0	0.999355152	0.9993552	1	1	1:1	2	neutral	4150549
8	170012	945001	NA	774993	14418	1.9987103	14352	143	731.0	mappable	0.0655204546	6.0	edge	0.01249833123	0.004784689	0.01951769328	0.1022295	0.10701419	170012	170012	939976	945001	0.21064472	1	417939.3	21.740175	0.9995744	NA	NA	0.0	0.999355152	0.9993552	1	1	1:1	2	neutral	4150549
8	945002	980000	NA	34999	521	2.27606061	518	0	16.0	mappable	NA	NA	NA	0.38553039788	0.33333333333	0.0909427453	0.13249397	0.46582731	945002	950027	979979	980021	NA	missing	391848.8	NA	1.0911	NA	NA	NA	NA	NA	NA	NA	NA	NA	NA	4150549
8	980000	1095460	NA	115461	2664	2.00144152	2642	23	141.0	mappable	0.0888649125	8.0	NA	0.6584193552	0.02222222222	0.0003427453	0.11892695	0.14114917	979979	980021	1095460	1095460	NA	missing	412859.5	33.332111	1.0004757	NA	NA	NA	NA	NA	NA	NA	NA	NA	NA	4150549
8	1095461	1126071	NA	30611	750	2.24008667	740	24	29.0	mappable	0.1059588736	3.0	NA	0.02572856573	0.02941176471	0.0418427453	0.13421231	0.16362408	1095461	1095461	1126068	1126071	NA	missing	625968.1	34.130267	1.0792286	NA	NA	NA	NA	NA	NA	NA	NA	NA	NA	4150549
8	1126072	1179991	NA	53920	2000	1.9987103	1999	33	112.0	mappable	0.0451197367	6.0	self	0.03554643427	0.02941176471	0.0241572547	0.12723834	0.1566501	1126072	1126075	1179983	1179991	0.32973415	2	417939.3	21.740175	0.9995744	20.90586	0.5305755	0.06115107	0.938243518	1.0604668	1	1	1:1	2	mixDH	4150549
8	1179992	1259996	NA	80005	2466	2.12484848	2453	38	114.0	mappable	0.2027423076	NA	NA	0.12750224994	0.01960784314	0.0410427453	0.12279127	0.14239912	1179992	1180000	1259976	1260016	0.20096176	1	398989.1	21.270895	1.0412	NA	NA	0.0	1.062424242	1.0624242	1	1	1:1	2	neutral	4150549
8	1259996	1269979	NA	9984	396	1.84366848	388	10	20.0	mappable	0.1193166663	7.0	NA	0.01021606573	0.05555555556	0.0899572547	0.15054117	0.20609673	1259976	1260016	1269935	1269979	NA	missing	396407.1	21.08534	0.9484106	NA	NA	NA	NA	NA	NA	NA	NA	NA	NA	4150549
8	1269980	3509999	NA	2240024	58294	1.9987103	57810	903	2833.0	mappable	0.07825	6.0	self	0.00213039991	0.00072098053	0.01022904235	0.09480882	0.09552981	1269980	1270024	3509999	3509999	0.23015352	1	417939.3	21.740175	0.9995744	NA	NA	0.0	0.999355152	0.9993552	1	1	1:1	2	neutral	4150549
8	3510000	3519993	NA	9994	402	1.84366848	398	10	22.0	mappable	0.0540499997	7.0	NA	0.03704921205	0.07142857143	0.0575572547	0.15052481	0.22195338	3510000	3510000	3519975	3520011	NA	missing	396407.1	21.08534	0.9484106	NA	NA	NA	NA	NA	NA	NA	NA	NA	NA	4150549
8	3519993	3550006	NA	30014	792	2.01962909	787	2	40.0	mappable	0.338577292	2.0	NA	0.14875356573	0.14285714286	0.0570427453	0.13446872	0.27732586	3519975	3520011	3549998	3550014	NA	missing	472861.5	29.428615	1.0064776	NA	NA	NA	NA	NA	NA	NA	NA	NA	NA	4150549
8	3550006	3880003	NA	329998	13578	1.9987103	13528	279	645.0	mappable	0.0753380953	6.0	NA	0.00171761317	0.00303951368	0.00254413726	0.10909826	0.11213778	3549998	3550014	3879989	3880017	0.23050805	1	417939.3	21.740175	0.9995744	NA	NA	0.0	0.999355152	0.9993552	1	1	1:1	2	neutral	4150549
8	3880003	3890009	NA	10007	523	1.75454545	523	0	24.0	mappable	NA	NA	NA	NA	inf	0.0811572547	0.15050356	inf	3879989	3880017	3889993	3890009	NA	missing	419634.4	NA	0.919	NA	NA	NA	NA	NA	NA	NA	NA	NA	NA	4150549
8	3890010	3910003	NA	19994	979	2.24008667	972	1	62.0	mappable	0.18918919	3.0	NA	0.0255547619	0.125	0.0438427453	0.13998466	0.26498466	3890010	3890026	3909995	3910011	NA	missing	625968.1	34.130267	1.0792286	NA	NA	NA	NA	NA	NA	NA	NA	NA	NA	4150549
8	3910003	6919904	NA	3009903	91909	1.9987103	91716	1514	4499.0	mappable	0.0841	6.0	self	0.00738001196	0.00058582308	0.00095618686	0.09293125	0.09351707	3909995	3910011	6919904	6919904	0.14718498	1	417939.3	21.740175	0.9995744	NA	NA	0.0	0.999355152	0.9993552	1	1	1:1	2	neutral	4150549
8	8100000	9910007	NA	1810010	37196	1.9987103	36963	579	1805.0	mappable	0.07825	6.0	self	0.0014948343	0.00123152709	0.00059802813	0.09621136	0.09744289	8100000	8100000	9909994	9910020	0.18641692	1	417939.3	21.740175	0.9995744	NA	NA	0.0	0.999355152	0.9993552	1	1	1:1	2	neutral	4150549
8	9910007	9940024	NA	30018	704	1.84366848	701	21	28.0	mappable	0.051439394	7.0	NA	0.03157522215	0.04166666667	0.0447572547	0.13446698	0.17613364	9909994	9910020	9939968	9940080	NA	missing	396407.1	21.08534	0.9484106	NA	NA	NA	NA	NA	NA	NA	NA	NA	NA	4150549
8	9940024	9959993	NA	19970	387	2.24008667	385	0	16.0	mappable	NA	3.0	NA	0.03203311118	0.5	0.0599427453	0.14000164	0.64000164	9939968	9940080	9959956	9959993	NA	missing	625968.1	NA	1.0792286	NA	NA	NA	NA	NA	NA	NA	NA	NA	NA	4150549
8	9959994	11859985	NA	1899994	39230	1.9987103	39113	533	1821.0	mappable	0.07825	6.0	self	0.00309356573	0.00153846154	0.00155759627	0.09588848	0.09742694	9959994	9960031	11859985	11859985	0.21946827	1	417939.3	21.740175	0.9995744	NA	NA	0.0	0.999355152	0.9993552	1	1	1:1	2	neutral	4150549
8	12580042	24140004	NA	11559964	232882	1.9987103	232258	3543	11165.0	mappable	0.0724	6.0	self	0.00241974641	0.0002399808	0.00351219669	0.08524192	0.0854819	12580042	12580042	24139999	24140004	0.16720657	1	417939.3	21.740175	0.9995744	NA	NA	0.0	0.999355152	0.9993552	1	1	1:1	2	neutral	4150549
8	24140005	24159953	NA	19949	296	1.38121212	287	9	16.0	mappable	0.0406605266	NA	identical	0.01478810094	0.05555555556	0.2043572547	0.14001652	0.19557208	24140005	24140010	24159887	24160019	NA	missing	345925.6	17.936885	0.7958	NA	NA	NA	NA	NA	NA	NA	NA	NA	NA	4150549
8	24159953	39230025	NA	15070073	210985	1.9987103	210269	2479	10034.0	mappable	0.075325	6.0	self	0.00059643427	0.00031298905	0.0067572547	0.08387438	0.08418737	24159887	24160019	39229968	39230082	0.16305313	1	417939.3	21.740175	0.9995744	NA	NA	0.0	0.999355152	0.9993552	1	1	1:1	2	neutral	4150549
8	39230025	39390008	NA	159984	2278	4.84151515	2275	2	120.0	mappable	0.0	NA	identical	0.07494804717	0.2	0.9375427453	0.11569007	0.31569007	39229968	39230082	39389944	39390072	NA	missing	440346.8	22.01734	1.9377	NA	NA	NA	NA	NA	NA	NA	NA	NA	NA	4150549
8	39390008	43630000	NA	4239994	60175	1.9987103	59974	686	2933.0	mappable	0.0724	6.0	self	0.00221159284	0.00112739572	0.01329697219	0.09084455	0.09197194	39389944	39390072	43629978	43630000	0.17917134	1	417939.3	21.740175	0.9995744	NA	NA	0.0	0.999355152	0.9993552	1	1	1:1	2	neutral	4150549
8	43630001	43789991	NA	159992	4466	1.84366848	4456	25	197.0	mappable	0.0646833336	7.0	NA	0.02091117786	0.02857142857	0.0457572547	0.11568959	0.14426102	43630001	43630023	43789991	43789991	NA	missing	396407.1	21.08534	0.9484106	NA	NA	NA	NA	NA	NA	NA	NA	NA	NA	4150549
8	46880007	46979974	NA	99968	2530	1.9987103	2520	26	139.0	mappable	0.046075	6.0	self	0.01110356573	0.02777777778	0.0306572547	0.12041535	0.14819312	46880007	46880007	46979904	46979974	NA	missing	417939.3	21.740175	0.9995744	NA	NA	NA	NA	NA	NA	NA	NA	NA	NA	4150549
8	46979975	46999970	NA	19996	395	1.53393939	392	0	18.0	mappable	NA	NA	identical	0.05383196059	0.33333333333	0.1539572547	0.13998325	0.47331658	46979975	46980045	46999909	46999970	NA	missing	383548.7	NA	0.8462	NA	NA	NA	NA	NA	NA	NA	NA	NA	NA	4150549
8	46999971	115369998	NA	68370035	908683	1.9987103	906544	12469	44562.0	mappable	0.075325	6.0	NA	0.00129172188	6.845564e-05	0.0005720115	0.07684369	0.07691214	46999971	47000032	115369885	115369998	0.1586755	1	417939.3	21.740175	0.9995744	NA	NA	0.0	0.999355152	0.9993552	1	1	1:1	2	neutral	4150549
8	115369999	115400051	NA	30053	457	2.21	457	0	31.0	mappable	NA	NA	NA	NA	inf	0.0691427453	0.13445178	inf	115369999	115370112	115399989	115400113	NA	missing	469166.2	NA	1.0693	NA	NA	NA	NA	NA	NA	NA	NA	NA	NA	4150549
8	115400051	146289988	NA	30889943	457433	1.9987103	455888	6633	22382.0	mappable	0.075325	6.0	edge	0.0014093885	0.00012227929	0.00030446385	0.0803838	0.08050608	115399989	115400113	146289988	146289988	0.16506405	1	417939.3	21.740175	0.9995744	NA	NA	0.0	0.999355152	0.9993552	1	1	1:1	2	neutral	4150549
9	200101	1600005	NA	1399905	30997	1.9987103	30911	485	1463.0	mappable	0.075325	6.0	edge	0.00059643427	0.00175131349	0.0272427453	0.09795808	0.09970939	200101	200101	1599991	1600019	0.16175334	1	417939.3	21.740175	0.9995744	NA	NA	0.0	0.999355152	0.9993552	1	1	1:1	2	neutral	4150549
9	1600005	1619987	NA	19983	520	1.90454545	520	0	24.0	mappable	NA	NA	NA	NA	inf	0.0316572547	0.13999244	inf	1599991	1600019	1619965	1619987	NA	missing	425360.4	NA	0.9685	NA	NA	NA	NA	NA	NA	NA	NA	NA	NA	4150549
9	1619988	17170440	NA	15550454	284907	1.9987103	284284	4173	13544.0	mappable	0.07825	6.0	NA	0.00267299829	0.00020850709	0.00582020847	0.08371545	0.08392395	1619988	1620010	17170403	17170440	0.13679775	1	417939.3	21.740175	0.9995744	NA	NA	0.0	0.999355152	0.9993552	1	1	1:1	2	neutral	4150549
9	17170441	17176216	DEL	5776	107	1.31636364	107	0	4.0	mappable	NA	NA	NA	NA	inf	0.2257572547	0.16005307	inf	17170441	17170465	17176175	17176216	NA	missing	333413.3	NA	0.7744	NA	NA	NA	NA	NA	NA	NA	NA	NA	NA	4150549
9	17176217	38769828	DEL	21593612	316839	1.9987103	316043	4033	15390.0	mappable	0.069475	6.0	NA	0.00405814183	0.00020708221	0.00041469762	0.08208799	0.08229507	17176217	17176298	38769828	38769828	0.16508186	1	417939.3	21.740175	0.9995744	NA	NA	0.0	0.999355152	0.9993552	1	1	1:1	2	neutral	4150549
9	66840048	66849972	NA	9925	540	1.9987103	522	0	27.0	mappable	NA	6.0	self	0.00104592922	0.05555555556	0.0101572547	0.15063813	0.20619368	66840048	66840048	66849972	66849972	NA	missing	417939.3	NA	0.9995744	NA	NA	NA	NA	NA	NA	NA	NA	NA	NA	4150549
9	68410004	68419976	NA	9973	1130	2.00144152	1023	0	54.0	mappable	NA	8.0	NA	0.59787538969	0.00934579439	0.0327427453	0.15055919	0.15990499	68410004	68410004	68419976	68419976	NA	missing	412859.5	NA	1.0004757	NA	NA	NA	NA	NA	NA	NA	NA	NA	NA	4150549
9	71030093	105060038	NA	34029946	445658	1.9987103	444313	6381	21846.0	mappable	0.075325	6.0	NA	0.00128261447	0.00012943308	0.00507993846	0.07993509	0.08006452	71030093	71030093	105059974	105060038	0.16661842	1	417939.3	21.740175	0.9995744	NA	NA	0.0	0.999355152	0.9993552	1	1	1:1	2	neutral	4150549
9	105060039	105105017	NA	44979	730	1.79757576	730	0	33.0	mappable	NA	NA	NA	NA	inf	0.0669572547	0.12939152	inf	105060039	105060103	105099958	105105017	NA	missing	427899.2	NA	0.9332	NA	NA	NA	NA	NA	NA	NA	NA	NA	NA	4150549
9	105105018	141019791	NA	35914780	499443	1.9987103	497404	7212	23856.0	mappable	0.081175	6.0	edge	0.00569613611	0.00010809642	0.00161522368	0.07968739	0.07979548	105105018	105110077	141019791	141019791	0.17643159	1	417939.3	21.740175	0.9995744	NA	NA	0.0	0.999355152	0.9993552	1	1	1:1	2	neutral	4150549
10	130013	31234985	NA	31104977	479377	1.9987103	477365	7175	23461.0	mappable	0.07825	6.0	edge	0.00221856009	0.00010884946	0.00169234775	0.08035148	0.08046033	130013	130013	31229890	31240080	0.1683116	1	417939.3	21.740175	0.9995744	NA	NA	0.0	0.999355152	0.9993552	1	1	1:1	2	neutral	4150549
10	31234985	31269974	NA	34990	361	1.56848485	360	0	19.0	mappable	NA	NA	identical	0.12407856573	1.0	0.1425572547	0.13249723	1.13249723	31229890	31240080	31269941	31270007	NA	missing	380539.4	NA	0.8576	NA	NA	NA	NA	NA	NA	NA	NA	NA	NA	4150549
10	31269974	38600358	NA	7330385	88426	1.9987103	88157	1399	4126.0	mappable	0.07825	6.0	self	0.00232856573	0.00059952038	0.0079572547	0.08769831	0.08829783	31269941	31270007	38429948	38600358	0.14645872	1	417939.3	21.740175	0.9995744	NA	NA	0.0	0.999355152	0.9993552	1	1	1:1	2	neutral	4150549
10	42410000	46159967	NA	3749968	43082	1.9987103	42917	500	2091.0	mappable	0.0841	6.0	self	0.00817856573	0.0015037594	0.0107572547	0.0915816	0.09308536	42410000	42410000	46159967	46159967	0.10603865	1	417939.3	21.740175	0.9995744	NA	NA	0.0	0.999355152	0.9993552	1	1	1:1	2	neutral	4150549
10	48310177	48659961	NA	349785	5437	1.9987103	5431	40	258.0	mappable	0.082225	6.0	self	3.985532e-05	0.02173913043	0.0028427453	0.10860057	0.1303397	48310177	48310177	48659961	48659961	0.25371045	1	417939.3	21.740175	0.9995744	NA	NA	0.0	0.999355152	0.9993552	1	1	1:1	2	neutral	4150549
10	49390096	75671053	NA	26280959	358540	1.9987103	357453	5762	17238.0	mappable	0.075325	6.0	NA	0.00030660058	0.00014600672	0.00253909355	0.08114408	0.08129009	49390096	49390096	75670751	75671053	0.15373819	1	417939.3	21.740175	0.9995744	NA	NA	0.0	0.999355152	0.9993552	1	1	1:1	2	neutral	4150549
10	75671054	75945819	ITX	274766	3227	1.02909091	3217	48	156.0	mappable	0.6739861111	NA	NA	0.60603570859	0.01724137931	0.3205572547	0.11069389	0.12793527	75671054	75671162	75945811	75945819	0.96218066	2	282323.2	21.583667	0.6796	20.77128	1.0293159	1.0	0.0	1.0290909	1	0	1:0	1	LOH	4150549
10	75945820	75946058	DEL	239	4	1.61060606	3	0	1.0	mappable	NA	NA	NA	0.46953311118	1.0	0.1286572547	0.25313678	1.25313678	75945820	75945933	75945986	75946058	NA	missing	364960.0	NA	0.8715	NA	NA	NA	NA	NA	NA	NA	NA	NA	NA	4150549
10	75946059	135439925	ITX	59493871	827745	1.9987103	824779	12022	40080.0	mappable	0.07825	6.0	edge	0.00314232173	6.672004e-05	0.00306573255	0.07744063	0.07750735	75946059	75946077	135439925	135439925	0.16949418	1	417939.3	21.740175	0.9995744	NA	NA	0.0	0.999355152	0.9993552	1	1	1:1	2	neutral	4150549
11	190010	5703038	NA	5513030	79632	1.9987103	79192	1255	3830.0	mappable	0.07825	6.0	edge	0.00104467192	0.0005899705	0.00260561827	0.08930799	0.08989796	190010	190010	5703009	5703038	0.21312188	1	417939.3	21.740175	0.9995744	NA	NA	0.0	0.999355152	0.9993552	1	1	1:1	2	neutral	4150549
11	5703039	5816112	NA	113074	2000	2.63272727	1990	75	94.0	mappable	0.0672980769	NA	identical	0.01029066504	0.01176470588	0.2086427453	0.11914047	0.13090517	5703039	5703068	5816081	5816143	0.19174974	1	444685.2	23.123629	1.2088	NA	NA	0.0	1.316363636	1.3163636	sub	sub	sub:sub	sub	sub	4150549
11	5816112	42799960	NA	36983849	524716	1.9987103	522815	8082	25410.0	mappable	0.075325	6.0	self	0.00232856573	0.00010017029	0.0013572547	0.07955325	0.07965342	5816081	5816143	42799911	42800009	0.16850087	1	417939.3	21.740175	0.9995744	NA	NA	0.0	0.999355152	0.9993552	1	1	1:1	2	neutral	4150549
11	42799960	42819715	NA	19756	311	1.42606061	310	2	16.0	mappable	0.3724696357	NA	identical	0.64560488152	0.33333333333	0.1895572547	0.14015414	0.47348747	42799911	42800009	42819352	42820078	NA	missing	363583.9	24.950396	0.8106	NA	NA	NA	NA	NA	NA	NA	NA	NA	NA	4150549
11	42819715	48899996	NA	6080282	72772	1.9987103	72282	750	3484.0	mappable	0.075325	6.0	NA	0.00352143427	0.00080645161	0.0083572547	0.08874805	0.0895545	42819352	42820078	48899996	48899996	0.17511282	1	417939.3	21.740175	0.9995744	NA	NA	0.0	0.999355152	0.9993552	1	1	1:1	2	neutral	4150549
11	48899997	50170092	NA	1270096	0	0.0	0	0	NA	mappable	NA	NA	NA	NA	inf	1.0001572547	0.09863632	inf	48899997	48899997	50170092	50170092	NA	missing	NA	NA	0.0	NA	NA	0.0	0.0	0.0	0	0	NA	0	homozygousDel	4150549
11	50170093	51469986	NA	1299894	16848	1.84366848	16830	44	834.0	mappable	0.0671855263	7.0	NA	0.01743196059	0.01612903226	0.0611572547	0.09847384	0.11460287	50170093	50170093	51369973	51469986	0.3164831	2	396407.1	21.08534	0.9484106	20.8985	0.5497442	0.09948847	0.830122368	1.0135461	1	1	1:1	2	mixDH	4150549
11	51469987	51579984	NA	109998	1135	2.24008667	1130	0	61.0	mappable	NA	3.0	NA	0.06212143427	0.2	0.0622427453	0.11942353	0.31942353	51469987	51570000	51579984	51579984	NA	missing	625968.1	NA	1.0792286	NA	NA	NA	NA	NA	NA	NA	NA	NA	NA	4150549
11	54793872	89349940	NA	34556074	448227	1.9987103	446683	6627	21971.0	mappable	0.075325	6.0	self	0.0003093505	0.00012238404	0.00040452539	0.07986443	0.07998682	54793872	54793872	89349940	89349940	0.16164677	1	417939.3	21.740175	0.9995744	NA	NA	0.0	0.999355152	0.9993552	1	1	1:1	2	neutral	4150549
11	89850068	134919929	NA	45069870	652200	1.9987103	650039	9575	31397.0	mappable	0.075325	6.0	self	0.00069594483	8.520791e-05	2.290307e-05	0.07866069	0.0787459	89850068	89850068	134919853	134920005	0.16396956	1	417939.3	21.740175	0.9995744	NA	NA	0.0	0.999355152	0.9993552	1	1	1:1	2	neutral	4150549
11	134919929	134939862	NA	19934	456	2.24008667	439	0	22.0	mappable	NA	3.0	edge	0.0493391809	0.05882352941	0.0863427453	0.14002716	0.19885069	134919853	134920005	134939862	134939862	NA	missing	625968.1	NA	1.0792286	NA	NA	NA	NA	NA	NA	NA	NA	NA	NA	4150549
12	160107	34819969	NA	34659863	467564	1.9987103	465919	7344	22439.0	mappable	0.07825	6.0	edge	0.00154175407	0.00011124708	0.002793049	0.07985064	0.07996189	160107	160107	34819969	34819969	0.17257596	1	417939.3	21.740175	0.9995744	NA	NA	0.0	0.999355152	0.9993552	1	1	1:1	2	neutral	4150549
12	38000003	43960017	NA	5960019	89689	1.9987103	89356	1269	4175.0	mappable	0.0721464286	6.0	self	0.00401601771	0.00062421973	0.00050364129	0.0888617	0.08948591	38000003	38000003	43959986	43960017	0.14900325	1	417939.3	21.740175	0.9995744	NA	NA	0.0	0.999355152	0.9993552	1	1	1:1	2	neutral	4150549
12	43960018	133819926	NA	89859915	1192916	2.00144152	1188829	16029	57724.0	mappable	0.689575	8.0	edge	0.61875611871	4.971167e-05	0.00130605512	0.07569686	0.07574657	43960018	43960049	133819926	133819926	0.75952212	2	412859.5	33.332111	1.0004757	20.63316	0.9655642	0.93112846	0.068921179	1.9325203	2	0	2:0	2	cnLOH	4150549
13	19450038	90720024	NA	71269988	977072	1.9987103	974031	15545	47387.0	mappable	0.075325	6.0	edge	0.00026189727	5.380394e-05	0.00202988729	0.07666715	0.07672096	19450038	19450038	90719978	90720024	0.1664308	1	417939.3	21.740175	0.9995744	NA	NA	0.0	0.999355152	0.9993552	1	1	1:1	2	neutral	4150549
13	90720025	90740000	NA	19976	351	2.18787879	351	0	16.0	mappable	NA	NA	NA	NA	inf	0.0618427453	0.1399974	inf	90720025	90720071	90739919	90740000	NA	missing	472381.9	NA	1.062	NA	NA	NA	NA	NA	NA	NA	NA	NA	NA	4150549
13	90740001	115099984	NA	24359984	362862	1.9987103	361259	5580	17434.0	mappable	0.075325	6.0	edge	0.00225916576	0.0001392176	0.00336254594	0.0815062	0.08164542	90740001	90740082	115099984	115099984	0.17224	1	417939.3	21.740175	0.9995744	NA	NA	0.0	0.999355152	0.9993552	1	1	1:1	2	neutral	4150549
14	20330060	106113054	NA	85783002	1187063	1.9987103	1183301	18405	57569.0	mappable	0.075325	6.0	edge	0.0010079579	4.51121e-05	0.000695097	0.07588927	0.07593438	20330060	20330060	106009942	106113054	0.1705082	1	417939.3	21.740175	0.9995744	NA	NA	0.0	0.999355152	0.9993552	1	1	1:1	2	neutral	4150549
14	106113055	106241303	DEL	128249	0	0.0	0	0	NA	mappable	NA	NA	NA	NA	inf	1.0001572547	0.11786484	inf	106113055	106113055	106241303	106241303	NA	missing	NA	NA	0.0	NA	NA	0.0	0.0	0.0	0	0	NA	0	homozygousDel	4150549
14	106241304	106324096	DEL	82793	885	0.07363636	875	28	45.0	mappable	0.3078	NA	NA	0.04912856573	0.02631578947	0.6358572547	0.12241984	0.14873563	106241304	106250082	106324082	106324096	NA	missing	135942.1	7.106064	0.3643	NA	NA	NA	NA	NA	NA	NA	NA	NA	NA	4150549
14	106324097	106325741	DEL	1645	107	0.88666667	104	0	6.0	mappable	NA	NA	NA	0.11963646047	0.33333333333	0.3675572547	0.18719805	0.52053139	106324097	106324100	106325713	106325741	NA	missing	206665.7	NA	0.6326	NA	NA	NA	NA	NA	NA	NA	NA	NA	NA	4150549
14	106325742	106329449	DEL	3708	780	0.88666667	773	0	34.0	mappable	NA	NA	NA	0.11493843415	0.14285714286	0.3675572547	0.1686849	0.31154205	106325742	106325765	106329435	106329449	NA	missing	206665.7	NA	0.6326	NA	NA	NA	NA	NA	NA	NA	NA	NA	NA	4150549
14	106329450	106379091	CTX	49642	508	0.19878788	499	0	16.0	mappable	NA	NA	NA	0.01110356573	0.11111111111	0.5945572547	0.1282111	0.23932221	106329450	106329451	106349982	106379091	NA	missing	142443.5	NA	0.4056	NA	NA	NA	NA	NA	NA	NA	NA	NA	NA	4150549
14	106379092	106854981	CTX	475890	2668	0.05242545	2643	7	123.0	mappable	0.7606847744	NA	NA	0.65597990502	0.03125	0.64285680492	0.10604303	0.13729303	106379092	106400108	106839956	106854981	NA	missing	147135.3	11.146612	0.3573004	NA	NA	NA	NA	NA	NA	NA	NA	NA	NA	4150549
14	106854982	107259908	NA	404927	6657	1.9987103	6495	101	287.0	mappable	0.07825	6.0	edge	0.00644643427	0.00380228137	0.0183572547	0.10736928	0.11117156	106854982	106870007	107259908	107259908	0.50337248	2	417939.3	21.740175	0.9995744	20.90586	0.5305755	0.06115107	0.938243518	1.0604668	1	1	1:1	2	mixDH	4150549
15	20850000	20859924	NA	9925	165	2.81666667	151	0	4.0	mappable	NA	NA	edge	0.40487914628	0.07142857143	0.2693427453	0.15063813	0.2220667	20850000	20850000	20859924	20859924	NA	missing	876646.0	NA	1.2695	NA	NA	NA	NA	NA	NA	NA	NA	NA	NA	4150549
15	22480079	23069956	NA	589878	3982	1.9987103	3960	62	192.0	mappable	0.0673727273	6.0	self	0.01677825245	0.0119047619	0.0028427453	0.10432937	0.11623413	22480079	22480079	23069956	23069956	0.17823642	1	417939.3	21.740175	0.9995744	NA	NA	0.0	0.999355152	0.9993552	1	1	1:1	2	neutral	4150549
15	23710146	24329926	NA	619781	10106	1.9987103	10075	289	454.0	mappable	0.075982353	6.0	NA	0.00232856573	0.003125	0.0039572547	0.10394255	0.10706755	23710146	23710146	24329926	24329926	0.13285919	1	417939.3	21.740175	0.9995744	NA	NA	0.0	0.999355152	0.9993552	1	1	1:1	2	neutral	4150549
15	24329927	24830091	NA	500165	0	0.0	0	0	NA	mappable	NA	NA	NA	NA	inf	1.0001572547	0.10564099	inf	24329927	24329927	24830091	24830091	NA	missing	NA	NA	0.0	NA	NA	0.0	0.0	0.0	0	0	NA	0	homozygousDel	4150549
15	24830092	25434990	NA	604899	9011	1.9987103	8982	109	446.0	mappable	0.0624056451	6.0	NA	0.01453327638	0.00724637681	0.0087572547	0.10413231	0.11137869	24830092	24830092	25419968	25434990	0.15013929	1	417939.3	21.740175	0.9995744	NA	NA	0.0	0.999355152	0.9993552	1	1	1:1	2	neutral	4150549
15	25434991	25500007	NA	65017	921	1.78727273	921	0	56.0	mappable	NA	NA	NA	NA	inf	0.0703572547	0.12508968	inf	25434991	25450013	25489998	25500007	NA	missing	317103.7	NA	0.9298	NA	NA	NA	NA	NA	NA	NA	NA	NA	NA	4150549
15	25500008	28529988	NA	3029981	46196	1.9987103	46068	649	2170.0	mappable	0.07825	6.0	NA	0.00525356573	0.00128700129	0.0141572547	0.09288985	0.09417685	25500008	25510017	28529988	28529988	0.20996058	1	417939.3	21.740175	0.9995744	NA	NA	0.0	0.999355152	0.9993552	1	1	1:1	2	neutral	4150549
15	29100034	30369914	NA	1269881	17979	1.9987103	17936	326	889.0	mappable	0.0841	6.0	self	0.00525356573	0.0027100271	0.0181572547	0.09863751	0.10134754	29100034	29100034	30369914	30369914	0.15572364	1	417939.3	21.740175	0.9995744	NA	NA	0.0	0.999355152	0.9993552	1	1	1:1	2	neutral	4150549
15	31160110	82479795	NA	51319689	676580	2.00144152	674108	8321	32434.0	mappable	0.6925	8.0	NA	0.62031597212	9.265265e-05	0.00051361906	0.07808532	0.07817797	31160110	31160110	82479795	82479795	0.77983446	2	412859.5	33.332111	1.0004757	20.63316	0.9655642	0.93112846	0.068921179	1.9325203	2	0	2:0	2	cnLOH	4150549
15	83211507	83260637	NA	49131	700	2.00144152	699	2	40.0	mappable	0.5888888889	8.0	NA	0.70178134351	0.33333333333	0.0087572547	0.12833391	0.46166724	83211507	83211507	83260558	83260716	NA	missing	412859.5	33.332111	1.0004757	NA	NA	NA	NA	NA	NA	NA	NA	NA	NA	4150549
15	83260637	83452570	NA	191934	2000	1.35575758	1987	20	102.0	mappable	0.6165583333	NA	NA	0.54091938206	0.0303030303	0.2127572547	0.11395849	0.14426152	83260558	83260716	83452530	83452570	NA	missing	391186.0	30.633815	0.7874	NA	NA	NA	NA	NA	NA	NA	NA	NA	NA	4150549
15	83452571	102399920	NA	18947357	288246	2.00144152	287391	3408	13957.0	mappable	0.68665	8.0	edge	0.61477435235	0.00023457659	0.00015650612	0.08272841	0.08296298	83452571	83452611	102399920	102399920	0.763946	2	412859.5	33.332111	1.0004757	20.63316	0.9655642	0.93112846	0.068921179	1.9325203	2	0	2:0	2	cnLOH	4150549
16	100010	16289940	NA	16189938	292447	1.9987103	291224	4124	14237.0	mappable	0.07825	6.0	edge	0.0017290217	0.00018702076	0.00449073017	0.08351221	0.08369923	100010	100010	16289940	16289940	0.16769858	1	417939.3	21.740175	0.9995744	NA	NA	0.0	0.999355152	0.9993552	1	1	1:1	2	neutral	4150549
16	16870104	18169896	NA	1299793	20094	1.9987103	20024	308	1001.0	mappable	0.092875	6.0	self	0.01695356573	0.00264550265	0.0053572547	0.09847438	0.10111989	16870104	16870104	18169896	18169896	0.12819336	1	417939.3	21.740175	0.9995744	NA	NA	0.0	0.999355152	0.9993552	1	1	1:1	2	neutral	4150549
16	18800044	29039945	NA	10239902	123054	1.9987103	122439	1686	6016.0	mappable	0.081175	6.0	self	0.00522722935	0.00043459365	0.00658877744	0.08588225	0.08631685	18800044	18800044	29039945	29039945	0.20102018	1	417939.3	21.740175	0.9995744	NA	NA	0.0	0.999355152	0.9993552	1	1	1:1	2	neutral	4150549
16	29670028	31959970	NA	2289943	17279	1.9987103	17196	140	874.0	mappable	0.092875	6.0	self	0.03157856573	0.00448430493	0.0052427453	0.09466613	0.09915044	29670028	29670028	31959970	31959970	0.21487624	1	417939.3	21.740175	0.9995744	NA	NA	0.0	0.999355152	0.9993552	1	1	1:1	2	neutral	4150549
16	32520030	32649899	NA	129870	3140	4.84606061	3005	0	160.0	mappable	NA	NA	NA	0.00434944632	0.00740740741	0.9390427453	0.11773911	0.12514652	32520030	32520030	32649899	32649899	NA	missing	882295.8	NA	1.9392	NA	NA	NA	NA	NA	NA	NA	NA	NA	NA	4150549
16	33755040	35279959	NA	1524920	14988	2.00144152	14966	3	733.0	mappable	0.0005157895	8.0	NA	0.68262471958	0.04	0.0398572547	0.09736955	0.13736955	33755040	33880107	35279959	35279959	NA	missing	412859.5	33.332111	1.0004757	NA	NA	NA	NA	NA	NA	NA	NA	NA	NA	4150549
16	46450014	46575038	NA	125025	1439	1.84366848	1435	1	72.0	mappable	0.0508474576	7.0	NA	0.01800193666	0.2	0.0798572547	0.11812053	0.31812053	46450014	46450014	46569935	46575038	NA	missing	396407.1	21.08534	0.9484106	NA	NA	NA	NA	NA	NA	NA	NA	NA	NA	4150549
16	46575039	70980111	NA	24405075	319812	1.9987103	318726	3555	15622.0	mappable	0.081175	6.0	self	0.00525356573	0.0002154708	0.00444941509	0.08149734	0.08171281	46575039	46580142	70979835	70980387	0.15474469	1	417939.3	21.740175	0.9995744	NA	NA	0.0	0.999355152	0.9993552	1	1	1:1	2	neutral	4150549
16	70980111	71059940	NA	79830	1086	1.71333333	1068	0	49.0	mappable	NA	NA	identical	0.46261018455	0.05555555556	0.0947572547	0.12281509	0.17837065	70979835	70980387	71059850	71060030	NA	missing	259167.2	NA	0.9054	NA	NA	NA	NA	NA	NA	NA	NA	NA	NA	4150549
16	71059940	90109969	NA	19050032	368887	1.9987103	367588	5176	17850.0	mappable	0.075325	6.0	edge	3.044162e-05	0.00015444015	0.00103031528	0.08270173	0.08285617	71059850	71060030	90109969	90109969	0.17028694	1	417939.3	21.740175	0.9995744	NA	NA	0.0	0.999355152	0.9993552	1	1	1:1	2	neutral	4150549
17	20080	190048	NA	169969	3402	2.00144152	3327	18	155.0	mappable	0.0990750001	8.0	edge	0.67800356573	0.01075268817	0.0443572547	0.1151085	0.12586118	20080	20080	189996	190048	NA	missing	412859.5	33.332111	1.0004757	NA	NA	NA	NA	NA	NA	NA	NA	NA	NA	4150549
17	190049	279340	NA	89292	1191	2.24008667	1171	23	68.0	mappable	0.0919463094	3.0	NA	0.0302134181	0.02325581395	0.0891427453	0.12160832	0.14486413	190049	190101	279335	279340	NA	missing	625968.1	34.130267	1.0792286	NA	NA	NA	NA	NA	NA	NA	NA	NA	NA	4150549
17	279341	18239982	NA	17960642	223719	1.9987103	222840	3226	11020.0	mappable	0.0724	6.0	self	0.00053686808	0.00024360536	0.00337264231	0.08299328	0.08323689	279341	279346	18239982	18239982	0.20113787	1	417939.3	21.740175	0.9995744	NA	NA	0.0	0.999355152	0.9993552	1	1	1:1	2	neutral	4150549
17	18750212	22239986	NA	3489775	25432	1.9987103	25052	228	1267.0	mappable	0.0787802631	6.0	self	0.01695356573	0.00164473684	0.0089572547	0.09201874	0.09366348	18750212	18750212	22239986	22239986	0.20303052	1	417939.3	21.740175	0.9995744	NA	NA	0.0	0.999355152	0.9993552	1	1	1:1	2	neutral	4150549
17	25390040	26139966	NA	749927	7791	1.9987103	7777	179	342.0	mappable	0.0958	6.0	self	0.01987856573	0.00518134715	0.0046572547	0.10247797	0.10765931	25390040	25390040	26139886	26140046	0.10552913	1	417939.3	21.740175	0.9995744	NA	NA	0.0	0.999355152	0.9993552	1	1	1:1	2	neutral	4150549
17	26139966	26158812	NA	18847	205	2.24008667	203	0	8.0	mappable	NA	3.0	NA	0.06693570859	0.5	0.0759427453	0.14082477	0.64082477	26139886	26140046	26158767	26158812	NA	missing	625968.1	NA	1.0792286	NA	NA	NA	NA	NA	NA	NA	NA	NA	NA	4150549
17	26158813	26165062	INV	6250	78	2.01962909	78	1	4.0	mappable	0.282051282	2.0	NA	0.20612984778	1.0	0.0275427453	0.1586088	1.1586088	26158813	26158824	26164969	26165062	NA	missing	472861.5	29.428615	1.0064776	NA	NA	NA	NA	NA	NA	NA	NA	NA	NA	4150549
17	26165063	41389992	INV	15224930	167382	1.9987103	166783	1909	8099.0	mappable	0.075325	6.0	self	0.00059643427	0.00039872408	0.0002572547	0.08382253	0.08422126	26165063	26167406	41379974	41400010	0.20197546	1	417939.3	21.740175	0.9995744	NA	NA	0.0	0.999355152	0.9993552	1	1	1:1	2	neutral	4150549
17	41389992	41410000	NA	20009	254	1.03749909	245	3	15.0	mappable	0.0217394737	5.0	identical	0.00171038391	0.08333333333	0.2696572547	0.13997406	0.2233074	41379974	41400010	41409995	41410005	NA	missing	407193.9	21.440693	0.6823747	NA	NA	NA	NA	NA	NA	NA	NA	NA	NA	4150549
17	41410000	44147586	NA	2737587	30106	1.9987103	29939	319	1402.0	mappable	0.0841	6.0	self	0.01110356573	0.00205761317	0.0035572547	0.0935258	0.09558341	41409995	41410005	44147574	44147586	0.17718657	1	417939.3	21.740175	0.9995744	NA	NA	0.0	0.999355152	0.9993552	1	1	1:1	2	neutral	4150549
17	44147587	44279982	NA	132396	1851	3.36757576	1846	8	88.0	mappable	0.3025723683	NA	NA	0.22928646047	0.07692307692	0.4511427453	0.1175468	0.19446988	44147587	44147599	44279982	44279982	NA	missing	607257.1	41.982566	1.4513	NA	NA	NA	NA	NA	NA	NA	NA	NA	NA	4150549
17	44790026	81149937	NA	36359913	468761	1.9987103	466808	6705	22593.0	mappable	0.07825	6.0	edge	0.00222688809	0.00011550012	0.00030650039	0.079631	0.0797465	44790026	44790026	81149937	81149937	0.18308758	1	417939.3	21.740175	0.9995744	NA	NA	0.0	0.999355152	0.9993552	1	1	1:1	2	neutral	4150549
18	130031	14119956	NA	13989927	208843	1.9987103	208176	3286	10084.0	mappable	0.081175	6.0	edge	0.00289240332	0.00025297243	0.00351509439	0.0842535	0.08450648	130031	130031	14119956	14119956	0.15572414	1	417939.3	21.740175	0.9995744	NA	NA	0.0	0.999355152	0.9993552	1	1	1:1	2	neutral	4150549
18	14119957	14910026	NA	790070	0	0.0	0	0	NA	mappable	NA	NA	NA	NA	inf	1.0001572547	0.10208446	inf	14119957	14119957	14910026	14910026	NA	missing	NA	NA	0.0	NA	NA	0.0	0.0	0.0	0	0	NA	0	homozygousDel	4150549
18	14910027	14929888	NA	19862	342	1.91909091	342	0	20.0	mappable	NA	NA	NA	NA	inf	0.0268572547	0.14007836	inf	14910027	14910027	14929888	14929888	NA	missing	399145.2	NA	0.9733	NA	NA	NA	NA	NA	NA	NA	NA	NA	NA	4150549
18	18540053	30109952	NA	11569900	156851	1.9987103	156474	2066	7514.0	mappable	0.075325	6.0	NA	0.00059643427	0.00040933279	0.0007572547	0.08523742	0.08564675	18540053	18540053	30109800	30110104	0.16640477	1	417939.3	21.740175	0.9995744	NA	NA	0.0	0.999355152	0.9993552	1	1	1:1	2	neutral	4150549
18	30109952	30129922	NA	19971	323	2.00144152	319	4	16.0	mappable	0.1616833333	8.0	identical	0.67398689906	0.125	0.0689427453	0.14000093	0.26500093	30109800	30110104	30129770	30129922	NA	missing	412859.5	33.332111	1.0004757	NA	NA	NA	NA	NA	NA	NA	NA	NA	NA	4150549
18	30129923	60793552	NA	30663631	432002	1.9987103	430742	5644	20971.0	mappable	0.075325	6.0	NA	0.00100888873	0.00014484357	0.00034066823	0.08041809	0.08056294	30129923	30130075	60793549	60793552	0.15788638	1	417939.3	21.740175	0.9995744	NA	NA	0.0	0.999355152	0.9993552	1	1	1:1	2	neutral	4150549
18	60793553	60793553	CTX	1	0	0.0	0	0	NA	mappable	NA	NA	NA	NA	inf	1.0001572547	inf	inf	60793553	60793553	60793553	60793553	NA	missing	NA	NA	0.0	NA	NA	0.0	0.0	0.0	0	0	NA	0	homozygousDel	4150549
18	60793554	78009968	CTX	17216415	272417	1.9987103	271466	3693	13385.0	mappable	0.0724	6.0	edge	0.00352143427	0.00021533161	0.0067427453	0.08320408	0.08341942	60793554	60793626	78009968	78009968	0.15948956	1	417939.3	21.740175	0.9995744	NA	NA	0.0	0.999355152	0.9993552	1	1	1:1	2	neutral	4150549
19	260137	6889991	NA	6629856	79772	1.9987103	79248	1160	3900.0	mappable	0.07825	6.0	edge	0.00506388343	0.00059382423	0.00116225967	0.08825913	0.08885295	260137	260137	6889977	6889991	0.23202901	1	417939.3	21.740175	0.9995744	NA	NA	0.0	0.999355152	0.9993552	1	1	1:1	2	neutral	4150549
19	6889992	7117150	NA	227159	2000	1.03749909	1976	21	101.0	mappable	0.0549571431	5.0	identical	0.00644643427	0.02222222222	0.3143572547	0.11240159	0.13462381	6889992	6890006	7117150	7117150	NA	missing	407193.9	21.440693	0.6823747	NA	NA	NA	NA	NA	NA	NA	NA	NA	NA	4150549
19	7117151	21750001	NA	14632854	146948	1.9987103	146038	1976	7095.0	mappable	0.087025	6.0	self	0.0183435366	0.00034650035	0.01516907112	0.08402405	0.08437055	7117151	7117151	21749973	21750029	0.23660709	1	417939.3	21.740175	0.9995744	NA	NA	0.0	0.999355152	0.9993552	1	1	1:1	2	neutral	4150549
19	21750001	21759996	NA	9996	302	2.58363636	300	0	21.0	mappable	NA	NA	identical	0.03180378721	0.5	0.1924427453	0.15052154	0.65052154	21749973	21750029	21759976	21760016	NA	missing	647620.0	NA	1.1926	NA	NA	NA	NA	NA	NA	NA	NA	NA	NA	4150549
19	21759996	24569972	NA	2809977	23680	1.9987103	23490	232	1139.0	mappable	0.07825	6.0	self	0.01229643427	0.00236966825	0.0244572547	0.09336141	0.09573108	21759976	21760016	24569972	24569972	0.22090968	1	417939.3	21.740175	0.9995744	NA	NA	0.0	0.999355152	0.9993552	1	1	1:1	2	neutral	4150549
19	27750002	43209995	NA	15459998	194687	1.9987103	193921	2138	9468.0	mappable	0.081175	6.0	NA	0.00555271346	0.00034435262	0.0109166598	0.08374495	0.0840893	27750002	27750002	43209995	43209995	0.16023587	1	417939.3	21.740175	0.9995744	NA	NA	0.0	0.999355152	0.9993552	1	1	1:1	2	neutral	4150549
19	43209996	43800005	NA	590010	0	0.0	0	0	NA	mappable	NA	NA	NA	NA	inf	1.0001572547	0.10432761	inf	43209996	43209996	43800005	43800005	NA	missing	NA	NA	0.0	NA	NA	0.0	0.0	0.0	0	0	NA	0	homozygousDel	4150549
19	43800006	59089999	NA	15289996	160529	1.9987103	159643	2807	7704.0	mappable	0.07825	6.0	edge	0.00264331312	0.00027078256	0.00557351656	0.08380093	0.08407171	43800006	43800006	59089999	59089999	0.20171989	1	417939.3	21.740175	0.9995744	NA	NA	0.0	0.999355152	0.9993552	1	1	1:1	2	neutral	4150549
20	60479	25729738	NA	25669263	393811	1.9987103	392662	5187	19144.0	mappable	0.07825	6.0	edge	0.00309774587	0.00015782828	0.00196656348	0.08125609	0.08141392	60479	60479	25729738	25729738	0.16984483	1	417939.3	21.740175	0.9995744	NA	NA	0.0	0.999355152	0.9993552	1	1	1:1	2	neutral	4150549
20	29810057	29875425	NA	65369	1808	1.84366848	1781	9	68.0	mappable	0.1171728225	7.0	NA	0.02155997599	0.02777777778	0.1143572547	0.12502876	0.15280654	29810057	29810057	29875414	29875436	NA	missing	396407.1	21.08534	0.9484106	NA	NA	NA	NA	NA	NA	NA	NA	NA	NA	4150549
20	29875425	40760002	NA	10884578	142606	1.9987103	141998	1673	6901.0	mappable	0.0724	6.0	NA	0.0007833553	0.00043840421	0.00486622627	0.08555863	0.08599704	29875414	29875436	40759964	40760040	0.18760506	1	417939.3	21.740175	0.9995744	NA	NA	0.0	0.999355152	0.9993552	1	1	1:1	2	neutral	4150549
20	40760002	40780020	NA	20019	318	2.15393939	318	0	17.0	mappable	NA	NA	NA	NA	inf	0.0506427453	0.139967	inf	40759964	40760040	40779988	40780020	NA	missing	395105.1	NA	1.0508	NA	NA	NA	NA	NA	NA	NA	NA	NA	NA	4150549
20	40780021	62909989	NA	22129971	345870	1.9987103	344352	4557	16911.0	mappable	0.07825	6.0	edge	0.00382741758	0.00016460905	0.00142533375	0.0819689	0.08213351	40780021	40780053	62909989	62909989	0.16990266	1	417939.3	21.740175	0.9995744	NA	NA	0.0	0.999355152	0.9993552	1	1	1:1	2	neutral	4150549
21	10720001	10729995	NA	9995	1038	1.44787879	991	0	49.0	mappable	NA	NA	edge	0.53646633629	0.02127659574	0.1823572547	0.15052317	0.17179977	10720001	10720001	10729988	10729995	NA	missing	1114180.0	NA	0.8178	NA	NA	NA	NA	NA	NA	NA	NA	NA	NA	4150549
21	10729996	11179964	NA	449969	4067	1.64073424	3728	0	187.0	mappable	NA	NA	NA	0.55120922394	0.00294985251	0.11871491391	0.1064993	0.10944915	10729996	10730003	11179964	11179964	NA	missing	1042466.0	NA	0.8814423	NA	NA	NA	NA	NA	NA	NA	NA	NA	NA	4150549
21	15410077	48099931	NA	32689859	507386	1.9987103	505185	7613	24688.0	mappable	0.07825	6.0	edge	0.00307309739	0.00010189525	0.00357161484	0.08012069	0.08022259	15410077	15410077	48099931	48099931	0.1752871	1	417939.3	21.740175	0.9995744	NA	NA	0.0	0.999355152	0.9993552	1	1	1:1	2	neutral	4150549
22	17060971	51102061	NA	34041091	448226	1.9987103	446287	6587	21697.0	mappable	0.07825	6.0	edge	0.00232856573	0.00011728829	0.0007572547	0.07993358	0.08005087	17060971	17261988	51102055	51102067	0.17682307	1	417939.3	21.740175	0.9995744	NA	NA	0.0	0.999355152	0.9993552	1	1	1:1	2	neutral	4150549
22	51102061	51179984	NA	77924	1054	1.84366848	1046	13	52.0	mappable	0.056425	7.0	edge	0.01957746875	0.04761904762	0.0786572547	0.12307859	0.17069764	51102055	51102067	51179984	51179984	NA	missing	396407.1	21.08534	0.9484106	NA	NA	NA	NA	NA	NA	NA	NA	NA	NA	4150549
23	2700089	46315672	NA	43615586	410529	1.9987103	409686	5180	19881.0	mappable	0.07825	6.0	edge	0.00102754049	0.00016603022	0.01190651797	0.07880736	0.07897339	2700089	2700089	46309847	46315672	0.14720992	1	417939.3	21.740175	0.9995744	NA	NA	0.0	0.999355152	0.9993552	1	1	1:1	2	neutral	4150549
23	46315673	46336965	DUP	21293	170	3.26545455	170	0	13.0	mappable	NA	NA	NA	NA	inf	0.4174427453	0.13910052	inf	46315673	46320022	46336920	46336965	NA	missing	605207.0	NA	1.4176	NA	NA	NA	NA	NA	NA	NA	NA	NA	NA	4150549
23	46336966	46336967	DUP	2	0	0.0	0	0	NA	mappable	NA	NA	NA	NA	inf	1.0001572547	2.0	inf	46336966	46336966	46336967	46336967	NA	missing	NA	NA	0.0	NA	NA	0.0	0.0	0.0	0	0	NA	0	homozygousDel	4150549
23	46336968	58499983	DUP	12163016	74359	1.9987103	74177	538	3624.0	mappable	0.0724	6.0	NA	0.00059643427	0.00138888889	0.0291572547	0.08497622	0.0863651	46336968	46337557	58499983	58499983	0.24109074	1	417939.3	21.740175	0.9995744	NA	NA	0.0	0.999355152	0.9993552	1	1	1:1	2	neutral	4150549
23	61750000	66020028	NA	4270029	41862	1.84366848	41830	70	2020.0	mappable	0.0577000001	7.0	NA	0.00937143427	0.00980392157	0.0422572547	0.09080254	0.10060647	61750000	61750000	66009999	66020028	0.3580809	2	396407.1	21.08534	0.9484106	20.8985	0.5497442	0.09948847	0.830122368	1.0135461	1	1	1:1	2	mixDH	4150549
23	66020029	83516670	NA	17496643	144793	1.9987103	144478	1597	7074.0	mappable	0.07825	6.0	NA	0.00216640569	0.00052301255	0.03228780383	0.08312353	0.08364655	66020029	66030058	83516594	83516670	0.17892464	1	417939.3	21.740175	0.9995744	NA	NA	0.0	0.999355152	0.9993552	1	1	1:1	2	neutral	4150549
23	83516671	83518345	DEL	1675	21	1.69424242	21	0	1.0	mappable	NA	NA	NA	NA	inf	0.1010572547	0.18674232	inf	83516671	83516954	83518259	83518345	NA	missing	407524.3	NA	0.8991	NA	NA	NA	NA	NA	NA	NA	NA	NA	NA	4150549
23	83518346	88459980	DEL	4941636	55969	1.9987103	55844	1124	2718.0	mappable	0.069475	6.0	NA	0.00753682113	0.00080064051	0.02332514943	0.08994198	0.09074262	83518346	83518370	88459980	88459980	0.16145162	1	417939.3	21.740175	0.9995744	NA	NA	0.0	0.999355152	0.9993552	1	1	1:1	2	neutral	4150549
23	88990017	89349936	NA	359920	1076	1.9987103	1076	17	43.0	mappable	0.0641213414	6.0	NA	0.01180009281	0.05882352941	0.0169572547	0.10835811	0.16718164	88990017	88990017	89349936	89349936	NA	missing	417939.3	21.740175	0.9995744	NA	NA	NA	NA	NA	NA	NA	NA	NA	NA	4150549
23	89349937	90140198	NA	790262	0	0.0	0	0	NA	mappable	NA	NA	NA	NA	inf	1.0001572547	0.10208263	inf	89349937	89349937	90140198	90140198	NA	missing	NA	NA	0.0	NA	NA	0.0	0.0	0.0	0	0	NA	0	homozygousDel	4150549
23	90140199	91529952	NA	1389754	4890	1.9987103	4886	55	231.0	mappable	0.0816558823	6.0	NA	0.00573444808	0.01694915254	0.0343572547	0.09800848	0.11495763	90140199	90140199	91529952	91529952	0.19042351	1	417939.3	21.740175	0.9995744	NA	NA	0.0	0.999355152	0.9993552	1	1	1:1	2	neutral	4150549
23	91529953	92379999	NA	850047	0	0.0	0	0	NA	mappable	NA	NA	NA	NA	inf	1.0001572547	0.10153736	inf	91529953	91529953	92379999	92379999	NA	missing	NA	NA	0.0	NA	NA	0.0	0.0	0.0	0	0	NA	0	homozygousDel	4150549
23	92380000	145709873	NA	53329876	481626	1.9987103	480605	6604	23522.0	mappable	0.07825	6.0	NA	0.00278620835	0.00013114754	0.01961022879	0.07791669	0.07804784	92380000	92380000	145709632	145710114	0.16049154	1	417939.3	21.740175	0.9995744	NA	NA	0.0	0.999355152	0.9993552	1	1	1:1	2	neutral	4150549
23	145709873	145922605	NA	212733	2000	4.65121212	1993	72	93.0	mappable	0.07325	NA	identical	0.00554087871	0.01265822785	0.8747427453	0.11300275	0.12566098	145709632	145710114	145922575	145922635	0.03467311	1	422533.0	21.617967	1.8749	NA	NA	0.0	2.325606061	2.3256061	sub	sub	sub:sub	sub	sub	4150549
23	145922605	154929639	NA	9007035	76020	1.9987103	75814	1007	3706.0	mappable	0.075325	6.0	edge	0.00059643427	0.00082440231	0.0105572547	0.08657026	0.08739467	145922575	145922635	154929639	154929639	0.17438576	1	417939.3	21.740175	0.9995744	NA	NA	0.0	0.999355152	0.9993552	1	1	1:1	2	neutral	4150549
