#chromosome	start	end	crest	length	tcnNbrOfLoci	tcnMean	tcnNbrOfSNPs	tcnNbrOfHets	dhNbrOfLoci	map	dhMax	cluster	neighbour	distDH	errorSNP	distTcn	errorLength	totalError	minStart	maxStart	minStop	maxStop	area	peaks	meanCovT	meanCovB	tcnMeanRaw	AF	BAF	dhMean	c1Mean	c2Mean	A	B	genotype	TCN	GNL	PID
1	840009	970054	NA	130046	2422	2.1361334	2406	78	289.0	mappable	0.0753	11.0	edge	0.00339809427	0.01063829787	0.03396705221	0.11772557	0.12836387	840009	840009	969893	970215	0.35841103	2	392922.5	20.622997	1.0151044	18.93718	0.5439068	0.08781361	0.97427593	1.1618575	1	1	1:1	2	mixDH	4170686
1	970054	990034	NA	19981	513	1.6719433	513	2	54.0	mappable	0.5	NA	NA	0.42130190573	0.5	0.08873294779	0.13999386	0.63999386	969893	970215	989981	990087	NA	missing	241765.3	18.132397	0.8902	NA	NA	NA	NA	NA	NA	NA	NA	NA	NA	4170686
1	990034	2130034	NA	1140001	14292	1.9995496	14201	385	1958.0	mappable	0.09420357	1.0	self	0.01715190573	0.00210084034	0.01313294779	0.0994006	0.10150144	989981	990087	2129980	2130034	0.20365807	1	377983.5	19.619417	0.9783524	NA	NA	0.0	0.99977482	0.9997748	1	1	1:1	2	neutral	4170686
1	2130035	2149906	NA	19872	251	2.2665615	250	18	24.0	mappable	0.04127805	NA	identical	0.29171166182	0.05263157895	0.07126705221	0.14007123	0.19270281	2130035	2130089	2149809	2149906	NA	missing	292770.2	16.78327	1.0502	NA	NA	NA	NA	NA	NA	NA	NA	NA	NA	4170686
1	2149907	2436770	NA	286864	4327	1.9995496	4305	127	529.0	mappable	0.071875	1.0	self	0.00339809427	0.0067114094	0.01143294779	0.11031435	0.11702576	2149907	2150004	2436762	2436778	0.18630384	1	377983.5	19.619417	0.9783524	NA	NA	0.0	0.99977482	0.9997748	1	1	1:1	2	neutral	4170686
1	2436770	2700021	NA	263252	2000	1.4965309	1980	125	233.0	mappable	0.16236029	NA	identical	0.06928867043	0.00689655172	0.13593294779	0.11107356	0.11797011	2436762	2436778	2699986	2700021	0.41755529	2	265931.1	15.196065	0.843	15.43337	0.6495313	0.29906256	0.52448727	0.9720436	1	sub	1:sub	sub	sub	4170686
1	2700022	12839977	NA	10139957	147721	1.9995496	147017	6533	19129.0	mappable	0.089	1.0	self	0.01005553983	0.0001381788	0.00592190197	0.08593447	0.08607265	2700022	2700057	12839977	12839977	0.25593464	1	377983.5	19.619417	0.9783524	NA	NA	0.0	0.99977482	0.9997748	1	1	1:1	2	neutral	4170686
1	13780016	120529963	NA	106749960	1392889	1.9995496	1388036	61145	164520.0	mappable	0.08215	1.0	NA	0.00606421814	1.515266e-05	0.0012913327	0.07499158	0.07500673	13780016	13780016	120529963	120529963	0.26532671	1	377983.5	19.619417	0.9783524	NA	NA	0.0	0.99977482	0.9997748	1	1	1:1	2	neutral	4170686
1	121220004	121229986	NA	9983	177	2.3126444	177	0	21.0	mappable	NA	NA	NA	NA	inf	0.08366705221	0.15054281	inf	121220004	121220004	121229986	121229986	NA	missing	425658.0	NA	1.0626	NA	NA	NA	NA	NA	NA	NA	NA	NA	NA	4170686
1	144010127	144019970	NA	9844	155	2.0294575	90	0	20.0	mappable	NA	NA	NA	0.24169778201	0.01538461538	0.00746705221	0.15077238	0.166157	144010127	144010127	144019970	144019970	NA	missing	1150902.0	NA	0.9864	NA	NA	NA	NA	NA	NA	NA	NA	NA	NA	4170686
1	144920087	145739956	NA	819870	6371	1.9995496	5827	136	829.0	mappable	0.065325	1.0	NA	0.02052309427	0.00147058824	0.00623294779	0.10180689	0.10327748	144920087	144920087	145739956	145739956	0.13003244	1	377983.5	19.619417	0.9783524	NA	NA	0.0	0.99977482	0.9997748	1	1	1:1	2	neutral	4170686
1	146540101	147829895	NA	1289795	11654	1.9995496	11623	762	1260.0	mappable	0.08175	1.0	self	0.00204357239	0.00126103405	0.00416705221	0.09852843	0.09978946	146540101	146540101	147829895	147829895	0.17555115	1	377983.5	19.619417	0.9783524	NA	NA	0.0	0.99977482	0.9997748	1	1	1:1	2	neutral	4170686
1	149815060	193589981	NA	43774926	582045	1.9995496	580177	26857	67605.0	mappable	0.078725	1.0	NA	0.00246072068	3.481288e-05	0.00105342921	0.07879103	0.07882584	149815060	149815060	193589956	193589981	0.15145595	1	377983.5	19.619417	0.9783524	NA	NA	0.0	0.99977482	0.9997748	1	1	1:1	2	neutral	4170686
1	193589982	193600064	NA	10083	146	2.3185905	146	0	20.0	mappable	NA	NA	NA	NA	inf	0.08526705221	0.15038004	inf	193589982	193590007	193599992	193600064	NA	missing	401500.0	NA	1.0642	NA	NA	NA	NA	NA	NA	NA	NA	NA	NA	4170686
1	193600065	249209945	NA	55609886	762074	1.9995496	759258	37053	90169.0	mappable	0.078725	1.0	edge	0.00169034681	2.508277e-05	0.00035805204	0.07773379	0.07775887	193600065	193600137	249209945	249209945	0.15827878	1	377983.5	19.619417	0.9783524	NA	NA	0.0	0.99977482	0.9997748	1	1	1:1	2	neutral	4170686
2	20016	24629987	NA	24609976	375532	1.9995496	374168	18317	44798.0	mappable	0.08215	1.0	edge	0.00254931109	5.081043e-05	0.00201327064	0.0814573	0.08150811	20016	20016	24629960	24630014	0.14980955	1	377983.5	19.619417	0.9783524	NA	NA	0.0	0.99977482	0.9997748	1	1	1:1	2	neutral	4170686
2	24629987	24640008	NA	10022	142	2.5936015	141	0	20.0	mappable	NA	NA	identical	0.02869809427	1.0	0.15926705221	0.15047909	1.15047909	24629960	24630014	24639962	24640008	NA	missing	380820.0	NA	1.1382	NA	NA	NA	NA	NA	NA	NA	NA	NA	NA	4170686
2	24640009	39119988	NA	14479982	219693	1.9995496	219015	9610	26190.0	mappable	0.08066481	1.0	NA	0.00355341558	9.720062e-05	0.00117787823	0.08407757	0.08417477	24640009	24640055	39119912	39119988	0.15132489	1	377983.5	19.619417	0.9783524	NA	NA	0.0	0.99977482	0.9997748	1	1	1:1	2	neutral	4170686
2	39119989	39129994	NA	10006	177	1.7050189	177	0	20.0	mappable	NA	NA	NA	NA	inf	0.07983294779	0.1505052	inf	39119989	39120065	39129983	39129994	NA	missing	363906.7	NA	0.8991	NA	NA	NA	NA	NA	NA	NA	NA	NA	NA	4170686
2	39129995	87059860	NA	47929875	715235	1.9995496	713063	34065	80734.0	mappable	0.078725	1.0	NA	0.00152989089	2.759686e-05	0.0009569147	0.07838704	0.07841464	39129995	39130006	87059860	87059860	0.1366863	1	377983.5	19.619417	0.9783524	NA	NA	0.0	0.99977482	0.9997748	1	1	1:1	2	neutral	4170686
2	88330099	89094923	NA	764825	9471	1.9995496	9439	246	1231.0	mappable	0.07878333	1.0	self	0.0058795373	0.0035971223	0.00116705221	0.10232916	0.10592629	88330099	88330099	89059837	89130009	0.12312574	1	377983.5	19.619417	0.9783524	NA	NA	0.0	0.99977482	0.9997748	1	1	1:1	2	neutral	4170686
2	89094923	89161075	NA	66153	1119	0.8220109	1119	13	134.0	mappable	0.24205	NA	NA	0.16335190573	0.07692307692	0.31743294779	0.12489447	0.20181755	89059837	89130009	89161072	89161075	NA	missing	255995.6	17.42949	0.6615	NA	NA	NA	NA	NA	NA	NA	NA	NA	NA	4170686
2	89161076	89161076	INV	1	0	0.0	0	0	NA	mappable	NA	NA	NA	NA	inf	0.97893294779	inf	inf	89161076	89161076	89161076	89161076	NA	missing	NA	NA	0.0	NA	NA	0.0	0.0	0.0	0	0	NA	0	homozygousDel	4170686
2	89161077	89229990	INV	68914	1285	0.7733265	1281	11	159.0	mappable	0.40582594	NA	NA	0.1388020937	0.06666666667	0.33053294779	0.12443608	0.19110274	89161077	89161087	89229990	89229990	NA	missing	252337.8	17.402608	0.6484	NA	NA	NA	NA	NA	NA	NA	NA	NA	NA	4170686
2	89229991	89277894	NA	47904	0	0.0	0	0	NA	mappable	NA	NA	NA	NA	inf	0.97893294779	0.12863508	inf	89229991	89229991	89277894	89277894	NA	missing	NA	NA	0.0	NA	NA	0.0	0.0	0.0	0	0	NA	0	homozygousDel	4170686
2	89840102	90239998	NA	399897	906	1.9610764	899	1	85.0	mappable	0.0	NA	NA	0.04727177849	0.125	0.01093294779	0.10747332	0.23247332	89840102	89840102	90239998	90239998	NA	missing	593937.2	29.69686	0.968	NA	NA	NA	NA	NA	NA	NA	NA	NA	NA	4170686
2	90239999	90260248	NA	20250	0	0.0	0	0	NA	mappable	NA	NA	NA	NA	inf	0.97893294779	0.13980506	inf	90239999	90239999	90260248	90260248	NA	missing	NA	NA	0.0	NA	NA	0.0	0.0	0.0	0	0	NA	0	homozygousDel	4170686
2	90260249	90260251	INV	3	0	0.0	0	0	NA	mappable	NA	NA	NA	NA	inf	0.97893294779	1.26185951	inf	90260249	90260249	90260251	90260251	NA	missing	NA	NA	0.0	NA	NA	0.0	0.0	0.0	0	0	NA	0	homozygousDel	4170686
2	95580145	96239991	NA	659847	4441	1.9995496	4438	10	593.0	mappable	0.27204524	1.0	NA	0.03923523906	0.07692307692	0.00966705221	0.10345663	0.18037971	95580145	95580145	96239991	96239991	NA	missing	377983.5	19.619417	0.9783524	NA	NA	NA	NA	NA	NA	NA	NA	NA	NA	4170686
2	96239992	96740020	NA	500029	0	0.0	0	0	NA	mappable	NA	NA	NA	NA	inf	0.97893294779	0.10564318	inf	96239992	96239992	96740020	96740020	NA	missing	NA	NA	0.0	NA	NA	0.0	0.0	0.0	0	0	NA	0	homozygousDel	4170686
2	96740021	132189994	NA	35449976	448626	1.9995496	447357	19620	52667.0	mappable	0.078725	1.0	NA	0.00068125252	4.787438e-05	0.00036163523	0.0797471	0.07979498	96740021	96740021	132189994	132189994	0.14731684	1	377983.5	19.619417	0.9783524	NA	NA	0.0	0.99977482	0.9997748	1	1	1:1	2	neutral	4170686
2	132189995	133009999	NA	820005	0	0.0	0	0	NA	mappable	NA	NA	NA	NA	inf	0.97893294779	0.10180566	inf	132189995	132189995	133009999	133009999	NA	missing	NA	NA	0.0	NA	NA	0.0	0.0	0.0	0	0	NA	0	homozygousDel	4170686
2	133010000	225517148	NA	92507154	1237897	1.9995496	1233993	51037	139854.0	mappable	0.078725	1.0	NA	0.00057400655	1.820134e-05	0.00168867921	0.07557705	0.07559525	133010000	133010000	225516949	225517148	0.15134507	1	377983.5	19.619417	0.9783524	NA	NA	0.0	0.99977482	0.9997748	1	1	1:1	2	neutral	4170686
2	225517149	242999969	CTX	17482823	265966	1.9995496	264788	13386	32995.0	mappable	0.078725	1.0	edge	0.00103027899	6.866246e-05	0.00353446828	0.08312747	0.08319613	225517149	225517168	242999969	242999969	0.15914916	1	377983.5	19.619417	0.9783524	NA	NA	0.0	0.99977482	0.9997748	1	1	1:1	2	neutral	4170686
3	100074	90409999	NA	90309935	1302238	1.9995496	1298327	58175	149129.0	mappable	0.078725	1.0	edge	0.00145175973	1.610721e-05	0.00172616207	0.07567622	0.07569233	100074	100074	90409936	90409999	0.146812	1	377983.5	19.619417	0.9783524	NA	NA	0.0	0.99977482	0.9997748	1	1	1:1	2	neutral	4170686
3	90410000	90460025	NA	50026	911	1.8646185	901	2	110.0	mappable	0.10135841	14.0	NA	0.02460404666	0.08333333333	0.04753294779	0.12811979	0.21145313	90410000	90410063	90459996	90460025	NA	missing	382443.6	21.812664	0.9420451	NA	NA	NA	NA	NA	NA	NA	NA	NA	NA	4170686
3	90460026	90499969	NA	39944	1473	2.2693186	1460	6	174.0	mappable	0.16503611	13.0	NA	0.09362690573	0.05263157895	0.07966705221	0.13084132	0.1834729	90460026	90460055	90499969	90499969	NA	missing	295852.6	16.138966	1.0509419	NA	NA	NA	NA	NA	NA	NA	NA	NA	NA	4170686
3	93570175	197779892	NA	104209725	1420014	1.9995496	1415631	63850	161111.0	mappable	0.078725	1.0	edge	0.00138953029	1.465567e-05	0.00174381519	0.07508941	0.07510406	93570175	93570175	197779892	197779892	0.14503436	1	377983.5	19.619417	0.9783524	NA	NA	0.0	0.99977482	0.9997748	1	1	1:1	2	neutral	4170686
4	50084	8939952	NA	8889871	145306	1.9995496	144402	7083	18711.0	mappable	0.08215	1.0	edge	0.00610092272	0.00012521913	0.00730040612	0.08664111	0.08676633	50084	50084	8939952	8939952	0.15523812	1	377983.5	19.619417	0.9783524	NA	NA	0.0	0.99977482	0.9997748	1	1	1:1	2	neutral	4170686
4	9800043	49089961	NA	39289927	599164	1.9995496	597140	32137	66285.0	mappable	0.078725	1.0	self	0.00171948016	2.9274e-05	0.00054160402	0.07927807	0.07930735	9800043	9800043	49089961	49089961	0.1334026	1	377983.5	19.619417	0.9783524	NA	NA	0.0	0.99977482	0.9997748	1	1	1:1	2	neutral	4170686
4	52680564	171529971	NA	118849421	1612448	1.9995496	1607415	75010	177015.0	mappable	0.078725	1.0	NA	0.00050645113	1.249344e-05	3.436067e-05	0.07455854	0.07457103	52680564	52680564	171529941	171529971	0.14805736	1	377983.5	19.619417	0.9783524	NA	NA	0.0	0.99977482	0.9997748	1	1	1:1	2	neutral	4170686
4	171529972	171549994	NA	20023	290	1.7262022	290	0	38.0	mappable	NA	NA	NA	NA	inf	0.07413294779	0.13996418	inf	171529972	171530002	171549974	171550014	NA	missing	380600.0	NA	0.9048	NA	NA	NA	NA	NA	NA	NA	NA	NA	NA	4170686
4	171549994	190865012	NA	19315023	308543	1.9995496	306990	15309	35677.0	mappable	0.07973333	1.0	NA	0.00262610391	5.930846e-05	0.00321748609	0.08263363	0.08269294	171549974	171550014	190799944	190930080	0.13409708	1	377983.5	19.619417	0.9783524	NA	NA	0.0	0.99977482	0.9997748	1	1	1:1	2	neutral	4170686
4	190865012	190939997	NA	74986	316	2.2693186	313	0	15.0	mappable	NA	13.0	edge	0.06653246128	0.33333333333	0.08976705221	0.12349999	0.45683332	190799944	190930080	190939997	190939997	NA	missing	295852.6	NA	1.0509419	NA	NA	NA	NA	NA	NA	NA	NA	NA	NA	4170686
5	50017	46399990	NA	46349978	689326	1.9995496	686804	34837	78032.0	mappable	0.078725	1.0	edge	0.00127938852	2.676803e-05	0.00076997265	0.07853589	0.07856265	50017	50017	46399990	46399990	0.14771462	1	377983.5	19.619417	0.9783524	NA	NA	0.0	0.99977482	0.9997748	1	1	1:1	2	neutral	4170686
5	49470005	68829703	NA	19359700	256590	1.9995496	255670	13259	28733.0	mappable	0.07898889	1.0	self	0.00116351448	7.052684e-05	0.00044330439	0.08262225	0.08269278	49470005	49470005	68829703	68829703	0.13874795	1	377983.5	19.619417	0.9783524	NA	NA	0.0	0.99977482	0.9997748	1	1	1:1	2	neutral	4170686
5	70750153	115290000	NA	44539853	615130	1.9995496	613411	24655	67730.0	mappable	0.078725	1.0	self	0.00024512815	3.791757e-05	0.0006327519	0.07871353	0.07875144	70750153	70750153	115289989	115290011	0.14036045	1	377983.5	19.619417	0.9783524	NA	NA	0.0	0.99977482	0.9997748	1	1	1:1	2	neutral	4170686
5	115290000	115300009	NA	10010	221	2.2693186	220	15	22.0	mappable	0.15776894	13.0	NA	0.06899129966	0.0625	0.09136705221	0.15049867	0.21299867	115289989	115290011	115299960	115300058	NA	missing	295852.6	16.138966	1.0509419	NA	NA	NA	NA	NA	NA	NA	NA	NA	NA	4170686
5	115300009	115330033	NA	30025	677	1.8646185	677	57	77.0	mappable	0.09849286	14.0	NA	0.01979476287	0.01754385965	0.04323294779	0.13446394	0.1520078	115299960	115300058	115329994	115330072	0.11188685	1	382443.6	21.812664	0.9420451	NA	NA	0.0	0.93230926	0.9323093	1	1	1:1	2	neutral	4170686
5	115330033	115339963	NA	9931	214	2.3069505	214	26	20.0	mappable	0.05330805	2.0	NA	0.02539004343	0.03846153846	0.06666705221	0.15062823	0.18908977	115329994	115330072	115339903	115339963	NA	missing	397757.5	21.129254	1.0610679	NA	NA	NA	NA	NA	NA	NA	NA	NA	NA	4170686
5	115339964	180689979	NA	65350022	914366	1.9995496	911650	42482	105835.0	mappable	0.078725	1.0	edge	0.00165562169	2.212536e-05	0.00155075029	0.0770366	0.07705873	115339964	115340024	180689979	180689979	0.13671023	1	377983.5	19.619417	0.9783524	NA	NA	0.0	0.99977482	0.9997748	1	1	1:1	2	neutral	4170686
6	180248	58019982	NA	57839742	857863	1.9995496	852895	34387	102730.0	mappable	0.08215	1.0	edge	0.00310474394	2.541231e-05	6.577893e-05	0.0775628	0.07758821	180248	180248	58019982	58019982	0.22214376	1	377983.5	19.619417	0.9783524	NA	NA	0.0	0.99977482	0.9997748	1	1	1:1	2	neutral	4170686
6	58610011	58769997	NA	159987	572	2.1335156	572	13	62.0	mappable	0.12130319	NA	NA	0.04260509721	0.07692307692	0.03546705221	0.11568989	0.19261297	58610011	58610011	58769997	58769997	NA	missing	397158.9	21.560054	1.0144	NA	NA	NA	NA	NA	NA	NA	NA	NA	NA	4170686
6	61890002	97620049	NA	35730055	503349	1.9995496	501757	23790	54113.0	mappable	0.078725	1.0	NA	0.00161613496	3.9398e-05	0.00031049682	0.07971102	0.07975041	61890002	61890002	97619938	97620049	0.14592044	1	377983.5	19.619417	0.9783524	NA	NA	0.0	0.99977482	0.9997748	1	1	1:1	2	neutral	4170686
6	97620050	97637082	NA	17033	229	1.7172829	229	0	25.0	mappable	NA	NA	NA	NA	inf	0.07653294779	0.14228754	inf	97620050	97620161	97637051	97637082	NA	missing	384772.3	NA	0.9024	NA	NA	NA	NA	NA	NA	NA	NA	NA	NA	4170686
6	97637083	121659989	NA	24022908	319921	1.9995496	319005	14336	35679.0	mappable	0.078725	1.0	NA	0.00164376426	6.556517e-05	0.00060635216	0.08157303	0.0816386	97637083	97637114	121659919	121659989	0.15076898	1	377983.5	19.619417	0.9783524	NA	NA	0.0	0.99977482	0.9997748	1	1	1:1	2	neutral	4170686
6	121659990	121669992	NA	10003	178	1.7042756	178	0	26.0	mappable	NA	NA	NA	NA	inf	0.08003294779	0.1505101	inf	121659990	121660060	121669958	121670026	NA	missing	365340.0	NA	0.8989	NA	NA	NA	NA	NA	NA	NA	NA	NA	NA	4170686
6	121669992	170899935	NA	49229953	714978	1.9995496	712440	31850	83329.0	mappable	0.078725	1.0	edge	0.00120468983	2.908076e-05	0.00240042511	0.0782686	0.07829768	121669958	121670026	170899935	170899935	0.13940972	1	377983.5	19.619417	0.9783524	NA	NA	0.0	0.99977482	0.9997748	1	1	1:1	2	neutral	4170686
7	40386	459795	NA	419410	7661	2.1361334	7609	504	1016.0	mappable	0.0963	11.0	edge	0.02057690573	0.00179856115	0.02696705221	0.10707784	0.1088764	40386	40386	459354	460236	0.23480255	1	392922.5	20.622997	1.0151044	NA	NA	0.0	1.06806672	1.0680667	1	1	1:1	2	neutral	4170686
7	459795	480040	NA	20246	396	1.8646185	396	40	49.0	mappable	0.06708571	14.0	NA	0.01161237999	0.025	0.03343294779	0.13980784	0.16480784	459354	460236	479952	480128	0.30001573	1	382443.6	21.812664	0.9420451	NA	NA	0.0	0.93230926	0.9323093	1	1	1:1	2	neutral	4170686
7	480040	920012	NA	439973	7304	2.1361334	7226	441	1010.0	mappable	0.08995	11.0	NA	0.01417690573	0.00193050193	0.02386705221	0.10668342	0.10861392	479952	480128	919999	920012	0.2519461	1	392922.5	20.622997	1.0151044	NA	NA	0.0	1.06806672	1.0680667	1	1	1:1	2	neutral	4170686
7	920013	940004	NA	19992	573	1.8547884	564	9	75.0	mappable	0.19630233	12.0	NA	0.12127690573	0.05555555556	0.03953294779	0.13998608	0.19554163	920013	920026	939977	940031	NA	missing	309699.0	16.676097	0.9394	NA	NA	NA	NA	NA	NA	NA	NA	NA	NA	4170686
7	940004	5389913	NA	4449910	79469	2.1361334	79081	3771	10021.0	mappable	0.0852	11.0	NA	0.00687690573	0.00024044241	0.03226705221	0.09055779	0.09079823	939977	940031	5389814	5389913	0.19491132	1	392922.5	20.622997	1.0151044	NA	NA	0.0	1.06806672	1.0680667	1	1	1:1	2	neutral	4170686
7	5389914	5419982	NA	30069	352	1.7988032	352	19	37.0	mappable	0.14916239	10.0	NA	0.07046429575	0.05263157895	0.06643294779	0.13444484	0.18707642	5389914	5390013	5419932	5419982	NA	missing	327583.4	17.505373	0.9243355	NA	NA	NA	NA	NA	NA	NA	NA	NA	NA	4170686
7	5419983	7730096	NA	2310114	25969	2.1361334	25912	1134	3227.0	mappable	0.07792115	11.0	NA	0.00077694043	0.00083963056	0.03326705221	0.09460947	0.0954491	5419983	5420033	7729947	7730245	0.20088729	1	392922.5	20.622997	1.0151044	NA	NA	0.0	1.06806672	1.0680667	1	1	1:1	2	neutral	4170686
7	7730096	7780003	NA	49908	696	2.3069505	695	52	86.0	mappable	0.10336818	2.0	NA	0.02468523906	0.01886792453	0.08456705221	0.12814776	0.14701569	7729947	7730245	7779960	7780003	0.2967404	1	397757.5	21.129254	1.0610679	NA	NA	0.0	1.15347526	1.1534753	1	1	1:1	2	neutral	4170686
7	7780004	9420081	NA	1640078	31148	2.1361334	31058	1752	3286.0	mappable	0.0799	11.0	NA	0.00345190573	0.00054318305	0.03876705221	0.09687419	0.09741738	7780004	7780047	9419979	9420183	0.2096402	1	392922.5	20.622997	1.0151044	NA	NA	0.0	1.06806672	1.0680667	1	1	1:1	2	neutral	4170686
7	9420081	9430040	NA	9960	221	2.6173862	191	0	20.0	mappable	NA	NA	NA	0.01214809427	0.03333333333	0.16566705221	0.15058053	0.18391386	9419979	9420183	9429983	9430097	NA	missing	442555.0	NA	1.1446	NA	NA	NA	NA	NA	NA	NA	NA	NA	NA	4170686
7	9430040	25939942	NA	16509903	275393	2.1361334	274604	14603	29985.0	mappable	0.078725	11.0	NA	2.690573e-05	6.496881e-05	0.04076705221	0.08341387	0.08347884	9429983	9430097	25939872	25940012	0.20401517	1	392922.5	20.622997	1.0151044	NA	NA	0.0	1.06806672	1.0680667	1	1	1:1	2	neutral	4170686
7	25939942	25980044	NA	40103	521	2.3069505	519	15	51.0	mappable	0.08393023	2.0	NA	0.00027734959	0.05882352941	0.08346705221	0.13079228	0.18961581	25939872	25940012	25979965	25980044	NA	missing	397757.5	21.129254	1.0610679	NA	NA	NA	NA	NA	NA	NA	NA	NA	NA	4170686
7	25980045	40259951	NA	14279907	188303	2.1361334	187735	7870	22070.0	mappable	0.08081429	11.0	NA	0.00345190573	0.0001185115	0.03786705221	0.08414858	0.08426709	25980045	25980124	40259890	40260012	0.20729753	1	392922.5	20.622997	1.0151044	NA	NA	0.0	1.06806672	1.0680667	1	1	1:1	2	neutral	4170686
7	40259951	40299991	NA	40041	582	1.9995496	571	37	63.0	mappable	0.08699038	1.0	self	0.00178142761	0.02083333333	0.02413294779	0.13081137	0.15164471	40259890	40260012	40299871	40300111	0.15540019	1	377983.5	19.619417	0.9783524	NA	NA	0.0	0.99977482	0.9997748	1	1	1:1	2	neutral	4170686
7	40299991	44249935	NA	3949945	54335	2.1361334	54218	2350	6333.0	mappable	0.078725	11.0	NA	2.690573e-05	0.00040535063	0.04326705221	0.09126835	0.0916737	40299871	40300111	44249865	44249935	0.17941664	1	392922.5	20.622997	1.0151044	NA	NA	0.0	1.06806672	1.0680667	1	1	1:1	2	neutral	4170686
7	44249936	44260241	NA	10306	148	2.5166727	148	0	22.0	mappable	NA	NA	NA	NA	inf	0.13856705221	0.15002404	inf	44249936	44250006	44259871	44260241	NA	missing	368691.1	NA	1.1175	NA	NA	NA	NA	NA	NA	NA	NA	NA	NA	4170686
7	44260242	45519964	NA	1259723	16206	2.1361334	16156	664	2084.0	mappable	0.078725	11.0	NA	2.690573e-05	0.00140056022	0.04366705221	0.09869391	0.10009447	44260242	44260612	45519903	45519964	0.20863209	1	392922.5	20.622997	1.0151044	NA	NA	0.0	1.06806672	1.0680667	1	1	1:1	2	neutral	4170686
7	45519965	45539982	NA	20018	339	1.9995496	338	11	48.0	mappable	0.06921395	1.0	self	0.00948414079	0.08333333333	0.02103294779	0.13996771	0.22330104	45519965	45520026	45539893	45539982	NA	missing	377983.5	19.619417	0.9783524	NA	NA	NA	NA	NA	NA	NA	NA	NA	NA	4170686
7	45539983	52870032	NA	7330050	109777	2.1361334	109448	6157	12477.0	mappable	0.078725	11.0	NA	2.690573e-05	0.00015417823	0.03866705221	0.08769856	0.08785274	45539983	45540072	52869954	52870032	0.19410521	1	392922.5	20.622997	1.0151044	NA	NA	0.0	1.06806672	1.0680667	1	1	1:1	2	neutral	4170686
7	52870033	52880015	NA	9983	235	1.859248	235	0	24.0	mappable	NA	NA	NA	NA	inf	0.03833294779	0.15054281	inf	52870033	52870111	52879991	52880039	NA	missing	400453.3	NA	0.9406	NA	NA	NA	NA	NA	NA	NA	NA	NA	NA	4170686
7	52880015	57999988	NA	5119974	55365	2.1361334	55190	3565	6214.0	mappable	0.07813913	11.0	NA	2.690573e-05	0.00026737968	0.03816705221	0.08973557	0.09000295	52879991	52880039	57999988	57999988	0.19308729	1	392922.5	20.622997	1.0151044	NA	NA	0.0	1.06806672	1.0680667	1	1	1:1	2	neutral	4170686
7	61770004	61797196	NA	27193	2000	1.8926953	1988	0	238.0	mappable	NA	NA	NA	0.72850190573	0.08333333333	0.02933294779	0.13576859	0.21910192	61770004	61780016	61797193	61797199	NA	missing	423867.9	NA	0.9496	NA	NA	NA	NA	NA	NA	NA	NA	NA	NA	4170686
7	61797196	61944997	NA	147802	1744	2.1361334	1552	0	147.0	mappable	NA	11.0	NA	0.03125263973	0.00520833333	0.04186705221	0.11645981	0.12166814	61797193	61797199	61909987	61944997	NA	missing	392922.5	NA	1.0151044	NA	NA	NA	NA	NA	NA	NA	NA	NA	NA	4170686
7	61944998	62189971	NA	244974	4998	2.3152815	4994	5	494.0	mappable	0.21798158	3.0	NA	0.14045645118	0.11111111111	0.08536705221	0.11171768	0.22282879	61944998	61980008	62189932	62190010	NA	missing	560176.3	29.616975	1.0633096	NA	NA	NA	NA	NA	NA	NA	NA	NA	NA	4170686
7	62189971	70674990	NA	8485020	81455	2.1361334	81018	4240	9956.0	mappable	0.078725	11.0	NA	2.690573e-05	0.00021381227	0.03636705221	0.08689424	0.08710805	62189932	62190010	70669979	70674990	0.21348394	1	392922.5	20.622997	1.0151044	NA	NA	0.0	1.06806672	1.0680667	1	1	1:1	2	neutral	4170686
7	70674991	70700002	NA	25012	362	2.3069505	358	45	43.0	mappable	0.06528404	2.0	NA	0.01577522193	0.02040816327	0.09816705221	0.13688942	0.15729758	70674991	70680002	70699968	70700036	0.2837361	1	397757.5	21.129254	1.0610679	NA	NA	0.0	1.15347526	1.1534753	1	1	1:1	2	neutral	4170686
7	70700002	72229988	NA	1529987	20746	2.1361334	20605	1010	2604.0	mappable	0.078725	11.0	NA	2.690573e-05	0.00086880973	0.03066705221	0.09734687	0.09821568	70699968	70700036	72229988	72229988	0.19806249	1	392922.5	20.622997	1.0151044	NA	NA	0.0	1.06806672	1.0680667	1	1	1:1	2	neutral	4170686
7	72750118	74139961	NA	1389844	10220	2.1361334	10185	290	1394.0	mappable	0.07792115	11.0	NA	0.00343270966	0.00307692308	0.03736705221	0.09800803	0.10108495	72750118	72750118	74139961	74139961	0.23730302	1	392922.5	20.622997	1.0151044	NA	NA	0.0	1.06806672	1.0680667	1	1	1:1	2	neutral	4170686
7	75160045	76059952	NA	899908	8419	2.1361334	8376	419	1218.0	mappable	0.089025	11.0	NA	0.00689613649	0.00216450216	0.02936705221	0.10111521	0.10327971	75160045	75160045	76059952	76059952	0.23238164	1	392922.5	20.622997	1.0151044	NA	NA	0.0	1.06806672	1.0680667	1	1	1:1	2	neutral	4170686
7	76810004	105630074	NA	28820071	368932	2.1361334	367584	16185	41440.0	mappable	0.08215	11.0	NA	0.00345190573	5.70353e-05	0.03756705221	0.08070839	0.08076543	76810004	76810004	105629993	105630074	0.2144157	1	392922.5	20.622997	1.0151044	NA	NA	0.0	1.06806672	1.0680667	1	1	1:1	2	neutral	4170686
7	105630075	105650031	NA	19957	248	1.846984	248	18	23.0	mappable	0.1822	NA	NA	0.10350190573	0.05555555556	0.04163294779	0.14001085	0.19556641	105630075	105630156	105649962	105650100	NA	missing	365475.0	19.45393	0.9373	NA	NA	NA	NA	NA	NA	NA	NA	NA	NA	4170686
7	105650031	127849965	NA	22199935	297105	2.1361334	296265	12288	32649.0	mappable	0.078725	11.0	NA	2.690573e-05	7.617307e-05	0.02836705221	0.0819536	0.08202978	105649962	105650100	127849867	127850063	0.16446765	1	392922.5	20.622997	1.0151044	NA	NA	0.0	1.06806672	1.0680667	1	1	1:1	2	neutral	4170686
7	127849965	127869974	NA	20010	302	2.3152815	302	17	47.0	mappable	0.19080122	3.0	NA	0.11210312478	0.05882352941	0.09806705221	0.13997336	0.19879689	127849867	127850063	127869836	127869974	NA	missing	560176.3	29.616975	1.0633096	NA	NA	NA	NA	NA	NA	NA	NA	NA	NA	4170686
7	127869975	134979973	NA	7109999	91286	2.1361334	90923	5069	10940.0	mappable	0.0740875	11.0	NA	0.00339809427	0.00018409426	0.03726705221	0.08786799	0.08805208	127869975	127870113	134979938	134980008	0.20310518	1	392922.5	20.622997	1.0151044	NA	NA	0.0	1.06806672	1.0680667	1	1	1:1	2	neutral	4170686
7	134979973	135020006	NA	40034	731	2.3069505	724	61	87.0	mappable	0.09462439	2.0	NA	0.02328483255	0.01470588235	0.08296705221	0.13081353	0.14551941	134979938	134980008	135019921	135020091	0.31421069	1	397757.5	21.129254	1.0610679	NA	NA	0.0	1.15347526	1.1534753	1	1	1:1	2	neutral	4170686
7	135020006	139650024	NA	4630019	64396	2.1361334	64153	2620	7659.0	mappable	0.08472778	11.0	NA	0.00687690573	0.00034928397	0.03986705221	0.09032368	0.09067297	135019921	135020091	139649972	139650024	0.19647675	1	392922.5	20.622997	1.0151044	NA	NA	0.0	1.06806672	1.0680667	1	1	1:1	2	neutral	4170686
7	139650025	139680033	NA	30009	419	1.9049593	418	15	41.0	mappable	0.14638798	NA	NA	0.0679906154	0.0625	0.02603294779	0.13447089	0.19697089	139650025	139650077	139679979	139680087	NA	missing	373112.2	20.619356	0.9529	NA	NA	NA	NA	NA	NA	NA	NA	NA	NA	4170686
7	139680033	147080002	NA	7399970	90583	2.1361334	90337	4016	10373.0	mappable	0.075325	11.0	NA	0.00399809427	0.00023463163	0.03826705221	0.08764592	0.08788055	139679979	139680087	147079939	147080002	0.19933787	1	392922.5	20.622997	1.0151044	NA	NA	0.0	1.06806672	1.0680667	1	1	1:1	2	neutral	4170686
7	147080003	147100021	NA	20019	364	1.9187098	347	0	31.0	mappable	NA	NA	NA	0.06118479447	0.05882352941	0.02233294779	0.139967	0.19879053	147080003	147080066	147099984	147100021	NA	missing	389575.2	NA	0.9566	NA	NA	NA	NA	NA	NA	NA	NA	NA	NA	4170686
7	147100022	158069997	NA	10969976	157802	2.1361334	156936	8505	20015.0	mappable	0.078725	11.0	NA	0.00345190573	0.0001067122	0.03256705221	0.08551739	0.0856241	147100022	147100059	158069993	158070001	0.21910391	1	392922.5	20.622997	1.0151044	NA	NA	0.0	1.06806672	1.0680667	1	1	1:1	2	neutral	4170686
7	158069997	158110025	NA	40029	929	1.9995496	926	4	154.0	mappable	0.05920862	1.0	self	0.0205027239	0.14285714286	0.02443294779	0.13081507	0.27367222	158069993	158070001	158109956	158110025	NA	missing	377983.5	19.619417	0.9783524	NA	NA	NA	NA	NA	NA	NA	NA	NA	NA	4170686
7	158110026	159119808	NA	1009783	16179	2.1361334	15988	298	2336.0	mappable	0.07647308	11.0	edge	0.00339809427	0.00204498978	0.03626705221	0.10027267	0.10231766	158110026	158110095	159119808	159119808	0.28455734	1	392922.5	20.622997	1.0151044	NA	NA	0.0	1.06806672	1.0680667	1	1	1:1	2	neutral	4170686
8	170012	459986	NA	289975	4291	2.9759294	4287	2	549.0	mappable	0.30647841	7.0	edge	0.11209613649	0.16666666667	0.26556705221	0.11021975	0.27688641	170012	170012	459967	460005	NA	missing	483969.1	29.279067	1.2410769	NA	NA	NA	NA	NA	NA	NA	NA	NA	NA	4170686
8	459986	470048	NA	10063	259	3.2071731	259	0	27.0	mappable	NA	NA	NA	NA	inf	0.32436705221	0.15041244	inf	459967	460005	469986	470048	NA	missing	487952.0	NA	1.3033	NA	NA	NA	NA	NA	NA	NA	NA	NA	NA	4170686
8	470049	6919904	NA	6449861	188900	2.9759294	187820	9644	21845.0	mappable	0.1986	7.0	NA	0.12072232141	9.325748e-05	0.25679603633	0.08841406	0.08850732	470049	470111	6919904	6919904	0.7386048	2	483969.1	29.279067	1.2410769	19.07823	0.6627019	0.32540383	1.0037753	1.9721541	2	1	2:1	3	gain	4170686
8	8100000	10660013	NA	2560016	54777	2.9759294	54622	1754	6824.0	mappable	0.23016628	7.0	NA	0.15501825373	0.00052383447	0.2606729671	0.09395087	0.09447471	8100000	8100000	10659987	10660039	0.75295435	2	483969.1	29.279067	1.2410769	19.07823	0.6627019	0.32540383	1.0037753	1.9721541	2	1	2:1	3	gain	4170686
8	10660013	10669998	NA	9986	308	2.6170145	305	22	43.0	mappable	0.21501424	NA	NA	0.13874173447	0.04	0.16556705221	0.1505379	0.1905379	10659987	10660039	10669936	10669998	NA	missing	442108.9	26.732166	1.1445	NA	NA	NA	NA	NA	NA	NA	NA	NA	NA	4170686
8	10669999	10819935	NA	149937	2782	2.9759294	2782	126	340.0	mappable	0.18643387	7.0	NA	0.10773577669	0.00793650794	0.27496705221	0.11631967	0.12425618	10669999	10670061	10819854	10819935	0.72727238	2	483969.1	29.279067	1.2410769	19.07823	0.6627019	0.32540383	1.0037753	1.9721541	2	1	2:1	3	gain	4170686
8	10819936	10850055	NA	30120	661	3.2209236	660	0	97.0	mappable	NA	NA	NA	0.45071367043	1.0	0.32806705221	0.13442275	1.13442275	10819936	10820017	10849914	10850196	NA	missing	480368.7	NA	1.307	NA	NA	NA	NA	NA	NA	NA	NA	NA	NA	4170686
8	10850055	11859985	NA	1009931	20777	2.9759294	20734	1063	2548.0	mappable	0.1909907	7.0	NA	0.10590190573	0.00090415913	0.25766705221	0.10027161	0.10117577	10849914	10850196	11859985	11859985	0.70932298	2	483969.1	29.279067	1.2410769	19.07823	0.6627019	0.32540383	1.0037753	1.9721541	2	1	2:1	3	gain	4170686
8	12580042	29200004	NA	16619966	315181	2.9759294	314139	17208	35961.0	mappable	0.20545	7.0	NA	0.12711527978	5.479452e-05	0.2653351626	0.08338053	0.08343533	12580042	12580042	29199982	29200004	0.74910197	2	483969.1	29.279067	1.2410769	19.07823	0.6627019	0.32540383	1.0037753	1.9721541	2	1	2:1	3	gain	4170686
8	29200005	29229971	NA	29967	420	3.2383905	416	1	45.0	mappable	0.1627907	NA	NA	0.44101561004	0.2	0.33276705221	0.13448916	0.33448916	29200005	29200027	29229910	29229971	NA	missing	459106.0	26.692209	1.3117	NA	NA	NA	NA	NA	NA	NA	NA	NA	NA	4170686
8	29229972	29470014	NA	240043	4092	2.9759294	4078	128	489.0	mappable	0.17805	7.0	NA	0.12675190573	0.00704225352	0.25086705221	0.11190105	0.1189433	29229972	29230033	29469999	29470029	0.6692805	2	483969.1	29.279067	1.2410769	19.07823	0.6627019	0.32540383	1.0037753	1.9721541	2	1	2:1	3	gain	4170686
8	29470014	29479997	NA	9984	209	3.3955927	208	0	25.0	mappable	NA	NA	NA	0.50024927415	1.0	0.37506705221	0.15054117	1.15054117	29469999	29470029	29479899	29479997	NA	missing	483296.7	NA	1.354	NA	NA	NA	NA	NA	NA	NA	NA	NA	NA	4170686
8	29479998	43789991	NA	14309994	201058	2.9759294	200406	8575	23648.0	mappable	0.20545	7.0	NA	0.12675190573	0.00010837759	0.26546705221	0.08413783	0.08424621	29479998	29480096	43789991	43789991	0.7480433	2	483969.1	29.279067	1.2410769	19.07823	0.6627019	0.32540383	1.0037753	1.9721541	2	1	2:1	3	gain	4170686
8	46880007	75289983	NA	28409982	389173	2.9759294	388049	16968	43875.0	mappable	0.208875	7.0	NA	0.1305909089	5.527305e-05	0.26529458213	0.08077579	0.08083106	46880007	46880007	75289925	75289983	0.76212369	2	483969.1	29.279067	1.2410769	19.07823	0.6627019	0.32540383	1.0037753	1.9721541	2	1	2:1	3	gain	4170686
8	75289984	75305044	NA	15061	161	3.3004538	161	0	15.0	mappable	NA	NA	NA	NA	inf	0.34946705221	0.14410748	inf	75289984	75290042	75299989	75305044	NA	missing	503828.3	NA	1.3284	NA	NA	NA	NA	NA	NA	NA	NA	NA	NA	4170686
8	75305045	146289988	NA	70984950	999011	2.9759294	995791	43014	114166.0	mappable	0.202025	7.0	edge	0.12207155837	2.16291e-05	0.25955128021	0.07668415	0.07670578	75305045	75310100	146289988	146289988	0.74344387	2	483969.1	29.279067	1.2410769	19.07823	0.6627019	0.32540383	1.0037753	1.9721541	2	1	2:1	3	gain	4170686
9	200101	16904985	NA	16704896	318141	1.9995496	317407	14922	35046.0	mappable	0.078725	1.0	edge	0.00185541185	6.387328e-05	0.00287915125	0.08335498	0.08341885	200101	200101	16899946	16904985	0.13400344	1	377983.5	19.619417	0.9783524	NA	NA	0.0	0.99977482	0.9997748	1	1	1:1	2	neutral	4170686
9	16904986	16924996	NA	20011	255	2.3275098	255	0	32.0	mappable	NA	NA	NA	NA	inf	0.08766705221	0.13997265	inf	16904986	16910025	16919982	16930010	NA	missing	388886.0	NA	1.0666	NA	NA	NA	NA	NA	NA	NA	NA	NA	NA	4170686
9	16924996	38769828	NA	21844837	327231	1.9995496	326347	14794	36521.0	mappable	0.078725	1.0	NA	0.00070182372	6.378365e-05	0.00212517109	0.0820318	0.08209558	16919982	16930010	38769828	38769828	0.12537752	1	377983.5	19.619417	0.9783524	NA	NA	0.0	0.99977482	0.9997748	1	1	1:1	2	neutral	4170686
9	66840048	66849972	NA	9925	540	1.9995496	501	0	38.0	mappable	NA	1.0	NA	0.00451411992	0.02564102564	0.00946705221	0.15063813	0.17627915	66840048	66840048	66849972	66849972	NA	missing	377983.5	NA	0.9783524	NA	NA	NA	NA	NA	NA	NA	NA	NA	NA	4170686
9	68410004	68419976	NA	9973	1130	2.0733105	1049	0	280.0	mappable	NA	NA	NA	0.28555739353	0.01234567901	0.01926705221	0.15055919	0.16290487	68410004	68410004	68419976	68419976	NA	missing	2442936.0	NA	0.9982	NA	NA	NA	NA	NA	NA	NA	NA	NA	NA	4170686
9	71030093	101969933	NA	30939843	412240	1.9995496	410936	20751	48686.0	mappable	0.078725	1.0	NA	0.00156744625	4.534119e-05	0.00200142321	0.08037628	0.08042162	71030093	71030093	101969785	101969933	0.12657905	1	377983.5	19.619417	0.9783524	NA	NA	0.0	0.99977482	0.9997748	1	1	1:1	2	neutral	4170686
9	101969934	101980057	NA	10124	108	2.3234218	108	0	20.0	mappable	NA	NA	NA	NA	inf	0.08656705221	0.15031387	inf	101969934	101970082	101979974	101980140	NA	missing	400333.8	NA	1.0655	NA	NA	NA	NA	NA	NA	NA	NA	NA	NA	4170686
9	101980057	141019791	NA	39039740	548504	1.9995496	546360	25504	66751.0	mappable	0.08215	1.0	edge	0.00397734946	3.616898e-05	0.000363341	0.07930705	0.07934322	101979974	101980140	141019791	141019791	0.14972767	1	377983.5	19.619417	0.9783524	NA	NA	0.0	0.99977482	0.9997748	1	1	1:1	2	neutral	4170686
10	130013	39149984	NA	39019978	585756	1.9995496	582914	29244	70408.0	mappable	0.08215	1.0	edge	0.00344581745	3.116721e-05	0.00263141029	0.07930934	0.07934051	130013	130013	39149984	39149984	0.14532483	1	377983.5	19.619417	0.9783524	NA	NA	0.0	0.99977482	0.9997748	1	1	1:1	2	neutral	4170686
10	42410000	46159967	NA	3749968	43611	1.9995496	43460	1477	5182.0	mappable	0.0753	1.0	self	0.00339809427	0.00061425061	0.00546705221	0.0915816	0.09219585	42410000	42410000	46159967	46159967	0.12636593	1	377983.5	19.619417	0.9783524	NA	NA	0.0	0.99977482	0.9997748	1	1	1:1	2	neutral	4170686
10	48310177	48659961	NA	349785	5564	1.9995496	5545	321	658.0	mappable	0.081	1.0	self	0.00230190573	0.00294117647	0.00393294779	0.10860057	0.11154175	48310177	48310177	48659961	48659961	0.12234933	1	377983.5	19.619417	0.9783524	NA	NA	0.0	0.99977482	0.9997748	1	1	1:1	2	neutral	4170686
10	49390096	127750029	NA	78359939	1082112	1.9995496	1078716	49655	127335.0	mappable	0.078725	1.0	NA	0.00158982081	1.884979e-05	0.00107867993	0.07626714	0.07628599	49390096	49390096	127749976	127750029	0.14265893	1	377983.5	19.619417	0.9783524	NA	NA	0.0	0.99977482	0.9997748	1	1	1:1	2	neutral	4170686
10	127750030	127760031	NA	10002	168	2.2606153	168	0	25.0	mappable	NA	NA	NA	NA	inf	0.06966705221	0.15051173	inf	127750030	127750083	127759959	127760103	NA	missing	382325.0	NA	1.0486	NA	NA	NA	NA	NA	NA	NA	NA	NA	NA	4170686
10	127760031	134880154	NA	7120125	119772	1.9995496	119173	6801	14977.0	mappable	0.078725	1.0	NA	0.00328035214	0.0001351534	0.00590128764	0.08786006	0.08799522	127759959	127760103	134879914	134880154	0.16313933	1	377983.5	19.619417	0.9783524	NA	NA	0.0	0.99977482	0.9997748	1	1	1:1	2	neutral	4170686
10	134880155	134890001	NA	9847	229	1.7169113	227	0	36.0	mappable	NA	NA	identical	0.77130190573	0.5	0.07663294779	0.15076738	0.65076738	134880155	134880395	134889984	134890018	NA	missing	281775.6	NA	0.9023	NA	NA	NA	NA	NA	NA	NA	NA	NA	NA	4170686
10	134890001	135439925	NA	549925	8859	1.9995496	8745	506	1087.0	mappable	0.08076522	1.0	edge	0.00345190573	0.00161550889	0.00146705221	0.10488296	0.10649846	134889984	134890018	135439925	135439925	0.19344719	1	377983.5	19.619417	0.9783524	NA	NA	0.0	0.99977482	0.9997748	1	1	1:1	2	neutral	4170686
11	190010	48899996	NA	48709992	694559	1.9995496	691791	35312	80294.0	mappable	0.078725	1.0	edge	0.0027602538	2.62605e-05	0.00089500515	0.07831554	0.0783418	190010	190010	48899996	48899996	0.15005099	1	377983.5	19.619417	0.9783524	NA	NA	0.0	0.99977482	0.9997748	1	1	1:1	2	neutral	4170686
11	48899997	50170092	NA	1270096	0	0.0	0	0	NA	mappable	NA	NA	NA	NA	inf	0.97893294779	0.09863632	inf	48899997	48899997	50170092	50170092	NA	missing	NA	NA	0.0	NA	NA	0.0	0.0	0.0	0	0	NA	0	homozygousDel	4170686
11	50170093	50744966	NA	574874	11834	2.1361334	11713	663	1176.0	mappable	0.08168636	11.0	NA	0.00047236027	0.0012755102	0.03266705221	0.10453206	0.10580757	50170093	50170093	50739928	50744966	0.13994152	1	392922.5	20.622997	1.0151044	NA	NA	0.0	1.06806672	1.0680667	1	1	1:1	2	neutral	4170686
11	51320019	51340025	NA	20007	599	2.3069505	586	40	53.0	mappable	0.08722024	2.0	NA	0.00790190573	0.01886792453	0.07926705221	0.13997548	0.1588434	51320019	51320047	51339990	51340025	0.26206724	1	397757.5	21.129254	1.0610679	NA	NA	0.0	1.15347526	1.1534753	1	1	1:1	2	neutral	4170686
11	51340026	51579984	NA	239959	1689	1.8646185	1645	28	215.0	mappable	0.09894686	14.0	NA	0.00612543514	0.01388888889	0.04113294779	0.11190421	0.1257931	51340026	51340061	51579984	51579984	NA	missing	382443.6	21.812664	0.9420451	NA	NA	NA	NA	NA	NA	NA	NA	NA	NA	4170686
11	54792817	68370009	NA	13577196	165856	1.9995496	165032	7430	20116.0	mappable	0.078725	1.0	self	0.00202623518	0.00012115338	0.00392912594	0.08440712	0.08452828	54792817	54792817	68369960	68370058	0.17337429	1	377983.5	19.619417	0.9783524	NA	NA	0.0	0.99977482	0.9997748	1	1	1:1	2	neutral	4170686
11	68370009	68450055	NA	80047	1025	1.7988032	1016	81	139.0	mappable	0.12025887	10.0	NA	0.04550951442	0.01111111111	0.05053294779	0.12278556	0.13389668	68369960	68370058	68449908	68450055	0.14266195	1	327583.4	17.505373	0.9243355	NA	NA	0.0	0.8994016	0.8994016	1	1	1:1	2	neutral	4170686
11	68450056	68480045	NA	29990	390	2.3069505	389	31	37.0	mappable	0.06025	2.0	NA	0.01467501735	0.03125	0.07246705221	0.13447915	0.16572915	68450056	68450203	68479997	68480093	NA	missing	397757.5	21.129254	1.0610679	NA	NA	NA	NA	NA	NA	NA	NA	NA	NA	4170686
11	68480045	89349940	NA	20869898	288258	1.9995496	287308	12946	33872.0	mappable	0.078725	1.0	self	0.00072290294	7.196315e-05	0.00170622832	0.08225402	0.08232599	68479997	68480093	89349940	89349940	0.13629988	1	377983.5	19.619417	0.9783524	NA	NA	0.0	0.99977482	0.9997748	1	1	1:1	2	neutral	4170686
11	89850037	101470036	NA	11620001	173476	1.9995496	172888	8857	18934.0	mappable	0.07825	1.0	NA	5.155472e-05	0.00010587612	0.00190324455	0.08521478	0.08532066	89850037	89850037	101469928	101470036	0.13423451	1	377983.5	19.619417	0.9783524	NA	NA	0.0	0.99977482	0.9997748	1	1	1:1	2	neutral	4170686
11	101470037	101480000	NA	9964	162	2.3386589	162	0	22.0	mappable	NA	NA	NA	NA	inf	0.09066705221	0.15057396	inf	101470037	101470145	101479984	101480000	NA	missing	425468.9	NA	1.0696	NA	NA	NA	NA	NA	NA	NA	NA	NA	NA	4170686
11	101480001	134939862	NA	33459866	490874	1.9995496	489123	22368	58240.0	mappable	0.078725	1.0	edge	0.00250272732	4.146625e-05	0.00084354801	0.08001303	0.0800545	101480001	101480017	134939862	134939862	0.14757738	1	377983.5	19.619417	0.9783524	NA	NA	0.0	0.99977482	0.9997748	1	1	1:1	2	neutral	4170686
12	160107	34819969	NA	34659866	478527	1.9995496	476745	21693	55352.0	mappable	0.078725	1.0	edge	0.00208394388	4.259851e-05	0.00078407445	0.07985064	0.07989324	160107	160107	34819969	34819969	0.15474927	1	377983.5	19.619417	0.9783524	NA	NA	0.0	0.99977482	0.9997748	1	1	1:1	2	neutral	4170686
12	38000003	41289983	NA	3289981	52660	2.0313156	52618	8	5966.0	mappable	0.1750587	NA	NA	0.24642690573	0.02	0.00796705221	0.09238026	0.11238026	38000003	38000003	41289868	41290098	NA	missing	393176.7	25.004661	0.9869	NA	NA	NA	NA	NA	NA	NA	NA	NA	NA	4170686
12	41289983	41300024	NA	10042	175	1.7094785	175	0	29.0	mappable	NA	NA	NA	NA	inf	0.07863294779	0.15044654	inf	41289868	41290098	41299961	41300024	NA	missing	380525.0	NA	0.9003	NA	NA	NA	NA	NA	NA	NA	NA	NA	NA	4170686
12	41300025	133750003	NA	92449988	1249393	1.9995496	1244905	57477	147714.0	mappable	0.078725	1.0	NA	0.00208277756	1.613866e-05	0.00098342326	0.07557959	0.07559573	41300025	41300088	133749852	133750154	0.13962113	1	377983.5	19.619417	0.9783524	NA	NA	0.0	0.99977482	0.9997748	1	1	1:1	2	neutral	4170686
12	133750003	133819926	NA	69924	956	2.1361334	951	84	127.0	mappable	0.09156912	11.0	edge	0.0173680822	0.01123595506	0.04916705221	0.12427377	0.13550973	133749852	133750154	133819926	133819926	0.16306568	1	392922.5	20.622997	1.0151044	NA	NA	0.0	1.06806672	1.0680667	1	1	1:1	2	neutral	4170686
13	19450038	62090038	NA	42640003	579339	1.9995496	577485	27729	66042.0	mappable	0.08215	1.0	edge	0.00152278805	3.38032e-05	0.00233271684	0.07890884	0.07894264	19450038	19450038	62089965	62090038	0.15485067	1	377983.5	19.619417	0.9783524	NA	NA	0.0	0.99977482	0.9997748	1	1	1:1	2	neutral	4170686
13	62090039	62100015	NA	9977	232	1.5808924	232	0	21.0	mappable	NA	NA	NA	NA	inf	0.11323294779	0.15055264	inf	62090039	62090112	62099866	62100015	NA	missing	348751.2	NA	0.8657	NA	NA	NA	NA	NA	NA	NA	NA	NA	NA	4170686
13	62100016	63550004	NA	1449989	21375	1.9995496	21324	747	2258.0	mappable	0.08455	1.0	NA	0.00804321007	0.00125313283	0.00253294779	0.09771536	0.0989685	62100016	62100165	63549927	63550004	0.16411643	1	377983.5	19.619417	0.9783524	NA	NA	0.0	0.99977482	0.9997748	1	1	1:1	2	neutral	4170686
13	63550005	63580043	NA	30039	497	2.2693186	495	9	58.0	mappable	0.18018018	13.0	NA	0.08119289672	0.09090909091	0.05506705221	0.13445786	0.22536695	63550005	63550082	63579960	63580126	NA	missing	295852.6	16.138966	1.0509419	NA	NA	NA	NA	NA	NA	NA	NA	NA	NA	4170686
13	63580043	63630009	NA	49967	958	1.8646185	956	6	115.0	mappable	0.0554009	14.0	NA	0.03197562373	0.125	0.05443294779	0.12813377	0.25313377	63579960	63580126	63629992	63630009	NA	missing	382443.6	21.812664	0.9420451	NA	NA	NA	NA	NA	NA	NA	NA	NA	NA	4170686
13	63630010	105700041	NA	42070036	614541	1.9995496	612491	30839	66636.0	mappable	0.08215	1.0	self	0.002764401	3.04053e-05	0.0036235053	0.07896932	0.07899973	63630010	63630027	105699932	105700041	0.13576049	1	377983.5	19.619417	0.9783524	NA	NA	0.0	0.99977482	0.9997748	1	1	1:1	2	neutral	4170686
13	105700042	105720039	NA	19998	392	1.7890087	391	3	34.0	mappable	0.01135	NA	identical	0.56760190573	0.25	0.05723294779	0.13998183	0.38998183	105700042	105700151	105719986	105720039	NA	missing	378335.7	18.916783	0.9217	NA	NA	NA	NA	NA	NA	NA	NA	NA	NA	4170686
13	105720040	115099984	NA	9379948	150552	1.9995496	149716	7066	18374.0	mappable	0.078725	1.0	edge	0.00109619352	0.00012656626	0.00419827339	0.0863515	0.08647807	105720040	105720093	115099984	115099984	0.15147959	1	377983.5	19.619417	0.9783524	NA	NA	0.0	0.99977482	0.9997748	1	1	1:1	2	neutral	4170686
14	20330060	62590000	NA	42259944	580490	1.9995496	578535	26755	65021.0	mappable	0.08215	1.0	edge	0.00254538959	3.48335e-05	0.0003416935	0.07894907	0.0789839	20330060	20330060	62589994	62590000	0.14975212	1	377983.5	19.619417	0.9783524	NA	NA	0.0	0.99977482	0.9997748	1	1	1:1	2	neutral	4170686
14	62590001	62600043	NA	10043	148	2.2710211	148	0	16.0	mappable	NA	NA	NA	NA	inf	0.07246705221	0.15044491	inf	62590001	62590007	62599974	62600112	NA	missing	400568.9	NA	1.0514	NA	NA	NA	NA	NA	NA	NA	NA	NA	NA	4170686
14	62600043	72850048	NA	10250006	138950	1.9995496	138544	5529	16584.0	mappable	0.08215	1.0	NA	0.00345190573	0.000168492	0.00026705221	0.08587701	0.0860455	62599974	62600112	72849980	72850116	0.15270844	1	377983.5	19.619417	0.9783524	NA	NA	0.0	0.99977482	0.9997748	1	1	1:1	2	neutral	4170686
14	72850048	72880136	NA	30089	331	2.2817985	331	0	43.0	mappable	NA	NA	NA	NA	inf	0.07536705221	0.13443617	inf	72849980	72850116	72879958	72880314	NA	missing	401035.7	NA	1.0543	NA	NA	NA	NA	NA	NA	NA	NA	NA	NA	4170686
14	72880136	106231803	NA	33351670	487399	1.9995496	485646	21693	58656.0	mappable	0.078725	1.0	NA	0.00101631426	4.26512e-05	0.00114974347	0.08002799	0.08007064	72879958	72880314	106009942	106231803	0.15787182	1	377983.5	19.619417	0.9783524	NA	NA	0.0	0.99977482	0.9997748	1	1	1:1	2	neutral	4170686
14	106231804	106233399	INV	1596	0	0.0	0	0	NA	mappable	NA	NA	NA	NA	inf	0.97893294779	0.1879656	inf	106231804	106231804	106233399	106233399	NA	missing	NA	NA	0.0	NA	NA	0.0	0.0	0.0	0	0	NA	0	homozygousDel	4170686
14	106233400	106240294	INV	6895	0	0.0	0	0	NA	mappable	NA	NA	NA	NA	inf	0.97893294779	0.15684632	inf	106233400	106233400	106240294	106240294	NA	missing	NA	NA	0.0	NA	NA	0.0	0.0	0.0	0	0	NA	0	homozygousDel	4170686
14	106240295	106323515	DEL	83221	892	0.048264	876	141	93.0	mappable	0.112975	NA	NA	0.03427690573	0.00636942675	0.52563294779	0.12236412	0.12873355	106240295	106250082	106323514	106323515	0.17698635	1	162159.2	8.73165	0.4533	NA	NA	0.0	0.024132	0.024132	0	0	0:0	0	LOH	4170686
14	106323516	106326487	CTX	2972	197	0.9431644	197	7	36.0	mappable	0.27662353	NA	NA	0.19792543514	0.14285714286	0.28483294779	0.17335201	0.31620915	106323516	106323516	106326487	106326487	NA	missing	211168.6	13.575124	0.6941	NA	NA	NA	NA	NA	NA	NA	NA	NA	NA	4170686
14	106326488	106330460	DEL	3973	914	0.857688	911	9	101.0	mappable	0.09598333	NA	NA	0.0024516657	0.08333333333	0.30783294779	0.16727984	0.25061318	106326488	106326493	106330460	106330460	NA	missing	206105.2	12.097477	0.6711	NA	NA	NA	NA	NA	NA	NA	NA	NA	NA	4170686
14	106330461	106351892	CTX	21432	351	-0.2423556	343	20	46.0	mappable	0.08420227	NA	NA	0.01053599663	0.03571428571	0.60383294779	0.13900976	0.17472405	106330461	106330467	106349982	106351892	NA	missing	138859.9	7.46279	0.3751	NA	NA	NA	NA	NA	NA	NA	NA	NA	NA	4170686
14	106351893	107259908	CTX	908016	9748	1.8646185	9509	163	1158.0	mappable	0.08234091	14.0	edge	0.00354918123	0.00248756219	0.03313294779	0.1010491	0.10353666	106351893	106400108	107259908	107259908	0.59127429	2	382443.6	21.812664	0.9420451	19.86163	0.6320877	0.26417542	0.68601607	1.1786024	1	sub	1:sub	sub	sub	4170686
15	20850000	20859924	NA	9925	165	1.9995496	132	0	10.0	mappable	NA	1.0	edge	0.00235136865	0.0303030303	0.02253294779	0.15063813	0.18094116	20850000	20850000	20859924	20859924	NA	missing	377983.5	NA	0.9783524	NA	NA	NA	NA	NA	NA	NA	NA	NA	NA	4170686
15	22480079	23069956	NA	589878	4052	1.9995496	4024	235	551.0	mappable	0.08076522	1.0	self	0.00206712312	0.00380228137	0.00013294779	0.10432937	0.10813165	22480079	22480079	23069956	23069956	0.10708736	1	377983.5	19.619417	0.9783524	NA	NA	0.0	0.99977482	0.9997748	1	1	1:1	2	neutral	4170686
15	23710146	24329926	NA	619781	10371	1.9995496	10343	680	1190.0	mappable	0.078725	1.0	NA	2.690573e-05	0.00141242938	0.00573294779	0.10394255	0.10535498	23710146	23710146	24329926	24329926	0.1338069	1	377983.5	19.619417	0.9783524	NA	NA	0.0	0.99977482	0.9997748	1	1	1:1	2	neutral	4170686
15	24329927	24830091	NA	500165	0	0.0	0	0	NA	mappable	NA	NA	NA	NA	inf	0.97893294779	0.10564099	inf	24329927	24329927	24830091	24830091	NA	missing	NA	NA	0.0	NA	NA	0.0	0.0	0.0	0	0	NA	0	homozygousDel	4170686
15	24830092	28529988	NA	3699897	57386	1.9995496	57164	3109	6704.0	mappable	0.078725	1.0	NA	2.690573e-05	0.00030021015	0.00503294779	0.091663	0.09196321	24830092	24830092	28529988	28529988	0.16156218	1	377983.5	19.619417	0.9783524	NA	NA	0.0	0.99977482	0.9997748	1	1	1:1	2	neutral	4170686
15	29100034	30369914	NA	1269881	18268	1.9995496	18242	1022	2369.0	mappable	0.072175	1.0	self	0.00652309427	0.00095419847	0.00043294779	0.09863751	0.09959171	29100034	29100034	30369914	30369914	0.10341706	1	377983.5	19.619417	0.9783524	NA	NA	0.0	0.99977482	0.9997748	1	1	1:1	2	neutral	4170686
15	31160110	60590011	NA	29429907	399479	1.9995496	398313	16703	46475.0	mappable	0.08215	1.0	NA	0.00433387786	5.597224e-05	0.00019741576	0.08061012	0.0806661	31160110	31160110	60589973	60590011	0.13252648	1	377983.5	19.619417	0.9783524	NA	NA	0.0	0.99977482	0.9997748	1	1	1:1	2	neutral	4170686
15	60590012	60600069	NA	10058	232	1.6886669	232	0	23.0	mappable	NA	NA	NA	NA	inf	0.08423294779	0.15042055	inf	60590012	60590050	60600050	60600088	NA	missing	363037.9	NA	0.8947	NA	NA	NA	NA	NA	NA	NA	NA	NA	NA	4170686
15	60600069	82479795	NA	21879727	290441	1.9995496	289371	12385	35614.0	mappable	0.08215	1.0	NA	0.00365054462	7.432181e-05	0.00046581065	0.08202405	0.08209838	60600050	60600088	82479795	82479795	0.14122848	1	377983.5	19.619417	0.9783524	NA	NA	0.0	0.99977482	0.9997748	1	1	1:1	2	neutral	4170686
15	83211507	102399920	NA	19188419	295900	1.9995496	294906	12925	35319.0	mappable	0.078725	1.0	edge	0.00228554622	7.18494e-05	0.00049426647	0.08266604	0.08273789	83211507	83211507	102399920	102399920	0.14582228	1	377983.5	19.619417	0.9783524	NA	NA	0.0	0.99977482	0.9997748	1	1	1:1	2	neutral	4170686
16	100010	2760030	NA	2660021	39639	1.9876316	39333	1933	5319.0	mappable	0.551375	9.0	edge	0.46582690573	0.00044662796	0.01383294779	0.09370751	0.09415414	100010	100010	2759996	2760030	0.96404116	2	359372.6	27.673811	0.9751455	18.02996	0.9923913	0.98478262	0.01512328	1.9725084	2	0	2:0	2	cnLOH	4170686
16	2760031	2810073	NA	50043	603	2.3152458	603	0	90.0	mappable	NA	NA	NA	NA	inf	0.08436705221	0.12811577	inf	2760031	2760065	2809872	2810274	NA	missing	334784.7	NA	1.0633	NA	NA	NA	NA	NA	NA	NA	NA	NA	NA	4170686
16	2810073	16289940	NA	13479874	257580	1.9876316	256622	11528	31773.0	mappable	0.54795	9.0	NA	0.47046194711	8.00897e-05	0.00314792217	0.08444411	0.0845242	2809872	2810274	16289940	16289940	0.96823584	2	359372.6	27.673811	0.9751455	18.02996	0.9923913	0.98478262	0.01512328	1.9725084	2	0	2:0	2	cnLOH	4170686
16	16870104	18169896	NA	1299793	20463	1.9876316	20369	989	2538.0	mappable	0.53425	9.0	NA	0.45555190573	0.00092336103	0.00683294779	0.09847438	0.09939774	16870104	16870104	18169896	18169896	0.91875919	2	359372.6	27.673811	0.9751455	18.02996	0.9923913	0.98478262	0.01512328	1.9725084	2	0	2:0	2	cnLOH	4170686
16	18800044	29039945	NA	10239902	125037	1.9876316	124471	5124	15964.0	mappable	0.54795	9.0	NA	0.46925190573	0.00017574692	0.00273294779	0.08588225	0.086058	18800044	18800044	29039945	29039945	0.93627326	2	359372.6	27.673811	0.9751455	18.02996	0.9923913	0.98478262	0.01512328	1.9725084	2	0	2:0	2	cnLOH	4170686
16	29670028	31959970	NA	2289943	17526	1.9876316	17487	336	2418.0	mappable	0.5769881	9.0	NA	0.49139476287	0.00266666667	0.00556705221	0.09466613	0.0973328	29670028	29670028	31959970	31959970	0.97381781	2	359372.6	27.673811	0.9751455	18.02996	0.9923913	0.98478262	0.01512328	1.9725084	2	0	2:0	2	cnLOH	4170686
16	32520030	32649899	NA	129870	3149	2.8139818	2748	2	375.0	mappable	0.08594848	NA	NA	0.1468538288	0.00248138958	0.21856705221	0.11773911	0.1202205	32520030	32520030	32649899	32649899	NA	missing	714532.1	38.797253	1.1975	NA	NA	NA	NA	NA	NA	NA	NA	NA	NA	4170686
16	33590105	35279959	NA	1689855	15432	1.9995496	15365	105	1881.0	mappable	0.09328409	1.0	self	0.01391228308	0.00581395349	0.00716705221	0.09667221	0.10248617	33590105	33590105	35279959	35279959	0.24882331	1	377983.5	19.619417	0.9783524	NA	NA	0.0	0.99977482	0.9997748	1	1	1:1	2	neutral	4170686
16	46450014	90109969	NA	43659968	703038	1.9995496	700554	31931	84996.0	mappable	0.08215	1.0	edge	0.00242771092	2.905963e-05	0.0028833802	0.0788028	0.07883186	46450014	46450014	90109969	90109969	0.15040131	1	377983.5	19.619417	0.9783524	NA	NA	0.0	0.99977482	0.9997748	1	1	1:1	2	neutral	4170686
17	20080	18239982	NA	18219903	232496	1.9995496	231556	10385	29580.0	mappable	0.078725	1.0	edge	0.00209895914	8.830022e-05	0.00144106209	0.08292214	0.08301044	20080	20080	18239982	18239982	0.16058453	1	377983.5	19.619417	0.9783524	NA	NA	0.0	0.99977482	0.9997748	1	1	1:1	2	neutral	4170686
17	18750212	22239986	NA	3489775	25799	1.9995496	25153	1017	3310.0	mappable	0.08215	1.0	self	0.00345190573	0.00060132291	0.00383294779	0.09201874	0.09262007	18750212	18750212	22239986	22239986	0.12725587	1	377983.5	19.619417	0.9783524	NA	NA	0.0	0.99977482	0.9997748	1	1	1:1	2	neutral	4170686
17	25390040	44279982	NA	18889943	210811	1.9995496	209988	8699	27198.0	mappable	0.08215	1.0	self	0.00345190573	0.00010501995	0.00136705221	0.08274339	0.08284841	25390040	25390040	44279982	44279982	0.15431742	1	377983.5	19.619417	0.9783524	NA	NA	0.0	0.99977482	0.9997748	1	1	1:1	2	neutral	4170686
17	44790026	61420061	NA	16630036	199148	1.9995496	198502	7813	24272.0	mappable	0.08215	1.0	self	0.00345190573	0.00011821728	0.00213294779	0.0833775	0.08349571	44790026	44790026	61419993	61420061	0.14722105	1	377983.5	19.619417	0.9783524	NA	NA	0.0	0.99977482	0.9997748	1	1	1:1	2	neutral	4170686
17	61420062	61440056	NA	19995	246	2.1691927	244	0	32.0	mappable	NA	NA	NA	0.08476344419	0.5	0.04506705221	0.13998396	0.63998396	61420062	61420130	61439967	61440145	NA	missing	400990.1	NA	1.024	NA	NA	NA	NA	NA	NA	NA	NA	NA	NA	4170686
17	61440056	61580036	NA	139981	1784	1.9618196	1783	42	251.0	mappable	0.19075	NA	NA	0.11205190573	0.02325581395	0.01073294779	0.11699415	0.14024997	61439967	61440145	61579997	61580075	0.22267548	1	341711.2	19.255153	0.9682	NA	NA	0.0	0.98090982	0.9809098	1	1	1:1	2	neutral	4170686
17	61580036	61599978	NA	19943	298	2.2539258	297	0	47.0	mappable	NA	NA	NA	0.92130190573	1.0	0.06786705221	0.14002077	1.14002077	61579997	61580075	61599952	61599978	NA	missing	376362.2	NA	1.0468	NA	NA	NA	NA	NA	NA	NA	NA	NA	NA	4170686
17	61599979	81138745	NA	19538770	274371	1.9995496	273019	13426	35099.0	mappable	0.078725	1.0	edge	0.0024486544	6.766816e-05	0.00258289439	0.08257694	0.08264461	61599979	61600005	81138745	81138745	0.14840823	1	377983.5	19.619417	0.9783524	NA	NA	0.0	0.99977482	0.9997748	1	1	1:1	2	neutral	4170686
18	130031	10330010	NA	10199980	157581	2.9759294	157084	8376	18074.0	mappable	0.20858415	7.0	edge	0.13016978834	0.00011270145	0.26558337651	0.08590304	0.08601574	130031	130031	10329922	10330098	0.73117813	2	483969.1	29.279067	1.2410769	19.07823	0.6627019	0.32540383	1.0037753	1.9721541	2	1	2:1	3	gain	4170686
18	10330010	10359982	NA	29973	616	2.6783345	616	2	90.0	mappable	0.3352415	NA	NA	0.25654340841	0.5	0.18206705221	0.13448655	0.63448655	10329922	10330098	10359922	10359982	NA	missing	457582.8	30.549175	1.161	NA	NA	NA	NA	NA	NA	NA	NA	NA	NA	4170686
18	10359983	14119956	NA	3759974	54480	2.9759294	54317	2687	6613.0	mappable	0.202375	7.0	NA	0.12536440573	0.00035087719	0.25976705221	0.09156549	0.09191636	10359983	10360043	14119956	14119956	0.72429421	2	483969.1	29.279067	1.2410769	19.07823	0.6627019	0.32540383	1.0037753	1.9721541	2	1	2:1	3	gain	4170686
18	14119957	14910026	NA	790070	0	0.0	0	0	NA	mappable	NA	NA	NA	NA	inf	0.97893294779	0.10208446	inf	14119957	14119957	14910026	14910026	NA	missing	NA	NA	0.0	NA	NA	0.0	0.0	0.0	0	0	NA	0	homozygousDel	4170686
18	14910027	14929888	NA	19862	364	2.8596931	364	1	33.0	mappable	0.26923077	NA	NA	0.19053267496	1.0	0.23086705221	0.14007836	1.14007836	14910027	14910027	14929888	14929888	NA	missing	477959.9	30.332071	1.2098	NA	NA	NA	NA	NA	NA	NA	NA	NA	NA	4170686
18	18540053	54330014	NA	35789964	501426	2.9759294	500012	18683	57630.0	mappable	0.202025	7.0	NA	0.12291449759	4.976115e-05	0.2640943701	0.07970334	0.0797531	18540053	18540053	54329985	54330043	0.75281821	2	483969.1	29.279067	1.2410769	19.07823	0.6627019	0.32540383	1.0037753	1.9721541	2	1	2:1	3	gain	4170686
18	54330014	54340038	NA	10025	168	2.6177578	164	0	22.0	mappable	NA	NA	NA	0.23205836197	0.25	0.16576705221	0.1504742	0.4004742	54329985	54330043	54339977	54340038	NA	missing	484757.8	NA	1.1447	NA	NA	NA	NA	NA	NA	NA	NA	NA	NA	4170686
18	54340039	60793462	NA	6453425	97654	2.9759294	97313	4748	11421.0	mappable	0.20794286	7.0	NA	0.13306528181	0.00019650226	0.26426435288	0.08841094	0.08860745	54340039	54340100	60793447	60793462	0.75211602	2	483969.1	29.279067	1.2410769	19.07823	0.6627019	0.32540383	1.0037753	1.9721541	2	1	2:1	3	gain	4170686
18	60793463	60793486	CTX	24	0	0.0	0	0	NA	mappable	NA	NA	NA	NA	inf	0.97893294779	0.43620858	inf	60793463	60793463	60793486	60793486	NA	missing	NA	NA	0.0	NA	NA	0.0	0.0	0.0	0	0	NA	0	homozygousDel	4170686
18	60793487	61600023	CTX	806537	11863	2.9759294	11818	478	1402.0	mappable	0.21625	7.0	NA	0.13220190573	0.00191204589	0.26976705221	0.10192962	0.10384167	60793487	60793494	61599960	61600086	0.69570128	2	483969.1	29.279067	1.2410769	19.07823	0.6627019	0.32540383	1.0037753	1.9721541	2	1	2:1	3	gain	4170686
18	61600023	61629921	NA	29899	349	2.7705004	349	1	43.0	mappable	0.43859649	NA	NA	0.35989839695	1.0	0.20686705221	0.13451881	1.13451881	61599960	61600086	61629825	61630017	NA	missing	480773.4	34.581949	1.1858	NA	NA	NA	NA	NA	NA	NA	NA	NA	NA	4170686
18	61629921	74415000	NA	12785080	203915	2.9759294	203197	10509	22435.0	mappable	0.20545	7.0	NA	0.12332690573	8.907099e-05	0.26286705221	0.0847172	0.08480627	61629825	61630017	74409973	74420027	0.74259342	2	483969.1	29.279067	1.2410769	19.07823	0.6627019	0.32540383	1.0037753	1.9721541	2	1	2:1	3	gain	4170686
18	74415000	74449964	NA	34965	349	2.6679287	349	4	52.0	mappable	0.05611951	NA	NA	0.02257858583	0.25	0.17926705221	0.13250628	0.38250628	74409973	74420027	74449883	74450045	NA	missing	446707.5	28.179309	1.1582	NA	NA	NA	NA	NA	NA	NA	NA	NA	NA	4170686
18	74449964	78009968	NA	3560005	63230	2.9759294	62760	3027	8198.0	mappable	0.202025	7.0	edge	0.11990190573	0.00028595939	0.24686705221	0.0918972	0.09218316	74449883	74450045	78009968	78009968	0.71567616	2	483969.1	29.279067	1.2410769	19.07823	0.6627019	0.32540383	1.0037753	1.9721541	2	1	2:1	3	gain	4170686
19	260137	309828	NA	49692	731	2.2693186	728	39	85.0	mappable	0.10338333	13.0	edge	0.05180547715	0.02380952381	0.05456705221	0.12819916	0.15200869	260137	260137	299634	309828	0.24792113	1	295852.6	16.138966	1.0509419	NA	NA	0.0	1.13465931	1.1346593	1	1	1:1	2	neutral	4170686
19	309829	24569972	NA	24260145	255709	1.9995496	253998	11928	33894.0	mappable	0.08215	1.0	NA	0.00548916469	7.331916e-05	0.00335290563	0.08152589	0.08159921	309829	320023	24569972	24569972	0.19099143	1	377983.5	19.619417	0.9783524	NA	NA	0.0	0.99977482	0.9997748	1	1	1:1	2	neutral	4170686
19	27750002	27760001	NA	10000	515	2.3899447	515	0	50.0	mappable	NA	NA	NA	NA	inf	0.10446705221	0.150515	inf	27750002	27750002	27759970	27760001	NA	missing	412948.6	NA	1.0834	NA	NA	NA	NA	NA	NA	NA	NA	NA	NA	4170686
19	27760002	43209995	NA	15449994	197085	1.9995496	196216	8796	24882.0	mappable	0.08215	1.0	NA	0.00345190573	0.00010346611	0.00263294779	0.08374823	0.08385169	27760002	27760033	43209995	43209995	0.14358814	1	377983.5	19.619417	0.9783524	NA	NA	0.0	0.99977482	0.9997748	1	1	1:1	2	neutral	4170686
19	43209996	43800005	NA	590010	0	0.0	0	0	NA	mappable	NA	NA	NA	NA	inf	0.97893294779	0.10432761	inf	43209996	43209996	43800005	43800005	NA	missing	NA	NA	0.0	NA	NA	0.0	0.0	0.0	0	0	NA	0	homozygousDel	4170686
19	43800006	59089999	NA	15289997	162564	1.9995496	161844	7752	21074.0	mappable	0.08215	1.0	edge	0.00358256076	0.00011806375	0.00422361608	0.08380093	0.08391899	43800006	43800006	59089999	59089999	0.17622394	1	377983.5	19.619417	0.9783524	NA	NA	0.0	0.99977482	0.9997748	1	1	1:1	2	neutral	4170686
20	60479	25729738	NA	25669264	400353	1.9995496	399114	20064	46545.0	mappable	0.078725	1.0	edge	0.00024785334	4.694175e-05	0.00031956961	0.08125609	0.08130304	60479	60479	25729738	25729738	0.14863747	1	377983.5	19.619417	0.9783524	NA	NA	0.0	0.99977482	0.9997748	1	1	1:1	2	neutral	4170686
20	29810057	62909989	NA	33099938	497240	1.9995496	495381	20238	62762.0	mappable	0.08215	1.0	edge	0.00165747514	4.525706e-05	0.00209082085	0.08006301	0.08010827	29810057	29810057	62909989	62909989	0.1424959	1	377983.5	19.619417	0.9783524	NA	NA	0.0	0.99977482	0.9997748	1	1	1:1	2	neutral	4170686
21	10720001	10755032	NA	35032	1751	2.0952371	1687	0	68.0	mappable	NA	NA	edge	0.10413544926	0.015625	0.02516705221	0.13248204	0.14810704	10720001	10720001	10739886	10770178	NA	missing	1075655.7	NA	1.0041	NA	NA	NA	NA	NA	NA	NA	NA	NA	NA	4170686
21	10755032	10819983	NA	64952	2108	2.3152815	1938	0	255.0	mappable	NA	3.0	NA	0.15908341043	0.00588235294	0.08006705221	0.12510097	0.13098332	10739886	10770178	10819958	10820008	NA	missing	560176.3	NA	1.0633096	NA	NA	NA	NA	NA	NA	NA	NA	NA	NA	4170686
21	10819983	11179964	NA	359982	1274	2.1063862	1141	0	138.0	mappable	NA	NA	NA	0.07136195245	0.00751879699	0.02816705221	0.10835665	0.11587545	10819958	10820008	11179964	11179964	NA	missing	1251596.9	NA	1.0071	NA	NA	NA	NA	NA	NA	NA	NA	NA	NA	4170686
21	15410077	48099931	NA	32689858	516041	1.9995496	513569	23992	60341.0	mappable	0.08215	1.0	edge	0.00287958541	3.778861e-05	0.00078208536	0.08012069	0.08015848	15410077	15410077	48099931	48099931	0.16118605	1	377983.5	19.619417	0.9783524	NA	NA	0.0	0.99977482	0.9997748	1	1	1:1	2	neutral	4170686
22	16850007	23154683	NA	6304678	61089	1.9995496	60806	2539	7983.0	mappable	0.0753	1.0	edge	0.00399911733	0.00035435861	0.00377456248	0.08854262	0.08889698	16850007	16850007	23154682	23154683	0.17919172	1	377983.5	19.619417	0.9783524	NA	NA	0.0	0.99977482	0.9997748	1	1	1:1	2	neutral	4170686
22	23154684	23245009	NA	90326	2000	1.2809818	1997	74	219.0	mappable	0.403	NA	identical	0.32430190573	0.01298701299	0.19393294779	0.12148562	0.13447263	23154684	23154685	23239965	23250053	0.74609023	2	295308.1	20.08095	0.785	18.40453	0.9099373	0.81987453	0.11536873	1.1656131	1	0	1:0	1	LOH	4170686
22	23245009	51179984	NA	27934978	392287	1.9995496	390564	18373	50926.0	mappable	0.08215	1.0	edge	0.0031130966	4.976858e-05	0.00493145704	0.08085522	0.08090499	23239965	23250053	51179984	51179984	0.16151934	1	377983.5	19.619417	0.9783524	NA	NA	0.0	0.99977482	0.9997748	1	1	1:1	2	neutral	4170686
23	2700027	10260009	NA	7559983	75982	0.9961469	75982	135	4758.0	mappable	0.1438	NA	NA	NA	NA	NA	NA	NA	2700027	2700027	10259990	10260009	0.57695902	2	190759.5	7.464502	0.9764	NA	NA	NA	NA	NA	1	NA	1	1	neutral	4170686
23	10260010	10279981	NA	19972	235	0.8716487	235	0	10.0	mappable	NA	NA	NA	NA	NA	NA	NA	NA	10260010	10260029	10279941	10280021	NA	missing	186092.0	NA	0.9094	NA	NA	NA	NA	NA	1	NA	1	1	neutral	4170686
23	10279981	58499983	NA	48220003	413804	1.0028364	413804	426	25350.0	mappable	0.1575	NA	NA	NA	NA	NA	NA	NA	10279941	10280021	58499983	58499983	0.22105471	1	192781.3	8.568059	0.98	NA	NA	NA	NA	NA	1	NA	1	1	neutral	4170686
23	61750000	88459980	NA	26709981	245525	1.0080393	245525	232	14526.0	mappable	0.202025	NA	NA	NA	NA	NA	NA	NA	61750000	61750000	88459980	88459980	0.07179746	1	194481.5	8.421742	0.9828	NA	NA	NA	NA	NA	1	NA	1	1	neutral	4170686
23	88990017	89349936	NA	359920	1089	1.0058095	1089	1	56.0	mappable	0.23076923	NA	NA	NA	NA	NA	NA	NA	88990017	88990017	89349936	89349936	NA	missing	193818.7	11.927304	0.9816	NA	NA	NA	NA	NA	1	NA	1	1	neutral	4170686
23	89349937	90140198	NA	790262	0	0.0	0	0	NA	mappable	NA	NA	NA	NA	NA	NA	NA	NA	89349937	89349937	90140198	90140198	NA	missing	NA	NA	0.0	NA	NA	0.0	0.0	0.0	0	0	-1	0	homozygousDel	4170686
23	90140199	91529952	NA	1389754	5101	0.9875993	5101	1	294.0	mappable	0.0	NA	NA	NA	NA	NA	NA	NA	90140199	90140199	91529952	91529952	NA	missing	198031.7	9.901586	0.9718	NA	NA	NA	NA	NA	1	NA	1	1	neutral	4170686
23	91529953	92379999	NA	850047	0	0.0	0	0	NA	mappable	NA	NA	NA	NA	NA	NA	NA	NA	91529953	91529953	92379999	92379999	NA	missing	NA	NA	0.0	NA	NA	0.0	0.0	0.0	0	0	-1	0	homozygousDel	4170686
23	92380000	123045019	NA	30665020	278867	1.0059953	278867	255	16403.0	mappable	0.195175	NA	NA	NA	NA	NA	NA	NA	92380000	92380000	123039977	123045019	0.17905142	1	194661.9	8.342652	0.9817	NA	NA	NA	NA	NA	1	NA	1	1	neutral	4170686
23	123045020	123069972	NA	24953	108	1.3698273	108	0	5.0	mappable	NA	NA	NA	NA	NA	NA	NA	NA	123045020	123050062	123059915	123069972	NA	missing	197701.7	NA	1.1775	NA	NA	NA	NA	NA	1	NA	1	1	neutral	4170686
23	123069973	128500020	NA	5430048	53425	0.9994916	53425	58	3070.0	mappable	0.32875	NA	NA	NA	NA	NA	NA	NA	123069973	123080030	128499958	128500020	NA	missing	195859.6	7.323986	0.9782	NA	NA	NA	NA	NA	1	NA	1	1	neutral	4170686
23	128500021	128510017	NA	9997	107	0.7553265	107	0	6.0	mappable	NA	NA	NA	NA	NA	NA	NA	NA	128500021	128500083	128509891	128510143	NA	missing	176193.3	NA	0.8468	NA	NA	NA	NA	NA	1	NA	1	1	neutral	4170686
23	128510017	154929639	NA	26419623	233613	1.0091542	233613	292	14010.0	mappable	0.229425	NA	NA	NA	NA	NA	NA	NA	128509891	128510143	154929639	154929639	0.16608438	1	192161.9	8.455122	0.9834	NA	NA	NA	NA	NA	1	NA	1	1	neutral	4170686
24	2653090	2919837	NA	266748	293	0.6692927	293	0	17.0	mappable	NA	NA	NA	NA	NA	NA	NA	NA	2653090	2653090	2919837	2919837	NA	missing	154006.4	NA	0.8005	NA	NA	NA	NA	NA	1	NA	1	1	neutral	4170686
24	3712028	3719919	NA	7892	141	0.7270822	141	0	4.0	mappable	NA	NA	NA	NA	NA	NA	NA	NA	3712028	3712028	3719919	3719919	NA	missing	153241.4	NA	0.8316	NA	NA	NA	NA	NA	1	NA	1	1	neutral	4170686
24	6420014	10069977	NA	3649964	6054	0.6137331	6054	37	414.0	mappable	0.20414423	NA	NA	NA	NA	NA	NA	NA	6420014	6420014	10069977	10069977	0.19513117	1	149484.1	7.913865	0.7706	NA	NA	NA	NA	NA	1	NA	1	1	neutral	4170686
24	13130467	19558992	NA	6428526	11913	0.676168	11915	172	1212.0	mappable	0.15065	NA	NA	NA	NA	NA	NA	NA	13130467	13130467	19558992	19558992	0.26344791	1	179935.7	7.595467	0.8042	NA	NA	NA	NA	NA	1	NA	1	1	neutral	4170686
24	20802956	23808171	NA	3005216	2839	0.637332	2841	6	180.0	mappable	0.78519545	NA	NA	NA	NA	NA	NA	NA	20802956	20802956	23808171	23808171	NA	missing	155347.4	3.64831	0.7833	NA	NA	NA	NA	NA	1	NA	1	1	neutral	4170686
24	24381338	24508205	NA	126868	228	0.7257815	228	0	11.0	mappable	NA	NA	NA	NA	NA	NA	NA	NA	24381338	24381338	24508205	24508205	NA	missing	157182.5	NA	0.8309	NA	NA	NA	NA	NA	1	NA	1	1	neutral	4170686
24	28780461	28789809	NA	9349	78	0.9632571	78	10	18.0	mappable	0.19874837	NA	NA	NA	NA	NA	NA	NA	28780461	28780461	28789809	28789809	NA	missing	301028.6	12.152636	0.9587	NA	NA	NA	NA	NA	1	NA	1	1	neutral	4170686
