#chromosome	start	end	crest	length	tcnNbrOfLoci	tcnMean	tcnNbrOfSNPs	tcnNbrOfHets	dhNbrOfLoci	map	dhMax	cluster	neighbour	distDH	errorSNP	distTcn	errorLength	totalError	minStart	maxStart	minStop	maxStop	area	peaks	meanCovT	meanCovB	tcnMeanRaw	AF	BAF	dhMean	c1Mean	c2Mean	A	B	genotype	TCN	GNL	PID
1	840009	8429988	NA	7589980	116064	1.997232	115375	5881	21982.0	mappable	0.07160882	7.0	edge	1.9928318e-05	0.00015223017	0.01344313326	0.08750566	0.08765789	840009	840009	8429967	8430009	0.13275447	1	552215.8	28.55563	1.0053751	NA	NA	0.0	0.998615765	0.9986158	1	1	1:1	2	neutral	4170844
1	8429988	8460042	NA	30055	432	2.141893	432	0	76.0	mappable	NA	NA	NA	NA	inf	0.04345686674	0.13445091	inf	8429967	8430009	8459930	8460042	NA	missing	573184.1	NA	1.0505	NA	NA	NA	NA	NA	NA	NA	NA	NA	NA	4170844
1	8460043	12839977	NA	4379935	55424	1.997232	55231	1888	10597.0	mappable	0.07416667	7.0	NA	0.003574839124	0.0004805382	0.00924313326	0.09065165	0.09113219	8460043	8460155	12839977	12839977	0.17584273	1	552215.8	28.55563	1.0053751	NA	NA	0.0	0.998615765	0.9986158	1	1	1:1	2	neutral	4170844
1	13780016	31550073	NA	17770059	224393	1.997232	223481	10899	41521.0	mappable	0.071875	7.0	self	0.000213899694	8.466684e-05	0.00113561253	0.08304632	0.08313099	13780016	13780016	31519985	31580161	0.14883425	1	552215.8	28.55563	1.0053751	NA	NA	0.0	0.998615765	0.9986158	1	1	1:1	2	neutral	4170844
1	31550073	31610067	NA	59995	338	2.23362	337	1	76.0	mappable	0.16666667	6.0	NA	0.129085463839	0.5	0.05285686674	0.12600366	0.62600366	31519985	31580161	31599997	31610067	NA	missing	561199.0	32.73661	1.0791128	NA	NA	NA	NA	NA	NA	NA	NA	NA	NA	4170844
1	31610068	31695142	NA	85075	721	1.857141	719	2	142.0	mappable	0.04542347	4.0	NA	0.025357245595	0.25	0.05434313326	0.12212661	0.37212661	31610068	31620138	31689994	31700290	NA	missing	513134.4	26.58974	0.9616762	NA	NA	NA	NA	NA	NA	NA	NA	NA	NA	4170844
1	31695142	80809974	NA	49114838	639553	1.997232	637392	26981	113375.0	mappable	0.071875	7.0	NA	0.000188260603	3.431473e-05	0.00112016503	0.07827894	0.07831326	31689994	31700290	80809928	80809974	0.14176938	1	552215.8	28.55563	1.0053751	NA	NA	0.0	0.998615765	0.9986158	1	1	1:1	2	neutral	4170844
1	80809975	80830083	NA	20109	307	1.721291	307	0	48.0	mappable	NA	NA	NA	NA	inf	0.08774313326	0.13990364	inf	80809975	80810021	80829956	80830083	NA	missing	528474.9	NA	0.9193	NA	NA	NA	NA	NA	NA	NA	NA	NA	NA	4170844
1	80830084	120529963	NA	39699883	527893	1.997232	526212	23734	91587.0	mappable	0.071875	7.0	NA	5.0478065e-05	3.934684e-05	0.00124408346	0.07923104	0.07927039	80830084	80830211	120529963	120529963	0.13174839	1	552215.8	28.55563	1.0053751	NA	NA	0.0	0.998615765	0.9986158	1	1	1:1	2	neutral	4170844
1	121220004	121229986	NA	9983	177	1.997232	176	11	31.0	mappable	0.15841818	7.0	self	0.026160837409	0.08333333333	0.01514313326	0.15054281	0.23387614	121220004	121220004	121229986	121229986	NA	missing	552215.8	28.55563	1.0053751	NA	NA	NA	NA	NA	NA	NA	NA	NA	NA	4170844
1	144010127	144019970	NA	9844	155	2.262432	97	0	26.0	mappable	NA	NA	NA	0.240143668173	0.01724137931	0.08105686674	0.15077238	0.16801376	144010127	144010127	144019970	144019970	NA	missing	1781250.0	NA	1.0881	NA	NA	NA	NA	NA	NA	NA	NA	NA	NA	4170844
1	144920087	145739956	NA	819870	6373	2.432019	5794	149	1064.0	mappable	0.078775	NA	NA	0.093958888476	0.00137362637	0.13395686674	0.10180689	0.10318052	144920087	144920087	145739956	145739956	0.2127707	1	1053723.0	55.19501	1.141	NA	NA	0.0	1.216009355	1.2160094	1	1	1:1	2	neutral	4170844
1	146540101	147829895	NA	1289795	11673	2.400066	11647	355	2096.0	mappable	0.071875	2.0	NA	0.003405071682	0.00262467192	0.12305686674	0.09852843	0.1011531	146540101	146540101	147829895	147829895	0.28218537	1	630594.3	33.05359	1.131033	NA	NA	0.0	1.200033218	1.2000332	1	1	1:1	2	neutral	4170844
1	149815060	165360050	NA	15544992	192888	2.400066	192186	9287	34934.0	mappable	0.071875	2.0	NA	0.001170105719	0.00010011012	0.13390666766	0.08371722	0.08381733	149815060	149815060	165359987	165360050	0.24059376	1	630594.3	33.05359	1.131033	NA	NA	0.0	1.200033218	1.2000332	1	1	1:1	2	neutral	4170844
1	165360051	165379991	NA	19941	347	2.17824	342	26	58.0	mappable	0.07582051	3.0	NA	0.005555712708	0.03225806452	0.04555686674	0.14002219	0.17228026	165360051	165360114	165379956	165379991	NA	missing	594730.9	30.67196	1.0618379	NA	NA	NA	NA	NA	NA	NA	NA	NA	NA	4170844
1	165379992	172149990	NA	6769999	96523	2.400066	96165	5473	16628.0	mappable	0.07100152	2.0	NA	0.000893413166	0.00017149717	0.11495686674	0.08814174	0.08831324	165379992	165380027	172149948	172150032	0.22180879	1	630594.3	33.05359	1.131033	NA	NA	0.0	1.200033218	1.2000332	1	1	1:1	2	neutral	4170844
1	172149990	172165001	NA	15012	141	2.076495	141	0	38.0	mappable	NA	NA	NA	NA	inf	0.02305686674	0.14415631	inf	172149948	172150032	172159959	172165001	NA	missing	622018.9	NA	1.0301	NA	NA	NA	NA	NA	NA	NA	NA	NA	NA	4170844
1	172165002	191344956	NA	19179957	261475	2.400066	260716	10796	45411.0	mappable	0.07052206	2.0	NA	1.316427e-06	8.654262e-05	0.12344996856	0.08266821	0.08275475	172165002	172170044	191339877	191350035	0.23440154	1	630594.3	33.05359	1.131033	NA	NA	0.0	1.200033218	1.2000332	1	1	1:1	2	neutral	4170844
1	191344956	191359976	NA	15021	136	2.108873	136	0	23.0	mappable	NA	NA	NA	NA	inf	0.03315686674	0.14414733	inf	191339877	191350035	191359946	191359976	NA	missing	622121.4	NA	1.0402	NA	NA	NA	NA	NA	NA	NA	NA	NA	NA	4170844
1	191359977	206455000	NA	15095024	199767	2.466962	199100	9339	35034.0	mappable	0.071875	NA	NA	1.9928318e-05	9.994004e-05	0.14485686674	0.08386599	0.08396593	191359977	191360007	206329916	206580084	0.23739818	1	637705.4	33.50655	1.1519	NA	NA	0.0	1.233481	1.233481	1	1	1:1	2	neutral	4170844
1	206455000	230859916	NA	24404919	330063	1.997232	329032	13772	58367.0	mappable	0.08255385	7.0	NA	0.011176962666	6.755387e-05	0.01320277767	0.08149737	0.08156493	206329916	206580084	230859833	230859916	0.4005736	2	552215.8	28.55563	1.0053751	27.63451	0.5276112	0.05522248	0.943469723	1.0537618	1	1	1:1	2	mixDH	4170844
1	230859917	230870068	NA	10152	217	2.319495	217	0	42.0	mappable	NA	NA	NA	NA	inf	0.09885686674	0.15026887	inf	230859917	230860000	230869985	230870068	NA	missing	574375.0	NA	1.1059	NA	NA	NA	NA	NA	NA	NA	NA	NA	NA	4170844
1	230870069	249209945	NA	18339880	262444	1.997232	261270	14274	46548.0	mappable	0.08215	7.0	edge	0.009693614858	6.47333e-05	0.00764992138	0.08288959	0.08295433	230870069	230870152	249209945	249209945	0.35809417	2	552215.8	28.55563	1.0053751	27.63451	0.5276112	0.05522248	0.943469723	1.0537618	1	1	1:1	2	mixDH	4170844
2	20016	33580013	NA	33560004	498403	1.997232	496448	23975	89013.0	mappable	0.0753	7.0	edge	0.003690920546	3.856537e-05	0.00245736252	0.07999923	0.0800378	20016	20016	33579997	33580029	0.14871516	1	552215.8	28.55563	1.0053751	NA	NA	0.0	0.998615765	0.9986158	1	1	1:1	2	neutral	4170844
2	33580013	33599959	NA	19947	376	2.461192	376	0	58.0	mappable	NA	NA	NA	NA	inf	0.14305686674	0.14001794	inf	33579997	33580029	33599836	33599959	NA	missing	637607.4	NA	1.1501	NA	NA	NA	NA	NA	NA	NA	NA	NA	NA	4170844
2	33599960	87059860	NA	53459909	811758	1.997232	809309	39646	141028.0	mappable	0.071875	7.0	NA	0.000162649065	2.375579e-05	0.01006925984	0.07790603	0.07792978	33599960	33600083	87059860	87059860	0.13315396	1	552215.8	28.55563	1.0053751	NA	NA	0.0	0.998615765	0.9986158	1	1	1:1	2	neutral	4170844
2	88330099	89160000	NA	829902	10205	1.997232	10162	596	1827.0	mappable	0.07018333	7.0	self	0.000272201045	0.00156494523	0.03575686674	0.10171604	0.10328099	88330099	88330099	89159998	89160002	0.14256563	1	552215.8	28.55563	1.0053751	NA	NA	0.0	0.998615765	0.9986158	1	1	1:1	2	neutral	4170844
2	89160000	89229990	NA	69991	1668	1.33403	1599	0	294.0	mappable	NA	NA	NA	0.368727632658	0.01449275362	0.20854313326	0.12426311	0.13875586	89159998	89160002	89229990	89229990	NA	missing	432701.5	NA	0.7985	NA	NA	NA	NA	NA	NA	NA	NA	NA	NA	4170844
2	89840102	90239998	NA	399897	914	2.17824	903	18	126.0	mappable	0.11885476	3.0	NA	0.026617006021	0.03448275862	0.06495686674	0.10747332	0.14195608	89840102	89840102	90239998	90239998	NA	missing	594730.9	30.67196	1.0618379	NA	NA	NA	NA	NA	NA	NA	NA	NA	NA	4170844
2	95580145	96239991	NA	659847	4442	1.906266	4430	56	862.0	mappable	0.13342073	NA	NA	0.034582510706	0.01470588235	0.03004313326	0.10345663	0.11816251	95580145	95580145	96239991	96239991	0.41190614	2	509259.5	28.42378	0.977	26.225	0.5955256	0.19105122	0.771035964	1.1352305	1	1	1:1	2	mixDH	4170844
2	96239992	96740020	NA	500029	0	0.0	0	0	NA	mappable	NA	NA	NA	NA	inf	1.00704313326	0.10564318	inf	96239992	96239992	96740020	96740020	NA	missing	NA	NA	0.0	NA	NA	0.0	0.0	0.0	0	0	NA	0	homozygousDel	4170844
2	96740021	127679989	NA	30939977	397354	1.997232	396258	16857	69858.0	mappable	0.071875	7.0	NA	0.000998845671	5.5701e-05	0.01338172782	0.08037626	0.08043196	96740021	96740021	127679881	127680097	0.14627136	1	552215.8	28.55563	1.0053751	NA	NA	0.0	0.998615765	0.9986158	1	1	1:1	2	neutral	4170844
2	127679989	127690045	NA	10057	202	1.74245	202	0	36.0	mappable	NA	NA	NA	NA	inf	0.08114313326	0.15042217	inf	127679881	127680097	127689996	127690045	NA	missing	572665.0	NA	0.9259	NA	NA	NA	NA	NA	NA	NA	NA	NA	NA	4170844
2	127690046	130220028	NA	2529983	36308	1.997232	36195	1833	6679.0	mappable	0.07689265	7.0	NA	0.006830071682	0.00051387461	0.00354313326	0.09402607	0.09453995	127690046	127690095	130219982	130220074	0.16846986	1	552215.8	28.55563	1.0053751	NA	NA	0.0	0.998615765	0.9986158	1	1	1:1	2	neutral	4170844
2	130220028	130230019	NA	9992	152	1.695645	152	0	29.0	mappable	NA	NA	NA	NA	inf	0.09574313326	0.15052808	inf	130219982	130220074	130229921	130230117	NA	missing	479793.3	NA	0.9113	NA	NA	NA	NA	NA	NA	NA	NA	NA	NA	4170844
2	130230019	132189994	NA	1959976	14441	1.997232	14407	461	2720.0	mappable	0.07107817	7.0	NA	0.000714687067	0.00202020202	0.00734313326	0.09568277	0.09770297	130229921	130230117	132189994	132189994	0.15055968	1	552215.8	28.55563	1.0053751	NA	NA	0.0	0.998615765	0.9986158	1	1	1:1	2	neutral	4170844
2	132189995	133009999	NA	820005	0	0.0	0	0	NA	mappable	NA	NA	NA	NA	inf	1.00704313326	0.10180566	inf	132189995	132189995	133009999	133009999	NA	missing	NA	NA	0.0	NA	NA	0.0	0.0	0.0	0	0	NA	0	homozygousDel	4170844
2	133010000	167679985	NA	34669989	468194	1.997232	466767	17791	81012.0	mappable	0.07343269	7.0	NA	0.000291588562	5.203455e-05	0.00135810633	0.0798493	0.07990133	133010000	133010000	167679969	167679985	0.12906116	1	552215.8	28.55563	1.0053751	NA	NA	0.0	0.998615765	0.9986158	1	1	1:1	2	neutral	4170844
2	167679986	167689970	NA	9985	140	2.400066	138	0	15.0	mappable	NA	2.0	NA	0.020386517286	0.5	0.13055686674	0.15053953	0.65053953	167679986	167680002	167689885	167690055	NA	missing	630594.3	NA	1.131033	NA	NA	NA	NA	NA	NA	NA	NA	NA	NA	4170844
2	167689970	167715011	NA	25042	255	1.797269	255	0	44.0	mappable	NA	NA	NA	NA	inf	0.06404313326	0.13687322	inf	167689885	167690055	167709990	167715011	NA	missing	553463.3	NA	0.943	NA	NA	NA	NA	NA	NA	NA	NA	NA	NA	4170844
2	167715012	192260010	NA	24545001	329710	1.997232	328677	13642	56870.0	mappable	0.072075	7.0	NA	0.000124368974	6.81431e-05	0.01045691435	0.08146996	0.0815381	167715012	167720033	192259943	192260077	0.13876488	1	552215.8	28.55563	1.0053751	NA	NA	0.0	0.998615765	0.9986158	1	1	1:1	2	neutral	4170844
2	192260010	192269999	NA	9990	127	1.598188	127	0	18.0	mappable	NA	NA	NA	NA	inf	0.12614313326	0.15053135	inf	192259943	192260077	192269936	192270062	NA	missing	539615.7	NA	0.8809	NA	NA	NA	NA	NA	NA	NA	NA	NA	NA	4170844
2	192269999	192979949	NA	709951	10049	1.857141	10022	116	1806.0	mappable	0.07619839	4.0	NA	0.003430071682	0.00699300699	0.04344313326	0.10289463	0.10988764	192269936	192270062	192979892	192980006	0.17337829	1	513134.4	26.58974	0.9616762	NA	NA	0.0	0.928570657	0.9285707	1	1	1:1	2	neutral	4170844
2	192979949	192999995	NA	20047	332	1.72568	329	35	52.0	mappable	0.095875	1.0	NA	0.012393708046	0.02631578947	0.10314313326	0.13994725	0.16626304	192979892	192980006	192999949	193000041	0.25245169	1	533079.3	28.93031	0.920669	NA	NA	0.0	0.862840084	0.8628401	1	1	1:1	2	neutral	4170844
2	192999995	242999969	NA	49999981	695114	1.997232	692733	30003	124071.0	mappable	0.071875	7.0	edge	8.1443014e-05	3.087945e-05	0.00328068955	0.07820007	0.07823095	192999949	193000041	242999969	242999969	0.14828281	1	552215.8	28.55563	1.0053751	NA	NA	0.0	0.998615765	0.9986158	1	1	1:1	2	neutral	4170844
3	100074	75243699	NA	75143634	1094164	1.997232	1090805	48082	192292.0	mappable	0.071875	7.0	edge	0.000498269657	1.944012e-05	0.00526800236	0.0764434	0.07646284	100074	100074	75243678	75243699	0.14909574	1	552215.8	28.55563	1.0053751	NA	NA	0.0	0.998615765	0.9986158	1	1	1:1	2	neutral	4170844
3	75243700	75770003	NA	526304	1658	2.17824	1627	0	233.0	mappable	NA	3.0	NA	0.00331664549	0.03225806452	0.05385686674	0.10523249	0.13749056	75243700	75243721	75769998	75770003	NA	missing	594730.9	NA	1.0618379	NA	NA	NA	NA	NA	NA	NA	NA	NA	NA	4170844
3	75770004	75780110	NA	10107	943	1.731871	942	5	56.0	mappable	0.4955303	NA	NA	0.443994655015	0.16666666667	0.08444313326	0.15034127	0.31700794	75770004	75770009	75779984	75780110	NA	missing	198446.0	13.22973	0.9226	NA	NA	NA	NA	NA	NA	NA	NA	NA	NA	4170844
3	75780111	90499969	NA	14719860	208440	1.997232	207747	10702	34283.0	mappable	0.07250081	7.0	self	0.000347129782	8.775779e-05	0.01084792601	0.08399387	0.08408163	75780111	75780237	90499969	90499969	0.11210259	1	552215.8	28.55563	1.0053751	NA	NA	0.0	0.998615765	0.9986158	1	1	1:1	2	neutral	4170844
3	93570175	197779892	NA	104209728	1419623	1.997232	1415136	64267	247115.0	mappable	0.071875	7.0	edge	2.9371685e-05	1.454482e-05	0.00188636098	0.07508941	0.07510395	93570175	93570175	197779892	197779892	0.13101332	1	552215.8	28.55563	1.0053751	NA	NA	0.0	0.998615765	0.9986158	1	1	1:1	2	neutral	4170844
4	50084	8939952	NA	8889869	145515	1.997232	144624	7053	27383.0	mappable	0.0753	7.0	edge	1.9928318e-05	0.00012588117	0.02904313326	0.08664111	0.08676699	50084	50084	8939952	8939952	0.15212864	1	552215.8	28.55563	1.0053751	NA	NA	0.0	0.998615765	0.9986158	1	1	1:1	2	neutral	4170844
4	9800043	49089961	NA	39289921	599008	1.997232	597088	29131	101928.0	mappable	0.071875	7.0	self	0.001577713197	3.220508e-05	0.00346386447	0.07927808	0.07931028	9800043	9800043	49089961	49089961	0.12753397	1	552215.8	28.55563	1.0053751	NA	NA	0.0	0.998615765	0.9986158	1	1	1:1	2	neutral	4170844
4	52680564	86519989	NA	33839431	473505	1.997232	471918	21167	80870.0	mappable	0.071875	7.0	self	4.1883797e-05	4.395025e-05	0.00662482082	0.07996097	0.08000492	52680564	52680564	86519965	86520013	0.15134881	1	552215.8	28.55563	1.0053751	NA	NA	0.0	0.998615765	0.9986158	1	1	1:1	2	neutral	4170844
4	86519989	86560032	NA	40044	400	2.485876	400	3	69.0	mappable	0.07975531	NA	identical	0.007860377285	0.33333333333	0.15075686674	0.13081045	0.46414378	86519965	86520013	86559943	86560032	NA	missing	633018.5	33.9117	1.1578	NA	NA	NA	NA	NA	NA	NA	NA	NA	NA	4170844
4	86560033	160045030	NA	73485004	973995	1.997232	971222	44245	165131.0	mappable	0.071875	7.0	self	0.00019189683	2.126845e-05	0.00033089942	0.0765376	0.07655887	86560033	86560122	160039988	160045030	0.14407408	1	552215.8	28.55563	1.0053751	NA	NA	0.0	0.998615765	0.9986158	1	1	1:1	2	neutral	4170844
4	160045031	160289995	NA	244965	3407	2.250891	3398	0	628.0	mappable	NA	NA	identical	0.344947176945	0.11111111111	0.07745686674	0.11171801	0.22282912	160045031	160050073	160289977	160290013	NA	missing	625521.0	NA	1.0845	NA	NA	NA	NA	NA	NA	NA	NA	NA	NA	4170844
4	160289995	175539978	NA	15249984	218764	1.997232	218071	10197	36421.0	mappable	0.071875	7.0	self	0.003405071682	9.182736e-05	0.00404313326	0.0838142	0.08390603	160289977	160290013	175539914	175539978	0.14235573	1	552215.8	28.55563	1.0053751	NA	NA	0.0	0.998615765	0.9986158	1	1	1:1	2	neutral	4170844
4	175539979	175969995	NA	430017	6475	2.17824	6460	536	1045.0	mappable	0.06325726	3.0	NA	0.007253261651	0.00181488203	0.08705686674	0.10687167	0.10868655	175539979	175540043	175969985	175969995	0.12004642	1	594730.9	30.67196	1.0618379	NA	NA	0.0	1.089120169	1.0891202	1	1	1:1	2	neutral	4170844
4	175969996	175980074	NA	10079	131	2.540696	131	8	20.0	mappable	0.04619171	NA	NA	0.025703213653	0.125	0.16785686674	0.15038651	0.27538651	175969996	175970006	175979994	175980154	NA	missing	651007.5	34.03175	1.1749	NA	NA	NA	NA	NA	NA	NA	NA	NA	NA	4170844
4	175980074	177459994	NA	1479921	22830	2.17824	22761	1458	3864.0	mappable	0.074475	3.0	NA	0.005530071682	0.00065487885	0.05955686674	0.09757483	0.09822971	175979994	175980154	177459948	177460040	0.13380633	1	594730.9	30.67196	1.0618379	NA	NA	0.0	1.089120169	1.0891202	1	1	1:1	2	neutral	4170844
4	177459994	190799944	NA	13339952	221243	1.997232	219781	12034	38380.0	mappable	0.07173235	7.0	edge	0.00150566147	7.409603e-05	0.01772734971	0.08449782	0.08457191	177459948	177460040	190799944	190799944	0.16193751	1	552215.8	28.55563	1.0053751	NA	NA	0.0	0.998615765	0.9986158	1	1	1:1	2	neutral	4170844
5	50017	870019	NA	820003	9863	1.857141	9767	515	1934.0	mappable	0.069925	4.0	edge	1.9928318e-05	0.00163666121	0.04704313326	0.10180568	0.10344234	50017	50017	869988	870050	0.1363945	1	513134.4	26.58974	0.9616762	NA	NA	0.0	0.928570657	0.9285707	1	1	1:1	2	neutral	4170844
5	870019	879451	NA	9433	226	2.288078	226	4	40.0	mappable	0.14151127	NA	NA	0.069616346192	0.25	0.08905686674	0.15147498	0.40147498	869988	870050	878757	879451	NA	missing	542475.7	30.8421	1.0961	NA	NA	NA	NA	NA	NA	NA	NA	NA	NA	4170844
5	879452	18340965	NA	17461515	279234	1.997232	278240	13866	49016.0	mappable	0.071875	7.0	NA	0.00341766796	6.729475e-05	0.01838512994	0.08313355	0.08320085	879452	880146	18340869	18340965	0.15153105	1	552215.8	28.55563	1.0053751	NA	NA	0.0	0.998615765	0.9986158	1	1	1:1	2	neutral	4170844
5	18340966	18350017	NA	9052	183	2.249288	183	0	20.0	mappable	NA	NA	NA	NA	inf	0.07695686674	0.15216044	inf	18340966	18341062	18349993	18350017	NA	missing	557425.0	NA	1.084	NA	NA	NA	NA	NA	NA	NA	NA	NA	NA	4170844
5	18350018	46399990	NA	28049978	399785	1.997232	398544	16451	68187.0	mappable	0.07313929	7.0	NA	0.000261490495	5.652272e-05	0.00570929983	0.08083585	0.08089238	18350018	18350042	46399990	46399990	0.14885809	1	552215.8	28.55563	1.0053751	NA	NA	0.0	0.998615765	0.9986158	1	1	1:1	2	neutral	4170844
5	49470005	68829703	NA	19359700	256562	1.997232	255755	11942	44459.0	mappable	0.071875	7.0	self	5.9619644e-05	7.843752e-05	0.00046128326	0.08262225	0.08270069	49470005	49470005	68829703	68829703	0.12021818	1	552215.8	28.55563	1.0053751	NA	NA	0.0	0.998615765	0.9986158	1	1	1:1	2	neutral	4170844
5	70750153	156400029	NA	85649888	1192293	1.997232	1189135	51595	205569.0	mappable	0.071875	7.0	self	8.661958e-06	1.826384e-05	0.004168313	0.07589572	0.07591398	70750153	70750153	156399983	156400029	0.13616519	1	552215.8	28.55563	1.0053751	NA	NA	0.0	0.998615765	0.9986158	1	1	1:1	2	neutral	4170844
5	156400030	156429949	NA	29920	333	2.400066	327	32	70.0	mappable	0.08916136	2.0	NA	0.015205071682	0.02631578947	0.13435686674	0.13450964	0.16082543	156400030	156400076	156429835	156430063	0.3416635	2	630594.3	33.05359	1.131033	28.05084	0.5365079	0.07301585	1.112411775	1.2876547	1	1	1:1	2	mixDH	4170844
5	156429949	159479955	NA	3050007	44259	2.17824	44120	2315	7965.0	mappable	0.0716087	3.0	NA	0.001720456297	0.00040749796	0.04895686674	0.09284887	0.09325637	156429835	156430063	159479717	159480193	0.13191199	1	594730.9	30.67196	1.0618379	NA	NA	0.0	1.089120169	1.0891202	1	1	1:1	2	neutral	4170844
5	159479955	159779983	NA	300029	3595	1.857141	3578	170	703.0	mappable	0.06910682	4.0	NA	0.002788110136	0.00534759358	0.06044313326	0.10992186	0.11526946	159479717	159480193	159779907	159779983	0.13575883	1	513134.4	26.58974	0.9616762	NA	NA	0.0	0.928570657	0.9285707	1	1	1:1	2	neutral	4170844
5	159779984	165579983	NA	5800001	83695	1.997232	83407	4494	13867.0	mappable	0.07218598	7.0	NA	0.000653786982	0.00020911752	0.00605062475	0.08901699	0.0892261	159779984	159780060	165579938	165580028	0.13319931	1	552215.8	28.55563	1.0053751	NA	NA	0.0	0.998615765	0.9986158	1	1	1:1	2	neutral	4170844
5	165579983	165589928	NA	9946	144	2.192224	144	0	18.0	mappable	NA	NA	NA	NA	inf	0.05915686674	0.15060354	inf	165579938	165580028	165589846	165590010	NA	missing	522217.8	NA	1.0662	NA	NA	NA	NA	NA	NA	NA	NA	NA	NA	4170844
5	165589928	180689979	NA	15100057	205671	1.997232	204855	9678	37219.0	mappable	0.071875	7.0	edge	0.001019074195	9.529255e-05	0.02395920164	0.0838643	0.08395959	165589846	165590010	180689979	180689979	0.14909285	1	552215.8	28.55563	1.0053751	NA	NA	0.0	0.998615765	0.9986158	1	1	1:1	2	neutral	4170844
6	201976	279982	NA	78007	1424	2.17824	1389	2	259.0	mappable	0.1344697	3.0	edge	0.007694578668	0.02702702703	0.08645686674	0.12306696	0.15009398	201976	201976	279841	279982	NA	missing	594730.9	30.67196	1.0618379	NA	NA	NA	NA	NA	NA	NA	NA	NA	NA	4170844
6	279983	29830003	NA	29550021	437610	1.997232	435606	23472	78073.0	mappable	0.071875	7.0	self	1.5615852e-05	3.925263e-05	0.00132633338	0.08059104	0.08063029	279983	280124	29829998	29830003	0.13645386	1	552215.8	28.55563	1.0053751	NA	NA	0.0	0.998615765	0.9986158	1	1	1:1	2	neutral	4170844
6	29830004	29919983	NA	89980	2377	1.72568	2101	312	374.0	mappable	0.12381855	1.0	identical	0.043100232972	0.00170068027	0.07704313326	0.12152649	0.12322717	29830004	29830009	29919967	29919983	0.32629398	2	533079.3	28.93031	0.920669	29.13126	0.5730344	0.1460687	0.736806155	0.988874	1	1	1:1	2	mixDH	4170844
6	29919984	32600001	NA	2680021	47228	1.997232	45054	4868	7911.0	mappable	0.07376802	7.0	self	0.006119526175	0.00014200511	0.02209245579	0.09366009	0.09380209	29919984	29920000	32599999	32600003	0.22495501	1	552215.8	28.55563	1.0053751	NA	NA	0.0	0.998615765	0.9986158	1	1	1:1	2	neutral	4170844
6	32600001	32615060	NA	15060	1120	2.483953	917	276	92.0	mappable	0.06380962	NA	NA	0.000694928318	0.00208768267	0.15015686674	0.14410848	0.14619616	32599999	32600003	32609974	32620146	0.38953629	2	603902.9	32.51785	1.1572	26.25607	0.5574419	0.11488386	1.09929334	1.3846594	sub	1	sub:1	sub	sub	4170844
6	32615060	33119968	NA	504909	14849	2.17824	14336	1413	2282.0	mappable	0.07342955	3.0	NA	1.9928318e-05	0.0005192108	0.06995686674	0.10556505	0.10608426	32609974	32620146	33119911	33119968	0.23543884	1	594730.9	30.67196	1.0618379	NA	NA	0.0	1.089120169	1.0891202	1	1	1:1	2	neutral	4170844
6	33119969	58019982	NA	24900017	354615	1.997232	352316	13252	63716.0	mappable	0.071875	7.0	self	0.000831723174	6.430455e-05	0.00056403592	0.08140126	0.08146557	33119969	33120026	58019982	58019982	0.12621407	1	552215.8	28.55563	1.0053751	NA	NA	0.0	0.998615765	0.9986158	1	1	1:1	2	neutral	4170844
6	58610011	58769997	NA	159987	572	1.997232	571	32	82.0	mappable	0.060525	7.0	self	0.012894928318	0.0303030303	0.00924313326	0.11568989	0.14599292	58610011	58610011	58769997	58769997	0.22866437	1	552215.8	28.55563	1.0053751	NA	NA	0.0	0.998615765	0.9986158	1	1	1:1	2	neutral	4170844
6	61890002	65269972	NA	3379971	46747	1.997232	46595	2340	7684.0	mappable	0.07214643	7.0	NA	0.000251500253	0.00040128411	0.01815686674	0.09221443	0.09261571	61890002	61890002	65269922	65270022	0.12736716	1	552215.8	28.55563	1.0053751	NA	NA	0.0	0.998615765	0.9986158	1	1	1:1	2	neutral	4170844
6	65269972	65309981	NA	40010	604	1.839906	604	0	101.0	mappable	NA	NA	NA	NA	inf	0.05074313326	0.13082093	inf	65269922	65270022	65309959	65309981	NA	missing	547744.0	NA	0.9563	NA	NA	NA	NA	NA	NA	NA	NA	NA	NA	4170844
6	65309982	70180004	NA	4870024	77632	1.997232	77320	3799	12477.0	mappable	0.071575	7.0	NA	0.001209629391	0.00024324982	0.01462076436	0.09002724	0.09027049	65309982	65310004	70179955	70180053	0.1352439	1	552215.8	28.55563	1.0053751	NA	NA	0.0	0.998615765	0.9986158	1	1	1:1	2	neutral	4170844
6	70180004	70219964	NA	39961	604	2.17824	586	76	98.0	mappable	0.05575323	3.0	NA	0.01412862397	0.01063829787	0.05135686674	0.13083606	0.14147436	70179955	70180053	70219919	70219964	0.23561872	1	594730.9	30.67196	1.0618379	NA	NA	0.0	1.089120169	1.0891202	1	1	1:1	2	neutral	4170844
6	70219965	70240026	NA	20062	354	1.857141	344	38	61.0	mappable	0.09175	4.0	NA	0.019855071682	0.02083333333	0.04474313326	0.13993669	0.16077002	70219965	70220010	70239998	70240054	0.1880265	1	513134.4	26.58974	0.9616762	NA	NA	0.0	0.928570657	0.9285707	1	1	1:1	2	neutral	4170844
6	70240026	91020033	NA	20780011	282535	1.997232	281553	14756	47950.0	mappable	0.071875	7.0	self	0.000159168984	6.354048e-05	0.00044374699	0.08227509	0.08233863	70239998	70240054	91019996	91020070	0.12979039	1	552215.8	28.55563	1.0053751	NA	NA	0.0	0.998615765	0.9986158	1	1	1:1	2	neutral	4170844
6	91020033	91079984	NA	59952	870	2.452536	870	34	156.0	mappable	0.09040882	NA	NA	0.018513895211	0.02941176471	0.14035686674	0.12601187	0.15542364	91019996	91020070	91079896	91080072	0.23898048	1	632652.3	33.5402	1.1474	NA	NA	0.0	1.226267935	1.2262679	1	1	1:1	2	neutral	4170844
6	91079984	93750000	NA	2670017	39637	2.17824	39543	2478	6467.0	mappable	0.069625	3.0	NA	0.002262785461	0.00038880249	0.03735686674	0.09368376	0.09407256	91079896	91080072	93749990	93750010	0.11620832	1	594730.9	30.67196	1.0618379	NA	NA	0.0	1.089120169	1.0891202	1	1	1:1	2	neutral	4170844
6	93750000	93760001	NA	10002	180	2.400066	180	15	27.0	mappable	0.06801453	2.0	NA	0.003880395731	0.06666666667	0.11865686674	0.15051173	0.2171784	93749990	93750010	93759983	93760001	NA	missing	630594.3	33.05359	1.131033	NA	NA	NA	NA	NA	NA	NA	NA	NA	NA	4170844
6	93760002	170899935	NA	77139942	1089171	1.997232	1085431	51683	190563.0	mappable	0.071875	7.0	edge	0.000291759287	1.804305e-05	0.00165652437	0.07633304	0.07635108	93760002	93760020	170899935	170899935	0.12977441	1	552215.8	28.55563	1.0053751	NA	NA	0.0	0.998615765	0.9986158	1	1	1:1	2	neutral	4170844
7	40386	21429988	NA	21389606	361227	1.997232	359958	19024	62214.0	mappable	0.071875	7.0	edge	7.8132374e-05	4.92805e-05	0.00901746575	0.08213415	0.08218343	40386	40386	21429939	21430037	0.13550233	1	552215.8	28.55563	1.0053751	NA	NA	0.0	0.998615765	0.9986158	1	1	1:1	2	neutral	4170844
7	21429988	22500092	NA	1070105	19108	2.17824	19056	928	3329.0	mappable	0.074825	3.0	NA	0.003405071682	0.00102040816	0.05245686674	0.09985361	0.10087402	21429939	21430037	22499955	22500229	0.12529587	1	594730.9	30.67196	1.0618379	NA	NA	0.0	1.089120169	1.0891202	1	1	1:1	2	neutral	4170844
7	22500092	22520013	NA	19922	355	2.400066	323	0	57.0	mappable	NA	2.0	NA	0.01688017422	0.03125	0.13675686674	0.14003568	0.17128568	22499955	22500229	22519964	22520062	NA	missing	630594.3	NA	1.131033	NA	NA	NA	NA	NA	NA	NA	NA	NA	NA	4170844
7	22520013	49029986	NA	26509978	359288	1.997232	358268	15041	64203.0	mappable	0.07196829	7.0	NA	1.334846e-05	6.226262e-05	0.0010287027	0.0811029	0.08116516	22519964	22520062	49029959	49029986	0.15141304	1	552215.8	28.55563	1.0053751	NA	NA	0.0	0.998615765	0.9986158	1	1	1:1	2	neutral	4170844
7	49029987	49040033	NA	10047	169	1.790537	169	0	27.0	mappable	NA	NA	NA	NA	inf	0.06614313326	0.15043841	inf	49029987	49030014	49039990	49040076	NA	missing	533264.0	NA	0.9409	NA	NA	NA	NA	NA	NA	NA	NA	NA	NA	4170844
7	49040033	50394984	NA	1354952	20642	2.17824	20561	1371	3550.0	mappable	0.07116129	3.0	NA	0.000610837409	0.00068870523	0.06515686674	0.09818452	0.09887322	49039990	49040076	50369918	50394984	0.12260769	1	594730.9	30.67196	1.0618379	NA	NA	0.0	1.089120169	1.0891202	1	1	1:1	2	neutral	4170844
7	50394985	57999988	NA	7605004	94300	1.997232	94072	4913	16057.0	mappable	0.07269286	7.0	self	1.9928318e-05	0.00019451469	0.01614313326	0.08749474	0.08768925	50394985	50420051	57999988	57999988	0.13644911	1	552215.8	28.55563	1.0053751	NA	NA	0.0	0.998615765	0.9986158	1	1	1:1	2	neutral	4170844
7	61530139	72229988	NA	10699852	114070	1.997232	113341	4897	20216.0	mappable	0.0698	7.0	self	0.00074273108	0.00017774618	0.00185630831	0.08564912	0.08582686	61530139	61530139	72229988	72229988	0.16453811	1	552215.8	28.55563	1.0053751	NA	NA	0.0	0.998615765	0.9986158	1	1	1:1	2	neutral	4170844
7	72750118	74139961	NA	1389844	10251	1.997232	10196	318	2025.0	mappable	0.07251786	7.0	self	0.003333643111	0.00268096515	0.01294313326	0.09800803	0.10068899	72750118	72750118	74139961	74139961	0.18276868	1	552215.8	28.55563	1.0053751	NA	NA	0.0	0.998615765	0.9986158	1	1	1:1	2	neutral	4170844
7	75160045	76030052	NA	870008	8060	1.997232	8033	405	1616.0	mappable	0.08431667	7.0	self	0.012280071682	0.00231481481	0.00164313326	0.10136504	0.10367985	75160045	75160045	76029999	76030105	0.15065342	1	552215.8	28.55563	1.0053751	NA	NA	0.0	0.998615765	0.9986158	1	1	1:1	2	neutral	4170844
7	76030052	76059952	NA	29901	358	1.72568	353	43	57.0	mappable	0.073825	1.0	NA	0.008455071682	0.02083333333	0.07444313326	0.13451793	0.15535127	76029999	76030105	76059952	76059952	0.18974376	1	533079.3	28.93031	0.920669	NA	NA	0.0	0.862840084	0.8628401	1	1	1:1	2	neutral	4170844
7	76810004	101040156	NA	24230155	312853	1.997232	311768	14499	53905.0	mappable	0.071875	7.0	NA	0.000453800799	6.416838e-05	0.00075887101	0.08153182	0.08159599	76810004	76810004	101039991	101040156	0.14570584	1	552215.8	28.55563	1.0053751	NA	NA	0.0	0.998615765	0.9986158	1	1	1:1	2	neutral	4170844
7	101040157	101050018	NA	9862	161	2.310198	161	0	30.0	mappable	NA	NA	NA	NA	inf	0.09595686674	0.15074243	inf	101040157	101040322	101049925	101050018	NA	missing	504443.3	NA	1.103	NA	NA	NA	NA	NA	NA	NA	NA	NA	NA	4170844
7	101050019	132659999	NA	31609983	413412	1.997232	412025	18061	71184.0	mappable	0.071875	7.0	NA	0.001263135785	5.141917e-05	0.00090861197	0.08027655	0.08032797	101050019	101050112	132659959	132660039	0.13467465	1	552215.8	28.55563	1.0053751	NA	NA	0.0	0.998615765	0.9986158	1	1	1:1	2	neutral	4170844
7	132659999	132670046	NA	10048	138	1.732191	138	0	25.0	mappable	NA	NA	NA	NA	inf	0.08434313326	0.15043678	inf	132659959	132660039	132669922	132670170	NA	missing	586578.6	NA	0.9227	NA	NA	NA	NA	NA	NA	NA	NA	NA	NA	4170844
7	132670046	156835013	NA	24164971	321285	1.997232	320084	15589	56719.0	mappable	0.071875	7.0	NA	0.000216629872	5.955926e-05	0.00340640481	0.08154474	0.0816043	132669922	132670170	156829994	156835013	0.14729125	1	552215.8	28.55563	1.0053751	NA	NA	0.0	0.998615765	0.9986158	1	1	1:1	2	neutral	4170844
7	156835014	156860016	NA	25003	385	2.17824	384	12	72.0	mappable	0.06193469	3.0	NA	0.010051816073	0.07692307692	0.07845686674	0.13689429	0.21381736	156835014	156840033	156859999	156860016	NA	missing	594730.9	30.67196	1.0618379	NA	NA	NA	NA	NA	NA	NA	NA	NA	NA	4170844
7	156860017	159119808	NA	2259792	41228	1.857141	40793	1402	8562.0	mappable	0.0753	4.0	edge	0.003405071682	0.00054436581	0.03954313326	0.09475189	0.09529626	156860017	156860034	159119808	159119808	0.22118983	1	513134.4	26.58974	0.9616762	NA	NA	0.0	0.928570657	0.9285707	1	1	1:1	2	neutral	4170844
8	170012	2149991	NA	1979980	44874	1.857141	44490	2087	8491.0	mappable	0.0753	4.0	edge	1.9928318e-05	0.00040469446	0.04634313326	0.09561576	0.09602045	170012	170012	2149966	2149991	0.191715	1	513134.4	26.58974	0.9616762	NA	NA	0.0	0.928570657	0.9285707	1	1	1:1	2	neutral	4170844
8	2149992	2310000	NA	160009	3219	2.17824	3104	14	592.0	mappable	0.06709808	3.0	NA	0.025072253899	0.00775193798	0.03935686674	0.11568856	0.1234405	2149992	2150017	2309991	2310000	NA	missing	594730.9	30.67196	1.0618379	NA	NA	NA	NA	NA	NA	NA	NA	NA	NA	4170844
8	2310001	2349984	NA	39984	612	1.997232	611	11	104.0	mappable	0.07252068	7.0	self	0.0013388241	0.08333333333	0.03114313326	0.13082896	0.21416229	2310001	2310010	2349964	2350004	NA	missing	552215.8	28.55563	1.0053751	NA	NA	NA	NA	NA	NA	NA	NA	NA	NA	4170844
8	2349984	2960003	NA	610020	15717	2.400066	15676	831	2678.0	mappable	0.07088256	2.0	NA	0.001012370178	0.00114678899	0.09585686674	0.10406641	0.1052132	2349964	2350004	2959984	2960022	0.11857364	1	630594.3	33.05359	1.131033	NA	NA	0.0	1.200033218	1.2000332	1	1	1:1	2	neutral	4170844
8	2960003	3019992	NA	59990	1543	2.17824	1541	53	254.0	mappable	0.08006071	3.0	NA	0.008159125736	0.01818181818	0.05055686674	0.12600462	0.14418643	2959984	2960022	3019968	3020016	0.25757404	1	594730.9	30.67196	1.0618379	NA	NA	0.0	1.089120169	1.0891202	1	1	1:1	2	neutral	4170844
8	3019992	3449979	NA	429988	14475	2.400066	14405	665	2465.0	mappable	0.07214839	2.0	NA	0.000622928825	0.00136054422	0.09505686674	0.10687222	0.10823277	3019968	3020016	3449922	3449979	0.24690368	1	630594.3	33.05359	1.131033	NA	NA	0.0	1.200033218	1.2000332	1	1	1:1	2	neutral	4170844
8	3449980	3509999	NA	60020	2313	2.17824	2306	235	351.0	mappable	0.07938333	3.0	NA	0.007488405015	0.0041322314	0.05405686674	0.12599889	0.13013112	3449980	3450037	3509999	3509999	0.24506296	1	594730.9	30.67196	1.0618379	NA	NA	0.0	1.089120169	1.0891202	1	1	1:1	2	neutral	4170844
8	3510000	3568215	NA	58216	2000	2.400066	1996	165	302.0	mappable	0.08008152	2.0	NA	0.008499302451	0.00591715976	0.11045686674	0.12634935	0.13226651	3510000	3510000	3568214	3568216	0.18126825	1	630594.3	33.05359	1.131033	NA	NA	0.0	1.200033218	1.2000332	1	1	1:1	2	neutral	4170844
8	3568215	3590017	NA	21803	957	2.17824	949	87	136.0	mappable	0.06672593	3.0	NA	0.005869928318	0.01052631579	0.05725686674	0.13877094	0.14929726	3568214	3568216	3589990	3590017	0.20633131	1	594730.9	30.67196	1.0618379	NA	NA	0.0	1.089120169	1.0891202	1	1	1:1	2	neutral	4170844
8	3590018	3610020	NA	20003	808	2.400066	806	39	120.0	mappable	0.08005	2.0	NA	0.007573821682	0.0243902439	0.11965686674	0.1399783	0.16436855	3590018	3590045	3609994	3610020	0.22229014	1	630594.3	33.05359	1.131033	NA	NA	0.0	1.200033218	1.2000332	1	1	1:1	2	neutral	4170844
8	3610021	3680027	NA	70007	2854	2.17824	2852	65	493.0	mappable	0.05895	3.0	NA	0.012886232666	0.01492537313	0.06265686674	0.12426056	0.13918593	3610021	3610047	3679995	3680027	0.01275711	1	594730.9	30.67196	1.0618379	NA	NA	0.0	1.089120169	1.0891202	1	1	1:1	2	neutral	4170844
8	3680028	3700004	NA	19977	802	2.467924	802	0	130.0	mappable	NA	NA	NA	NA	inf	0.14515686674	0.13999669	inf	3680028	3680060	3699975	3700004	NA	missing	585973.4	NA	1.1522	NA	NA	NA	NA	NA	NA	NA	NA	NA	NA	4170844
8	3700005	3800009	NA	100005	3989	2.17824	3987	151	641.0	mappable	0.05885921	3.0	NA	0.013035717792	0.00653594771	0.07205686674	0.12041148	0.12694742	3700005	3700034	3799983	3800035	0.11640474	1	594730.9	30.67196	1.0618379	NA	NA	0.0	1.089120169	1.0891202	1	1	1:1	2	neutral	4170844
8	3800009	6919904	NA	3119907	99201	1.997232	98912	5297	16661.0	mappable	0.0753	7.0	self	0.002941774864	0.00017901898	0.01096451283	0.09270817	0.09288719	3799983	3800035	6919904	6919904	0.14906431	1	552215.8	28.55563	1.0053751	NA	NA	0.0	0.998615765	0.9986158	1	1	1:1	2	neutral	4170844
8	8100000	11859985	NA	3759986	79414	1.997232	79170	5050	14047.0	mappable	0.071875	7.0	self	1.9928318e-05	0.00018889309	0.01265686674	0.09156547	0.09175436	8100000	8100000	11859985	11859985	0.11315277	1	552215.8	28.55563	1.0053751	NA	NA	0.0	0.998615765	0.9986158	1	1	1:1	2	neutral	4170844
8	12580042	12610017	NA	29976	602	2.23362	600	0	102.0	mappable	NA	6.0	NA	0.115422551866	0.5	0.08285686674	0.13448524	0.63448524	12580042	12580042	12609954	12610080	NA	missing	561199.0	NA	1.0791128	NA	NA	NA	NA	NA	NA	NA	NA	NA	NA	4170844
8	12610017	17119997	NA	4509981	105728	1.997232	105404	5494	17431.0	mappable	0.071875	7.0	self	0.003405071682	0.00017188037	0.00374313326	0.09047854	0.09065042	12609954	12610080	17119988	17119997	0.13987952	1	552215.8	28.55563	1.0053751	NA	NA	0.0	0.998615765	0.9986158	1	1	1:1	2	neutral	4170844
8	17119998	17139996	NA	19999	324	2.234541	302	0	51.0	mappable	NA	NA	NA	0.052118306976	0.04545454545	0.07235686674	0.13998113	0.18543567	17119998	17120007	17139923	17139996	NA	missing	591626.4	NA	1.0794	NA	NA	NA	NA	NA	NA	NA	NA	NA	NA	4170844
8	17139997	17449987	NA	309991	7467	1.857141	7455	293	1321.0	mappable	0.08514244	4.0	NA	0.013247513542	0.00327868852	0.04694313326	0.1096379	0.11291659	17139997	17140070	17449971	17450003	0.13945527	1	513134.4	26.58974	0.9616762	NA	NA	0.0	0.928570657	0.9285707	1	1	1:1	2	neutral	4170844
8	17449987	17479882	NA	29896	951	1.72568	948	88	174.0	mappable	0.07955326	1.0	NA	0.005755071682	0.01098901099	0.10954313326	0.13452012	0.14550913	17449971	17450003	17479723	17480041	0.22040011	1	533079.3	28.93031	0.920669	NA	NA	0.0	0.862840084	0.8628401	1	1	1:1	2	neutral	4170844
8	17479882	17750028	NA	270147	6998	1.857141	6978	418	1233.0	mappable	0.06455357	4.0	NA	0.007341356889	0.00228310502	0.04264313326	0.11084395	0.11312705	17479723	17480041	17749899	17750157	0.11006503	1	513134.4	26.58974	0.9616762	NA	NA	0.0	0.928570657	0.9285707	1	1	1:1	2	neutral	4170844
8	17750028	17769981	NA	19954	483	2.17824	483	11	80.0	mappable	0.07800119	3.0	NA	0.006106262158	0.09090909091	0.05955686674	0.14001298	0.23092207	17749899	17750157	17769927	17769981	NA	missing	594730.9	30.67196	1.0618379	NA	NA	NA	NA	NA	NA	NA	NA	NA	NA	4170844
8	17769982	43789991	NA	26020010	395871	1.997232	394567	18682	69941.0	mappable	0.07418519	7.0	self	0.000124986219	5.003502e-05	0.00512644096	0.08119151	0.08124154	17769982	17770036	43789991	43789991	0.13997362	1	552215.8	28.55563	1.0053751	NA	NA	0.0	0.998615765	0.9986158	1	1	1:1	2	neutral	4170844
8	46880007	60319986	NA	13439982	186816	1.997232	186366	8360	32536.0	mappable	0.071575	7.0	NA	0.000373663853	0.00011350738	0.00284919876	0.08445936	0.08457287	46880007	46880007	60319895	60319986	0.12492953	1	552215.8	28.55563	1.0053751	NA	NA	0.0	0.998615765	0.9986158	1	1	1:1	2	neutral	4170844
8	60319987	60339959	NA	19973	263	2.404769	263	0	40.0	mappable	NA	NA	NA	NA	inf	0.12545686674	0.13999952	inf	60319987	60320078	60339886	60340032	NA	missing	622140.9	NA	1.1325	NA	NA	NA	NA	NA	NA	NA	NA	NA	NA	4170844
8	60339959	76120005	NA	15780048	213371	1.997232	212768	9777	37023.0	mappable	0.071875	7.0	NA	0.000741631112	9.633911e-05	0.00324462796	0.08364142	0.08373776	60339886	60340032	76119972	76120038	0.13938099	1	552215.8	28.55563	1.0053751	NA	NA	0.0	0.998615765	0.9986158	1	1	1:1	2	neutral	4170844
8	76120005	76129996	NA	9992	181	1.467392	178	1	37.0	mappable	0.22580645	NA	identical	0.161499119301	0.25	0.16694313326	0.15052808	0.40052808	76119972	76120038	76129990	76129996	NA	missing	525770.0	32.22461	0.8401	NA	NA	NA	NA	NA	NA	NA	NA	NA	NA	4170844
8	76129997	79319935	NA	3189940	44387	1.997232	44266	2297	7209.0	mappable	0.06980714	7.0	NA	0.002775618419	0.00041356493	0.0095263333	0.09257074	0.09298431	76129997	76130003	79319821	79320049	0.10378977	1	552215.8	28.55563	1.0053751	NA	NA	0.0	0.998615765	0.9986158	1	1	1:1	2	neutral	4170844
8	79319935	79330029	NA	10095	130	2.250249	130	0	22.0	mappable	NA	NA	NA	NA	inf	0.07725686674	0.15036064	inf	79319821	79320049	79329988	79330070	NA	missing	588538.0	NA	1.0843	NA	NA	NA	NA	NA	NA	NA	NA	NA	NA	4170844
8	79330029	79339924	NA	9896	154	1.83093	154	1	24.0	mappable	0.17241379	NA	NA	0.100518864785	1.0	0.05354313326	0.15068604	1.15068604	79329988	79330070	79339831	79339924	NA	missing	551873.3	32.35119	0.9535	NA	NA	NA	NA	NA	NA	NA	NA	NA	NA	4170844
8	79339925	128748123	NA	49408206	670995	1.997232	669022	29019	115150.0	mappable	0.07094537	7.0	NA	0.000516222224	3.226639e-05	0.00324949187	0.07825263	0.07828489	79339925	79340018	128748068	128748123	0.12887681	1	552215.8	28.55563	1.0053751	NA	NA	0.0	0.998615765	0.9986158	1	1	1:1	2	neutral	4170844
8	128748124	128748153	CTX	30	1	1.910755	1	0	0.0	mappable	NA	NA	NA	NA	inf	0.02864313326	0.40759009	inf	128748124	128748136	128748136	128748153	NA	missing	515616.2	NA	0.9784	NA	NA	NA	NA	NA	NA	NA	NA	NA	NA	4170844
8	128748154	143889981	CTX	15141828	241554	1.997232	240591	12955	42610.0	mappable	0.07400244	7.0	NA	0.001131755992	7.18494e-05	0.01639842028	0.08385028	0.08392213	128748154	128748182	143889962	143890000	0.14354699	1	552215.8	28.55563	1.0053751	NA	NA	0.0	0.998615765	0.9986158	1	1	1:1	2	neutral	4170844
8	143889981	143899973	NA	9993	242	1.650764	242	0	43.0	mappable	NA	NA	NA	NA	inf	0.10974313326	0.15052644	inf	143889962	143890000	143899941	143899973	NA	missing	487504.4	NA	0.8973	NA	NA	NA	NA	NA	NA	NA	NA	NA	NA	4170844
8	143899974	146289988	NA	2390015	30373	1.997232	30170	1142	5914.0	mappable	0.07395735	7.0	edge	0.0053403658	0.00074349442	0.01174313326	0.09439043	0.09513393	143899974	143900006	146289988	146289988	0.17987484	1	552215.8	28.55563	1.0053751	NA	NA	0.0	0.998615765	0.9986158	1	1	1:1	2	neutral	4170844
9	200101	37039939	NA	36839843	623186	1.997232	621510	28678	105666.0	mappable	0.071875	7.0	edge	1.46978e-06	3.294459e-05	0.00146230459	0.07957107	0.07960401	200101	200101	37039849	37039939	0.14069172	1	552215.8	28.55563	1.0053751	NA	NA	0.0	0.998615765	0.9986158	1	1	1:1	2	neutral	4170844
9	37039940	37450051	NA	410112	5045	2.17824	5024	301	907.0	mappable	0.0693306	3.0	NA	0.002564331303	0.00310559006	0.07435686674	0.10726358	0.11036917	37039940	37040030	37449988	37450051	0.11076974	1	594730.9	30.67196	1.0618379	NA	NA	0.0	1.089120169	1.0891202	1	1	1:1	2	neutral	4170844
9	37450052	37460143	NA	10092	140	2.457345	135	0	30.0	mappable	NA	NA	NA	0.03619541141	0.2	0.14185686674	0.15036549	0.35036549	37450052	37450115	37459996	37460290	NA	missing	618305.7	NA	1.1489	NA	NA	NA	NA	NA	NA	NA	NA	NA	NA	4170844
9	37460143	38769828	NA	1309686	16941	1.997232	16891	839	3063.0	mappable	0.0782	7.0	self	0.005896738349	0.00112485939	0.01364313326	0.09842137	0.09954623	37459996	37460290	38769828	38769828	0.13590129	1	552215.8	28.55563	1.0053751	NA	NA	0.0	0.998615765	0.9986158	1	1	1:1	2	neutral	4170844
9	66840048	66849972	NA	9925	540	1.715842	507	0	50.0	mappable	NA	NA	NA	0.161426150113	0.0303030303	0.08944313326	0.15063813	0.18094116	66840048	66840048	66849972	66849972	NA	missing	972918.3	NA	0.9176	NA	NA	NA	NA	NA	NA	NA	NA	NA	NA	4170844
9	68410004	68419976	NA	9973	1130	1.673525	1045	0	342.0	mappable	NA	NA	NA	0.25436776917	0.01176470588	0.10264313326	0.15055919	0.1623239	68410004	68410004	68419976	68419976	NA	missing	3037432.0	NA	0.9044	NA	NA	NA	NA	NA	NA	NA	NA	NA	NA	4170844
9	71030093	104522057	NA	33491969	443859	1.00491	442570	18740	78987.0	mappable	0.4589	NA	NA	0.385063789086	4.99301e-05	0.3112069087	0.0800086	0.08005853	71030093	71030093	104522009	104522057	0.95058005	2	386077.1	27.88334	0.6958362	27.91502	0.9932928	0.98658555	0.006740157	0.9981696	1	0	1:0	1	LOH	4170844
9	104522058	104522159	INV	102	1	1.108021	1	0	0.0	mappable	NA	NA	NA	NA	inf	0.27904313326	0.29974108	inf	104522058	104522143	104522143	104522159	NA	missing	396312.0	NA	0.728	NA	NA	NA	NA	NA	NA	NA	NA	NA	NA	4170844
9	104522160	106260052	INV	1737893	28696	1.059292	28577	2056	4515.0	mappable	0.421225	NA	NA	0.356180071682	0.00045977011	0.29424313326	0.09648362	0.09694339	104522160	104522208	106259980	106260052	0.93210742	2	388818.1	27.36127	0.7128	27.44415	0.9394283	0.87885668	0.064163097	0.9951293	1	0	1:0	1	LOH	4170844
9	106260053	141019791	INV	34759744	488889	1.997232	486987	21182	89843.0	mappable	0.071875	7.0	edge	0.002908343293	4.332005e-05	0.00079825436	0.07983741	0.07988073	106260053	106260068	141019791	141019791	0.15224016	1	552215.8	28.55563	1.0053751	NA	NA	0.0	0.998615765	0.9986158	1	1	1:1	2	neutral	4170844
10	130013	30119954	NA	29989948	472912	1.997232	470871	23884	84831.0	mappable	0.071875	7.0	edge	0.000147551766	3.857281e-05	0.0065090912	0.08052186	0.08056043	130013	130013	30119888	30119954	0.14265748	1	552215.8	28.55563	1.0053751	NA	NA	0.0	0.998615765	0.9986158	1	1	1:1	2	neutral	4170844
10	30119955	30139989	NA	20035	324	1.642108	323	0	79.0	mappable	NA	NA	NA	0.238449899268	1.0	0.11244313326	0.13995571	1.13995571	30119955	30120021	30139926	30139989	NA	missing	491038.9	NA	0.8946	NA	NA	NA	NA	NA	NA	NA	NA	NA	NA	4170844
10	30139990	32869888	NA	2729899	36329	1.857141	36187	1564	6583.0	mappable	0.07045	4.0	NA	1.9928318e-05	0.00058616647	0.04014313326	0.09354355	0.09412972	30139990	30140053	32869758	32869888	0.15923786	1	513134.4	26.58974	0.9616762	NA	NA	0.0	0.928570657	0.9285707	1	1	1:1	2	neutral	4170844
10	32869889	32910031	NA	40143	454	2.17824	453	0	72.0	mappable	NA	3.0	NA	0.039636863802	1.0	0.07065686674	0.13077998	1.13077998	32869889	32870019	32909986	32910031	NA	missing	594730.9	NA	1.0618379	NA	NA	NA	NA	NA	NA	NA	NA	NA	NA	4170844
10	32910032	39149984	NA	6239953	75780	1.997232	75532	2498	14028.0	mappable	0.071875	7.0	self	1.9928318e-05	0.00036416606	0.01814313326	0.08860102	0.08896519	32910032	32910077	39149984	39149984	0.1429842	1	552215.8	28.55563	1.0053751	NA	NA	0.0	0.998615765	0.9986158	1	1	1:1	2	neutral	4170844
10	42410000	46159967	NA	3749968	43628	1.997232	43456	2161	7850.0	mappable	0.06896786	7.0	self	0.003444928318	0.00042863266	0.00414313326	0.0915816	0.09201024	42410000	42410000	46159967	46159967	0.1163571	1	552215.8	28.55563	1.0053751	NA	NA	0.0	0.998615765	0.9986158	1	1	1:1	2	neutral	4170844
10	48310177	48659961	NA	349785	5558	1.857141	5545	185	1003.0	mappable	0.07054286	4.0	NA	0.000162575377	0.00505050505	0.05624313326	0.10860057	0.11365108	48310177	48310177	48659961	48659961	0.18368922	1	513134.4	26.58974	0.9616762	NA	NA	0.0	0.928570657	0.9285707	1	1	1:1	2	neutral	4170844
10	49390096	96475064	NA	47084975	644239	1.997232	642349	29261	112440.0	mappable	0.071875	7.0	NA	0.000313268118	3.210273e-05	0.00044947321	0.07846595	0.07849805	49390096	49390096	96469993	96475064	0.12418997	1	552215.8	28.55563	1.0053751	NA	NA	0.0	0.998615765	0.9986158	1	1	1:1	2	neutral	4170844
10	96475065	96489971	NA	14907	142	2.270767	142	0	28.0	mappable	NA	NA	NA	NA	inf	0.08365686674	0.14426161	inf	96475065	96480136	96489913	96490029	NA	missing	606954.0	NA	1.0907	NA	NA	NA	NA	NA	NA	NA	NA	NA	NA	4170844
10	96489971	126659967	NA	30169998	420672	1.997232	419297	16700	75740.0	mappable	0.071875	7.0	NA	0.001332232146	5.532503e-05	0.01035745202	0.08049387	0.0805492	96489913	96490029	126659931	126660003	0.13996333	1	552215.8	28.55563	1.0053751	NA	NA	0.0	0.998615765	0.9986158	1	1	1:1	2	neutral	4170844
10	126659967	126679976	NA	20010	368	2.251211	368	0	73.0	mappable	NA	NA	NA	NA	inf	0.07755686674	0.13997336	inf	126659931	126660003	126679945	126679976	NA	missing	622558.5	NA	1.0846	NA	NA	NA	NA	NA	NA	NA	NA	NA	NA	4170844
10	126679977	129029960	NA	2349984	34438	1.857141	34316	1816	6303.0	mappable	0.07380473	4.0	NA	1.9928318e-05	0.00051599587	0.04124313326	0.09449911	0.09501511	126679977	126680008	129029800	129029960	0.1114068	1	513134.4	26.58974	0.9616762	NA	NA	0.0	0.928570657	0.9285707	1	1	1:1	2	neutral	4170844
10	129029961	129039988	NA	10028	165	2.17824	154	0	24.0	mappable	NA	3.0	NA	0.017617059466	0.09090909091	0.03775686674	0.15046932	0.24137841	129029961	129030121	129039861	129039988	NA	missing	594730.9	NA	1.0618379	NA	NA	NA	NA	NA	NA	NA	NA	NA	NA	4170844
10	129039989	130870007	NA	1830019	32875	1.857141	32756	1617	5946.0	mappable	0.07214643	4.0	NA	0.002910966054	0.00057603687	0.04294313326	0.09613801	0.09671404	129039989	129040116	130869986	130870028	0.15254171	1	513134.4	26.58974	0.9616762	NA	NA	0.0	0.928570657	0.9285707	1	1	1:1	2	neutral	4170844
10	130870007	131439797	NA	569793	9801	1.997232	9780	428	1818.0	mappable	0.069625	7.0	self	0.001996941427	0.00222717149	0.03301113653	0.10460208	0.10682925	130869986	130870028	131439573	131439797	0.13906578	1	552215.8	28.55563	1.0053751	NA	NA	0.0	0.998615765	0.9986158	1	1	1:1	2	neutral	4170844
10	131439798	134289920	NA	2850123	48665	1.857141	48400	3145	8846.0	mappable	0.0753	4.0	NA	0.003405071682	0.00029325513	0.04744313326	0.0932723	0.09356556	131439798	131440022	134289810	134290030	0.14783325	1	513134.4	26.58974	0.9616762	NA	NA	0.0	0.928570657	0.9285707	1	1	1:1	2	neutral	4170844
10	134289920	134300032	NA	10113	221	1.601394	220	39	39.0	mappable	0.12138333	NA	NA	0.041252293904	0.025	0.12514313326	0.15033159	0.17533159	134289810	134290030	134299995	134300069	0.16629921	1	476605.0	24.96502	0.8819	NA	NA	0.0	0.800697129	0.8006971	1	1	1:1	2	neutral	4170844
10	134300032	135439925	NA	1139894	19867	1.997232	19680	875	3998.0	mappable	0.06845	7.0	edge	0.003444928318	0.00094161959	0.03334313326	0.09940127	0.10034288	134299995	134300069	135439925	135439925	0.18597824	1	552215.8	28.55563	1.0053751	NA	NA	0.0	0.998615765	0.9986158	1	1	1:1	2	neutral	4170844
11	190010	48899996	NA	48709990	695116	1.997232	692344	33005	121450.0	mappable	0.071875	7.0	edge	0.000786760231	2.79517e-05	0.01136958295	0.07831554	0.0783435	190010	190010	48899996	48899996	0.14283061	1	552215.8	28.55563	1.0053751	NA	NA	0.0	0.998615765	0.9986158	1	1	1:1	2	neutral	4170844
11	48899997	50170092	NA	1270096	0	0.0	0	0	NA	mappable	NA	NA	NA	NA	inf	1.00704313326	0.09863632	inf	48899997	48899997	50170092	50170092	NA	missing	NA	NA	0.0	NA	NA	0.0	0.0	0.0	0	0	NA	0	homozygousDel	4170844
11	50170093	50719999	NA	549907	10738	1.997232	10719	66	1806.0	mappable	0.06251136	7.0	NA	0.001071486984	0.01176470588	0.00116867527	0.10488321	0.11664792	50170093	50170093	50719994	50719999	0.28418129	1	552215.8	28.55563	1.0053751	NA	NA	0.0	0.998615765	0.9986158	1	1	1:1	2	neutral	4170844
11	54793872	70220053	NA	15426183	193244	1.997232	192578	6366	35711.0	mappable	0.07307222	7.0	NA	0.001126741822	0.00014220705	0.00091227383	0.08375603	0.08389824	54793872	54793872	70219900	70220206	0.15986057	1	552215.8	28.55563	1.0053751	NA	NA	0.0	0.998615765	0.9986158	1	1	1:1	2	neutral	4170844
11	70220053	70249980	NA	29928	448	1.67064	448	0	85.0	mappable	NA	NA	NA	NA	inf	0.10354313326	0.13450615	inf	70219900	70220206	70249877	70250083	NA	missing	512264.3	NA	0.9035	NA	NA	NA	NA	NA	NA	NA	NA	NA	NA	4170844
11	70249980	89310056	NA	19060078	261738	1.997232	260914	11791	45777.0	mappable	0.0733375	7.0	NA	0.000384608101	7.927071e-05	0.00271009668	0.08269913	0.0827784	70249877	70250083	89279837	89340275	0.13521581	1	552215.8	28.55563	1.0053751	NA	NA	0.0	0.998615765	0.9986158	1	1	1:1	2	neutral	4170844
11	89310056	89349940	NA	39885	201	2.335845	201	0	33.0	mappable	NA	NA	NA	NA	inf	0.10395686674	0.13085958	inf	89279837	89340275	89349940	89349940	NA	missing	573954.0	NA	1.111	NA	NA	NA	NA	NA	NA	NA	NA	NA	NA	4170844
11	89850037	134939862	NA	45089830	664345	1.997232	661991	31198	115819.0	mappable	0.071875	7.0	edge	0.000689587402	2.980448e-05	0.00629610273	0.07865872	0.07868852	89850037	89850037	134939862	134939862	0.13306285	1	552215.8	28.55563	1.0053751	NA	NA	0.0	0.998615765	0.9986158	1	1	1:1	2	neutral	4170844
12	160107	34819969	NA	34659870	478488	1.997232	476299	25974	83394.0	mappable	0.071875	7.0	edge	8.2212098e-05	3.550884e-05	0.00879947031	0.07985064	0.07988615	160107	160107	34819969	34819969	0.13511442	1	552215.8	28.55563	1.0053751	NA	NA	0.0	0.998615765	0.9986158	1	1	1:1	2	neutral	4170844
12	38000003	38014978	NA	14976	875	1.917807	861	0	170.0	mappable	NA	NA	NA	0.075784617137	0.07142857143	0.02644313326	0.14419232	0.21562089	38000003	38000003	38009949	38014978	NA	missing	576818.6	NA	0.9806	NA	NA	NA	NA	NA	NA	NA	NA	NA	NA	4170844
12	38014979	38075017	NA	60039	2162	2.17824	2127	10	369.0	mappable	0.0900246	3.0	NA	0.003694928318	0.02222222222	0.04065686674	0.12599527	0.14821749	38014979	38020008	38069971	38075017	NA	missing	594730.9	30.67196	1.0618379	NA	NA	NA	NA	NA	NA	NA	NA	NA	NA	4170844
12	38075018	133819926	NA	95744917	1300404	1.997232	1295776	60027	230228.0	mappable	0.071875	7.0	edge	0.0005856935	1.546671e-05	0.00048859434	0.07543557	0.07545103	38075018	38080064	133819926	133819926	0.13896077	1	552215.8	28.55563	1.0053751	NA	NA	0.0	0.998615765	0.9986158	1	1	1:1	2	neutral	4170844
13	19450038	27829980	NA	8379943	112101	1.997232	111656	5860	19866.0	mappable	0.0698	7.0	edge	0.000162575377	0.00015862944	0.02704313326	0.08696216	0.08712079	19450038	19450038	27829960	27830000	0.13535677	1	552215.8	28.55563	1.0053751	NA	NA	0.0	0.998615765	0.9986158	1	1	1:1	2	neutral	4170844
13	27829980	27839967	NA	9988	184	2.28904	184	0	38.0	mappable	NA	NA	NA	NA	inf	0.08935686674	0.15053462	inf	27829960	27830000	27839926	27839967	NA	missing	611475.0	NA	1.0964	NA	NA	NA	NA	NA	NA	NA	NA	NA	NA	4170844
13	27839968	45889968	NA	18050001	257776	1.997232	256886	12630	45579.0	mappable	0.071875	7.0	NA	0.000106408373	7.39645e-05	0.01412096735	0.08296863	0.0830426	27839968	27840009	45889920	45889968	0.12851592	1	552215.8	28.55563	1.0053751	NA	NA	0.0	0.998615765	0.9986158	1	1	1:1	2	neutral	4170844
13	45889969	45915007	NA	25039	375	2.148625	375	0	73.0	mappable	NA	NA	NA	NA	inf	0.04555686674	0.13687484	inf	45889969	45890017	45909981	45920033	NA	missing	557297.7	NA	1.0526	NA	NA	NA	NA	NA	NA	NA	NA	NA	NA	4170844
13	45915007	111380005	NA	65465002	940270	1.997232	937332	47424	158041.0	mappable	0.071875	7.0	NA	0.00033015577	1.985624e-05	0.00186249225	0.07702908	0.07704894	45909981	45920033	111379946	111380064	0.13753643	1	552215.8	28.55563	1.0053751	NA	NA	0.0	0.998615765	0.9986158	1	1	1:1	2	neutral	4170844
13	111380005	111390037	NA	10033	137	2.273972	137	0	19.0	mappable	NA	NA	NA	NA	inf	0.08465686674	0.15046118	inf	111379946	111380064	111389903	111390171	NA	missing	574370.0	NA	1.0917	NA	NA	NA	NA	NA	NA	NA	NA	NA	NA	4170844
13	111390037	115099984	NA	3709949	57140	1.997232	56701	2306	11062.0	mappable	0.0724	7.0	edge	0.003465767746	0.00036443149	0.01934164919	0.09164656	0.09201099	111389903	111390171	115099984	115099984	0.1676024	1	552215.8	28.55563	1.0053751	NA	NA	0.0	0.998615765	0.9986158	1	1	1:1	2	neutral	4170844
14	20330060	106176808	NA	85846762	1207524	1.997232	1203412	56016	212065.0	mappable	0.071875	7.0	edge	0.000227211223	1.663119e-05	5.501286e-05	0.07588618	0.07590281	20330060	20330060	106009942	106176808	0.14518581	1	552215.8	28.55563	1.0053751	NA	NA	0.0	0.998615765	0.9986158	1	1	1:1	2	neutral	4170844
14	106176809	106177009	CTX	201	0	0.0	0	0	NA	mappable	NA	NA	NA	NA	inf	1.00704313326	0.26140197	inf	106176809	106176809	106177009	106177009	NA	missing	NA	NA	0.0	NA	NA	0.0	0.0	0.0	0	0	NA	0	homozygousDel	4170844
14	106177010	106177018	CTX	9	0	0.0	0	0	NA	mappable	NA	NA	NA	NA	inf	1.00704313326	0.63092975	inf	106177010	106177010	106177018	106177018	NA	missing	NA	NA	0.0	NA	NA	0.0	0.0	0.0	0	0	NA	0	homozygousDel	4170844
14	106177019	106326549	CTX	149531	1099	2.17824	1087	150	199.0	mappable	0.0558	3.0	NA	0.013294928318	0.00617283951	0.05435686674	0.11634614	0.12251898	106177019	106250082	106326545	106326549	0.16305117	1	594730.9	30.67196	1.0618379	NA	NA	0.0	1.089120169	1.0891202	1	1	1:1	2	neutral	4170844
14	106326550	106330476	CTX	3927	905	1.997232	903	1	175.0	mappable	0.06976744	7.0	self	0.02985779506	0.33333333333	0.00195686674	0.16751524	0.50084858	106326550	106326553	106330467	106330476	NA	missing	552215.8	28.55563	1.0053751	NA	NA	NA	NA	NA	NA	NA	NA	NA	NA	4170844
14	106330477	106829592	DEL	499116	3392	1.250679	3328	100	506.0	mappable	0.46018571	NA	NA	0.393747379374	0.00609756098	0.23454313326	0.1056579	0.11175546	106330477	106330477	106779888	106829592	0.86197685	2	372715.5	25.97714	0.7725	24.27449	0.8900222	0.78004441	0.137546921	1.1131321	1	0	1:0	1	LOH	4170844
14	106829593	107135020	DEL	305428	4683	2.400066	4674	6	769.0	mappable	0.0525558	2.0	NA	0.002675988924	0.06666666667	0.12305686674	0.10976664	0.1764333	106829593	106830059	107129957	107140083	NA	missing	630594.3	33.05359	1.131033	NA	NA	NA	NA	NA	NA	NA	NA	NA	NA	4170844
14	107135020	107259908	NA	124889	2371	2.17824	2152	24	407.0	mappable	0.0323	3.0	edge	0.020862169697	0.00411522634	0.06385686674	0.11813149	0.12224672	107129957	107140083	107259908	107259908	NA	missing	594730.9	30.67196	1.0618379	NA	NA	NA	NA	NA	NA	NA	NA	NA	NA	4170844
15	20850000	20859924	NA	9925	165	2.075212	130	0	20.0	mappable	NA	NA	edge	0.233032192048	0.02857142857	0.02265686674	0.15063813	0.17920955	20850000	20850000	20859924	20859924	NA	missing	1754104.0	NA	1.0297	NA	NA	NA	NA	NA	NA	NA	NA	NA	NA	4170844
15	22480079	23069956	NA	589878	4051	1.997232	4042	123	795.0	mappable	0.06455357	7.0	self	0.00915517422	0.00757575758	0.01564313326	0.10432937	0.11190513	22480079	22480079	23069956	23069956	0.2223359	1	552215.8	28.55563	1.0053751	NA	NA	0.0	0.998615765	0.9986158	1	1	1:1	2	neutral	4170844
15	23710146	24329926	NA	619781	10360	1.997232	10323	805	1775.0	mappable	0.08560862	7.0	NA	0.014395547872	0.00118764846	0.02034313326	0.10394255	0.10513019	23710146	23710146	24329926	24329926	0.15208654	1	552215.8	28.55563	1.0053751	NA	NA	0.0	0.998615765	0.9986158	1	1	1:1	2	neutral	4170844
15	24329927	24830091	NA	500165	0	0.0	0	0	NA	mappable	NA	NA	NA	NA	inf	1.00704313326	0.10564099	inf	24329927	24329927	24830091	24830091	NA	missing	NA	NA	0.0	NA	NA	0.0	0.0	0.0	0	0	NA	0	homozygousDel	4170844
15	24830092	28529988	NA	3699897	57382	1.997232	57149	2876	10019.0	mappable	0.0691	7.0	NA	0.003444928318	0.00032164683	0.02074313326	0.091663	0.09198465	24830092	24830092	28529988	28529988	0.16652396	1	552215.8	28.55563	1.0053751	NA	NA	0.0	0.998615765	0.9986158	1	1	1:1	2	neutral	4170844
15	29100034	30369914	NA	1269881	18279	1.857141	18241	809	3384.0	mappable	0.07546935	4.0	NA	0.003333643111	0.00118063754	0.04544313326	0.09863751	0.09981815	29100034	29100034	30369914	30369914	0.1667148	1	513134.4	26.58974	0.9616762	NA	NA	0.0	0.928570657	0.9285707	1	1	1:1	2	neutral	4170844
15	31160110	68299847	NA	37139738	507825	1.997232	506300	20101	91100.0	mappable	0.07137239	7.0	self	1.0778455e-05	4.624064e-05	0.005608211	0.07953406	0.0795803	31160110	31160110	68299639	68300055	0.14581257	1	552215.8	28.55563	1.0053751	NA	NA	0.0	0.998615765	0.9986158	1	1	1:1	2	neutral	4170844
15	68299847	68329876	NA	30030	445	2.17824	442	27	85.0	mappable	0.06412134	3.0	NA	0.007773586855	0.03333333333	0.06805686674	0.13446176	0.1677951	68299639	68300055	68329738	68329876	NA	missing	594730.9	30.67196	1.0618379	NA	NA	NA	NA	NA	NA	NA	NA	NA	NA	4170844
15	68329877	68350044	NA	20168	259	1.96365	259	0	52.0	mappable	NA	NA	NA	NA	inf	0.01214313326	0.13986229	inf	68329877	68330015	68349925	68350044	NA	missing	583992.0	NA	0.9949	NA	NA	NA	NA	NA	NA	NA	NA	NA	NA	4170844
15	68350045	68480023	NA	129979	1588	2.17824	1584	7	314.0	mappable	0.060025	3.0	NA	0.013336788783	0.09090909091	0.04865686674	0.11773072	0.20863981	68350045	68350164	68479963	68480023	NA	missing	594730.9	30.67196	1.0618379	NA	NA	NA	NA	NA	NA	NA	NA	NA	NA	4170844
15	68480024	82479795	NA	13999772	180077	1.997232	179420	8143	33095.0	mappable	0.071875	7.0	self	0.000843593399	0.00011363636	0.00482066898	0.0842499	0.08436354	68480024	68480084	82479795	82479795	0.14965088	1	552215.8	28.55563	1.0053751	NA	NA	0.0	0.998615765	0.9986158	1	1	1:1	2	neutral	4170844
15	83211507	102399920	NA	19188419	295912	1.997232	294959	13675	52604.0	mappable	0.071875	7.0	edge	0.000156554273	6.836205e-05	0.0017883413	0.08266604	0.0827344	83211507	83211507	102399920	102399920	0.14356327	1	552215.8	28.55563	1.0053751	NA	NA	0.0	0.998615765	0.9986158	1	1	1:1	2	neutral	4170844
16	100010	16289940	NA	16189934	298210	1.997232	296949	14311	54975.0	mappable	0.071875	7.0	edge	0.000223482294	6.422195e-05	0.00401938557	0.08351221	0.08357643	100010	100010	16289940	16289940	0.15797444	1	552215.8	28.55563	1.0053751	NA	NA	0.0	0.998615765	0.9986158	1	1	1:1	2	neutral	4170844
16	16870104	18169896	NA	1299794	20453	1.997232	20380	813	3637.0	mappable	0.0642	7.0	self	0.006116569132	0.00112866817	0.00374165136	0.09847438	0.09960305	16870104	16870104	18169896	18169896	0.15972983	1	552215.8	28.55563	1.0053751	NA	NA	0.0	0.998615765	0.9986158	1	1	1:1	2	neutral	4170844
16	18800044	29039945	NA	10239902	125193	1.997232	124563	6482	22933.0	mappable	0.07257237	7.0	self	0.000664325367	0.00014060742	0.0057029412	0.08588225	0.08602286	18800044	18800044	29039945	29039945	0.14921659	1	552215.8	28.55563	1.0053751	NA	NA	0.0	0.998615765	0.9986158	1	1	1:1	2	neutral	4170844
16	29670028	31959970	NA	2289943	17554	1.997232	17524	251	3609.0	mappable	0.06330094	7.0	self	0.008598376594	0.00355871886	0.00694313326	0.09466613	0.09822485	29670028	29670028	31959970	31959970	0.21916497	1	552215.8	28.55563	1.0053751	NA	NA	0.0	0.998615765	0.9986158	1	1	1:1	2	neutral	4170844
16	32520030	32649899	NA	129870	3149	2.007891	2917	0	307.0	mappable	NA	NA	NA	0.312408012858	0.00431034483	0.00165686674	0.11773911	0.12204946	32520030	32520030	32649899	32649899	NA	missing	1150496.4	NA	1.0087	NA	NA	NA	NA	NA	NA	NA	NA	NA	NA	4170844
16	33590105	35279959	NA	1689855	15427	1.997232	15368	29	2720.0	mappable	0.0736383	7.0	self	0.010342280984	0.01136363636	0.02404313326	0.09667221	0.10803585	33590105	33590105	35279959	35279959	NA	missing	552215.8	28.55563	1.0053751	NA	NA	NA	NA	NA	NA	NA	NA	NA	NA	4170844
16	46450014	47874968	NA	1424955	13457	2.134199	13434	12	2449.0	mappable	0.112375	NA	NA	0.037105071682	0.02857142857	0.04105686674	0.09783546	0.12640689	46450014	46450014	47869907	47880029	NA	missing	592516.9	32.34114	1.0481	NA	NA	NA	NA	NA	NA	NA	NA	NA	NA	4170844
16	47874968	47890008	NA	15041	147	2.358606	147	0	25.0	mappable	NA	NA	NA	NA	inf	0.11105686674	0.14412739	inf	47869907	47880029	47889974	47890042	NA	missing	507612.0	NA	1.1181	NA	NA	NA	NA	NA	NA	NA	NA	NA	NA	4170844
16	47890008	60389958	NA	12499953	181012	1.997232	180445	8401	32517.0	mappable	0.072125	7.0	NA	0.00089410227	0.00011150758	0.01545840186	0.08483412	0.08494563	47889974	47890042	60389893	60390023	0.13757395	1	552215.8	28.55563	1.0053751	NA	NA	0.0	0.998615765	0.9986158	1	1	1:1	2	neutral	4170844
16	60389958	60409996	NA	20039	339	1.72065	327	0	70.0	mappable	NA	NA	NA	0.210761041831	0.08333333333	0.08794313326	0.13995289	0.22328622	60389893	60390023	60409948	60409996	NA	missing	526530.1	NA	0.9191	NA	NA	NA	NA	NA	NA	NA	NA	NA	NA	4170844
16	60409997	63989791	NA	3579795	50319	1.997232	50170	2194	8361.0	mappable	0.07435	7.0	NA	0.003405071682	0.00042680324	0.00024313326	0.09186345	0.09229025	60409997	60410045	63989502	63989791	0.10723509	1	552215.8	28.55563	1.0053751	NA	NA	0.0	0.998615765	0.9986158	1	1	1:1	2	neutral	4170844
16	63989792	64010103	NA	20312	290	2.394511	289	6	49.0	mappable	0.16565559	NA	NA	0.093864687067	0.14285714286	0.12225686674	0.13976197	0.28261911	63989792	63990081	64009995	64010211	NA	missing	585433.7	30.24105	1.1293	NA	NA	NA	NA	NA	NA	NA	NA	NA	NA	4170844
16	64010103	64559999	NA	549897	8233	2.17824	8206	348	1391.0	mappable	0.06926471	3.0	NA	0.002630222436	0.00266666667	0.06785686674	0.10488336	0.10755003	64009995	64010211	64559960	64560038	0.13725892	1	594730.9	30.67196	1.0618379	NA	NA	0.0	1.089120169	1.0891202	1	1	1:1	2	neutral	4170844
16	64559999	64579954	NA	19956	322	2.400066	322	1	50.0	mappable	0.09433962	2.0	NA	0.022444694324	1.0	0.13335686674	0.14001156	1.14001156	64559960	64560038	64579839	64580069	NA	missing	630594.3	33.05359	1.131033	NA	NA	NA	NA	NA	NA	NA	NA	NA	NA	4170844
16	64579954	78419997	NA	13840046	191495	1.997232	190942	7217	35220.0	mappable	0.0724	7.0	self	0.001590595888	0.00012870013	0.00155268073	0.0843087	0.0844374	64579839	64580069	78419992	78420002	0.13996903	1	552215.8	28.55563	1.0053751	NA	NA	0.0	0.998615765	0.9986158	1	1	1:1	2	neutral	4170844
16	78419997	78440010	NA	20014	626	1.857141	626	4	122.0	mappable	0.10732813	4.0	NA	0.035433196682	0.25	0.05754313326	0.13997053	0.38997053	78419992	78420002	78439999	78440010	NA	missing	513134.4	26.58974	0.9616762	NA	NA	NA	NA	NA	NA	NA	NA	NA	NA	4170844
16	78440011	78610006	NA	169996	5780	2.004364	5773	9	1044.0	mappable	0.11959298	NA	NA	0.05078790644	0.0625	0.00055686674	0.11510698	0.17760698	78440011	78440022	78609999	78610013	NA	missing	530865.4	29.60596	1.0076	NA	NA	NA	NA	NA	NA	NA	NA	NA	NA	4170844
16	78610006	78620000	NA	9995	309	2.400066	309	12	51.0	mappable	0.05924167	2.0	NA	0.012653261651	0.08333333333	0.11125686674	0.15052317	0.2338565	78609999	78610013	78619998	78620002	NA	missing	630594.3	33.05359	1.131033	NA	NA	NA	NA	NA	NA	NA	NA	NA	NA	4170844
16	78620000	78629966	NA	9967	320	1.72568	317	10	52.0	mappable	0.09442398	1.0	NA	0.036461968234	0.07692307692	0.07334313326	0.15056903	0.22749211	78619998	78620002	78629894	78630038	NA	missing	533079.3	28.93031	0.920669	NA	NA	NA	NA	NA	NA	NA	NA	NA	NA	4170844
16	78629966	81600043	NA	2970080	73027	1.997232	72826	4363	12549.0	mappable	0.0698	7.0	NA	0.001437879982	0.00021910605	0.00547152276	0.0930143	0.0932334	78629894	78630038	81599988	81600043	0.11694868	1	552215.8	28.55563	1.0053751	NA	NA	0.0	0.998615765	0.9986158	1	1	1:1	2	neutral	4170844
16	81600044	81610008	NA	9965	228	1.76489	228	0	43.0	mappable	NA	NA	NA	NA	inf	0.07414313326	0.15057232	inf	81600044	81600099	81609977	81610039	NA	missing	504104.4	NA	0.9329	NA	NA	NA	NA	NA	NA	NA	NA	NA	NA	4170844
16	81610008	84475032	NA	2865026	71111	1.997232	70894	4039	12528.0	mappable	0.07152348	7.0	NA	0.00098265224	0.00023496241	0.01058689724	0.09323959	0.09347455	81609977	81610039	84469995	84475032	0.13234576	1	552215.8	28.55563	1.0053751	NA	NA	0.0	0.998615765	0.9986158	1	1	1:1	2	neutral	4170844
16	84475033	84500006	NA	24974	577	1.857141	575	39	108.0	mappable	0.07303578	4.0	NA	0.001055071682	0.0243902439	0.05634313326	0.13690998	0.16130022	84475033	84480070	84499963	84500006	0.23251761	1	513134.4	26.58974	0.9616762	NA	NA	0.0	0.928570657	0.9285707	1	1	1:1	2	neutral	4170844
16	84500007	84509997	NA	9991	328	2.17824	325	33	66.0	mappable	0.1104	3.0	NA	0.036730071682	0.02777777778	0.06615686674	0.15052971	0.17830749	84500007	84500050	84509991	84509997	0.26515252	1	594730.9	30.67196	1.0618379	NA	NA	0.0	1.089120169	1.0891202	1	1	1:1	2	neutral	4170844
16	84509998	89007630	NA	4497635	87404	1.997232	87032	4580	16468.0	mappable	0.07333246	7.0	self	0.001337582391	0.00020193861	0.0105897547	0.09049473	0.09069667	84509998	84510004	89007428	89007630	0.1420817	1	552215.8	28.55563	1.0053751	NA	NA	0.0	0.998615765	0.9986158	1	1	1:1	2	neutral	4170844
16	89007631	90005032	CTX	997402	16005	1.997232	15851	803	3238.0	mappable	0.0753	7.0	self	0.003405071682	0.00104493208	0.02204313326	0.10036223	0.10140716	89007631	89007941	89999994	90005032	0.15448323	1	552215.8	28.55563	1.0053751	NA	NA	0.0	0.998615765	0.9986158	1	1	1:1	2	neutral	4170844
16	90005033	90059994	NA	54962	794	2.17824	786	67	159.0	mappable	0.062925	3.0	NA	0.004329812039	0.01333333333	0.05485686674	0.1270152	0.14034853	90005033	90010071	90059938	90060050	0.19409079	1	594730.9	30.67196	1.0618379	NA	NA	0.0	1.089120169	1.0891202	1	1	1:1	2	neutral	4170844
16	90059994	90109969	NA	49976	1116	1.857141	1104	95	232.0	mappable	0.07327857	4.0	edge	0.002094928318	0.00934579439	0.03924313326	0.12813163	0.13747743	90059938	90060050	90109969	90109969	0.14891221	1	513134.4	26.58974	0.9616762	NA	NA	0.0	0.928570657	0.9285707	1	1	1:1	2	neutral	4170844
17	20080	65662	NA	45583	740	1.72568	722	7	124.0	mappable	0.06585455	1.0	edge	0.016156436255	0.04	0.07844313326	0.12923062	0.16923062	20080	20080	59957	65662	NA	missing	533079.3	28.93031	0.920669	NA	NA	NA	NA	NA	NA	NA	NA	NA	NA	4170844
17	65663	18239982	NA	18174323	231861	1.997232	230855	11224	42625.0	mappable	0.07645	7.0	self	0.003587746903	8.177284e-05	0.00998941099	0.08293456	0.08301634	65663	71368	18239982	18239982	0.16834559	1	552215.8	28.55563	1.0053751	NA	NA	0.0	0.998615765	0.9986158	1	1	1:1	2	neutral	4170844
17	18750212	22239986	NA	3489775	25830	1.997232	25165	550	5021.0	mappable	0.07277692	7.0	self	0.008769886497	0.00082304527	0.01025686674	0.09201874	0.09284179	18750212	18750212	22239986	22239986	0.17042301	1	552215.8	28.55563	1.0053751	NA	NA	0.0	0.998615765	0.9986158	1	1	1:1	2	neutral	4170844
17	25390040	44279982	NA	18889943	210618	1.997232	209945	7380	39922.0	mappable	0.0724	7.0	self	0.000333005899	0.00012417733	0.00314678252	0.08274339	0.08286757	25390040	25390040	44279982	44279982	0.15134818	1	552215.8	28.55563	1.0053751	NA	NA	0.0	0.998615765	0.9986158	1	1	1:1	2	neutral	4170844
17	44790026	50729977	NA	5939952	71560	1.997232	71256	3294	13110.0	mappable	0.07368784	7.0	self	0.00179290952	0.00027793218	0.00895686674	0.08888091	0.08915884	44790026	44790026	50729856	50729977	0.14225061	1	552215.8	28.55563	1.0053751	NA	NA	0.0	0.998615765	0.9986158	1	1	1:1	2	neutral	4170844
17	50729978	50739991	NA	10014	133	2.493891	122	20	21.0	mappable	0.05914695	NA	identical	0.004805071682	0.03225806452	0.15325686674	0.15049214	0.1827502	50729978	50730099	50739975	50740007	NA	missing	565530.0	29.76283	1.1603	NA	NA	NA	NA	NA	NA	NA	NA	NA	NA	4170844
17	50739991	81129884	NA	30389900	404494	1.997232	403018	16824	74983.0	mappable	0.071875	7.0	edge	0.001064157397	5.464481e-05	0.00148138848	0.08045995	0.08051459	50739975	50740007	81129884	81129884	0.13838247	1	552215.8	28.55563	1.0053751	NA	NA	0.0	0.998615765	0.9986158	1	1	1:1	2	neutral	4170844
18	130031	14119956	NA	13989927	212706	1.997232	211998	10683	37623.0	mappable	0.071875	7.0	edge	7.2533776e-05	8.778861e-05	0.00888933882	0.0842535	0.08434129	130031	130031	14119956	14119956	0.13594523	1	552215.8	28.55563	1.0053751	NA	NA	0.0	0.998615765	0.9986158	1	1	1:1	2	neutral	4170844
18	14119957	14910026	NA	790070	0	0.0	0	0	NA	mappable	NA	NA	NA	NA	inf	1.00704313326	0.10208446	inf	14119957	14119957	14910026	14910026	NA	missing	NA	NA	0.0	NA	NA	0.0	0.0	0.0	0	0	NA	0	homozygousDel	4170844
18	14910027	14929888	NA	19862	364	1.857141	363	33	63.0	mappable	0.05946061	4.0	NA	0.012434322257	0.02941176471	0.04404313326	0.14007836	0.16949012	14910027	14910027	14929888	14929888	0.21988772	1	513134.4	26.58974	0.9616762	NA	NA	0.0	0.928570657	0.9285707	1	1	1:1	2	neutral	4170844
18	18540053	78009968	NA	59469920	878960	1.997232	875943	40052	153261.0	mappable	0.071875	7.0	edge	0.000929349852	2.321856e-05	0.00134567069	0.07744237	0.07746559	18540053	18540053	78009968	78009968	0.14593615	1	552215.8	28.55563	1.0053751	NA	NA	0.0	0.998615765	0.9986158	1	1	1:1	2	neutral	4170844
19	260137	520015	NA	259879	3206	1.857141	3171	160	637.0	mappable	0.0782	4.0	edge	0.006830071682	0.00512820513	0.04314313326	0.11118845	0.11631665	260137	260137	509922	520015	0.18044561	1	513134.4	26.58974	0.9616762	NA	NA	0.0	0.928570657	0.9285707	1	1	1:1	2	neutral	4170844
19	520016	8659952	NA	8139937	95892	1.997232	95308	4523	18682.0	mappable	0.071875	7.0	self	1.9928318e-05	0.00019580967	0.00164313326	0.08712097	0.08731678	520016	530109	8659901	8659952	0.17580499	1	552215.8	28.55563	1.0053751	NA	NA	0.0	0.998615765	0.9986158	1	1	1:1	2	neutral	4170844
19	8710078	24569972	NA	15859898	157860	1.997232	156696	7103	29688.0	mappable	0.07347317	7.0	self	0.000628481083	0.00012096286	0.00203911705	0.08361595	0.08373692	8710078	8740268	24569972	24569972	0.17887586	1	552215.8	28.55563	1.0053751	NA	NA	0.0	0.998615765	0.9986158	1	1	1:1	2	neutral	4170844
19	27750002	43209995	NA	15459996	197703	1.997232	196744	8608	36399.0	mappable	0.0753	7.0	NA	0.003383978551	0.00010452597	0.00738058591	0.08374495	0.08384948	27750002	27750002	43209995	43209995	0.15010275	1	552215.8	28.55563	1.0053751	NA	NA	0.0	0.998615765	0.9986158	1	1	1:1	2	neutral	4170844
19	43209996	43800005	NA	590010	0	0.0	0	0	NA	mappable	NA	NA	NA	NA	inf	1.00704313326	0.10432761	inf	43209996	43209996	43800005	43800005	NA	missing	NA	NA	0.0	NA	NA	0.0	0.0	0.0	0	0	NA	0	homozygousDel	4170844
19	43800006	59089999	NA	15289998	162665	1.997232	161883	7906	30659.0	mappable	0.07459265	7.0	edge	0.001604564529	0.00011510129	0.00768543677	0.08380093	0.08391603	43800006	43800006	59089999	59089999	0.15165768	1	552215.8	28.55563	1.0053751	NA	NA	0.0	0.998615765	0.9986158	1	1	1:1	2	neutral	4170844
20	60479	15700040	NA	15639565	244097	1.997232	243406	11687	43007.0	mappable	0.071875	7.0	edge	0.00023067349	8.07885e-05	0.00072708882	0.08368657	0.08376736	60479	60479	15699934	15700146	0.12455348	1	552215.8	28.55563	1.0053751	NA	NA	0.0	0.998615765	0.9986158	1	1	1:1	2	neutral	4170844
20	15700040	16050070	NA	350031	5993	2.17824	5967	189	1044.0	mappable	0.06897536	3.0	NA	0.004459214032	0.00465116279	0.07635686674	0.10859459	0.11324576	15699934	15700146	16049856	16050070	0.21385412	1	594730.9	30.67196	1.0618379	NA	NA	0.0	1.089120169	1.0891202	1	1	1:1	2	neutral	4170844
20	16050071	16079954	NA	29884	464	2.479144	464	30	66.0	mappable	0.12692262	NA	NA	0.05502769073	0.03333333333	0.14865686674	0.13452536	0.16785869	16050071	16050285	16079838	16079954	NA	missing	634974.8	33.19089	1.1557	NA	NA	NA	NA	NA	NA	NA	NA	NA	NA	4170844
20	16079955	16899992	NA	820038	14820	2.17824	14775	1105	2436.0	mappable	0.06910682	3.0	NA	0.003444928318	0.00086956522	0.04215686674	0.10180536	0.10267492	16079955	16080071	16899975	16899992	0.09706866	1	594730.9	30.67196	1.0618379	NA	NA	0.0	1.089120169	1.0891202	1	1	1:1	2	neutral	4170844
20	16899993	22730000	NA	5830008	90205	1.997232	89892	4296	16107.0	mappable	0.071875	7.0	self	1.9928318e-05	0.0002169668	0.02764313326	0.0889875	0.08920447	16899993	16900010	22729973	22730000	0.13953069	1	552215.8	28.55563	1.0053751	NA	NA	0.0	0.998615765	0.9986158	1	1	1:1	2	neutral	4170844
20	22730001	22750007	NA	20007	428	1.72568	428	27	75.0	mappable	0.10612907	1.0	NA	0.034234141449	0.03703703704	0.10714313326	0.13997548	0.17701251	22730001	22730028	22749924	22750090	NA	missing	533079.3	28.93031	0.920669	NA	NA	NA	NA	NA	NA	NA	NA	NA	NA	4170844
20	22750007	25729738	NA	2979732	44293	1.857141	44175	1956	8163.0	mappable	0.07121579	4.0	NA	1.9928318e-05	0.00048216008	0.05444313326	0.09299406	0.09347622	22749924	22750090	25729738	25729738	0.14753482	1	513134.4	26.58974	0.9616762	NA	NA	0.0	0.928570657	0.9285707	1	1	1:1	2	neutral	4170844
20	29810057	47515003	NA	17704947	249059	1.997232	248243	8588	46051.0	mappable	0.071875	7.0	NA	0.002159281722	0.00010633773	0.00712604512	0.08306459	0.08317093	29810057	29810057	47509972	47515003	0.15102209	1	552215.8	28.55563	1.0053751	NA	NA	0.0	0.998615765	0.9986158	1	1	1:1	2	neutral	4170844
20	47515004	47540029	NA	25026	340	1.778034	339	2	74.0	mappable	0.47512438	NA	NA	0.209980071682	0.33333333333	0.07004313326	0.13688186	0.47021519	47515004	47520035	47539997	47540061	NA	missing	511908.8	37.75646	0.937	NA	NA	NA	NA	NA	NA	NA	NA	NA	NA	4170844
20	47540029	62909989	NA	15369962	248266	1.997232	247124	11581	45527.0	mappable	0.0753	7.0	edge	0.003108505714	7.860399e-05	0.00261418671	0.08377451	0.08385311	47539997	47540061	62909989	62909989	0.14042748	1	552215.8	28.55563	1.0053751	NA	NA	0.0	0.998615765	0.9986158	1	1	1:1	2	neutral	4170844
21	10720001	11014966	NA	294966	4842	1.997232	4420	0	812.0	mappable	NA	7.0	edge	0.002554414389	0.00236966825	0.00193241455	0.1100704	0.11244007	10720001	10720001	10859932	11170000	NA	missing	552215.8	NA	1.0053751	NA	NA	NA	NA	NA	NA	NA	NA	NA	NA	4170844
21	11014966	11179964	NA	164999	291	1.937683	275	0	84.0	mappable	NA	NA	NA	0.266847289581	0.0625	0.02024313326	0.11539284	0.17789284	10859932	11170000	11179964	11179964	NA	missing	2245542.0	NA	0.9868	NA	NA	NA	NA	NA	NA	NA	NA	NA	NA	4170844
21	15410077	18480006	NA	3069930	48447	1.997232	48234	1747	8409.0	mappable	0.0753	7.0	NA	0.003405071682	0.00051020408	0.01744313326	0.0928084	0.0933186	15410077	15410077	18479944	18480068	0.16766937	1	552215.8	28.55563	1.0053751	NA	NA	0.0	0.998615765	0.9986158	1	1	1:1	2	neutral	4170844
21	18480006	18550591	NA	70586	1097	1.802398	1097	0	188.0	mappable	NA	NA	NA	NA	inf	0.06244313326	0.12416889	inf	18479944	18480068	18550586	18550596	NA	missing	546199.1	NA	0.9446	NA	NA	NA	NA	NA	NA	NA	NA	NA	NA	4170844
21	18550591	38920043	NA	20369453	316862	1.997232	315426	15476	54504.0	mappable	0.071875	7.0	NA	1.9928318e-05	5.912961e-05	0.00764313326	0.08237265	0.08243178	18550586	18550596	38919955	38920043	0.1571369	1	552215.8	28.55563	1.0053751	NA	NA	0.0	0.998615765	0.9986158	1	1	1:1	2	neutral	4170844
21	38920044	38940046	NA	20003	307	1.692439	307	0	55.0	mappable	NA	NA	NA	NA	inf	0.09674313326	0.1399783	inf	38920044	38920132	38939994	38940098	NA	missing	498589.7	NA	0.9103	NA	NA	NA	NA	NA	NA	NA	NA	NA	NA	4170844
21	38940046	48099931	NA	9159888	149627	1.997232	148720	8268	27581.0	mappable	0.0753	7.0	edge	0.00458679417	0.00010900371	0.00805178277	0.08647939	0.08658839	38939994	38940098	48099931	48099931	0.16472902	1	552215.8	28.55563	1.0053751	NA	NA	0.0	0.998615765	0.9986158	1	1	1:1	2	neutral	4170844
22	16850007	51179984	NA	34329980	456413	1.997232	454284	21482	85329.0	mappable	0.071875	7.0	edge	0.000939952159	4.235493e-05	0.00268069771	0.07989465	0.079937	16850007	16850007	51179984	51179984	0.15511403	1	552215.8	28.55563	1.0053751	NA	NA	0.0	0.998615765	0.9986158	1	1	1:1	2	neutral	4170844
23	2700027	58499983	NA	55799959	490705	1.997232	489345	18593	85163.0	mappable	0.07110921	7.0	edge	0.000320194038	5.011778e-05	0.00882472628	0.07771892	0.07776903	2700027	2700027	58499983	58499983	0.15828616	1	552215.8	28.55563	1.0053751	NA	NA	0.0	0.998615765	0.9986158	1	1	1:1	2	neutral	4170844
23	61750000	88459980	NA	26709983	245791	1.997232	245194	8491	41753.0	mappable	0.0753	7.0	self	0.002654489219	0.00011003521	0.02152200108	0.08106725	0.08117728	61750000	61750000	88459980	88459980	0.16525193	1	552215.8	28.55563	1.0053751	NA	NA	0.0	0.998615765	0.9986158	1	1	1:1	2	neutral	4170844
23	88990017	89349936	NA	359920	1089	1.857141	1089	53	174.0	mappable	0.06995833	4.0	NA	0.001936594985	0.01886792453	0.03894313326	0.10835811	0.12722604	88990017	88990017	89349936	89349936	0.08122002	1	513134.4	26.58974	0.9616762	NA	NA	0.0	0.928570657	0.9285707	1	1	1:1	2	neutral	4170844
23	89349937	90140198	NA	790262	0	0.0	0	0	NA	mappable	NA	NA	NA	NA	inf	1.00704313326	0.10208263	inf	89349937	89349937	90140198	90140198	NA	missing	NA	NA	0.0	NA	NA	0.0	0.0	0.0	0	0	NA	0	homozygousDel	4170844
23	90140199	91529952	NA	1389754	5103	1.997232	5095	162	828.0	mappable	0.06168333	7.0	NA	0.010211594985	0.00588235294	0.02144313326	0.09800848	0.10389083	90140199	90140199	91529952	91529952	0.08548885	1	552215.8	28.55563	1.0053751	NA	NA	0.0	0.998615765	0.9986158	1	1	1:1	2	neutral	4170844
23	91529953	92379999	NA	850047	0	0.0	0	0	NA	mappable	NA	NA	NA	NA	inf	1.00704313326	0.10153736	inf	91529953	91529953	92379999	92379999	NA	missing	NA	NA	0.0	NA	NA	0.0	0.0	0.0	0	0	NA	0	homozygousDel	4170844
23	92380000	97100030	NA	4720031	50903	1.997232	50793	1347	8546.0	mappable	0.0748163	7.0	NA	0.00292137603	0.0006863418	0.01674313326	0.09021051	0.09089686	92380000	92380000	97099955	97100030	0.17433059	1	552215.8	28.55563	1.0053751	NA	NA	0.0	0.998615765	0.9986158	1	1	1:1	2	neutral	4170844
23	97100031	97109997	NA	9967	128	1.654931	128	0	16.0	mappable	NA	NA	NA	NA	inf	0.10844313326	0.15056903	inf	97100031	97100106	97109991	97110003	NA	missing	474576.7	NA	0.8986	NA	NA	NA	NA	NA	NA	NA	NA	NA	NA	4170844
23	97109997	112454931	NA	15344935	126973	1.997232	126645	2970	22180.0	mappable	0.071525	7.0	NA	0.003405071682	0.00030321407	0.02364313326	0.08378276	0.08408597	97109991	97110003	112449861	112460001	0.19085266	1	552215.8	28.55563	1.0053751	NA	NA	0.0	0.998615765	0.9986158	1	1	1:1	2	neutral	4170844
23	112454931	112470063	NA	15133	128	1.586006	128	0	19.0	mappable	NA	NA	NA	NA	inf	0.12994313326	0.14403607	inf	112449861	112460001	112469923	112470203	NA	missing	509748.6	NA	0.8771	NA	NA	NA	NA	NA	NA	NA	NA	NA	NA	4170844
23	112470063	154929639	NA	42459577	388928	1.997232	387729	15607	66940.0	mappable	0.0753	7.0	edge	0.003405071682	5.950256e-05	0.01844313326	0.07892789	0.07898739	112469923	112470203	154929639	154929639	0.1805688	1	552215.8	28.55563	1.0053751	NA	NA	0.0	0.998615765	0.9986158	1	1	1:1	2	neutral	4170844
