#chromosome	start	end	crest	length	tcnNbrOfLoci	tcnMean	tcnNbrOfSNPs	tcnNbrOfHets	dhNbrOfLoci	map	dhMax	cluster	neighbour	distDH	errorSNP	distTcn	errorLength	totalError	minStart	maxStart	minStop	maxStop	area	peaks	meanCovT	meanCovB	tcnMeanRaw	AF	BAF	dhMean	c1Mean	c2Mean	A	B	genotype	TCN	GNL	PID
1	840009	12839977	NA	11999969	171554	2.002291674	170428	6541	18641.0	mappable	0.089	1.0	edge	0.010280912028	0.00013042911	0.0177817527	0.08504657	0.085177	840009	840009	12839977	12839977	0.1958426	1	341016.98	17.812375	0.9799172	NA	NA	0.0	1.001145837	1.00114584	1	1	1:1	2	neutral	4145391
1	13780016	36569913	NA	22789901	284347	2.002291674	282778	11891	29996.0	mappable	0.089	1.0	NA	0.006957746684	7.429421e-05	0.0084331198	0.08182673	0.08190102	13780016	13780016	36569794	36570032	0.187083	1	341016.98	17.812375	0.9799172	NA	NA	0.0	1.001145837	1.00114584	1	1	1:1	2	neutral	4145391
1	36569913	36630051	NA	60139	773	2.166641047	773	0	76.0	mappable	NA	NA	NA	NA	inf	0.0721182473	0.12597621	inf	36569794	36570032	36629946	36630051	NA	missing	276334.63	NA	1.0491	NA	NA	NA	NA	NA	NA	NA	NA	NA	NA	4145391
1	36630052	43849987	NA	7219936	92634	2.002291674	92124	3882	9733.0	mappable	0.085575	1.0	NA	0.006855912028	0.0002276867	0.0018817527	0.08778261	0.0880103	36630052	36630157	43849953	43850021	0.187563	1	341016.98	17.812375	0.9799172	NA	NA	0.0	1.001145837	1.00114584	1	1	1:1	2	neutral	4145391
1	43849987	43874940	NA	24954	254	1.854252093	254	0	30.0	mappable	NA	NA	NA	NA	inf	0.0593817527	0.13692081	inf	43849953	43850021	43869851	43874940	NA	missing	298114.25	NA	0.9176	NA	NA	NA	NA	NA	NA	NA	NA	NA	NA	4145391
1	43874941	70030101	NA	26155161	341815	2.002291674	340382	13100	36165.0	mappable	0.082675	1.0	NA	2.9755167e-05	6.880892e-05	0.0033675622	0.08116688	0.08123569	43874941	43880030	70029994	70030208	0.1614903	1	341016.98	17.812375	0.9799172	NA	NA	0.0	1.001145837	1.00114584	1	1	1:1	2	neutral	4145391
1	70030101	70050025	NA	19925	265	1.771769056	264	18	28.0	mappable	0.09986731	10.0	NA	0.034702065874	0.05263157895	0.0798817527	0.14003355	0.19266512	70029994	70030208	70049999	70050051	NA	missing	313662.76	18.192204	0.8828788	NA	NA	NA	NA	NA	NA	NA	NA	NA	NA	4145391
1	70050025	70069957	NA	19933	328	2.227087002	328	11	35.0	mappable	0.0763	11.0	NA	0.005844087972	0.09090909091	0.0658182473	0.14002787	0.23093696	70049999	70050051	70069912	70070002	NA	missing	378435.31	20.230398	1.0745447	NA	NA	NA	NA	NA	NA	NA	NA	NA	NA	4145391
1	70069957	118290030	NA	48220076	644174	2.002291674	641673	30251	67537.0	mappable	0.08215	1.0	NA	0.001069426237	3.053342e-05	0.0014327914	0.07836029	0.07839083	70069912	70070002	118289965	118290095	0.152089	1	341016.98	17.812375	0.9799172	NA	NA	0.0	1.001145837	1.00114584	1	1	1:1	2	neutral	4145391
1	118290030	118329975	NA	39946	562	2.136946279	562	0	54.0	mappable	NA	NA	NA	NA	inf	0.0596182473	0.1308407	inf	118289965	118290095	118329870	118329975	NA	missing	348517.38	NA	1.0366	NA	NA	NA	NA	NA	NA	NA	NA	NA	NA	4145391
1	118329976	120529963	NA	2199988	27698	2.002291674	27617	1034	2924.0	mappable	0.080125	1.0	NA	0.003069087972	0.00089686099	0.0031817527	0.09492591	0.09582277	118329976	118330081	120529963	120529963	0.148933	1	341016.98	17.812375	0.9799172	NA	NA	0.0	1.001145837	1.00114584	1	1	1:1	2	neutral	4145391
1	121220004	121229986	NA	9983	177	2.002291674	176	11	15.0	mappable	0.12874091	1.0	self	0.044633184756	0.08333333333	0.0191182473	0.15054281	0.23387614	121220004	121220004	121229986	121229986	NA	missing	341016.98	17.812375	0.9799172	NA	NA	NA	NA	NA	NA	NA	NA	NA	NA	4145391
1	144010127	144019970	NA	9844	155	2.161554927	101	0	20.0	mappable	NA	3.0	NA	0.286228564795	0.01851851852	0.0336182473	0.15077238	0.1692909	144010127	144010127	144019970	144019970	NA	missing	608452.42	NA	1.046959	NA	NA	NA	NA	NA	NA	NA	NA	NA	NA	4145391
1	144920087	145739956	NA	819870	6360	2.038122093	5843	16	675.0	mappable	0.06563571	NA	NA	0.243180912028	0.00187617261	0.0180182473	0.10180689	0.10368306	144920087	144920087	145739956	145739956	NA	missing	520821.59	27.174252	0.995	NA	NA	NA	NA	NA	NA	NA	NA	NA	NA	4145391
1	146540101	147829895	NA	1289795	11654	2.002291674	11600	896	1258.0	mappable	0.0769	1.0	self	0.006844087972	0.00105263158	0.0081182473	0.09852843	0.09958106	146540101	146540101	147829895	147829895	0.156029	1	341016.98	17.812375	0.9799172	NA	NA	0.0	1.001145837	1.00114584	1	1	1:1	2	neutral	4145391
1	149815060	188920014	NA	39104958	515437	2.002291674	513290	22893	54265.0	mappable	0.08215	1.0	NA	0.000277731403	3.99361e-05	0.0017932412	0.07929947	0.07933941	149815060	149815060	188919966	188920062	0.1705424	1	341016.98	17.812375	0.9799172	NA	NA	0.0	1.001145837	1.00114584	1	1	1:1	2	neutral	4145391
1	188920014	188940038	NA	20025	365	1.850926279	365	0	51.0	mappable	NA	NA	NA	NA	inf	0.0607817527	0.13996277	inf	188919966	188920062	188939987	188940089	NA	missing	353405.76	NA	0.9162	NA	NA	NA	NA	NA	NA	NA	NA	NA	NA	4145391
1	188940038	248550028	NA	59609994	822307	2.002291674	818717	37016	88121.0	mappable	0.08215	1.0	NA	0.00068838077	2.46269e-05	0.0022465941	0.07743219	0.07745682	188939987	188940089	248549942	248550114	0.1649656	1	341016.98	17.812375	0.9799172	NA	NA	0.0	1.001145837	1.00114584	1	1	1:1	2	neutral	4145391
1	248550028	248570004	NA	19977	455	2.227087002	453	1	51.0	mappable	0.07692308	11.0	NA	0.026646471469	0.33333333333	0.0781182473	0.13999669	0.47333002	248549942	248550114	248569978	248570030	NA	missing	378435.31	20.230398	1.0745447	NA	NA	NA	NA	NA	NA	NA	NA	NA	NA	4145391
1	248570004	249209945	NA	639942	4789	2.000350349	4776	5	490.0	mappable	0.02729605	NA	edge	0.124855912028	0.05555555556	0.0021182473	0.10369366	0.15924922	248569978	248570030	249209945	249209945	NA	missing	298239.33	16.900228	0.9791	NA	NA	NA	NA	NA	NA	NA	NA	NA	NA	4145391
2	20016	13790123	NA	13770116	218334	2.002291674	217294	9878	23738.0	mappable	0.08215	1.0	edge	0.00176049701	9.159187e-05	0.0072097675	0.08433468	0.08442627	20016	20016	13789964	13790282	0.1654356	1	341016.98	17.812375	0.9799172	NA	NA	0.0	1.001145837	1.00114584	1	1	1:1	2	neutral	4145391
2	13790123	13810044	NA	19922	303	1.81244186	303	0	32.0	mappable	NA	NA	NA	NA	inf	0.0769817527	0.14003568	inf	13789964	13790282	13809983	13810044	NA	missing	349054.02	NA	0.9	NA	NA	NA	NA	NA	NA	NA	NA	NA	NA	4145391
2	13810045	19099967	NA	5289923	78088	2.002291674	77847	3941	8146.0	mappable	0.08065	1.0	NA	0.000969087972	0.00023912004	0.0002817527	0.0895463	0.08978542	13810045	13810106	19099887	19099967	0.1419338	1	341016.98	17.812375	0.9799172	NA	NA	0.0	1.001145837	1.00114584	1	1	1:1	2	neutral	4145391
2	19099968	19119939	NA	19972	281	2.227087002	279	1	30.0	mappable	0.13207547	11.0	NA	0.010784000889	0.33333333333	0.0679182473	0.14000023	0.47333356	19099968	19100048	19119742	19120136	NA	missing	378435.31	20.230398	1.0745447	NA	NA	NA	NA	NA	NA	NA	NA	NA	NA	4145391
2	19119939	19140064	NA	20126	280	1.743074884	277	1	39.0	mappable	0.04761905	NA	NA	0.34025749933	0.25	0.1061817527	0.13989171	0.38989171	19119742	19120136	19139904	19140224	NA	missing	355102.99	18.600633	0.8708	NA	NA	NA	NA	NA	NA	NA	NA	NA	NA	4145391
2	19140064	32480015	NA	13339952	185066	2.002291674	184362	6968	19728.0	mappable	0.08215	1.0	self	5.912028e-06	0.00013034411	0.0017817527	0.08449782	0.08462816	19139904	19140224	32479979	32480051	0.1781962	1	341016.98	17.812375	0.9799172	NA	NA	0.0	1.001145837	1.00114584	1	1	1:1	2	neutral	4145391
2	32480015	32589991	NA	109977	833	2.227087002	828	6	91.0	mappable	0.09135994	11.0	NA	0.017514553565	0.09090909091	0.0543182473	0.1194255	0.21033459	32479979	32480051	32589957	32590025	NA	missing	378435.31	20.230398	1.0745447	NA	NA	NA	NA	NA	NA	NA	NA	NA	NA	4145391
2	32589991	32639999	NA	50009	663	1.904851977	661	0	72.0	mappable	NA	NA	NA	0.290871785044	0.5	0.0380817527	0.12812382	0.62812382	32589957	32590025	32639977	32640021	NA	missing	342490.78	NA	0.9389	NA	NA	NA	NA	NA	NA	NA	NA	NA	NA	4145391
2	32639999	32650088	NA	10090	149	2.227087002	148	0	16.0	mappable	NA	11.0	NA	0.047661329351	1.0	0.0850182473	0.15036872	1.15036872	32639977	32640021	32649988	32650088	NA	missing	378435.31	NA	1.0745447	NA	NA	NA	NA	NA	NA	NA	NA	NA	NA	4145391
2	32650089	87059860	NA	54409781	826377	2.002291674	823430	37765	86959.0	mappable	0.08215	1.0	self	0.000700720738	2.456278e-05	0.0027965102	0.077829	0.07785356	32650089	32650189	87059860	87059860	0.158229	1	341016.98	17.812375	0.9799172	NA	NA	0.0	1.001145837	1.00114584	1	1	1:1	2	neutral	4145391
2	88330099	89160991	NA	830893	10569	2.002291674	10515	426	1127.0	mappable	0.08215	1.0	self	5.912028e-06	0.00208333333	0.0105182473	0.10170714	0.10379047	88330099	88330099	89160988	89160991	0.1155104	1	341016.98	17.812375	0.9799172	NA	NA	0.0	1.001145837	1.00114584	1	1	1:1	2	neutral	4145391
2	89160992	89229990	CTX	68999	1305	2.043823488	1301	12	106.0	mappable	0.14756173	NA	NA	0.088387799783	0.0625	0.0204182473	0.12442231	0.18692231	89160992	89160995	89229990	89229990	NA	missing	362361.91	18.880206	0.9974	NA	NA	NA	NA	NA	NA	NA	NA	NA	NA	4145391
2	89840102	90239998	NA	399897	914	2.002291674	904	3	121.0	mappable	0.1064585	1.0	self	0.02706291	0.07692307692	0.0377182473	0.10747332	0.1843964	89840102	89840102	90239998	90239998	NA	missing	341016.98	17.812375	0.9799172	NA	NA	NA	NA	NA	NA	NA	NA	NA	NA	4145391
2	95580145	96239991	NA	659847	4436	2.002291674	4426	16	512.0	mappable	0.04105	1.0	NA	0.030819087972	0.03846153846	0.0092817527	0.10345663	0.14191817	95580145	95580145	96239991	96239991	NA	missing	341016.98	17.812375	0.9799172	NA	NA	NA	NA	NA	NA	NA	NA	NA	NA	4145391
2	96239992	96740020	NA	500029	0	0.0	0	0	NA	mappable	NA	NA	NA	NA	inf	0.9769817527	0.10564318	inf	96239992	96239992	96740020	96740020	NA	missing	NA	NA	0.0	NA	NA	0.0	0.0	0.0	0	0	NA	0	homozygousDel	4145391
2	96740021	132189994	NA	35449976	448216	2.002291674	446722	17963	47733.0	mappable	0.08215	1.0	NA	0.000611259174	5.139538e-05	0.0002272062	0.0797471	0.0797985	96740021	96740021	132189994	132189994	0.1783648	1	341016.98	17.812375	0.9799172	NA	NA	0.0	1.001145837	1.00114584	1	1	1:1	2	neutral	4145391
2	132189995	133009999	NA	820005	0	0.0	0	0	NA	mappable	NA	NA	NA	NA	inf	0.9769817527	0.10180566	inf	132189995	132189995	133009999	133009999	NA	missing	NA	NA	0.0	NA	NA	0.0	0.0	0.0	0	0	NA	0	homozygousDel	4145391
2	133010000	242999969	NA	109989983	1503090	2.002291674	1497382	59521	160571.0	mappable	0.08215	1.0	edge	0.00048300488	1.53306e-05	0.0004200109	0.07487048	0.07488581	133010000	133010000	242999969	242999969	0.1687501	1	341016.98	17.812375	0.9799172	NA	NA	0.0	1.001145837	1.00114584	1	1	1:1	2	neutral	4145391
3	100074	90499969	NA	90399904	1302584	2.002291674	1297740	58337	136537.0	mappable	0.08215	1.0	edge	0.001074452759	1.582779e-05	0.002228702	0.07567211	0.07568793	100074	100074	90499969	90499969	0.1575126	1	341016.98	17.812375	0.9799172	NA	NA	0.0	1.001145837	1.00114584	1	1	1:1	2	neutral	4145391
3	93570175	105466925	NA	11896754	169893	2.002291674	169244	7917	17482.0	mappable	0.083975	1.0	self	0.002736969894	0.00011679514	0.00029813	0.08509167	0.08520846	93570175	93570175	105466776	105466925	0.1605357	1	341016.98	17.812375	0.9799172	NA	NA	0.0	1.001145837	1.00114584	1	1	1:1	2	neutral	4145391
3	105466926	105613092	DEL	146167	2101	1.279598953	2090	112	236.0	mappable	0.53264167	NA	identical	0.459222578695	0.0081300813	0.3012817527	0.11656874	0.12469882	105466926	105466958	105613066	105613092	0.9629349	2	256063.98	18.622835	0.6757	18.54924	0.7851	0.57020008	0.274985761	1.00461319	1	0	1:0	1	LOH	4145391
3	105613093	110700122	DEL	5087034	69354	2.002291674	69141	2814	7402.0	mappable	0.08088333	1.0	NA	0.001074485033	0.00033036009	0.0005139707	0.08977308	0.09010344	105613093	105613140	110699996	110700248	0.1608988	1	341016.98	17.812375	0.9799172	NA	NA	0.0	1.001145837	1.00114584	1	1	1:1	2	neutral	4145391
3	110700122	110709967	NA	9846	128	2.223179884	128	0	16.0	mappable	NA	NA	NA	NA	inf	0.0959182473	0.15076905	inf	110699996	110700248	110709908	110709967	NA	missing	392744.4	NA	1.0729	NA	NA	NA	NA	NA	NA	NA	NA	NA	NA	4145391
3	110709968	187461347	NA	76751389	1024310	2.002291674	1020611	42531	109315.0	mappable	0.08215	1.0	NA	0.001496148531	2.163098e-05	0.0007373751	0.07635427	0.0763759	110709968	110710027	187461325	187461347	0.1565811	1	341016.98	17.812375	0.9799172	NA	NA	0.0	1.001145837	1.00114584	1	1	1:1	2	neutral	4145391
3	187461348	187461428	CTX	81	1	2.082545465	1	0	0.0	mappable	NA	NA	NA	NA	inf	0.0367182473	0.31546488	inf	187461348	187461372	187461372	187461428	NA	missing	313287.0	NA	1.0137	NA	NA	NA	NA	NA	NA	NA	NA	NA	NA	4145391
3	187461429	194109980	CTX	6648552	106686	2.002291674	106271	5323	11399.0	mappable	0.08215	1.0	NA	0.000671433173	0.00017427675	0.0045167617	0.08824331	0.08841758	187461429	187461652	194109955	194110005	0.1664957	1	341016.98	17.812375	0.9799172	NA	NA	0.0	1.001145837	1.00114584	1	1	1:1	2	neutral	4145391
3	194109980	194119990	NA	10011	195	1.775145233	195	0	28.0	mappable	NA	NA	NA	NA	inf	0.0926817527	0.15049703	inf	194109955	194110005	194119978	194119990	NA	missing	314118.8	NA	0.8843	NA	NA	NA	NA	NA	NA	NA	NA	NA	NA	4145391
3	194119991	197779892	NA	3659902	46143	2.002291674	45766	2361	5232.0	mappable	0.08449265	1.0	edge	0.003430912028	0.00036523009	0.0129182473	0.09172892	0.09209415	194119991	194120003	197779892	197779892	0.1998498	1	341016.98	17.812375	0.9799172	NA	NA	0.0	1.001145837	1.00114584	1	1	1:1	2	neutral	4145391
4	50084	8939952	NA	8889871	145192	2.002291674	144078	7116	15368.0	mappable	0.089	1.0	edge	0.006721541693	0.00012150668	0.0109022717	0.08664111	0.08676261	50084	50084	8939952	8939952	0.1912125	1	341016.98	17.812375	0.9799172	NA	NA	0.0	1.001145837	1.00114584	1	1	1:1	2	neutral	4145391
4	9800043	48850036	NA	39049996	595983	2.002291674	593743	26907	63312.0	mappable	0.08215	1.0	self	1.6617108e-05	3.431003e-05	0.0081666381	0.07930585	0.07934016	9800043	9800043	48849990	48850036	0.1606448	1	341016.98	17.812375	0.9799172	NA	NA	0.0	1.001145837	1.00114584	1	1	1:1	2	neutral	4145391
4	48850037	48869934	NA	19898	239	2.384006744	239	11	21.0	mappable	0.07267045	NA	NA	0.009473633426	0.09090909091	0.1636182473	0.14005273	0.23096182	48850037	48850083	48869864	48870004	NA	missing	374450.31	19.892673	1.1406	NA	NA	NA	NA	NA	NA	NA	NA	NA	NA	4145391
4	48869934	49089961	NA	220028	2503	2.136938915	2493	79	250.0	mappable	0.17374122	9.0	NA	0.091597128244	0.01123595506	0.0376182473	0.11269302	0.12392898	48869864	48870004	49089961	49089961	0.1803916	1	357182.25	19.165213	1.0365969	NA	NA	0.0	1.068469457	1.06846946	1	1	1:1	2	neutral	4145391
4	52680564	80680020	NA	27999457	394628	2.002291674	393250	18173	40915.0	mappable	0.078725	1.0	NA	5.912028e-06	5.114828e-05	0.0142182473	0.08084435	0.0808955	52680564	52680564	80679945	80680020	0.1679165	1	341016.98	17.812375	0.9799172	NA	NA	0.0	1.001145837	1.00114584	1	1	1:1	2	neutral	4145391
4	80680021	80689935	NA	9915	146	1.846412674	146	0	16.0	mappable	NA	NA	NA	NA	inf	0.0626817527	0.15065463	inf	80680021	80680096	80689736	80689935	NA	missing	345985.0	NA	0.9143	NA	NA	NA	NA	NA	NA	NA	NA	NA	NA	4145391
4	80689936	166059999	NA	85370071	1139971	2.002291674	1136025	55901	118839.0	mappable	0.08215	1.0	NA	6.2603515e-05	1.670928e-05	0.0112751183	0.07590932	0.07592603	80689936	80690135	166059995	166060003	0.1557627	1	341016.98	17.812375	0.9799172	NA	NA	0.0	1.001145837	1.00114584	1	1	1:1	2	neutral	4145391
4	166059999	166069947	NA	9949	173	2.221992093	173	0	18.0	mappable	NA	NA	NA	NA	inf	0.0954182473	0.1505986	inf	166059995	166060003	166069836	166069947	NA	missing	360148.0	NA	1.0724	NA	NA	NA	NA	NA	NA	NA	NA	NA	NA	4145391
4	166069948	190750069	NA	24680127	384063	2.002291674	381920	18928	41279.0	mappable	0.08215	1.0	NA	0.000554678194	4.745859e-05	0.0081224602	0.08144368	0.08149114	166069948	166070059	190749996	190750069	0.1749987	1	341016.98	17.812375	0.9799172	NA	NA	0.0	1.001145837	1.00114584	1	1	1:1	2	neutral	4145391
4	190750070	190779927	NA	29858	353	2.136938915	344	13	42.0	mappable	0.165325	9.0	NA	0.068668412028	0.04545454545	0.0676182473	0.13453672	0.17999127	190750070	190750143	190779808	190780046	NA	missing	357182.25	19.165213	1.0365969	NA	NA	NA	NA	NA	NA	NA	NA	NA	NA	4145391
4	190779927	190799944	NA	20018	496	1.907227558	488	4	71.0	mappable	0.50026667	NA	edge	0.054568230869	0.08333333333	0.0370817527	0.13996771	0.22330104	190779808	190780046	190799944	190799944	NA	missing	322664.33	21.318893	0.9399	NA	NA	NA	NA	NA	NA	NA	NA	NA	NA	4145391
5	50017	46399990	NA	46349979	688884	2.002291674	686026	33631	72977.0	mappable	0.08215	1.0	edge	0.001519786203	2.740552e-05	0.004789024	0.07853589	0.07856329	50017	50017	46399990	46399990	0.1529105	1	341016.98	17.812375	0.9799172	NA	NA	0.0	1.001145837	1.00114584	1	1	1:1	2	neutral	4145391
5	49470005	68829703	NA	19359701	256611	2.002291674	255619	11810	27224.0	mappable	0.078725	1.0	self	0.00350102051	7.811279e-05	0.0141135348	0.08262225	0.08270037	49470005	49470005	68829703	68829703	0.1467131	1	341016.98	17.812375	0.9799172	NA	NA	0.0	1.001145837	1.00114584	1	1	1:1	2	neutral	4145391
5	70750153	136859953	NA	66109806	927279	2.002291674	924023	41899	96578.0	mappable	0.08215	1.0	NA	0.000152279507	2.214594e-05	0.0138523719	0.07698715	0.0770093	70750153	70750153	136859906	136859953	0.1540423	1	341016.98	17.812375	0.9799172	NA	NA	0.0	1.001145837	1.00114584	1	1	1:1	2	neutral	4145391
5	136859954	136900018	NA	40065	304	2.137183837	304	0	36.0	mappable	NA	NA	NA	NA	inf	0.0597182473	0.13080398	inf	136859954	136860001	136899964	136900072	NA	missing	354611.72	NA	1.0367	NA	NA	NA	NA	NA	NA	NA	NA	NA	NA	4145391
5	136900018	145100083	NA	8200066	103823	2.002291674	103445	3233	11045.0	mappable	0.08382738	1.0	NA	5.912028e-06	0.0002769316	0.0123182473	0.08708069	0.08735762	136899964	136900072	145099936	145100230	0.172807	1	341016.98	17.812375	0.9799172	NA	NA	0.0	1.001145837	1.00114584	1	1	1:1	2	neutral	4145391
5	145100083	145124849	NA	24767	316	2.151437326	316	0	30.0	mappable	NA	NA	NA	NA	inf	0.0657182473	0.13702261	inf	145099936	145100230	145119683	145124849	NA	missing	361951.97	NA	1.0427	NA	NA	NA	NA	NA	NA	NA	NA	NA	NA	4145391
5	145124850	180689979	NA	35565133	497918	2.002291674	495880	21544	52990.0	mappable	0.085575	1.0	edge	0.003762380291	4.240522e-05	0.007804336	0.07973223	0.07977463	145124850	145130016	180689979	180689979	0.1714443	1	341016.98	17.812375	0.9799172	NA	NA	0.0	1.001145837	1.00114584	1	1	1:1	2	neutral	4145391
6	202331	12430000	NA	12227675	187528	2.918349593	186453	8955	20258.0	mappable	0.284225	2.0	edge	0.199256914058	9.97009e-05	0.3906215562	0.08494861	0.08504831	202331	202331	12429989	12430000	0.8560621	2	486539.23	31.174218	1.3655314	17.44005	0.6564347	0.31286936	1.002643713	1.91570588	2	1	2:1	3	gain	4145391
6	12430001	12450067	NA	20067	357	2.726565581	357	0	49.0	mappable	NA	NA	NA	NA	inf	0.3078182473	0.13993317	inf	12430001	12430012	12449987	12450067	NA	missing	503532.65	NA	1.2848	NA	NA	NA	NA	NA	NA	NA	NA	NA	NA	4145391
6	12450068	27744836	NA	15294770	221592	2.918349593	220640	10521	23778.0	mappable	0.2808	2.0	NA	0.203259651339	8.716876e-05	0.3936032639	0.08379934	0.08388651	12450068	12450148	27739593	27750079	0.8664199	2	486539.23	31.174218	1.3655314	17.44005	0.6564347	0.31286936	1.002643713	1.91570588	2	1	2:1	3	gain	4145391
6	27744836	27780018	NA	35183	425	3.143242558	425	0	47.0	mappable	NA	NA	NA	NA	inf	0.4832182473	0.13242761	inf	27739593	27750079	27779925	27780018	NA	missing	492620.05	NA	1.4602	NA	NA	NA	NA	NA	NA	NA	NA	NA	NA	4145391
6	27780019	58019982	NA	30239967	449493	2.918349593	443190	21945	47428.0	mappable	0.284225	2.0	NA	0.198173815124	3.540074e-05	0.391632901	0.08048305	0.08051845	27780019	27780112	58019982	58019982	0.8622135	2	486539.23	31.174218	1.3655314	17.44005	0.6564347	0.31286936	1.002643713	1.91570588	2	1	2:1	3	gain	4145391
6	58610011	58769997	NA	159987	572	2.850808488	569	23	56.0	mappable	0.39218454	NA	NA	0.319637061761	0.03846153846	0.3601182473	0.11568989	0.15415143	58610011	58610011	58769997	58769997	NA	missing	502487.36	32.921586	1.3371	NA	NA	NA	NA	NA	NA	NA	NA	NA	NA	4145391
6	61890002	82980001	NA	21090001	302386	2.918349593	301025	16308	31120.0	mappable	0.281725	2.0	NA	0.20016100994	5.65963e-05	0.3934048224	0.08220285	0.08225945	61890002	61890002	82979959	82980043	0.8680358	2	486539.23	31.174218	1.3655314	17.44005	0.6564347	0.31286936	1.002643713	1.91570588	2	1	2:1	3	gain	4145391
6	82980001	83005045	NA	25045	327	2.684042674	327	0	46.0	mappable	NA	NA	NA	NA	inf	0.2899182473	0.1368716	inf	82979959	82980043	82999982	83005045	NA	missing	479382.56	NA	1.2669	NA	NA	NA	NA	NA	NA	NA	NA	NA	NA	4145391
6	83005046	101781774	NA	18776730	253284	2.918349593	252552	9600	26750.0	mappable	0.28094167	2.0	NA	0.199074920933	9.678668e-05	0.4002068187	0.08277309	0.08286988	83005046	83010109	101781735	101781774	0.8693087	2	486539.23	31.174218	1.3655314	17.44005	0.6564347	0.31286936	1.002643713	1.91570588	2	1	2:1	3	gain	4145391
6	101781775	102340660	CTX	558886	8240	2.918349593	8229	270	882.0	mappable	0.25849868	2.0	NA	0.179253280449	0.00355871886	0.3895182473	0.10475485	0.10831357	101781775	101782110	102340605	102340660	0.9184926	2	486539.23	31.174218	1.3655314	17.44005	0.6564347	0.31286936	1.002643713	1.91570588	2	1	2:1	3	gain	4145391
6	102340661	102340854	ITX	194	3	2.10487593	3	0	0.0	mappable	NA	NA	NA	NA	inf	0.0461182473	0.26316091	inf	102340661	102340663	102340849	102340854	NA	missing	406557.78	NA	1.0231	NA	NA	NA	NA	NA	NA	NA	NA	NA	NA	4145391
6	102340855	112350002	DEL	10009148	131614	1.951175814	131111	6002	14016.0	mappable	0.86305	NA	NA	0.780905912028	0.0001537279	0.0185817527	0.08600369	0.08615742	102340855	102340942	112349910	112350002	0.9696523	2	342118.38	31.580158	0.9584	17.47275	0.9936733	0.98734663	0.012344472	1.93883134	2	0	2:0	2	cnLOH	4145391
6	112350003	112380043	NA	30041	485	1.771769056	482	2	66.0	mappable	0.95	10.0	NA	0.051369087972	0.2	0.0965817527	0.13445699	0.33445699	112350003	112350095	112379986	112380043	NA	missing	313662.76	18.192204	0.8828788	NA	NA	NA	NA	NA	NA	NA	NA	NA	NA	4145391
6	112380044	137408768	NA	25028727	344268	1.943835743	343160	14160	36538.0	mappable	0.859625	NA	NA	0.777024692098	6.549646e-05	0.0216715507	0.08137663	0.08144212	112380044	112380101	137408736	137408768	0.976367	2	352596.07	32.547329	0.9553102	18.06611	0.9939399	0.98787979	0.011779851	1.93205589	2	0	2:0	2	cnLOH	4145391
6	137408769	137409936	DEL	1168	21	1.57749686	21	0	5.0	mappable	NA	NA	NA	NA	inf	0.1758817527	0.19627423	inf	137408769	137408814	137409833	137409936	NA	missing	297145.0	NA	0.8011	NA	NA	NA	NA	NA	NA	NA	NA	NA	NA	4145391
6	137409937	137915287	NA	505351	8251	0.037169884	8238	280	894.0	mappable	0.3356	NA	NA	0.253455912028	0.00346020761	0.8242817527	0.10555802	0.10901823	137409937	137410040	137915200	137915287	0.2490813	1	55560.0	3.3336	0.1527	NA	NA	0.0	0.018584942	0.01858494	0	0	0:0	0	LOH	4145391
6	137915288	137915426	CTX	139	1	0.755783256	1	0	0.0	mappable	NA	NA	NA	NA	inf	0.5217817527	0.28094066	inf	137915288	137915357	137915357	137915426	NA	missing	179828.89	NA	0.4552	NA	NA	NA	NA	NA	NA	NA	NA	NA	NA	4145391
6	137915427	138006413	CTX	90987	1604	1.809591163	1599	154	153.0	mappable	0.86199079	NA	NA	0.782819373567	0.00628930818	0.0781817527	0.12140805	0.12769735	137915427	137915528	138006289	138006413	0.9857324	2	320496.44	29.519409	0.8988	17.45387	0.9968084	0.99361673	0.005775557	1.80381561	2	0	2:0	2	cnLOH	4145391
6	138006414	138010439	INV	4026	62	0.75910907	62	7	6.0	mappable	0.33333333	NA	NA	0.251189245362	0.14285714286	0.5203817527	0.16701278	0.30986992	138006414	138006435	138010375	138010439	NA	missing	169965.82	8.498291	0.4566	NA	NA	NA	NA	NA	NA	NA	NA	NA	NA	4145391
6	138010440	138010992	DEL	553	9	0.149534884	9	0	1.0	mappable	NA	NA	NA	NA	inf	0.7769817527	0.2195116	inf	138010440	138010446	138010889	138010992	NA	missing	68767.78	NA	0.2	NA	NA	NA	NA	NA	NA	NA	NA	NA	NA	4145391
6	138010993	138301513	INV	290521	4337	0.05047314	4327	85	476.0	mappable	0.3356	NA	NA	0.253455912028	0.01063829787	0.8186817527	0.11020326	0.12084156	138010993	138011004	138299931	138301513	0.242293	1	54260.14	3.100579	0.1583	NA	NA	0.0	0.02523657	0.02523657	0	0	0:0	0	LOH	4145391
6	138301514	157448542	CTX	19147030	272881	1.028057429	271971	11638	29483.0	mappable	0.774	NA	NA	0.688107842259	7.970033e-05	0.4071680753	0.08267668	0.08275638	138301514	138310166	157448517	157448542	0.9563156	2	205124.53	17.948396	0.5698137	17.62042	0.9937609	0.9875218	0.006414155	1.02164327	1	0	1:0	1	LOH	4145391
6	157448543	170899935	DEL	13451393	210151	2.002291674	208898	10097	22895.0	mappable	0.085575	1.0	edge	0.003430912028	8.810573e-05	0.0003182473	0.08445499	0.0845431	157448543	157448566	170899935	170899935	0.1721353	1	341016.98	17.812375	0.9799172	NA	NA	0.0	1.001145837	1.00114584	1	1	1:1	2	neutral	4145391
7	40386	32339971	NA	32299590	518493	2.002291674	516533	26225	54249.0	mappable	0.085575	1.0	edge	0.002495153505	3.547987e-05	0.0091764032	0.08017635	0.08021183	40386	40386	32339843	32340099	0.1580716	1	341016.98	17.812375	0.9799172	NA	NA	0.0	1.001145837	1.00114584	1	1	1:1	2	neutral	4145391
7	32339971	32369975	NA	30005	475	1.849976047	475	0	41.0	mappable	NA	NA	NA	NA	inf	0.0611817527	0.13447263	inf	32339843	32340099	32369920	32369975	NA	missing	316825.16	NA	0.9158	NA	NA	NA	NA	NA	NA	NA	NA	NA	NA	4145391
7	32369976	57999988	NA	25630014	335496	2.002291674	334263	15070	35300.0	mappable	0.08215	1.0	NA	0.000476824469	6.13384e-05	0.0093767452	0.08126338	0.08132472	32369976	32370031	57999988	57999988	0.1392389	1	341016.98	17.812375	0.9799172	NA	NA	0.0	1.001145837	1.00114584	1	1	1:1	2	neutral	4145391
7	61530139	72229988	NA	10699850	114011	2.002291674	113116	5702	12376.0	mappable	0.085575	1.0	self	0.003430912028	0.00015160703	0.0143182473	0.08564912	0.08580072	61530139	61530139	72229988	72229988	0.1809007	1	341016.98	17.812375	0.9799172	NA	NA	0.0	1.001145837	1.00114584	1	1	1:1	2	neutral	4145391
7	72750118	74139961	NA	1389844	10233	2.002291674	10153	298	1121.0	mappable	0.07943529	1.0	self	0.006880912028	0.00264550265	0.0198182473	0.09800803	0.10065353	72750118	72750118	74139961	74139961	0.3421722	2	341016.98	17.812375	0.9799172	17.03406	0.5259621	0.05192429	0.949162055	1.05312962	1	1	1:1	2	mixDH	4145391
7	75160045	76059952	NA	899908	8409	2.002291674	8349	394	914.0	mappable	0.08262419	1.0	self	0.003743815254	0.00220264317	0.0240182473	0.10111521	0.10331785	75160045	75160045	76059952	76059952	0.2685477	1	341016.98	17.812375	0.9799172	NA	NA	0.0	1.001145837	1.00114584	1	1	1:1	2	neutral	4145391
7	76810004	159119808	NA	82309811	1088752	2.002291674	1083932	47948	115663.0	mappable	0.08215	1.0	edge	0.00062998168	1.895088e-05	0.0080400111	0.07606136	0.07608031	76810004	76810004	159119808	159119808	0.1558672	1	341016.98	17.812375	0.9799172	NA	NA	0.0	1.001145837	1.00114584	1	1	1:1	2	neutral	4145391
8	170012	6919904	NA	6749904	193367	2.002291674	192341	10715	20668.0	mappable	0.08215	1.0	edge	0.002994092242	8.517162e-05	0.0083931315	0.08815841	0.08824358	170012	170012	6919904	6919904	0.1817169	1	341016.98	17.812375	0.9799172	NA	NA	0.0	1.001145837	1.00114584	1	1	1:1	2	neutral	4145391
8	8100000	11859985	NA	3759986	79353	2.002291674	79184	2817	8472.0	mappable	0.083975	1.0	self	0.001465002937	0.00033489618	0.0028182473	0.09156547	0.09190036	8100000	8100000	11859985	11859985	0.1334841	1	341016.98	17.812375	0.9799172	NA	NA	0.0	1.001145837	1.00114584	1	1	1:1	2	neutral	4145391
8	12580042	43789991	NA	31209953	520532	2.002291674	518767	21503	55334.0	mappable	0.08215	1.0	self	0.001878106555	4.297933e-05	0.0094312356	0.08033579	0.08037877	12580042	12580042	43789991	43789991	0.1665402	1	341016.98	17.812375	0.9799172	NA	NA	0.0	1.001145837	1.00114584	1	1	1:1	2	neutral	4145391
8	46880007	146289988	NA	99409987	1388053	2.002291674	1382772	57374	146639.0	mappable	0.08215	1.0	edge	0.001544223096	1.596042e-05	0.0112666234	0.07528168	0.07529764	46880007	46880007	146289988	146289988	0.1554222	1	341016.98	17.812375	0.9799172	NA	NA	0.0	1.001145837	1.00114584	1	1	1:1	2	neutral	4145391
9	200101	21968504	NA	21768409	401413	2.002291674	400322	18216	42006.0	mappable	0.08215	1.0	edge	0.001331307583	5.179469e-05	0.0044638355	0.08204882	0.08210061	200101	200101	21968417	21968504	0.1585407	1	341016.98	17.812375	0.9799172	NA	NA	0.0	1.001145837	1.00114584	1	1	1:1	2	neutral	4145391
9	21968505	21984819	DEL	16315	298	1.26605814	295	0	35.0	mappable	NA	NA	identical	0.148040540502	0.33333333333	0.3069817527	0.1429193	0.47625263	21968505	21968519	21984757	21984819	NA	missing	225862.51	NA	0.67	NA	NA	NA	NA	NA	NA	NA	NA	NA	NA	4145391
9	21984820	38769828	DEL	16785009	243608	2.002291674	242820	10186	25069.0	mappable	0.08215	1.0	self	5.912028e-06	9.112448e-05	0.0011817527	0.08333101	0.08342213	21984820	21985004	38769828	38769828	0.1708465	1	341016.98	17.812375	0.9799172	NA	NA	0.0	1.001145837	1.00114584	1	1	1:1	2	neutral	4145391
9	66840048	66849972	NA	9925	540	2.002291674	511	0	65.0	mappable	NA	1.0	self	0.026325609711	0.03448275862	0.0054817527	0.15063813	0.18512088	66840048	66840048	66849972	66849972	NA	missing	341016.98	NA	0.9799172	NA	NA	NA	NA	NA	NA	NA	NA	NA	NA	4145391
9	68410004	68419976	NA	9973	1130	2.012228256	1044	0	245.0	mappable	NA	NA	NA	0.238405912028	0.01162790698	0.0071182473	0.15055919	0.1621871	68410004	68410004	68419976	68419976	NA	missing	2171724.0	NA	0.9841	NA	NA	NA	NA	NA	NA	NA	NA	NA	NA	4145391
9	71030093	141019791	NA	69989704	960943	2.002291674	956640	42656	101916.0	mappable	0.085575	1.0	edge	0.002096379797	2.129563e-05	0.0052282683	0.07674409	0.07676538	71030093	71030093	141019791	141019791	0.1628228	1	341016.98	17.812375	0.9799172	NA	NA	0.0	1.001145837	1.00114584	1	1	1:1	2	neutral	4145391
10	130013	17765051	NA	17635043	297667	2.002291674	296113	13544	32656.0	mappable	0.08215	1.0	edge	0.002452847444	6.623394e-05	0.0080100393	0.08308428	0.08315052	130013	130013	17759976	17765051	0.1656428	1	341016.98	17.812375	0.9799172	NA	NA	0.0	1.001145837	1.00114584	1	1	1:1	2	neutral	4145391
10	18230012	35810073	NA	17580063	252329	2.002291674	251358	11415	27017.0	mappable	0.084875	1.0	NA	0.003681186532	8.073632e-05	0.00093777	0.08309983	0.08318057	18230012	18230027	35809997	35810149	0.166363	1	341016.98	17.812375	0.9799172	NA	NA	0.0	1.001145837	1.00114584	1	1	1:1	2	neutral	4145391
10	35810073	35819954	NA	9882	133	1.805552674	133	0	16.0	mappable	NA	NA	NA	NA	inf	0.0798817527	0.15070923	inf	35809997	35810149	35819842	35820066	NA	missing	333002.2	NA	0.8971	NA	NA	NA	NA	NA	NA	NA	NA	NA	NA	4145391
10	35819954	38779987	NA	2960036	27926	2.002291674	27794	1105	3090.0	mappable	0.08878214	1.0	NA	0.004801958086	0.00080840744	0.0073916789	0.09303544	0.09384385	35819842	35820066	38779954	38779987	0.1580954	1	341016.98	17.812375	0.9799172	NA	NA	0.0	1.001145837	1.00114584	1	1	1:1	2	neutral	4145391
10	38779988	39149984	NA	369997	7053	2.227087002	6597	5	957.0	mappable	0.2322878	11.0	NA	0.002773633426	0.0021691974	0.1080182473	0.10812474	0.11029394	38779988	38780021	39149984	39149984	NA	missing	378435.31	20.230398	1.0745447	NA	NA	NA	NA	NA	NA	NA	NA	NA	NA	4145391
10	42410000	43150031	NA	740032	5742	2.060215	5724	3	603.0	mappable	0.19054286	NA	NA	0.119476295303	0.04761904762	0.0273182473	0.10257868	0.15019773	42410000	42410000	43149991	43150071	NA	missing	363942.1	22.529749	1.0043	NA	NA	NA	NA	NA	NA	NA	NA	NA	NA	4145391
10	43150031	43270030	NA	120000	742	1.855202326	742	0	90.0	mappable	NA	NA	NA	NA	inf	0.0589817527	0.11853485	inf	43149991	43150071	43269943	43270030	NA	missing	312004.42	NA	0.918	NA	NA	NA	NA	NA	NA	NA	NA	NA	NA	4145391
10	43270031	46159967	NA	2889937	37127	2.002291674	37014	1568	3782.0	mappable	0.0753	1.0	NA	0.006844087972	0.000594884	0.0006817527	0.09318533	0.09378021	43270031	43270118	46159967	46159967	0.1710186	1	341016.98	17.812375	0.9799172	NA	NA	0.0	1.001145837	1.00114584	1	1	1:1	2	neutral	4145391
10	48310177	48659961	NA	349785	5555	2.002291674	5537	242	606.0	mappable	0.0779569	1.0	self	0.000394087972	0.00384615385	0.0371817527	0.10860057	0.11244673	48310177	48310177	48659961	48659961	0.121795	1	341016.98	17.812375	0.9799172	NA	NA	0.0	1.001145837	1.00114584	1	1	1:1	2	neutral	4145391
10	49390096	50049965	NA	659870	10758	2.002291674	10729	300	1145.0	mappable	0.09208077	1.0	NA	0.009868412028	0.00303951368	0.0006182473	0.10345636	0.10649588	49390096	49390096	50049895	50049965	0.1458137	1	341016.98	17.812375	0.9799172	NA	NA	0.0	1.001145837	1.00114584	1	1	1:1	2	neutral	4145391
10	50049966	50069990	NA	20025	325	2.11129	325	0	43.0	mappable	NA	NA	NA	NA	inf	0.0488182473	0.13996277	inf	50049966	50050036	50069936	50069990	NA	missing	350999.88	NA	1.0258	NA	NA	NA	NA	NA	NA	NA	NA	NA	NA	4145391
10	50069991	75149996	NA	25080007	349535	2.002291674	348218	16488	37049.0	mappable	0.08215	1.0	NA	0.000282644435	5.6164e-05	0.0051444302	0.08136685	0.08142302	50069991	50070045	75149923	75150069	0.1626435	1	341016.98	17.812375	0.9799172	NA	NA	0.0	1.001145837	1.00114584	1	1	1:1	2	neutral	4145391
10	75149996	75179911	NA	29916	392	2.121029884	392	0	36.0	mappable	NA	NA	NA	NA	inf	0.0529182473	0.13451139	inf	75149923	75150069	75179820	75179911	NA	missing	339078.59	NA	1.0299	NA	NA	NA	NA	NA	NA	NA	NA	NA	NA	4145391
10	75179912	123765045	NA	48585135	659927	2.002291674	657188	29603	70273.0	mappable	0.08215	1.0	NA	0.001354990739	3.09205e-05	0.0052342283	0.0783269	0.07835782	75179912	75180003	123759996	123770094	0.1665235	1	341016.98	17.812375	0.9799172	NA	NA	0.0	1.001145837	1.00114584	1	1	1:1	2	neutral	4145391
10	123765045	123780011	NA	14967	179	1.593888372	174	39	22.0	mappable	0.06964808	NA	identical	0.012496011049	0.02272727273	0.1689817527	0.14420133	0.1669286	123759996	123770094	123779992	123780030	0.2180997	1	271088.3	14.199863	0.808	NA	NA	0.0	0.796944186	0.79694419	1	1	1:1	2	neutral	4145391
10	123780011	134800062	NA	11020053	178469	2.002291674	177512	8773	19177.0	mappable	0.085575	1.0	self	0.003362966031	0.00010280662	0.0203432664	0.08549337	0.08559617	123779992	123780030	134799968	134800062	0.1709375	1	341016.98	17.812375	0.9799172	NA	NA	0.0	1.001145837	1.00114584	1	1	1:1	2	neutral	4145391
10	134800063	134810022	NA	9960	189	1.771769056	189	6	31.0	mappable	0.07849405	10.0	NA	0.003650040353	0.16666666667	0.1076817527	0.15058053	0.31724719	134800063	134800157	134809963	134810081	NA	missing	313662.76	18.192204	0.8828788	NA	NA	NA	NA	NA	NA	NA	NA	NA	NA	4145391
10	134810022	134820047	NA	10026	188	2.227087002	188	19	23.0	mappable	0.065375	11.0	NA	0.016769087972	0.05263157895	0.0892182473	0.15047258	0.20310415	134809963	134810081	134819994	134820100	NA	missing	378435.31	20.230398	1.0745447	NA	NA	NA	NA	NA	NA	NA	NA	NA	NA	4145391
10	134820047	135439925	NA	619879	10376	2.002291674	10221	356	1098.0	mappable	0.07342955	1.0	edge	0.003419087972	0.00195694716	0.0157817527	0.10394131	0.10589826	134819994	134820100	135439925	135439925	0.3582212	2	341016.98	17.812375	0.9799172	17.03406	0.5259621	0.05192429	0.949162055	1.05312962	1	1	1:1	2	mixDH	4145391
11	190010	48899996	NA	48709992	694537	2.002291674	691376	32014	73272.0	mappable	0.08215	1.0	edge	0.002100329738	2.842928e-05	0.0035510472	0.07831554	0.07834397	190010	190010	48899996	48899996	0.1794391	1	341016.98	17.812375	0.9799172	NA	NA	0.0	1.001145837	1.00114584	1	1	1:1	2	neutral	4145391
11	48899997	50170092	NA	1270096	0	0.0	0	0	NA	mappable	NA	NA	NA	NA	inf	0.9769817527	0.09863632	inf	48899997	48899997	50170092	50170092	NA	missing	NA	NA	0.0	NA	NA	0.0	0.0	0.0	0	0	NA	0	homozygousDel	4145391
11	50170093	50760002	NA	589910	12441	2.002291674	12294	713	1223.0	mappable	0.07792661	1.0	NA	0.003081672696	0.0011627907	0.0060858946	0.10432895	0.10549174	50170093	50170093	50759997	50760002	0.1062883	1	341016.98	17.812375	0.9799172	NA	NA	0.0	1.001145837	1.00114584	1	1	1:1	2	neutral	4145391
11	54792817	89349940	NA	34557124	455358	2.002291674	452986	20574	47425.0	mappable	0.08215	1.0	self	1.396193e-05	4.358058e-05	0.0001481238	0.0798643	0.07990788	54792817	54792817	89349940	89349940	0.1715695	1	341016.98	17.812375	0.9799172	NA	NA	0.0	1.001145837	1.00114584	1	1	1:1	2	neutral	4145391
11	89850037	134939862	NA	45089834	664117	2.002291674	661498	28687	70825.0	mappable	0.08215	1.0	edge	0.001410720176	3.194276e-05	0.0049732054	0.07865872	0.07869066	89850037	89850037	134939862	134939862	0.1745313	1	341016.98	17.812375	0.9799172	NA	NA	0.0	1.001145837	1.00114584	1	1	1:1	2	neutral	4145391
12	160107	200014	NA	39908	347	2.161554927	245	7	38.0	mappable	0.21238333	3.0	edge	0.268314954581	0.00917431193	0.0862182473	0.13085245	0.14002677	160107	160107	199978	200050	NA	missing	608452.42	37.036234	1.046959	NA	NA	NA	NA	NA	NA	NA	NA	NA	NA	4145391
12	200014	28129958	NA	27929950	385798	2.002291674	384110	17790	40977.0	mappable	0.08215	1.0	NA	0.001038009668	5.134261e-05	0.0153209747	0.08085607	0.08090742	199978	200050	28129903	28130013	0.1619879	1	341016.98	17.812375	0.9799172	NA	NA	0.0	1.001145837	1.00114584	1	1	1:1	2	neutral	4145391
12	28129958	28139998	NA	10041	159	2.284707442	159	0	21.0	mappable	NA	NA	NA	NA	inf	0.1218182473	0.15044816	inf	28129903	28130013	28139925	28140071	NA	missing	373036.7	NA	1.0988	NA	NA	NA	NA	NA	NA	NA	NA	NA	NA	4145391
12	28139998	34819969	NA	6679973	91777	2.002291674	91329	5267	9542.0	mappable	0.081	1.0	NA	3.3235123e-05	0.00017497813	0.0102668172	0.08821683	0.08839181	28139925	28140071	34819969	34819969	0.156563	1	341016.98	17.812375	0.9799172	NA	NA	0.0	1.001145837	1.00114584	1	1	1:1	2	neutral	4145391
12	38000003	49999999	NA	11999997	167504	2.002291674	166923	6150	17967.0	mappable	0.08215	1.0	NA	5.912028e-06	0.00014856633	0.0169182473	0.08504656	0.08519512	38000003	38000003	49999945	50000053	0.1736047	1	341016.98	17.812375	0.9799172	NA	NA	0.0	1.001145837	1.00114584	1	1	1:1	2	neutral	4145391
12	49999999	50009968	NA	9970	126	1.793437209	126	0	18.0	mappable	NA	NA	NA	NA	inf	0.0849817527	0.15056411	inf	49999945	50000053	50009906	50010030	NA	missing	304792.0	NA	0.892	NA	NA	NA	NA	NA	NA	NA	NA	NA	NA	4145391
12	50009968	107540014	NA	57530056	766488	2.002291674	763650	29801	82175.0	mappable	0.08215	1.0	NA	0.001024124525	3.063819e-05	0.0106116891	0.0775861	0.07761674	50009906	50010030	107539945	107540083	0.1610343	1	341016.98	17.812375	0.9799172	NA	NA	0.0	1.001145837	1.00114584	1	1	1:1	2	neutral	4145391
12	107540014	107550033	NA	10020	146	1.686536047	146	0	23.0	mappable	NA	NA	NA	NA	inf	0.1299817527	0.15048235	inf	107539945	107540083	107549977	107550089	NA	missing	308465.7	NA	0.847	NA	NA	NA	NA	NA	NA	NA	NA	NA	NA	4145391
12	107550033	133819926	NA	26269898	368108	2.002291674	365964	17351	40194.0	mappable	0.08215	1.0	edge	0.002007656285	5.12952e-05	0.000181654	0.08114608	0.08119738	107549977	107550089	133819926	133819926	0.1810225	1	341016.98	17.812375	0.9799172	NA	NA	0.0	1.001145837	1.00114584	1	1	1:1	2	neutral	4145391
13	19450038	29819995	NA	10369961	141697	2.002291674	141129	6706	15188.0	mappable	0.085575	1.0	edge	0.004707270601	0.00013747594	0.0034370417	0.08581515	0.08595263	19450038	19450038	29819974	29819995	0.1682033	1	341016.98	17.812375	0.9799172	NA	NA	0.0	1.001145837	1.00114584	1	1	1:1	2	neutral	4145391
13	29819996	29829997	NA	10002	162	2.374029302	155	0	15.0	mappable	NA	NA	identical	0.090080822422	0.14285714286	0.1594182473	0.15051173	0.29336887	29819996	29820017	29829968	29830026	NA	missing	377348.0	NA	1.1364	NA	NA	NA	NA	NA	NA	NA	NA	NA	NA	4145391
13	29829997	34939977	NA	5109983	77216	2.002291674	76954	3520	8262.0	mappable	0.08215	1.0	NA	0.000616092773	0.00026441036	0.0107114715	0.08974692	0.09001133	29829968	29830026	34939946	34940008	0.1405984	1	341016.98	17.812375	0.9799172	NA	NA	0.0	1.001145837	1.00114584	1	1	1:1	2	neutral	4145391
13	34939977	34950069	NA	10093	182	1.747826047	182	0	18.0	mappable	NA	NA	NA	NA	inf	0.1041817527	0.15036387	inf	34939946	34940008	34949919	34950219	NA	missing	349635.0	NA	0.8728	NA	NA	NA	NA	NA	NA	NA	NA	NA	NA	4145391
13	34950069	115099984	NA	80149929	1147771	2.002291674	1143175	54733	121577.0	mappable	0.08215	1.0	edge	0.000556148702	1.685516e-05	0.0056256523	0.07617249	0.07618935	34949919	34950219	115099984	115099984	0.1550229	1	341016.98	17.812375	0.9799172	NA	NA	0.0	1.001145837	1.00114584	1	1	1:1	2	neutral	4145391
14	20330060	106113769	NA	85783718	1207021	2.002291674	1202191	50610	127925.0	mappable	0.08215	1.0	edge	6.1694622e-05	1.803752e-05	0.0037451444	0.07588923	0.07590727	20330060	20330060	106009942	106113769	0.1661221	1	341016.98	17.812375	0.9799172	NA	NA	0.0	1.001145837	1.00114584	1	1	1:1	2	neutral	4145391
14	106113770	106212275	DEL	98506	0	0.0	0	0	NA	mappable	NA	NA	NA	NA	inf	0.9769817527	0.12056964	inf	106113770	106113770	106212275	106212275	NA	missing	NA	NA	0.0	NA	NA	0.0	0.0	0.0	0	0	NA	0	homozygousDel	4145391
14	106212276	106212278	DEL	3	0	0.0	0	0	NA	mappable	NA	NA	NA	NA	inf	0.9769817527	1.26185951	inf	106212276	106212276	106212278	106212278	NA	missing	NA	NA	0.0	NA	NA	0.0	0.0	0.0	0	0	NA	0	homozygousDel	4145391
14	106212279	106329235	DEL	116957	1762	0.415362442	1756	117	171.0	mappable	1.00005	NA	NA	0.917905912028	0.00826446281	0.6650817527	0.11879575	0.12706022	106212279	106250082	106329233	106329235	0.2763237	1	82282.86	4.936972	0.3119	NA	NA	0.0	0.207681221	0.20768122	0	0	0:0	0	LOH	4145391
14	106329236	106329465	CTX	230	59	0.766948488	59	0	6.0	mappable	NA	NA	NA	NA	inf	0.5170817527	0.25492353	inf	106329236	106329236	106329455	106329465	NA	missing	114674.29	NA	0.4599	NA	NA	NA	NA	NA	NA	NA	NA	NA	NA	4145391
14	106329466	106347403	CTX	17938	484	0.199897209	479	7	47.0	mappable	0.332175	NA	NA	0.082194087972	0.08333333333	0.7557817527	0.14153549	0.22486882	106329466	106329468	106347371	106347403	NA	missing	65195.47	3.911728	0.2212	NA	NA	NA	NA	NA	NA	NA	NA	NA	NA	4145391
14	106347404	106605005	CTX	257602	1269	1.316895581	1246	148	87.0	mappable	0.87035	NA	NA	0.788205912028	0.00588235294	0.2855817527	0.11126698	0.11714934	106347404	106347420	106559980	106650030	0.9811136	2	234828.23	21.774417	0.6914	16.62465	1.0328791	1.0	0.0	1.31689558	sub	0	sub:0	sub	sub	4145391
14	106605005	107259908	NA	654904	8867	2.786905349	8586	358	844.0	mappable	0.28748983	NA	edge	0.291130912028	0.00156494523	0.3332182473	0.10351472	0.10507966	106559980	106650030	107259908	107259908	0.837715	2	466838.35	30.505724	1.3102	17.44057	0.671381	0.34276196	0.915830101	1.87107525	2	1	2:1	3	gain	4145391
15	20850000	20859924	NA	9925	165	1.97208093	136	0	18.0	mappable	NA	NA	edge	0.394208674597	0.03448275862	0.0097817527	0.15063813	0.18512088	20850000	20850000	20859924	20859924	NA	missing	562912.0	NA	0.9672	NA	NA	NA	NA	NA	NA	NA	NA	NA	NA	4145391
15	22480079	22645004	NA	164926	196	2.227087002	174	0	16.0	mappable	NA	11.0	NA	0.042189542517	0.04545454545	0.0761182473	0.11539709	0.16085164	22480079	22480079	22489988	22800020	NA	missing	378435.31	NA	1.0745447	NA	NA	NA	NA	NA	NA	NA	NA	NA	NA	4145391
15	22645004	23069956	NA	424953	3856	2.002291674	3839	172	472.0	mappable	0.08105385	1.0	self	0.003553703356	0.00529100529	0.0087817527	0.10696935	0.11226036	22489988	22800020	23069956	23069956	0.2180608	1	341016.98	17.812375	0.9799172	NA	NA	0.0	1.001145837	1.00114584	1	1	1:1	2	neutral	4145391
15	23710146	24329926	NA	619781	10362	2.002291674	10316	701	1041.0	mappable	0.07418397	1.0	NA	0.006994087972	0.00133868809	0.0115182473	0.10394255	0.10528123	23710146	23710146	24329926	24329926	0.1571294	1	341016.98	17.812375	0.9799172	NA	NA	0.0	1.001145837	1.00114584	1	1	1:1	2	neutral	4145391
15	24329927	24830091	NA	500165	0	0.0	0	0	NA	mappable	NA	NA	NA	NA	inf	0.9769817527	0.10564099	inf	24329927	24329927	24830091	24830091	NA	missing	NA	NA	0.0	NA	NA	0.0	0.0	0.0	0	0	NA	0	homozygousDel	4145391
15	24830092	28529988	NA	3699899	57384	2.002291674	57117	2804	6038.0	mappable	0.07960603	1.0	NA	0.003421446053	0.00032562683	0.0010567511	0.091663	0.09198863	24830092	24830092	28529988	28529988	0.1697983	1	341016.98	17.812375	0.9799172	NA	NA	0.0	1.001145837	1.00114584	1	1	1:1	2	neutral	4145391
15	29100034	30369914	NA	1269881	18272	2.002291674	18209	774	1986.0	mappable	0.089	1.0	self	0.003430912028	0.00119474313	0.0104817527	0.09863751	0.09983225	29100034	29100034	30369914	30369914	0.1595338	1	341016.98	17.812375	0.9799172	NA	NA	0.0	1.001145837	1.00114584	1	1	1:1	2	neutral	4145391
15	31160110	82479795	NA	51319691	689984	2.002291674	687203	28334	73369.0	mappable	0.085575	1.0	self	0.003654930793	3.213987e-05	0.0076483183	0.07808532	0.07811746	31160110	31160110	82479795	82479795	0.1732399	1	341016.98	17.812375	0.9799172	NA	NA	0.0	1.001145837	1.00114584	1	1	1:1	2	neutral	4145391
15	83211507	102399920	NA	19188415	295763	2.002291674	294648	11800	31604.0	mappable	0.085575	1.0	edge	0.001825449378	7.742935e-05	0.0051805645	0.08266604	0.08274347	83211507	83211507	102399920	102399920	0.1730067	1	341016.98	17.812375	0.9799172	NA	NA	0.0	1.001145837	1.00114584	1	1	1:1	2	neutral	4145391
16	100010	10972199	NA	10872193	216763	2.002291674	215767	9204	23414.0	mappable	0.08215	1.0	edge	0.003732913602	9.804883e-05	0.0004432987	0.08556465	0.0856627	100010	100010	10972073	10972199	0.1634128	1	341016.98	17.812375	0.9799172	NA	NA	0.0	1.001145837	1.00114584	1	1	1:1	2	neutral	4145391
16	10972200	10972210	CTX	11	0	0.0	0	0	NA	mappable	NA	NA	NA	NA	inf	0.9769817527	0.57812965	inf	10972200	10972200	10972210	10972210	NA	missing	NA	NA	0.0	NA	NA	0.0	0.0	0.0	0	0	NA	0	homozygousDel	4145391
16	10972211	10976666	CTX	4456	74	1.731672093	71	0	5.0	mappable	NA	NA	NA	0.069048499736	0.33333333333	0.1109817527	0.16499563	0.49832896	10972211	10972277	10976566	10976666	NA	missing	258451.1	NA	0.866	NA	NA	NA	NA	NA	NA	NA	NA	NA	NA	4145391
16	10976667	10979385	DEL	2719	36	1.731672093	36	0	3.0	mappable	NA	NA	NA	NA	inf	0.1109817527	0.17530235	inf	10976667	10976915	10979339	10979385	NA	missing	258451.1	NA	0.866	NA	NA	NA	NA	NA	NA	NA	NA	NA	NA	4145391
16	10979386	10982327	DUP	2942	56	2.443633837	56	0	6.0	mappable	NA	NA	NA	NA	inf	0.1887182473	0.17357222	inf	10979386	10979400	10982254	10982327	NA	missing	372965.55	NA	1.1657	NA	NA	NA	NA	NA	NA	NA	NA	NA	NA	4145391
16	10982328	10998439	DEL	16112	318	2.918349593	318	9	43.0	mappable	0.27560577	2.0	NA	0.193461681259	0.11111111111	0.3771182473	0.14310402	0.25421513	10982328	10982328	10998401	10998439	NA	missing	486539.23	31.174218	1.3655314	NA	NA	NA	NA	NA	NA	NA	NA	NA	NA	4145391
16	10998440	16289940	DUP	5291504	80714	2.002291674	80380	2871	8804.0	mappable	0.09008026	1.0	self	0.005687903788	0.00031201248	0.009239292	0.08954457	0.08985658	10998440	10998466	16289940	16289940	0.1555625	1	341016.98	17.812375	0.9799172	NA	NA	0.0	1.001145837	1.00114584	1	1	1:1	2	neutral	4145391
16	16870104	18169896	NA	1299793	20461	2.002291674	20365	834	2256.0	mappable	0.08323269	1.0	self	0.005930912028	0.00107526882	0.0037817527	0.09847438	0.09954965	16870104	16870104	18169896	18169896	0.1574405	1	341016.98	17.812375	0.9799172	NA	NA	0.0	1.001145837	1.00114584	1	1	1:1	2	neutral	4145391
16	18800044	23735013	NA	4934970	51552	2.002291674	51300	1846	5844.0	mappable	0.08186452	1.0	NA	5.912028e-06	0.00047664442	0.0020182473	0.08994986	0.0904265	18800044	18800044	23729937	23735013	0.1966417	1	341016.98	17.812375	0.9799172	NA	NA	0.0	1.001145837	1.00114584	1	1	1:1	2	neutral	4145391
16	23735014	23749986	NA	14973	166	1.687723837	166	0	27.0	mappable	NA	NA	NA	NA	inf	0.1294817527	0.14419532	inf	23735014	23740090	23749972	23749986	NA	missing	263208.0	NA	0.8475	NA	NA	NA	NA	NA	NA	NA	NA	NA	NA	4145391
16	23749987	29039945	NA	5289960	73396	2.002291674	72920	3576	7964.0	mappable	0.08875833	1.0	NA	0.007153999855	0.00024685263	0.0115962965	0.08954626	0.08979311	23749987	23750001	29039945	29039945	0.20424	1	341016.98	17.812375	0.9799172	NA	NA	0.0	1.001145837	1.00114584	1	1	1:1	2	neutral	4145391
16	29670028	31959970	NA	2289943	17546	2.002291674	17494	303	1896.0	mappable	0.1027	1.0	self	0.023980912028	0.00281690141	0.0293182473	0.09466613	0.09748303	29670028	29670028	31959970	31959970	0.2457541	1	341016.98	17.812375	0.9799172	NA	NA	0.0	1.001145837	1.00114584	1	1	1:1	2	neutral	4145391
16	32520030	32649899	NA	129870	3149	2.002291674	2975	4	326.0	mappable	0.14321573	1.0	self	0.001494087972	0.00561797753	0.0028182473	0.11773911	0.12335709	32520030	32520030	32649899	32649899	NA	missing	341016.98	17.812375	0.9799172	NA	NA	NA	NA	NA	NA	NA	NA	NA	NA	4145391
16	33590105	35279959	NA	1689856	15431	2.002291674	15404	30	1704.0	mappable	0.15452794	1.0	self	0.022688693823	0.01754385965	0.0123718472	0.09667221	0.11421607	33590105	33590105	35279959	35279959	NA	missing	341016.98	17.812375	0.9799172	NA	NA	NA	NA	NA	NA	NA	NA	NA	NA	4145391
16	46450014	46618597	NA	168584	1839	2.136938915	1839	2	212.0	mappable	0.12889813	9.0	NA	0.046754040926	0.5	0.0880182473	0.11518675	0.61518675	46450014	46450014	46618545	46618597	NA	missing	357182.25	19.165213	1.0365969	NA	NA	NA	NA	NA	NA	NA	NA	NA	NA	4145391
16	46618598	72724870	NA	26106277	345419	2.002291674	343741	13379	37312.0	mappable	0.08215	1.0	self	0.00198951955	6.64187e-05	0.0065552766	0.08117577	0.08124219	46618598	46618650	72719721	72730019	0.1692529	1	341016.98	17.812375	0.9799172	NA	NA	0.0	1.001145837	1.00114584	1	1	1:1	2	neutral	4145391
16	72724870	72819968	NA	95099	1003	2.001063023	1002	5	98.0	mappable	0.39137792	NA	NA	0.307329303841	0.16666666667	0.0024182473	0.12093988	0.28760654	72719721	72730019	72819898	72820038	NA	missing	358248.82	20.740721	0.9794	NA	NA	NA	NA	NA	NA	NA	NA	NA	NA	4145391
16	72819968	72830015	NA	10048	189	1.782747093	189	0	24.0	mappable	NA	NA	NA	NA	inf	0.0894817527	0.15043678	inf	72819898	72820038	72829996	72830015	NA	missing	299232.9	NA	0.8875	NA	NA	NA	NA	NA	NA	NA	NA	NA	NA	4145391
16	72830016	86870062	NA	14040048	301216	2.002291674	300173	14923	31752.0	mappable	0.085575	1.0	NA	0.00303187449	6.26331e-05	0.0003473624	0.0842352	0.08429783	72830016	72830035	86869951	86870062	0.1680153	1	341016.98	17.812375	0.9799172	NA	NA	0.0	1.001145837	1.00114584	1	1	1:1	2	neutral	4145391
16	86870063	86879989	NA	9927	218	1.752577209	207	0	37.0	mappable	NA	NA	identical	0.472223364858	0.09090909091	0.1021817527	0.15063483	0.24154392	86870063	86870174	86879924	86880054	NA	missing	278718.6	NA	0.8748	NA	NA	NA	NA	NA	NA	NA	NA	NA	NA	4145391
16	86879989	90109969	NA	3229982	52873	2.002291674	52578	2079	5641.0	mappable	0.094175	1.0	edge	0.015791404358	0.00042122999	0.0012558661	0.0924937	0.09291493	86879924	86880054	90109969	90109969	0.213139	1	341016.98	17.812375	0.9799172	NA	NA	0.0	1.001145837	1.00114584	1	1	1:1	2	neutral	4145391
17	20080	6875007	NA	6854929	81151	2.002291674	80590	4020	8614.0	mappable	0.085575	1.0	edge	0.001359498273	0.00021834061	0.0138030953	0.08807193	0.08829027	20080	20080	6859925	6875007	0.2267221	1	341016.98	17.812375	0.9799172	NA	NA	0.0	1.001145837	1.00114584	1	1	1:1	2	neutral	4145391
17	6875008	6900024	NA	25017	123	1.805552674	123	0	18.0	mappable	NA	NA	NA	NA	inf	0.0798817527	0.13688672	inf	6875008	6890090	6899973	6900024	NA	missing	265382.0	NA	0.8971	NA	NA	NA	NA	NA	NA	NA	NA	NA	NA	4145391
17	6900025	18239982	NA	11339959	150868	2.002291674	150156	6698	16089.0	mappable	0.085575	1.0	NA	0.003769309029	0.00013495277	0.0086480926	0.08534276	0.08547771	6900025	6900076	18239982	18239982	0.1848785	1	341016.98	17.812375	0.9799172	NA	NA	0.0	1.001145837	1.00114584	1	1	1:1	2	neutral	4145391
17	18750212	22239986	NA	3489775	25826	2.002291674	25150	519	2821.0	mappable	0.08875833	1.0	self	0.017130912028	0.00083682008	0.0135182473	0.09201874	0.09285556	18750212	18750212	22239986	22239986	0.2264506	1	341016.98	17.812375	0.9799172	NA	NA	0.0	1.001145837	1.00114584	1	1	1:1	2	neutral	4145391
17	25390040	28449991	NA	3059952	31168	2.002291674	31010	958	3390.0	mappable	0.08759722	1.0	NA	0.010280912028	0.00089605735	0.0044182473	0.09282863	0.09372469	25390040	25390040	28449969	28450013	0.1895929	1	341016.98	17.812375	0.9799172	NA	NA	0.0	1.001145837	1.00114584	1	1	1:1	2	neutral	4145391
17	28449991	28470032	NA	20042	258	2.29896093	258	0	27.0	mappable	NA	NA	NA	NA	inf	0.1278182473	0.13995078	inf	28449969	28450013	28469973	28470091	NA	missing	369113.06	NA	1.1048	NA	NA	NA	NA	NA	NA	NA	NA	NA	NA	4145391
17	28470032	44279982	NA	15809951	179327	2.002291674	178445	6709	19246.0	mappable	0.08342576	1.0	NA	5.912028e-06	0.00013173495	0.0061182473	0.08363187	0.0837636	28469973	28470091	44279982	44279982	0.1813294	1	341016.98	17.812375	0.9799172	NA	NA	0.0	1.001145837	1.00114584	1	1	1:1	2	neutral	4145391
17	44790026	74390187	NA	29600164	373899	2.002291674	372260	14721	39874.0	mappable	0.08215	1.0	NA	0.000455958493	6.112469e-05	0.0072410431	0.08058309	0.08064422	44790026	44790026	74389968	74390406	0.1755992	1	341016.98	17.812375	0.9799172	NA	NA	0.0	1.001145837	1.00114584	1	1	1:1	2	neutral	4145391
17	74390187	74400003	NA	9817	135	1.779896395	135	0	17.0	mappable	NA	NA	NA	NA	inf	0.0906817527	0.15081743	inf	74389968	74390406	74399937	74400069	NA	missing	257126.2	NA	0.8863	NA	NA	NA	NA	NA	NA	NA	NA	NA	NA	4145391
17	74400003	81109940	NA	6709938	101717	2.002291674	101014	4187	11112.0	mappable	0.085575	1.0	edge	0.003430912028	0.00020458265	0.0008817527	0.08819171	0.08839629	74399937	74400069	81109940	81109940	0.1864696	1	341016.98	17.812375	0.9799172	NA	NA	0.0	1.001145837	1.00114584	1	1	1:1	2	neutral	4145391
18	130031	14119956	NA	13989926	212623	2.002291674	211780	10974	22743.0	mappable	0.08215	1.0	edge	5.912028e-06	8.462385e-05	0.0081817527	0.0842535	0.08433813	130031	130031	14119956	14119956	0.1686413	1	341016.98	17.812375	0.9799172	NA	NA	0.0	1.001145837	1.00114584	1	1	1:1	2	neutral	4145391
18	14119957	14910026	NA	790070	0	0.0	0	0	NA	mappable	NA	NA	NA	NA	inf	0.9769817527	0.10208446	inf	14119957	14119957	14910026	14910026	NA	missing	NA	NA	0.0	NA	NA	0.0	0.0	0.0	0	0	NA	0	homozygousDel	4145391
18	14910027	14929888	NA	19862	364	1.865179767	364	2	50.0	mappable	0.29215116	8.0	NA	0.12831317947	0.5	0.0547817527	0.14007836	0.64007836	14910027	14910027	14929888	14929888	NA	missing	311004.5	20.093241	0.9222	NA	NA	NA	NA	NA	NA	NA	NA	NA	NA	4145391
18	18540053	24975628	NA	6435577	84158	2.002291674	83895	2406	9120.0	mappable	0.08950978	1.0	self	0.006880857049	0.00037467216	0.0104902522	0.08842656	0.08880124	18540053	18540053	24975589	24975628	0.1672317	1	341016.98	17.812375	0.9799172	NA	NA	0.0	1.001145837	1.00114584	1	1	1:1	2	neutral	4145391
18	24975629	25083365	CTX	107737	1502	1.092878256	1502	22	150.0	mappable	0.7326	NA	NA	0.650455912028	0.04545454545	0.3798817527	0.11963759	0.16509213	24975629	24975646	25083038	25083365	NA	missing	218191.72	19.307096	0.5971	NA	NA	NA	NA	NA	NA	NA	NA	NA	NA	4145391
18	25083366	60793325	CTX	35709966	513177	2.918349593	511297	21887	54518.0	mappable	0.291075	2.0	NA	0.211851454111	4.207515e-05	0.3742869992	0.07971359	0.07975567	25083366	25083407	60793231	60793325	0.8815862	2	486539.23	31.174218	1.3655314	17.44005	0.6564347	0.31286936	1.002643713	1.91570588	2	1	2:1	3	gain	4145391
18	60793326	60793552	CTX	227	7	2.299673605	7	0	0.0	mappable	NA	NA	NA	NA	inf	0.1281182473	0.25554049	inf	60793326	60793330	60793549	60793552	NA	missing	393076.0	NA	1.1051	NA	NA	NA	NA	NA	NA	NA	NA	NA	NA	4145391
18	60793553	60793570	CTX	18	0	0.0	0	0	NA	mappable	NA	NA	NA	NA	inf	0.9769817527	0.47962493	inf	60793553	60793553	60793570	60793570	NA	missing	NA	NA	0.0	NA	NA	0.0	0.0	0.0	0	0	NA	0	homozygousDel	4145391
18	60793571	76829983	CTX	16036413	259171	2.002291674	258124	12558	27911.0	mappable	0.08215	1.0	NA	5.912028e-06	7.350239e-05	0.0088817527	0.08356017	0.08363367	60793571	60793626	76829952	76829983	0.1837847	1	341016.98	17.812375	0.9799172	NA	NA	0.0	1.001145837	1.00114584	1	1	1:1	2	neutral	4145391
18	76829984	76839987	NA	10004	172	1.790348953	172	0	21.0	mappable	NA	NA	NA	NA	inf	0.0862817527	0.15050846	inf	76829984	76830015	76839969	76839987	NA	missing	337375.0	NA	0.8907	NA	NA	NA	NA	NA	NA	NA	NA	NA	NA	4145391
18	76839988	78009968	NA	1169981	19989	2.002291674	19801	456	2394.0	mappable	0.09485	1.0	edge	0.017130912028	0.00155279503	0.0100817527	0.09921593	0.10076872	76839988	76840006	78009968	78009968	0.2542251	1	341016.98	17.812375	0.9799172	NA	NA	0.0	1.001145837	1.00114584	1	1	1:1	2	neutral	4145391
19	260137	24569972	NA	24309839	256410	2.002291674	254242	11393	27545.0	mappable	0.089	1.0	edge	0.007414363259	7.374087e-05	0.0154635077	0.08151608	0.08158982	260137	260137	24569972	24569972	0.2092242	1	341016.98	17.812375	0.9799172	NA	NA	0.0	1.001145837	1.00114584	1	1	1:1	2	neutral	4145391
19	27750002	43209995	NA	15459996	197598	2.002291674	196546	7058	21663.0	mappable	0.085575	1.0	NA	0.003129404295	0.00012330456	0.0059673005	0.08374495	0.08386826	27750002	27750002	43209995	43209995	0.1958031	1	341016.98	17.812375	0.9799172	NA	NA	0.0	1.001145837	1.00114584	1	1	1:1	2	neutral	4145391
19	43209996	43800005	NA	590010	0	0.0	0	0	NA	mappable	NA	NA	NA	NA	inf	0.9769817527	0.10432761	inf	43209996	43209996	43800005	43800005	NA	missing	NA	NA	0.0	NA	NA	0.0	0.0	0.0	0	0	NA	0	homozygousDel	4145391
19	43800006	46400040	NA	2600036	30386	2.002291674	30154	1269	3350.0	mappable	0.094175	1.0	NA	0.013327647538	0.00066622252	0.0203662365	0.09385221	0.09451843	43800006	43800006	46399945	46400135	0.1757455	1	341016.98	17.812375	0.9799172	NA	NA	0.0	1.001145837	1.00114584	1	1	1:1	2	neutral	4145391
19	46400040	46409982	NA	9943	136	1.753765	136	0	28.0	mappable	NA	NA	NA	NA	inf	0.1016817527	0.15060847	inf	46399945	46400135	46409900	46409982	NA	missing	254638.0	NA	0.8753	NA	NA	NA	NA	NA	NA	NA	NA	NA	NA	4145391
19	46409983	48790031	NA	2380049	24860	2.002291674	24726	830	2668.0	mappable	0.09691429	1.0	NA	0.017130912028	0.0010373444	0.0163182473	0.09441729	0.09545464	46409983	46410065	48789982	48790080	0.1983351	1	341016.98	17.812375	0.9799172	NA	NA	0.0	1.001145837	1.00114584	1	1	1:1	2	neutral	4145391
19	48790031	48800034	NA	10004	169	1.773482326	169	0	33.0	mappable	NA	NA	NA	NA	inf	0.0933817527	0.15050846	inf	48789982	48790080	48799991	48800077	NA	missing	280402.0	NA	0.8836	NA	NA	NA	NA	NA	NA	NA	NA	NA	NA	4145391
19	48800034	59089999	NA	10289966	106739	2.002291674	106133	4249	11695.0	mappable	0.085575	1.0	edge	0.003430912028	0.00020597322	0.0108182473	0.08585631	0.08606228	48799991	48800077	59089999	59089999	0.2131494	1	341016.98	17.812375	0.9799172	NA	NA	0.0	1.001145837	1.00114584	1	1	1:1	2	neutral	4145391
20	60479	229999	NA	169521	2375	2.002291674	2357	36	290.0	mappable	0.10745081	1.0	edge	0.021037363641	0.01851851852	0.0019182473	0.11513373	0.13365225	60479	60479	229978	230020	0.2004233	1	341016.98	17.812375	0.9799172	NA	NA	0.0	1.001145837	1.00114584	1	1	1:1	2	neutral	4145391
20	229999	239974	NA	9976	249	2.405862093	247	0	28.0	mappable	NA	NA	identical	0.006165023932	0.5	0.1728182473	0.15055428	0.65055428	229978	230020	239946	240002	NA	missing	352533.3	NA	1.1498	NA	NA	NA	NA	NA	NA	NA	NA	NA	NA	4145391
20	239974	21729996	NA	21490026	337001	2.002291674	335819	16470	36072.0	mappable	0.08413571	1.0	self	0.001135140417	5.66508e-05	0.0037853851	0.08211137	0.08216802	239946	240002	21729990	21729996	0.1499613	1	341016.98	17.812375	0.9799172	NA	NA	0.0	1.001145837	1.00114584	1	1	1:1	2	neutral	4145391
20	21729997	22390078	NA	660082	9898	2.000350349	9882	4	1057.0	mappable	0.32820263	NA	NA	0.311680912028	0.05	0.0021182473	0.10345388	0.15345388	21729997	21730003	22389991	22390165	NA	missing	343972.85	21.498303	0.9791	NA	NA	NA	NA	NA	NA	NA	NA	NA	NA	4145391
20	22390078	22420008	NA	29931	491	1.82265686	491	0	59.0	mappable	NA	NA	NA	NA	inf	0.0726817527	0.13450484	inf	22389991	22390165	22419972	22420044	NA	missing	331091.95	NA	0.9043	NA	NA	NA	NA	NA	NA	NA	NA	NA	NA	4145391
20	22420008	22869997	NA	449990	7877	1.963291279	7870	3	850.0	mappable	0.12511827	NA	NA	0.424927065874	0.1	0.0134817527	0.10649892	0.20649892	22419972	22420044	22869988	22870006	NA	missing	324200.96	21.613397	0.9635	NA	NA	NA	NA	NA	NA	NA	NA	NA	NA	4145391
20	22869997	22889976	NA	19980	310	1.837385465	310	0	35.0	mappable	NA	NA	NA	NA	inf	0.0664817527	0.13999456	inf	22869988	22870006	22889933	22890019	NA	missing	317141.75	NA	0.9105	NA	NA	NA	NA	NA	NA	NA	NA	NA	NA	4145391
20	22889976	25729738	NA	2839763	42029	2.002291674	41964	615	4556.0	mappable	0.078725	1.0	NA	0.002565701534	0.00147058824	0.0052071137	0.09329516	0.09476575	22889933	22890019	25729738	25729738	0.1313058	1	341016.98	17.812375	0.9799172	NA	NA	0.0	1.001145837	1.00114584	1	1	1:1	2	neutral	4145391
20	29810057	62909989	NA	33099938	497196	2.002291674	494892	18336	54251.0	mappable	0.085575	1.0	edge	0.004605711393	4.844961e-05	0.0027463664	0.08006301	0.08011146	29810057	29810057	62909989	62909989	0.1828106	1	341016.98	17.812375	0.9799172	NA	NA	0.0	1.001145837	1.00114584	1	1	1:1	2	neutral	4145391
21	10720001	11014966	NA	294966	4842	2.164265465	4613	0	645.0	mappable	NA	NA	edge	0.151586864409	0.00436681223	0.0711182473	0.1100704	0.11443721	10720001	10720001	10859932	11170000	NA	missing	965933.08	NA	1.0481	NA	NA	NA	NA	NA	NA	NA	NA	NA	NA	4145391
21	11014966	11179964	NA	164999	291	1.985146628	260	0	54.0	mappable	NA	NA	NA	0.289843882888	0.03225806452	0.0042817527	0.11539284	0.14765091	10859932	11170000	11179964	11179964	NA	missing	1417310.0	NA	0.9727	NA	NA	NA	NA	NA	NA	NA	NA	NA	NA	4145391
21	15410077	48099931	NA	32689857	515899	2.002291674	513253	23603	55153.0	mappable	0.085575	1.0	edge	0.001977342971	3.809959e-05	0.0042207647	0.08012069	0.08015879	15410077	15410077	48099931	48099931	0.1734358	1	341016.98	17.812375	0.9799172	NA	NA	0.0	1.001145837	1.00114584	1	1	1:1	2	neutral	4145391
22	16850007	17289954	NA	439948	1108	2.227087002	1026	0	137.0	mappable	NA	11.0	edge	0.012221701502	0.01219512195	0.0953182473	0.10668389	0.11887901	16850007	16850007	17289899	17289954	NA	missing	378435.31	NA	1.0745447	NA	NA	NA	NA	NA	NA	NA	NA	NA	NA	4145391
22	17289955	46689999	NA	29400048	368796	2.002291674	366660	16706	39131.0	mappable	0.089	1.0	NA	0.006936463144	5.307292e-05	0.003397198	0.08061488	0.08066795	17289955	17290010	46689993	46690005	0.1819302	1	341016.98	17.812375	0.9799172	NA	NA	0.0	1.001145837	1.00114584	1	1	1:1	2	neutral	4145391
22	46689999	46709952	NA	19954	369	2.242659651	369	0	34.0	mappable	NA	NA	NA	NA	inf	0.1041182473	0.14001298	inf	46689993	46690005	46709881	46709952	NA	missing	316102.1	NA	1.0811	NA	NA	NA	NA	NA	NA	NA	NA	NA	NA	4145391
22	46709953	51179984	NA	4470032	85364	2.002291674	84669	4480	9047.0	mappable	0.08215	1.0	edge	5.912028e-06	0.00019327406	0.0097817527	0.09053111	0.09072438	46709953	46710024	51179984	51179984	0.1585707	1	341016.98	17.812375	0.9799172	NA	NA	0.0	1.001145837	1.00114584	1	1	1:1	2	neutral	4145391
23	2700027	5720023	NA	3019997	31391	1.009915058	31391	61	1759.0	mappable	0.6507	NA	NA	NA	NA	NA	NA	NA	2700027	2700027	5719981	5720023	NA	missing	175389.46	5.33794	0.9873	NA	NA	NA	NA	NA	1	NA	1	1	neutral	4145391
23	5720024	5730013	NA	9990	125	1.188202442	125	0	11.0	mappable	NA	NA	NA	NA	NA	NA	NA	NA	5720024	5720066	5729934	5730092	NA	missing	193648.9	NA	1.1374	NA	NA	NA	NA	NA	1	NA	1	1	neutral	4145391
23	5730013	26750011	NA	21019999	193453	1.014903779	193453	176	10934.0	mappable	0.133525	NA	NA	NA	NA	NA	NA	NA	5729934	5730092	26749948	26750074	NA	missing	175574.97	7.207815	0.9915	NA	NA	NA	NA	NA	1	NA	1	1	neutral	4145391
23	26750011	26759882	NA	9872	106	1.180006686	106	1	5.0	mappable	0.26315789	NA	NA	NA	NA	NA	NA	NA	26749948	26750074	26759743	26759882	NA	missing	205284.3	7.563106	1.1305	NA	NA	NA	NA	NA	1	NA	1	1	neutral	4145391
23	26759883	43500004	NA	16740122	164000	1.014309884	164000	150	9044.0	mappable	0.4178	NA	NA	NA	NA	NA	NA	NA	26759883	26760022	43499966	43500004	NA	missing	180150.75	7.20603	0.991	NA	NA	NA	NA	NA	1	NA	1	1	neutral	4145391
23	43500005	43509988	NA	9984	93	0.850751105	93	0	6.0	mappable	NA	NA	NA	NA	NA	NA	NA	NA	43500005	43500043	43509928	43510048	NA	missing	156234.0	NA	0.8533	NA	NA	NA	NA	NA	1	NA	1	1	neutral	4145391
23	43509988	58499983	NA	14989996	98522	1.031651628	98522	108	5209.0	mappable	0.3082	NA	NA	NA	NA	NA	NA	NA	43509928	43510048	58499983	58499983	NA	missing	171741.03	6.189368	1.0056	NA	NA	NA	NA	NA	1	NA	1	1	neutral	4145391
23	61750000	68379838	NA	6629839	62800	1.030820174	62800	31	3392.0	mappable	1.00005	NA	NA	NA	NA	NA	NA	NA	61750000	61750000	68379668	68380008	NA	missing	174453.82	4.984395	1.0049	NA	NA	NA	NA	NA	1	NA	1	1	neutral	4145391
23	68379838	68400006	NA	20169	201	0.91014064	201	0	10.0	mappable	NA	NA	NA	NA	NA	NA	NA	NA	68379668	68380008	68399935	68400077	NA	missing	158628.17	NA	0.9033	NA	NA	NA	NA	NA	1	NA	1	1	neutral	4145391
23	68400006	88459980	NA	20059975	181338	1.036402791	181338	220	9570.0	mappable	0.202025	NA	NA	NA	NA	NA	NA	NA	68399935	68400077	88459980	88459980	0.3223296	2	180427.9	8.474141	1.0096	NA	NA	NA	NA	NA	1	NA	1	1	neutral	4145391
23	88990017	89349936	NA	359920	1084	1.024881221	1084	1	50.0	mappable	0.11111111	NA	NA	NA	NA	NA	NA	NA	88990017	88990017	89349936	89349936	NA	missing	180833.64	8.037051	0.9999	NA	NA	NA	NA	NA	1	NA	1	1	neutral	4145391
23	89349937	90140198	NA	790262	0	0.0	0	0	NA	mappable	NA	NA	NA	NA	NA	NA	NA	NA	89349937	89349937	90140198	90140198	NA	missing	NA	NA	0.0	NA	NA	0.0	0.0	0.0	0	0	0	0	homozygousDel	4145391
23	90140199	91529952	NA	1389754	5086	1.019298605	5086	6	258.0	mappable	0.74410833	NA	NA	NA	NA	NA	NA	NA	90140199	90140199	91529952	91529952	NA	missing	184354.41	7.898762	0.9952	NA	NA	NA	NA	NA	1	NA	1	1	neutral	4145391
23	91529953	92379999	NA	850047	0	0.0	0	0	NA	mappable	NA	NA	NA	NA	NA	NA	NA	NA	91529953	91529953	92379999	92379999	NA	missing	NA	NA	0.0	NA	NA	0.0	0.0	0.0	0	0	0	0	homozygousDel	4145391
23	92380000	102344969	NA	9964970	91755	1.025712674	91755	99	5113.0	mappable	0.318475	NA	NA	NA	NA	NA	NA	NA	92380000	92380000	102339854	102350084	NA	missing	181921.62	6.822061	1.0006	NA	NA	NA	NA	NA	1	NA	1	1	neutral	4145391
23	102344969	102380007	NA	35039	118	0.858471744	118	0	11.0	mappable	NA	NA	NA	NA	NA	NA	NA	NA	102339854	102350084	102359991	102400023	NA	missing	174430.0	NA	0.8598	NA	NA	NA	NA	NA	1	NA	1	1	neutral	4145391
23	102380007	138729996	NA	36349990	320058	1.019536163	320058	340	17296.0	mappable	0.1164	NA	NA	NA	NA	NA	NA	NA	102359991	102400023	138729951	138729996	0.3343189	2	177765.6	7.926683	0.9954	NA	NA	NA	NA	NA	1	NA	1	1	neutral	4145391
23	138729997	138740018	NA	10022	137	1.233219709	137	0	8.0	mappable	NA	NA	NA	NA	NA	NA	NA	NA	138729997	138730042	138739924	138740112	NA	missing	207108.8	NA	1.1753	NA	NA	NA	NA	NA	1	NA	1	1	neutral	4145391
23	138740018	154929639	NA	16189622	150680	1.019654942	150680	213	7883.0	mappable	0.3356	NA	NA	NA	NA	NA	NA	NA	138739924	138740112	154929639	154929639	NA	missing	174173.36	7.741038	0.9955	NA	NA	NA	NA	NA	1	NA	1	1	neutral	4145391
24	2653090	2919837	NA	266748	291	0.012052093	291	0	23.0	mappable	NA	NA	NA	NA	NA	NA	NA	NA	2653090	2653090	2919837	2919837	NA	missing	25716.78	NA	0.1472	NA	NA	NA	NA	NA	0	NA	0	0	loss	4145391
24	3712028	3719919	NA	7892	141	-0.032608837	141	0	3.0	mappable	NA	NA	NA	NA	NA	NA	NA	NA	3712028	3712028	3719919	3719919	NA	missing	20498.57	NA	0.1096	NA	NA	NA	NA	NA	0	NA	0	0	loss	4145391
24	6420014	10069977	NA	3649964	6018	0.017872267	6018	30	331.0	mappable	0.819375	NA	NA	NA	NA	NA	NA	NA	6420014	6420014	10069977	10069977	NA	missing	25967.8	2.182354	0.1521	NA	NA	NA	NA	NA	0	NA	0	0	loss	4145391
24	13130467	13560035	NA	429569	1335	0.351403895	1335	52	200.0	mappable	0.24806591	NA	NA	NA	NA	NA	NA	NA	13130467	13130467	13479989	13560035	NA	missing	90098.57	6.074828	0.4329	NA	NA	NA	NA	NA	0	NA	0	0	loss	4145391
24	13859965	13935606	NA	75642	686	0.438112616	686	23	81.0	mappable	0.58348333	NA	NA	NA	NA	NA	NA	NA	13859965	13860001	13869981	13935606	NA	missing	143124.44	11.131901	0.5059	NA	NA	NA	NA	NA	0	NA	0	0	loss	4145391
24	13935607	19558992	NA	5623386	5664	0.005638023	5666	8	305.0	mappable	1.000725	NA	NA	NA	NA	NA	NA	NA	13935607	14001232	19558992	19558992	NA	missing	25140.69	0.0	0.1418	NA	NA	NA	NA	NA	0	NA	0	0	loss	4145391
24	20802956	23808171	NA	3005216	2834	0.007063372	2835	4	172.0	mappable	0.33296667	NA	NA	NA	NA	NA	NA	NA	20802956	20802956	23808171	23808171	NA	missing	25160.9	1.78223	0.143	NA	NA	NA	NA	NA	0	NA	0	0	loss	4145391
24	24381338	24508205	NA	126868	226	-0.011941279	226	0	3.0	mappable	NA	NA	NA	NA	NA	NA	NA	NA	24381338	24381338	24508205	24508205	NA	missing	23683.71	NA	0.127	NA	NA	NA	NA	NA	0	NA	0	0	loss	4145391
24	28780461	28789809	NA	9349	78	0.493226105	78	12	12.0	mappable	0.98019662	NA	NA	NA	NA	NA	NA	NA	28780461	28780461	28789809	28789809	NA	missing	144754.29	11.580343	0.5523	NA	NA	NA	NA	NA	0	NA	0	0	loss	4145391
