#chromosome	start	end	crest	length	tcnNbrOfLoci	tcnMean	tcnNbrOfSNPs	tcnNbrOfHets	dhNbrOfLoci	map	dhMax	cluster	neighbour	distDH	errorSNP	distTcn	errorLength	totalError	minStart	maxStart	minStop	maxStop	area	peaks	meanCovT	meanCovB	tcnMeanRaw	AF	BAF	dhMean	c1Mean	c2Mean	A	B	genotype	TCN	GNL	PID
1	840009	12839977	NA	11999974	171911	2.0026975	171003	7674	26244.0	mappable	0.078725	4.0	edge	0.001465929491	0.00011652296	0.01345967156	0.08504657	0.08516309	840009	840009	12839977	12839977	0.17603424	1	401131.6	20.847182	0.9556932	NA	NA	0.0	1.001348736	1.00134874	1	1	1:1	2	neutral	4151471
1	13780016	40509958	NA	26729943	333913	2.0026975	332676	13893	49607.0	mappable	0.078725	4.0	NA	9.9584194e-05	6.609385e-05	8.733783e-05	0.08106371	0.0811298	13780016	13780016	40509896	40510020	0.16599621	1	401131.6	20.847182	0.9556932	NA	NA	0.0	1.001348736	1.00134874	1	1	1:1	2	neutral	4151471
1	40509958	40530054	NA	20097	321	2.3434919	321	0	58.0	mappable	NA	NA	NA	NA	inf	0.10094610352	0.13991207	inf	40509896	40510020	40529986	40530122	NA	missing	428170.7	NA	1.0582	NA	NA	NA	NA	NA	NA	NA	NA	NA	NA	4151471
1	40530054	51630022	NA	11099970	131787	2.0026975	131331	4795	18830.0	mappable	0.07428929	4.0	NA	0.00379494602	0.00019043992	0.00533053597	0.08545529	0.08564573	40529986	40530122	51629990	51630054	0.15399978	1	401131.6	20.847182	0.9556932	NA	NA	0.0	1.001348736	1.00134874	1	1	1:1	2	neutral	4151471
1	51630022	51639914	NA	9893	142	2.5433006	142	0	21.0	mappable	NA	NA	NA	NA	inf	0.16104610352	0.150691	inf	51629990	51630054	51639807	51639914	NA	missing	451215.0	NA	1.1183	NA	NA	NA	NA	NA	NA	NA	NA	NA	NA	4151471
1	51639915	92345024	NA	40705110	549909	2.0026975	547868	25019	73939.0	mappable	0.078725	4.0	NA	0.000107866213	3.695765e-05	0.00875389648	0.07911797	0.07915493	51639915	51640022	92339976	92345024	0.14262292	1	401131.6	20.847182	0.9556932	NA	NA	0.0	1.001348736	1.00134874	1	1	1:1	2	neutral	4151471
1	92345025	92360085	NA	15061	131	1.6579587	131	0	22.0	mappable	NA	NA	NA	NA	inf	0.10525389648	0.14410748	inf	92345025	92350073	92359945	92360225	NA	missing	387021.2	NA	0.852	NA	NA	NA	NA	NA	NA	NA	NA	NA	NA	4151471
1	92360085	120529963	NA	28169879	376484	2.0026975	375375	16935	50364.0	mappable	0.078725	4.0	NA	0.000107866213	5.542623e-05	0.00174610352	0.08081575	0.08087118	92359945	92360225	120529963	120529963	0.15199108	1	401131.6	20.847182	0.9556932	NA	NA	0.0	1.001348736	1.00134874	1	1	1:1	2	neutral	4151471
1	121220004	121229986	NA	9983	177	2.0026975	176	9	20.0	mappable	0.04919318	4.0	self	0.027332866213	0.1	0.00855389648	0.15054281	0.25054281	121220004	121220004	121229986	121229986	NA	missing	401131.6	20.847182	0.9556932	NA	NA	NA	NA	NA	NA	NA	NA	NA	NA	4151471
1	144010127	144019970	NA	9844	155	1.9791154	86	0	16.0	mappable	NA	NA	NA	0.30601980608	0.01449275362	0.00865389648	0.15077238	0.16526513	144010127	144010127	144019970	144019970	NA	missing	1228766.0	NA	0.9486	NA	NA	NA	NA	NA	NA	NA	NA	NA	NA	4151471
1	144920087	145739956	NA	819870	6372	2.0026975	5799	55	913.0	mappable	0.072725	4.0	self	0.037567133787	0.00159235669	0.01874610352	0.10180689	0.10339925	144920087	144920087	145739956	145739956	0.2548886	1	401131.6	20.847182	0.9556932	NA	NA	0.0	1.001348736	1.00134874	1	1	1:1	2	neutral	4151471
1	146540101	147829895	NA	1289795	11667	2.0026975	11633	218	1574.0	mappable	0.08963636	4.0	self	0.013592133787	0.00396825397	0.00634610352	0.09852843	0.10249668	146540101	146540101	147829895	147829895	0.15705711	1	401131.6	20.847182	0.9556932	NA	NA	0.0	1.001348736	1.00134874	1	1	1:1	2	neutral	4151471
1	149815060	153849997	NA	4034939	46685	2.0026975	46467	1971	6633.0	mappable	0.08116383	4.0	self	0.000566147428	0.0004568296	0.00634549519	0.09114061	0.09159744	149815060	149815060	153849895	153850099	0.12771781	1	401131.6	20.847182	0.9556932	NA	NA	0.0	1.001348736	1.00134874	1	1	1:1	2	neutral	4151471
1	153849997	153865007	NA	15011	120	2.5452953	119	0	26.0	mappable	NA	NA	identical	0.078832866213	1.0	0.16164610352	0.14415731	1.14415731	153849895	153850099	153859911	153870103	NA	missing	448582.0	NA	1.1189	NA	NA	NA	NA	NA	NA	NA	NA	NA	NA	4151471
1	153865007	173450027	NA	19585025	258697	2.0026975	257843	12663	35474.0	mappable	0.078725	4.0	self	0.001909895932	7.398091e-05	0.00756629896	0.08256531	0.08263929	153859911	153870103	173449959	173450027	0.1503102	1	401131.6	20.847182	0.9556932	NA	NA	0.0	1.001348736	1.00134874	1	1	1:1	2	neutral	4151471
1	173450028	173469969	NA	19942	323	2.4738163	320	14	45.0	mappable	0.15558023	NA	identical	0.069093877973	0.05882352941	0.14014610352	0.14002148	0.19884501	173450028	173450096	173469885	173469969	NA	missing	428925.4	23.175101	1.0974	NA	NA	NA	NA	NA	NA	NA	NA	NA	NA	4151471
1	173469970	197319921	NA	23849952	329579	2.0026975	328632	14153	43515.0	mappable	0.08215	4.0	NA	0.003317133787	6.622517e-05	0.00414610352	0.08160773	0.08167395	173469970	173470054	197319799	197319921	0.14056115	1	401131.6	20.847182	0.9556932	NA	NA	0.0	1.001348736	1.00134874	1	1	1:1	2	neutral	4151471
1	197319922	197330021	NA	10100	156	3.017389	156	0	30.0	mappable	NA	NA	NA	NA	inf	0.30364610352	0.15035257	inf	197319922	197320044	197329935	197330021	NA	missing	511641.1	NA	1.2609	NA	NA	NA	NA	NA	NA	NA	NA	NA	NA	4151471
1	197330022	213285131	NA	15955110	207006	2.0026975	206330	9481	29372.0	mappable	0.078725	4.0	NA	0.000107866213	9.845427e-05	0.00944610352	0.08358578	0.08368423	197330022	197330108	213279962	213285131	0.14684518	1	401131.6	20.847182	0.9556932	NA	NA	0.0	1.001348736	1.00134874	1	1	1:1	2	neutral	4151471
1	213285132	213299991	NA	14860	117	2.4319263	117	0	15.0	mappable	NA	NA	NA	NA	inf	0.12754610352	0.14430903	inf	213285132	213290301	213299924	213299991	NA	missing	402616.7	NA	1.0848	NA	NA	NA	NA	NA	NA	NA	NA	NA	NA	4151471
1	213299992	249209945	NA	35909959	501452	2.0026975	499414	24212	69248.0	mappable	0.078725	4.0	edge	0.00017259693	3.809524e-05	0.00398440548	0.079688	0.0797261	213299992	213300059	249209945	249209945	0.15794271	1	401131.6	20.847182	0.9556932	NA	NA	0.0	1.001348736	1.00134874	1	1	1:1	2	neutral	4151471
2	20016	5608151	NA	5588137	91693	3.9892702	91149	4858	13425.0	mappable	0.38355	5.0	edge	0.304679726345	0.00018511662	0.55298539878	0.0892302	0.08941532	20016	20016	5608134	5608151	0.96016198	2	653776.5	45.056082	1.55323	20.09616	0.7448648	0.48972952	1.017803422	2.97146679	3	1	3:1	4	gain	4151471
2	5608152	5625414	ITX	17263	326	2.9711215	326	20	55.0	mappable	0.28666029	6.0	NA	0.207827427905	0.05	0.29784610352	0.14209192	0.19209192	5608152	5608201	5625377	5625414	NA	missing	514005.1	31.552739	1.2469833	NA	NA	NA	NA	NA	NA	NA	NA	NA	NA	4151471
2	5625415	5625654	DEL	240	3	3.3764461	1	0	0.0	mappable	NA	NA	NA	0.394721108424	0.5	0.41164610352	0.25294393	0.75294393	5625415	5625445	5625500	5625654	NA	missing	558581.2	NA	1.3689	NA	NA	NA	NA	NA	NA	NA	NA	NA	NA	4151471
2	5625655	40054163	ITX	34428516	517903	3.9892702	516315	22880	71539.0	mappable	0.38423269	5.0	NA	0.308795622279	4.086971e-05	0.59683619915	0.07988145	0.07992232	5625655	5625670	40049910	40054163	0.93363971	2	653776.5	45.056082	1.55323	20.09616	0.7448648	0.48972952	1.017803422	2.97146679	3	1	3:1	4	gain	4151471
2	40054164	40215812	INV	161649	3111	3.9892702	3103	90	395.0	mappable	0.42679921	5.0	NA	0.347624826095	0.01020408163	0.58124610352	0.1155902	0.12579428	40054164	40060071	40209963	40215812	0.98222405	2	653776.5	45.056082	1.55323	20.09616	0.7448648	0.48972952	1.017803422	2.97146679	3	1	3:1	4	gain	4151471
2	40215813	40399989	INV	184177	3627	3.9892702	3620	86	494.0	mappable	0.42805223	5.0	NA	0.347176508787	0.01075268817	0.56804610352	0.11434626	0.12509895	40215813	40220008	40399943	40399989	0.92610804	2	653776.5	45.056082	1.55323	20.09616	0.7448648	0.48972952	1.017803422	2.97146679	3	1	3:1	4	gain	4151471
2	40399990	40409911	NA	9922	167	4.4712379	167	0	22.0	mappable	NA	NA	NA	NA	inf	0.74094610352	0.15064307	inf	40399990	40400036	40409779	40409911	NA	missing	682852.2	NA	1.6982	NA	NA	NA	NA	NA	NA	NA	NA	NA	NA	4151471
2	40409912	70275097	NA	29865189	458576	3.9892702	457383	20689	61732.0	mappable	0.38510714	5.0	NA	0.30458724892	4.569966e-05	0.60392154946	0.08054136	0.08058706	40409912	40410044	70269891	70275097	0.95364913	2	653776.5	45.056082	1.55323	20.09616	0.7448648	0.48972952	1.017803422	2.97146679	3	1	3:1	4	gain	4151471
2	70275098	70275679	CTX	582	0	0.0	0	0	NA	mappable	NA	NA	NA	NA	inf	0.95725389648	0.21774928	inf	70275098	70275098	70275679	70275679	NA	missing	NA	NA	0.0	NA	NA	0.0	0.0	0.0	0	0	NA	0	homozygousDel	4151471
2	70275680	70800064	CTX	524385	6248	2.0026975	6239	180	897.0	mappable	0.08035	4.0	NA	0.003692133787	0.00529100529	0.01914610352	0.10526168	0.11055268	70275680	70280025	70799967	70800064	0.2146743	1	401131.6	20.847182	0.9556932	NA	NA	0.0	1.001348736	1.00134874	1	1	1:1	2	neutral	4151471
2	70800065	70819996	NA	19932	344	2.2660287	344	0	36.0	mappable	NA	NA	NA	NA	inf	0.07764610352	0.14002858	inf	70800065	70800162	70819946	70820046	NA	missing	424321.2	NA	1.0349	NA	NA	NA	NA	NA	NA	NA	NA	NA	NA	4151471
2	70819996	83310012	NA	12490017	180214	2.0026975	179832	6621	24016.0	mappable	0.078725	4.0	NA	0.000107866213	0.00014279594	0.00045389648	0.08483825	0.08498105	70819946	70820046	83309922	83310102	0.15427074	1	401131.6	20.847182	0.9556932	NA	NA	0.0	1.001348736	1.00134874	1	1	1:1	2	neutral	4151471
2	83310012	83340080	NA	30069	278	1.7151419	278	0	38.0	mappable	NA	NA	NA	NA	inf	0.08805389648	0.13444484	inf	83309922	83310102	83339970	83340080	NA	missing	354947.6	NA	0.8692	NA	NA	NA	NA	NA	NA	NA	NA	NA	NA	4151471
2	83340081	87059860	NA	3719780	48421	2.0026975	48317	1667	6693.0	mappable	0.07576786	4.0	NA	0.00306500907	0.00056465274	0.00614610352	0.09163053	0.09219518	83340081	83340191	87059860	87059860	0.11904359	1	401131.6	20.847182	0.9556932	NA	NA	0.0	1.001348736	1.00134874	1	1	1:1	2	neutral	4151471
2	88330099	89094923	NA	764825	9468	2.0026975	9432	207	1411.0	mappable	0.08171207	4.0	self	0.006131788959	0.00411522634	0.00224610352	0.10232916	0.10644439	88330099	88330099	89059837	89130009	0.17365308	1	401131.6	20.847182	0.9556932	NA	NA	0.0	1.001348736	1.00134874	1	1	1:1	2	neutral	4151471
2	89094923	89229990	NA	135068	2404	0.7536667	2403	37	282.0	mappable	0.116875	NA	NA	0.038042133787	0.02631578947	0.37725389648	0.11734798	0.14366377	89059837	89130009	89229990	89229990	0.09696353	1	239246.8	12.759831	0.58	NA	NA	0.0	0.376833333	0.37683333	sub	sub	sub:sub	sub	sub	4151471
2	89840102	90239998	NA	399897	914	1.8308381	907	0	103.0	mappable	NA	NA	NA	0.136139950982	0.14285714286	0.05325389648	0.10747332	0.25033047	89840102	89840102	90239998	90239998	NA	missing	551924.3	NA	0.904	NA	NA	NA	NA	NA	NA	NA	NA	NA	NA	4151471
2	95580145	96239991	NA	659847	4441	2.0026975	4429	162	682.0	mappable	0.07250697	4.0	NA	0.006325899	0.00574712644	0.00805389648	0.10345663	0.10920376	95580145	95580145	96239991	96239991	0.08158176	1	401131.6	20.847182	0.9556932	NA	NA	0.0	1.001348736	1.00134874	1	1	1:1	2	neutral	4151471
2	96239992	96740020	NA	500029	0	0.0	0	0	NA	mappable	NA	NA	NA	NA	inf	0.95725389648	0.10564318	inf	96239992	96239992	96740020	96740020	NA	missing	NA	NA	0.0	NA	NA	0.0	0.0	0.0	0	0	NA	0	homozygousDel	4151471
2	96740021	132189994	NA	35449980	448292	2.0026975	447059	20228	61753.0	mappable	0.08215	4.0	NA	0.001897940251	4.659615e-05	0.00429176421	0.0797471	0.0797937	96740021	96740021	132189994	132189994	0.1560873	1	401131.6	20.847182	0.9556932	NA	NA	0.0	1.001348736	1.00134874	1	1	1:1	2	neutral	4151471
2	132189995	133009999	NA	820005	0	0.0	0	0	NA	mappable	NA	NA	NA	NA	inf	0.95725389648	0.10180566	inf	132189995	132189995	133009999	133009999	NA	missing	NA	NA	0.0	NA	NA	0.0	0.0	0.0	0	0	NA	0	homozygousDel	4151471
2	133010000	133024996	NA	14997	1227	1.697189	1224	0	232.0	mappable	NA	NA	NA	0.770564588718	0.33333333333	0.09345389648	0.1441713	0.47750464	133010000	133010000	133019989	133024996	NA	missing	361928.6	NA	0.8638	NA	NA	NA	NA	NA	NA	NA	NA	NA	NA	4151471
2	133024997	146289954	NA	13264959	187596	2.0026975	187038	7771	25267.0	mappable	0.08215	4.0	self	0.003321939322	0.00012009127	0.00398922277	0.08452686	0.08464695	133024997	133030004	146289869	146289954	0.16279879	1	401131.6	20.847182	0.9556932	NA	NA	0.0	1.001348736	1.00134874	1	1	1:1	2	neutral	4151471
2	146289955	146300035	NA	10081	165	2.6280779	165	2	18.0	mappable	0.09662478	NA	identical	0.076377776803	0.5	0.18654610352	0.15038328	0.65038328	146289955	146290040	146299977	146300093	NA	missing	423640.0	22.544035	1.1438	NA	NA	NA	NA	NA	NA	NA	NA	NA	NA	4151471
2	146300035	153069996	NA	6769962	86560	2.0026975	86311	3250	11625.0	mappable	0.078725	4.0	NA	0.000107866213	0.00028579594	0.00904610352	0.08814177	0.08842757	146299977	146300093	153069970	153069996	0.13880843	1	401131.6	20.847182	0.9556932	NA	NA	0.0	1.001348736	1.00134874	1	1	1:1	2	neutral	4151471
2	153069997	153080029	NA	10033	119	1.7191314	119	0	20.0	mappable	NA	NA	NA	NA	inf	0.08685389648	0.15046118	inf	153069997	153070023	153079954	153080029	NA	missing	390191.1	NA	0.8704	NA	NA	NA	NA	NA	NA	NA	NA	NA	NA	4151471
2	153080030	180859987	NA	27779961	371044	2.0026975	369820	14368	49297.0	mappable	0.08088333	4.0	NA	0.003689272974	6.413957e-05	0.00338559264	0.08088147	0.08094561	153080030	153080105	180859946	180859987	0.15321267	1	401131.6	20.847182	0.9556932	NA	NA	0.0	1.001348736	1.00134874	1	1	1:1	2	neutral	4151471
2	180859988	180869946	NA	9959	131	2.4000102	131	0	16.0	mappable	NA	NA	NA	NA	inf	0.11794610352	0.15058217	inf	180859988	180860029	180869862	180870030	NA	missing	417903.3	NA	1.0752	NA	NA	NA	NA	NA	NA	NA	NA	NA	NA	4151471
2	180869946	223730006	NA	42860065	564905	2.0026975	563126	25419	74854.0	mappable	0.078725	4.0	NA	8.0556735e-05	3.676741e-05	0.0012947414	0.07888572	0.07892249	180869862	180870030	223729983	223730006	0.15417673	1	401131.6	20.847182	0.9556932	NA	NA	0.0	1.001348736	1.00134874	1	1	1:1	2	neutral	4151471
2	223730007	223740023	NA	10017	174	2.9937843	169	0	24.0	mappable	NA	NA	identical	0.043935468488	0.2	0.29654610352	0.15048725	0.35048725	223730007	223730030	223739993	223740053	NA	missing	577451.4	NA	1.2538	NA	NA	NA	NA	NA	NA	NA	NA	NA	NA	4151471
2	223740023	233113943	NA	9373921	131705	2.0026975	131228	6566	18077.0	mappable	0.07990909	4.0	self	0.000107866213	0.00014198495	0.00644610352	0.08635496	0.08649695	223739993	223740053	233113923	233113943	0.16820419	1	401131.6	20.847182	0.9556932	NA	NA	0.0	1.001348736	1.00134874	1	1	1:1	2	neutral	4151471
2	233113944	235495845	DEL	2381902	34134	1.0099936	33983	1780	4800.0	mappable	0.4726	NA	identical	0.393767133787	0.00051786639	0.30015389648	0.09441229	0.09493016	233113944	233114103	235495784	235495845	0.93639484	2	285304.2	20.749395	0.6571	20.72986	0.9915866	0.98317311	0.008497525	1.00149605	1	0	1:0	1	LOH	4151471
2	235495846	242999969	DEL	7504125	125989	2.0026975	125429	6219	18789.0	mappable	0.078725	4.0	edge	0.001306872414	0.00014751438	0.0245681763	0.08756854	0.08771605	235495846	235495915	242999969	242999969	0.15465969	1	401131.6	20.847182	0.9556932	NA	NA	0.0	1.001348736	1.00134874	1	1	1:1	2	neutral	4151471
3	100074	1360025	NA	1259952	23505	2.0026975	23436	1024	3088.0	mappable	0.07309891	4.0	edge	0.003532866213	0.00091491308	0.01714610352	0.09869263	0.09960754	100074	100074	1359948	1360025	0.17327048	1	401131.6	20.847182	0.9556932	NA	NA	0.0	1.001348736	1.00134874	1	1	1:1	2	neutral	4151471
3	1360026	1370036	NA	10011	198	2.6071329	173	0	18.0	mappable	NA	NA	identical	0.005381395625	0.04	0.18024610352	0.15049703	0.19049703	1360026	1360103	1369954	1370036	NA	missing	422682.0	NA	1.1375	NA	NA	NA	NA	NA	NA	NA	NA	NA	NA	4151471
3	1370037	48535009	NA	47164977	690595	2.0026975	688358	33506	93126.0	mappable	0.078725	4.0	NA	6.3138657e-05	2.797829e-05	0.0024111761	0.07845841	0.07848639	1370037	1370119	48519992	48535009	0.1546693	1	401131.6	20.847182	0.9556932	NA	NA	0.0	1.001348736	1.00134874	1	1	1:1	2	neutral	4151471
3	48535010	48580007	NA	44998	242	2.2710156	242	0	41.0	mappable	NA	NA	NA	NA	inf	0.07914610352	0.12938642	inf	48535010	48550027	48579962	48580052	NA	missing	452493.4	NA	1.0364	NA	NA	NA	NA	NA	NA	NA	NA	NA	NA	4151471
3	48580007	58870033	NA	10290028	123831	2.0026975	123391	5833	17687.0	mappable	0.07679722	4.0	NA	0.000711791129	0.00015941336	0.00356848079	0.08585628	0.08601569	48579962	48580052	58869940	58870126	0.14916207	1	401131.6	20.847182	0.9556932	NA	NA	0.0	1.001348736	1.00134874	1	1	1:1	2	neutral	4151471
3	58870033	58880066	NA	10034	100	1.3843439	99	0	20.0	mappable	NA	NA	identical	0.043118353299	1.0	0.18755389648	0.15045955	1.15045955	58869940	58870126	58879914	58880066	NA	missing	358082.0	NA	0.7697	NA	NA	NA	NA	NA	NA	NA	NA	NA	NA	4151471
3	58880067	75519996	NA	16639930	256272	2.0026975	255506	12719	34760.0	mappable	0.08255385	4.0	self	0.003527247555	7.415647e-05	0.00626609719	0.08337451	0.08344867	58880067	58880219	75279989	75760003	0.15170244	1	401131.6	20.847182	0.9556932	NA	NA	0.0	1.001348736	1.00134874	1	1	1:1	2	neutral	4151471
3	75519996	75865031	NA	345036	3498	2.7311406	3463	0	237.0	mappable	NA	NA	identical	0.132511728382	0.02857142857	0.21754610352	0.108717	0.13728843	75279989	75760003	75799981	75930081	NA	missing	212200.5	NA	1.1748	NA	NA	NA	NA	NA	NA	NA	NA	NA	NA	4151471
3	75865031	90499969	NA	14634939	206735	2.0026975	206118	9217	26586.0	mappable	0.08215	4.0	self	0.001163433895	0.00010168802	0.00436839427	0.08402333	0.08412502	75799981	75930081	90499969	90499969	0.13491051	1	401131.6	20.847182	0.9556932	NA	NA	0.0	1.001348736	1.00134874	1	1	1:1	2	neutral	4151471
3	93570175	120739984	NA	27169811	379171	2.0026975	377809	21004	49071.0	mappable	0.078725	4.0	self	3.3536802e-05	4.471272e-05	0.0040592137	0.08098641	0.08103112	93570175	93570175	120739940	120740028	0.15292268	1	401131.6	20.847182	0.9556932	NA	NA	0.0	1.001348736	1.00134874	1	1	1:1	2	neutral	4151471
3	120739984	120759981	NA	19998	342	2.5689	341	23	27.0	mappable	0.179375	NA	identical	0.097303244898	0.04166666667	0.16874610352	0.13998183	0.1816485	120739940	120740028	120759945	120760017	NA	missing	402053.2	20.530378	1.126	NA	NA	NA	NA	NA	NA	NA	NA	NA	NA	4151471
3	120759981	177085085	NA	56325111	751755	2.0026975	749391	35386	101435.0	mappable	0.078725	4.0	self	0.000340783984	2.649287e-05	4.433885e-05	0.07767812	0.07770462	120759945	120760017	177079918	177090252	0.14837145	1	401131.6	20.847182	0.9556932	NA	NA	0.0	1.001348736	1.00134874	1	1	1:1	2	neutral	4151471
3	177085085	177110034	NA	24950	177	2.6071329	176	7	25.0	mappable	0.17786983	NA	identical	0.099665960766	0.125	0.18024610352	0.13692298	0.26192298	177079918	177090252	177099975	177120093	NA	missing	412648.0	24.383745	1.1375	NA	NA	NA	NA	NA	NA	NA	NA	NA	NA	4151471
3	177110034	195939957	NA	18829928	265187	2.0026975	264118	12487	36617.0	mappable	0.078725	4.0	NA	0.000133381559	7.376807e-05	0.00710959192	0.08275911	0.08283288	177099975	177120093	195939902	195940012	0.16469375	1	401131.6	20.847182	0.9556932	NA	NA	0.0	1.001348736	1.00134874	1	1	1:1	2	neutral	4151471
3	195939957	195960006	NA	20050	381	2.3544631	381	0	71.0	mappable	NA	NA	NA	NA	inf	0.10424610352	0.13994514	inf	195939902	195940012	195959992	195960020	NA	missing	444017.4	NA	1.0615	NA	NA	NA	NA	NA	NA	NA	NA	NA	NA	4151471
3	195960006	197779892	NA	1819887	21619	2.0026975	21524	831	3221.0	mappable	0.07205	4.0	edge	0.006957866213	0.00107991361	0.01514610352	0.09617503	0.09725495	195959992	195960020	197779892	197779892	0.16016523	1	401131.6	20.847182	0.9556932	NA	NA	0.0	1.001348736	1.00134874	1	1	1:1	2	neutral	4151471
4	50084	8859996	NA	8809914	144189	2.0026975	143277	6580	21506.0	mappable	0.0753	4.0	edge	0.004065606601	0.00013349353	0.01864956051	0.08669006	0.08682355	50084	50084	8859982	8860010	0.15079217	1	401131.6	20.847182	0.9556932	NA	NA	0.0	1.001348736	1.00134874	1	1	1:1	2	neutral	4151471
4	8859996	8889989	NA	29994	521	1.7825978	521	3	95.0	mappable	0.11897654	2.0	NA	0.040143669414	0.33333333333	0.10125389648	0.13447741	0.46781074	8859982	8860010	8889942	8889989	NA	missing	385424.1	20.810048	0.8894899	NA	NA	NA	NA	NA	NA	NA	NA	NA	NA	4151471
4	8889990	8939952	NA	49963	982	2.0399556	982	46	152.0	mappable	0.13869545	NA	NA	0.059862588332	0.02173913043	0.00964610352	0.12813472	0.14987385	8889990	8890037	8939952	8939952	0.02773647	1	409550.4	20.477519	0.9669	NA	NA	0.0	1.019977817	1.01997782	1	1	1:1	2	neutral	4151471
4	9800043	15630061	NA	5830019	98150	2.0026975	97803	5975	12718.0	mappable	0.078725	4.0	self	0.000107866213	0.00015817779	0.00735389648	0.08898749	0.08914567	9800043	9800043	15629983	15630061	0.13190764	1	401131.6	20.847182	0.9556932	NA	NA	0.0	1.001348736	1.00134874	1	1	1:1	2	neutral	4151471
4	15630062	15640066	NA	10005	167	2.2380741	164	14	20.0	mappable	0.07969444	9.0	NA	0.011355088435	0.05882352941	0.09764610352	0.15050683	0.20933036	15630062	15630140	15639964	15640168	NA	missing	490282.0	25.705741	1.0264916	NA	NA	NA	NA	NA	NA	NA	NA	NA	NA	4151471
4	15640066	15669989	NA	29924	398	1.7825978	398	42	58.0	mappable	0.10730882	2.0	NA	0.028475957316	0.02380952381	0.06145389648	0.1345079	0.15831742	15639964	15640168	15669952	15669989	0.20587698	1	385424.1	20.810048	0.8894899	NA	NA	0.0	0.891298885	0.89129889	1	1	1:1	2	neutral	4151471
4	15669990	48939995	NA	33270011	497978	2.0026975	496269	25449	65274.0	mappable	0.08215	4.0	NA	0.003275033125	3.682292e-05	0.00157846403	0.08003932	0.08007614	15669990	15670027	48939966	48939995	0.15452327	1	401131.6	20.847182	0.9556932	NA	NA	0.0	1.001348736	1.00134874	1	1	1:1	2	neutral	4151471
4	48939996	48959932	NA	19937	288	2.371751	288	0	50.0	mappable	NA	NA	NA	NA	inf	0.10944610352	0.14002503	inf	48939996	48940025	48959838	48959932	NA	missing	404901.7	NA	1.0667	NA	NA	NA	NA	NA	NA	NA	NA	NA	NA	4151471
4	48959933	49089961	NA	130029	1562	2.0026975	1562	6	220.0	mappable	0.07549924	4.0	NA	0.003333623789	0.16666666667	0.00344610352	0.11772688	0.28439355	48959933	48960027	49089961	49089961	NA	missing	401131.6	20.847182	0.9556932	NA	NA	NA	NA	NA	NA	NA	NA	NA	NA	4151471
4	52680564	57599917	NA	4919354	65428	2.0026975	65211	2911	8754.0	mappable	0.0817	4.0	self	0.002374276644	0.00031969309	0.00154610352	0.08996836	0.09028805	52680564	52680564	57599785	57599917	0.15403503	1	401131.6	20.847182	0.9556932	NA	NA	0.0	1.001348736	1.00134874	1	1	1:1	2	neutral	4151471
4	57599918	57650011	NA	50094	640	2.3117569	637	38	87.0	mappable	0.12110328	7.0	identical	0.025206527726	0.0243902439	0.13354610352	0.12810371	0.15249396	57599918	57600050	57649923	57650099	0.33761468	2	557936.9	30.908782	1.0486545	25.40226	0.5814124	0.16282489	0.967672665	1.34408424	sub	1	sub:1	sub	sub	4151471
4	57650011	71739995	NA	14089986	209799	2.0026975	209091	10656	26597.0	mappable	0.078725	4.0	self	9.778365e-06	8.800493e-05	0.00360462668	0.08421703	0.08430503	57649923	57650099	71739987	71740003	0.16909904	1	401131.6	20.847182	0.9556932	NA	NA	0.0	1.001348736	1.00134874	1	1	1:1	2	neutral	4151471
4	71739995	71789951	NA	49957	514	2.5532744	514	1	82.0	mappable	0.07407407	NA	identical	0.004758792139	1.0	0.16404610352	0.12813614	1.12813614	71739987	71740003	71779894	71789951	NA	missing	456707.4	24.526878	1.1213	NA	NA	NA	NA	NA	NA	NA	NA	NA	NA	4151471
4	71789952	113584963	NA	41795019	549392	2.0026975	547762	24930	71981.0	mappable	0.078725	4.0	self	0.001207921506	3.765344e-05	0.00247156494	0.07899884	0.07903649	71789952	71800009	113579927	113584963	0.15510094	1	401131.6	20.847182	0.9556932	NA	NA	0.0	1.001348736	1.00134874	1	1	1:1	2	neutral	4151471
4	113584964	113620033	NA	35070	249	1.7151419	248	2	31.0	mappable	0.28333333	NA	identical	0.709863625015	0.33333333333	0.08805389648	0.13246832	0.46580165	113584964	113590000	113619997	113620069	NA	missing	378585.8	24.292589	0.8692	NA	NA	NA	NA	NA	NA	NA	NA	NA	NA	4151471
4	113620033	173869969	NA	60249944	820246	2.0026975	817866	37776	107169.0	mappable	0.078725	4.0	NA	0.000965883086	2.49035e-05	0.00594263681	0.07738603	0.07741094	113619997	113620069	173869933	173869969	0.15024573	1	401131.6	20.847182	0.9556932	NA	NA	0.0	1.001348736	1.00134874	1	1	1:1	2	neutral	4151471
4	173869970	173890070	NA	20101	337	1.4997076	337	0	50.0	mappable	NA	NA	NA	NA	inf	0.15285389648	0.13990926	inf	173869970	173870006	173889842	173890070	NA	missing	371017.2	NA	0.8044	NA	NA	NA	NA	NA	NA	NA	NA	NA	NA	4151471
4	173890071	185208219	NA	11318150	177791	2.0026975	177142	9076	23508.0	mappable	0.08215	4.0	NA	0.003255899526	0.00010282776	0.00844664133	0.08535287	0.0854557	173890071	173890299	185208118	185208219	0.17015354	1	401131.6	20.847182	0.9556932	NA	NA	0.0	1.001348736	1.00134874	1	1	1:1	2	neutral	4151471
4	185208220	185885411	DEL	677192	10281	1.0468967	10253	297	1479.0	mappable	0.56363269	NA	identical	0.466792133787	0.00307692308	0.28905389648	0.10325669	0.10633361	185208220	185208314	185885386	185885411	0.94631659	2	288314.7	21.310214	0.6682	20.6006	1.0074314	1.0	0.0	1.04689667	1	0	1:0	1	LOH	4151471
4	185885412	190799944	DEL	4914536	85691	2.0026975	84801	4725	12496.0	mappable	0.08099762	4.0	edge	0.002943786129	0.00017809439	0.02129787426	0.08997408	0.09015218	185885412	185885421	190799944	190799944	0.18151951	1	401131.6	20.847182	0.9556932	NA	NA	0.0	1.001348736	1.00134874	1	1	1:1	2	neutral	4151471
5	50017	45340015	NA	45290003	670308	2.0026975	667866	32890	90132.0	mappable	0.078725	4.0	edge	0.000416953794	2.830616e-05	0.01058688326	0.07863895	0.07866726	50017	50017	45339988	45340042	0.16376562	1	401131.6	20.847182	0.9556932	NA	NA	0.0	1.001348736	1.00134874	1	1	1:1	2	neutral	4151471
5	45340015	45359951	NA	19937	291	1.7513801	291	0	32.0	mappable	NA	NA	NA	NA	inf	0.07715389648	0.14002503	inf	45339988	45340042	45359844	45360058	NA	missing	368757.2	NA	0.8801	NA	NA	NA	NA	NA	NA	NA	NA	NA	NA	4151471
5	45359951	46399990	NA	1040040	18380	2.0026975	18357	29	2356.0	mappable	0.09448088	4.0	NA	0.004332250066	0.01923076923	0.01984610352	0.100059	0.11928977	45359844	45360058	46399990	46399990	NA	missing	401131.6	20.847182	0.9556932	NA	NA	NA	NA	NA	NA	NA	NA	NA	NA	4151471
5	49470005	68829703	NA	19359702	256554	2.0026975	255801	12358	34036.0	mappable	0.078725	4.0	self	0.002117486124	7.627183e-05	0.00569980722	0.08262225	0.08269853	49470005	49470005	68829703	68829703	0.14442562	1	401131.6	20.847182	0.9556932	NA	NA	0.0	1.001348736	1.00134874	1	1	1:1	2	neutral	4151471
5	70750153	180689979	NA	109939838	1529886	2.0026975	1525524	68713	205548.0	mappable	0.078725	4.0	edge	3.0284203e-05	1.368495e-05	0.00016979979	0.07487233	0.07488601	70750153	70750153	180689979	180689979	0.14487087	1	401131.6	20.847182	0.9556932	NA	NA	0.0	1.001348736	1.00134874	1	1	1:1	2	neutral	4151471
6	202331	32349991	NA	32147664	478743	2.0026975	476383	26404	66103.0	mappable	0.078725	4.0	edge	9.6727499e-05	3.476931e-05	0.00030486245	0.08019822	0.08023299	202331	202331	32349946	32350036	0.16744162	1	401131.6	20.847182	0.9556932	NA	NA	0.0	1.001348736	1.00134874	1	1	1:1	2	neutral	4151471
6	32349991	32380003	NA	30013	1084	1.8114969	1072	18	144.0	mappable	0.04006667	3.0	NA	0.079042133787	0.03333333333	0.04865389648	0.13446915	0.16780248	32349946	32350036	32379989	32380003	NA	missing	842782.0	42.629091	0.8981824	NA	NA	NA	NA	NA	NA	NA	NA	NA	NA	4151471
6	32380004	32509998	NA	129995	2354	2.2380741	2323	310	225.0	mappable	0.079775	9.0	NA	0.000942133787	0.00293255132	0.05764610352	0.11772949	0.12066204	32380004	32380018	32509985	32509998	0.164008	1	490282.0	25.705741	1.0264916	NA	NA	0.0	1.119037029	1.11903703	1	1	1:1	2	neutral	4151471
6	32509999	58019982	NA	25509986	376057	2.0026975	372125	18918	50975.0	mappable	0.078725	4.0	self	0.000340145104	4.377325e-05	0.0076300993	0.08128575	0.08132952	32509999	32510012	58019982	58019982	0.17112023	1	401131.6	20.847182	0.9556932	NA	NA	0.0	1.001348736	1.00134874	1	1	1:1	2	neutral	4151471
6	58610011	58769997	NA	159987	572	2.0026975	571	30	62.0	mappable	0.047925	4.0	self	0.027057866213	0.03225806452	0.02744610352	0.11568989	0.14794796	58610011	58610011	58769997	58769997	NA	missing	401131.6	20.847182	0.9556932	NA	NA	NA	NA	NA	NA	NA	NA	NA	NA	4151471
6	61890002	62929994	NA	1039993	14113	2.0026975	14050	705	1717.0	mappable	0.08118816	4.0	NA	0.002391171768	0.00130208333	0.00533503571	0.10005932	0.10136141	61890002	61890002	62929957	62930031	0.15447805	1	401131.6	20.847182	0.9556932	NA	NA	0.0	1.001348736	1.00134874	1	1	1:1	2	neutral	4151471
6	62929994	62940038	NA	10045	192	1.5957887	192	0	25.0	mappable	NA	NA	NA	NA	inf	0.12395389648	0.15044166	inf	62929957	62930031	62939948	62940038	NA	missing	349176.7	NA	0.8333	NA	NA	NA	NA	NA	NA	NA	NA	NA	NA	4151471
6	62940039	63040092	NA	100054	1253	2.0406206	1252	3	158.0	mappable	0.1467	NA	NA	0.209158800454	0.25	0.00984610352	0.12040635	0.37040635	62940039	62940129	63039986	63040198	NA	missing	374936.8	21.303228	0.9671	NA	NA	NA	NA	NA	NA	NA	NA	NA	NA	4151471
6	63040092	63059978	NA	19887	384	1.7825978	383	3	54.0	mappable	0.1523	2.0	NA	0.052667133787	0.25	0.08805389648	0.14006055	0.39006055	63039986	63040198	63059896	63060060	NA	missing	385424.1	20.810048	0.8894899	NA	NA	NA	NA	NA	NA	NA	NA	NA	NA	4151471
6	63059978	78969997	NA	15910023	228295	2.0026975	227632	9726	29380.0	mappable	0.0817	4.0	NA	0.001346278984	9.625566e-05	0.00311480101	0.08360004	0.0836963	63059896	63060060	78969971	78970023	0.14659049	1	401131.6	20.847182	0.9556932	NA	NA	0.0	1.001348736	1.00134874	1	1	1:1	2	neutral	4151471
6	78969997	79009977	NA	39981	572	2.2184868	572	0	48.0	mappable	NA	NA	NA	NA	inf	0.06334610352	0.13082989	inf	78969971	78970023	79009946	79009977	NA	missing	208468.3	NA	1.0206	NA	NA	NA	NA	NA	NA	NA	NA	NA	NA	4151471
6	79009978	170899935	NA	91889969	1293532	2.0026975	1289126	65228	173183.0	mappable	0.078725	4.0	edge	0.000485205715	1.436101e-05	0.00332804726	0.07560464	0.075619	79009978	79010009	170899935	170899935	0.14898083	1	401131.6	20.847182	0.9556932	NA	NA	0.0	1.001348736	1.00134874	1	1	1:1	2	neutral	4151471
7	40386	55349813	NA	55309437	839409	2.0026975	836792	40924	113946.0	mappable	0.078725	4.0	edge	0.000188499156	2.296791e-05	0.00068745092	0.07775741	0.07778037	40386	40386	55349581	55349813	0.15213981	1	401131.6	20.847182	0.9556932	NA	NA	0.0	1.001348736	1.00134874	1	1	1:1	2	neutral	4151471
7	55349814	55365057	NA	15244	144	2.6503528	143	13	16.0	mappable	0.1178	NA	identical	0.046267133787	0.07142857143	0.19324610352	0.14392679	0.21535536	55349814	55350046	55359969	55365057	NA	missing	450823.3	24.368827	1.1505	NA	NA	NA	NA	NA	NA	NA	NA	NA	NA	4151471
7	55365058	57999988	NA	2634931	15271	2.0026975	15218	898	2041.0	mappable	0.08233622	4.0	self	0.003503358277	0.00105152471	0.01135389648	0.09376758	0.0948191	55365058	55370146	57999988	57999988	0.15176494	1	401131.6	20.847182	0.9556932	NA	NA	0.0	1.001348736	1.00134874	1	1	1:1	2	neutral	4151471
7	61835088	61995003	NA	159916	2269	2.2380741	2103	0	214.0	mappable	NA	9.0	NA	0.002803109397	0.00602409639	0.08064610352	0.11569418	0.12171827	61835088	61870177	61989979	62000027	NA	missing	490282.0	NA	1.0264916	NA	NA	NA	NA	NA	NA	NA	NA	NA	NA	4151471
7	61995003	72229988	NA	10234986	106595	2.0026975	106074	5052	15115.0	mappable	0.078725	4.0	self	0.000107866213	0.00017943657	0.00085389648	0.08588481	0.08606424	61989979	62000027	72229988	72229988	0.18110367	1	401131.6	20.847182	0.9556932	NA	NA	0.0	1.001348736	1.00134874	1	1	1:1	2	neutral	4151471
7	72750118	74139961	NA	1389844	10252	2.0026975	10196	336	1638.0	mappable	0.07973333	4.0	self	0.006917133787	0.00255102041	0.00084610352	0.09800803	0.10055905	72750118	72750118	74139961	74139961	0.22082949	1	401131.6	20.847182	0.9556932	NA	NA	0.0	1.001348736	1.00134874	1	1	1:1	2	neutral	4151471
7	75160045	76059952	NA	899908	8423	2.0026975	8387	355	1298.0	mappable	0.078725	4.0	self	0.003317133787	0.00255754476	0.02084610352	0.10111521	0.10367275	75160045	75160045	76059952	76059952	0.1992064	1	401131.6	20.847182	0.9556932	NA	NA	0.0	1.001348736	1.00134874	1	1	1:1	2	neutral	4151471
7	76810004	106624961	NA	29814958	382007	2.0026975	380674	16932	51228.0	mappable	0.078725	4.0	NA	0.000107866213	5.475552e-05	0.00105389648	0.08054924	0.080604	76810004	76810004	106619902	106630020	0.1646026	1	401131.6	20.847182	0.9556932	NA	NA	0.0	1.001348736	1.00134874	1	1	1:1	2	neutral	4151471
7	106624961	106645048	NA	20088	158	2.3943583	158	0	19.0	mappable	NA	NA	NA	NA	inf	0.11624610352	0.13991839	inf	106619902	106630020	106639985	106650111	NA	missing	427278.0	NA	1.0735	NA	NA	NA	NA	NA	NA	NA	NA	NA	NA	4151471
7	106645048	107409919	NA	764872	10175	2.0026975	10144	461	1335.0	mappable	0.07535	4.0	NA	0.003482866213	0.00203252033	0.00984610352	0.1023287	0.10436122	106639985	106650111	107409819	107410019	0.16001061	1	401131.6	20.847182	0.9556932	NA	NA	0.0	1.001348736	1.00134874	1	1	1:1	2	neutral	4151471
7	107409919	107419948	NA	10030	141	0.830465	141	3	19.0	mappable	0.06854103	NA	identical	0.010291840572	0.33333333333	0.35415389648	0.15046606	0.48379939	107409819	107410019	107419891	107420005	NA	missing	426336.7	22.382677	0.6031	NA	NA	NA	NA	NA	NA	NA	NA	NA	NA	4151471
7	107419948	110705081	NA	3285134	46986	2.0026975	46870	2129	6041.0	mappable	0.085575	4.0	NA	0.006742133787	0.0004454343	0.00175389648	0.09238933	0.09283477	107419891	107420005	110705061	110705081	0.14222035	1	401131.6	20.847182	0.9556932	NA	NA	0.0	1.001348736	1.00134874	1	1	1:1	2	neutral	4151471
7	110705082	110706347	DEL	1266	26	1.6207232	26	0	5.0	mappable	NA	NA	NA	NA	inf	0.11645389648	0.19406055	inf	110705082	110705104	110706346	110706347	NA	missing	378465.7	NA	0.8408	NA	NA	NA	NA	NA	NA	NA	NA	NA	NA	4151471
7	110706348	152134990	DEL	41428645	539854	2.0026975	537867	26567	72853.0	mappable	0.078725	4.0	NA	0.00071907715	3.502136e-05	0.00189173264	0.0790385	0.07907352	110706348	110706380	152109975	152160005	0.16177266	1	401131.6	20.847182	0.9556932	NA	NA	0.0	1.001348736	1.00134874	1	1	1:1	2	neutral	4151471
7	152134990	152170082	NA	35093	158	2.4977535	158	9	23.0	mappable	0.16411786	NA	identical	0.08528499093	0.11111111111	0.14734610352	0.13246002	0.24357113	152109975	152160005	152169917	152170082	NA	missing	437846.0	25.209315	1.1046	NA	NA	NA	NA	NA	NA	NA	NA	NA	NA	4151471
7	152170083	159119808	NA	6949728	109513	2.0026975	108739	5509	16406.0	mappable	0.0753	4.0	edge	0.002111487179	0.00015915964	0.02793881334	0.08799515	0.08815431	152170083	152170248	159119808	159119808	0.17652585	1	401131.6	20.847182	0.9556932	NA	NA	0.0	1.001348736	1.00134874	1	1	1:1	2	neutral	4151471
8	170012	779988	NA	609977	11553	1.8252996	11503	727	1745.0	mappable	0.08472778	11.0	edge	0.003317133787	0.00128700129	0.05405389648	0.10406696	0.10535396	170012	170012	779935	779988	0.14185942	1	397578.3	20.818957	0.9023341	NA	NA	0.0	0.912649819	0.91264982	1	1	1:1	2	neutral	4151471
8	779989	1039983	NA	259997	5393	2.0026975	5358	169	935.0	mappable	0.11811944	4.0	NA	0.029004838035	0.00490196078	0.04402246685	0.1111844	0.11608636	779989	780042	1039937	1039983	0.21507266	1	401131.6	20.847182	0.9556932	NA	NA	0.0	1.001348736	1.00134874	1	1	1:1	2	neutral	4151471
8	1039984	1055040	NA	15057	303	1.5964536	303	0	67.0	mappable	NA	NA	NA	NA	inf	0.12375389648	0.14411146	inf	1039984	1040030	1049992	1060088	NA	missing	398753.3	NA	0.8335	NA	NA	NA	NA	NA	NA	NA	NA	NA	NA	4151471
8	1055040	1209993	NA	154954	4717	1.7825978	4662	272	718.0	mappable	0.10726176	2.0	NA	0.020442133787	0.00308641975	0.06195389648	0.11599932	0.11908574	1049992	1060088	1209983	1210003	0.32613321	2	385424.1	20.810048	0.8894899	20.68795	0.5662343	0.13246859	0.773229777	1.00936799	1	1	1:1	2	mixDH	4151471
8	1209993	1230043	NA	20051	567	2.0026975	566	26	63.0	mappable	0.04332419	4.0	self	0.035508672665	0.03703703704	0.00125389648	0.13994443	0.17698147	1209983	1210003	1229969	1230117	NA	missing	401131.6	20.847182	0.9556932	NA	NA	NA	NA	NA	NA	NA	NA	NA	NA	4151471
8	1230043	2239976	NA	1009934	24544	1.8252996	24178	1305	3791.0	mappable	0.078725	11.0	NA	0.003317133787	0.00059844405	0.05335389648	0.10027159	0.10087003	1229969	1230117	2239951	2239976	0.17119606	1	397578.3	20.818957	0.9023341	NA	NA	0.0	0.912649819	0.91264982	1	1	1:1	2	neutral	4151471
8	2239977	2285001	NA	45025	712	2.3117569	704	3	80.0	mappable	0.51593734	7.0	NA	0.053770413419	0.09090909091	0.04284610352	0.12937917	0.22028826	2239977	2240002	2279977	2290025	NA	missing	557936.9	30.908782	1.0486545	NA	NA	NA	NA	NA	NA	NA	NA	NA	NA	4151471
8	2285001	6919904	NA	4634910	145884	2.0026975	145404	8966	19213.0	mappable	0.08215	4.0	self	0.003285223484	0.00010586492	0.00680482736	0.09031747	0.09042334	2279977	2290025	6919904	6919904	0.17344135	1	401131.6	20.847182	0.9556932	NA	NA	0.0	1.001348736	1.00134874	1	1	1:1	2	neutral	4151471
8	8100000	11859985	NA	3759987	79377	2.0026975	79176	4130	10924.0	mappable	0.08215	4.0	self	0.002429812667	0.00023089356	0.00433702658	0.09156546	0.09179636	8100000	8100000	11859985	11859985	0.14137421	1	401131.6	20.847182	0.9556932	NA	NA	0.0	1.001348736	1.00134874	1	1	1:1	2	neutral	4151471
8	12580042	20300024	NA	7719984	175024	2.0026975	174562	8434	22780.0	mappable	0.08215	4.0	self	0.003089990769	0.00011241007	0.0122577051	0.08741195	0.08752436	12580042	12580042	20299974	20300074	0.15316116	1	401131.6	20.847182	0.9556932	NA	NA	0.0	1.001348736	1.00134874	1	1	1:1	2	neutral	4151471
8	20300024	20309987	NA	9964	233	2.6679732	233	33	29.0	mappable	0.059725	NA	identical	0.019107866213	0.0303030303	0.19854610352	0.15057396	0.18087699	20299974	20300074	20309971	20309987	0.3307801	2	484783.0	25.78633	1.1558	20.02554	0.5459658	0.09193152	1.211351172	1.456622	sub	1	sub:1	sub	sub	4151471
8	20309988	43789991	NA	23480011	345436	2.0026975	344306	12862	48230.0	mappable	0.078725	4.0	self	0.001342212677	7.146941e-05	0.00063826927	0.0816829	0.08175437	20309988	20310004	43789991	43789991	0.16002636	1	401131.6	20.847182	0.9556932	NA	NA	0.0	1.001348736	1.00134874	1	1	1:1	2	neutral	4151471
8	46880007	52140009	NA	5260003	70665	2.0026975	70511	3061	9526.0	mappable	0.0753	4.0	NA	0.003532866213	0.00031104199	0.00094610352	0.08957912	0.08989016	46880007	46880007	52139993	52140025	0.12023722	1	401131.6	20.847182	0.9556932	NA	NA	0.0	1.001348736	1.00134874	1	1	1:1	2	neutral	4151471
8	52140009	52150008	NA	10000	194	1.6895425	194	0	25.0	mappable	NA	NA	NA	NA	inf	0.09575389648	0.150515	inf	52139993	52140025	52149960	52150056	NA	missing	373168.8	NA	0.8615	NA	NA	NA	NA	NA	NA	NA	NA	NA	NA	4151471
8	52150008	67110053	NA	14960050	209381	2.0026975	208735	10411	27937.0	mappable	0.08051324	4.0	NA	0.001730930214	9.044044e-05	0.00880703646	0.08391158	0.08400202	52149960	52150056	67109996	67110053	0.15648128	1	401131.6	20.847182	0.9556932	NA	NA	0.0	1.001348736	1.00134874	1	1	1:1	2	neutral	4151471
8	67110054	67119885	NA	9832	147	2.5303346	146	0	20.0	mappable	NA	NA	identical	0.138558438135	1.0	0.15714610352	0.15079239	1.15079239	67110054	67110111	67119723	67120047	NA	missing	447026.0	NA	1.1144	NA	NA	NA	NA	NA	NA	NA	NA	NA	NA	4151471
8	67119885	71590053	NA	4470169	58176	2.0026975	58005	2486	7899.0	mappable	0.08274167	4.0	self	0.003317133787	0.00037636432	0.01314610352	0.09053093	0.09090729	67119723	67120047	71589844	71590262	0.15887748	1	401131.6	20.847182	0.9556932	NA	NA	0.0	1.001348736	1.00134874	1	1	1:1	2	neutral	4151471
8	71590053	71609714	NA	19662	252	2.519031	246	34	30.0	mappable	0.23348333	NA	identical	0.066767133787	0.025	0.15374610352	0.14022175	0.16522175	71589844	71590262	71609402	71609714	0.22311614	1	423134.6	21.989289	1.111	NA	NA	0.0	1.259515476	1.25951548	1	1	1:1	2	neutral	4151471
8	71609715	146199987	NA	74590284	1048415	2.0026975	1044638	50841	140725.0	mappable	0.078725	4.0	self	0.001057659041	1.830932e-05	0.00192424305	0.07647457	0.07649288	71609715	71610027	146199946	146200028	0.15540037	1	401131.6	20.847182	0.9556932	NA	NA	0.0	1.001348736	1.00134874	1	1	1:1	2	neutral	4151471
8	146199987	146214955	NA	14969	164	2.2380741	163	0	20.0	mappable	NA	9.0	NA	0.00190978929	1.0	0.10204610352	0.14419933	1.14419933	146199946	146200028	146209899	146220011	NA	missing	490282.0	NA	1.0264916	NA	NA	NA	NA	NA	NA	NA	NA	NA	NA	4151471
8	146214955	146289988	NA	75034	798	1.9422123	798	2	123.0	mappable	0.08545577	NA	edge	0.059628672249	0.5	0.01975389648	0.12349295	0.62349295	146209899	146220011	146289988	146289988	NA	missing	413664.7	23.54707	0.9375	NA	NA	NA	NA	NA	NA	NA	NA	NA	NA	4151471
9	200101	4339977	NA	4139877	86040	2.0026975	85842	3530	11771.0	mappable	0.0764	4.0	edge	0.000107866213	0.00026824034	0.00494610352	0.09098702	0.09125526	200101	200101	4339873	4340081	0.14701239	1	401131.6	20.847182	0.9556932	NA	NA	0.0	1.001348736	1.00134874	1	1	1:1	2	neutral	4151471
9	4339977	4349983	NA	10007	235	2.2380741	235	12	23.0	mappable	0.08091101	9.0	NA	0.002078142357	0.08333333333	0.10434610352	0.15050356	0.2338369	4339873	4340081	4349954	4350012	NA	missing	490282.0	25.705741	1.0264916	NA	NA	NA	NA	NA	NA	NA	NA	NA	NA	4151471
9	4349983	4370010	NA	20028	520	1.8252996	520	15	79.0	mappable	0.07072143	11.0	NA	0.008111437642	0.06666666667	0.07925389648	0.13996065	0.20662732	4349954	4350012	4369996	4370010	NA	missing	397578.3	20.818957	0.9023341	NA	NA	NA	NA	NA	NA	NA	NA	NA	NA	4151471
9	4370011	35689839	NA	31319837	519989	2.0026975	518576	24169	67849.0	mappable	0.078725	4.0	self	0.001804352331	3.909151e-05	0.00153658928	0.08031944	0.08035853	4370011	4370025	35689797	35689839	0.15122753	1	401131.6	20.847182	0.9556932	NA	NA	0.0	1.001348736	1.00134874	1	1	1:1	2	neutral	4151471
9	35689840	35690028	CTX	189	5	1.9455369	2	0	0.0	mappable	NA	NA	identical	0.19086746675	0.33333333333	0.01875389648	0.26447182	0.59780515	35689840	35689880	35689967	35690028	NA	missing	432040.0	NA	0.9385	NA	NA	NA	NA	NA	NA	NA	NA	NA	NA	4151471
9	35690029	38769828	CTX	3079800	38422	2.0026975	38277	1682	5657.0	mappable	0.078725	4.0	self	0.000107866213	0.00054734537	0.00055389648	0.09278846	0.0933358	35690029	35690058	38769828	38769828	0.14554394	1	401131.6	20.847182	0.9556932	NA	NA	0.0	1.001348736	1.00134874	1	1	1:1	2	neutral	4151471
9	66840048	66849972	NA	9925	540	2.2380741	503	0	22.0	mappable	NA	9.0	NA	0.001281158177	0.02702702703	0.05894610352	0.15063813	0.17766515	66840048	66840048	66849972	66849972	NA	missing	490282.0	NA	1.0264916	NA	NA	NA	NA	NA	NA	NA	NA	NA	NA	4151471
9	68410004	68419976	NA	9973	1130	1.8114969	1037	0	262.0	mappable	NA	3.0	NA	0.090992768036	0.01075268817	0.06065389648	0.15055919	0.16131188	68410004	68410004	68419976	68419976	NA	missing	842782.0	NA	0.8981824	NA	NA	NA	NA	NA	NA	NA	NA	NA	NA	4151471
9	71030093	102040030	NA	31009939	413168	2.0026975	412108	16920	57178.0	mappable	0.078725	4.0	NA	0.001229926601	5.561735e-05	0.00050175111	0.08036574	0.08042135	71030093	71030093	102039949	102040030	0.15892099	1	401131.6	20.847182	0.9556932	NA	NA	0.0	1.001348736	1.00134874	1	1	1:1	2	neutral	4151471
9	102040031	102049953	NA	9923	159	2.4924341	159	0	20.0	mappable	NA	NA	NA	NA	inf	0.14574610352	0.15064142	inf	102040031	102040112	102049893	102049953	NA	missing	424724.4	NA	1.103	NA	NA	NA	NA	NA	NA	NA	NA	NA	NA	4151471
9	102049954	110869941	NA	8819989	125548	2.0026975	125176	6342	16506.0	mappable	0.08476892	4.0	NA	0.004649044719	0.00014894251	0.00325816577	0.08668386	0.0868328	102049954	102050014	110869871	110870011	0.15200466	1	401131.6	20.847182	0.9556932	NA	NA	0.0	1.001348736	1.00134874	1	1	1:1	2	neutral	4151471
9	110869941	110879990	NA	10050	167	2.2380741	167	16	24.0	mappable	0.07911538	9.0	NA	0.000282518402	0.0625	0.08784610352	0.15043354	0.21293354	110869871	110870011	110879954	110880026	NA	missing	490282.0	25.705741	1.0264916	NA	NA	NA	NA	NA	NA	NA	NA	NA	NA	4151471
9	110879990	110890001	NA	10012	171	1.8114969	162	0	22.0	mappable	NA	3.0	NA	0.081161052706	0.11111111111	0.11465389648	0.1504954	0.26160651	110879954	110880026	110889987	110890001	NA	missing	842782.0	NA	0.8981824	NA	NA	NA	NA	NA	NA	NA	NA	NA	NA	4151471
9	110890002	128540054	NA	17650054	248018	2.0026975	247110	12109	34390.0	mappable	0.078725	4.0	self	0.000468195167	7.682852e-05	0.00106555531	0.08308005	0.08315687	110890002	110890016	128539944	128540164	0.1429009	1	401131.6	20.847182	0.9556932	NA	NA	0.0	1.001348736	1.00134874	1	1	1:1	2	neutral	4151471
9	128540054	128550016	NA	9963	145	1.3185167	138	1	27.0	mappable	0.0	NA	identical	0.057682866213	0.125	0.20735389648	0.1505756	0.2755756	128539944	128540164	128549956	128550016	NA	missing	386052.0	19.3026	0.7499	NA	NA	NA	NA	NA	NA	NA	NA	NA	NA	4151471
9	128550017	141019791	NA	12469775	173941	2.0026975	173021	7130	26847.0	mappable	0.078725	4.0	edge	0.000107866213	0.00012426991	0.01075389648	0.08484667	0.08497094	128550017	128550077	141019791	141019791	0.18638196	1	401131.6	20.847182	0.9556932	NA	NA	0.0	1.001348736	1.00134874	1	1	1:1	2	neutral	4151471
10	130013	39149984	NA	39019980	585756	2.0026975	582853	28472	82540.0	mappable	0.08215	4.0	edge	0.001809551178	3.187251e-05	0.0027154641	0.07930934	0.07934122	130013	130013	39149984	39149984	0.15648584	1	401131.6	20.847182	0.9556932	NA	NA	0.0	1.001348736	1.00134874	1	1	1:1	2	neutral	4151471
10	42410000	46159967	NA	3749968	43636	2.0026975	43570	1483	6049.0	mappable	0.07779167	4.0	self	0.000107866213	0.00064557779	0.00605389648	0.0915816	0.09222718	42410000	42410000	46159967	46159967	0.1385594	1	401131.6	20.847182	0.9556932	NA	NA	0.0	1.001348736	1.00134874	1	1	1:1	2	neutral	4151471
10	48310177	48659961	NA	349785	5557	2.0026975	5541	167	822.0	mappable	0.08963636	4.0	self	0.00851486106	0.00546448087	0.01065389648	0.10860057	0.11406506	48310177	48310177	48659961	48659961	0.16683801	1	401131.6	20.847182	0.9556932	NA	NA	0.0	1.001348736	1.00134874	1	1	1:1	2	neutral	4151471
10	49390096	69470041	NA	20079947	283303	2.0026975	282394	15941	36824.0	mappable	0.078725	4.0	self	0.000227060049	5.934718e-05	0.00085580327	0.08244277	0.08250212	49390096	49390096	69459984	69480098	0.16290146	1	401131.6	20.847182	0.9556932	NA	NA	0.0	1.001348736	1.00134874	1	1	1:1	2	neutral	4151471
10	69470041	69490058	NA	20018	135	2.6390491	130	0	17.0	mappable	NA	NA	identical	0.055543449576	0.2	0.18984610352	0.13996771	0.33996771	69459984	69480098	69489928	69490188	NA	missing	376115.0	NA	1.1471	NA	NA	NA	NA	NA	NA	NA	NA	NA	NA	4151471
10	69490058	72311800	NA	2821743	38926	2.0026975	38785	2016	5648.0	mappable	0.0789819	4.0	NA	0.000632866213	0.00046360686	0.00315389648	0.09333515	0.09379875	69489928	69490188	72311787	72311800	0.16361319	1	401131.6	20.847182	0.9556932	NA	NA	0.0	1.001348736	1.00134874	1	1	1:1	2	neutral	4151471
10	72311801	72311961	CTX	161	5	1.994741	5	0	1.0	mappable	NA	NA	NA	NA	inf	0.00395389648	0.27281717	inf	72311801	72311811	72311950	72311961	NA	missing	417360.0	NA	0.9533	NA	NA	NA	NA	NA	NA	NA	NA	NA	NA	4151471
10	72311962	82629997	CTX	10318037	134351	2.0026975	133945	5728	19258.0	mappable	0.07698804	4.0	NA	0.00210883669	0.00016302576	0.00091262846	0.08584183	0.08600485	72311962	72311998	82629990	82629997	0.13807319	1	401131.6	20.847182	0.9556932	NA	NA	0.0	1.001348736	1.00134874	1	1	1:1	2	neutral	4151471
10	82629998	82644963	NA	14966	226	2.3222144	226	0	26.0	mappable	NA	NA	NA	NA	inf	0.09454610352	0.14420233	inf	82629998	82630005	82639898	82650028	NA	missing	417480.0	NA	1.0518	NA	NA	NA	NA	NA	NA	NA	NA	NA	NA	4151471
10	82644963	106750022	NA	24105063	312195	2.0026975	311235	12894	43444.0	mappable	0.078725	4.0	NA	0.000815434871	7.218132e-05	0.00136562241	0.08155665	0.08162883	82639898	82650028	106749989	106750055	0.14897759	1	401131.6	20.847182	0.9556932	NA	NA	0.0	1.001348736	1.00134874	1	1	1:1	2	neutral	4151471
10	106750022	106760018	NA	9997	165	1.651642	165	0	27.0	mappable	NA	NA	NA	NA	inf	0.10715389648	0.1505199	inf	106749989	106750055	106759976	106760060	NA	missing	353997.8	NA	0.8501	NA	NA	NA	NA	NA	NA	NA	NA	NA	NA	4151471
10	106760018	135439925	NA	28679908	441876	2.0026975	440377	18975	62523.0	mappable	0.078725	4.0	edge	0.000107866213	4.884243e-05	0.01595389648	0.08073131	0.08078015	106759976	106760060	135439925	135439925	0.16558212	1	401131.6	20.847182	0.9556932	NA	NA	0.0	1.001348736	1.00134874	1	1	1:1	2	neutral	4151471
11	190010	2870022	NA	2680013	39884	2.0026975	39636	1907	6340.0	mappable	0.0753	4.0	edge	0.003532866213	0.00046403712	0.02015389648	0.09366011	0.09412414	190010	190010	2869975	2870022	0.16891286	1	401131.6	20.847182	0.9556932	NA	NA	0.0	1.001348736	1.00134874	1	1	1:1	2	neutral	4151471
11	2870023	2879996	NA	9974	187	2.2926255	187	0	23.0	mappable	NA	NA	NA	NA	inf	0.08564610352	0.15055755	inf	2870023	2870070	2879983	2880009	NA	missing	468400.0	NA	1.0429	NA	NA	NA	NA	NA	NA	NA	NA	NA	NA	4151471
11	2879996	5719984	NA	2839989	42010	2.0026975	41815	2658	5523.0	mappable	0.08000833	4.0	NA	0.003317133787	0.00035050824	0.01505389648	0.09329466	0.09364517	2879983	2880009	5719960	5719984	0.13656133	1	401131.6	20.847182	0.9556932	NA	NA	0.0	1.001348736	1.00134874	1	1	1:1	2	neutral	4151471
11	5719985	5729977	NA	9993	190	2.2380741	155	0	25.0	mappable	NA	9.0	NA	0.028837411668	0.02857142857	0.09134610352	0.15052644	0.17909787	5719985	5720009	5729946	5730008	NA	missing	490282.0	NA	1.0264916	NA	NA	NA	NA	NA	NA	NA	NA	NA	NA	4151471
11	5729977	5740004	NA	10028	179	1.8252996	179	4	26.0	mappable	0.08366919	11.0	NA	0.004836319834	0.25	0.06925389648	0.15046932	0.40046932	5729946	5730008	5739994	5740004	NA	missing	397578.3	20.818957	0.9023341	NA	NA	NA	NA	NA	NA	NA	NA	NA	NA	4151471
11	5740005	44660005	NA	38920009	564239	2.0026975	562110	29219	74961.0	mappable	0.08115686	4.0	self	0.001905987041	3.1902e-05	0.00329732489	0.07932098	0.07935289	5740005	5740015	44659871	44660139	0.15669442	1	401131.6	20.847182	0.9556932	NA	NA	0.0	1.001348736	1.00134874	1	1	1:1	2	neutral	4151471
11	44660005	44669987	NA	9983	182	2.6011487	182	9	25.0	mappable	0.11473051	NA	identical	0.03589764636	0.11111111111	0.17844610352	0.15054281	0.26165392	44659871	44660139	44669929	44670045	NA	missing	451163.3	25.309161	1.1357	NA	NA	NA	NA	NA	NA	NA	NA	NA	NA	4151471
11	44669987	48899996	NA	4230011	48030	2.0026975	47804	1300	7118.0	mappable	0.078725	4.0	NA	0.000808128336	0.00065530799	0.00392551639	0.09085858	0.09151389	44669929	44670045	48899996	48899996	0.19947473	1	401131.6	20.847182	0.9556932	NA	NA	0.0	1.001348736	1.00134874	1	1	1:1	2	neutral	4151471
11	48899997	50170092	NA	1270096	0	0.0	0	0	NA	mappable	NA	NA	NA	NA	inf	0.95725389648	0.09863632	inf	48899997	48899997	50170092	50170092	NA	missing	NA	NA	0.0	NA	NA	0.0	0.0	0.0	0	0	NA	0	homozygousDel	4151471
11	50170093	51329832	NA	1159740	16788	2.0026975	16622	1072	2030.0	mappable	0.0730121	4.0	NA	0.005028136483	0.00080775444	0.01524610352	0.0992784	0.10008615	50170093	50170093	51329648	51330016	0.15437757	1	401131.6	20.847182	0.9556932	NA	NA	0.0	1.001348736	1.00134874	1	1	1:1	2	neutral	4151471
11	51329832	51579984	NA	250153	2016	1.8252996	1982	36	279.0	mappable	0.16920122	11.0	NA	0.007505593486	0.01428571429	0.07185389648	0.11152965	0.12581536	51329648	51330016	51579984	51579984	0.33894084	2	397578.3	20.818957	0.9023341	21.03657	0.5388597	0.0777193	0.841719311	0.98358033	1	1	1:1	2	mixDH	4151471
11	54792817	62381139	NA	7588324	101166	2.0026975	100780	3781	13970.0	mappable	0.08215	4.0	self	0.002384543437	0.0002399808	0.00537316894	0.08750686	0.08774685	54792817	54792817	62379663	62381139	0.17397896	1	401131.6	20.847182	0.9556932	NA	NA	0.0	1.001348736	1.00134874	1	1	1:1	2	neutral	4151471
11	62381140	62824835	DEL	443696	4285	1.01897	4268	107	663.0	mappable	0.57063707	NA	NA	0.494956788959	0.00806451613	0.29745389648	0.10661429	0.1146788	62381140	62390273	62819900	62824835	0.98665922	2	287312.1	21.125889	0.6598	20.79032	1.0065261	1.0	0.0	1.01897	1	0	1:0	1	LOH	4151471
11	62824836	62845011	DEL	20176	179	2.3700887	179	0	16.0	mappable	NA	NA	NA	NA	inf	0.10894610352	0.13985669	inf	62824836	62830013	62839996	62850026	NA	missing	414678.0	NA	1.0662	NA	NA	NA	NA	NA	NA	NA	NA	NA	NA	4151471
11	62845011	89349940	NA	26504933	349928	2.0026975	348906	13102	49800.0	mappable	0.08147905	4.0	NA	0.001722930208	7.080147e-05	0.00129612574	0.0811038	0.0811746	62839996	62850026	89349940	89349940	0.15575032	1	401131.6	20.847182	0.9556932	NA	NA	0.0	1.001348736	1.00134874	1	1	1:1	2	neutral	4151471
11	89850037	92183933	NA	2333897	35776	2.0026975	35650	1869	4562.0	mappable	0.07675833	4.0	NA	0.001587411668	0.00050125313	0.00894610352	0.09454338	0.09504464	89850037	89850037	92183819	92183933	0.15534521	1	401131.6	20.847182	0.9556932	NA	NA	0.0	1.001348736	1.00134874	1	1	1:1	2	neutral	4151471
11	92183934	92183934	CTX	1	0	0.0	0	0	NA	mappable	NA	NA	NA	NA	inf	0.95725389648	inf	inf	92183934	92183934	92183934	92183934	NA	missing	NA	NA	0.0	NA	NA	0.0	0.0	0.0	0	0	NA	0	homozygousDel	4151471
11	92183935	128601342	CTX	36417410	528808	2.0026975	527012	24765	71734.0	mappable	0.078725	4.0	NA	0.001834566759	3.764918e-05	0.00109384974	0.07962378	0.07966143	92183935	92184155	128601264	128601342	0.16140917	1	401131.6	20.847182	0.9556932	NA	NA	0.0	1.001348736	1.00134874	1	1	1:1	2	neutral	4151471
11	128601343	128708816	DEL	107474	1854	1.0764856	1849	111	243.0	mappable	0.49629805	NA	identical	0.411426874047	0.00862068966	0.28015389648	0.11966283	0.12828352	128601343	128601350	128708663	128708816	0.72006165	2	294113.3	21.176157	0.6771	20.7387	0.9600522	0.92010431	0.043003279	1.03348236	1	0	1:0	1	LOH	4151471
11	128708817	134939862	DEL	6231046	97669	2.0026975	97355	4525	13748.0	mappable	0.08059474	4.0	edge	0.000107866213	0.00020669698	0.01395389648	0.08860911	0.08881581	128708817	128708853	134939862	134939862	0.15581425	1	401131.6	20.847182	0.9556932	NA	NA	0.0	1.001348736	1.00134874	1	1	1:1	2	neutral	4151471
12	160107	12020030	NA	11859927	157985	2.9711215	157160	8725	22365.0	mappable	0.23285	6.0	edge	0.154458976719	0.00010471204	0.30008706817	0.08510786	0.08521257	160107	160107	12019946	12020114	0.78876051	2	514005.1	31.552739	1.2469833	19.68006	0.658874	0.31774797	1.013526824	1.95759464	2	1	2:1	3	gain	4151471
12	12020030	12029997	NA	9968	212	2.5895125	212	12	34.0	mappable	0.3337614	NA	NA	0.254928537296	0.08333333333	0.17494610352	0.15056739	0.23390073	12019946	12020114	12029943	12029997	NA	missing	492660.0	32.076699	1.1322	NA	NA	NA	NA	NA	NA	NA	NA	NA	NA	4151471
12	12029998	17685855	NA	5655858	79134	2.9711215	78842	3251	10715.0	mappable	0.243125	6.0	NA	0.164292133787	0.00028224668	0.29634610352	0.08916107	0.08944332	12029998	12030052	17685832	17685878	0.76702796	2	514005.1	31.552739	1.2469833	19.68006	0.658874	0.31774797	1.013526824	1.95759464	2	1	2:1	3	gain	4151471
12	17685855	17700000	NA	14146	275	2.6819365	275	1	40.0	mappable	0.02439024	NA	NA	0.054442622311	1.0	0.20274610352	0.14505255	1.14505255	17685832	17685878	17699997	17700000	NA	missing	477362.3	24.450263	1.16	NA	NA	NA	NA	NA	NA	NA	NA	NA	NA	4151471
12	17700001	19680001	NA	1980001	28199	2.9711215	28113	780	3821.0	mappable	0.20706731	6.0	NA	0.134507518402	0.00115473441	0.28064610352	0.09561569	0.09677042	17700001	17700004	19679888	19680114	0.72296085	2	514005.1	31.552739	1.2469833	19.68006	0.658874	0.31774797	1.013526824	1.95759464	2	1	2:1	3	gain	4151471
12	19680001	19689965	NA	9965	161	2.5243503	160	7	18.0	mappable	0.26360988	NA	NA	0.184777008395	0.125	0.15534610352	0.15057232	0.27557232	19679888	19680114	19689928	19689965	NA	missing	482746.2	30.171637	1.1126	NA	NA	NA	NA	NA	NA	NA	NA	NA	NA	4151471
12	19689966	29529968	NA	9840004	140232	2.9711215	139728	7110	18507.0	mappable	0.24184167	6.0	NA	0.161816881901	0.00013133701	0.30432851623	0.08609472	0.08622606	19689966	19690003	29529931	29529968	0.81427437	2	514005.1	31.552739	1.2469833	19.68006	0.658874	0.31774797	1.013526824	1.95759464	2	1	2:1	3	gain	4151471
12	29529969	29565016	NA	35048	329	2.4089866	329	0	49.0	mappable	NA	NA	NA	NA	inf	0.12064610352	0.13247626	inf	29529969	29530006	29559924	29565016	NA	missing	491322.3	NA	1.0779	NA	NA	NA	NA	NA	NA	NA	NA	NA	NA	4151471
12	29565017	34439994	NA	4874979	62132	2.9711215	61911	2546	8453.0	mappable	0.23959477	6.0	NA	0.164305549358	0.00036140224	0.28840285688	0.0900213	0.0903827	29565017	29570109	34439925	34439994	0.81562353	2	514005.1	31.552739	1.2469833	19.68006	0.658874	0.31774797	1.013526824	1.95759464	2	1	2:1	3	gain	4151471
12	34439995	34560007	NA	120013	3059	2.5782089	3059	4	510.0	mappable	0.05214833	NA	NA	0.026684535529	0.25	0.17154610352	0.11853375	0.36853375	34439995	34440064	34559994	34560020	NA	missing	536920.6	29.828922	1.1288	NA	NA	NA	NA	NA	NA	NA	NA	NA	NA	4151471
12	34560007	34819969	NA	259963	6641	3.037669	6641	11	878.0	mappable	0.15135905	NA	NA	0.07252618632	0.09090909091	0.30974610352	0.11118556	0.20209465	34559994	34560020	34819969	34819969	NA	missing	513194.1	30.573268	1.267	NA	NA	NA	NA	NA	NA	NA	NA	NA	NA	4151471
12	37959680	38000002	DEL	40323	0	0.0	0	0	NA	mappable	NA	NA	NA	NA	inf	0.95725389648	0.1307248	inf	37959680	37959680	38000002	38000002	NA	missing	NA	NA	0.0	NA	NA	0.0	0.0	0.0	0	0	NA	0	homozygousDel	4151471
12	38000003	38015606	NA	15604	875	2.238102	872	0	96.0	mappable	NA	10.0	NA	0.154918242161	0.33333333333	0.06924610352	0.14357885	0.47691218	38000003	38000003	38009949	38015606	NA	missing	384342.9	NA	1.0265	NA	NA	NA	NA	NA	NA	NA	NA	NA	NA	4151471
12	38015607	38055000	DEL	39394	1749	2.9203106	1748	0	258.0	mappable	NA	NA	NA	0.371167133787	1.0	0.27444610352	0.13101276	1.13101276	38015607	38020008	38049997	38055000	NA	missing	495078.1	NA	1.2317	NA	NA	NA	NA	NA	NA	NA	NA	NA	NA	4151471
12	38055001	38230003	NA	175004	5836	2.9711215	5830	2	752.0	mappable	0.33673469	6.0	NA	0.147985102537	0.125	0.31172924265	0.11483015	0.23983015	38055001	38060004	38229947	38230059	NA	missing	514005.1	31.552739	1.2469833	NA	NA	NA	NA	NA	NA	NA	NA	NA	NA	4151471
12	38230003	38239969	NA	9967	311	3.4389487	311	0	36.0	mappable	NA	NA	NA	NA	inf	0.43044610352	0.15056903	inf	38229947	38230059	38239938	38239969	NA	missing	517127.0	NA	1.3877	NA	NA	NA	NA	NA	NA	NA	NA	NA	NA	4151471
12	38239970	52769983	NA	14530014	190520	2.9711215	190051	6858	26305.0	mappable	0.2359	6.0	NA	0.157442133787	0.00013648151	0.30994610352	0.08405999	0.08419647	38239970	38240001	52769926	52770040	0.80501729	2	514005.1	31.552739	1.2469833	19.68006	0.658874	0.31774797	1.013526824	1.95759464	2	1	2:1	3	gain	4151471
12	52769983	52799992	NA	30010	611	2.6480256	609	0	88.0	mappable	NA	NA	NA	0.062450637188	0.5	0.19254610352	0.13447045	0.63447045	52769926	52770040	52799985	52799992	NA	missing	535549.5	NA	1.1498	NA	NA	NA	NA	NA	NA	NA	NA	NA	NA	4151471
12	52799993	56080037	NA	3280045	39924	2.9711215	39804	2084	5597.0	mappable	0.24465519	6.0	NA	0.162491662089	0.00045372051	0.30854610352	0.09239888	0.0928526	52799993	52800000	56079926	56080148	0.81108738	2	514005.1	31.552739	1.2469833	19.68006	0.658874	0.31774797	1.013526824	1.95759464	2	1	2:1	3	gain	4151471
12	56080037	56090001	NA	9965	160	3.5842338	160	0	27.0	mappable	NA	NA	NA	NA	inf	0.47414610352	0.15057232	inf	56079926	56080148	56089964	56090038	NA	missing	569040.0	NA	1.4314	NA	NA	NA	NA	NA	NA	NA	NA	NA	NA	4151471
12	56090001	61890026	NA	5800027	73565	2.9711215	73353	2526	10108.0	mappable	0.23369286	6.0	NA	0.156989477701	0.00036523009	0.29548518732	0.08901696	0.08938219	56089964	56090038	61889994	61890058	0.78528138	2	514005.1	31.552739	1.2469833	19.68006	0.658874	0.31774797	1.013526824	1.95759464	2	1	2:1	3	gain	4151471
12	61890026	61900059	NA	10034	135	3.3631477	135	0	16.0	mappable	NA	NA	NA	NA	inf	0.40764610352	0.15045955	inf	61889994	61890058	61899984	61900059	NA	missing	501280.0	NA	1.3649	NA	NA	NA	NA	NA	NA	NA	NA	NA	NA	4151471
12	61900060	83970071	NA	22070012	297707	2.9711215	296800	14957	39239.0	mappable	0.23285	6.0	NA	0.153339477304	6.30358e-05	0.2907459443	0.08198205	0.08204509	61900060	61900135	83969953	83970189	0.80885067	2	514005.1	31.552739	1.2469833	19.68006	0.658874	0.31774797	1.013526824	1.95759464	2	1	2:1	3	gain	4151471
12	83970071	83989969	NA	19899	195	2.3501411	195	3	22.0	mappable	0.41198182	NA	NA	0.333148951969	0.33333333333	0.10294610352	0.14005202	0.47338535	83969953	83970189	83979880	84000058	NA	missing	477664.3	33.671418	1.0602	NA	NA	NA	NA	NA	NA	NA	NA	NA	NA	4151471
12	83989969	133819926	NA	49829961	691653	2.9711215	688996	29431	98665.0	mappable	0.236275	6.0	edge	0.158979838332	3.116527e-05	0.29418129038	0.0782151	0.07824627	83979880	84000058	133819926	133819926	0.79465021	2	514005.1	31.552739	1.2469833	19.68006	0.658874	0.31774797	1.013526824	1.95759464	2	1	2:1	3	gain	4151471
13	19450038	71035021	NA	51584989	711087	2.0026975	708779	33581	94690.0	mappable	0.078725	4.0	edge	0.001264383933	2.786524e-05	0.00057133331	0.07806265	0.07809051	19450038	19450038	71029990	71035021	0.16230505	1	401131.6	20.847182	0.9556932	NA	NA	0.0	1.001348736	1.00134874	1	1	1:1	2	neutral	4151471
13	71035022	71050106	NA	15085	180	2.2853113	180	0	25.0	mappable	NA	NA	NA	NA	inf	0.08344610352	0.14408363	inf	71035022	71040053	71049963	71050249	NA	missing	406796.2	NA	1.0407	NA	NA	NA	NA	NA	NA	NA	NA	NA	NA	4151471
13	71050106	115099984	NA	44049884	656361	2.0026975	653908	31534	87912.0	mappable	0.078725	4.0	edge	8.2241444e-05	2.942561e-05	0.0076799288	0.078763	0.07879242	71049963	71050249	115099984	115099984	0.15403274	1	401131.6	20.847182	0.9556932	NA	NA	0.0	1.001348736	1.00134874	1	1	1:1	2	neutral	4151471
14	20330060	23529999	NA	3199940	45358	2.0026975	45100	2811	6009.0	mappable	0.081125	4.0	edge	0.003317133787	0.00032583904	0.02414610352	0.0925514	0.09287724	20330060	20330060	23529999	23529999	0.19350514	1	401131.6	20.847182	0.9556932	NA	NA	0.0	1.001348736	1.00134874	1	1	1:1	2	neutral	4151471
14	23530000	23540014	NA	10015	158	2.648358	158	0	30.0	mappable	NA	NA	NA	NA	inf	0.19264610352	0.15049051	inf	23530000	23530000	23539932	23540014	NA	missing	452303.3	NA	1.1499	NA	NA	NA	NA	NA	NA	NA	NA	NA	NA	4151471
14	23540015	59751723	NA	36211713	497581	2.0026975	495903	24157	65316.0	mappable	0.078725	4.0	NA	0.000105051624	3.870718e-05	0.00066717647	0.07964969	0.0796884	23540015	23540097	59751708	59751723	0.15965853	1	401131.6	20.847182	0.9556932	NA	NA	0.0	1.001348736	1.00134874	1	1	1:1	2	neutral	4151471
14	59751724	59822704	DEL	70981	1014	1.0595302	1014	73	103.0	mappable	0.46011786	NA	identical	0.38128499093	0.01369863014	0.28525389648	0.12410686	0.13780549	59751724	59751733	59822704	59822704	0.98865017	2	292272.4	21.256172	0.672	20.7653	0.979229	0.95845799	0.022007504	1.03752266	1	0	1:0	1	LOH	4151471
14	59822705	106069647	DEL	46246949	663399	2.0026975	661377	26764	93504.0	mappable	0.078725	4.0	NA	0.001267041845	3.473911e-05	0.00017172686	0.07854579	0.07858053	59822705	59822941	106009942	106069647	0.15701545	1	401131.6	20.847182	0.9556932	NA	NA	0.0	1.001348736	1.00134874	1	1	1:1	2	neutral	4151471
14	106069648	106161374	INV	91727	0	0.0	0	0	NA	mappable	NA	NA	NA	NA	inf	0.95725389648	0.12132198	inf	106069648	106069648	106161374	106161374	NA	missing	NA	NA	0.0	NA	NA	0.0	0.0	0.0	0	0	NA	0	homozygousDel	4151471
14	106161375	106209838	INV	48464	0	0.0	0	0	NA	mappable	NA	NA	NA	NA	inf	0.95725389648	0.1284965	inf	106161375	106161375	106209838	106209838	NA	missing	NA	NA	0.0	NA	NA	0.0	0.0	0.0	0	0	NA	0	homozygousDel	4151471
14	106209839	106238178	INV	28340	0	0.0	0	0	NA	mappable	NA	NA	NA	NA	inf	0.95725389648	0.13522146	inf	106209839	106209839	106238178	106238178	NA	missing	NA	NA	0.0	NA	NA	0.0	0.0	0.0	0	0	NA	0	homozygousDel	4151471
14	106238179	106388801	INV	150623	2345	0.1133481	2328	100	312.0	mappable	0.12776944	NA	NA	0.05467546712	0.00854700855	0.56985389648	0.11627513	0.12482214	106238179	106250082	106349982	106388801	0.20947092	1	168695.5	9.201572	0.3874	NA	NA	0.0	0.056674048	0.05667405	0	0	0:0	0	LOH	4151471
14	106388802	106605005	INV	216204	1222	1.2447106	1216	36	190.0	mappable	0.61468311	NA	NA	0.458970705216	0.02380952381	0.22955389648	0.11285387	0.13666339	106388802	106400108	106559980	106650030	0.99942802	2	300170.1	23.013044	0.7277	19.69404	1.0183135	1.0	0.0	1.24471056	1	0	1:0	1	LOH	4151471
14	106605005	107259908	NA	654904	8850	2.0981362	8671	156	1183.0	mappable	0.09098696	NA	edge	0.233983159428	0.00298507463	0.02714610352	0.10351472	0.10649979	106559980	106650030	107259908	107259908	0.45370333	2	429295.1	24.816769	0.9844	20.82111	0.6217945	0.24358898	0.793526672	1.30460952	sub	1	sub:1	sub	sub	4151471
15	20850000	20859924	NA	9925	165	2.0026975	133	0	15.0	mappable	NA	4.0	edge	0.03141570935	0.03125	0.01075389648	0.15063813	0.18188813	20850000	20850000	20859924	20859924	NA	missing	401131.6	NA	0.9556932	NA	NA	NA	NA	NA	NA	NA	NA	NA	NA	4151471
15	22480079	23069956	NA	589878	4005	2.0026975	3977	295	606.0	mappable	0.08109722	4.0	self	0.005307613663	0.00309597523	0.01962905254	0.10432937	0.10742535	22480079	22480079	23069956	23069956	0.13010147	1	401131.6	20.847182	0.9556932	NA	NA	0.0	1.001348736	1.00134874	1	1	1:1	2	neutral	4151471
15	23710146	24329926	NA	619781	10369	2.0026975	10338	493	1435.0	mappable	0.08209194	4.0	NA	0.003317133787	0.00190839695	0.01685389648	0.10394255	0.10585094	23710146	23710146	24329926	24329926	0.14806371	1	401131.6	20.847182	0.9556932	NA	NA	0.0	1.001348736	1.00134874	1	1	1:1	2	neutral	4151471
15	24329927	24830091	NA	500165	0	0.0	0	0	NA	mappable	NA	NA	NA	NA	inf	0.95725389648	0.10564099	inf	24329927	24329927	24830091	24830091	NA	missing	NA	NA	0.0	NA	NA	0.0	0.0	0.0	0	0	NA	0	homozygousDel	4151471
15	24830092	28529988	NA	3699897	57386	2.0026975	57185	3353	7890.0	mappable	0.081125	4.0	NA	0.000107866213	0.0002813731	0.01195389648	0.091663	0.09194438	24830092	24830092	28529988	28529988	0.15129132	1	401131.6	20.847182	0.9556932	NA	NA	0.0	1.001348736	1.00134874	1	1	1:1	2	neutral	4151471
15	29100034	30369914	NA	1269881	18283	2.0026975	18233	921	2630.0	mappable	0.07674032	4.0	self	0.003625969661	0.00102986612	0.02305389648	0.09863751	0.09966738	29100034	29100034	30369914	30369914	0.17467559	1	401131.6	20.847182	0.9556932	NA	NA	0.0	1.001348736	1.00134874	1	1	1:1	2	neutral	4151471
15	31160110	53520020	NA	22359915	285547	2.0026975	284696	10956	39247.0	mappable	0.078725	4.0	NA	0.000201135302	8.470269e-05	0.00271188954	0.08191883	0.08200353	31160110	31160110	53519924	53520020	0.15317849	1	401131.6	20.847182	0.9556932	NA	NA	0.0	1.001348736	1.00134874	1	1	1:1	2	neutral	4151471
15	53520021	53530007	NA	9987	176	2.3162302	176	0	26.0	mappable	NA	NA	NA	NA	inf	0.09274610352	0.15053626	inf	53520021	53520117	53529948	53530066	NA	missing	413948.8	NA	1.05	NA	NA	NA	NA	NA	NA	NA	NA	NA	NA	4151471
15	53530007	82479795	NA	28949790	404444	2.0026975	403138	17372	56640.0	mappable	0.079	4.0	NA	0.00256953826	5.354179e-05	0.00235359652	0.0806873	0.08074084	53529948	53530066	82479795	82479795	0.1472091	1	401131.6	20.847182	0.9556932	NA	NA	0.0	1.001348736	1.00134874	1	1	1:1	2	neutral	4151471
15	83211507	94539965	NA	11328461	168533	2.0026975	167938	8436	23797.0	mappable	0.07936048	4.0	self	0.002295941608	0.00011072971	0.00196852821	0.08534809	0.08545882	83211507	83211507	94539857	94539965	0.14955718	1	401131.6	20.847182	0.9556932	NA	NA	0.0	1.001348736	1.00134874	1	1	1:1	2	neutral	4151471
15	94539966	94550017	NA	10052	149	2.6111225	140	0	16.0	mappable	NA	NA	identical	0.007737346553	0.11111111111	0.18144610352	0.15043029	0.2615414	94539966	94540074	94549966	94550068	NA	missing	406041.1	NA	1.1387	NA	NA	NA	NA	NA	NA	NA	NA	NA	NA	4151471
15	94550017	102399920	NA	7849906	127227	2.0026975	126772	6741	17545.0	mappable	0.0753	4.0	edge	0.00231009945	0.00013896609	0.00723926594	0.08732006	0.08745903	94549966	94550068	102399920	102399920	0.14880851	1	401131.6	20.847182	0.9556932	NA	NA	0.0	1.001348736	1.00134874	1	1	1:1	2	neutral	4151471
16	100010	16289940	NA	16189933	298131	2.0065514	297065	12196	43353.0	mappable	0.637	1.0	edge	0.55722973312	7.540909e-05	0.00286099672	0.08351221	0.08358762	100010	100010	16289940	16289940	0.94694797	2	409504.8	33.218972	0.9568524	20.43307	0.9933693	0.98673853	0.013304907	1.99324644	2	0	2:0	2	cnLOH	4151471
16	16870104	18169896	NA	1299793	20444	2.0065514	20332	1085	2893.0	mappable	0.63621944	1.0	NA	0.556181419501	0.00083542189	0.00125389648	0.09847438	0.09930981	16870104	16870104	18169896	18169896	0.97972325	2	409504.8	33.218972	0.9568524	20.43307	0.9933693	0.98673853	0.013304907	1.99324644	2	0	2:0	2	cnLOH	4151471
16	18800044	21454991	NA	2654948	30977	2.0065514	30900	1423	4456.0	mappable	0.62478065	1.0	NA	0.547892133787	0.00066666667	0.00464610352	0.0937196	0.09438627	18800044	18800044	21339969	21454991	0.98049975	2	409504.8	33.218972	0.9568524	20.43307	0.9933693	0.98673853	0.013304907	1.99324644	2	0	2:0	2	cnLOH	4151471
16	21599960	29039945	NA	7439986	93988	2.0065514	93532	4330	13591.0	mappable	0.633575	1.0	NA	0.558685878418	0.00020894275	0.00356033619	0.08761605	0.08782499	21599960	21610035	29039945	29039945	0.9780017	2	409504.8	33.218972	0.9568524	20.43307	0.9933693	0.98673853	0.013304907	1.99324644	2	0	2:0	2	cnLOH	4151471
16	29670028	31959970	NA	2289943	17551	2.0065514	17519	135	2664.0	mappable	0.619875	1.0	NA	0.544467133787	0.00598802395	0.01224610352	0.09466613	0.10065415	29670028	29670028	31959970	31959970	0.81874009	2	409504.8	33.218972	0.9568524	20.43307	0.9933693	0.98673853	0.013304907	1.99324644	2	0	2:0	2	cnLOH	4151471
16	32520030	32649899	NA	129870	3149	2.0026975	2962	0	438.0	mappable	NA	4.0	self	0.019789684395	0.00534759358	0.02124610352	0.11773911	0.12308671	32520030	32520030	32649899	32649899	NA	missing	401131.6	NA	0.9556932	NA	NA	NA	NA	NA	NA	NA	NA	NA	NA	4151471
16	33590105	35279959	NA	1689855	15433	2.0047148	15408	45	2191.0	mappable	0.044475	NA	NA	0.136892133787	0.01428571429	0.00095389648	0.09667221	0.11095793	33590105	33590105	35279959	35279959	0.2599047	1	390395.2	20.192856	0.9563	NA	NA	0.0	1.002357421	1.00235742	1	1	1:1	2	neutral	4151471
16	46450014	70890087	NA	24440078	324963	2.0026975	323845	13404	45608.0	mappable	0.078725	4.0	self	0.001380301497	6.886104e-05	0.00238528921	0.08149048	0.08155934	46450014	46450014	70889917	70890087	0.1450533	1	401131.6	20.847182	0.9556932	NA	NA	0.0	1.001348736	1.00134874	1	1	1:1	2	neutral	4151471
16	70890088	71209979	NA	319892	4395	2.4970886	4337	3	702.0	mappable	0.26283088	NA	identical	0.039161870629	0.01639344262	0.14714610352	0.10936596	0.1257594	70890088	70890258	71209795	71210163	NA	missing	340462.1	21.02854	1.1044	NA	NA	NA	NA	NA	NA	NA	NA	NA	NA	4151471
16	71209979	90109969	NA	18899993	373034	2.0026975	371854	15929	53946.0	mappable	0.08215	4.0	edge	0.003742413849	5.845219e-05	0.00521799949	0.08274076	0.08279922	71209795	71210163	90109969	90109969	0.158969	1	401131.6	20.847182	0.9556932	NA	NA	0.0	1.001348736	1.00134874	1	1	1:1	2	neutral	4151471
17	20080	18239982	NA	18219905	232517	2.0026975	231455	11564	34105.0	mappable	0.078725	4.0	edge	0.000230792163	7.920165e-05	0.00123689815	0.08292214	0.08300134	20080	20080	18239982	18239982	0.15398731	1	401131.6	20.847182	0.9556932	NA	NA	0.0	1.001348736	1.00134874	1	1	1:1	2	neutral	4151471
17	18750212	22239986	NA	3489775	25833	2.0026975	25188	493	3990.0	mappable	0.07514891	4.0	self	0.00223062585	0.00087873462	0.00125389648	0.09201874	0.09289748	18750212	18750212	22239986	22239986	0.18576701	1	401131.6	20.847182	0.9556932	NA	NA	0.0	1.001348736	1.00134874	1	1	1:1	2	neutral	4151471
17	25390040	44279982	NA	18889944	211070	2.0026975	210255	8723	30889.0	mappable	0.078725	4.0	self	0.000622077386	0.00010484378	0.00393136007	0.08274339	0.08284823	25390040	25390040	44279982	44279982	0.16293705	1	401131.6	20.847182	0.9556932	NA	NA	0.0	1.001348736	1.00134874	1	1	1:1	2	neutral	4151471
17	44790026	81149937	NA	36359915	476124	2.0026975	474183	21482	69112.0	mappable	0.078725	4.0	edge	0.001903889555	4.26949e-05	0.0003042808	0.079631	0.0796737	44790026	44790026	81149937	81149937	0.17366375	1	401131.6	20.847182	0.9556932	NA	NA	0.0	1.001348736	1.00134874	1	1	1:1	2	neutral	4151471
18	130031	14119956	NA	13989927	212601	2.0026975	211917	11487	29379.0	mappable	0.078725	4.0	edge	0.000535844246	8.216252e-05	0.00896700555	0.0842535	0.08433567	130031	130031	14119956	14119956	0.15894768	1	401131.6	20.847182	0.9556932	NA	NA	0.0	1.001348736	1.00134874	1	1	1:1	2	neutral	4151471
18	14119957	14910026	NA	790070	0	0.0	0	0	NA	mappable	NA	NA	NA	NA	inf	0.95725389648	0.10208446	inf	14119957	14119957	14910026	14910026	NA	missing	NA	NA	0.0	NA	NA	0.0	0.0	0.0	0	0	NA	0	homozygousDel	4151471
18	14910027	14929888	NA	19862	364	2.0026975	361	30	56.0	mappable	0.10421433	4.0	NA	0.030786036226	0.0303030303	0.02805389648	0.14007836	0.17038139	14910027	14910027	14929888	14929888	NA	missing	401131.6	20.847182	0.9556932	NA	NA	NA	NA	NA	NA	NA	NA	NA	NA	4151471
18	18540053	42229945	NA	23689895	326490	2.0026975	325537	14283	43368.0	mappable	0.078725	4.0	NA	8.735259e-06	6.563402e-05	0.00404823107	0.08164009	0.08170572	18540053	18540053	42229873	42230017	0.14967689	1	401131.6	20.847182	0.9556932	NA	NA	0.0	1.001348736	1.00134874	1	1	1:1	2	neutral	4151471
18	42229945	42259975	NA	30031	399	2.2996071	399	0	53.0	mappable	NA	NA	NA	NA	inf	0.08774610352	0.13446133	inf	42229873	42230017	42259603	42259975	NA	missing	427080.9	NA	1.045	NA	NA	NA	NA	NA	NA	NA	NA	NA	NA	4151471
18	42259976	46530028	NA	4270053	61481	2.0026975	61329	2756	8675.0	mappable	0.07427105	4.0	NA	0.003532866213	0.00034387895	0.00885389648	0.09080251	0.09114639	42259976	42260348	46529950	46530028	0.15869476	1	401131.6	20.847182	0.9556932	NA	NA	0.0	1.001348736	1.00134874	1	1	1:1	2	neutral	4151471
18	46530029	46539988	NA	9960	149	2.6217612	149	12	18.0	mappable	0.07366154	NA	identical	0.005171327751	0.08333333333	0.18464610352	0.15058053	0.23391386	46530029	46530107	46539926	46540050	NA	missing	451208.0	23.850619	1.1419	NA	NA	NA	NA	NA	NA	NA	NA	NA	NA	4151471
18	46539988	59630008	NA	13090024	194525	2.0026975	193698	9444	26247.0	mappable	0.0753	4.0	self	0.001690098414	9.737098e-05	0.00121262402	0.08459534	0.08469271	46539926	46540050	59629995	59630008	0.15163895	1	401131.6	20.847182	0.9556932	NA	NA	0.0	1.001348736	1.00134874	1	1	1:1	2	neutral	4151471
18	59630009	59639938	NA	9930	137	2.5712272	137	15	17.0	mappable	0.03685	NA	identical	0.041982866213	0.06666666667	0.16944610352	0.15062988	0.21729655	59630009	59630022	59639875	59639938	NA	missing	416094.3	21.709268	1.1267	NA	NA	NA	NA	NA	NA	NA	NA	NA	NA	4151471
18	59639939	76539998	NA	16900064	269679	2.0026975	268665	14674	36222.0	mappable	0.08215	4.0	self	0.003081893053	6.374705e-05	0.01047482581	0.0832968	0.08336055	59639939	59640002	76539919	76539998	0.16226026	1	401131.6	20.847182	0.9556932	NA	NA	0.0	1.001348736	1.00134874	1	1	1:1	2	neutral	4151471
18	76539999	76559992	NA	19994	382	1.4807574	375	19	76.0	mappable	0.19156453	NA	identical	0.114855431659	0.03846153846	0.15855389648	0.13998466	0.1784462	76539999	76540078	76559959	76560025	NA	missing	386885.1	20.311467	0.7987	NA	NA	NA	NA	NA	NA	NA	NA	NA	NA	4151471
18	76559992	78009968	NA	1449977	25405	2.0026975	25135	1060	4017.0	mappable	0.07647308	4.0	edge	0.000107866213	0.00075244545	0.02505389648	0.09771542	0.09846787	76559959	76560025	78009968	78009968	0.19153307	1	401131.6	20.847182	0.9556932	NA	NA	0.0	1.001348736	1.00134874	1	1	1:1	2	neutral	4151471
19	260137	10594925	NA	10334789	121196	2.0026975	120500	6446	18761.0	mappable	0.078725	4.0	edge	0.001940045742	0.0001400168	0.00618908431	0.08583321	0.08597322	260137	260137	10579834	10594925	0.18340674	1	401131.6	20.847182	0.9556932	NA	NA	0.0	1.001348736	1.00134874	1	1	1:1	2	neutral	4151471
19	10594926	10630078	NA	35153	300	1.8252996	300	6	51.0	mappable	0.05762955	11.0	NA	0.021203320758	0.16666666667	0.05185389648	0.1324384	0.29910507	10594926	10610017	10629986	10630170	NA	missing	397578.3	20.818957	0.9023341	NA	NA	NA	NA	NA	NA	NA	NA	NA	NA	4151471
19	10630078	10650017	NA	19940	185	2.3117569	173	16	36.0	mappable	0.13079964	7.0	NA	0.045883994252	0.03571428571	0.10244610352	0.1400229	0.17573719	10629986	10630170	10639977	10650017	NA	missing	557936.9	30.908782	1.0486545	NA	NA	NA	NA	NA	NA	NA	NA	NA	NA	4151471
19	10650018	24569972	NA	13919955	135133	2.0026975	134151	5224	20342.0	mappable	0.07638895	4.0	self	0.002236556126	0.00016113439	0.00727607177	0.08427919	0.08444032	10650018	10660058	24569972	24569972	0.18371445	1	401131.6	20.847182	0.9556932	NA	NA	0.0	1.001348736	1.00134874	1	1	1:1	2	neutral	4151471
19	27750002	27799996	NA	49995	1588	2.2380741	1582	1	191.0	mappable	0.02325581	9.0	NA	0.013057977544	0.14285714286	0.05744610352	0.12812713	0.27098428	27750002	27750002	27799968	27800024	NA	missing	490282.0	25.705741	1.0264916	NA	NA	NA	NA	NA	NA	NA	NA	NA	NA	4151471
19	27799996	30530079	NA	2730084	47021	2.0026975	46770	1969	6547.0	mappable	0.078725	4.0	NA	0.000107866213	0.00045045045	0.00865389648	0.09354312	0.09399357	27799968	27800024	30529999	30530079	0.13681774	1	401131.6	20.847182	0.9556932	NA	NA	0.0	1.001348736	1.00134874	1	1	1:1	2	neutral	4151471
19	30530080	30539956	NA	9877	144	1.6330242	144	0	29.0	mappable	NA	NA	NA	NA	inf	0.11275389648	0.15071752	inf	30530080	30530160	30539906	30539956	NA	missing	378850.0	NA	0.8445	NA	NA	NA	NA	NA	NA	NA	NA	NA	NA	4151471
19	30539957	43209995	NA	12670039	148917	2.0026975	148394	5316	22038.0	mappable	0.08036742	4.0	NA	0.003190175845	0.0001712622	0.0003023107	0.08476402	0.08493528	30539957	30540007	43209995	43209995	0.16519965	1	401131.6	20.847182	0.9556932	NA	NA	0.0	1.001348736	1.00134874	1	1	1:1	2	neutral	4151471
19	43209996	43800005	NA	590010	0	0.0	0	0	NA	mappable	NA	NA	NA	NA	inf	0.95725389648	0.10432761	inf	43209996	43209996	43800005	43800005	NA	missing	NA	NA	0.0	NA	NA	0.0	0.0	0.0	0	0	NA	0	homozygousDel	4151471
19	43800006	59089999	NA	15289996	162685	2.0026975	161820	7568	24359.0	mappable	0.08215	4.0	edge	0.00129123553	0.00011858176	0.00803921413	0.08380093	0.08391951	43800006	43800006	59089999	59089999	0.19858607	1	401131.6	20.847182	0.9556932	NA	NA	0.0	1.001348736	1.00134874	1	1	1:1	2	neutral	4151471
20	60479	25729738	NA	25669261	400240	2.0026975	399133	17079	55269.0	mappable	0.08215	4.0	edge	0.001329564163	5.498735e-05	0.00403154589	0.08125609	0.08131108	60479	60479	25729738	25729738	0.15718301	1	401131.6	20.847182	0.9556932	NA	NA	0.0	1.001348736	1.00134874	1	1	1:1	2	neutral	4151471
20	29810057	44629972	NA	14819916	204879	2.0026975	204235	8033	29820.0	mappable	0.078725	4.0	self	0.000107866213	0.00011524721	0.00524610352	0.08395941	0.08407466	29810057	29810057	44629937	44630007	0.13435379	1	401131.6	20.847182	0.9556932	NA	NA	0.0	1.001348736	1.00134874	1	1	1:1	2	neutral	4151471
20	44629972	44640046	NA	10075	200	1.7825978	200	17	30.0	mappable	0.10262045	2.0	NA	0.023787588332	0.05882352941	0.09115389648	0.15039299	0.20921652	44629937	44630007	44639954	44640046	NA	missing	385424.1	20.810048	0.8894899	NA	NA	NA	NA	NA	NA	NA	NA	NA	NA	4151471
20	44640047	44659877	NA	19831	313	2.3117569	312	17	38.0	mappable	0.12507256	7.0	NA	0.055923841104	0.05555555556	0.10914610352	0.14010047	0.19565602	44640047	44640139	44659706	44659877	NA	missing	557936.9	30.908782	1.0486545	NA	NA	NA	NA	NA	NA	NA	NA	NA	NA	4151471
20	44659878	62909989	NA	18250113	292196	2.0026975	291031	14025	43141.0	mappable	0.078725	4.0	edge	0.001124810455	6.583712e-05	0.00699227552	0.08291392	0.08297976	44659878	44660049	62909989	62909989	0.1453713	1	401131.6	20.847182	0.9556932	NA	NA	0.0	1.001348736	1.00134874	1	1	1:1	2	neutral	4151471
21	10720001	11014966	NA	294967	4823	2.0026975	4624	0	560.0	mappable	NA	4.0	edge	0.001686518093	0.00502512563	0.01947543909	0.11007037	0.1150955	10720001	10720001	10859932	11170000	NA	missing	401131.6	NA	0.9556932	NA	NA	NA	NA	NA	NA	NA	NA	NA	NA	4151471
21	11014966	11179964	NA	164999	291	2.157979	251	0	41.0	mappable	NA	NA	NA	0.080932541505	0.025	0.04514610352	0.11539284	0.14039284	10859932	11170000	11179964	11179964	NA	missing	1964622.0	NA	1.0024	NA	NA	NA	NA	NA	NA	NA	NA	NA	NA	4151471
21	15410077	48099931	NA	32689858	516252	2.0026975	513863	24885	70075.0	mappable	0.078725	4.0	edge	0.00160677556	3.666496e-05	0.00192936886	0.08012069	0.08015736	15410077	15410077	48099931	48099931	0.15183737	1	401131.6	20.847182	0.9556932	NA	NA	0.0	1.001348736	1.00134874	1	1	1:1	2	neutral	4151471
22	16850007	19759999	NA	2909993	29849	2.0026975	29662	1219	4440.0	mappable	0.07530789	4.0	edge	0.003532866213	0.00071123755	0.00105389648	0.09314203	0.09385326	16850007	16850007	19759974	19760024	0.16273803	1	401131.6	20.847182	0.9556932	NA	NA	0.0	1.001348736	1.00134874	1	1	1:1	2	neutral	4151471
22	19759999	19769988	NA	9990	185	2.4578583	185	0	24.0	mappable	NA	NA	NA	NA	inf	0.13534610352	0.15053135	inf	19759974	19760024	19769895	19769988	NA	missing	464600.0	NA	1.0926	NA	NA	NA	NA	NA	NA	NA	NA	NA	NA	4151471
22	19769989	23079984	NA	3309996	30395	2.0026975	30238	1456	4415.0	mappable	0.074475	4.0	NA	0.003532866213	0.0006199628	0.00415389648	0.09234293	0.0929629	19769989	19770082	23069963	23079984	0.17296941	1	401131.6	20.847182	0.9556932	NA	NA	0.0	1.001348736	1.00134874	1	1	1:1	2	neutral	4151471
22	23079985	23245009	NA	165025	2821	1.0492239	2809	138	383.0	mappable	0.4474	NA	identical	0.371607518402	0.00666666667	0.28835389648	0.11539133	0.12205799	23079985	23090006	23239965	23250053	0.89170876	2	290147.1	21.18953	0.6689	20.70984	0.9881266	0.97625324	0.012457833	1.03676606	1	0	1:0	1	LOH	4151471
22	23245009	31549934	NA	8304926	102680	2.0026975	102362	4392	15079.0	mappable	0.08185833	4.0	NA	0.003152166814	0.00021231423	0.00047288088	0.08701124	0.08722356	23239965	23250053	31549852	31549934	0.17620483	1	401131.6	20.847182	0.9556932	NA	NA	0.0	1.001348736	1.00134874	1	1	1:1	2	neutral	4151471
22	31549935	31570005	NA	20071	302	2.4020049	302	0	40.0	mappable	NA	NA	NA	NA	inf	0.11854610352	0.13993035	inf	31549935	31550017	31569953	31570057	NA	missing	428528.3	NA	1.0758	NA	NA	NA	NA	NA	NA	NA	NA	NA	NA	4151471
22	31570005	51179984	NA	19609981	289856	2.0026975	288609	13434	43612.0	mappable	0.078725	4.0	edge	0.000225172683	6.812453e-05	0.00579002511	0.08255905	0.08262718	31569953	31570057	51179984	51179984	0.17450942	1	401131.6	20.847182	0.9556932	NA	NA	0.0	1.001348736	1.00134874	1	1	1:1	2	neutral	4151471
23	1702193	58499983	ITX	56797793	490662	2.9711215	489179	18578	66343.0	mappable	0.215725	6.0	edge	0.13745485748	4.984796e-05	0.28544292047	0.07764177	0.07769161	1702193	2700027	58499983	58499983	0.75316423	2	514005.1	31.552739	1.2469833	19.68006	0.658874	0.31774797	1.013526824	1.95759464	2	1	2:1	3	gain	4151471
23	61750000	88459980	NA	26709981	245723	2.9711215	245094	7830	31990.0	mappable	0.226	6.0	NA	0.143742133787	0.00011821728	0.28514610352	0.08106725	0.08118547	61750000	61750000	88459980	88459980	0.77826624	2	514005.1	31.552739	1.2469833	19.68006	0.658874	0.31774797	1.013526824	1.95759464	2	1	2:1	3	gain	4151471
23	88990017	89349936	NA	359920	1089	2.995779	1089	94	138.0	mappable	0.1448	NA	NA	0.065967133787	0.01063829787	0.29714610352	0.10835811	0.11899641	88990017	88990017	89349936	89349936	0.79528285	2	487481.8	30.322528	1.2544	18.55419	0.6698676	0.33973529	0.989003598	2.00677545	2	1	2:1	3	gain	4151471
23	89349937	90140198	NA	790262	0	0.0	0	0	NA	mappable	NA	NA	NA	NA	inf	0.95725389648	0.10208263	inf	89349937	89349937	90140198	90140198	NA	missing	NA	NA	0.0	NA	NA	0.0	0.0	0.0	0	0	NA	0	homozygousDel	4151471
23	90140199	90651448	NA	511250	2904	2.9711215	2895	249	352.0	mappable	0.16848289	6.0	NA	0.099139502208	0.00387596899	0.28824610352	0.10546482	0.10934079	90140199	90140199	90651424	90651448	0.78592574	2	514005.1	31.552739	1.2469833	19.68006	0.658874	0.31774797	1.013526824	1.95759464	2	1	2:1	3	gain	4151471
23	90651449	90651449	ITX	1	0	0.0	0	0	NA	mappable	NA	NA	NA	NA	inf	0.95725389648	inf	inf	90651449	90651449	90651449	90651449	NA	missing	NA	NA	0.0	NA	NA	0.0	0.0	0.0	0	0	NA	0	homozygousDel	4151471
23	90651450	90668923	DUP	17474	206	3.8172885	206	14	28.0	mappable	0.05872857	NA	NA	0.020104294784	0.07142857143	0.54424610352	0.14191521	0.21334378	90651450	90651495	90668923	90668923	NA	missing	606609.9	32.039594	1.5015	NA	NA	NA	NA	NA	NA	NA	NA	NA	NA	4151471
23	90668924	90669195	ITX	272	3	3.4894826	3	0	0.0	mappable	NA	NA	NA	NA	inf	0.44564610352	0.24729634	inf	90668924	90668956	90669178	90669195	NA	missing	600095.6	NA	1.4029	NA	NA	NA	NA	NA	NA	NA	NA	NA	NA	4151471
23	90669196	91529952	DUP	860757	1988	2.941588	1986	113	273.0	mappable	0.0753391	NA	NA	0.003493763649	0.00869565217	0.28084610352	0.10144433	0.11013998	90669196	90669247	91529952	91529952	0.67164766	2	493559.7	30.095103	1.2381	19.03284	0.6535827	0.30716544	1.019016926	1.92257109	2	1	2:1	3	gain	4151471
23	91529953	92379999	NA	850047	0	0.0	0	0	NA	mappable	NA	NA	NA	NA	inf	0.95725389648	0.10153736	inf	91529953	91529953	92379999	92379999	NA	missing	NA	NA	0.0	NA	NA	0.0	0.0	0.0	0	0	NA	0	homozygousDel	4151471
23	92380000	154929639	NA	62549640	566891	2.9711215	565169	23185	75275.0	mappable	0.208875	6.0	edge	0.126617133787	4.015097e-05	0.27354610352	0.07722455	0.07726471	92380000	92380000	154929639	154929639	0.75926094	2	514005.1	31.552739	1.2469833	19.68006	0.658874	0.31774797	1.013526824	1.95759464	2	1	2:1	3	gain	4151471
