#chromosome	start	end	crest	length	tcnNbrOfLoci	tcnMean	tcnNbrOfSNPs	tcnNbrOfHets	dhNbrOfLoci	map	dhMax	cluster	neighbour	distDH	errorSNP	distTcn	errorLength	totalError	minStart	maxStart	minStop	maxStop	area	peaks	meanCovT	meanCovB	tcnMeanRaw	AF	BAF	dhMean	c1Mean	c2Mean	A	B	genotype	TCN	GNL	PID
1	840009	12839977	NA	11999970	171910	2.000449526	170878	6781	30978.0	mappable	0.078725	2.0	edge	0.000835001616	0.00012802458	0.00680756667	0.08504657	0.08517459	840009	840009	12839977	12839977	0.17986497	1	397806.6	20.710978	0.9965906	NA	NA	0.0	1.00022476	1.00022476	1	1	1:1	2	neutral	4171946
1	13780016	32179941	NA	18399931	232692	2.000449526	231531	12016	40441.0	mappable	0.078725	2.0	NA	0.000702142227	7.588981e-05	0.00461623915	0.0828734	0.08294929	13780016	13780016	32179823	32180059	0.17138837	1	397806.6	20.710978	0.9965906	NA	NA	0.0	1.00022476	1.00022476	1	1	1:1	2	neutral	4171946
1	32179941	32189970	NA	10030	120	2.547554286	120	0	25.0	mappable	NA	NA	NA	NA	inf	0.09468378578	0.15046606	inf	32179823	32180059	32189930	32190010	NA	missing	414077.5	NA	1.092	NA	NA	NA	NA	NA	NA	NA	NA	NA	NA	4171946
1	32189970	42499995	NA	10310026	127064	2.000449526	126537	5324	22433.0	mappable	0.08215	2.0	NA	0.001540413068	0.00017091096	0.00106104763	0.08584596	0.08601687	32189930	32190010	42499989	42500001	0.14116656	1	397806.6	20.710978	0.9965906	NA	NA	0.0	1.00022476	1.00022476	1	1	1:1	2	neutral	4171946
1	42499995	42560065	NA	60071	673	2.514868857	673	0	117.0	mappable	NA	NA	NA	NA	inf	0.08898378578	0.12598916	inf	42499989	42500001	42559968	42560065	NA	missing	413542.1	NA	1.0863	NA	NA	NA	NA	NA	NA	NA	NA	NA	NA	4171946
1	42560066	120529963	NA	77969906	1033276	2.000449526	1029633	45692	181082.0	mappable	0.08215	2.0	NA	0.003537233289	2.026959e-05	0.00171794706	0.07628808	0.07630835	42560066	42560163	120529963	120529963	0.16502573	1	397806.6	20.710978	0.9965906	NA	NA	0.0	1.00022476	1.00022476	1	1	1:1	2	neutral	4171946
1	121220004	121229986	NA	9983	177	2.641596571	177	1	30.0	mappable	0.0	NA	NA	0.078772170539	1.0	0.11108378578	0.15054281	1.15054281	121220004	121220004	121229986	121229986	NA	missing	419120.0	20.956	1.1084	NA	NA	NA	NA	NA	NA	NA	NA	NA	NA	4171946
1	144010127	144019970	NA	9844	155	2.018337057	83	0	17.0	mappable	NA	6.0	NA	0.289057150844	0.01388888889	0.00721621422	0.15077238	0.16466127	144010127	144010127	144019970	144019970	NA	missing	396929.8	NA	0.99971	NA	NA	NA	NA	NA	NA	NA	NA	NA	NA	4171946
1	144920087	145739956	NA	819870	6369	2.000449526	5818	170	1119.0	mappable	0.09250357	2.0	self	0.018542383305	0.00138696255	0.01018378578	0.10180689	0.10319385	144920087	144920087	145739956	145739956	0.20453955	1	397806.6	20.710978	0.9965906	NA	NA	0.0	1.00022476	1.00022476	1	1	1:1	2	neutral	4171946
1	146540101	147829895	NA	1289795	11677	2.000449526	11657	198	2023.0	mappable	0.07171429	2.0	self	0.005251016693	0.00458715596	0.00908378578	0.09852843	0.10311558	146540101	146540101	147829895	147829895	0.13624677	1	397806.6	20.710978	0.9965906	NA	NA	0.0	1.00022476	1.00022476	1	1	1:1	2	neutral	4171946
1	149815060	204769890	NA	54954835	733797	2.000449526	731158	35859	128508.0	mappable	0.08215	2.0	NA	0.001760380532	2.597538e-05	0.00289145766	0.07778547	0.07781144	149815060	149815060	204769781	204769890	0.16043755	1	397806.6	20.710978	0.9965906	NA	NA	0.0	1.00022476	1.00022476	1	1	1:1	2	neutral	4171946
1	204769891	204780007	NA	10117	172	2.535512286	172	0	25.0	mappable	NA	NA	NA	NA	inf	0.09258378578	0.15032515	inf	204769891	204770000	204779942	204780072	NA	missing	408102.0	NA	1.0899	NA	NA	NA	NA	NA	NA	NA	NA	NA	NA	4171946
1	204780007	249209945	NA	44429939	610760	2.000449526	608319	27913	106710.0	mappable	0.078725	2.0	edge	0.003377829461	3.294459e-05	0.00241621422	0.07872457	0.07875752	204779942	204780072	249209945	249209945	0.15994344	1	397806.6	20.710978	0.9965906	NA	NA	0.0	1.00022476	1.00022476	1	1	1:1	2	neutral	4171946
2	20016	40189973	NA	40169963	612206	2.000449526	609633	29757	107490.0	mappable	0.078725	2.0	edge	0.000741774738	3.093198e-05	0.00286898584	0.07917777	0.07920871	20016	20016	40189935	40189973	0.15332218	1	397806.6	20.710978	0.9965906	NA	NA	0.0	1.00022476	1.00022476	1	1	1:1	2	neutral	4171946
2	40189974	40199986	NA	10013	225	2.688044286	225	0	41.0	mappable	NA	NA	NA	NA	inf	0.11918378578	0.15049377	inf	40189974	40190012	40199971	40199986	NA	missing	412960.0	NA	1.1165	NA	NA	NA	NA	NA	NA	NA	NA	NA	NA	4171946
2	40199987	42765013	NA	2565027	44781	2.000449526	44648	2285	7629.0	mappable	0.08165588	2.0	NA	0.004420791215	0.00041356493	0.0036254798	0.09393842	0.09435199	40199987	40200002	42759951	42765013	0.16269066	1	397806.6	20.710978	0.9965906	NA	NA	0.0	1.00022476	1.00022476	1	1	1:1	2	neutral	4171946
2	42765014	42785048	NA	20035	159	2.933471714	159	2	17.0	mappable	0.17795845	NA	identical	0.099186275712	0.5	0.16198378578	0.13995571	0.63995571	42765014	42770076	42779891	42790205	NA	missing	406220.0	20.457782	1.1593	NA	NA	NA	NA	NA	NA	NA	NA	NA	NA	4171946
2	42785048	87059860	NA	44274820	653558	2.000449526	651535	29984	115609.0	mappable	0.0795625	2.0	self	0.001670572018	3.124317e-05	0.00112331525	0.07874021	0.07877145	42779891	42790205	87059860	87059860	0.14488571	1	397806.6	20.710978	0.9965906	NA	NA	0.0	1.00022476	1.00022476	1	1	1:1	2	neutral	4171946
2	88330099	89160000	NA	829902	10217	2.000449526	10180	460	1768.0	mappable	0.06748864	2.0	self	0.006180053806	0.00201207243	0.00178835869	0.10171604	0.10372812	88330099	88330099	89159998	89160002	0.15307112	1	397806.6	20.710978	0.9965906	NA	NA	0.0	1.00022476	1.00022476	1	1	1:1	2	neutral	4171946
2	89160000	89229990	NA	69991	1668	-0.178525143	1664	0	253.0	mappable	NA	NA	NA	0.071076485375	0.25	0.38071621422	0.12426311	0.37426311	89159998	89160002	89229990	89229990	NA	missing	231343.8	NA	0.6166	NA	NA	NA	NA	NA	NA	NA	NA	NA	NA	4171946
2	89840102	90239998	NA	399897	914	2.425880771	901	1	191.0	mappable	0.07317073	7.0	NA	0.003453872836	0.07142857143	0.04968378578	0.10747332	0.1789019	89840102	89840102	90239998	90239998	NA	missing	429230.3	23.004874	1.0707814	NA	NA	NA	NA	NA	NA	NA	NA	NA	NA	4171946
2	95580145	96239991	NA	659847	4445	2.000449526	4438	65	804.0	mappable	0.09744605	2.0	NA	0.018142115175	0.01388888889	0.02401621422	0.10345663	0.11734552	95580145	95580145	96239991	96239991	0.26214328	1	397806.6	20.710978	0.9965906	NA	NA	0.0	1.00022476	1.00022476	1	1	1:1	2	neutral	4171946
2	96239992	96740020	NA	500029	0	0.0	0	0	NA	mappable	NA	NA	NA	NA	inf	0.99731621422	0.10564318	inf	96239992	96239992	96740020	96740020	NA	missing	NA	NA	0.0	NA	NA	0.0	0.0	0.0	0	0	NA	0	homozygousDel	4171946
2	96740021	132189994	NA	35449975	448639	2.000449526	447268	19890	78252.0	mappable	0.078725	2.0	NA	0.001134444767	4.70389e-05	0.00561577712	0.0797471	0.07979414	96740021	96740021	132189994	132189994	0.15228016	1	397806.6	20.710978	0.9965906	NA	NA	0.0	1.00022476	1.00022476	1	1	1:1	2	neutral	4171946
2	132189995	133009999	NA	820005	0	0.0	0	0	NA	mappable	NA	NA	NA	NA	inf	0.99731621422	0.10180566	inf	132189995	132189995	133009999	133009999	NA	missing	NA	NA	0.0	NA	NA	0.0	0.0	0.0	0	0	NA	0	homozygousDel	4171946
2	133010000	167050005	NA	34040008	459279	2.000449526	457905	16713	81321.0	mappable	0.08215	2.0	NA	0.001402401562	5.528833e-05	0.00756851598	0.07993373	0.07998901	133010000	133010000	167049958	167050005	0.14947786	1	397806.6	20.710978	0.9965906	NA	NA	0.0	1.00022476	1.00022476	1	1	1:1	2	neutral	4171946
2	167050006	167060057	NA	10052	177	2.974758571	175	0	54.0	mappable	NA	NA	identical	0.082399990633	0.5	0.16918378578	0.15043029	0.65043029	167050006	167050053	167059943	167060057	NA	missing	456610.0	NA	1.1665	NA	NA	NA	NA	NA	NA	NA	NA	NA	NA	4171946
2	167060058	217596171	NA	50536116	665493	2.000449526	663204	28006	117421.0	mappable	0.078725	2.0	self	0.002197204531	3.300875e-05	0.00536430819	0.07815305	0.07818606	167060058	167060172	217596155	217596171	0.16415524	1	397806.6	20.710978	0.9965906	NA	NA	0.0	1.00022476	1.00022476	1	1	1:1	2	neutral	4171946
2	217596172	217608659	DEL	12488	195	1.224081143	185	0	20.0	mappable	NA	NA	identical	0.025146768855	0.1	0.13611621422	0.14696962	0.24696962	217596172	217596250	217608640	217608659	NA	missing	334712.2	NA	0.8612	NA	NA	NA	NA	NA	NA	NA	NA	NA	NA	4171946
2	217608660	227609985	DEL	10001326	143042	2.000449526	142591	6269	24737.0	mappable	0.08039286	2.0	NA	4.7170539e-05	0.00014880952	0.00311621422	0.08600786	0.08615667	217608660	217608875	227609933	227609985	0.14298772	1	397806.6	20.710978	0.9965906	NA	NA	0.0	1.00022476	1.00022476	1	1	1:1	2	neutral	4171946
2	227609986	227619979	NA	9994	133	1.259060286	133	0	30.0	mappable	NA	NA	NA	NA	inf	0.13001621422	0.15052481	inf	227609986	227610038	227619957	227619979	NA	missing	372523.3	NA	0.8673	NA	NA	NA	NA	NA	NA	NA	NA	NA	NA	4171946
2	227619980	242999969	NA	15379993	236151	2.000449526	234953	11629	41780.0	mappable	0.08215	2.0	edge	0.003302745654	7.796055e-05	0.01055361783	0.08377121	0.08384917	227619980	227620002	242999969	242999969	0.17130342	1	397806.6	20.710978	0.9965906	NA	NA	0.0	1.00022476	1.00022476	1	1	1:1	2	neutral	4171946
3	100074	60534023	NA	60433965	868440	2.000449526	865118	44641	150339.0	mappable	0.078725	2.0	edge	0.001589547552	2.08494e-05	0.00029152927	0.07737286	0.07739371	100074	100074	60533968	60534023	0.15050886	1	397806.6	20.710978	0.9965906	NA	NA	0.0	1.00022476	1.00022476	1	1	1:1	2	neutral	4171946
3	60534024	60608811	DEL	74788	1577	1.039437143	1567	95	283.0	mappable	0.28102768	NA	identical	0.203213940572	0.00952380952	0.16831621422	0.12352908	0.13305289	60534024	60534054	60608717	60608811	0.68046897	2	325986.4	20.134454	0.829	19.59285	1.0380426	1.0	0.0	1.03943714	1	0	1:0	1	LOH	4171946
3	60608812	75519996	DEL	14911187	225336	2.000449526	224527	11167	38974.0	mappable	0.08215	2.0	self	0.001927780167	8.350731e-05	0.00141009893	0.0839282	0.08401171	60608812	60608819	75279989	75760003	0.15951374	1	397806.6	20.710978	0.9965906	NA	NA	0.0	1.00022476	1.00022476	1	1	1:1	2	neutral	4171946
3	75519996	75770003	NA	250008	958	1.58686933	950	0	120.0	mappable	NA	4.0	NA	0.001330503872	0.125	0.09501621422	0.11153485	0.23653485	75279989	75760003	75769998	75770003	NA	missing	269289.5	NA	0.9244665	NA	NA	NA	NA	NA	NA	NA	NA	NA	NA	4171946
3	75770004	75787519	NA	17516	1718	2.362910286	1705	0	189.0	mappable	NA	NA	NA	0.338539671566	0.07692307692	0.06248378578	0.14188034	0.21880342	75770004	75770009	75787519	75787519	NA	missing	191843.8	NA	1.0598	NA	NA	NA	NA	NA	NA	NA	NA	NA	NA	4171946
3	75787520	87783731	NA	11996215	169443	2.000449526	168997	6534	30596.0	mappable	0.078725	2.0	self	0.000226172593	0.00014326648	0.00305254679	0.0850482	0.08519147	75787520	75787520	87779836	87783731	0.16653897	1	397806.6	20.710978	0.9965906	NA	NA	0.0	1.00022476	1.00022476	1	1	1:1	2	neutral	4171946
3	87783732	87802161	DEL	18430	157	1.372025714	157	13	20.0	mappable	0.21245192	5.0	identical	0.133679752538	0.07692307692	0.11031621422	0.14114557	0.21806864	87783732	87790006	87802079	87802161	NA	missing	356548.9	21.392936	0.887	NA	NA	NA	NA	NA	NA	NA	NA	NA	NA	4171946
3	87802162	90499969	DEL	2697808	38118	2.000449526	38009	1608	7304.0	mappable	0.0858869	2.0	self	0.007114734223	0.00058241118	0.00798378578	0.09361825	0.09420066	87802162	87802188	90499969	90499969	0.14857172	1	397806.6	20.710978	0.9965906	NA	NA	0.0	1.00022476	1.00022476	1	1	1:1	2	neutral	4171946
3	93570175	113575007	NA	20004835	281040	2.000449526	280175	14153	49253.0	mappable	0.078725	2.0	NA	0.00022814878	6.65912e-05	7.767451e-05	0.08246115	0.08252774	93570175	93570175	113569961	113580053	0.16111805	1	397806.6	20.710978	0.9965906	NA	NA	0.0	1.00022476	1.00022476	1	1	1:1	2	neutral	4171946
3	113575007	113589989	NA	14983	144	1.477536571	144	0	21.0	mappable	NA	NA	NA	NA	inf	0.09191621422	0.14418531	inf	113569961	113580053	113589871	113589989	NA	missing	412260.0	NA	0.9054	NA	NA	NA	NA	NA	NA	NA	NA	NA	NA	4171946
3	113589990	137669987	NA	24079999	312982	2.000449526	311819	15266	53897.0	mappable	0.078725	2.0	NA	0.002733166431	6.086798e-05	0.00693549712	0.08156164	0.08162251	113589990	113590108	137669950	137670024	0.16311712	1	397806.6	20.710978	0.9965906	NA	NA	0.0	1.00022476	1.00022476	1	1	1:1	2	neutral	4171946
3	137669987	137699963	NA	29977	443	2.509134571	443	0	88.0	mappable	NA	NA	NA	NA	inf	0.08798378578	0.13448481	inf	137669950	137670024	137699913	137699963	NA	missing	417088.7	NA	1.0853	NA	NA	NA	NA	NA	NA	NA	NA	NA	NA	4171946
3	137699964	151369982	NA	13670019	188079	2.000449526	187550	9651	32945.0	mappable	0.08065	2.0	NA	0.003377829461	9.823183e-05	0.00321621422	0.08437212	0.08447036	137699964	137700014	151369885	151370079	0.13589488	1	397806.6	20.710978	0.9965906	NA	NA	0.0	1.00022476	1.00022476	1	1	1:1	2	neutral	4171946
3	151369982	151384937	NA	14956	136	2.729904571	136	0	31.0	mappable	NA	NA	NA	NA	inf	0.12648378578	0.14421236	inf	151369885	151370079	151379868	151390006	NA	missing	455575.6	NA	1.1238	NA	NA	NA	NA	NA	NA	NA	NA	NA	NA	4171946
3	151384937	172995013	NA	21610082	289742	2.000449526	288776	14314	51324.0	mappable	0.078725	2.0	NA	0.000285849529	6.544503e-05	0.00253339957	0.08208428	0.08214973	151379868	151390006	172989984	173000042	0.1371846	1	397806.6	20.710978	0.9965906	NA	NA	0.0	1.00022476	1.00022476	1	1	1:1	2	neutral	4171946
3	172995013	173015093	NA	20081	140	1.451732286	140	0	29.0	mappable	NA	NA	NA	NA	inf	0.09641621422	0.13992332	inf	172989984	173000042	173009950	173015093	NA	missing	372653.8	NA	0.9009	NA	NA	NA	NA	NA	NA	NA	NA	NA	NA	4171946
3	173015094	187426054	NA	14410961	192377	2.000449526	191667	9006	34522.0	mappable	0.078725	2.0	NA	4.7170539e-05	0.00010293361	0.00508378578	0.08410194	0.08420488	173015094	173020237	187425934	187426054	0.16891894	1	397806.6	20.710978	0.9965906	NA	NA	0.0	1.00022476	1.00022476	1	1	1:1	2	neutral	4171946
3	187426055	188208050	DUP	781996	12177	4.497211429	12133	363	2202.0	mappable	0.3137	NA	NA	0.233827829461	0.00245700246	0.43468378578	0.10216173	0.10461874	187426055	187426163	188208030	188208050	0.83701151	2	565867.4	35.928087	1.432	19.68903	0.7463528	0.4927055	1.14070531	3.35650612	sub	1	sub:1	sub	sub	4171946
3	188208051	188219963	DUP	11913	193	2.889317714	193	0	44.0	mappable	NA	NA	NA	NA	inf	0.15428378578	0.14770777	inf	188208051	188208169	188219917	188220009	NA	missing	457912.2	NA	1.1516	NA	NA	NA	NA	NA	NA	NA	NA	NA	NA	4171946
3	188219963	197779892	NA	9559930	141657	2.000449526	141052	7313	25183.0	mappable	0.0798	2.0	edge	4.7170539e-05	0.00012629452	0.00968378578	0.08624939	0.08637569	188219917	188220009	197779892	197779892	0.15868933	1	397806.6	20.710978	0.9965906	NA	NA	0.0	1.00022476	1.00022476	1	1	1:1	2	neutral	4171946
4	50084	8939952	NA	8889872	145901	2.000449526	144826	7052	25877.0	mappable	0.0753	2.0	edge	0.001056944742	0.00012306178	0.01326186367	0.08664111	0.08676417	50084	50084	8939952	8939952	0.15343683	1	397806.6	20.710978	0.9965906	NA	NA	0.0	1.00022476	1.00022476	1	1	1:1	2	neutral	4171946
4	9800043	24959999	NA	15159959	240607	2.000449526	239843	11268	41234.0	mappable	0.078725	2.0	NA	0.000328693823	8.31117e-05	0.00752983311	0.08384422	0.08392733	9800043	9800043	24959989	24960009	0.16746716	1	397806.6	20.710978	0.9965906	NA	NA	0.0	1.00022476	1.00022476	1	1	1:1	2	neutral	4171946
4	24959999	24970004	NA	10006	144	2.573358571	144	0	17.0	mappable	NA	NA	NA	NA	inf	0.09918378578	0.1505052	inf	24959989	24960009	24969999	24970004	NA	missing	398111.7	NA	1.0965	NA	NA	NA	NA	NA	NA	NA	NA	NA	NA	4171946
4	24970005	32588288	NA	7618284	119041	2.000449526	118636	6251	21086.0	mappable	0.08165588	2.0	NA	0.003377829461	0.00015024038	0.00101621422	0.0874851	0.08763534	24970005	24970010	32588176	32588288	0.15913343	1	397806.6	20.710978	0.9965906	NA	NA	0.0	1.00022476	1.00022476	1	1	1:1	2	neutral	4171946
4	32588289	32591607	DEL	3319	63	1.836502857	63	0	10.0	mappable	NA	NA	NA	NA	inf	0.02931621422	0.17099084	inf	32588289	32588313	32591522	32591607	NA	missing	397060.4	NA	0.968	NA	NA	NA	NA	NA	NA	NA	NA	NA	NA	4171946
4	32591608	49089961	DEL	16498354	239571	2.000449526	238854	10675	42603.0	mappable	0.08065	2.0	NA	4.7170539e-05	8.779631e-05	0.00738378578	0.08341738	0.08350518	32591608	32591627	49089961	49089961	0.1590914	1	397806.6	20.710978	0.9965906	NA	NA	0.0	1.00022476	1.00022476	1	1	1:1	2	neutral	4171946
4	52680564	71900000	NA	19219437	277542	2.000449526	276682	13495	49064.0	mappable	0.08128088	2.0	NA	0.002547681049	6.966214e-05	0.00040968672	0.08265808	0.08272774	52680564	52680564	71899992	71900000	0.15384092	1	397806.6	20.710978	0.9965906	NA	NA	0.0	1.00022476	1.00022476	1	1	1:1	2	neutral	4171946
4	71900001	71910032	NA	10032	190	2.821653143	190	0	36.0	mappable	NA	NA	NA	NA	inf	0.14248378578	0.15046281	inf	71900001	71900009	71909988	71910032	NA	missing	438988.0	NA	1.1398	NA	NA	NA	NA	NA	NA	NA	NA	NA	NA	4171946
4	71910033	100024977	NA	28114952	375312	2.000449526	374150	16862	66328.0	mappable	0.0789877	2.0	NA	0.000399918223	5.548158e-05	0.00104079568	0.08082495	0.08088043	71910033	71910077	100009923	100040031	0.14921935	1	397806.6	20.710978	0.9965906	NA	NA	0.0	1.00022476	1.00022476	1	1	1:1	2	neutral	4171946
4	100024977	100049990	NA	25014	162	1.471802286	162	0	20.0	mappable	NA	NA	NA	NA	inf	0.09291621422	0.13688834	inf	100009923	100040031	100049968	100050012	NA	missing	378148.6	NA	0.9044	NA	NA	NA	NA	NA	NA	NA	NA	NA	NA	4171946
4	100049990	108560052	NA	8510063	108824	2.000449526	108544	4500	19393.0	mappable	0.0782	2.0	NA	0.00021671835	0.00020920502	0.00838378578	0.08687819	0.08708739	100049968	100050012	108559918	108560186	0.13478924	1	397806.6	20.710978	0.9965906	NA	NA	0.0	1.00022476	1.00022476	1	1	1:1	2	neutral	4171946
4	108560052	108570000	NA	9949	157	1.419046857	157	0	21.0	mappable	NA	NA	NA	NA	inf	0.10211621422	0.1505986	inf	108559918	108560186	108569981	108570000	NA	missing	364108.0	NA	0.8952	NA	NA	NA	NA	NA	NA	NA	NA	NA	NA	4171946
4	108570001	124144921	NA	15574921	209375	2.000449526	208694	10613	36813.0	mappable	0.0798	2.0	NA	4.7170539e-05	8.854259e-05	0.00181621422	0.0837075	0.08379604	108570001	108570020	124139759	124150083	0.14321718	1	397806.6	20.710978	0.9965906	NA	NA	0.0	1.00022476	1.00022476	1	1	1:1	2	neutral	4171946
4	124144921	124170036	NA	25116	334	2.505694	334	0	62.0	mappable	NA	NA	NA	NA	inf	0.08738378578	0.13683336	inf	124139759	124150083	124169990	124170036	NA	missing	425919.7	NA	1.0847	NA	NA	NA	NA	NA	NA	NA	NA	NA	NA	4171946
4	124170037	177214995	NA	53044964	724182	2.000449526	721883	33863	128423.0	mappable	0.078725	2.0	NA	8.0974925e-05	2.765334e-05	0.0015277105	0.07794016	0.07796781	124170037	124170083	177209987	177220003	0.14848001	1	397806.6	20.710978	0.9965906	NA	NA	0.0	1.00022476	1.00022476	1	1	1:1	2	neutral	4171946
4	177214995	177240002	NA	25008	338	2.425880771	336	26	41.0	mappable	0.13245	7.0	NA	0.047493738552	0.03571428571	0.07378378578	0.13689158	0.17260587	177209987	177220003	177239994	177240002	NA	missing	429230.3	23.004874	1.0707814	NA	NA	NA	NA	NA	NA	NA	NA	NA	NA	4171946
4	177240003	177259991	NA	19989	320	1.967818	318	34	67.0	mappable	0.16959487	NA	NA	0.094852188435	0.02777777778	0.00641621422	0.1399882	0.16776598	177240003	177240011	177259920	177260062	0.16881675	1	418455.3	21.969761	0.9909	NA	NA	0.0	0.983909	0.983909	1	1	1:1	2	neutral	4171946
4	177259991	177269998	NA	10008	191	2.967674435	188	45	24.0	mappable	0.08527292	3.0	NA	0.000326337206	0.02083333333	0.15168378578	0.15050193	0.17133526	177259920	177260062	177269934	177270062	0.2719169	1	465146.1	26.517568	1.1652646	NA	NA	0.0	1.48383722	1.48383722	sub	sub	sub:sub	sub	sub	4171946
4	177269998	190939997	NA	13670001	224804	2.000449526	223150	13950	39922.0	mappable	0.08190357	2.0	edge	0.003346429037	6.408613e-05	0.00933454441	0.08437213	0.08443622	177269934	177270062	190939997	190939997	0.18351825	1	397806.6	20.710978	0.9965906	NA	NA	0.0	1.00022476	1.00022476	1	1	1:1	2	neutral	4171946
5	50017	13180037	NA	13130021	215927	2.425880771	214892	11728	37677.0	mappable	0.08215	7.0	edge	0.003377829461	7.835762e-05	0.05308378578	0.08457959	0.08465795	50017	50017	13179938	13180037	0.29538918	1	429230.3	23.004874	1.0707814	NA	NA	0.0	1.21294039	1.21294039	1	1	1:1	2	neutral	4171946
5	13180038	13200011	NA	19974	356	2.837135714	356	20	71.0	mappable	0.04426136	NA	NA	0.034510806903	0.05	0.14518378578	0.13999881	0.18999881	13180038	13180137	13199957	13200065	NA	missing	437859.7	23.642327	1.1425	NA	NA	NA	NA	NA	NA	NA	NA	NA	NA	4171946
5	13200011	13370007	NA	169997	3055	2.425880771	3036	316	523.0	mappable	0.08570147	7.0	NA	0.008352829461	0.00298507463	0.05478378578	0.11510692	0.118092	13199957	13200065	13369943	13370007	0.22164729	1	429230.3	23.004874	1.0707814	NA	NA	0.0	1.21294039	1.21294039	1	1	1:1	2	neutral	4171946
5	13370008	13379985	NA	9978	204	1.58686933	201	30	31.0	mappable	0.08443333	4.0	NA	0.007087585559	0.0303030303	0.06141621422	0.150551	0.18085403	13370008	13370072	13379960	13379985	NA	missing	269289.5	14.582213	0.9244665	NA	NA	NA	NA	NA	NA	NA	NA	NA	NA	4171946
5	13379986	26200020	NA	12820035	180314	2.425880771	179720	7959	32182.0	mappable	0.08215	7.0	NA	0.003377829461	0.00011691804	0.07528378578	0.08470306	0.08481998	13379986	13380011	26199965	26200075	0.30360257	1	429230.3	23.004874	1.0707814	NA	NA	0.0	1.21294039	1.21294039	1	1	1:1	2	neutral	4171946
5	26200020	26219988	NA	19969	359	1.999356571	359	0	76.0	mappable	NA	NA	NA	NA	inf	0.00091621422	0.14000235	inf	26199965	26200075	26219931	26219988	NA	missing	417039.2	NA	0.9964	NA	NA	NA	NA	NA	NA	NA	NA	NA	NA	4171946
5	26219989	40950008	NA	14730020	211681	2.425880771	211038	9509	37312.0	mappable	0.08215	7.0	NA	0.003377829461	9.850276e-05	0.06688378578	0.08399036	0.08408886	26219989	26220046	40949997	40950019	0.31626763	1	429230.3	23.004874	1.0707814	NA	NA	0.0	1.21294039	1.21294039	1	1	1:1	2	neutral	4171946
5	40950008	40959999	NA	9992	164	2.979346	164	9	25.0	mappable	0.01337162	NA	NA	0.065400548917	0.11111111111	0.16998378578	0.15052808	0.26163919	40949997	40950019	40959976	40960022	NA	missing	459646.7	23.981567	1.1673	NA	NA	NA	NA	NA	NA	NA	NA	NA	NA	4171946
5	40959999	42960016	NA	2000018	28211	2.425880771	28105	1144	4901.0	mappable	0.07413864	7.0	NA	0.003372170539	0.0008	0.07508378578	0.0955494	0.0963494	40959976	40960022	42959970	42960062	0.29879902	1	429230.3	23.004874	1.0707814	NA	NA	0.0	1.21294039	1.21294039	1	1	1:1	2	neutral	4171946
5	42960016	42989958	NA	29943	549	2.967674435	539	31	85.0	mappable	0.0574713	3.0	NA	0.017997170539	0.0243902439	0.16858378578	0.13449961	0.15888986	42959970	42960062	42989914	42989958	0.41675944	2	465146.1	26.517568	1.1652646	19.88921	0.657816	0.3156319	1.01549085	1.95218359	2	1	2:1	3	gain	4171946
5	42989959	46399990	NA	3410032	48766	2.425880771	48680	819	9287.0	mappable	0.08065	7.0	NA	0.005027829461	0.00110497238	0.07428378578	0.09216015	0.09326512	42989959	42990003	46399990	46399990	0.30600086	1	429230.3	23.004874	1.0707814	NA	NA	0.0	1.21294039	1.21294039	1	1	1:1	2	neutral	4171946
5	49470005	50320029	NA	850025	10587	2.425880771	10571	125	2148.0	mappable	0.06775641	7.0	NA	0.008391614983	0.00709219858	0.10548378578	0.10153755	0.10862975	49470005	49470005	50319995	50320063	0.29976271	1	429230.3	23.004874	1.0707814	NA	NA	0.0	1.21294039	1.21294039	1	1	1:1	2	neutral	4171946
5	50320029	50339996	NA	19968	304	2.967674435	289	0	50.0	mappable	NA	3.0	NA	0.015253501882	0.06666666667	0.18838378578	0.14000306	0.20666972	50319995	50320063	50339971	50340021	NA	missing	465146.1	NA	1.1652646	NA	NA	NA	NA	NA	NA	NA	NA	NA	NA	4171946
5	50339996	64030002	NA	13690007	184511	2.425880771	183919	8986	31976.0	mappable	0.08215	7.0	NA	0.003377829461	0.00010440593	0.07818378578	0.08436462	0.08446903	50339971	50340021	64029998	64030006	0.30937009	1	429230.3	23.004874	1.0707814	NA	NA	0.0	1.21294039	1.21294039	1	1	1:1	2	neutral	4171946
5	64030002	64049979	NA	19978	272	2.000449526	271	17	50.0	mappable	0.07489031	2.0	self	0.009258905233	0.05555555556	0.00038378578	0.13999598	0.19555154	64029998	64030006	64049914	64049979	NA	missing	397806.6	20.710978	0.9965906	NA	NA	NA	NA	NA	NA	NA	NA	NA	NA	4171946
5	64049980	66159978	NA	2109999	27749	2.425880771	27691	790	4834.0	mappable	0.079075	7.0	NA	0.002970253704	0.00117924528	0.08498378578	0.09519815	0.0963774	64049980	64050045	66159943	66160013	0.32322263	1	429230.3	23.004874	1.0707814	NA	NA	0.0	1.21294039	1.21294039	1	1	1:1	2	neutral	4171946
5	66159978	66179972	NA	19995	365	2.835415429	364	15	67.0	mappable	0.18855765	NA	NA	0.104714564155	0.0625	0.14488378578	0.13998396	0.20248396	66159943	66160013	66179907	66180037	NA	missing	457073.9	26.574066	1.1422	NA	NA	NA	NA	NA	NA	NA	NA	NA	NA	4171946
5	66179972	68829703	NA	2649732	32880	2.425880771	32777	1578	5769.0	mappable	0.08026473	7.0	NA	0.0024593512	0.000594884	0.08398378578	0.09373207	0.09432695	66179907	66180037	68829703	68829703	0.34432502	1	429230.3	23.004874	1.0707814	NA	NA	0.0	1.21294039	1.21294039	1	1	1:1	2	neutral	4171946
5	70750153	89580057	NA	18829905	248395	2.425880771	247703	10899	43389.0	mappable	0.08215	7.0	NA	0.003377829461	8.627383e-05	0.07348378578	0.08275911	0.08284539	70750153	70750153	89579892	89580057	0.29916988	1	429230.3	23.004874	1.0707814	NA	NA	0.0	1.21294039	1.21294039	1	1	1:1	2	neutral	4171946
5	89580058	89589993	NA	9936	142	3.174885143	123	0	27.0	mappable	NA	NA	NA	0.037978130291	0.05263157895	0.20408378578	0.15062	0.20325157	89580058	89580223	89589987	89589993	NA	missing	432936.2	NA	1.2014	NA	NA	NA	NA	NA	NA	NA	NA	NA	NA	4171946
5	89589994	97900186	NA	8310193	106601	2.425880771	106314	3749	19015.0	mappable	0.07744773	7.0	NA	4.7170539e-05	0.00024777007	0.08738378578	0.08700778	0.08725555	89589994	89590000	97899993	97900186	0.29502323	1	429230.3	23.004874	1.0707814	NA	NA	0.0	1.21294039	1.21294039	1	1	1:1	2	neutral	4171946
5	97900187	97909999	NA	9813	171	2.000449526	143	0	23.0	mappable	NA	2.0	self	0.04289379216	0.03571428571	0.03121621422	0.15082412	0.18653841	97900187	97900380	97909956	97909999	NA	missing	397806.6	NA	0.9965906	NA	NA	NA	NA	NA	NA	NA	NA	NA	NA	4171946
5	97910000	99619958	NA	1709959	23428	2.425880771	23311	1359	4255.0	mappable	0.084175	7.0	NA	0.004602829461	0.00067750678	0.06938378578	0.09659255	0.09727006	97910000	97910043	99619895	99620021	0.28629792	1	429230.3	23.004874	1.0707814	NA	NA	0.0	1.21294039	1.21294039	1	1	1:1	2	neutral	4171946
5	99619958	99629991	NA	10034	205	1.865174286	199	0	42.0	mappable	NA	NA	NA	0.210827829461	0.16666666667	0.02431621422	0.15045955	0.31712622	99619895	99620021	99629969	99629991	NA	missing	415281.7	NA	0.973	NA	NA	NA	NA	NA	NA	NA	NA	NA	NA	4171946
5	99629992	99650058	NA	20067	335	2.529838783	335	13	66.0	mappable	0.1420375	1.0	NA	0.063265329461	0.07692307692	0.08958378578	0.13993317	0.21685624	99629992	99630014	99649996	99650058	NA	missing	435591.5	24.431376	1.0889106	NA	NA	NA	NA	NA	NA	NA	NA	NA	NA	4171946
5	99650059	99750001	NA	99943	494	2.967674435	492	28	98.0	mappable	0.08045404	3.0	NA	0.003864047673	0.03333333333	0.16288378578	0.12041796	0.1537513	99650059	99650121	99749977	99750001	NA	missing	465146.1	26.517568	1.1652646	NA	NA	NA	NA	NA	NA	NA	NA	NA	NA	4171946
5	99750002	103180033	NA	3430032	49018	2.425880771	48869	3010	8512.0	mappable	0.07990185	7.0	NA	0.001639193097	0.00031655587	0.08978378578	0.09212433	0.09244089	99750002	99750026	103179997	103180069	0.29332654	1	429230.3	23.004874	1.0707814	NA	NA	0.0	1.21294039	1.21294039	1	1	1:1	2	neutral	4171946
5	103180033	114270057	NA	11090025	170664	2.000449526	170203	8130	30063.0	mappable	0.078725	2.0	self	0.000130466111	0.00011640088	0.08095722951	0.08546001	0.08557641	103179997	103180069	114269970	114270057	0.31299673	1	397806.6	20.710978	0.9965906	NA	NA	0.0	1.00022476	1.00022476	1	1	1:1	2	neutral	4171946
5	114270058	147930013	NA	33659956	472946	2.425880771	471457	20439	83202.0	mappable	0.08215	7.0	NA	0.003377829461	4.560795e-05	0.07918378578	0.07998551	0.08003111	114270058	114270145	147929998	147930028	0.3070411	1	429230.3	23.004874	1.0707814	NA	NA	0.0	1.21294039	1.21294039	1	1	1:1	2	neutral	4171946
5	147930013	147969985	NA	39973	548	3.054465143	547	33	93.0	mappable	0.04587273	NA	NA	0.032899443266	0.02941176471	0.18308378578	0.13083236	0.16024412	147929998	147930028	147969923	147970047	0.2879981	1	452850.6	23.671737	1.1804	NA	NA	0.0	1.52723257	1.52723257	sub	sub	sub:sub	sub	sub	4171946
5	147969985	157849973	NA	9879989	140960	2.425880771	140510	7596	23918.0	mappable	0.085575	7.0	NA	0.006802829461	0.00012428536	0.07248378578	0.08607305	0.08619733	147969923	147970047	157849922	157850024	0.3059746	1	429230.3	23.004874	1.0707814	NA	NA	0.0	1.21294039	1.21294039	1	1	1:1	2	neutral	4171946
5	157849973	157880000	NA	30028	506	2.967674435	505	68	80.0	mappable	0.05878397	3.0	NA	0.024017683359	0.01449275362	0.17288378578	0.13446263	0.14895539	157849922	157850024	157879998	157880002	0.26384334	1	465146.1	26.517568	1.1652646	NA	NA	0.0	1.48383722	1.48383722	sub	sub	sub:sub	sub	sub	4171946
5	157880000	161779972	NA	3899973	55816	2.425880771	55661	2403	9736.0	mappable	0.08759722	7.0	NA	0.006802829461	0.00039093041	0.07688378578	0.09134492	0.09173585	157879998	157880002	161779942	161779972	0.32701172	1	429230.3	23.004874	1.0707814	NA	NA	0.0	1.21294039	1.21294039	1	1	1:1	2	neutral	4171946
5	161779973	161799991	NA	20019	360	2.822226571	360	0	70.0	mappable	NA	NA	NA	NA	inf	0.14258378578	0.139967	inf	161779973	161780003	161799957	161799991	NA	missing	447431.5	NA	1.1399	NA	NA	NA	NA	NA	NA	NA	NA	NA	NA	4171946
5	161799992	162140142	NA	340151	5017	2.425880771	5003	76	898.0	mappable	0.08435556	7.0	NA	0.006618324385	0.01111111111	0.06248378578	0.10883871	0.11994982	161799992	161800026	162139993	162140291	0.39031387	2	429230.3	23.004874	1.0707814	19.97295	0.5910098	0.1820195	0.99216155	1.43371922	sub	1	sub:1	sub	sub	4171946
5	162140142	162149981	NA	9840	129	3.081989714	128	0	31.0	mappable	NA	NA	NA	0.048469140236	1.0	0.18788378578	0.15077905	1.15077905	162139993	162140291	162149871	162149981	NA	missing	452996.7	NA	1.1852	NA	NA	NA	NA	NA	NA	NA	NA	NA	NA	4171946
5	162149982	178220000	NA	16070019	221505	2.425880771	220610	11473	38522.0	mappable	0.08215	7.0	NA	0.003377829461	8.086035e-05	0.06748378578	0.08354963	0.08363049	162149982	162150092	178219977	178220000	0.28969504	1	429230.3	23.004874	1.0707814	NA	NA	0.0	1.21294039	1.21294039	1	1	1:1	2	neutral	4171946
5	178220001	180084989	NA	1864991	24806	2.000449526	24636	1099	4392.0	mappable	0.08197794	2.0	self	0.005475291672	0.00078802206	0.06884709304	0.09601196	0.09679999	178220001	178220024	180079970	180084989	0.30512138	1	397806.6	20.710978	0.9965906	NA	NA	0.0	1.00022476	1.00022476	1	1	1:1	2	neutral	4171946
5	180084990	180689979	NA	604990	8493	2.529838783	8466	113	1591.0	mappable	0.17157115	1.0	edge	0.090971011279	0.00714285714	0.08998378578	0.10413113	0.11127399	180084990	180090009	180689979	180689979	0.34011411	1	435591.5	24.431376	1.0889106	NA	NA	0.0	1.26491939	1.26491939	1	1	1:1	2	neutral	4171946
6	201976	32509998	NA	32308028	483821	2.018337057	480720	23947	85072.0	mappable	0.352725	6.0	edge	0.273398086235	3.697404e-05	0.0014061643	0.08017514	0.08021211	201976	201976	32509985	32509998	0.90183614	2	396929.8	26.707026	0.99971	19.783	0.9909126	0.9818251	0.01834153	1.99999553	2	0	2:0	2	cnLOH	4171946
6	32509999	32534986	NA	24988	790	2.760869714	673	86	174.0	mappable	0.3105646	NA	NA	0.219577829461	0.00492610837	0.13188378578	0.1369024	0.14182851	32509999	32510012	32519968	32550004	0.90545455	2	469768.0	30.948962	1.1292	20.72837	0.8724709	0.7449419	0.35209116	2.40877855	sub	sub	sub:sub	sub	sub	4171946
6	32534986	58019982	NA	25484997	375922	2.000449526	372107	17735	65360.0	mappable	0.07951346	2.0	self	0.007483966338	4.640371e-05	0.0002135893	0.08129042	0.08133682	32519968	32550004	58019982	58019982	0.25664138	1	397806.6	20.710978	0.9965906	NA	NA	0.0	1.00022476	1.00022476	1	1	1:1	2	neutral	4171946
6	58610011	58769997	NA	159987	572	2.000449526	572	20	122.0	mappable	0.08854808	2.0	self	0.009775906384	0.05	0.00621621422	0.11568989	0.16568989	58610011	58610011	58769997	58769997	NA	missing	397806.6	20.710978	0.9965906	NA	NA	NA	NA	NA	NA	NA	NA	NA	NA	4171946
6	61890002	61984016	NA	94015	1196	2.425880771	1187	10	321.0	mappable	0.06320374	7.0	NA	0.023890027682	0.05263157895	0.06858378578	0.12106095	0.17369253	61890002	61890002	61983999	61984016	NA	missing	429230.3	23.004874	1.0707814	NA	NA	NA	NA	NA	NA	NA	NA	NA	NA	4171946
6	61984017	77209281	NA	15225270	218835	2.000449526	218000	10813	39358.0	mappable	0.078725	2.0	NA	4.1881576e-05	8.585165e-05	0.00464069304	0.08382242	0.08390827	61984017	61984034	77189857	77209281	0.14160716	1	397806.6	20.710978	0.9965906	NA	NA	0.0	1.00022476	1.00022476	1	1	1:1	2	neutral	4171946
6	77209282	77245690	DEL	36409	602	1.111115714	602	0	114.0	mappable	NA	NA	NA	NA	inf	0.15581621422	0.13199571	inf	77209282	77210055	77245677	77245690	NA	missing	344968.2	NA	0.8415	NA	NA	NA	NA	NA	NA	NA	NA	NA	NA	4171946
6	77245691	170899935	DEL	93654256	1318998	2.000449526	1314365	61871	233755.0	mappable	0.078725	2.0	edge	0.001341891989	1.503692e-05	0.00080909909	0.0755263	0.07554134	77245691	77245717	170899935	170899935	0.14835445	1	397806.6	20.710978	0.9965906	NA	NA	0.0	1.00022476	1.00022476	1	1	1:1	2	neutral	4171946
7	40386	3020008	NA	2979623	50671	2.967674435	50227	3000	9152.0	mappable	0.1027	3.0	edge	0.027352829461	0.00029052876	0.16848378578	0.09299428	0.09328481	40386	40386	3019997	3020008	0.56559566	2	465146.1	26.517568	1.1652646	19.88921	0.657816	0.3156319	1.01549085	1.95218359	2	1	2:1	3	gain	4171946
7	3020009	3029995	NA	9987	237	2.391581714	237	6	34.0	mappable	0.42833889	NA	NA	0.34956671835	0.16666666667	0.06748378578	0.15053626	0.31720293	3020009	3020020	3029973	3029995	NA	missing	420920.0	27.791513	1.0648	NA	NA	NA	NA	NA	NA	NA	NA	NA	NA	4171946
7	3029996	3039829	NA	9834	215	3.682369429	215	8	40.0	mappable	0.30645833	NA	NA	0.227686162794	0.125	0.29258378578	0.15078905	0.27578905	3029996	3030018	3039631	3039829	NA	missing	473666.7	29.824821	1.2899	NA	NA	NA	NA	NA	NA	NA	NA	NA	NA	4171946
7	3039830	36989995	NA	33950168	522930	2.967674435	521322	26557	91343.0	mappable	0.1027	3.0	NA	0.023463764461	3.550632e-05	0.17359020978	0.07994591	0.07998141	3039830	3040028	36989915	36990075	0.5469743	2	465146.1	26.517568	1.1652646	19.88921	0.657816	0.3156319	1.01549085	1.95218359	2	1	2:1	3	gain	4171946
7	36989995	37008493	NA	18499	273	3.467907143	271	0	54.0	mappable	NA	NA	NA	0.175015708249	0.5	0.25518378578	0.14109189	0.64109189	36989915	36990075	37008421	37008493	NA	missing	462704.5	NA	1.2525	NA	NA	NA	NA	NA	NA	NA	NA	NA	NA	4171946
7	37008494	57989979	NA	20981490	280138	2.967674435	279112	16457	48667.0	mappable	0.09808571	3.0	NA	0.020147120906	5.719842e-05	0.16342047912	0.082228	0.0822852	37008494	37008566	57989927	57989979	0.53949065	2	465146.1	26.517568	1.1652646	19.88921	0.657816	0.3156319	1.01549085	1.95218359	2	1	2:1	3	gain	4171946
7	57989980	57999988	NA	10009	930	2.582533429	917	0	338.0	mappable	NA	NA	NA	0.196063940572	0.07692307692	0.10078378578	0.1505003	0.22742338	57989980	57990032	57999988	57999988	NA	missing	443424.0	NA	1.0981	NA	NA	NA	NA	NA	NA	NA	NA	NA	NA	4171946
7	61835088	72229988	NA	10394901	108872	2.967674435	108141	4665	20169.0	mappable	0.1091777	3.0	NA	0.023927829461	0.00018532246	0.16468378578	0.08580239	0.08598772	61835088	61870177	72229988	72229988	0.56735952	2	465146.1	26.517568	1.1652646	19.88921	0.657816	0.3156319	1.01549085	1.95218359	2	1	2:1	3	gain	4171946
7	72750118	73779983	NA	1029866	7782	2.967674435	7745	263	1417.0	mappable	0.09309022	3.0	NA	0.017308264244	0.00333333333	0.17998378578	0.10013004	0.10346338	72750118	72750118	73779827	73779983	0.50972636	2	465146.1	26.517568	1.1652646	19.88921	0.657816	0.3156319	1.01549085	1.95218359	2	1	2:1	3	gain	4171946
7	73779984	73805023	NA	25040	290	2.425880771	281	3	73.0	mappable	0.004975	7.0	NA	0.002565329461	0.08333333333	0.08828378578	0.1368743	0.22020763	73779984	73780140	73799951	73805023	NA	missing	429230.3	23.004874	1.0707814	NA	NA	NA	NA	NA	NA	NA	NA	NA	NA	4171946
7	73805024	74139961	NA	334938	2195	2.967674435	2167	77	430.0	mappable	0.11099722	3.0	NA	0.038985521769	0.00952380952	0.19628378578	0.10897084	0.11849465	73805024	73810096	74139961	74139961	0.64584099	2	465146.1	26.517568	1.1652646	19.88921	0.657816	0.3156319	1.01549085	1.95218359	2	1	2:1	3	gain	4171946
7	75160045	76059952	NA	899908	8433	2.967674435	8372	441	1615.0	mappable	0.08396413	3.0	NA	0.01073761207	0.00199203187	0.18018378578	0.10111521	0.10310724	75160045	75160045	76059952	76059952	0.58642184	2	465146.1	26.517568	1.1652646	19.88921	0.657816	0.3156319	1.01549085	1.95218359	2	1	2:1	3	gain	4171946
7	76810004	81490004	NA	4680001	68772	2.967674435	68556	3291	12139.0	mappable	0.099625	3.0	NA	0.023563543747	0.000285144	0.15088378578	0.09026054	0.09054568	76810004	76810004	81489983	81490004	0.54705617	2	465146.1	26.517568	1.1652646	19.88921	0.657816	0.3156319	1.01549085	1.95218359	2	1	2:1	3	gain	4171946
7	81490005	81529988	NA	39984	541	2.425880771	527	0	95.0	mappable	NA	7.0	NA	0.019968770228	0.07142857143	0.06338378578	0.13082896	0.20225753	81490005	81490026	81529977	81529988	NA	missing	429230.3	NA	1.0707814	NA	NA	NA	NA	NA	NA	NA	NA	NA	NA	4171946
7	81529989	98199975	NA	16669991	215842	2.967674435	215038	10454	38513.0	mappable	0.1027	3.0	NA	0.025092180691	8.882572e-05	0.16276062439	0.08336546	0.08345429	81529989	81530000	98199921	98199975	0.54156147	2	465146.1	26.517568	1.1652646	19.88921	0.657816	0.3156319	1.01549085	1.95218359	2	1	2:1	3	gain	4171946
7	98199976	98220022	NA	20047	303	2.479316286	299	0	59.0	mappable	NA	NA	NA	0.251502467142	0.25	0.08278378578	0.13994725	0.38994725	98199976	98200030	98219961	98220022	NA	missing	434412.5	NA	1.0801	NA	NA	NA	NA	NA	NA	NA	NA	NA	NA	4171946
7	98220023	98580019	NA	359997	5005	2.967674435	4973	273	878.0	mappable	0.09775	3.0	NA	0.010227829461	0.00327868852	0.16558378578	0.1083563	0.11163499	98220023	98220084	98579944	98580094	0.58068845	2	465146.1	26.517568	1.1652646	19.88921	0.657816	0.3156319	1.01549085	1.95218359	2	1	2:1	3	gain	4171946
7	98580019	98600002	NA	19984	309	2.529838783	307	0	58.0	mappable	NA	1.0	NA	0.092430204523	0.5	0.09788378578	0.13999173	0.63999173	98579944	98580094	98599990	98600014	NA	missing	435591.5	NA	1.0889106	NA	NA	NA	NA	NA	NA	NA	NA	NA	NA	4171946
7	98600002	110322439	NA	11722438	143780	2.967674435	143108	6977	25673.0	mappable	0.10447885	3.0	NA	0.023977980176	0.00013073604	0.18286220281	0.08516883	0.08529957	98599990	98600014	110322380	110322439	0.57215919	2	465146.1	26.517568	1.1652646	19.88921	0.657816	0.3156319	1.01549085	1.95218359	2	1	2:1	3	gain	4171946
7	110322440	110324154	DEL	1715	30	2.578519429	30	0	5.0	mappable	NA	NA	NA	NA	inf	0.10008378578	0.18615053	inf	110322440	110322522	110324133	110324154	NA	missing	457933.0	NA	1.0974	NA	NA	NA	NA	NA	NA	NA	NA	NA	NA	4171946
7	110324155	110333703	DEL	9549	140	2.091678571	140	0	26.0	mappable	NA	NA	NA	NA	inf	0.01518378578	0.15127296	inf	110324155	110324178	110333189	110333703	NA	missing	428090.8	NA	1.0125	NA	NA	NA	NA	NA	NA	NA	NA	NA	NA	4171946
7	110333704	110450913	DEL	117210	1396	1.066388286	1392	64	235.0	mappable	0.17375968	NA	NA	0.104816539139	0.01470588235	0.16361621422	0.11877376	0.13347964	110333704	110333814	110450855	110450913	0.78869128	2	337016.8	20.710037	0.8337	20.14162	1.0133565	1.0	0.0	1.06638829	1	0	1:0	1	LOH	4171946
7	110450914	110672734	DEL	221821	3081	2.817639143	3079	35	568.0	mappable	0.33880109	NA	NA	0.25578761207	0.02702702703	0.14178378578	0.11261872	0.13964575	110450914	110451026	110672720	110672734	0.64250819	2	457579.0	27.69557	1.1391	20.01506	0.7440238	0.4880476	0.72124853	2.09639061	2	1	2:1	3	gain	4171946
7	110672735	110675687	DEL	2953	52	2.550421429	52	0	7.0	mappable	NA	NA	NA	NA	inf	0.09518378578	0.17349115	inf	110672735	110672779	110675631	110675687	NA	missing	433657.0	NA	1.0925	NA	NA	NA	NA	NA	NA	NA	NA	NA	NA	4171946
7	110675688	119068348	DEL	8392661	109230	2.967674435	108974	4071	19393.0	mappable	0.10047717	3.0	NA	0.020502829461	0.000231107	0.17688378578	0.08695389	0.08718499	110675688	110675717	119068219	119068348	0.54744043	2	465146.1	26.517568	1.1652646	19.88921	0.657816	0.3156319	1.01549085	1.95218359	2	1	2:1	3	gain	4171946
7	119068349	119090688	DEL	22340	328	1.339913714	328	0	65.0	mappable	NA	NA	NA	NA	inf	0.11591621422	0.13843377	inf	119068349	119068487	119090632	119090688	NA	missing	345896.1	NA	0.8814	NA	NA	NA	NA	NA	NA	NA	NA	NA	NA	4171946
7	119090689	136502006	DEL	17411319	231114	2.967674435	230337	11172	40625.0	mappable	0.10165	3.0	NA	0.023873692023	8.368901e-05	0.16312666592	0.08314791	0.0832316	119090689	119090744	136501902	136502006	0.55077898	2	465146.1	26.517568	1.1652646	19.88921	0.657816	0.3156319	1.01549085	1.95218359	2	1	2:1	3	gain	4171946
7	136502007	136913458	DUP	411452	5695	4.654904286	5673	206	1015.0	mappable	0.33709139	NA	NA	0.252554752538	0.00438596491	0.46218378578	0.10723651	0.11162247	136502007	136502126	136913425	136913458	0.87696365	2	586842.5	38.409387	1.4595	20.03411	0.7777968	0.5555936	1.03433459	3.6205697	sub	1	sub:1	sub	sub	4171946
7	136913459	141610063	DUP	4696605	61039	2.967674435	60783	2222	11035.0	mappable	0.1075	3.0	NA	0.027352829461	0.00040355125	0.15908378578	0.09023973	0.09064328	136913459	136913571	141609974	141610063	0.56311747	2	465146.1	26.517568	1.1652646	19.88921	0.657816	0.3156319	1.01549085	1.95218359	2	1	2:1	3	gain	4171946
7	141610064	141640013	NA	29950	376	2.282056857	371	27	65.0	mappable	0.22951184	NA	NA	0.162334408408	0.03125	0.04838378578	0.13449656	0.16574656	141610064	141610153	141639975	141640013	NA	missing	422264.8	26.140203	1.0457	NA	NA	NA	NA	NA	NA	NA	NA	NA	NA	4171946
7	141640014	144859955	NA	3219942	33117	2.967674435	33043	1339	5704.0	mappable	0.11108409	3.0	NA	0.03231192037	0.00070771408	0.17448378578	0.09251291	0.09322063	141640014	141640052	144859860	144859955	0.59182246	2	465146.1	26.517568	1.1652646	19.88921	0.657816	0.3156319	1.01549085	1.95218359	2	1	2:1	3	gain	4171946
7	144859956	144869950	NA	9995	147	2.529838783	146	0	32.0	mappable	NA	1.0	NA	0.107668507427	1.0	0.05288378578	0.15052317	1.15052317	144859956	144860051	144869858	144869950	NA	missing	435591.5	NA	1.0889106	NA	NA	NA	NA	NA	NA	NA	NA	NA	NA	4171946
7	144869951	147769178	NA	2899228	45821	2.967674435	45607	2203	8030.0	mappable	0.09674052	3.0	NA	0.021188174289	0.00041373604	0.16868378578	0.09316523	0.09357896	144869951	144870043	147759822	147769178	0.52244943	2	465146.1	26.517568	1.1652646	19.88921	0.657816	0.3156319	1.01549085	1.95218359	2	1	2:1	3	gain	4171946
7	147769179	148177769	DUP	408591	6353	3.760355714	6340	363	1093.0	mappable	0.076	NA	NA	0.002652726094	0.00265957447	0.30618378578	0.10729442	0.109954	147769179	147780013	148177712	148177769	0.20906272	1	517179.3	26.983266	1.3035	NA	NA	0.0	1.88017786	1.88017786	2	2	2:2	4	gain	4171946
7	148177770	154949999	DUP	6772230	82980	2.967674435	82658	4650	14374.0	mappable	0.112975	3.0	NA	0.037627829461	0.00020112631	0.15828378578	0.0881399	0.08834102	148177770	148177809	154949977	154950021	0.54179105	2	465146.1	26.517568	1.1652646	19.88921	0.657816	0.3156319	1.01549085	1.95218359	2	1	2:1	3	gain	4171946
7	154949999	154969991	NA	19993	479	2.000449526	469	22	80.0	mappable	0.11684828	2.0	self	0.021813580424	0.03125	0.01788378578	0.13998537	0.17123537	154949977	154950021	154969965	154969991	NA	missing	397806.6	20.710978	0.9965906	NA	NA	NA	NA	NA	NA	NA	NA	NA	NA	4171946
7	154969992	159119808	NA	4149817	73938	2.967674435	73099	3839	14096.0	mappable	0.1164	3.0	edge	0.041052829461	0.00021376657	0.16498378578	0.0909727	0.09118647	154969992	154970018	159119808	159119808	0.56714351	2	465146.1	26.517568	1.1652646	19.88921	0.657816	0.3156319	1.01549085	1.95218359	2	1	2:1	3	gain	4171946
8	170012	2619996	NA	2449986	55448	2.000449526	54841	2539	10265.0	mappable	0.083975	2.0	edge	0.005894368604	0.00031786395	0.0143995211	0.09423143	0.09454929	170012	170012	2619935	2620057	0.20049729	1	397806.6	20.710978	0.9965906	NA	NA	0.0	1.00022476	1.00022476	1	1	1:1	2	neutral	4171946
8	2619996	2649966	NA	29971	719	2.425880771	718	4	146.0	mappable	0.11651196	7.0	NA	0.022726742505	0.2	0.07188378578	0.13448742	0.33448742	2619935	2620057	2649872	2650060	NA	missing	429230.3	23.004874	1.0707814	NA	NA	NA	NA	NA	NA	NA	NA	NA	NA	4171946
8	2649966	2660000	NA	10035	315	1.660460286	315	0	76.0	mappable	NA	NA	NA	NA	inf	0.06001621422	0.15045792	inf	2649872	2650060	2659971	2660029	NA	missing	366820.0	NA	0.9373	NA	NA	NA	NA	NA	NA	NA	NA	NA	NA	4171946
8	2660000	6919904	NA	4259913	136987	2.000449526	136500	8210	22972.0	mappable	0.078725	2.0	NA	0.003109587503	0.0001149954	0.01681891101	0.09081665	0.09093165	2659971	2660029	6919904	6919904	0.16018872	1	397806.6	20.710978	0.9965906	NA	NA	0.0	1.00022476	1.00022476	1	1	1:1	2	neutral	4171946
8	8100000	11859985	NA	3759986	79385	2.000449526	79128	3307	13534.0	mappable	0.085575	2.0	self	0.006802829461	0.00028058361	0.01238378578	0.09156547	0.09184605	8100000	8100000	11859985	11859985	0.14985078	1	397806.6	20.710978	0.9965906	NA	NA	0.0	1.00022476	1.00022476	1	1	1:1	2	neutral	4171946
8	12580042	18400013	NA	5819973	136582	2.000449526	136221	7188	23506.0	mappable	0.08065	2.0	NA	0.001752554475	0.00013246788	0.00056552452	0.08899734	0.08912981	12580042	12580042	18399995	18400013	0.15883894	1	397806.6	20.710978	0.9965906	NA	NA	0.0	1.00022476	1.00022476	1	1	1:1	2	neutral	4171946
8	18400014	18410024	NA	10011	211	2.619806286	211	0	36.0	mappable	NA	NA	NA	NA	inf	0.10728378578	0.15049703	inf	18400014	18400032	18409986	18410024	NA	missing	412808.6	NA	1.1046	NA	NA	NA	NA	NA	NA	NA	NA	NA	NA	4171946
8	18410025	37979982	NA	19569963	301078	2.000449526	300023	13387	52588.0	mappable	0.078725	2.0	NA	0.001341498748	6.924249e-05	0.01037305331	0.0825691	0.08263834	18410025	18410063	37979935	37979982	0.1732396	1	397806.6	20.710978	0.9965906	NA	NA	0.0	1.00022476	1.00022476	1	1	1:1	2	neutral	4171946
8	37979983	38009989	NA	30007	286	2.411078286	286	0	56.0	mappable	NA	NA	NA	NA	inf	0.07088378578	0.13447176	inf	37979983	37980030	38009963	38009989	NA	missing	420856.0	NA	1.0682	NA	NA	NA	NA	NA	NA	NA	NA	NA	NA	4171946
8	38009990	43789991	NA	5780003	82646	2.000449526	82392	2536	15631.0	mappable	0.078725	2.0	NA	0.00037280898	0.00035842294	0.00900381942	0.08903673	0.08939516	38009990	38010016	43789991	43789991	0.18385372	1	397806.6	20.710978	0.9965906	NA	NA	0.0	1.00022476	1.00022476	1	1	1:1	2	neutral	4171946
8	46880007	87229985	NA	40349982	550281	2.000449526	548668	23053	97823.0	mappable	0.078725	2.0	NA	0.001513054051	4.054328e-05	0.0016690613	0.07915756	0.0791981	46880007	46880007	87229971	87229985	0.13891874	1	397806.6	20.710978	0.9965906	NA	NA	0.0	1.00022476	1.00022476	1	1	1:1	2	neutral	4171946
8	87229986	87239991	NA	10006	184	2.545260571	184	0	36.0	mappable	NA	NA	NA	NA	inf	0.09428378578	0.1505052	inf	87229986	87230000	87239980	87240002	NA	missing	414372.2	NA	1.0916	NA	NA	NA	NA	NA	NA	NA	NA	NA	NA	4171946
8	87239991	146289988	NA	59050006	838688	2.000449526	835499	39312	147101.0	mappable	0.078725	2.0	edge	0.00125629753	2.352941e-05	0.00090250781	0.07747303	0.07749656	87239980	87240002	146289988	146289988	0.15053204	1	397806.6	20.710978	0.9965906	NA	NA	0.0	1.00022476	1.00022476	1	1	1:1	2	neutral	4171946
9	200101	38769828	NA	38569730	645960	2.000449526	644245	31110	114188.0	mappable	0.078725	2.0	edge	0.001792455698	3.046458e-05	0.00188633404	0.07936204	0.0793925	200101	200101	38769828	38769828	0.15148017	1	397806.6	20.710978	0.9965906	NA	NA	0.0	1.00022476	1.00022476	1	1	1:1	2	neutral	4171946
9	66840048	66849972	NA	9925	540	2.425880771	505	0	108.0	mappable	NA	7.0	NA	0.010236538355	0.02857142857	0.05458378578	0.15063813	0.17920955	66840048	66840048	66849972	66849972	NA	missing	429230.3	NA	1.0707814	NA	NA	NA	NA	NA	NA	NA	NA	NA	NA	4171946
9	68410004	68419976	NA	9973	1130	2.018337057	1048	0	292.0	mappable	NA	6.0	NA	0.286777829461	0.01219512195	0.00528378578	0.15055919	0.16275432	68410004	68410004	68419976	68419976	NA	missing	396929.8	NA	0.99971	NA	NA	NA	NA	NA	NA	NA	NA	NA	NA	4171946
9	71030093	71040004	NA	9912	149	1.942587143	148	5	21.0	mappable	0.17089117	NA	NA	0.065186854494	0.16666666667	0.01081621422	0.15065958	0.31732625	71030093	71030093	71039940	71040068	NA	missing	382743.3	21.263517	0.9865	NA	NA	NA	NA	NA	NA	NA	NA	NA	NA	4171946
9	71040004	71060011	NA	20008	242	2.348001143	241	4	62.0	mappable	0.22777979	NA	NA	0.141670382653	0.2	0.05988378578	0.13997477	0.33997477	71039940	71040068	71059943	71060011	NA	missing	433384.6	26.093362	1.0572	NA	NA	NA	NA	NA	NA	NA	NA	NA	NA	4171946
9	71060012	91986550	NA	20926542	287208	2.000449526	286265	12635	50631.0	mappable	0.08185833	2.0	self	0.003055304174	7.364855e-05	0.00985370029	0.0822408	0.08231445	71060012	71060080	91986198	91986550	0.15844979	1	397806.6	20.710978	0.9965906	NA	NA	0.0	1.00022476	1.00022476	1	1	1:1	2	neutral	4171946
9	91986551	92055929	DEL	69379	1210	1.228095143	1204	28	191.0	mappable	0.28957045	NA	identical	0.202568738552	0.02941176471	0.13541621422	0.12436101	0.15377277	91986551	91986818	92055929	92055929	NA	missing	338005.1	20.001483	0.8619	NA	NA	NA	NA	NA	NA	NA	NA	NA	NA	4171946
9	92055930	97760073	DEL	5704144	70669	2.000449526	70460	2501	12501.0	mappable	0.085575	2.0	NA	0.006802829461	0.00036900369	0.00128378578	0.08911235	0.08948135	92055930	92055939	97759920	97760226	0.1746242	1	397806.6	20.710978	0.9965906	NA	NA	0.0	1.00022476	1.00022476	1	1	1:1	2	neutral	4171946
9	97760073	97779996	NA	19924	254	2.508561143	254	0	53.0	mappable	NA	NA	NA	NA	inf	0.08788378578	0.14003426	inf	97759920	97760226	97779944	97779996	NA	missing	397665.4	NA	1.0852	NA	NA	NA	NA	NA	NA	NA	NA	NA	NA	4171946
9	97779997	104330574	NA	6550578	81484	2.000449526	81226	3636	14068.0	mappable	0.08251389	2.0	NA	0.003377829461	0.00025687131	0.00721621422	0.08832677	0.08858365	97779997	97780049	104330482	104330574	0.15743689	1	397806.6	20.710978	0.9965906	NA	NA	0.0	1.00022476	1.00022476	1	1	1:1	2	neutral	4171946
9	104330575	104334310	DEL	3736	49	1.982727143	49	0	11.0	mappable	NA	NA	NA	NA	inf	0.00381621422	0.16853063	inf	104330575	104330623	104334156	104334310	NA	missing	387892.2	NA	0.9935	NA	NA	NA	NA	NA	NA	NA	NA	NA	NA	4171946
9	104334311	115154978	DEL	10820669	161380	2.000449526	160758	9601	27902.0	mappable	0.07973333	2.0	NA	0.001032356661	9.782821e-05	0.00087856829	0.08558974	0.08568757	104334311	104334333	115149919	115154978	0.14480275	1	397806.6	20.710978	0.9965906	NA	NA	0.0	1.00022476	1.00022476	1	1	1:1	2	neutral	4171946
9	115154979	115169996	NA	15018	169	2.967674435	169	17	24.0	mappable	0.07097111	3.0	identical	0.007801057609	0.05882352941	0.16868378578	0.14415032	0.20297385	115154979	115160038	115169974	115169996	NA	missing	465146.1	26.517568	1.1652646	NA	NA	NA	NA	NA	NA	NA	NA	NA	NA	4171946
9	115169997	141019791	NA	25849795	359185	2.000449526	357324	17192	63283.0	mappable	0.078725	2.0	edge	0.000357339979	5.248517e-05	0.00362799561	0.08122273	0.08127521	115169997	115170019	141019791	141019791	0.15643986	1	397806.6	20.710978	0.9965906	NA	NA	0.0	1.00022476	1.00022476	1	1	1:1	2	neutral	4171946
10	130013	35016411	NA	34886403	541179	2.000449526	538898	24964	96181.0	mappable	0.078725	2.0	edge	0.00040487655	3.670398e-05	0.00228011528	0.07982069	0.07985739	130013	130013	35016312	35016411	0.16523537	1	397806.6	20.710978	0.9965906	NA	NA	0.0	1.00022476	1.00022476	1	1	1:1	2	neutral	4171946
10	35016412	35018408	DEL	1997	34	2.029748286	34	0	6.0	mappable	NA	NA	NA	NA	inf	0.00438378578	0.18242152	inf	35016412	35016446	35018285	35018408	NA	missing	402242.2	NA	1.0017	NA	NA	NA	NA	NA	NA	NA	NA	NA	NA	4171946
10	35018409	36739971	DEL	1721563	22692	2.000449526	22619	945	4192.0	mappable	0.08201071	2.0	NA	0.006802829461	0.00098231827	0.01001621422	0.09654705	0.09752937	35018409	35018420	36739917	36739971	0.13381302	1	397806.6	20.710978	0.9965906	NA	NA	0.0	1.00022476	1.00022476	1	1	1:1	2	neutral	4171946
10	36739972	36749999	NA	10028	193	1.404711143	193	0	45.0	mappable	NA	NA	NA	NA	inf	0.10461621422	0.15046932	inf	36739972	36740026	36749978	36750020	NA	missing	369538.3	NA	0.8927	NA	NA	NA	NA	NA	NA	NA	NA	NA	NA	4171946
10	36749999	38600358	NA	1850360	14621	2.000449526	14569	741	2600.0	mappable	0.07218598	2.0	NA	0.006897170539	0.00126103405	0.01701621422	0.09606437	0.0973254	36749978	36750020	38429948	38600358	0.17026642	1	397806.6	20.710978	0.9965906	NA	NA	0.0	1.00022476	1.00022476	1	1	1:1	2	neutral	4171946
10	42410000	46159967	NA	3749968	43637	2.000449526	43483	2498	7911.0	mappable	0.0753	2.0	self	0.003472170539	0.00037707391	0.00481621422	0.0915816	0.09195868	42410000	42410000	46159967	46159967	0.13055367	1	397806.6	20.710978	0.9965906	NA	NA	0.0	1.00022476	1.00022476	1	1	1:1	2	neutral	4171946
10	48310177	48659961	NA	349785	5564	2.000449526	5545	271	924.0	mappable	0.07074643	2.0	self	0.010322170539	0.00344827586	0.02131621422	0.10860057	0.11204885	48310177	48310177	48659961	48659961	0.11339995	1	397806.6	20.710978	0.9965906	NA	NA	0.0	1.00022476	1.00022476	1	1	1:1	2	neutral	4171946
10	49390096	135439925	NA	86049840	1211829	2.000449526	1207364	56185	211652.0	mappable	0.078725	2.0	edge	0.001416292282	1.648805e-05	0.00672203253	0.07587636	0.07589285	49390096	49390096	135439925	135439925	0.16964133	1	397806.6	20.710978	0.9965906	NA	NA	0.0	1.00022476	1.00022476	1	1	1:1	2	neutral	4171946
11	190010	16776881	NA	16586874	238750	2.000449526	237505	13535	40988.0	mappable	0.078725	2.0	edge	8.9225087e-05	6.766358e-05	0.01063340836	0.08339053	0.08345819	190010	190010	16776660	16776881	0.17159255	1	397806.6	20.710978	0.9965906	NA	NA	0.0	1.00022476	1.00022476	1	1	1:1	2	neutral	4171946
11	16776882	16782619	DEL	5738	72	2.013692286	69	0	13.0	mappable	NA	NA	identical	0.388101609949	0.33333333333	0.00158378578	0.16017514	0.49350847	16776882	16777006	16782614	16782619	NA	missing	382457.0	NA	0.9989	NA	NA	NA	NA	NA	NA	NA	NA	NA	NA	4171946
11	16782620	32450010	DEL	15667395	227397	2.000449526	226380	11729	39372.0	mappable	0.08059913	2.0	NA	0.002400595469	7.845599e-05	0.01133068495	0.08367759	0.08375605	16782620	16782647	32449956	32450064	0.16837234	1	397806.6	20.710978	0.9965906	NA	NA	0.0	1.00022476	1.00022476	1	1	1:1	2	neutral	4171946
11	32450010	32459984	NA	9975	157	1.306081429	157	0	34.0	mappable	NA	NA	NA	NA	inf	0.12181621422	0.15055592	inf	32449956	32450064	32459923	32459984	NA	missing	344825.0	NA	0.8755	NA	NA	NA	NA	NA	NA	NA	NA	NA	NA	4171946
11	32459985	39329976	NA	6869993	102393	2.000449526	102056	4559	17758.0	mappable	0.08274167	2.0	NA	0.003479515448	0.00020433183	0.0073975147	0.08805965	0.08826398	32459985	32460046	39319946	39340006	0.15320333	1	397806.6	20.710978	0.9965906	NA	NA	0.0	1.00022476	1.00022476	1	1	1:1	2	neutral	4171946
11	39329976	39355001	NA	25026	184	2.801583143	184	0	33.0	mappable	NA	NA	NA	NA	inf	0.13898378578	0.13688186	inf	39319946	39340006	39349991	39355001	NA	missing	434263.3	NA	1.1363	NA	NA	NA	NA	NA	NA	NA	NA	NA	NA	4171946
11	39355002	39389929	NA	34928	488	2.018337057	486	0	82.0	mappable	NA	6.0	NA	0.242494797787	0.5	0.04321621422	0.13251969	0.63251969	39355002	39360012	39389797	39389929	NA	missing	396929.8	NA	0.99971	NA	NA	NA	NA	NA	NA	NA	NA	NA	NA	4171946
11	39389930	39449946	NA	60017	800	2.425880771	800	1	123.0	mappable	0.12820513	7.0	NA	0.049432957666	1.0	0.05968378578	0.12599946	1.12599946	39389930	39390062	39449861	39449946	NA	missing	429230.3	23.004874	1.0707814	NA	NA	NA	NA	NA	NA	NA	NA	NA	NA	4171946
11	39449947	48899996	NA	9450050	125048	2.000449526	124708	4243	22409.0	mappable	0.08215	2.0	NA	0.003220385753	0.00021819769	0.00487174969	0.08631147	0.08652967	39449947	39450032	48899996	48899996	0.16269283	1	397806.6	20.710978	0.9965906	NA	NA	0.0	1.00022476	1.00022476	1	1	1:1	2	neutral	4171946
11	48899997	50170092	NA	1270096	0	0.0	0	0	NA	mappable	NA	NA	NA	NA	inf	0.99731621422	0.09863632	inf	48899997	48899997	50170092	50170092	NA	missing	NA	NA	0.0	NA	NA	0.0	0.0	0.0	0	0	NA	0	homozygousDel	4171946
11	50170093	51369973	NA	1199881	17642	2.000449526	17629	0	4176.0	mappable	NA	2.0	NA	0.006836450151	0.07692307692	0.02078378578	0.09903706	0.17596014	50170093	50170093	51369973	51369973	NA	missing	397806.6	NA	0.9965906	NA	NA	NA	NA	NA	NA	NA	NA	NA	NA	4171946
11	54792817	59579982	NA	4787166	66519	2.000449526	66402	1212	12340.0	mappable	0.07526538	2.0	NA	0.003472170539	0.00075244545	0.00218378578	0.09012768	0.09088013	54792817	54792817	59579961	59579982	0.18577114	1	397806.6	20.710978	0.9965906	NA	NA	0.0	1.00022476	1.00022476	1	1	1:1	2	neutral	4171946
11	59579983	59590056	NA	10074	145	1.490152	145	0	28.0	mappable	NA	NA	NA	NA	inf	0.08971621422	0.15039461	inf	59579983	59580004	59589919	59590056	NA	missing	375931.4	NA	0.9076	NA	NA	NA	NA	NA	NA	NA	NA	NA	NA	4171946
11	59590057	63390014	NA	3799958	44926	2.000449526	44758	1452	7968.0	mappable	0.07960603	2.0	NA	0.001788123579	0.00061728395	0.00478378578	0.09150155	0.09211884	59590057	59590194	63389990	63390038	0.18720654	1	397806.6	20.710978	0.9965906	NA	NA	0.0	1.00022476	1.00022476	1	1	1:1	2	neutral	4171946
11	63390014	64519995	NA	1129983	12981	0.993002617	12909	336	2337.0	mappable	0.19472763	NA	identical	0.096105654897	0.00245098039	0.17641389545	0.09946355	0.10191453	63389990	63390038	64519968	64519995	0.758237	2	319979.2	19.860776	0.8209023	19.4215	1.0721244	1.0	0.0	0.99300262	1	0	1:0	1	LOH	4171946
11	64519996	70459952	NA	5939957	71877	2.000449526	71529	2896	12659.0	mappable	0.0753	2.0	self	4.7170539e-05	0.00030835646	0.00208378578	0.08888091	0.08918926	64519996	64520023	70459884	70460020	0.17214443	1	397806.6	20.710978	0.9965906	NA	NA	0.0	1.00022476	1.00022476	1	1	1:1	2	neutral	4171946
11	70459952	70469977	NA	10026	164	2.883583429	163	21	31.0	mappable	0.02950714	NA	identical	0.157970686604	0.04545454545	0.15328378578	0.15047258	0.19592712	70459884	70460020	70469856	70470098	NA	missing	399083.3	21.68931	1.1506	NA	NA	NA	NA	NA	NA	NA	NA	NA	NA	4171946
11	70469977	77829993	NA	7360017	91630	2.000449526	91234	3234	16081.0	mappable	0.07646944	2.0	self	0.002552726094	0.00027548209	0.00058378578	0.08767593	0.08795141	70469856	70470098	77829958	77829993	0.14753208	1	397806.6	20.710978	0.9965906	NA	NA	0.0	1.00022476	1.00022476	1	1	1:1	2	neutral	4171946
11	77829994	77839989	NA	9996	188	0.865688286	186	42	35.0	mappable	0.12971034	NA	identical	0.055533385017	0.02272727273	0.19861621422	0.15052154	0.17324881	77829994	77830029	77839973	77839989	0.34568848	1	382240.0	21.083873	0.7987	NA	NA	0.0	0.43284414	0.43284414	sub	sub	sub:sub	sub	sub	4171946
11	77839990	89349940	NA	11509952	166562	2.000449526	166072	7407	29124.0	mappable	0.08255833	2.0	self	0.00481569176	0.0001266464	0.00445966951	0.08526465	0.0853913	77839990	77840006	89349940	89349940	0.15495989	1	397806.6	20.710978	0.9965906	NA	NA	0.0	1.00022476	1.00022476	1	1	1:1	2	neutral	4171946
11	89850037	92649946	NA	2799910	42717	2.000449526	42606	1608	7592.0	mappable	0.0782	2.0	self	0.003372170539	0.00058173357	0.00301621422	0.09338398	0.09396572	89850037	89850037	92649881	92649946	0.16978549	1	397806.6	20.710978	0.9965906	NA	NA	0.0	1.00022476	1.00022476	1	1	1:1	2	neutral	4171946
11	92649947	92670015	NA	20069	322	2.529838783	322	3	51.0	mappable	0.19130187	1.0	NA	0.112529703828	0.33333333333	0.10088378578	0.13993176	0.47326509	92649947	92650012	92669941	92670089	NA	missing	435591.5	24.431376	1.0889106	NA	NA	NA	NA	NA	NA	NA	NA	NA	NA	4171946
11	92670015	92800029	NA	130015	1826	1.849691714	1824	13	366.0	mappable	0.1369	NA	NA	0.060302829461	0.06666666667	0.02701621422	0.11772795	0.18439462	92669941	92670089	92799972	92800029	NA	missing	386459.2	21.843348	0.9703	NA	NA	NA	NA	NA	NA	NA	NA	NA	NA	4171946
11	92800030	92809974	NA	9945	183	2.455805714	183	0	26.0	mappable	NA	NA	NA	NA	inf	0.07868378578	0.15060518	inf	92800030	92800087	92809940	92809974	NA	missing	409205.0	NA	1.076	NA	NA	NA	NA	NA	NA	NA	NA	NA	NA	4171946
11	92809975	103520017	NA	10710043	157809	2.000449526	157261	8090	27547.0	mappable	0.07825	2.0	NA	4.7170539e-05	0.00011576754	0.00511621422	0.08564408	0.08575985	92809975	92810009	103519977	103520057	0.14335708	1	397806.6	20.710978	0.9965906	NA	NA	0.0	1.00022476	1.00022476	1	1	1:1	2	neutral	4171946
11	103520017	103529970	NA	9954	171	2.604897143	171	0	33.0	mappable	NA	NA	NA	NA	inf	0.10468378578	0.15059038	inf	103519977	103520057	103529877	103530063	NA	missing	430464.0	NA	1.102	NA	NA	NA	NA	NA	NA	NA	NA	NA	NA	4171946
11	103529970	134939862	NA	31409899	461534	2.000449526	459816	20389	80522.0	mappable	0.078725	2.0	edge	0.002077277919	4.523454e-05	0.00035426039	0.08030608	0.08035131	103529877	103530063	134939862	134939862	0.16457123	1	397806.6	20.710978	0.9965906	NA	NA	0.0	1.00022476	1.00022476	1	1	1:1	2	neutral	4171946
12	160107	34730034	NA	34569932	475455	2.000449526	473333	20992	84892.0	mappable	0.078725	2.0	edge	0.002412486571	4.326382e-05	0.00757266401	0.07986259	0.07990585	160107	160107	34729996	34730034	0.16360685	1	397806.6	20.710978	0.9965906	NA	NA	0.0	1.00022476	1.00022476	1	1	1:1	2	neutral	4171946
12	34730035	34739989	NA	9955	277	2.750548	277	0	68.0	mappable	NA	NA	NA	NA	inf	0.13008378578	0.15058874	inf	34730035	34730073	34739965	34740013	NA	missing	428381.7	NA	1.1274	NA	NA	NA	NA	NA	NA	NA	NA	NA	NA	4171946
12	34739989	34819969	NA	79981	1884	1.952335429	1884	0	436.0	mappable	NA	NA	NA	NA	inf	0.00911621422	0.12279454	inf	34739965	34740013	34819969	34819969	NA	missing	397958.0	NA	0.9882	NA	NA	NA	NA	NA	NA	NA	NA	NA	NA	4171946
12	38000003	38014978	NA	14976	875	2.425880771	872	0	298.0	mappable	NA	7.0	NA	0.006921263722	0.33333333333	0.12428378578	0.14419232	0.47752565	38000003	38000003	38009949	38014978	NA	missing	429230.3	NA	1.0707814	NA	NA	NA	NA	NA	NA	NA	NA	NA	NA	4171946
12	38014979	133189996	NA	95175024	1297445	2.000449526	1292649	56627	231471.0	mappable	0.078725	2.0	self	0.001140922962	1.628108e-05	0.00069210444	0.07546008	0.07547636	38014979	38020008	133189869	133189996	0.15595885	1	397806.6	20.710978	0.9965906	NA	NA	0.0	1.00022476	1.00022476	1	1	1:1	2	neutral	4171946
12	133189997	133424948	NA	234952	3440	1.100794	3397	159	611.0	mappable	0.160925	NA	identical	0.082152829461	0.00495049505	0.15761621422	0.11209502	0.11704551	133189997	133190124	133409863	133424948	0.7141805	2	319041.7	19.370391	0.8397	18.93111	0.968663	0.937326	0.0344956	1.0662984	1	0	1:0	1	LOH	4171946
12	133424949	133819926	NA	394978	2232	2.000449526	2216	170	397.0	mappable	0.092875	2.0	edge	0.027352829461	0.00537634409	0.02031621422	0.10757655	0.11295289	133424949	133440034	133819926	133819926	0.19275101	1	397806.6	20.710978	0.9965906	NA	NA	0.0	1.00022476	1.00022476	1	1	1:1	2	neutral	4171946
13	19450038	36147100	NA	16697063	233953	2.000449526	233093	11273	40764.0	mappable	0.08165588	2.0	edge	0.003377829461	8.241985e-05	0.00031621422	0.08335733	0.08343975	19450038	19450038	36146984	36147100	0.18199924	1	397806.6	20.710978	0.9965906	NA	NA	0.0	1.00022476	1.00022476	1	1	1:1	2	neutral	4171946
13	36147101	36150591	DEL	3491	69	1.939146571	69	7	17.0	mappable	0.22778701	NA	identical	0.149014842448	0.14285714286	0.01141621422	0.16993184	0.31278898	36147101	36147168	36150581	36150591	NA	missing	401146.2	24.776676	0.9859	NA	NA	NA	NA	NA	NA	NA	NA	NA	NA	4171946
13	36150592	108659969	DEL	72509381	1030903	2.000449526	1027543	48350	182780.0	mappable	0.078725	2.0	NA	9.3050969e-05	1.933899e-05	0.00123950856	0.07659412	0.07661346	36150592	36150595	108659920	108659969	0.15651166	1	397806.6	20.710978	0.9965906	NA	NA	0.0	1.00022476	1.00022476	1	1	1:1	2	neutral	4171946
13	108659970	108669981	NA	10012	181	2.558449429	181	0	39.0	mappable	NA	NA	NA	NA	inf	0.09658378578	0.1504954	inf	108659970	108660019	108669953	108669981	NA	missing	433775.7	NA	1.0939	NA	NA	NA	NA	NA	NA	NA	NA	NA	NA	4171946
13	108669982	114079969	NA	5409992	88420	2.000449526	87792	4356	16082.0	mappable	0.078725	2.0	NA	0.00210516132	0.00020068232	0.00832283829	0.08941667	0.08961735	108669982	108670010	114079938	114080000	0.17525918	1	397806.6	20.710978	0.9965906	NA	NA	0.0	1.00022476	1.00022476	1	1	1:1	2	neutral	4171946
13	114079969	114100019	NA	20051	482	1.616879714	470	15	116.0	mappable	0.23511293	NA	NA	0.921277829461	0.03703703704	0.06761621422	0.13994443	0.17698147	114079938	114080000	114099878	114100160	NA	missing	383342.9	21.184739	0.9297	NA	NA	NA	NA	NA	NA	NA	NA	NA	NA	4171946
13	114100019	114219994	NA	119976	2328	2.425880771	2277	273	415.0	mappable	0.08659286	7.0	NA	0.008146250514	0.00308641975	0.04068378578	0.11853688	0.1216233	114099878	114100160	114219942	114220046	0.23478134	1	429230.3	23.004874	1.0707814	NA	NA	0.0	1.21294039	1.21294039	1	1	1:1	2	neutral	4171946
13	114219994	114270002	NA	50009	927	1.58686933	914	36	203.0	mappable	0.11653177	4.0	NA	0.030424258033	0.02040816327	0.05541621422	0.12812382	0.14853198	114219942	114220046	114269967	114270002	0.3202393	1	269289.5	14.582213	0.9244665	NA	NA	0.0	0.79343467	0.79343467	1	1	1:1	2	neutral	4171946
13	114270003	114279962	NA	9960	211	2.425880771	210	6	52.0	mappable	0.07776974	7.0	NA	0.009762243118	0.14285714286	0.10398378578	0.15058053	0.29343767	114270003	114270038	114279903	114279962	NA	missing	429230.3	23.004874	1.0707814	NA	NA	NA	NA	NA	NA	NA	NA	NA	NA	4171946
13	114279963	115099984	NA	820022	10932	2.000449526	10792	268	2293.0	mappable	0.08575	2.0	edge	0.003377829461	0.00245098039	0.00708378578	0.1018055	0.10425649	114279963	114280022	115099984	115099984	0.14771936	1	397806.6	20.710978	0.9965906	NA	NA	0.0	1.00022476	1.00022476	1	1	1:1	2	neutral	4171946
14	20330060	48110070	NA	27780015	381048	2.000449526	379676	16540	67614.0	mappable	0.08190357	2.0	edge	0.003401084609	5.583161e-05	0.00300632126	0.08088147	0.0809373	20330060	20330060	48109954	48110186	0.15846283	1	397806.6	20.710978	0.9965906	NA	NA	0.0	1.00022476	1.00022476	1	1	1:1	2	neutral	4171946
14	48110070	48119974	NA	9905	122	2.577372571	122	0	22.0	mappable	NA	NA	NA	NA	inf	0.09988378578	0.15067115	inf	48109954	48110186	48119904	48119974	NA	missing	440653.8	NA	1.0972	NA	NA	NA	NA	NA	NA	NA	NA	NA	NA	4171946
14	48119975	106323268	NA	58203298	827778	2.000449526	824911	35874	145987.0	mappable	0.08215	2.0	NA	0.002186362423	2.581311e-05	0.00020638882	0.07753562	0.07756143	48119975	48120045	106323170	106323268	0.16176934	1	397806.6	20.710978	0.9965906	NA	NA	0.0	1.00022476	1.00022476	1	1	1:1	2	neutral	4171946
14	106323269	106323368	DEL	100	1	1.034849714	1	0	1.0	mappable	NA	NA	NA	NA	inf	0.16911621422	0.30103	inf	106323269	106323290	106323290	106323368	NA	missing	324202.9	NA	0.8282	NA	NA	NA	NA	NA	NA	NA	NA	NA	NA	4171946
14	106323369	106326982	DEL	3614	351	1.034849714	350	0	98.0	mappable	NA	NA	NA	0.921227829461	1.0	0.16911621422	0.1692136	1.1692136	106323369	106323393	106326979	106326982	NA	missing	324202.9	NA	0.8282	NA	NA	NA	NA	NA	NA	NA	NA	NA	NA	4171946
14	106326983	106330181	DEL	3199	730	0.975786571	729	1	162.0	mappable	0.05263158	NA	NA	0.018972190363	0.5	0.17941621422	0.17177105	0.67177105	106326983	106326984	106330181	106330181	NA	missing	319734.6	16.828139	0.8179	NA	NA	NA	NA	NA	NA	NA	NA	NA	NA	4171946
14	106330182	106330466	ITX	285	39	-0.568456571	39	0	9.0	mappable	NA	NA	NA	NA	inf	0.44871621422	0.24525378	inf	106330182	106330197	106330460	106330466	NA	missing	203560.0	NA	0.5486	NA	NA	NA	NA	NA	NA	NA	NA	NA	NA	4171946
14	106330467	106346892	DEL	16426	295	-0.523155714	286	8	52.0	mappable	0.10058158	NA	NA	0.03815677683	0.05882352941	0.44081621422	0.14281946	0.20164299	106330467	106330467	106346795	106346892	NA	missing	204435.5	11.428514	0.5565	NA	NA	NA	NA	NA	NA	NA	NA	NA	NA	4171946
14	106346893	106880000	DEL	533108	3809	0.806051714	3729	100	583.0	mappable	0.22099091	NA	NA	0.112043738552	0.00555555556	0.20901621422	0.10512998	0.11068554	106346893	106346915	106879998	106880000	0.75562201	2	300456.8	18.832202	0.7883	18.99079	1.2110142	1.0	0.0	0.80605171	1	0	1:0	1	LOH	4171946
14	106880001	106926498	NA	46498	1147	2.000449526	1021	62	118.0	mappable	0.36723065	2.0	self	0.0495721843	0.00531914894	0.01741621422	0.12899164	0.13431079	106880001	106880003	106926481	106926515	0.74858448	2	397806.6	20.710978	0.9965906	19.88876	0.5589324	0.1178648	0.88233351	1.11811602	1	1	1:1	2	mixDH	4171946
14	106926498	107214991	NA	288494	4341	1.030835714	4137	233	742.0	mappable	0.15463041	NA	identical	0.34228046104	0.00228832952	0.16981621422	0.11026464	0.11255296	106926481	106926515	107209976	107220006	0.70309721	2	359857.8	22.336001	0.8275	21.66784	1.0555561	1.0	0.0	1.03083571	1	0	1:0	1	LOH	4171946
14	107214991	107259908	NA	44918	853	2.000449526	849	3	147.0	mappable	0.11120106	2.0	edge	0.003239625998	0.14285714286	0.01278378578	0.12940791	0.27226505	107209976	107220006	107259908	107259908	NA	missing	397806.6	20.710978	0.9965906	NA	NA	NA	NA	NA	NA	NA	NA	NA	NA	4171946
15	20850000	20859924	NA	9925	165	2.000449526	126	0	23.0	mappable	NA	2.0	edge	0.050023821828	0.02564102564	0.01471621422	0.15063813	0.17627915	20850000	20850000	20859924	20859924	NA	missing	397806.6	NA	0.9965906	NA	NA	NA	NA	NA	NA	NA	NA	NA	NA	4171946
15	22480079	23069956	NA	589878	4045	2.000449526	4002	184	706.0	mappable	0.086875	2.0	self	0.018470686604	0.00440528634	0.01018378578	0.10432937	0.10873466	22480079	22480079	23069956	23069956	0.17804088	1	397806.6	20.710978	0.9965906	NA	NA	0.0	1.00022476	1.00022476	1	1	1:1	2	neutral	4171946
15	23710146	23850000	NA	139855	2045	2.000449526	2030	120	374.0	mappable	0.08593553	2.0	NA	0.010777829461	0.00740740741	0.00371621422	0.11700304	0.12441045	23710146	23710146	23849989	23850000	0.15744509	1	397806.6	20.710978	0.9965906	NA	NA	0.0	1.00022476	1.00022476	1	1	1:1	2	neutral	4171946
15	23850001	23860014	NA	10014	212	1.380627143	212	0	40.0	mappable	NA	NA	NA	NA	inf	0.10881621422	0.15049214	inf	23850001	23850012	23859998	23860014	NA	missing	348867.1	NA	0.8885	NA	NA	NA	NA	NA	NA	NA	NA	NA	NA	4171946
15	23860015	24329926	NA	469912	8099	2.000449526	8052	481	1448.0	mappable	0.08429286	2.0	NA	0.005483711814	0.00189393939	0.02001621422	0.10614567	0.10803961	23860015	23860031	24329926	24329926	0.10668591	1	397806.6	20.710978	0.9965906	NA	NA	0.0	1.00022476	1.00022476	1	1	1:1	2	neutral	4171946
15	24329927	24830091	NA	500165	0	0.0	0	0	NA	mappable	NA	NA	NA	NA	inf	0.99731621422	0.10564099	inf	24329927	24329927	24830091	24830091	NA	missing	NA	NA	0.0	NA	NA	0.0	0.0	0.0	0	0	NA	0	homozygousDel	4171946
15	24830092	28529988	NA	3699898	57413	2.000449526	57204	3031	9966.0	mappable	0.078725	2.0	NA	0.000271136685	0.00030864198	0.01146620812	0.091663	0.09197164	24830092	24830092	28529988	28529988	0.1773339	1	397806.6	20.710978	0.9965906	NA	NA	0.0	1.00022476	1.00022476	1	1	1:1	2	neutral	4171946
15	29100034	30369914	NA	1269881	18289	2.000449526	18244	779	3204.0	mappable	0.08167895	2.0	self	4.7170539e-05	0.00121359223	0.02471621422	0.09863751	0.0998511	29100034	29100034	30369914	30369914	0.17885367	1	397806.6	20.710978	0.9965906	NA	NA	0.0	1.00022476	1.00022476	1	1	1:1	2	neutral	4171946
15	31160110	65590026	NA	34429919	471656	2.000449526	470169	19035	83954.0	mappable	0.078725	2.0	self	8.975696e-06	4.872819e-05	0.00329106948	0.07988127	0.07992999	31160110	31160110	65589995	65590026	0.1714869	1	397806.6	20.710978	0.9965906	NA	NA	0.0	1.00022476	1.00022476	1	1	1:1	2	neutral	4171946
15	65590027	65604964	NA	14938	290	2.967674435	290	9	51.0	mappable	0.08451786	3.0	identical	0.005745686604	0.11111111111	0.15098378578	0.14423043	0.25534154	65590027	65590058	65599853	65604964	NA	missing	465146.1	26.517568	1.1652646	NA	NA	NA	NA	NA	NA	NA	NA	NA	NA	4171946
15	65604965	75450069	NA	9845106	128104	2.000449526	127661	6124	22160.0	mappable	0.078725	2.0	self	0.000868212498	0.00015232292	0.00053593257	0.08609195	0.08624427	65604965	65610076	75449975	75450069	0.17174971	1	397806.6	20.710978	0.9965906	NA	NA	0.0	1.00022476	1.00022476	1	1	1:1	2	neutral	4171946
15	75450070	75460021	NA	9952	152	3.114675143	152	2	21.0	mappable	0.20887446	NA	identical	0.130102288336	0.5	0.19358378578	0.15059367	0.65059367	75450070	75450164	75459944	75460098	NA	missing	457525.0	27.654514	1.1909	NA	NA	NA	NA	NA	NA	NA	NA	NA	NA	4171946
15	75460021	82479795	NA	7019775	90308	2.000449526	89950	4476	15649.0	mappable	0.08215	2.0	self	0.003377829461	0.00020686802	0.00068378578	0.08793917	0.08814604	75459944	75460098	82479795	82479795	0.1761769	1	397806.6	20.710978	0.9965906	NA	NA	0.0	1.00022476	1.00022476	1	1	1:1	2	neutral	4171946
15	83211507	102399920	NA	19188415	296062	2.000449526	294991	14360	51444.0	mappable	0.081125	2.0	edge	0.001757129114	6.480461e-05	0.00518583207	0.08266604	0.08273084	83211507	83211507	102399920	102399920	0.16023927	1	397806.6	20.710978	0.9965906	NA	NA	0.0	1.00022476	1.00022476	1	1	1:1	2	neutral	4171946
16	100010	16289940	NA	16189938	298341	2.000449526	297055	13629	52136.0	mappable	0.08215	2.0	edge	0.002537926414	6.70466e-05	0.00372938338	0.08351221	0.08357926	100010	100010	16289940	16289940	0.1753516	1	397806.6	20.710978	0.9965906	NA	NA	0.0	1.00022476	1.00022476	1	1	1:1	2	neutral	4171946
16	16870104	18169896	NA	1299793	20484	2.000449526	20406	763	3555.0	mappable	0.079325	2.0	self	0.003472170539	0.00118906064	0.00628378578	0.09847438	0.09966344	16870104	16870104	18169896	18169896	0.14344111	1	397806.6	20.710978	0.9965906	NA	NA	0.0	1.00022476	1.00022476	1	1	1:1	2	neutral	4171946
16	18800044	29039945	NA	10239902	125321	2.000449526	124696	5426	22445.0	mappable	0.08472778	2.0	self	0.003377829461	0.00016526194	0.00141621422	0.08588225	0.08604751	18800044	18800044	29039945	29039945	0.17072211	1	397806.6	20.710978	0.9965906	NA	NA	0.0	1.00022476	1.00022476	1	1	1:1	2	neutral	4171946
16	29670028	31959970	NA	2289943	17559	2.000449526	17502	349	3345.0	mappable	0.08454681	2.0	self	0.006802829461	0.00246305419	0.00828378578	0.09466613	0.09712918	29670028	29670028	31959970	31959970	0.23891099	1	397806.6	20.710978	0.9965906	NA	NA	0.0	1.00022476	1.00022476	1	1	1:1	2	neutral	4171946
16	32520030	32649899	NA	129870	3149	2.000449526	2769	0	345.0	mappable	NA	2.0	self	0.007850901882	0.00263157895	0.03538378578	0.11773911	0.12037069	32520030	32520030	32649899	32649899	NA	missing	397806.6	NA	0.9965906	NA	NA	NA	NA	NA	NA	NA	NA	NA	NA	4171946
16	33590105	34410010	NA	819906	4255	2.000449526	4190	0	1060.0	mappable	NA	2.0	self	9.8361015e-05	0.01538461538	0.01138378578	0.10180656	0.11719118	33590105	33590105	34409863	34410010	NA	missing	397806.6	NA	0.9965906	NA	NA	NA	NA	NA	NA	NA	NA	NA	NA	4171946
16	34410011	34525071	NA	115061	1253	1.601970571	1253	2	171.0	mappable	0.2826087	NA	NA	0.203836525113	0.5	0.07021621422	0.11896237	0.61896237	34410011	34410158	34519999	34530143	NA	missing	579370.4	37.155278	0.9271	NA	NA	NA	NA	NA	NA	NA	NA	NA	NA	4171946
16	34525071	34619965	NA	94895	957	2.110028286	957	1	80.0	mappable	0.53333333	NA	NA	0.454561162794	1.0	0.01838378578	0.12096254	1.12096254	34519999	34530143	34619901	34620029	NA	missing	800367.1	61.361476	1.0157	NA	NA	NA	NA	NA	NA	NA	NA	NA	NA	4171946
16	34619965	34629861	NA	9897	125	1.467788286	125	0	16.0	mappable	NA	NA	NA	NA	inf	0.09361621422	0.15068438	inf	34619901	34620029	34629713	34629861	NA	missing	729398.6	NA	0.9037	NA	NA	NA	NA	NA	NA	NA	NA	NA	NA	4171946
16	34629862	35279959	NA	650098	8846	2.000449526	8842	6	1849.0	mappable	0.0762053	2.0	NA	0.019839988101	0.1	0.00108378578	0.10357168	0.20357168	34629862	34630010	35279959	35279959	NA	missing	397806.6	20.710978	0.9965906	NA	NA	NA	NA	NA	NA	NA	NA	NA	NA	4171946
16	46450014	46480000	NA	29987	792	2.905947143	792	0	216.0	mappable	NA	NA	NA	NA	inf	0.15718378578	0.13448046	inf	46450014	46450014	46459992	46480000	NA	missing	427736.0	NA	1.1545	NA	NA	NA	NA	NA	NA	NA	NA	NA	NA	4171946
16	46480001	70199035	NA	23719037	318347	2.000449526	317230	13639	55874.0	mappable	0.081125	2.0	NA	0.002568042562	6.776904e-05	0.00564792961	0.08163418	0.08170195	46480001	46500009	70199000	70199035	0.15335307	1	397806.6	20.710978	0.9965906	NA	NA	0.0	1.00022476	1.00022476	1	1	1:1	2	neutral	4171946
16	70199036	71770000	INV	1570967	17457	2.000449526	17279	596	3165.0	mappable	0.0782	2.0	self	0.002768172413	0.00129198966	0.00626680711	0.09716652	0.09845851	70199036	70199132	71769867	71770000	0.1595537	1	397806.6	20.710978	0.9965906	NA	NA	0.0	1.00022476	1.00022476	1	1	1:1	2	neutral	4171946
16	71770001	72140057	NA	370057	4014	3.192661429	3993	272	707.0	mappable	0.191675	NA	NA	0.110011162794	0.00341296928	0.20718378578	0.10812337	0.11153634	71770001	71770134	72139885	72140229	0.63753535	2	477753.3	27.955051	1.2045	19.76285	0.6841812	0.3683624	1.00830254	2.18435889	2	1	2:1	3	gain	4171946
16	72140057	72179872	NA	39816	576	2.529838783	561	28	89.0	mappable	0.13231892	1.0	NA	0.047219934724	0.02325581395	0.11568378578	0.13088097	0.15413678	72139885	72140229	72179738	72180006	NA	missing	435591.5	24.431376	1.0889106	NA	NA	NA	NA	NA	NA	NA	NA	NA	NA	4171946
16	72179872	74363722	NA	2183851	32511	2.000449526	32408	1176	5791.0	mappable	0.080125	2.0	self	0.001556277737	0.00078186083	0.01061621422	0.09497378	0.09575564	72179738	72180006	74359975	74363722	0.17019919	1	397806.6	20.710978	0.9965906	NA	NA	0.0	1.00022476	1.00022476	1	1	1:1	2	neutral	4171946
16	74363723	90109969	INV	15746250	329939	2.000449526	328573	17102	56753.0	mappable	0.08215	2.0	edge	0.003076862213	5.414771e-05	0.00063567477	0.08365224	0.08370639	74363723	74470042	90109969	90109969	0.17809208	1	397806.6	20.710978	0.9965906	NA	NA	0.0	1.00022476	1.00022476	1	1	1:1	2	neutral	4171946
17	20080	250012	NA	229933	4323	2.000449526	4207	243	900.0	mappable	0.0761875	2.0	edge	4.7170539e-05	0.00278551532	0.00861621422	0.11229108	0.11507659	20080	20080	239986	250012	0.30485148	1	397806.6	20.710978	0.9965906	NA	NA	0.0	1.00022476	1.00022476	1	1	1:1	2	neutral	4171946
17	480015	3049935	NA	2569921	27386	2.000449526	27152	1365	5104.0	mappable	0.08255385	2.0	self	0.003377829461	0.00062539087	0.01318378578	0.09392629	0.09455168	480015	480037	3039831	3049935	0.30114679	1	397806.6	20.710978	0.9965906	NA	NA	0.0	1.00022476	1.00022476	1	1	1:1	2	neutral	4171946
17	3049936	3069989	NA	20054	179	2.529838783	179	7	29.0	mappable	0.19875185	1.0	NA	0.119979676752	0.14285714286	0.09848378578	0.13994232	0.28279946	3049936	3060040	3069926	3070052	NA	missing	435591.5	24.431376	1.0889106	NA	NA	NA	NA	NA	NA	NA	NA	NA	NA	4171946
17	3069989	3100048	NA	30060	268	1.649565143	268	16	44.0	mappable	0.13637976	NA	NA	0.057607591366	0.0625	0.06191621422	0.13444874	0.19694874	3069926	3070052	3099956	3100140	NA	missing	394923.2	22.408903	0.9354	NA	NA	NA	NA	NA	NA	NA	NA	NA	NA	4171946
17	3100048	18239982	NA	15139935	199208	2.000449526	198350	10563	35030.0	mappable	0.08215	2.0	self	0.001219358431	8.756567e-05	0.01280630398	0.08385092	0.08393848	3099956	3100140	18239982	18239982	0.20209235	1	397806.6	20.710978	0.9965906	NA	NA	0.0	1.00022476	1.00022476	1	1	1:1	2	neutral	4171946
17	18750212	22239986	NA	3489775	25849	2.000449526	25144	769	4805.0	mappable	0.08153696	2.0	self	0.006252319257	0.00067842605	0.00578378578	0.09201874	0.09269717	18750212	18750212	22239986	22239986	0.20229311	1	397806.6	20.710978	0.9965906	NA	NA	0.0	1.00022476	1.00022476	1	1	1:1	2	neutral	4171946
17	25390040	27149322	NA	1759283	18934	2.000449526	18876	733	3430.0	mappable	0.07471429	2.0	NA	0.004057884825	0.0012642225	0.00018378578	0.09640154	0.09766576	25390040	25390040	27139920	27149322	0.15864252	1	397806.6	20.710978	0.9965906	NA	NA	0.0	1.00022476	1.00022476	1	1	1:1	2	neutral	4171946
17	27149323	27191864	DEL	42542	124	1.162724286	124	0	28.0	mappable	NA	NA	NA	NA	inf	0.14681621422	0.13006776	inf	27149323	27160233	27191851	27191864	NA	missing	340136.1	NA	0.8505	NA	NA	NA	NA	NA	NA	NA	NA	NA	NA	4171946
17	27191865	44279982	DEL	17088118	191906	2.000449526	191178	8870	34302.0	mappable	0.081175	2.0	NA	0.003377829461	0.00010421009	0.00168378578	0.08324145	0.08334567	27191865	27191929	44279982	44279982	0.16737809	1	397806.6	20.710978	0.9965906	NA	NA	0.0	1.00022476	1.00022476	1	1	1:1	2	neutral	4171946
17	44790026	81109940	NA	36319920	476494	2.000449526	474330	22205	84482.0	mappable	0.08215	2.0	edge	0.003106551474	4.103574e-05	0.00221869304	0.07963604	0.07967707	44790026	44790026	81109940	81109940	0.17528491	1	397806.6	20.710978	0.9965906	NA	NA	0.0	1.00022476	1.00022476	1	1	1:1	2	neutral	4171946
18	130031	14119956	NA	13989927	212731	2.000449526	211931	11074	37003.0	mappable	0.07876667	2.0	edge	0.001378494441	8.421762e-05	0.00224371938	0.0842535	0.08433772	130031	130031	14119956	14119956	0.15519816	1	397806.6	20.710978	0.9965906	NA	NA	0.0	1.00022476	1.00022476	1	1	1:1	2	neutral	4171946
18	14119957	14910026	NA	790070	0	0.0	0	0	NA	mappable	NA	NA	NA	NA	inf	0.99731621422	0.10208446	inf	14119957	14119957	14910026	14910026	NA	missing	NA	NA	0.0	NA	NA	0.0	0.0	0.0	0	0	NA	0	homozygousDel	4171946
18	14910027	14929888	NA	19862	364	1.58686933	360	32	63.0	mappable	0.09157727	4.0	NA	0.002584670539	0.02777777778	0.06531621422	0.14007836	0.16785613	14910027	14910027	14929888	14929888	0.33048852	1	269289.5	14.582213	0.9244665	NA	NA	0.0	0.79343467	0.79343467	1	1	1:1	2	neutral	4171946
18	18540053	78009968	NA	59469922	879452	2.000449526	876113	41574	154027.0	mappable	0.078725	2.0	edge	0.001550922979	2.226725e-05	0.00587026538	0.07744237	0.07746463	18540053	18540053	78009968	78009968	0.15163252	1	397806.6	20.710978	0.9965906	NA	NA	0.0	1.00022476	1.00022476	1	1	1:1	2	neutral	4171946
19	260137	4970005	NA	4709869	56922	2.018337057	56468	2135	10974.0	mappable	0.363	6.0	edge	0.284227829461	0.00038624952	0.01368378578	0.09022317	0.09060942	260137	260137	4969963	4970005	0.88770335	2	396929.8	26.707026	0.99971	19.783	0.9909126	0.9818251	0.01834153	1.99999553	2	0	2:0	2	cnLOH	4171946
19	4970006	4980060	NA	10055	186	2.913401714	186	0	40.0	mappable	NA	NA	NA	NA	inf	0.15848378578	0.15042542	inf	4970006	4970048	4979988	4980132	NA	missing	410715.0	NA	1.1558	NA	NA	NA	NA	NA	NA	NA	NA	NA	NA	4171946
19	4980060	6518263	NA	1538204	19156	2.018337057	19067	793	3573.0	mappable	0.33263871	6.0	NA	0.253402829461	0.00113378685	0.00831621422	0.09731027	0.09844406	4979988	4980132	6518261	6518263	0.87310326	2	396929.8	26.707026	0.99971	19.783	0.9909126	0.9818251	0.01834153	1.99999553	2	0	2:0	2	cnLOH	4171946
19	6518264	6992305	DEL	474042	6112	0.064035143	6083	382	1152.0	mappable	0.099275	NA	NA	0.020502829461	0.00243309002	0.33841621422	0.1060746	0.10850769	6518264	6518404	6992255	6992305	0.22130745	1	253734.5	13.506074	0.6589	NA	NA	0.0	0.03201757	0.03201757	0	0	0:0	0	LOH	4171946
19	6992306	8380052	DEL	1387748	14233	2.018337057	14119	1008	2728.0	mappable	0.373275	6.0	NA	0.284558520641	0.0008912656	0.00666655118	0.09801849	0.09890975	6992306	6992314	8379973	8380131	0.89451167	2	396929.8	26.707026	0.99971	19.783	0.9909126	0.9818251	0.01834153	1.99999553	2	0	2:0	2	cnLOH	4171946
19	8380052	24569972	NA	16189921	160940	2.000449526	159694	6357	30815.0	mappable	0.0858869	2.0	self	0.006802829461	0.00013152703	0.00468378578	0.08351221	0.08364374	8379973	8380131	24569972	24569972	0.33776551	1	397806.6	20.710978	0.9965906	NA	NA	0.0	1.00022476	1.00022476	1	1	1:1	2	neutral	4171946
19	27750002	43209995	NA	15459994	197650	2.000449526	196787	7688	36314.0	mappable	0.078725	2.0	NA	0.000783251106	0.00011694539	0.00470179732	0.08374495	0.0838619	27750002	27750002	43209995	43209995	0.16893321	1	397806.6	20.710978	0.9965906	NA	NA	0.0	1.00022476	1.00022476	1	1	1:1	2	neutral	4171946
19	43209996	43800005	NA	590010	0	0.0	0	0	NA	mappable	NA	NA	NA	NA	inf	0.99731621422	0.10432761	inf	43209996	43209996	43800005	43800005	NA	missing	NA	NA	0.0	NA	NA	0.0	0.0	0.0	0	0	NA	0	homozygousDel	4171946
19	43800006	52919996	NA	9119993	103740	2.000449526	103213	4668	19392.0	mappable	0.08215	2.0	NA	0.003364423797	0.00019256692	0.00033439621	0.08650294	0.08669551	43800006	43800006	52919972	52920020	0.19132458	1	397806.6	20.710978	0.9965906	NA	NA	0.0	1.00022476	1.00022476	1	1	1:1	2	neutral	4171946
19	52919996	52935043	NA	15048	193	2.864086857	192	7	29.0	mappable	0.04925686	NA	identical	0.035398740336	0.125	0.14988378578	0.14412042	0.26912042	52919972	52920020	52929999	52940087	NA	missing	426202.0	22.375605	1.1472	NA	NA	NA	NA	NA	NA	NA	NA	NA	NA	4171946
19	52935043	59089999	NA	6154957	58961	2.000449526	58526	2849	11092.0	mappable	0.08215	2.0	edge	0.006802829461	0.0003045067	0.00241621422	0.08867875	0.08898326	52929999	52940087	59089999	59089999	0.19489925	1	397806.6	20.710978	0.9965906	NA	NA	0.0	1.00022476	1.00022476	1	1	1:1	2	neutral	4171946
20	60479	25729738	NA	25669261	400566	2.000449526	399334	18918	68799.0	mappable	0.078725	2.0	edge	0.00095340676	4.962779e-05	0.00939081791	0.08125609	0.08130572	60479	60479	25729738	25729738	0.14461493	1	397806.6	20.710978	0.9965906	NA	NA	0.0	1.00022476	1.00022476	1	1	1:1	2	neutral	4171946
20	29810057	42109982	NA	12299930	168511	2.000449526	168001	4748	30497.0	mappable	0.07692143	2.0	NA	0.001083441327	0.00019018638	0.00256107064	0.08491795	0.08510814	29810057	29810057	42109903	42109982	0.14963363	1	397806.6	20.710978	0.9965906	NA	NA	0.0	1.00022476	1.00022476	1	1	1:1	2	neutral	4171946
20	42109983	42129964	NA	19982	346	2.530924857	346	0	65.0	mappable	NA	NA	NA	NA	inf	0.09178378578	0.13999315	inf	42109983	42110062	42129817	42129964	NA	missing	407276.6	NA	1.0891	NA	NA	NA	NA	NA	NA	NA	NA	NA	NA	4171946
20	42129965	62909989	NA	20780027	329041	2.000449526	327273	14664	57579.0	mappable	0.078725	2.0	edge	0.001036857584	6.086057e-05	0.0029105125	0.08227509	0.08233595	42129965	42130112	62909989	62909989	0.16292137	1	397806.6	20.710978	0.9965906	NA	NA	0.0	1.00022476	1.00022476	1	1	1:1	2	neutral	4171946
21	10720001	11179964	NA	459966	5133	2.043365494	4804	0	1313.0	mappable	NA	NA	edge	0.200863074	0.00303951368	0.00675847894	0.10631982	0.10935934	10720001	10720001	11179964	11179964	NA	missing	1051905.4	NA	1.0040747	NA	NA	NA	NA	NA	NA	NA	NA	NA	NA	4171946
21	15410077	48099931	NA	32689859	516590	2.000449526	513918	25414	91189.0	mappable	0.078725	2.0	edge	0.002017330635	3.56062e-05	0.00023053002	0.08012069	0.0801563	15410077	15410077	48099931	48099931	0.16522406	1	397806.6	20.710978	0.9965906	NA	NA	0.0	1.00022476	1.00022476	1	1	1:1	2	neutral	4171946
22	16850007	17300043	NA	450037	1262	2.425880771	1258	25	370.0	mappable	0.06281346	7.0	edge	0.01797345259	0.03448275862	0.12828378578	0.10649806	0.14098082	16850007	16850007	17299997	17300043	NA	missing	429230.3	23.004874	1.0707814	NA	NA	NA	NA	NA	NA	NA	NA	NA	NA	4171946
22	17300044	51179984	NA	33879943	454415	2.000449526	452163	19981	80545.0	mappable	0.078725	2.0	edge	0.002021391796	4.498021e-05	0.00262525133	0.07995545	0.08000044	17300044	17300090	51179984	51179984	0.18889405	1	397806.6	20.710978	0.9965906	NA	NA	0.0	1.00022476	1.00022476	1	1	1:1	2	neutral	4171946
23	2700027	58499983	NA	55799957	490291	0.999965	490291	512	48213.0	mappable	0.34245	NA	NA	NA	NA	NA	NA	NA	2700027	2700027	58499983	58499983	0.40042769	2	198677.8	8.38549	0.9965	NA	NA	NA	NA	NA	1	NA	1	1	neutral	4171946
23	61750000	70875057	NA	9125058	77717	1.003692286	77717	48	7736.0	mappable	0.4315	NA	NA	NA	NA	NA	NA	NA	61750000	61750000	70859972	70875057	NA	missing	197495.8	6.465636	0.9978	NA	NA	NA	NA	NA	1	NA	1	1	neutral	4171946
23	70985014	88459980	NA	17474967	164306	0.993370571	164306	134	15937.0	mappable	0.3493	NA	NA	NA	NA	NA	NA	NA	70985014	71070052	88459980	88459980	0.09525729	1	198931.0	8.886487	0.9942	NA	NA	NA	NA	NA	1	NA	1	1	neutral	4171946
23	88990017	89349936	NA	359920	1089	0.936314429	1089	0	107.0	mappable	NA	NA	NA	NA	NA	NA	NA	NA	88990017	88990017	89349936	89349936	NA	missing	199377.8	NA	0.9743	NA	NA	NA	NA	NA	1	NA	1	1	neutral	4171946
23	89349937	90140198	NA	790262	0	0.0	0	0	NA	mappable	NA	NA	NA	NA	NA	NA	NA	NA	89349937	89349937	90140198	90140198	NA	missing	NA	NA	0.0	NA	NA	0.0	0.0	0.0	0	0	-2	0	homozygousDel	4171946
23	90140199	91529952	NA	1389754	5098	0.964412429	5098	6	465.0	mappable	0.58226765	NA	NA	NA	NA	NA	NA	NA	90140199	90140199	91529952	91529952	NA	missing	198428.2	4.629992	0.9841	NA	NA	NA	NA	NA	1	NA	1	1	neutral	4171946
23	91529953	92379999	NA	850047	0	0.0	0	0	NA	mappable	NA	NA	NA	NA	NA	NA	NA	NA	91529953	91529953	92379999	92379999	NA	missing	NA	NA	0.0	NA	NA	0.0	0.0	0.0	0	0	-2	0	homozygousDel	4171946
23	92380000	101280035	NA	8900036	86666	0.987923	86666	53	8502.0	mappable	0.20545	NA	NA	NA	NA	NA	NA	NA	92380000	92380000	101279960	101280110	NA	missing	198671.3	9.933567	0.9923	NA	NA	NA	NA	NA	1	NA	1	1	neutral	4171946
23	101280035	101299984	NA	19950	181	0.479578571	181	0	11.0	mappable	NA	NA	NA	NA	NA	NA	NA	NA	101279960	101280110	101289955	101299984	NA	missing	189644.0	NA	0.815	NA	NA	NA	NA	NA	0	NA	0	0	loss	4171946
23	101299985	154929639	NA	53629655	479879	0.987923	479879	453	46433.0	mappable	0.17805	NA	NA	NA	NA	NA	NA	NA	101299985	101310014	154929639	154929639	0.14155762	1	197550.3	8.589145	0.9923	NA	NA	NA	NA	NA	1	NA	1	1	neutral	4171946
24	2653090	2919837	NA	266748	293	0.036318286	293	0	29.0	mappable	NA	NA	NA	NA	NA	NA	NA	NA	2653090	2653090	2919837	2919837	NA	missing	130176.0	NA	0.6604	NA	NA	NA	NA	NA	0	NA	0	0	loss	4171946
24	3712028	3719919	NA	7892	141	-0.024465143	141	0	11.0	mappable	NA	NA	NA	NA	NA	NA	NA	NA	3712028	3712028	3719919	3719919	NA	missing	126804.3	NA	0.6392	NA	NA	NA	NA	NA	0	NA	0	0	loss	4171946
24	6420014	10069977	NA	3649964	6072	0.041765857	6072	42	824.0	mappable	0.06154773	NA	NA	NA	NA	NA	NA	NA	6420014	6420014	10069977	10069977	0.06047546	1	134038.4	6.391516	0.6623	NA	NA	NA	NA	NA	0	NA	0	0	loss	4171946
24	13130467	19558992	NA	6428526	11925	0.187990143	11927	170	2276.0	mappable	0.2534	NA	NA	NA	NA	NA	NA	NA	13130467	13130467	19558992	19558992	0.0290933	1	165336.6	7.817017	0.7133	NA	NA	NA	NA	NA	0	NA	0	0	loss	4171946
24	20802956	23808171	NA	3005216	2840	0.001052429	2840	5	300.0	mappable	0.40793929	NA	NA	NA	NA	NA	NA	NA	20802956	20802956	23808171	23808171	NA	missing	130476.0	4.538296	0.6481	NA	NA	NA	NA	NA	0	NA	0	0	loss	4171946
24	24381338	24508205	NA	126868	228	0.031157429	228	0	15.0	mappable	NA	NA	NA	NA	NA	NA	NA	NA	24381338	24381338	24508205	24508205	NA	missing	129830.6	NA	0.6586	NA	NA	NA	NA	NA	0	NA	0	0	loss	4171946
24	28780461	28789809	NA	9349	78	0.505096143	78	6	33.0	mappable	0.38533764	NA	NA	NA	NA	NA	NA	NA	28780461	28780461	28789809	28789809	NA	missing	270291.4	18.051604	0.8239	NA	NA	NA	NA	NA	1	NA	1	1	neutral	4171946
