#chromosome	start	end	crest	length	tcnNbrOfLoci	tcnMean	tcnNbrOfSNPs	tcnNbrOfHets	dhNbrOfLoci	map	dhMax	cluster	neighbour	distDH	errorSNP	distTcn	errorLength	totalError	minStart	maxStart	minStop	maxStop	area	peaks	meanCovT	meanCovB	tcnMeanRaw	AF	BAF	dhMean	c1Mean	c2Mean	A	B	genotype	TCN	GNL	PID
1	840009	12839977	NA	11999969	171880	2.004636	170945	6947	36471.0	mappable	0.089	2.0	edge	0.0100818378469	0.00012688745	0.00078619485	0.08504657	0.08517346	840009	840009	12839977	12839977	0.16676146	1	330257.88	17.170145	0.9707893	NA	NA	0.0	1.0023182	1.0023182	1	1	1:1	2	neutral	4130051
1	13780016	97569987	NA	83789977	1082867	2.004636	1079139	46026	231725.0	mappable	0.085575	2.0	NA	0.0017667862522	2.01001e-05	0.00151166823	0.07598705	0.07600715	13780016	13780016	97569964	97570010	0.14831949	1	330257.88	17.170145	0.9707893	NA	NA	0.0	1.0023182	1.0023182	1	1	1:1	2	neutral	4130051
1	97569987	97580009	NA	10023	128	2.264728	128	0	28.0	mappable	NA	NA	NA	NA	inf	0.10121380515	0.15047746	inf	97569964	97570010	97579990	97580009	NA	missing	363693.0	NA	1.0716	NA	NA	NA	NA	NA	NA	NA	NA	NA	NA	4130051
1	97580010	120529963	NA	22949955	309945	2.004636	309079	13809	66178.0	mappable	0.08215	2.0	NA	0.0017124924232	6.814774e-05	0.00070415795	0.08179294	0.08186109	97580010	97580029	120529963	120529963	0.14275129	1	330257.88	17.170145	0.9707893	NA	NA	0.0	1.0023182	1.0023182	1	1	1:1	2	neutral	4130051
1	121220004	121229986	NA	9983	177	1.933456	177	0	41.0	mappable	NA	NA	NA	NA	inf	0.02718619485	0.15054281	inf	121220004	121220004	121229986	121229986	NA	missing	335118.0	NA	0.9432	NA	NA	NA	NA	NA	NA	NA	NA	NA	NA	4130051
1	144010127	144019970	NA	9844	155	1.971124	86	0	30.0	mappable	NA	NA	NA	0.2126423356824	0.01449275362	0.01258619485	0.15077238	0.16526513	144010127	144010127	144019970	144019970	NA	missing	939772.0	NA	0.9578	NA	NA	NA	NA	NA	NA	NA	NA	NA	NA	4130051
1	144920087	145739956	NA	819870	6374	2.004636	5801	95	1556.0	mappable	0.07184167	2.0	self	0.0001931621531	0.00149700599	0.00521380515	0.10180689	0.1033039	144920087	144920087	145739956	145739956	0.23611108	1	330257.88	17.170145	0.9707893	NA	NA	0.0	1.0023182	1.0023182	1	1	1:1	2	neutral	4130051
1	146540101	147829895	NA	1289795	11666	2.004636	11624	539	2438.0	mappable	0.0911125	2.0	self	0.0066568378469	0.0017211704	0.00301380515	0.09852843	0.1002496	146540101	146540101	147829895	147829895	0.15047816	1	330257.88	17.170145	0.9707893	NA	NA	0.0	1.0023182	1.0023182	1	1	1:1	2	neutral	4130051
1	149815060	233849988	NA	84034939	1126649	2.004636	1123192	52701	240944.0	mappable	0.085575	2.0	NA	0.002075767642	1.780722e-05	0.00099524054	0.07597489	0.0759927	149815060	149815060	233849940	233850036	0.1454605	1	330257.88	17.170145	0.9707893	NA	NA	0.0	1.0023182	1.0023182	1	1	1:1	2	neutral	4130051
1	233849988	233860030	NA	10043	145	1.811164	145	0	38.0	mappable	NA	NA	NA	NA	inf	0.07458619485	0.15044491	inf	233849940	233850036	233859966	233860030	NA	missing	310283.8	NA	0.8958	NA	NA	NA	NA	NA	NA	NA	NA	NA	NA	4130051
1	233860031	234989877	NA	1129847	17409	2.004636	17309	889	3711.0	mappable	0.08201071	2.0	NA	0.0003568378469	0.00101112235	0.00681380515	0.0994644	0.10047553	233860031	233860095	234989751	234990003	0.12676023	1	330257.88	17.170145	0.9707893	NA	NA	0.0	1.0023182	1.0023182	1	1	1:1	2	neutral	4130051
1	234989877	235000034	NA	10158	142	2.204098	142	0	33.0	mappable	NA	NA	NA	NA	inf	0.07771380515	0.15025925	inf	234989751	234990003	234999958	235000034	NA	missing	326278.9	NA	1.0481	NA	NA	NA	NA	NA	NA	NA	NA	NA	NA	4130051
1	235000035	249209945	NA	14209913	200076	2.004636	199121	11193	42385.0	mappable	0.085575	2.0	edge	0.00260507624	8.231808e-05	0.00142490493	0.08417369	0.08425601	235000035	235000111	249209945	249209945	0.17487482	1	330257.88	17.170145	0.9707893	NA	NA	0.0	1.0023182	1.0023182	1	1	1:1	2	neutral	4130051
2	20016	26430073	NA	26410068	396283	2.004636	394844	18800	85429.0	mappable	0.08215	2.0	edge	0.0015402633191	4.941444e-05	0.00103450578	0.08112081	0.08117023	20016	20016	26429814	26430332	0.14169238	1	330257.88	17.170145	0.9707893	NA	NA	0.0	1.0023182	1.0023182	1	1	1:1	2	neutral	4130051
2	26430073	26440057	NA	9985	118	2.216224	118	0	30.0	mappable	NA	NA	NA	NA	inf	0.08241380515	0.15053953	inf	26429814	26430332	26439995	26440057	NA	missing	364102.5	NA	1.0528	NA	NA	NA	NA	NA	NA	NA	NA	NA	NA	4130051
2	26440058	41310029	NA	14869976	235449	2.004636	234746	11258	49728.0	mappable	0.08215	2.0	NA	0.0017085820098	8.360505e-05	0.00182689588	0.08394227	0.08402587	26440058	26440120	41309998	41310029	0.14276715	1	330257.88	17.170145	0.9707893	NA	NA	0.0	1.0023182	1.0023182	1	1	1:1	2	neutral	4130051
2	41310030	41329977	NA	19948	368	1.788202	368	0	94.0	mappable	NA	NA	NA	NA	inf	0.08348619485	0.14001723	inf	41310030	41310061	41329934	41330020	NA	missing	344205.57	NA	0.8869	NA	NA	NA	NA	NA	NA	NA	NA	NA	NA	4130051
2	41329977	87059860	NA	45729884	678770	2.004636	676942	30520	145023.0	mappable	0.08215	2.0	NA	0.0001781574562	3.091668e-05	0.00080146312	0.07859586	0.07862677	41329934	41330020	87059860	87059860	0.13347791	1	330257.88	17.170145	0.9707893	NA	NA	0.0	1.0023182	1.0023182	1	1	1:1	2	neutral	4130051
2	88330099	89094923	NA	764825	9473	2.004636	9440	658	2041.0	mappable	0.08923409	2.0	self	0.0072627201998	0.00144927536	0.01051380515	0.10232916	0.10377844	88330099	88330099	89059837	89130009	0.18461388	1	330257.88	17.170145	0.9707893	NA	NA	0.0	1.0023182	1.0023182	1	1	1:1	2	neutral	4130051
2	89094923	89161071	NA	66149	1118	1.017905	1118	38	234.0	mappable	0.68144444	7.0	NA	0.5991012822913	0.02631578947	0.33548619485	0.12489515	0.15121094	89059837	89130009	89161069	89161071	0.93804755	2	199788.63	16.547785	0.5883354	16.45266	0.9895098	0.97901951	0.01067808	1.0072273	1	0	1:0	1	LOH	4130051
2	89161072	89229990	DEL	68919	1286	1.116112	1285	32	294.0	mappable	0.5597	NA	NA	0.4770704742105	0.0303030303	0.34398619485	0.12443526	0.1547383	89161072	89161072	89229990	89229990	NA	missing	219359.54	17.548763	0.6264	NA	NA	NA	NA	NA	NA	NA	NA	NA	NA	4130051
2	89229991	89246820	NA	16830	0	0.0	0	0	NA	mappable	NA	NA	NA	NA	inf	0.97038619485	0.14246285	inf	89229991	89229991	89246820	89246820	NA	missing	NA	NA	0.0	NA	NA	0.0	0.0	0.0	0	0	NA	0	homozygousDel	4130051
2	89840102	90239998	NA	399897	914	2.004636	902	1	294.0	mappable	0.15384615	2.0	NA	0.0269633419119	0.07692307692	0.03121380515	0.10747332	0.1843964	89840102	89840102	90239998	90239998	NA	missing	330257.88	17.170145	0.9707893	NA	NA	NA	NA	NA	NA	NA	NA	NA	NA	4130051
2	95580145	96239991	NA	659847	4445	2.004636	4435	162	969.0	mappable	0.06409868	2.0	NA	0.0206168463637	0.00581395349	0.00691380515	0.10345663	0.10927058	95580145	95580145	96239991	96239991	0.12958066	1	330257.88	17.170145	0.9707893	NA	NA	0.0	1.0023182	1.0023182	1	1	1:1	2	neutral	4130051
2	96239992	96740020	NA	500029	0	0.0	0	0	NA	mappable	NA	NA	NA	NA	inf	0.97038619485	0.10564318	inf	96239992	96239992	96740020	96740020	NA	missing	NA	NA	0.0	NA	NA	0.0	0.0	0.0	0	0	NA	0	homozygousDel	4130051
2	96740021	128950055	NA	32210035	414618	2.004636	413557	16669	89989.0	mappable	0.085575	2.0	NA	0.0028415846217	5.640158e-05	0.00121037036	0.08018922	0.08024563	96740021	96740021	128949893	128950217	0.14773796	1	330257.88	17.170145	0.9707893	NA	NA	0.0	1.0023182	1.0023182	1	1	1:1	2	neutral	4130051
2	128950055	128960059	NA	10005	144	1.786654	144	0	33.0	mappable	NA	NA	NA	NA	inf	0.08408619485	0.15050683	inf	128949893	128950217	128959950	128960168	NA	missing	285658.0	NA	0.8863	NA	NA	NA	NA	NA	NA	NA	NA	NA	NA	4130051
2	128960059	132189994	NA	3229936	33469	2.004636	33385	1258	7157.0	mappable	0.085575	2.0	NA	0.0032318378469	0.00074515648	0.00378619485	0.09249379	0.09323894	128959950	128960168	132189994	132189994	0.16391905	1	330257.88	17.170145	0.9707893	NA	NA	0.0	1.0023182	1.0023182	1	1	1:1	2	neutral	4130051
2	132189995	133009999	NA	820005	0	0.0	0	0	NA	mappable	NA	NA	NA	NA	inf	0.97038619485	0.10180566	inf	132189995	132189995	133009999	133009999	NA	missing	NA	NA	0.0	NA	NA	0.0	0.0	0.0	0	0	NA	0	homozygousDel	4130051
2	133010000	225688525	NA	92678535	1239854	2.004636	1236130	51305	265176.0	mappable	0.08215	2.0	NA	7.10594494e-05	1.817257e-05	0.00251723531	0.07556942	0.07558759	133010000	133010000	225688396	225688525	0.15084686	1	330257.88	17.170145	0.9707893	NA	NA	0.0	1.0023182	1.0023182	1	1	1:1	2	neutral	4130051
2	225688526	225688600	CTX	75	0	0.0	0	0	NA	mappable	NA	NA	NA	NA	inf	0.97038619485	0.32108817	inf	225688526	225688526	225688600	225688600	NA	missing	NA	NA	0.0	NA	NA	0.0	0.0	0.0	0	0	NA	0	homozygousDel	4130051
2	225688601	225688696	CTX	96	2	2.005696	2	0	0.0	mappable	NA	NA	NA	NA	inf	0.00081380515	0.30372231	inf	225688601	225688603	225688641	225688696	NA	missing	357110.0	NA	0.9712	NA	NA	NA	NA	NA	NA	NA	NA	NA	NA	4130051
2	225688697	238790032	CTX	13101337	195237	2.004636	194387	10306	41358.0	mappable	0.085575	2.0	NA	0.0031991316587	8.963786e-05	0.00014060103	0.08459088	0.08468052	225688697	225688839	238789922	238790142	0.15686266	1	330257.88	17.170145	0.9707893	NA	NA	0.0	1.0023182	1.0023182	1	1	1:1	2	neutral	4130051
2	238790032	238800078	NA	10047	179	2.306266	179	0	33.0	mappable	NA	NA	NA	NA	inf	0.11731380515	0.15043841	inf	238789922	238790142	238799937	238800078	NA	missing	267807.1	NA	1.0877	NA	NA	NA	NA	NA	NA	NA	NA	NA	NA	4130051
2	238800079	242939999	NA	4139921	67881	2.004636	67519	4180	14360.0	mappable	0.085575	2.0	NA	0.0032318378469	0.00022026432	0.00328619485	0.09098696	0.09120722	238800079	238800220	242939982	242940016	0.14755093	1	330257.88	17.170145	0.9707893	NA	NA	0.0	1.0023182	1.0023182	1	1	1:1	2	neutral	4130051
2	242939999	242999969	NA	59971	768	2.140804	760	73	139.0	mappable	0.08108864	4.0	edge	0.0036181621531	0.01234567901	0.05781380515	0.12600824	0.13835392	242939982	242940016	242999969	242999969	0.18753511	1	307844.45	16.321044	1.0235673	NA	NA	0.0	1.07040182	1.0704018	1	1	1:1	2	neutral	4130051
3	100074	43971535	NA	43871469	662156	2.004636	660037	29813	142352.0	mappable	0.08215	2.0	edge	0.001102668367	3.131655e-05	0.0004812743	0.07878116	0.07881248	100074	100074	43969761	43971535	0.13926205	1	330257.88	17.170145	0.9707893	NA	NA	0.0	1.0023182	1.0023182	1	1	1:1	2	neutral	4130051
3	43971536	49932149	INV	5960614	63632	1.017905	63506	1577	14018.0	mappable	0.65755	7.0	identical	0.5820568378469	0.00058754407	0.38088619485	0.08886113	0.08944867	43971536	43990057	49932002	49932149	0.96635797	2	199788.63	16.547785	0.5883354	16.45266	0.9895098	0.97901951	0.01067808	1.0072273	1	0	1:0	1	LOH	4130051
3	49932150	56724994	INV	6792845	85630	2.004636	85418	2753	18520.0	mappable	0.08472778	2.0	self	0.0032318378469	0.00033726813	0.00248619485	0.08812287	0.08846014	49932150	49932203	56719989	56724994	0.14644109	1	330257.88	17.170145	0.9707893	NA	NA	0.0	1.0023182	1.0023182	1	1	1:1	2	neutral	4130051
3	56724995	68400139	NA	11675148	182175	2.984517	181664	8796	39294.0	mappable	0.28346532	8.0	NA	0.2016396070829	0.00010744601	0.38153777112	0.08518999	0.08529743	56724995	56730000	68399889	68400389	0.85253413	2	473092.71	30.284868	1.3505878	16.97125	0.6636255	0.32725107	1.00391514	1.9806014	2	1	2:1	3	gain	4130051
3	68400139	68420024	NA	19886	341	3.134446	341	0	83.0	mappable	NA	NA	NA	NA	inf	0.43831380515	0.14006126	inf	68399889	68400389	68419982	68420024	NA	missing	492012.5	NA	1.4087	NA	NA	NA	NA	NA	NA	NA	NA	NA	NA	4130051
3	68420025	90499969	NA	22079949	309791	2.984517	308871	13382	66089.0	mappable	0.291075	8.0	NA	0.2082732213893	6.992029e-05	0.37699890543	0.08197987	0.08204979	68420025	68420067	90499969	90499969	0.87547968	2	473092.71	30.284868	1.3505878	16.97125	0.6636255	0.32725107	1.00391514	1.9806014	2	1	2:1	3	gain	4130051
3	93570175	106069983	NA	12499811	179428	2.984517	178835	8773	38132.0	mappable	0.28745	8.0	NA	0.2029171975064	0.00010676917	0.37957972073	0.08483418	0.08494095	93570175	93570175	106069965	106069983	0.87764604	2	473092.71	30.284868	1.3505878	16.97125	0.6636255	0.32725107	1.00391514	1.9806014	2	1	2:1	3	gain	4130051
3	106069984	106080003	NA	10020	198	2.665144	190	0	43.0	mappable	NA	NA	NA	0.3307818378469	0.125	0.25641380515	0.15048235	0.27548235	106069984	106070002	106079996	106080003	NA	missing	468370.0	NA	1.2268	NA	NA	NA	NA	NA	NA	NA	NA	NA	NA	4130051
3	106080004	197779892	NA	91699897	1240221	2.984517	1236321	57738	265913.0	mappable	0.284225	8.0	edge	0.2030596613045	1.622402e-05	0.38165679708	0.07561318	0.0756294	106080004	106080011	197779892	197779892	0.85408562	2	473092.71	30.284868	1.3505878	16.97125	0.6636255	0.32725107	1.00391514	1.9806014	2	1	2:1	3	gain	4130051
4	50084	5429977	NA	5379894	78324	2.004636	77634	3718	16366.0	mappable	0.085575	2.0	edge	0.0066568378469	0.00022686025	0.00168619485	0.08944885	0.08967571	50084	50084	5429944	5430010	0.14689193	1	330257.88	17.170145	0.9707893	NA	NA	0.0	1.0023182	1.0023182	1	1	1:1	2	neutral	4130051
4	5429977	5459993	NA	30017	488	1.80265	488	0	105.0	mappable	NA	NA	NA	NA	inf	0.07788619485	0.13446741	inf	5429944	5430010	5459960	5459993	NA	missing	294198.06	NA	0.8925	NA	NA	NA	NA	NA	NA	NA	NA	NA	NA	4130051
4	5459994	8939952	NA	3479961	66929	2.004636	66663	3640	14168.0	mappable	0.089	2.0	NA	0.0059818073508	0.00025601639	0.0026896881	0.09203595	0.09229196	5459994	5460027	8939952	8939952	0.12042949	1	330257.88	17.170145	0.9707893	NA	NA	0.0	1.0023182	1.0023182	1	1	1:1	2	neutral	4130051
4	9800043	10140015	NA	339973	7061	2.004636	7027	220	1598.0	mappable	0.1027	2.0	self	0.0237818378469	0.00393700787	0.00658619485	0.10884318	0.11278019	9800043	9800043	10139994	10140015	0.19865871	1	330257.88	17.170145	0.9707893	NA	NA	0.0	1.0023182	1.0023182	1	1	1:1	2	neutral	4130051
4	10140016	10159962	NA	19947	720	1.857715	716	83	122.0	mappable	0.11053333	3.0	NA	0.0281901711802	0.01149425287	0.05128619485	0.14001794	0.15151219	10140016	10140037	10159925	10159962	0.17091333	1	256556.92	13.214066	0.9138432	NA	NA	0.0	0.92885773	0.9288577	1	1	1:1	2	neutral	4130051
4	10159963	10180055	NA	20093	651	2.11927	646	47	120.0	mappable	0.18285565	1.0	NA	0.0968882894598	0.01923076923	0.04071380515	0.13991488	0.15914565	10159963	10160000	10179984	10180055	0.36448984	2	323757.67	17.80579	1.015221	15.45076	0.5617629	0.12352571	0.92874291	1.1905273	1	1	1:1	2	mixDH	4130051
4	10180056	42160006	NA	31979953	491661	2.004636	490154	24385	104362.0	mappable	0.081125	2.0	NA	0.0016933174557	3.862346e-05	0.00038766458	0.08022249	0.08026111	10180056	10180127	42159998	42160014	0.1371169	1	330257.88	17.170145	0.9707893	NA	NA	0.0	1.0023182	1.0023182	1	1	1:1	2	neutral	4130051
4	42160006	42170027	NA	10022	131	2.217514	131	0	29.0	mappable	NA	NA	NA	NA	inf	0.08291380515	0.15047909	inf	42159998	42160014	42169999	42170027	NA	missing	345222.9	NA	1.0533	NA	NA	NA	NA	NA	NA	NA	NA	NA	NA	4130051
4	42170028	49089961	NA	6919936	98872	2.004636	98583	4589	21186.0	mappable	0.078725	2.0	NA	0.0018622507582	0.00020500205	0.00297935758	0.08801915	0.08822416	42170028	42170056	49089961	49089961	0.13165193	1	330257.88	17.170145	0.9707893	NA	NA	0.0	1.0023182	1.0023182	1	1	1:1	2	neutral	4130051
4	52680564	64890004	NA	12209442	180286	2.004636	179693	9404	37874.0	mappable	0.08255385	2.0	NA	0.0002666692053	0.00010003001	0.00315380077	0.08495638	0.08505641	52680564	52680564	64889989	64890004	0.14563858	1	330257.88	17.170145	0.9707893	NA	NA	0.0	1.0023182	1.0023182	1	1	1:1	2	neutral	4130051
4	64890005	64899994	NA	9990	148	1.780462	148	0	31.0	mappable	NA	NA	NA	NA	inf	0.08648619485	0.15053135	inf	64890005	64890020	64899948	64900040	NA	missing	340041.0	NA	0.8839	NA	NA	NA	NA	NA	NA	NA	NA	NA	NA	4130051
4	64899994	65879903	NA	979910	15563	2.004636	15536	289	3463.0	mappable	0.09145	2.0	NA	0.0066568378469	0.00316455696	0.00031380515	0.10049095	0.10365551	64899948	64900040	65879793	65880013	0.17998259	1	330257.88	17.170145	0.9707893	NA	NA	0.0	1.0023182	1.0023182	1	1	1:1	2	neutral	4130051
4	65879903	65889985	NA	10083	176	2.27995	176	0	38.0	mappable	NA	NA	NA	NA	inf	0.10711380515	0.15038004	inf	65879793	65880013	65889961	65890009	NA	missing	374396.7	NA	1.0775	NA	NA	NA	NA	NA	NA	NA	NA	NA	NA	4130051
4	65889985	188970004	NA	123080027	1687912	2.004636	1682586	82599	358737.0	mappable	0.08215	2.0	NA	1.250286e-07	1.137411e-05	0.0016909821	0.07441855	0.07442992	65889961	65890009	188969998	188970004	0.14643698	1	330257.88	17.170145	0.9707893	NA	NA	0.0	1.0023182	1.0023182	1	1	1:1	2	neutral	4130051
4	188970005	189005017	NA	35013	390	2.11927	388	25	83.0	mappable	0.20539808	1.0	NA	0.1150876070776	0.03703703704	0.05171380515	0.13248891	0.16952595	188970005	188970011	188999919	189005017	NA	missing	323757.67	17.80579	1.015221	NA	NA	NA	NA	NA	NA	NA	NA	NA	NA	4130051
4	189005018	189090023	NA	85006	1068	1.857715	1064	75	205.0	mappable	0.128025	3.0	NA	0.0362675521326	0.01265822785	0.05668619485	0.12213534	0.13479357	189005018	189010116	189089993	189090053	0.08962072	1	256556.92	13.214066	0.9138432	NA	NA	0.0	0.92885773	0.9288577	1	1	1:1	2	neutral	4130051
4	189090023	190799944	NA	1709923	35003	2.004636	34307	2127	7478.0	mappable	0.085575	2.0	edge	0.0059706040775	0.00035423309	0.0019734988	0.09659269	0.09694693	189089993	189090053	190799944	190799944	0.18141051	1	330257.88	17.170145	0.9707893	NA	NA	0.0	1.0023182	1.0023182	1	1	1:1	2	neutral	4130051
5	50017	80004	NA	29988	307	1.948162	307	2	71.0	mappable	0.29619565	NA	edge	0.2138524900208	0.5	0.02148619485	0.13448002	0.63448002	50017	50017	79982	80004	NA	missing	278924.84	18.077058	0.9489	NA	NA	NA	NA	NA	NA	NA	NA	NA	NA	4130051
5	80005	46399990	NA	46319990	688869	2.004636	686475	33512	146827.0	mappable	0.08215	2.0	self	0.0012550908057	2.785283e-05	0.00323859001	0.07853877	0.07856662	80005	80027	46399990	46399990	0.15016899	1	330257.88	17.170145	0.9707893	NA	NA	0.0	1.0023182	1.0023182	1	1	1:1	2	neutral	4130051
5	49470005	52320008	NA	2850005	38618	2.004636	38419	1866	8075.0	mappable	0.07841848	2.0	NA	0.0032363126968	0.0004842615	0.00858507761	0.09327256	0.09375682	49470005	49470005	52319988	52320008	0.14975141	1	330257.88	17.170145	0.9707893	NA	NA	0.0	1.0023182	1.0023182	1	1	1:1	2	neutral	4130051
5	52320009	52350003	NA	29995	503	1.844188	503	0	126.0	mappable	NA	NA	NA	NA	inf	0.06178619485	0.13447698	inf	52320009	52320029	52349993	52350013	NA	missing	333237.14	NA	0.9086	NA	NA	NA	NA	NA	NA	NA	NA	NA	NA	4130051
5	52350003	68829703	NA	16479701	217545	2.004636	217011	9453	47064.0	mappable	0.08215	2.0	NA	0.0027155256298	0.00010013017	0.00482708746	0.08342306	0.08352319	52349993	52350013	68829703	68829703	0.15153423	1	330257.88	17.170145	0.9707893	NA	NA	0.0	1.0023182	1.0023182	1	1	1:1	2	neutral	4130051
5	70750153	129190020	NA	58439872	829711	2.004636	827437	37935	176286.0	mappable	0.08215	2.0	NA	0.0006696658934	2.487005e-05	0.00334772624	0.07751803	0.0775429	70750153	70750153	129189958	129190082	0.13632388	1	330257.88	17.170145	0.9707893	NA	NA	0.0	1.0023182	1.0023182	1	1	1:1	2	neutral	4130051
5	129190020	129200022	NA	10003	141	1.724734	141	0	26.0	mappable	NA	NA	NA	NA	inf	0.10808619485	0.1505101	inf	129189958	129190082	129199952	129200022	NA	missing	311424.4	NA	0.8623	NA	NA	NA	NA	NA	NA	NA	NA	NA	NA	4130051
5	129200023	180689979	NA	51489960	700474	2.004636	698275	32323	149769.0	mappable	0.085575	2.0	edge	0.0029934277773	2.896704e-05	0.00140842266	0.07807075	0.07809972	129200023	129200093	180689979	180689979	0.14695791	1	330257.88	17.170145	0.9707893	NA	NA	0.0	1.0023182	1.0023182	1	1	1:1	2	neutral	4130051
6	201976	58019982	NA	57818014	859563	2.004636	852675	46939	182067.0	mappable	0.08215	2.0	edge	0.0027218523089	1.857873e-05	0.00065787766	0.07756443	0.07758301	201976	201976	58019982	58019982	0.15460747	1	330257.88	17.170145	0.9707893	NA	NA	0.0	1.0023182	1.0023182	1	1	1:1	2	neutral	4130051
6	58610011	58769997	NA	159987	572	2.004636	571	25	110.0	mappable	0.11081744	2.0	self	0.0322080006376	0.03846153846	0.01701380515	0.11568989	0.15415143	58610011	58610011	58769997	58769997	NA	missing	330257.88	17.170145	0.9707893	NA	NA	NA	NA	NA	NA	NA	NA	NA	NA	4130051
6	61890002	88279948	NA	26389950	372138	2.004636	370945	17793	79344.0	mappable	0.08215	2.0	NA	0.000873148403	5.267039e-05	0.00060249714	0.08112443	0.0811771	61890002	61890002	88279875	88279948	0.1303264	1	330257.88	17.170145	0.9707893	NA	NA	0.0	1.0023182	1.0023182	1	1	1:1	2	neutral	4130051
6	88279949	88299958	NA	20010	477	2.212354	477	0	90.0	mappable	NA	NA	NA	NA	inf	0.08091380515	0.13997336	inf	88279949	88280022	88299904	88299958	NA	missing	348881.14	NA	1.0513	NA	NA	NA	NA	NA	NA	NA	NA	NA	NA	4130051
6	88299959	124180001	NA	35880044	485403	2.004636	484097	22221	103651.0	mappable	0.08215	2.0	NA	0.0001826195834	4.250797e-05	0.00421618626	0.07969182	0.07973433	88299959	88300013	124179984	124180018	0.14183212	1	330257.88	17.170145	0.9707893	NA	NA	0.0	1.0023182	1.0023182	1	1	1:1	2	neutral	4130051
6	124180001	124200036	NA	20036	313	1.860184	313	0	70.0	mappable	NA	NA	NA	NA	inf	0.05558619485	0.13995501	inf	124179984	124180018	124199959	124200036	NA	missing	355586.15	NA	0.9148	NA	NA	NA	NA	NA	NA	NA	NA	NA	NA	4130051
6	124200037	170899935	NA	46699903	680615	2.004636	678084	33437	146031.0	mappable	0.08215	2.0	edge	5.02040442e-05	2.780326e-05	0.00424633867	0.07850244	0.07853024	124200037	124200114	170899935	170899935	0.14343971	1	330257.88	17.170145	0.9707893	NA	NA	0.0	1.0023182	1.0023182	1	1	1:1	2	neutral	4130051
7	40386	25240016	NA	25199637	417944	2.004636	416511	21966	88702.0	mappable	0.085575	2.0	edge	0.0029164091306	4.273687e-05	0.00238441246	0.08134413	0.08138687	40386	40386	25239962	25240016	0.14795442	1	330257.88	17.170145	0.9707893	NA	NA	0.0	1.0023182	1.0023182	1	1	1:1	2	neutral	4130051
7	25240017	25259987	NA	19971	368	2.150692	368	1	78.0	mappable	0.4	NA	NA	0.3176568378469	1.0	0.05701380515	0.14000093	1.14000093	25240017	25240071	25259945	25259987	NA	missing	349772.3	24.484061	1.0274	NA	NA	NA	NA	NA	NA	NA	NA	NA	NA	4130051
7	25259988	57999988	NA	32740002	436735	2.004636	435387	23798	92847.0	mappable	0.085575	2.0	NA	0.0007312217647	3.976934e-05	0.00095779479	0.0801136	0.08015337	25259988	25260030	57999988	57999988	0.14274358	1	330257.88	17.170145	0.9707893	NA	NA	0.0	1.0023182	1.0023182	1	1	1:1	2	neutral	4130051
7	61530139	72229988	NA	10699853	114212	2.004636	113466	5274	24688.0	mappable	0.089	2.0	self	0.0081901980747	0.00016611296	0.00071616543	0.08564912	0.08581523	61530139	61530139	72229988	72229988	0.17122538	1	330257.88	17.170145	0.9707893	NA	NA	0.0	1.0023182	1.0023182	1	1	1:1	2	neutral	4130051
7	72750118	74139961	NA	1389844	10260	2.004636	10215	369	2234.0	mappable	0.09963684	2.0	self	0.0154126070776	0.00241545894	0.00801380515	0.09800803	0.10042349	72750118	72750118	74139961	74139961	0.22493	1	330257.88	17.170145	0.9707893	NA	NA	0.0	1.0023182	1.0023182	1	1	1:1	2	neutral	4130051
7	75160045	76059952	NA	899908	8424	2.004636	8398	205	1824.0	mappable	0.07878026	2.0	self	0.0006642147847	0.00432900433	0.00821380515	0.10111521	0.10544421	75160045	75160045	76059952	76059952	0.20506852	1	330257.88	17.170145	0.9707893	NA	NA	0.0	1.0023182	1.0023182	1	1	1:1	2	neutral	4130051
7	76810004	78607723	NA	1797720	25946	2.004636	25862	1210	5664.0	mappable	0.08057692	2.0	NA	0.0035074478674	0.00077279753	0.00021380515	0.09625687	0.09702967	76810004	76810004	78607716	78607723	0.14733786	1	330257.88	17.170145	0.9707893	NA	NA	0.0	1.0023182	1.0023182	1	1	1:1	2	neutral	4130051
7	78607724	78608881	DEL	1158	26	1.819936	26	0	7.0	mappable	NA	NA	NA	NA	inf	0.07118619485	0.19651347	inf	78607724	78607764	78608855	78608881	NA	missing	329740.0	NA	0.8992	NA	NA	NA	NA	NA	NA	NA	NA	NA	NA	4130051
7	78608882	78609236	INV	355	4	1.819936	4	0	1.0	mappable	NA	NA	NA	NA	inf	0.07118619485	0.23608082	inf	78608882	78608958	78609199	78609236	NA	missing	329740.0	NA	0.8992	NA	NA	NA	NA	NA	NA	NA	NA	NA	NA	4130051
7	78609237	78610431	DEL	1195	18	1.823548	16	0	6.0	mappable	NA	NA	NA	0.6878431732506	0.5	0.06978619485	0.19564121	0.69564121	78609237	78609358	78610368	78610431	NA	missing	337413.75	NA	0.9006	NA	NA	NA	NA	NA	NA	NA	NA	NA	NA	4130051
7	78610432	159119808	INV	80509380	1063238	2.004636	1059408	49989	226415.0	mappable	0.085575	2.0	edge	0.00207906609	1.858183e-05	0.00019790965	0.07615377	0.07617235	78610432	78610482	159119808	159119808	0.15085084	1	330257.88	17.170145	0.9707893	NA	NA	0.0	1.0023182	1.0023182	1	1	1:1	2	neutral	4130051
8	170012	2140010	NA	1970000	44868	2.004636	44518	2550	9487.0	mappable	0.085575	2.0	edge	0.0051852352394	0.00034494653	0.00708281159	0.09564909	0.09599404	170012	170012	2139972	2140048	0.20549714	1	330257.88	17.170145	0.9707893	NA	NA	0.0	1.0023182	1.0023182	1	1	1:1	2	neutral	4130051
8	2140010	2149991	NA	9982	296	2.140804	294	27	62.0	mappable	0.06721389	4.0	NA	0.0035598288198	0.03448275862	0.08591380515	0.15054445	0.1850272	2139972	2140048	2149966	2149991	NA	missing	307844.45	16.321044	1.0235673	NA	NA	NA	NA	NA	NA	NA	NA	NA	NA	4130051
8	2149992	2160010	NA	10019	317	1.826539	317	18	60.0	mappable	0.13564593	9.0	NA	0.0533027680794	0.05555555556	0.05898619485	0.15048398	0.20603954	2149992	2150017	2159989	2160010	NA	missing	328524.71	18.037766	0.9017594	NA	NA	NA	NA	NA	NA	NA	NA	NA	NA	4130051
8	2160011	3980005	NA	1819996	57021	2.004636	56615	3450	12201.0	mappable	0.08190357	2.0	self	0.0022371013118	0.0002593361	0.0042528089	0.09617464	0.09643397	2160011	2160032	3979997	3980013	0.16037346	1	330257.88	17.170145	0.9707893	NA	NA	0.0	1.0023182	1.0023182	1	1	1:1	2	neutral	4130051
8	3980005	3989998	NA	9994	459	1.857715	458	23	103.0	mappable	0.05109559	3.0	NA	0.0312475739178	0.04166666667	0.07998619485	0.15052481	0.19219147	3979997	3980013	3989968	3990028	NA	missing	256556.92	13.214066	0.9138432	NA	NA	NA	NA	NA	NA	NA	NA	NA	NA	4130051
8	3989998	3999990	NA	9993	545	2.140804	545	12	131.0	mappable	0.07435	4.0	NA	0.0079931621531	0.08333333333	0.04631380515	0.15052644	0.23385978	3989968	3990028	3999966	4000014	NA	missing	307844.45	16.321044	1.0235673	NA	NA	NA	NA	NA	NA	NA	NA	NA	NA	4130051
8	3999990	6919904	NA	2919918	90195	2.004636	89961	4690	19213.0	mappable	0.085575	2.0	self	0.0033647893812	0.00020308692	0.00795650917	0.09312072	0.09332381	3999966	4000014	6919904	6919904	0.15006366	1	330257.88	17.170145	0.9707893	NA	NA	0.0	1.0023182	1.0023182	1	1	1:1	2	neutral	4130051
8	8100000	11859985	NA	3759987	79353	2.004636	79147	2973	17510.0	mappable	0.09051765	2.0	self	0.0108906280695	0.00031456433	0.00239857069	0.09156546	0.09188003	8100000	8100000	11859985	11859985	0.17660866	1	330257.88	17.170145	0.9707893	NA	NA	0.0	1.0023182	1.0023182	1	1	1:1	2	neutral	4130051
8	12580042	15549993	NA	2969954	71795	2.004636	71568	4484	15132.0	mappable	0.07989483	2.0	NA	0.0025354867258	0.00021226916	0.00334177672	0.09301456	0.09322683	12580042	12580042	15549958	15549993	0.14373093	1	330257.88	17.170145	0.9707893	NA	NA	0.0	1.0023182	1.0023182	1	1	1:1	2	neutral	4130051
8	15549994	15559998	NA	10005	203	1.758532	203	0	59.0	mappable	NA	NA	NA	NA	inf	0.09498619485	0.15050683	inf	15549994	15550029	15559997	15559998	NA	missing	325788.8	NA	0.8754	NA	NA	NA	NA	NA	NA	NA	NA	NA	NA	4130051
8	15559999	43789991	NA	28229998	446413	2.004636	444941	21278	95132.0	mappable	0.08215	2.0	NA	1.18260244e-05	4.395604e-05	0.0007803227	0.08080571	0.08084967	15559999	15560000	43789991	43789991	0.15373744	1	330257.88	17.170145	0.9707893	NA	NA	0.0	1.0023182	1.0023182	1	1	1:1	2	neutral	4130051
8	46880007	66329956	NA	19449952	269874	2.004636	269229	10903	57494.0	mappable	0.08215	2.0	NA	0.0029172167484	8.659508e-05	0.00091662943	0.08259936	0.08268595	46880007	46880007	66329877	66330035	0.1313243	1	330257.88	17.170145	0.9707893	NA	NA	0.0	1.0023182	1.0023182	1	1	1:1	2	neutral	4130051
8	66329956	66345103	NA	15148	149	2.223448	149	0	33.0	mappable	NA	NA	NA	NA	inf	0.08521380515	0.14402125	inf	66329877	66330035	66339889	66345103	NA	missing	349338.8	NA	1.0556	NA	NA	NA	NA	NA	NA	NA	NA	NA	NA	4130051
8	66345104	90820045	NA	24474942	330494	2.004636	329581	13367	70989.0	mappable	0.08215	2.0	NA	0.0001931621531	7.003782e-05	0.00161380515	0.08148365	0.08155369	66345104	66350318	90819998	90820092	0.1560235	1	330257.88	17.170145	0.9707893	NA	NA	0.0	1.0023182	1.0023182	1	1	1:1	2	neutral	4130051
8	90820045	90830044	NA	10000	130	2.33026	130	0	28.0	mappable	NA	NA	NA	NA	inf	0.12661380515	0.150515	inf	90819998	90820092	90829965	90830044	NA	missing	368920.0	NA	1.097	NA	NA	NA	NA	NA	NA	NA	NA	NA	NA	4130051
8	90830045	128466444	NA	37636402	510813	2.004636	509090	26194	107055.0	mappable	0.08215	2.0	NA	0.0007542473554	3.582303e-05	0.00150111048	0.07947349	0.07950931	90830045	90830124	128466353	128466444	0.14748615	1	330257.88	17.170145	0.9707893	NA	NA	0.0	1.0023182	1.0023182	1	1	1:1	2	neutral	4130051
8	128466445	128469933	CTX	3489	84	2.295172	82	5	20.0	mappable	0.29510811	NA	NA	0.2132524380983	0.14285714286	0.11301380515	0.16994378	0.31280092	128466445	128466454	128469833	128470033	NA	missing	351052.2	22.818393	1.0834	NA	NA	NA	NA	NA	NA	NA	NA	NA	NA	4130051
8	128469933	146289988	NA	17820058	277019	2.984517	275955	14534	58051.0	mappable	0.284225	8.0	edge	0.2025865725744	6.411078e-05	0.37371200347	0.08303235	0.08309646	128469833	128470033	146289988	146289988	0.83572745	2	473092.71	30.284868	1.3505878	16.97125	0.6636255	0.32725107	1.00391514	1.9806014	2	1	2:1	3	gain	4130051
9	200101	28889999	NA	28689904	518784	2.004636	517508	23553	110095.0	mappable	0.078725	2.0	edge	0.0016241866825	4.027711e-05	0.00174783361	0.08072967	0.08076994	200101	200101	28889996	28890002	0.14375656	1	330257.88	17.170145	0.9707893	NA	NA	0.0	1.0023182	1.0023182	1	1	1:1	2	neutral	4130051
9	28889999	28900002	NA	10004	188	1.802908	188	0	34.0	mappable	NA	NA	NA	NA	inf	0.07778619485	0.15050846	inf	28889996	28890002	28899998	28900006	NA	missing	347965.0	NA	0.8926	NA	NA	NA	NA	NA	NA	NA	NA	NA	NA	4130051
9	28900002	38769828	NA	9869827	126712	2.004636	126354	5792	26903.0	mappable	0.085575	2.0	NA	0.0032318378469	0.00016260163	0.00258619485	0.08607855	0.08624115	28899998	28900006	38769828	38769828	0.15914327	1	330257.88	17.170145	0.9707893	NA	NA	0.0	1.0023182	1.0023182	1	1	1:1	2	neutral	4130051
9	66840048	66849972	NA	9925	540	2.004636	509	0	151.0	mappable	NA	2.0	self	0.0217431621531	0.03225806452	0.02371380515	0.15063813	0.18289619	66840048	66840048	66849972	66849972	NA	missing	330257.88	NA	0.9707893	NA	NA	NA	NA	NA	NA	NA	NA	NA	NA	4130051
9	68410004	68419976	NA	9973	1130	1.998472	1050	0	389.0	mappable	NA	NA	NA	0.0783333084351	0.0125	0.00198619485	0.15055919	0.16305919	68410004	68410004	68419976	68419976	NA	missing	1985582.0	NA	0.9684	NA	NA	NA	NA	NA	NA	NA	NA	NA	NA	4130051
9	71030093	99630010	NA	28599921	383535	2.004636	382413	19882	81999.0	mappable	0.08215	2.0	NA	0.0015600277838	4.761225e-05	0.00040145082	0.08074444	0.08079205	71030093	71030093	99629951	99630069	0.12879575	1	330257.88	17.170145	0.9707893	NA	NA	0.0	1.0023182	1.0023182	1	1	1:1	2	neutral	4130051
9	99630010	99640008	NA	9999	148	1.807036	148	0	22.0	mappable	NA	NA	NA	NA	inf	0.07618619485	0.15051663	inf	99629951	99630069	99639999	99640008	NA	missing	312902.0	NA	0.8942	NA	NA	NA	NA	NA	NA	NA	NA	NA	NA	4130051
9	99640009	127569996	NA	27929989	393667	2.004636	392442	18476	84216.0	mappable	0.085575	2.0	NA	0.0016276388214	5.075884e-05	0.0003780692	0.08085607	0.08090683	99640009	99640018	127569977	127570015	0.14102478	1	330257.88	17.170145	0.9707893	NA	NA	0.0	1.0023182	1.0023182	1	1	1:1	2	neutral	4130051
9	127569996	127590003	NA	20008	326	2.155594	324	1	63.0	mappable	0.0	NA	NA	0.322889190788	0.33333333333	0.05891380515	0.13997477	0.4733081	127569977	127570015	127589930	127590003	NA	missing	265746.99	13.287349	1.0293	NA	NA	NA	NA	NA	NA	NA	NA	NA	NA	4130051
9	127590004	141019791	NA	13429791	183814	2.004636	182849	8159	38713.0	mappable	0.09585	2.0	edge	0.0133566521035	0.00010962508	0.00029898093	0.08446326	0.08457289	127590004	127590077	141019791	141019791	0.18218704	1	330257.88	17.170145	0.9707893	NA	NA	0.0	1.0023182	1.0023182	1	1	1:1	2	neutral	4130051
10	130013	11869994	NA	11739983	200566	2.004636	199410	10715	42864.0	mappable	0.08215	2.0	edge	0.0004718407788	8.42389e-05	0.00181787214	0.08516101	0.08524524	130013	130013	11869960	11870028	0.15469565	1	330257.88	17.170145	0.9707893	NA	NA	0.0	1.0023182	1.0023182	1	1	1:1	2	neutral	4130051
10	11869994	11879988	NA	9995	177	2.41282	177	13	41.0	mappable	0.10356389	NA	identical	0.0212207267357	0.07692307692	0.15861380515	0.15052317	0.22744625	11869960	11870028	11879946	11880030	NA	missing	332548.3	18.23652	1.129	NA	NA	NA	NA	NA	NA	NA	NA	NA	NA	4130051
10	11879988	39149984	NA	27269999	385136	2.004636	383480	16555	83520.0	mappable	0.08215	2.0	self	0.0008350093388	5.491488e-05	0.00239083664	0.080969	0.08102392	11879946	11880030	39149984	39149984	0.15595356	1	330257.88	17.170145	0.9707893	NA	NA	0.0	1.0023182	1.0023182	1	1	1:1	2	neutral	4130051
10	42410000	46159967	NA	3749968	43628	2.004636	43471	1726	9518.0	mappable	0.085575	2.0	self	0.0001931621531	0.00053106745	0.00508619485	0.0915816	0.09211267	42410000	42410000	46159967	46159967	0.12805688	1	330257.88	17.170145	0.9707893	NA	NA	0.0	1.0023182	1.0023182	1	1	1:1	2	neutral	4130051
10	48310177	48659961	NA	349785	5559	2.004636	5549	170	1186.0	mappable	0.06952778	2.0	self	0.0126634002484	0.00555555556	0.01048619485	0.10860057	0.11415613	48310177	48310177	48659961	48659961	0.07602597	1	330257.88	17.170145	0.9707893	NA	NA	0.0	1.0023182	1.0023182	1	1	1:1	2	neutral	4130051
10	49390096	124879989	NA	75489901	1038374	2.004636	1035196	48272	223087.0	mappable	0.085575	2.0	NA	0.0030968471355	1.943786e-05	0.00024621475	0.07642403	0.07644346	49390096	49390096	124879927	124880051	0.143144	1	330257.88	17.170145	0.9707893	NA	NA	0.0	1.0023182	1.0023182	1	1	1:1	2	neutral	4130051
10	124879989	124899961	NA	19973	291	1.858894	291	0	54.0	mappable	NA	NA	NA	NA	inf	0.05608619485	0.13999952	inf	124879927	124880051	124899887	124899961	NA	missing	282461.65	NA	0.9143	NA	NA	NA	NA	NA	NA	NA	NA	NA	NA	4130051
10	124899962	135439925	NA	10539965	172724	2.004636	171933	8872	36852.0	mappable	0.089	2.0	edge	0.0067880548948	0.00010349824	0.00557086056	0.08572886	0.08583236	124899962	124900036	135439925	135439925	0.15082989	1	330257.88	17.170145	0.9707893	NA	NA	0.0	1.0023182	1.0023182	1	1	1:1	2	neutral	4130051
11	190010	44369971	NA	44179966	642404	2.004636	639914	32571	135444.0	mappable	0.08215	2.0	edge	0.0007263419334	2.852497e-05	0.001922161	0.0787498	0.07877833	190010	190010	44369932	44370010	0.15409546	1	330257.88	17.170145	0.9707893	NA	NA	0.0	1.0023182	1.0023182	1	1	1:1	2	neutral	4130051
11	44369971	44380038	NA	10068	152	2.192488	152	0	30.0	mappable	NA	NA	NA	NA	inf	0.07321380515	0.15040433	inf	44369932	44370010	44379940	44380136	NA	missing	305486.2	NA	1.0436	NA	NA	NA	NA	NA	NA	NA	NA	NA	NA	4130051
11	44380038	48899996	NA	4519959	52450	2.004636	52254	768	11488.0	mappable	0.0811913	2.0	NA	0.0020876526132	0.0010373444	0.00130825014	0.09046549	0.09150283	44379940	44380136	48899996	48899996	0.20542064	1	330257.88	17.170145	0.9707893	NA	NA	0.0	1.0023182	1.0023182	1	1	1:1	2	neutral	4130051
11	48899997	50170092	NA	1270096	0	0.0	0	0	NA	mappable	NA	NA	NA	NA	inf	0.97038619485	0.09863632	inf	48899997	48899997	50170092	50170092	NA	missing	NA	NA	0.0	NA	NA	0.0	0.0	0.0	0	0	NA	0	homozygousDel	4130051
11	50170093	51579984	NA	1409892	18792	2.004636	18642	897	3891.0	mappable	0.08531667	2.0	NA	0.0029735045135	0.00095510984	0.00881380515	0.09790889	0.098864	50170093	50170093	51579984	51579984	0.10987606	1	330257.88	17.170145	0.9707893	NA	NA	0.0	1.0023182	1.0023182	1	1	1:1	2	neutral	4130051
11	54792817	89310056	NA	34517242	455420	2.004636	453929	18781	96834.0	mappable	0.085575	2.0	self	0.0048719017281	4.932912e-05	0.00033186829	0.07986961	0.07991894	54792817	54792817	89279837	89340275	0.16267859	1	330257.88	17.170145	0.9707893	NA	NA	0.0	1.0023182	1.0023182	1	1	1:1	2	neutral	4130051
11	89310056	89349940	NA	39885	200	1.826539	200	1	66.0	mappable	0.16666667	9.0	NA	0.0843235045135	1.0	0.07688619485	0.13085958	1.13085958	89279837	89340275	89349940	89349940	NA	missing	328524.71	18.037766	0.9017594	NA	NA	NA	NA	NA	NA	NA	NA	NA	NA	4130051
11	89850037	134939862	NA	45089827	664077	2.004636	661850	31366	141744.0	mappable	0.08215	2.0	edge	0.0004072628722	2.976811e-05	0.0007569508	0.07865872	0.07868848	89850037	89850037	134939862	134939862	0.14966031	1	330257.88	17.170145	0.9707893	NA	NA	0.0	1.0023182	1.0023182	1	1	1:1	2	neutral	4130051
12	160107	5529970	NA	5369864	82024	2.984517	81555	4094	17514.0	mappable	0.28765	8.0	edge	0.2053068378469	0.00021925016	0.38011380515	0.08945962	0.08967888	160107	160107	5529911	5529970	0.8399132	2	473092.71	30.284868	1.3505878	16.97125	0.6636255	0.32725107	1.00391514	1.9806014	2	1	2:1	3	gain	4130051
12	5529971	5539924	NA	9954	151	2.698684	151	0	45.0	mappable	NA	NA	NA	NA	inf	0.26941380515	0.15059038	inf	5529971	5530030	5539803	5540045	NA	missing	420271.1	NA	1.2398	NA	NA	NA	NA	NA	NA	NA	NA	NA	NA	4130051
12	5539924	34819969	NA	29280048	395282	2.984517	393756	19604	84849.0	mappable	0.284225	8.0	NA	0.2056086766233	4.732832e-05	0.38506351321	0.08063406	0.08068139	5539803	5540045	34819969	34819969	0.85837892	2	473092.71	30.284868	1.3505878	16.97125	0.6636255	0.32725107	1.00391514	1.9806014	2	1	2:1	3	gain	4130051
12	38000003	92538989	NA	54538992	725015	2.984517	722521	34362	153166.0	mappable	0.284225	8.0	NA	0.2026005935622	2.71341e-05	0.38066190457	0.07781864	0.07784577	38000003	38000003	92538970	92538989	0.86355225	2	473092.71	30.284868	1.3505878	16.97125	0.6636255	0.32725107	1.00391514	1.9806014	2	1	2:1	3	gain	4130051
12	92538990	133819926	CTX	41280942	578476	2.004636	576156	26897	124758.0	mappable	0.085575	2.0	edge	0.0030234410544	3.422782e-05	0.0014418459	0.07905459	0.07908882	92538990	92539305	133819926	133819926	0.15933433	1	330257.88	17.170145	0.9707893	NA	NA	0.0	1.0023182	1.0023182	1	1	1:1	2	neutral	4130051
13	19450038	74570021	NA	55119990	763429	2.004636	761077	34457	163683.0	mappable	0.08215	2.0	edge	0.0021856699562	2.716801e-05	0.0003107716	0.07777237	0.07779954	19450038	19450038	74569884	74570021	0.14441728	1	330257.88	17.170145	0.9707893	NA	NA	0.0	1.0023182	1.0023182	1	1	1:1	2	neutral	4130051
13	74570022	74580001	NA	9980	164	2.258278	164	0	41.0	mappable	NA	NA	NA	NA	inf	0.09871380515	0.15054772	inf	74570022	74570159	74579881	74580121	NA	missing	391937.8	NA	1.0691	NA	NA	NA	NA	NA	NA	NA	NA	NA	NA	4130051
13	74580001	88459909	NA	13879909	199362	2.004636	198685	9217	42231.0	mappable	0.078725	2.0	NA	0.0036181621531	0.00010107136	0.00208619485	0.08429395	0.08439502	74579881	74580121	88459771	88459909	0.15255988	1	330257.88	17.170145	0.9707893	NA	NA	0.0	1.0023182	1.0023182	1	1	1:1	2	neutral	4130051
13	88459910	88480036	NA	20127	254	2.140804	253	0	61.0	mappable	NA	4.0	NA	0.028767948958	1.0	0.06661380515	0.13989101	1.13989101	88459910	88460048	88479990	88480082	NA	missing	307844.45	NA	1.0235673	NA	NA	NA	NA	NA	NA	NA	NA	NA	NA	4130051
13	88480036	88489994	NA	9959	155	1.826539	154	0	42.0	mappable	NA	9.0	NA	0.0900706309503	1.0	0.07768619485	0.15058217	1.15058217	88479990	88480082	88489987	88490001	NA	missing	328524.71	NA	0.9017594	NA	NA	NA	NA	NA	NA	NA	NA	NA	NA	4130051
13	88489994	93889962	NA	5399969	78552	2.004636	78276	4615	16433.0	mappable	0.078725	2.0	NA	0.0036181621531	0.00020445717	0.00128619485	0.08942736	0.08963182	88489987	88490001	93889893	93889962	0.12768934	1	330257.88	17.170145	0.9707893	NA	NA	0.0	1.0023182	1.0023182	1	1	1:1	2	neutral	4130051
13	93889963	93900061	NA	10099	147	2.232736	147	0	34.0	mappable	NA	NA	NA	NA	inf	0.08881380515	0.15035418	inf	93889963	93890032	93899874	93900061	NA	missing	348234.0	NA	1.0592	NA	NA	NA	NA	NA	NA	NA	NA	NA	NA	4130051
13	93900062	115099984	NA	21199924	325631	2.004636	324303	15710	69994.0	mappable	0.085575	2.0	edge	0.002953877623	5.869578e-05	0.00138750369	0.08217752	0.08223622	93900062	93900249	115099984	115099984	0.14343169	1	330257.88	17.170145	0.9707893	NA	NA	0.0	1.0023182	1.0023182	1	1	1:1	2	neutral	4130051
14	20330060	62689989	NA	42359934	582149	2.004636	580238	26521	123826.0	mappable	0.08215	2.0	edge	0.0019631925191	3.517287e-05	0.00046310301	0.07893845	0.07897362	20330060	20330060	62689973	62690005	0.14193952	1	330257.88	17.170145	0.9707893	NA	NA	0.0	1.0023182	1.0023182	1	1	1:1	2	neutral	4130051
14	62689989	62709833	NA	19845	337	2.180104	336	2	76.0	mappable	0.4178744	NA	NA	0.3358540600691	0.33333333333	0.06841380515	0.14009048	0.47342381	62689973	62690005	62709606	62710060	NA	missing	357945.93	25.376118	1.0388	NA	NA	NA	NA	NA	NA	NA	NA	NA	NA	4130051
14	62709833	106112007	NA	43402178	625016	2.004636	622835	30318	132658.0	mappable	0.08215	2.0	NA	0.0023954477362	3.077207e-05	0.00064433253	0.07882934	0.07886011	62709606	62710060	106009942	106112007	0.15923897	1	330257.88	17.170145	0.9707893	NA	NA	0.0	1.0023182	1.0023182	1	1	1:1	2	neutral	4130051
14	106112008	106212522	CTX	100515	0	0.0	0	0	NA	mappable	NA	NA	NA	NA	inf	0.97038619485	0.1203583	inf	106112008	106112008	106212522	106212522	NA	missing	NA	NA	0.0	NA	NA	0.0	0.0	0.0	0	0	NA	0	homozygousDel	4130051
14	106212523	106330848	CTX	118326	2036	1.098052	2027	59	431.0	mappable	0.57535	NA	NA	0.4895818378469	0.01470588235	0.35098619485	0.1186774	0.13338329	106212523	106250082	106330841	106330848	0.92285995	2	165868.84	13.269507	0.6194	12.9743	0.9366056	0.8732111	0.0696104	1.0284416	1	0	1:0	1	LOH	4130051
14	106330849	106347398	DEL	16550	270	0.069664	266	16	53.0	mappable	0.2022	NA	NA	0.1198568378469	0.05	0.74958619485	0.14270889	0.19270889	106330849	106330856	106347371	106347398	NA	missing	74947.06	4.746647	0.2208	NA	NA	NA	NA	NA	NA	NA	NA	NA	NA	4130051
14	106347399	106880000	DEL	532602	3797	1.017905	3715	105	772.0	mappable	0.640425	7.0	NA	0.5752068378469	0.00534759358	0.36358619485	0.10513756	0.11048515	106347399	106347420	106879998	106880000	0.95544227	2	199788.63	16.547785	0.5883354	16.45266	0.9895098	0.97901951	0.01067808	1.0072273	1	0	1:0	1	LOH	4130051
14	106880001	106920010	NA	40010	905	1.876438	847	29	110.0	mappable	0.71344891	NA	NA	0.647090533499	0.01149425287	0.04928619485	0.13082093	0.14231519	106880001	106880003	106919982	106920010	NA	missing	175362.61	15.248922	0.9211	NA	NA	NA	NA	NA	NA	NA	NA	NA	NA	4130051
14	106920011	106995026	NA	75016	1067	1.05832	981	97	181.0	mappable	0.74625	NA	NA	0.6492818378469	0.00546448087	0.36638619485	0.12349559	0.12896007	106920011	106920039	106989996	106995026	0.99895725	2	205147.9	16.607211	0.604	16.45585	0.9557574	0.91151475	0.04682286	1.0114971	1	0	1:0	1	LOH	4130051
14	106995027	107259908	NA	264882	4362	2.004636	4193	182	932.0	mappable	0.08739907	2.0	edge	0.0066568378469	0.00284900285	0.02251380515	0.11101866	0.11386766	106995027	107000057	107259908	107259908	0.35649968	2	330257.88	17.170145	0.9707893	16.48233	0.5248649	0.04972987	0.95247304	1.0521634	1	1	1:1	2	mixDH	4130051
15	20850000	20859924	NA	9925	165	2.004636	136	0	27.0	mappable	NA	2.0	edge	0.0225925521326	0.03448275862	0.01311380515	0.15063813	0.18512088	20850000	20850000	20859924	20859924	NA	missing	330257.88	NA	0.9707893	NA	NA	NA	NA	NA	NA	NA	NA	NA	NA	4130051
15	22480079	23069956	NA	589878	4054	2.004636	4033	223	891.0	mappable	0.088	2.0	self	0.0032318378469	0.00409836066	0.01251380515	0.10432937	0.10842773	22480079	22480079	23069956	23069956	0.13807213	1	330257.88	17.170145	0.9707893	NA	NA	0.0	1.0023182	1.0023182	1	1	1:1	2	neutral	4130051
15	23710146	24329926	NA	619781	10363	2.004636	10322	707	2164.0	mappable	0.08323269	2.0	NA	0.0032318378469	0.0013368984	0.00211380515	0.10394255	0.10527944	23710146	23710146	24329926	24329926	0.1094973	1	330257.88	17.170145	0.9707893	NA	NA	0.0	1.0023182	1.0023182	1	1	1:1	2	neutral	4130051
15	24329927	24830091	NA	500165	0	0.0	0	0	NA	mappable	NA	NA	NA	NA	inf	0.97038619485	0.10564099	inf	24329927	24329927	24830091	24830091	NA	missing	NA	NA	0.0	NA	NA	0.0	0.0	0.0	0	0	NA	0	homozygousDel	4130051
15	24830092	24960001	NA	129910	1982	2.004636	1969	173	390.0	mappable	0.11025	2.0	NA	0.0279068378469	0.00537634409	0.01078619485	0.11773603	0.12311238	24830092	24830092	24959998	24960001	0.13549255	1	330257.88	17.170145	0.9707893	NA	NA	0.0	1.0023182	1.0023182	1	1	1:1	2	neutral	4130051
15	24960002	24969990	NA	9989	164	1.714414	164	0	36.0	mappable	NA	NA	NA	NA	inf	0.11208619485	0.15053299	inf	24960002	24960005	24969954	24969990	NA	missing	315590.0	NA	0.8583	NA	NA	NA	NA	NA	NA	NA	NA	NA	NA	4130051
15	24969991	28529988	NA	3560000	55253	2.004636	55067	2592	11808.0	mappable	0.08732903	2.0	NA	0.0067317461399	0.0003599712	0.00875564085	0.09189721	0.09225718	24969991	24970027	28529988	28529988	0.17908469	1	330257.88	17.170145	0.9707893	NA	NA	0.0	1.0023182	1.0023182	1	1	1:1	2	neutral	4130051
15	29100034	30369914	NA	1269881	18283	2.004636	18244	992	3872.0	mappable	0.08076522	2.0	self	0.0016931621531	0.0009699321	0.00858619485	0.09863751	0.09960744	29100034	29100034	30369914	30369914	0.13142615	1	330257.88	17.170145	0.9707893	NA	NA	0.0	1.0023182	1.0023182	1	1	1:1	2	neutral	4130051
15	31160110	57159956	NA	25999851	340234	2.004636	339259	13976	73437.0	mappable	0.08215	2.0	self	0.0016401688625	6.688963e-05	0.00018381267	0.08119519	0.08126208	31160110	31160110	57159844	57160068	0.14977123	1	330257.88	17.170145	0.9707893	NA	NA	0.0	1.0023182	1.0023182	1	1	1:1	2	neutral	4130051
15	57159956	57180122	NA	20167	271	2.364574	269	3	58.0	mappable	0.1105539	NA	identical	0.0191153744322	0.2	0.13991380515	0.13986299	0.33986299	57159844	57160068	57179994	57180250	NA	missing	388052.33	21.409784	1.1103	NA	NA	NA	NA	NA	NA	NA	NA	NA	NA	4130051
15	57180122	58649991	NA	1469870	26664	2.004636	26587	1421	5652.0	mappable	0.0838	2.0	NA	0.0001931621531	0.00066755674	0.00051380515	0.09762166	0.09828921	57179994	57180250	58649975	58649991	0.11277031	1	330257.88	17.170145	0.9707893	NA	NA	0.0	1.0023182	1.0023182	1	1	1:1	2	neutral	4130051
15	58649992	58659993	NA	10002	201	1.716736	201	0	46.0	mappable	NA	NA	NA	NA	inf	0.11118619485	0.15051173	inf	58649992	58650008	58659961	58660025	NA	missing	263028.0	NA	0.8592	NA	NA	NA	NA	NA	NA	NA	NA	NA	NA	4130051
15	58659993	68550020	NA	9890028	143735	2.004636	143250	6021	30877.0	mappable	0.089	2.0	NA	0.0066568378469	0.00015370427	0.00501380515	0.08606762	0.08622132	58659961	58660025	68549934	68550020	0.15619965	1	330257.88	17.170145	0.9707893	NA	NA	0.0	1.0023182	1.0023182	1	1	1:1	2	neutral	4130051
15	68550021	68559991	NA	9971	129	2.333098	129	0	28.0	mappable	NA	NA	NA	NA	inf	0.12771380515	0.15056247	inf	68550021	68550107	68559972	68559991	NA	missing	373728.8	NA	1.0981	NA	NA	NA	NA	NA	NA	NA	NA	NA	NA	4130051
15	68559992	82479795	NA	13919806	178956	2.004636	178442	5650	38833.0	mappable	0.085575	2.0	NA	0.0057656997872	0.00016223232	0.00308744839	0.08427924	0.08444147	68559992	68560011	82479795	82479795	0.17325357	1	330257.88	17.170145	0.9707893	NA	NA	0.0	1.0023182	1.0023182	1	1	1:1	2	neutral	4130051
15	83211507	90410072	NA	7198566	102195	2.004636	101814	5261	21264.0	mappable	0.08215	2.0	NA	0.0001931621531	0.00017727353	0.00081380515	0.08779909	0.08797637	83211507	83211507	90409994	90410150	0.12969197	1	330257.88	17.170145	0.9707893	NA	NA	0.0	1.0023182	1.0023182	1	1	1:1	2	neutral	4130051
15	90410072	90429959	NA	19888	274	2.24125	274	0	55.0	mappable	NA	NA	NA	NA	inf	0.09211380515	0.14005984	inf	90409994	90410150	90429882	90430036	NA	missing	363942.5	NA	1.0625	NA	NA	NA	NA	NA	NA	NA	NA	NA	NA	4130051
15	90429959	95160020	NA	4730064	76642	2.004636	76323	4711	15955.0	mappable	0.08215	2.0	NA	0.0021307690459	0.00019884669	0.0019471798	0.09019805	0.0903969	90429882	90430036	95159992	95160020	0.13874965	1	330257.88	17.170145	0.9707893	NA	NA	0.0	1.0023182	1.0023182	1	1	1:1	2	neutral	4130051
15	95160021	95170013	NA	9993	205	2.285626	205	0	45.0	mappable	NA	NA	NA	NA	inf	0.10931380515	0.15052644	inf	95160021	95160049	95169972	95170054	NA	missing	338552.5	NA	1.0797	NA	NA	NA	NA	NA	NA	NA	NA	NA	NA	4130051
15	95170013	102399920	NA	7229908	116658	2.004636	116260	6712	24932.0	mappable	0.085575	2.0	edge	0.003380329408	0.00014064698	0.00503079788	0.08777494	0.08791559	95169972	95170054	102399920	102399920	0.14033006	1	330257.88	17.170145	0.9707893	NA	NA	0.0	1.0023182	1.0023182	1	1	1:1	2	neutral	4130051
16	100010	16289940	NA	16189934	298055	2.004636	296852	13324	63931.0	mappable	0.085575	2.0	edge	0.0052799649556	6.88563e-05	0.00085983189	0.08351221	0.08358107	100010	100010	16289940	16289940	0.16994648	1	330257.88	17.170145	0.9707893	NA	NA	0.0	1.0023182	1.0023182	1	1	1:1	2	neutral	4130051
16	16870104	18169896	NA	1299795	20463	2.004636	20372	1145	4314.0	mappable	0.089	2.0	self	0.0072871928663	0.00080906149	0.00402030957	0.09847437	0.09928343	16870104	16870104	18169896	18169896	0.1581143	1	330257.88	17.170145	0.9707893	NA	NA	0.0	1.0023182	1.0023182	1	1	1:1	2	neutral	4130051
16	18800044	29039945	NA	10239903	125013	2.004636	124472	5292	27129.0	mappable	0.085575	2.0	self	0.0060478476103	0.00017143837	0.00769378243	0.08588225	0.08605369	18800044	18800044	29039945	29039945	0.18044716	1	330257.88	17.170145	0.9707893	NA	NA	0.0	1.0023182	1.0023182	1	1	1:1	2	neutral	4130051
16	29670028	31959970	NA	2289943	17555	2.004636	17513	353	3732.0	mappable	0.08673696	2.0	self	0.0032318378469	0.00253164557	0.00188619485	0.09466613	0.09719778	29670028	29670028	31959970	31959970	0.24006142	1	330257.88	17.170145	0.9707893	NA	NA	0.0	1.0023182	1.0023182	1	1	1:1	2	neutral	4130051
16	32520030	32649899	NA	129870	3047	2.004636	2899	0	690.0	mappable	NA	2.0	self	0.008863936801	0.00675675676	0.00911380515	0.11773911	0.12449587	32520030	32520030	32649899	32649899	NA	missing	330257.88	NA	0.9707893	NA	NA	NA	NA	NA	NA	NA	NA	NA	NA	4130051
16	33590105	34790016	NA	1199912	8460	1.999762	8421	21	1863.0	mappable	0.0478125	NA	NA	0.0747568378469	0.01666666667	0.00148619485	0.09903688	0.11570355	33590105	33590105	34789931	34790101	NA	missing	342448.15	18.439516	0.9689	NA	NA	NA	NA	NA	NA	NA	NA	NA	NA	4130051
16	34790016	34799999	NA	9984	130	2.214676	130	0	33.0	mappable	NA	NA	NA	NA	inf	0.08181380515	0.15054117	inf	34789931	34790101	34799984	34800014	NA	missing	332808.6	NA	1.0522	NA	NA	NA	NA	NA	NA	NA	NA	NA	NA	4130051
16	34799999	35249999	NA	450001	6180	2.004636	6175	21	1405.0	mappable	0.10116538	2.0	NA	0.0210933763084	0.03846153846	0.02388619485	0.10649872	0.14496026	34799984	34800014	35229996	35270002	NA	missing	330257.88	17.170145	0.9707893	NA	NA	NA	NA	NA	NA	NA	NA	NA	NA	4130051
16	35249999	35279959	NA	29961	666	2.140804	665	0	154.0	mappable	NA	4.0	NA	0.0156764954865	1.0	0.05541380515	0.13449177	1.13449177	35229996	35270002	35279959	35279959	NA	missing	307844.45	NA	1.0235673	NA	NA	NA	NA	NA	NA	NA	NA	NA	NA	4130051
16	46450014	59909933	NA	13459921	187996	2.004636	187411	7611	40543.0	mappable	0.085575	2.0	NA	0.0045568030275	0.00012202563	0.0006319788	0.08445173	0.08457376	46450014	46450014	59909846	59909933	0.14283326	1	330257.88	17.170145	0.9707893	NA	NA	0.0	1.0023182	1.0023182	1	1	1:1	2	neutral	4130051
16	59909934	59920029	NA	10096	152	2.208226	152	0	28.0	mappable	NA	NA	NA	NA	inf	0.07931380515	0.15035903	inf	59909934	59910021	59919976	59920082	NA	missing	365085.6	NA	1.0497	NA	NA	NA	NA	NA	NA	NA	NA	NA	NA	4130051
16	59920029	61300398	NA	1380370	19110	2.004636	19021	1155	3985.0	mappable	0.08785	2.0	NA	0.0066568378469	0.00080385852	0.00568619485	0.09805544	0.0988593	59919976	59920082	61299999	61300797	0.16674674	1	330257.88	17.170145	0.9707893	NA	NA	0.0	1.0023182	1.0023182	1	1	1:1	2	neutral	4130051
16	61300398	61319807	NA	19410	275	2.112508	275	0	59.0	mappable	NA	NA	NA	NA	inf	0.04221380515	0.14040495	inf	61299999	61300797	61319580	61319807	NA	missing	384186.86	NA	1.0126	NA	NA	NA	NA	NA	NA	NA	NA	NA	NA	4130051
16	61319808	90109969	NA	28790163	495557	2.004636	493898	25068	104989.0	mappable	0.085575	2.0	edge	0.0040531635091	3.741955e-05	0.00143871313	0.08071327	0.08075069	61319808	61320035	90109969	90109969	0.15399279	1	330257.88	17.170145	0.9707893	NA	NA	0.0	1.0023182	1.0023182	1	1	1:1	2	neutral	4130051
17	20080	18239982	NA	18219903	232488	2.004636	231519	11391	49628.0	mappable	0.089	2.0	edge	0.0066741922158	8.090615e-05	0.00167883963	0.08292214	0.08300304	20080	20080	18239982	18239982	0.16490409	1	330257.88	17.170145	0.9707893	NA	NA	0.0	1.0023182	1.0023182	1	1	1:1	2	neutral	4130051
17	18750212	22239986	NA	3489775	25846	2.004636	25158	729	5468.0	mappable	0.08923409	2.0	self	0.0135068378469	0.0007057163	0.00951380515	0.09201874	0.09272446	18750212	18750212	22239986	22239986	0.1901342	1	330257.88	17.170145	0.9707893	NA	NA	0.0	1.0023182	1.0023182	1	1	1:1	2	neutral	4130051
17	25390040	44279982	NA	18889945	210916	2.004636	210251	6540	46216.0	mappable	0.08215	2.0	self	0.0009728623746	0.00013879251	0.00154517119	0.08274339	0.08288218	25390040	25390040	44279982	44279982	0.16248619	1	330257.88	17.170145	0.9707893	NA	NA	0.0	1.0023182	1.0023182	1	1	1:1	2	neutral	4130051
17	44790026	81149937	NA	36359913	476045	2.004636	474295	19316	102307.0	mappable	0.085575	2.0	edge	0.0037072747929	4.747211e-05	0.00149628139	0.079631	0.07967848	44790026	44790026	81149937	81149937	0.16642747	1	330257.88	17.170145	0.9707893	NA	NA	0.0	1.0023182	1.0023182	1	1	1:1	2	neutral	4130051
18	130031	12369933	NA	12239905	186623	2.006686	186064	9897	39864.0	mappable	0.8014	NA	edge	0.7189301895845	9.564802e-05	0.0011973747	0.0849434	0.08503905	130031	130031	12369834	12369933	0.96271412	2	333258.31	29.755206	0.9715836	16.61847	0.9907442	0.98148841	0.01857347	1.9881122	2	0	2:0	2	cnLOH	4130051
18	12369934	12384974	NA	15041	150	2.212354	149	0	37.0	mappable	NA	NA	NA	0.1769160971061	1.0	0.08091380515	0.14412739	1.14412739	12369934	12370033	12379924	12390024	NA	missing	307866.7	NA	1.0513	NA	NA	NA	NA	NA	NA	NA	NA	NA	NA	4130051
18	12384974	13870004	NA	1485031	21888	2.023756	21849	977	4829.0	mappable	0.8069413	NA	NA	0.7224818378469	0.00098425197	0.00781380515	0.09755117	0.09853542	12379924	12390024	13869980	13870028	0.98689972	2	321315.41	28.688876	0.9782	15.91454	0.9899185	0.97983707	0.02040243	2.0033536	2	0	2:0	2	cnLOH	4130051
18	13870004	13900007	NA	30004	640	2.23609	638	0	149.0	mappable	NA	NA	NA	0.4825691185486	0.5	0.09011380515	0.13447306	0.63447306	13869980	13870028	13899970	13900007	NA	missing	323475.55	NA	1.0605	NA	NA	NA	NA	NA	NA	NA	NA	NA	NA	4130051
18	13900008	14119956	NA	219949	3373	2.003374	3373	20	761.0	mappable	0.75807143	NA	NA	0.6757282664183	0.05	8.619485e-05	0.11269631	0.16269631	13900008	13900045	14119956	14119956	NA	missing	342519.86	29.977126	0.9703	NA	NA	NA	NA	NA	NA	NA	NA	NA	NA	4130051
18	14119957	14910026	NA	790070	0	0.0	0	0	NA	mappable	NA	NA	NA	NA	inf	0.97038619485	0.10208446	inf	14119957	14119957	14910026	14910026	NA	missing	NA	NA	0.0	NA	NA	0.0	0.0	0.0	0	0	NA	0	homozygousDel	4130051
18	14910027	14929888	NA	19862	364	2.030206	363	0	90.0	mappable	NA	NA	NA	0.8224187426088	1.0	0.01031380515	0.14007836	1.14007836	14910027	14910027	14929888	14929888	NA	missing	312093.56	NA	0.9807	NA	NA	NA	NA	NA	NA	NA	NA	NA	NA	4130051
18	18540053	49199179	NA	30659127	427539	1.994882	426418	18557	92422.0	mappable	0.8014	NA	NA	0.7177329965012	5.081817e-05	0.00337762838	0.08041878	0.0804696	18540053	18540053	49199153	49199179	0.96955438	2	338272.47	30.170247	0.9670086	16.94832	0.9901162	0.98023242	0.01971699	1.9751652	2	0	2:0	2	cnLOH	4130051
18	49199180	49199353	CTX	174	3	2.231704	3	0	0.0	mappable	NA	NA	NA	NA	inf	0.08841380515	0.26871089	inf	49199180	49199265	49199316	49199353	NA	missing	351890.0	NA	1.0588	NA	NA	NA	NA	NA	NA	NA	NA	NA	NA	4130051
18	49199354	49199925	CTX	572	9	2.231704	9	0	0.0	mappable	NA	NA	NA	NA	inf	0.08841380515	0.21834368	inf	49199354	49199416	49199783	49199925	NA	missing	351890.0	NA	1.0588	NA	NA	NA	NA	NA	NA	NA	NA	NA	NA	4130051
18	49199926	74340006	NA	25140090	386682	2.984517	385364	19162	84421.0	mappable	0.291075	8.0	NA	0.2066741852425	4.883289e-05	0.37782893619	0.08135543	0.08140426	49199926	49200068	74339995	74340017	0.86044866	2	473092.71	30.284868	1.3505878	16.97125	0.6636255	0.32725107	1.00391514	1.9806014	2	1	2:1	3	gain	4130051
18	74340006	74354999	NA	14994	221	3.189658	221	0	50.0	mappable	NA	NA	NA	NA	inf	0.45971380515	0.1441743	inf	74339995	74340017	74349956	74360042	NA	missing	510546.0	NA	1.4301	NA	NA	NA	NA	NA	NA	NA	NA	NA	NA	4130051
18	74354999	74923492	NA	568494	9630	2.984517	9588	413	2168.0	mappable	0.27867045	8.0	NA	0.1931295651196	0.0021978022	0.36601380515	0.1046201	0.1068179	74349956	74360042	74923492	74923492	0.80819643	2	473092.71	30.284868	1.3505878	16.97125	0.6636255	0.32725107	1.00391514	1.9806014	2	1	2:1	3	gain	4130051
18	74923493	74923505	CTX	13	0	0.0	0	0	NA	mappable	NA	NA	NA	NA	inf	0.97038619485	0.54047631	inf	74923493	74923493	74923505	74923505	NA	missing	NA	NA	0.0	NA	NA	0.0	0.0	0.0	0	0	NA	0	homozygousDel	4130051
18	74923506	78009968	CTX	3086464	54990	2.984517	54619	2300	12464.0	mappable	0.28765	8.0	edge	0.2020665358051	0.00037453184	0.37400357056	0.09277503	0.09314957	74923506	74923544	78009968	78009968	0.83567096	2	473092.71	30.284868	1.3505878	16.97125	0.6636255	0.32725107	1.00391514	1.9806014	2	1	2:1	3	gain	4130051
19	260137	24569972	NA	24309837	256808	2.004636	255191	11958	53920.0	mappable	0.089	2.0	edge	0.0052395172364	7.368111e-05	0.00103697265	0.08151608	0.08158976	260137	260137	24569972	24569972	0.20304486	1	330257.88	17.170145	0.9707893	NA	NA	0.0	1.0023182	1.0023182	1	1	1:1	2	neutral	4130051
19	27750002	38649992	NA	10899991	149267	2.004636	148565	6470	31884.0	mappable	0.085575	2.0	self	0.0032318378469	0.00013943112	0.00318619485	0.08555116	0.08569059	27750002	27750002	38639940	38649992	0.15913326	1	330257.88	17.170145	0.9707893	NA	NA	0.0	1.0023182	1.0023182	1	1	1:1	2	neutral	4130051
19	38649993	38669999	NA	20007	141	2.371798	140	0	31.0	mappable	NA	NA	identical	0.1843235045135	1.0	0.14271380515	0.13997548	1.13997548	38649993	38660045	38669943	38670055	NA	missing	271112.0	NA	1.1131	NA	NA	NA	NA	NA	NA	NA	NA	NA	NA	4130051
19	38669999	43209995	NA	4539997	48413	2.004636	48231	2093	10321.0	mappable	0.089	2.0	NA	0.0100818378469	0.00043956044	0.00218619485	0.09043938	0.09087894	38669943	38670055	43209995	43209995	0.17031312	1	330257.88	17.170145	0.9707893	NA	NA	0.0	1.0023182	1.0023182	1	1	1:1	2	neutral	4130051
19	43209996	43800005	NA	590010	0	0.0	0	0	NA	mappable	NA	NA	NA	NA	inf	0.97038619485	0.10432761	inf	43209996	43209996	43800005	43800005	NA	missing	NA	NA	0.0	NA	NA	0.0	0.0	0.0	0	0	NA	0	homozygousDel	4130051
19	43800006	59069834	NA	15269831	162296	2.004636	161484	8164	34322.0	mappable	0.09008026	2.0	NA	0.0068050581009	0.0001114082	0.00449591659	0.08380761	0.08391902	43800006	43800006	59069659	59069834	0.19197336	1	330257.88	17.170145	0.9707893	NA	NA	0.0	1.0023182	1.0023182	1	1	1:1	2	neutral	4130051
19	59069835	59089999	NA	20165	305	1.830256	304	11	82.0	mappable	0.040525	NA	edge	0.0515181621531	0.08333333333	0.06718619485	0.13986439	0.22319772	59069835	59070010	59089999	59089999	NA	missing	250552.97	12.527648	0.9032	NA	NA	NA	NA	NA	NA	NA	NA	NA	NA	4130051
20	60479	15929976	NA	15869500	248234	1.017905	247498	12610	53111.0	mappable	0.6781	7.0	edge	0.5933779450031	7.493443e-05	0.38200471689	0.0836129	0.08368784	60479	60479	15929930	15930022	0.94466826	2	199788.63	16.547785	0.5883354	16.45266	0.9895098	0.97901951	0.01067808	1.0072273	1	0	1:0	1	LOH	4130051
20	15929976	15949977	NA	20002	327	0.921064	327	0	78.0	mappable	NA	NA	NA	NA	inf	0.41958619485	0.13997901	inf	15929930	15930022	15949954	15949977	NA	missing	197528.48	NA	0.5508	NA	NA	NA	NA	NA	NA	NA	NA	NA	NA	4130051
20	15949978	25729738	NA	9779763	151728	1.017905	151233	7001	32403.0	mappable	0.660975	7.0	NA	0.5793081233197	0.00013344009	0.38265955507	0.08612757	0.08626101	15949978	15950001	25729738	25729738	0.967418	2	199788.63	16.547785	0.5883354	16.45266	0.9895098	0.97901951	0.01067808	1.0072273	1	0	1:0	1	LOH	4130051
20	29810057	30235022	NA	424966	6382	1.026844	6362	28	1494.0	mappable	0.58676786	NA	NA	0.4581318378469	0.02083333333	0.37858619485	0.1069691	0.12780244	29810057	29810057	30229999	30235022	NA	missing	198334.06	15.762338	0.5918	NA	NA	NA	NA	NA	NA	NA	NA	NA	NA	4130051
20	30235023	30925324	NA	690302	8205	2.004636	8151	281	1703.0	mappable	0.090375	2.0	self	0.0080318378469	0.00298507463	0.00381380515	0.10310943	0.1060945	30235023	30240046	30925285	30925324	0.1547978	1	330257.88	17.170145	0.9707893	NA	NA	0.0	1.0023182	1.0023182	1	1	1:1	2	neutral	4130051
20	30925325	30932714	DEL	7390	93	1.795168	93	3	19.0	mappable	0.77981756	NA	identical	0.6974743963753	0.33333333333	0.08078619485	0.15562557	0.4889589	30925325	30925325	30932645	30932714	NA	missing	287562.88	24.922116	0.8896	NA	NA	NA	NA	NA	NA	NA	NA	NA	NA	4130051
20	30932715	47849767	DEL	16917056	238156	2.004636	237450	9286	51124.0	mappable	0.08215	2.0	NA	0.0028128252754	0.00010009008	0.0013533326	0.08329177	0.08339186	30932715	30932725	47839969	47849767	0.16517065	1	330257.88	17.170145	0.9707893	NA	NA	0.0	1.0023182	1.0023182	1	1	1:1	2	neutral	4130051
20	47849768	47851143	DEL	1376	27	1.735054	27	0	4.0	mappable	NA	NA	NA	NA	inf	0.10408619485	0.19182325	inf	47849768	47850062	47851077	47851143	NA	missing	269946.7	NA	0.8663	NA	NA	NA	NA	NA	NA	NA	NA	NA	NA	4130051
20	47851144	56710001	DEL	8858859	138280	2.004636	137857	6219	29494.0	mappable	0.08215	2.0	NA	0.0002220223558	0.00015057973	0.00119782164	0.08666003	0.08681061	47851144	47851172	56709920	56710082	0.14479322	1	330257.88	17.170145	0.9707893	NA	NA	0.0	1.0023182	1.0023182	1	1	1:1	2	neutral	4130051
20	56710001	56719947	NA	9947	182	1.739698	182	0	37.0	mappable	NA	NA	NA	NA	inf	0.10228619485	0.15060189	inf	56709920	56710082	56719890	56720004	NA	missing	263997.5	NA	0.8681	NA	NA	NA	NA	NA	NA	NA	NA	NA	NA	4130051
20	56719947	60900029	NA	4180083	74272	2.004636	73975	3191	15796.0	mappable	0.092425	2.0	NA	0.0100818378469	0.00028669725	0.00208619485	0.09092934	0.09121604	56719890	56720004	60899993	60900029	0.13328277	1	330257.88	17.170145	0.9707893	NA	NA	0.0	1.0023182	1.0023182	1	1	1:1	2	neutral	4130051
20	60900030	60910016	NA	9987	238	2.211064	237	0	40.0	mappable	NA	NA	NA	0.3462282664183	1.0	0.08041380515	0.15053626	1.15053626	60900030	60900066	60909974	60910016	NA	missing	223276.7	NA	1.0508	NA	NA	NA	NA	NA	NA	NA	NA	NA	NA	4130051
20	60910017	62909989	NA	1999973	31555	2.004636	31369	1592	6557.0	mappable	0.08215	2.0	edge	0.0032318378469	0.0005627462	0.00138619485	0.09554955	0.09611229	60910017	60910059	62909989	62909989	0.17826939	1	330257.88	17.170145	0.9707893	NA	NA	0.0	1.0023182	1.0023182	1	1	1:1	2	neutral	4130051
21	10720001	11179964	NA	459964	5133	2.061792	4849	0	1893.0	mappable	NA	NA	edge	0.1098050710307	0.00352112676	0.02255633389	0.10631986	0.10984098	10720001	10720001	11179964	11179964	NA	missing	957326.7	NA	0.9929425	NA	NA	NA	NA	NA	NA	NA	NA	NA	NA	4130051
21	15410077	40179903	NA	24769829	385373	2.004636	383913	17593	82323.0	mappable	0.08215	2.0	NA	0.0012939486689	5.248793e-05	0.00125612233	0.08142633	0.08147881	15410077	15410077	40179743	40179903	0.15348556	1	330257.88	17.170145	0.9707893	NA	NA	0.0	1.0023182	1.0023182	1	1	1:1	2	neutral	4130051
21	40179904	40189993	NA	10090	140	1.775302	140	0	26.0	mappable	NA	NA	NA	NA	inf	0.08848619485	0.15036872	inf	40179904	40180064	40189976	40190010	NA	missing	294298.8	NA	0.8819	NA	NA	NA	NA	NA	NA	NA	NA	NA	NA	4130051
21	40189993	40720032	NA	530041	8335	2.004636	8299	454	1781.0	mappable	0.07833289	2.0	NA	7.8599553e-06	0.00204081633	0.01136161177	0.105176	0.10721682	40189976	40190010	40719987	40720077	0.20038817	1	330257.88	17.170145	0.9707893	NA	NA	0.0	1.0023182	1.0023182	1	1	1:1	2	neutral	4130051
21	40720032	40729997	NA	9966	147	2.803948	147	7	29.0	mappable	0.04631724	NA	identical	0.0360259207738	0.14285714286	0.31021380515	0.15057068	0.29342782	40719987	40720077	40729979	40730015	NA	missing	489874.0	25.660067	1.2806	NA	NA	NA	NA	NA	NA	NA	NA	NA	NA	4130051
21	40729997	42940007	NA	2210011	36601	2.004636	36409	2052	7822.0	mappable	0.089	2.0	self	0.0066568378469	0.0004456328	0.00948619485	0.09489637	0.095342	40729979	40730015	42939989	42940007	0.15700123	1	330257.88	17.170145	0.9707893	NA	NA	0.0	1.0023182	1.0023182	1	1	1:1	2	neutral	4130051
21	43040017	48099931	NA	5059915	85046	2.004636	84537	4534	17868.0	mappable	0.092425	2.0	edge	0.0100818378469	0.00019829467	0.00251380515	0.08980417	0.09000246	43040017	43040041	48099931	48099931	0.18266456	1	330257.88	17.170145	0.9707893	NA	NA	0.0	1.0023182	1.0023182	1	1	1:1	2	neutral	4130051
22	16850007	50910009	NA	34060004	452375	2.004636	450410	20046	96363.0	mappable	0.089	2.0	edge	0.0051372546218	4.543183e-05	0.00068737551	0.07993102	0.07997645	16850007	16850007	50909975	50910043	0.16880557	1	330257.88	17.170145	0.9707893	NA	NA	0.0	1.0023182	1.0023182	1	1	1:1	2	neutral	4130051
22	50910009	50919892	NA	9884	168	2.140804	167	6	33.0	mappable	0.08518235	4.0	NA	0.0036968830957	0.14285714286	0.06891380515	0.15070591	0.29356306	50909975	50910043	50919676	50919892	NA	missing	307844.45	16.321044	1.0235673	NA	NA	NA	NA	NA	NA	NA	NA	NA	NA	4130051
22	50919893	51100018	NA	180126	2332	1.857715	2331	121	514.0	mappable	0.095	3.0	NA	0.0126568378469	0.00819672131	0.05348619485	0.11455641	0.12275314	50919893	50920109	51099925	51100018	0.12573652	1	256556.92	13.214066	0.9138432	NA	NA	0.0	0.92885773	0.9288577	1	1	1:1	2	neutral	4130051
22	51100019	51179984	NA	79966	1088	2.140804	1080	21	233.0	mappable	0.10841689	4.0	edge	0.0001931621531	0.03448275862	0.03751380515	0.12279658	0.15727933	51100019	51100112	51179984	51179984	NA	missing	307844.45	16.321044	1.0235673	NA	NA	NA	NA	NA	NA	NA	NA	NA	NA	4130051
23	2700027	38213287	NA	35513261	343966	1.017905	343025	13352	72583.0	mappable	0.6918	7.0	edge	0.6094568378469	6.996921e-05	0.38238619485	0.07973892	0.07980889	2700027	2700027	38213275	38213287	0.94310547	2	199788.63	16.547785	0.5883354	16.45266	0.9895098	0.97901951	0.01067808	1.0072273	1	0	1:0	1	LOH	4130051
23	38213288	58499983	INV	20286696	146786	2.004636	146476	2877	31035.0	mappable	0.0838	2.0	self	0.0032318378469	0.00031377471	0.00251380515	0.08239258	0.08270635	38213288	38213476	58499983	58499983	0.18476	1	330257.88	17.170145	0.9707893	NA	NA	0.0	1.0023182	1.0023182	1	1	1:1	2	neutral	4130051
23	61750000	88459980	NA	26709981	245748	2.004636	245229	7036	51850.0	mappable	0.08215	2.0	self	0.0001931621531	0.00013236267	0.00088619485	0.08106725	0.08119961	61750000	61750000	88459980	88459980	0.13607134	1	330257.88	17.170145	0.9707893	NA	NA	0.0	1.0023182	1.0023182	1	1	1:1	2	neutral	4130051
23	88990017	89349936	NA	359920	1089	2.004636	1089	55	250.0	mappable	0.0673	2.0	NA	0.0150431621531	0.01818181818	0.00081380515	0.10835811	0.12653993	88990017	88990017	89349936	89349936	0.08737734	1	330257.88	17.170145	0.9707893	NA	NA	0.0	1.0023182	1.0023182	1	1	1:1	2	neutral	4130051
23	89349937	90140198	NA	790262	0	0.0	0	0	NA	mappable	NA	NA	NA	NA	inf	0.97038619485	0.10208263	inf	89349937	89349937	90140198	90140198	NA	missing	NA	NA	0.0	NA	NA	0.0	0.0	0.0	0	0	NA	0	homozygousDel	4130051
23	90140199	91529952	NA	1389754	5103	2.004636	5083	494	1012.0	mappable	0.08908333	2.0	NA	0.0115068378469	0.00194552529	0.00128619485	0.09800848	0.099954	90140199	90140199	91529952	91529952	0.08179246	1	330257.88	17.170145	0.9707893	NA	NA	0.0	1.0023182	1.0023182	1	1	1:1	2	neutral	4130051
23	91529953	92379999	NA	850047	0	0.0	0	0	NA	mappable	NA	NA	NA	NA	inf	0.97038619485	0.10153736	inf	91529953	91529953	92379999	92379999	NA	missing	NA	NA	0.0	NA	NA	0.0	0.0	0.0	0	0	NA	0	homozygousDel	4130051
23	92380000	102463002	NA	10083003	92986	2.004636	92752	3959	19240.0	mappable	0.085575	2.0	NA	0.0033942373737	0.00023849273	0.00405485035	0.08596448	0.08620298	92380000	92380000	102462860	102463002	0.1374598	1	330257.88	17.170145	0.9707893	NA	NA	0.0	1.0023182	1.0023182	1	1	1:1	2	neutral	4130051
23	102463003	102463139	INV	137	0	0.0	0	0	NA	mappable	NA	NA	NA	NA	inf	0.97038619485	0.28176824	inf	102463003	102463003	102463139	102463139	NA	missing	NA	NA	0.0	NA	NA	0.0	0.0	0.0	0	0	NA	0	homozygousDel	4130051
23	102463140	154929639	CTX	52466501	474115	2.004636	472754	17549	99154.0	mappable	0.085575	2.0	edge	0.0032484411642	5.288487e-05	0.00069906894	0.07798824	0.07804112	102463140	102463202	154929639	154929639	0.15761767	1	330257.88	17.170145	0.9707893	NA	NA	0.0	1.0023182	1.0023182	1	1	1:1	2	neutral	4130051
