#chromosome	start	end	crest	length	tcnNbrOfLoci	tcnMean	tcnNbrOfSNPs	tcnNbrOfHets	dhNbrOfLoci	map	dhMax	cluster	neighbour	distDH	errorSNP	distTcn	errorLength	totalError	minStart	maxStart	minStop	maxStop	area	peaks	meanCovT	meanCovB	tcnMeanRaw	AF	BAF	dhMean	c1Mean	c2Mean	A	B	genotype	TCN	GNL	PID
1	840009	12839977	NA	11999969	171797	1.90762288	170533	7477	15387.0	mappable	0.236275	NA	edge	0.1543687542446	0.00011440339	0.0163782795	0.08504657	0.08516097	840009	840009	12839977	12839977	0.73133586	2	263609.4	16.56973	0.9767	13.38448	0.9022513	0.8045025	0.1864677	1.7211552	2	0	2:0	2	cnLOH	4188800
1	13780016	60069973	NA	46289961	583909	1.93689146	581192	23265	50554.0	mappable	0.256825	NA	NA	0.1728012796468	3.848818e-05	0.0115884602	0.07854165	0.07858014	13780016	13780016	60069931	60069973	0.76055254	2	292742.9	18.48902	0.9814898	14.79116	0.9074283	0.8148566	0.1793013	1.7575901	2	0	2:0	2	cnLOH	4188800
1	60069974	60090017	NA	20044	363	1.51837727	363	0	33.0	mappable	NA	NA	NA	NA	inf	0.0800782795	0.13994937	inf	60069974	60070016	60089975	60090059	NA	missing	325449.5	NA	0.913	NA	NA	NA	NA	NA	NA	NA	NA	NA	NA	4188800
1	60090017	95010005	NA	34919992	463118	2.00305221	461130	20905	37261.0	mappable	0.249975	NA	NA	0.1633751344739	4.368147e-05	0.00076129916	0.07981626	0.07985994	60089975	60090059	95009982	95010028	0.78139374	2	340458.4	21.40024	0.992317	17.01435	0.8892126	0.7784252	0.2219129	1.7811393	2	0	2:0	2	cnLOH	4188800
1	95010005	95034995	NA	24991	345	1.53426485	345	0	32.0	mappable	NA	NA	NA	NA	inf	0.0774782795	0.13690078	inf	95009982	95010028	95029900	95040090	NA	missing	303575.7	NA	0.9156	NA	NA	NA	NA	NA	NA	NA	NA	NA	NA	4188800
1	95034995	120250012	NA	25215018	341108	2.01211424	340354	7222	29610.0	mappable	0.277375	NA	NA	0.1954687542446	0.00012539185	0.0007217205	0.08134122	0.08146661	95029900	95040090	120249989	120250035	0.7749927	2	336648.1	21.32105	0.9938	16.79883	0.9024106	0.8048211	0.1963611	1.8157532	2	0	2:0	2	cnLOH	4188800
1	120250012	120260000	NA	9989	130	2.60423197	130	0	16.0	mappable	NA	NA	NA	NA	inf	0.0976217205	0.15053299	inf	120249989	120250035	120259943	120260057	NA	missing	295975.0	NA	1.0907	NA	NA	NA	NA	NA	NA	NA	NA	NA	NA	4188800
1	120260000	120529963	NA	269964	3218	1.91434455	3200	147	243.0	mappable	0.153625	NA	NA	0.0840437542446	0.00606060606	0.0152782795	0.11084995	0.11691056	120259943	120260057	120529963	120529963	0.6660812	2	313214.7	19.27475	0.9778	15.88524	0.8601323	0.7202647	0.2677549	1.6465897	sub	0	sub:0	sub	sub	4188800
1	121220004	121229986	NA	9983	177	1.4279403	177	0	15.0	mappable	NA	NA	NA	NA	inf	0.0948782795	0.15054281	inf	121220004	121220004	121229986	121229986	NA	missing	310280.0	NA	0.8982	NA	NA	NA	NA	NA	NA	NA	NA	NA	NA	4188800
1	144010127	144019970	NA	9844	155	2.31397818	98	0	14.0	mappable	NA	NA	NA	0.2683600779376	0.01754385965	0.0501217205	0.15077238	0.16831624	144010127	144010127	144019970	144019970	NA	missing	918076.0	NA	1.0432	NA	NA	NA	NA	NA	NA	NA	NA	NA	NA	4188800
1	144920087	145739956	NA	819871	6370	2.01206169	5794	167	587.0	mappable	0.08048182	6.0	self	0.0167297751671	0.00134589502	0.0081217205	0.10180688	0.10315278	144920087	144920087	145739956	145739956	0.16293183	1	326536.8	17.07487	0.9937914	NA	NA	0.0	1.0060308	1.0060308	1	1	1:1	2	neutral	4188800
1	146540101	147829895	NA	1289795	11659	2.01206169	11609	741	894.0	mappable	0.08718409	6.0	self	0.0036687542446	0.0012642225	0.0118782795	0.09852843	0.09979265	146540101	146540101	147829895	147829895	0.12325833	1	326536.8	17.07487	0.9937914	NA	NA	0.0	1.0060308	1.0060308	1	1	1:1	2	neutral	4188800
1	149815060	173459906	NA	23644851	305144	2.01206169	304206	7953	26759.0	mappable	0.08215	6.0	NA	0.0001453391616	0.00011248594	0.0018676963	0.08164924	0.08176173	149815060	149815060	173459810	173459906	0.16824211	1	326536.8	17.07487	0.9937914	NA	NA	0.0	1.0060308	1.0060308	1	1	1:1	2	neutral	4188800
1	173459907	173469969	NA	10063	145	2.81443682	145	0	16.0	mappable	NA	NA	NA	NA	inf	0.1320217205	0.15041244	inf	173459907	173460003	173469885	173469969	NA	missing	345762.0	NA	1.1251	NA	NA	NA	NA	NA	NA	NA	NA	NA	NA	4188800
1	173469970	221830011	NA	48360049	659765	2.01206169	657385	27068	54699.0	mappable	0.08215	6.0	NA	0.0003667722023	3.395816e-05	0.00076656071	0.07834746	0.07838141	173469970	173470054	221829972	221830050	0.16153224	1	326536.8	17.07487	0.9937914	NA	NA	0.0	1.0060308	1.0060308	1	1	1:1	2	neutral	4188800
1	221830011	221850010	NA	20000	391	1.46888136	391	0	40.0	mappable	NA	NA	NA	NA	inf	0.0881782795	0.13998042	inf	221829972	221830050	221849998	221850022	NA	missing	345915.6	NA	0.9049	NA	NA	NA	NA	NA	NA	NA	NA	NA	NA	4188800
1	221850010	249209945	NA	27359938	378089	2.01206169	376057	18879	32264.0	mappable	0.085575	6.0	edge	0.0036494241225	4.782172e-05	0.00210386439	0.08095343	0.08100125	221849998	221850022	249209945	249209945	0.16971648	1	326536.8	17.07487	0.9937914	NA	NA	0.0	1.0060308	1.0060308	1	1	1:1	2	neutral	4188800
2	20016	27980028	NA	27960015	415763	2.01206169	413805	19194	34946.0	mappable	0.085575	6.0	edge	0.0002327049572	4.727685e-05	0.01526205766	0.080851	0.08089828	20016	20016	27979954	27980102	0.17113981	1	326536.8	17.07487	0.9937914	NA	NA	0.0	1.0060308	1.0060308	1	1	1:1	2	neutral	4188800
2	27980028	28010010	NA	29983	349	3.13218833	348	2	41.0	mappable	0.18739496	NA	identical	0.1975951741229	0.33333333333	0.1840217205	0.1344822	0.46781553	27979954	27980102	28009960	28010060	NA	missing	332778.6	17.79946	1.1771	NA	NA	NA	NA	NA	NA	NA	NA	NA	NA	4188800
2	28010010	87059860	NA	59049853	894648	2.01206169	891512	38559	73366.0	mappable	0.085575	6.0	self	0.0015576519237	2.398427e-05	0.0217479383	0.07747305	0.07749703	28009960	28010060	87059860	87059860	0.16949917	1	326536.8	17.07487	0.9937914	NA	NA	0.0	1.0060308	1.0060308	1	1	1:1	2	neutral	4188800
2	88330099	89156139	NA	826041	9873	2.01206169	9838	357	829.0	mappable	0.08803929	6.0	self	0.0031812457554	0.00255102041	0.0182217205	0.10175086	0.10430188	88330099	88330099	89156124	89156154	0.19759085	1	326536.8	17.07487	0.9937914	NA	NA	0.0	1.0060308	1.0060308	1	1	1:1	2	neutral	4188800
2	89156139	89229990	NA	73852	2000	0.01211288	1995	21	125.0	mappable	0.034	NA	NA	0.0659312457554	0.03846153846	0.3265782795	0.12366787	0.16212941	89156124	89156154	89229990	89229990	NA	missing	223838.2	11.19191	0.6665	NA	NA	NA	NA	NA	NA	NA	NA	NA	NA	4188800
2	89840102	90239998	NA	399897	913	2.22354121	902	1	91.0	mappable	0.16666667	NA	NA	0.0539713183472	0.08333333333	0.0353217205	0.10747332	0.19080666	89840102	89840102	90239998	90239998	NA	missing	508773.1	29.67843	1.0284	NA	NA	NA	NA	NA	NA	NA	NA	NA	NA	4188800
2	95580145	96239991	NA	659847	4441	2.01206169	4434	47	403.0	mappable	0.08008152	6.0	NA	0.0078871981363	0.01851851852	0.0162217205	0.10345663	0.12197515	95580145	95580145	96239991	96239991	0.342032	2	326536.8	17.07487	0.9937914	16.29441	0.5691398	0.1382795	0.8669174	1.1451443	1	1	1:1	2	mixDH	4188800
2	96239992	96740020	NA	500029	0	0.0	0	0	NA	mappable	NA	NA	NA	NA	inf	0.9930782795	0.10564318	inf	96239992	96239992	96740020	96740020	NA	missing	NA	NA	0.0	NA	NA	0.0	0.0	0.0	0	0	NA	0	homozygousDel	4188800
2	96740021	132189994	NA	35449976	448406	2.01206169	446764	19084	37680.0	mappable	0.08215	6.0	NA	0.0021962717981	4.82509e-05	0.01738558762	0.0797471	0.07979535	96740021	96740021	132189994	132189994	0.17372079	1	326536.8	17.07487	0.9937914	NA	NA	0.0	1.0060308	1.0060308	1	1	1:1	2	neutral	4188800
2	132189995	133009999	NA	820005	0	0.0	0	0	NA	mappable	NA	NA	NA	NA	inf	0.9930782795	0.10180566	inf	132189995	132189995	133009999	133009999	NA	missing	NA	NA	0.0	NA	NA	0.0	0.0	0.0	0	0	NA	0	homozygousDel	4188800
2	133010000	208615035	NA	75605038	998544	2.01206169	995203	34253	82279.0	mappable	0.08215	6.0	NA	0.0024279925162	2.659999e-05	0.0205001531	0.07641761	0.07644421	133010000	133010000	208609989	208615035	0.16994877	1	326536.8	17.07487	0.9937914	NA	NA	0.0	1.0060308	1.0060308	1	1	1:1	2	neutral	4188800
2	208615036	208639988	NA	24953	249	2.77910285	245	0	20.0	mappable	NA	4.0	identical	0.056577087578	0.25	0.1456217205	0.13692135	0.38692135	208615036	208620082	208639961	208640015	NA	missing	369086.1	NA	1.1193176	NA	NA	NA	NA	NA	NA	NA	NA	NA	NA	4188800
2	208639988	242999969	NA	34359987	504576	2.01206169	502418	21314	43121.0	mappable	0.08215	6.0	edge	2.899851e-07	4.260395e-05	0.01547909639	0.07989063	0.07993323	208639961	208640015	242999969	242999969	0.18812826	1	326536.8	17.07487	0.9937914	NA	NA	0.0	1.0060308	1.0060308	1	1	1:1	2	neutral	4188800
3	100074	28392087	NA	28292020	447406	2.01206169	445640	19717	36800.0	mappable	0.08215	6.0	edge	0.0041270888368	4.65506e-05	0.00103244529	0.08079538	0.08084193	100074	100074	28392084	28392087	0.16241241	1	326536.8	17.07487	0.9937914	NA	NA	0.0	1.0060308	1.0060308	1	1	1:1	2	neutral	4188800
3	28392088	28393316	DEL	1229	14	2.21743061	14	0	0.0	mappable	NA	NA	NA	NA	inf	0.0343217205	0.19486968	inf	28392088	28392096	28393063	28393316	NA	missing	284235.0	NA	1.0274	NA	NA	NA	NA	NA	NA	NA	NA	NA	NA	4188800
3	28393317	69609986	DEL	41216675	563953	2.01206169	561854	23890	46624.0	mappable	0.085575	6.0	NA	0.0014166691831	3.847782e-05	0.00490658576	0.07906162	0.0791001	28393317	28393351	69609964	69610008	0.17667109	1	326536.8	17.07487	0.9937914	NA	NA	0.0	1.0060308	1.0060308	1	1	1:1	2	neutral	4188800
3	69609986	69629987	NA	20002	323	1.50310076	323	0	33.0	mappable	NA	NA	NA	NA	inf	0.0825782795	0.13997901	inf	69609964	69610008	69629964	69630010	NA	missing	318980.9	NA	0.9105	NA	NA	NA	NA	NA	NA	NA	NA	NA	NA	4188800
3	69629987	84230015	NA	14600031	202982	2.01206169	202198	8453	16310.0	mappable	0.08215	6.0	NA	0.0021975459237	0.00010826026	0.00151866042	0.08403549	0.08414375	69629964	69630010	84229999	84230015	0.17881098	1	326536.8	17.07487	0.9937914	NA	NA	0.0	1.0060308	1.0060308	1	1	1:1	2	neutral	4188800
3	84230016	84250052	NA	20037	361	2.88776409	361	12	26.0	mappable	0.17248387	NA	identical	0.0871526252124	0.08333333333	0.1440217205	0.1399543	0.22328764	84230016	84230032	84249960	84250144	NA	missing	386303.6	19.9488	1.1371	NA	NA	NA	NA	NA	NA	NA	NA	NA	NA	4188800
3	84250052	90499969	NA	6249918	89632	2.01206169	89402	3279	7319.0	mappable	0.085575	6.0	self	0.0002437542446	0.00028498148	0.0029217205	0.08859198	0.08887697	84249960	84250144	90499969	90499969	0.16503661	1	326536.8	17.07487	0.9937914	NA	NA	0.0	1.0060308	1.0060308	1	1	1:1	2	neutral	4188800
3	93570175	93704727	NA	134554	520	2.48446409	520	1	39.0	mappable	0.0	NA	NA	0.0853312457554	1.0	0.0780217205	0.11738587	1.11738587	93570175	93570175	93704666	93704788	NA	missing	340898.0	17.0449	1.0711	NA	NA	NA	NA	NA	NA	NA	NA	NA	NA	4188800
3	93704727	142879896	NA	49175180	661545	2.01206169	659136	27764	54112.0	mappable	0.085575	6.0	self	0.0013767111094	3.314221e-05	0.00158769096	0.07827351	0.07830666	93704666	93704788	142879767	142880025	0.15756846	1	326536.8	17.07487	0.9937914	NA	NA	0.0	1.0060308	1.0060308	1	1	1:1	2	neutral	4188800
3	142879896	142900020	NA	20125	331	2.77910285	328	31	20.0	mappable	0.0999	4.0	identical	0.0186283696292	0.02941176471	0.1455217205	0.13989241	0.16930418	142879767	142880025	142899995	142900045	NA	missing	369086.1	20.49324	1.1193176	NA	NA	NA	NA	NA	NA	NA	NA	NA	NA	4188800
3	142900020	143933356	NA	1033337	15122	2.01206169	15085	691	1192.0	mappable	0.07646944	6.0	self	0.0100312457554	0.00137362637	0.0019217205	0.10010571	0.10147934	142899995	142900045	143933347	143933356	0.16188306	1	326536.8	17.07487	0.9937914	NA	NA	0.0	1.0060308	1.0060308	1	1	1:1	2	neutral	4188800
3	143933357	197779892	CTX	53846541	741721	2.01206169	738832	34371	61245.0	mappable	0.08215	6.0	edge	0.0015299057789	2.683987e-05	0.0026020321	0.07787449	0.07790133	143933357	143933423	197779892	197779892	0.15631169	1	326536.8	17.07487	0.9937914	NA	NA	0.0	1.0060308	1.0060308	1	1	1:1	2	neutral	4188800
4	50084	485023	NA	434940	4181	2.09705167	4128	1	453.0	mappable	0.65517241	NA	edge	0.262758409417	0.01851851852	0.0146217205	0.10677796	0.12529648	50084	50084	479972	490074	NA	missing	458643.3	37.95669	1.0077	NA	NA	NA	NA	NA	NA	NA	NA	NA	NA	4188800
4	485023	510005	NA	24983	343	2.58528909	343	0	32.0	mappable	NA	NA	NA	NA	inf	0.0945217205	0.1369051	inf	479972	490074	509983	510027	NA	missing	307624.1	NA	1.0876	NA	NA	NA	NA	NA	NA	NA	NA	NA	NA	4188800
4	510005	8939952	NA	8429950	140822	2.01206169	140227	1351	13779.0	mappable	0.089	6.0	NA	0.0098619639182	0.00051387461	0.00960727142	0.08692971	0.08744359	509983	510027	8939952	8939952	0.1631698	1	326536.8	17.07487	0.9937914	NA	NA	0.0	1.0060308	1.0060308	1	1	1:1	2	neutral	4188800
4	9800043	49089961	NA	39289923	598416	2.01206169	596441	23838	49738.0	mappable	0.08215	6.0	self	0.0037474404367	3.874167e-05	0.00155929352	0.07927807	0.07931682	9800043	9800043	49089961	49089961	0.16247686	1	326536.8	17.07487	0.9937914	NA	NA	0.0	1.0060308	1.0060308	1	1	1:1	2	neutral	4188800
4	52680564	64995370	NA	12314809	182207	2.01206169	181548	9166	14411.0	mappable	0.08215	6.0	NA	0.0008435087434	0.00010179153	0.00275596013	0.08491166	0.08501345	52680564	52680564	64995329	64995370	0.17142992	1	326536.8	17.07487	0.9937914	NA	NA	0.0	1.0060308	1.0060308	1	1	1:1	2	neutral	4188800
4	64995371	65009975	NA	14605	242	2.52846045	242	0	21.0	mappable	NA	NA	NA	NA	inf	0.0852217205	0.14456952	inf	64995371	64995412	65009924	65010026	NA	missing	374449.9	NA	1.0783	NA	NA	NA	NA	NA	NA	NA	NA	NA	NA	4188800
4	65009975	149409872	NA	84399910	1122386	2.01206169	1118152	53085	89521.0	mappable	0.08215	6.0	NA	0.0027864379282	1.744653e-05	0.00377632489	0.07595685	0.0759743	65009924	65010026	149409733	149410011	0.15406873	1	326536.8	17.07487	0.9937914	NA	NA	0.0	1.0060308	1.0060308	1	1	1:1	2	neutral	4188800
4	149409872	149439955	NA	30084	230	2.40013773	230	0	16.0	mappable	NA	NA	NA	NA	inf	0.0642217205	0.13443834	inf	149409733	149410011	149439822	149440088	NA	missing	340133.1	NA	1.0573	NA	NA	NA	NA	NA	NA	NA	NA	NA	NA	4188800
4	149439955	190799944	NA	41359998	615214	2.01206169	612301	30520	51299.0	mappable	0.08215	6.0	edge	0.001728202657	2.991146e-05	0.00399709021	0.07904597	0.07907588	149439822	149440088	190799944	190799944	0.16152693	1	326536.8	17.07487	0.9937914	NA	NA	0.0	1.0060308	1.0060308	1	1	1:1	2	neutral	4188800
5	50017	669937	NA	619921	9086	2.01206169	8973	516	946.0	mappable	0.085575	6.0	edge	0.0070937542446	0.00158982512	0.0008782795	0.10394079	0.10553061	50017	50017	669871	669937	0.18355284	1	326536.8	17.07487	0.9937914	NA	NA	0.0	1.0060308	1.0060308	1	1	1:1	2	neutral	4188800
5	669938	764998	NA	95061	248	1.30817242	240	14	21.0	mappable	0.3246	NA	NA	0.1020687542446	0.04545454545	0.1144782795	0.12094409	0.16639864	669938	670004	679994	764998	NA	missing	190438.8	12.69592	0.8786	NA	NA	NA	NA	NA	NA	NA	NA	NA	NA	4188800
5	764999	929995	NA	164997	1363	2.62825337	1360	4	113.0	mappable	0.087875	1.0	NA	0.0119752357261	0.14285714286	0.0411217205	0.11539296	0.2582501	764999	850003	929977	930013	NA	missing	350648.2	19.24154	1.0946311	NA	NA	NA	NA	NA	NA	NA	NA	NA	NA	4188800
5	929995	949997	NA	20003	343	1.3472803	343	0	37.0	mappable	NA	NA	NA	NA	inf	0.1080782795	0.1399783	inf	929977	930013	949916	950078	NA	missing	248350.3	NA	0.885	NA	NA	NA	NA	NA	NA	NA	NA	NA	NA	4188800
5	949997	46399990	NA	45450002	677685	2.01206169	675061	31725	55648.0	mappable	0.08215	6.0	NA	0.002255264704	2.911378e-05	0.00020221717	0.07862322	0.07865234	949916	950078	46399990	46399990	0.15848481	1	326536.8	17.07487	0.9937914	NA	NA	0.0	1.0060308	1.0060308	1	1	1:1	2	neutral	4188800
5	49470005	49519960	NA	49956	2153	2.15042109	2150	2	175.0	mappable	0.08970588	3.0	NA	0.1102475357572	0.2	0.0211217205	0.12813638	0.32813638	49470005	49470005	49519921	49519960	NA	missing	546802.3	31.61934	1.0164339	NA	NA	NA	NA	NA	NA	NA	NA	NA	NA	4188800
5	49519961	49535006	NA	15046	491	2.8193253	491	0	47.0	mappable	NA	NA	NA	NA	inf	0.1328217205	0.14412241	inf	49519961	49520000	49529984	49535006	NA	missing	387594.0	NA	1.1259	NA	NA	NA	NA	NA	NA	NA	NA	NA	NA	4188800
5	49535007	68829703	NA	19294698	253877	2.01206169	252999	11461	20269.0	mappable	0.078725	6.0	NA	0.0053161295004	8.104384e-05	0.00236767779	0.08263882	0.08271986	49535007	49540029	68829703	68829703	0.1472672	1	326536.8	17.07487	0.9937914	NA	NA	0.0	1.0060308	1.0060308	1	1	1:1	2	neutral	4188800
5	70750153	101499985	NA	30749835	404582	2.01206169	403111	18703	32216.0	mappable	0.085575	6.0	NA	5.43706797e-05	4.956875e-05	0.0016911225	0.080405	0.08045457	70750153	70750153	101499953	101499985	0.16130723	1	326536.8	17.07487	0.9937914	NA	NA	0.0	1.0060308	1.0060308	1	1	1:1	2	neutral	4188800
5	101499986	101510020	NA	10035	166	2.79977136	166	0	21.0	mappable	NA	NA	NA	NA	inf	0.1296217205	0.15045792	inf	101499986	101500018	101509949	101510091	NA	missing	360540.0	NA	1.1227	NA	NA	NA	NA	NA	NA	NA	NA	NA	NA	4188800
5	101510020	152336707	NA	50826692	731621	2.01206169	729276	29720	58935.0	mappable	0.08215	6.0	NA	0.0001230040868	3.118665e-05	0.00051624321	0.0781278	0.07815899	101509949	101510091	152336633	152336707	0.14857935	1	326536.8	17.07487	0.9937914	NA	NA	0.0	1.0060308	1.0060308	1	1	1:1	2	neutral	4188800
5	152336708	180689979	CTX	28353273	393430	2.01206169	391941	16211	33272.0	mappable	0.085575	6.0	edge	0.0008525052098	5.650037e-05	0.00464823604	0.08078519	0.08084169	152336708	152336739	180689979	180689979	0.16705321	1	326536.8	17.07487	0.9937914	NA	NA	0.0	1.0060308	1.0060308	1	1	1:1	2	neutral	4188800
6	201976	4749985	NA	4548012	73460	2.01206169	72924	3538	6504.0	mappable	0.08215	6.0	edge	0.0026992288575	0.00024545901	0.00197871784	0.09042898	0.09067444	201976	201976	4749962	4750008	0.18731102	1	326536.8	17.07487	0.9937914	NA	NA	0.0	1.0060308	1.0060308	1	1	1:1	2	neutral	4188800
6	4749985	4779991	NA	30007	429	2.54312591	429	0	34.0	mappable	NA	NA	NA	NA	inf	0.0876217205	0.13447176	inf	4749962	4750008	4779980	4779991	NA	missing	328100.8	NA	1.0807	NA	NA	NA	NA	NA	NA	NA	NA	NA	NA	4188800
6	4779992	31309972	NA	26529994	391538	2.01206169	388786	19754	33824.0	mappable	0.085575	6.0	NA	0.0008682335702	4.44326e-05	0.00115136666	0.08109931	0.08114375	4779992	4780003	31309924	31309972	0.1985181	1	326536.8	17.07487	0.9937914	NA	NA	0.0	1.0060308	1.0060308	1	1	1:1	2	neutral	4188800
6	31309973	33050004	NA	1740032	38135	1.26097105	35615	3737	3453.0	mappable	0.11221316	2.0	identical	0.0242187542446	0.000159821	0.1235782795	0.09647536	0.09663518	31309973	31310021	33049984	33050024	0.55325444	2	272073.9	15.67039	0.8708755	15.4929	0.8205713	0.6411426	0.2262544	1.0347167	1	0	1:0	1	LOH	4188800
6	33050004	58019982	NA	24969983	356291	2.01206169	353446	14526	30282.0	mappable	0.08251389	6.0	self	0.0014373625407	5.756721e-05	0.00208040164	0.08138785	0.08144542	33049984	33050024	58019982	58019982	0.16833711	1	326536.8	17.07487	0.9937914	NA	NA	0.0	1.0060308	1.0060308	1	1	1:1	2	neutral	4188800
6	58610011	58769997	NA	159987	572	2.01206169	571	38	35.0	mappable	0.076	6.0	self	0.0093312457554	0.02564102564	0.0398217205	0.11568989	0.14133092	58610011	58610011	58769997	58769997	NA	missing	326536.8	17.07487	0.9937914	NA	NA	NA	NA	NA	NA	NA	NA	NA	NA	4188800
6	61890002	170899935	NA	109009957	1538076	2.01206169	1531941	68520	125717.0	mappable	0.085575	6.0	edge	0.0010311349739	1.339567e-05	0.00285176511	0.07490669	0.07492009	61890002	61890002	170899935	170899935	0.15066429	1	326536.8	17.07487	0.9937914	NA	NA	0.0	1.0060308	1.0060308	1	1	1:1	2	neutral	4188800
7	40386	4509976	NA	4469592	84167	2.77910285	83568	4244	7429.0	mappable	0.089	4.0	edge	0.0048968687054	0.00020648358	0.1290952707	0.09053169	0.09073817	40386	40386	4509940	4509976	0.43182618	2	369086.1	20.49324	1.1193176	16.3522	0.6359591	0.2719182	1.0117071	1.7673958	2	1	2:1	3	gain	4188800
7	4509977	4535006	NA	25030	545	2.62825337	535	23	59.0	mappable	0.05333056	1.0	NA	0.0255800552792	0.0303030303	0.0424217205	0.1368797	0.16718273	4509977	4510013	4529983	4540029	NA	missing	350648.2	19.24154	1.0946311	NA	NA	NA	NA	NA	NA	NA	NA	NA	NA	4188800
7	4535006	38294918	NA	33759917	507952	2.77910285	506093	25270	41397.0	mappable	0.09585	4.0	NA	0.0090559555504	3.686228e-05	0.13297215893	0.07997182	0.08000869	4529983	4540029	38279836	38310000	0.44084284	2	369086.1	20.49324	1.1193176	16.3522	0.6359591	0.2719182	1.0117071	1.7673958	2	1	2:1	3	gain	4188800
7	38294918	38389913	NA	94996	1143	1.26097105	1130	77	73.0	mappable	0.07064605	2.0	NA	0.0173207194396	0.01111111111	0.1102782795	0.12095131	0.13206242	38279836	38310000	38369783	38389913	NA	missing	272073.9	15.67039	0.8708755	NA	NA	NA	NA	NA	NA	NA	NA	NA	NA	4188800
7	38389914	45050043	NA	6660133	88321	2.77910285	88052	3563	7514.0	mappable	0.09146983	4.0	NA	0.0070888403574	0.00026096033	0.12476920184	0.08823353	0.08849449	38389914	38410044	45049999	45050087	0.44168502	2	369086.1	20.49324	1.1193176	16.3522	0.6359591	0.2719182	1.0117071	1.7673958	2	1	2:1	3	gain	4188800
7	45050043	45069899	NA	19857	313	3.25134515	313	0	30.0	mappable	NA	NA	NA	NA	inf	0.2035217205	0.14008192	inf	45049999	45050087	45069717	45070081	NA	missing	351842.7	NA	1.1966	NA	NA	NA	NA	NA	NA	NA	NA	NA	NA	4188800
7	45069899	57999988	NA	12930090	172121	2.77910285	171586	8865	14279.0	mappable	0.092425	4.0	NA	0.0070937542446	0.00010638298	0.1273217205	0.08465885	0.08476523	45069717	45070081	57999988	57999988	0.43658471	2	369086.1	20.49324	1.1193176	16.3522	0.6359591	0.2719182	1.0117071	1.7673958	2	1	2:1	3	gain	4188800
7	61749999	61789997	NA	39999	2318	2.77910285	2312	0	166.0	mappable	NA	4.0	NA	0.0403954025963	0.16666666667	0.1277217205	0.13082433	0.297491	61749999	61750000	61789990	61789997	NA	missing	369086.1	NA	1.1193176	NA	NA	NA	NA	NA	NA	NA	NA	NA	NA	4188800
7	61977755	61983221	ITX	5467	416	2.77910285	411	0	41.0	mappable	NA	4.0	NA	0.0198315704307	0.2	0.1361217205	0.16107555	0.36107555	61977755	61980008	61983183	61983221	NA	missing	369086.1	NA	1.1193176	NA	NA	NA	NA	NA	NA	NA	NA	NA	NA	4188800
7	61983222	67619977	ITX	5636756	42729	2.77910285	42357	2136	3626.0	mappable	0.09585	4.0	NA	0.0105187542446	0.00039872408	0.1346217205	0.08918047	0.0895792	61983222	61983231	67619952	67619977	0.42186093	2	369086.1	20.49324	1.1193176	16.3522	0.6359591	0.2719182	1.0117071	1.7673958	2	1	2:1	3	gain	4188800
7	67619978	69640007	NA	2020031	28495	2.62825337	28368	1650	2445.0	mappable	0.09617237	1.0	NA	0.0070937542446	0.0005627462	0.1035217205	0.09548387	0.09604662	67619978	67620003	69639978	69640007	0.43081648	2	350648.2	19.24154	1.0946311	15.88567	0.6240472	0.2480943	0.9880993	1.6401541	sub	1	sub:1	sub	sub	4188800
7	69640008	69690163	NA	50156	424	3.06313848	424	0	47.0	mappable	NA	NA	NA	NA	inf	0.1727217205	0.12808907	inf	69640008	69640037	69689919	69690163	NA	missing	385030.9	NA	1.1658	NA	NA	NA	NA	NA	NA	NA	NA	NA	NA	4188800
7	69690164	72229988	NA	2539825	35436	2.77910285	35267	1190	3091.0	mappable	0.0914787	4.0	NA	0.0036687542446	0.00073583517	0.1231217205	0.09400132	0.09473715	69690164	69690408	72229988	72229988	0.4263307	2	369086.1	20.49324	1.1193176	16.3522	0.6359591	0.2719182	1.0117071	1.7673958	2	1	2:1	3	gain	4188800
7	72750118	74139961	NA	1389844	10257	2.77910285	10180	471	971.0	mappable	0.10031071	4.0	NA	0.0173687542446	0.00182481752	0.1290217205	0.09800803	0.09983285	72750118	72750118	74139961	74139961	0.45560674	2	369086.1	20.49324	1.1193176	16.3522	0.6359591	0.2719182	1.0117071	1.7673958	2	1	2:1	3	gain	4188800
7	75160045	76059952	NA	899908	8418	2.77910285	8370	449	745.0	mappable	0.099275	4.0	NA	0.0139437542446	0.00201207243	0.1307217205	0.10111521	0.10312728	75160045	75160045	76059952	76059952	0.48299882	2	369086.1	20.49324	1.1193176	16.3522	0.6359591	0.2719182	1.0117071	1.7673958	2	1	2:1	3	gain	4188800
7	76810004	114729993	NA	37919993	490290	2.77910285	488308	21398	40032.0	mappable	0.092425	4.0	NA	0.0059755450902	4.27716e-05	0.13189835616	0.0794393	0.07948207	76810004	76810004	114729986	114730000	0.43752578	2	369086.1	20.49324	1.1193176	16.3522	0.6359591	0.2719182	1.0117071	1.7673958	2	1	2:1	3	gain	4188800
7	114729993	114749980	NA	19988	327	2.62825337	326	16	28.0	mappable	0.11232979	1.0	NA	0.0329139670106	0.05882352941	0.0425217205	0.13998891	0.19881243	114729986	114730000	114749941	114749980	NA	missing	350648.2	19.24154	1.0946311	NA	NA	NA	NA	NA	NA	NA	NA	NA	NA	4188800
7	114749981	125211619	NA	10461640	137931	2.77910285	137452	5570	10903.0	mappable	0.09176667	4.0	NA	0.0071781815275	0.00016531658	0.13203514678	0.08576842	0.08593374	114749981	114750020	125211612	125211619	0.45905521	2	369086.1	20.49324	1.1193176	16.3522	0.6359591	0.2719182	1.0117071	1.7673958	2	1	2:1	3	gain	4188800
7	125211620	125215361	DEL	3742	63	2.89570788	63	0	3.0	mappable	NA	NA	NA	NA	inf	0.1453217205	0.16849776	inf	125211620	125211627	125215354	125215361	NA	missing	343614.0	NA	1.1384	NA	NA	NA	NA	NA	NA	NA	NA	NA	NA	4188800
7	125215362	129225133	DEL	4009772	52821	2.77910285	52592	2709	4382.0	mappable	0.099275	4.0	NA	0.0139437542446	0.0003403676	0.1321217205	0.09117811	0.09151848	125215362	125215387	129219995	129230271	0.45666815	2	369086.1	20.49324	1.1193176	16.3522	0.6359591	0.2719182	1.0117071	1.7673958	2	1	2:1	3	gain	4188800
7	129225133	129260019	NA	34887	411	3.42060894	411	0	35.0	mappable	NA	NA	NA	NA	inf	0.2312217205	0.13253457	inf	129219995	129230271	129259967	129260019	NA	missing	353487.9	NA	1.2243	NA	NA	NA	NA	NA	NA	NA	NA	NA	NA	4188800
7	129260020	151649995	NA	22389978	292748	2.77910285	291484	13462	24936.0	mappable	0.089	4.0	NA	0.0054676247742	6.791171e-05	0.1276192221	0.08191233	0.08198024	129260020	129260072	151649907	151650083	0.43436319	2	369086.1	20.49324	1.1193176	16.3522	0.6359591	0.2719182	1.0117071	1.7673958	2	1	2:1	3	gain	4188800
7	151649995	151659958	NA	9964	213	2.01206169	211	30	20.0	mappable	0.134725	6.0	self	0.0494667272176	0.03125	0.0127217205	0.15057396	0.18182396	151649907	151650083	151659907	151659958	NA	missing	326536.8	17.07487	0.9937914	NA	NA	NA	NA	NA	NA	NA	NA	NA	NA	4188800
7	151659959	158750031	NA	7090074	107773	2.77910285	106894	5683	10053.0	mappable	0.09585	4.0	NA	0.0097884425543	0.00015241579	0.12747071514	0.08788362	0.08803604	151659959	151660010	158749820	158750031	0.42862061	2	369086.1	20.49324	1.1193176	16.3522	0.6359591	0.2719182	1.0117071	1.7673958	2	1	2:1	3	gain	4188800
7	158750032	158760128	NA	10097	212	3.55076485	208	10	23.0	mappable	0.08070338	NA	NA	0.4324984839744	0.07142857143	0.2525217205	0.15035741	0.22178598	158750032	158750243	158759989	158760267	NA	missing	344450.0	18.72295	1.2456	NA	NA	NA	NA	NA	NA	NA	NA	NA	NA	4188800
7	158760128	159119808	NA	359681	6048	2.77910285	5945	427	572.0	mappable	0.09897778	4.0	edge	0.0163187542446	0.00188679245	0.1351217205	0.10836374	0.11025053	158759989	158760267	159119808	159119808	0.4056695	2	369086.1	20.49324	1.1193176	16.3522	0.6359591	0.2719182	1.0117071	1.7673958	2	1	2:1	3	gain	4188800
8	170012	3509999	NA	3339993	82786	2.01206169	82026	4148	7465.0	mappable	0.085575	6.0	edge	0.0003586772105	0.00020374898	0.00342869873	0.09228747	0.09249122	170012	170012	3509999	3509999	0.17112732	1	326536.8	17.07487	0.9937914	NA	NA	0.0	1.0060308	1.0060308	1	1	1:1	2	neutral	4188800
8	3510000	3519993	NA	9994	402	1.26097105	398	34	30.0	mappable	0.09043462	2.0	NA	0.0070937542446	0.02631578947	0.1354782795	0.15052481	0.1768406	3510000	3510000	3519975	3520011	NA	missing	272073.9	15.67039	0.8708755	NA	NA	NA	NA	NA	NA	NA	NA	NA	NA	4188800
8	3519993	3534994	NA	15002	420	2.62825337	413	53	31.0	mappable	0.073475	1.0	NA	0.0205043226784	0.01666666667	0.0663217205	0.1441663	0.16083297	3519975	3520011	3529987	3540001	0.17408671	1	350648.2	19.24154	1.0946311	NA	NA	0.0	1.3141267	1.3141267	sub	sub	sub:sub	sub	sub	4188800
8	3534994	4440024	NA	905032	37156	2.01206169	37060	1699	3043.0	mappable	0.08909474	6.0	self	0.0037300495093	0.00055710306	0.01220245326	0.10107335	0.10163046	3529987	3540001	4439953	4440024	0.16072553	1	326536.8	17.07487	0.9937914	NA	NA	0.0	1.0060308	1.0060308	1	1	1:1	2	neutral	4188800
8	4440025	4449985	NA	9961	349	2.77910285	349	2	30.0	mappable	0.12139615	4.0	identical	0.0360649080908	0.5	0.1799217205	0.15057888	0.65057888	4440025	4440096	4449960	4449985	NA	missing	369086.1	20.49324	1.1193176	NA	NA	NA	NA	NA	NA	NA	NA	NA	NA	4188800
8	4449986	6819953	NA	2369969	70728	2.01206169	70508	3895	5701.0	mappable	0.08531136	6.0	self	0.0002952734617	0.00024301337	0.00208688713	0.0944446	0.09468761	4449986	4450011	6819906	6819953	0.19140772	1	326536.8	17.07487	0.9937914	NA	NA	0.0	1.0060308	1.0060308	1	1	1:1	2	neutral	4188800
8	6890013	6919904	NA	29892	877	1.68275258	863	89	55.0	mappable	0.13452045	NA	NA	0.043727087578	0.00970873786	0.0531782795	0.13452186	0.1442306	6890013	6890077	6919904	6919904	0.40055035	2	300143.3	16.67463	0.9399	15.83612	0.6896152	0.3792304	0.5223008	1.1604518	1	sub	1:sub	sub	sub	4188800
8	8100000	11859985	NA	3759987	79286	2.01206169	79034	2669	6935.0	mappable	0.094175	6.0	self	0.0089713560933	0.00034234851	0.00424940681	0.09156546	0.09190781	8100000	8100000	11859985	11859985	0.16461948	1	326536.8	17.07487	0.9937914	NA	NA	0.0	1.0060308	1.0060308	1	1	1:1	2	neutral	4188800
8	12580042	26454981	NA	13874947	272938	2.01206169	271791	13571	22303.0	mappable	0.085575	6.0	NA	0.0004222394376	6.794401e-05	0.00338106988	0.08429578	0.08436373	12580042	12580042	26454911	26454981	0.17296826	1	326536.8	17.07487	0.9937914	NA	NA	0.0	1.0060308	1.0060308	1	1	1:1	2	neutral	4188800
8	26454982	26457622	DEL	2641	50	1.85934909	50	0	3.0	mappable	NA	NA	NA	NA	inf	0.0242782795	0.17594995	inf	26454982	26454992	26457615	26457622	NA	missing	267143.3	NA	0.9688	NA	NA	NA	NA	NA	NA	NA	NA	NA	NA	4188800
8	26457623	43789991	DEL	17332369	245307	2.01206169	244169	9911	20747.0	mappable	0.08215	6.0	NA	0.0002046401684	9.050593e-05	0.00358567024	0.08317058	0.08326108	26457623	26457628	43789991	43789991	0.17303687	1	326536.8	17.07487	0.9937914	NA	NA	0.0	1.0060308	1.0060308	1	1	1:1	2	neutral	4188800
8	46880007	67604992	NA	20724988	286399	2.01206169	285458	12440	22849.0	mappable	0.08215	6.0	self	0.0025479333997	7.473283e-05	0.00143864898	0.08228804	0.08236278	46880007	46880007	67589975	67604992	0.14282361	1	326536.8	17.07487	0.9937914	NA	NA	0.0	1.0060308	1.0060308	1	1	1:1	2	neutral	4188800
8	67604993	67644985	NA	39993	225	2.87920924	224	0	33.0	mappable	NA	NA	identical	0.0813354209113	1.0	0.1426217205	0.13082618	1.13082618	67604993	67620010	67639959	67650011	NA	missing	346655.6	NA	1.1357	NA	NA	NA	NA	NA	NA	NA	NA	NA	NA	4188800
8	67644985	95809923	NA	28164939	376045	2.01206169	374779	13315	30438.0	mappable	0.083975	6.0	self	0.0023714962109	6.85824e-05	0.00365393499	0.08081658	0.08088516	67639959	67650011	95809832	95810014	0.15643201	1	326536.8	17.07487	0.9937914	NA	NA	0.0	1.0060308	1.0060308	1	1	1:1	2	neutral	4188800
8	95809923	95824999	NA	15077	161	3.03441864	160	0	17.0	mappable	NA	NA	identical	0.9146687542446	1.0	0.1680217205	0.14409158	1.14409158	95809832	95810014	95819981	95824999	NA	missing	340370.0	NA	1.1611	NA	NA	NA	NA	NA	NA	NA	NA	NA	NA	4188800
8	95825000	119880051	NA	24055054	323367	2.01206169	322100	14407	25819.0	mappable	0.08215	6.0	NA	0.0032814626751	6.379992e-05	0.00106123164	0.08156661	0.08163041	95825000	95830018	119879981	119880051	0.15926854	1	326536.8	17.07487	0.9937914	NA	NA	0.0	1.0060308	1.0060308	1	1	1:1	2	neutral	4188800
8	119880052	119900008	NA	19957	274	2.37202894	274	0	23.0	mappable	NA	NA	NA	NA	inf	0.0596217205	0.14001085	inf	119880052	119880122	119899935	119900008	NA	missing	355977.1	NA	1.0527	NA	NA	NA	NA	NA	NA	NA	NA	NA	NA	4188800
8	119900009	146289988	NA	26389985	401740	2.01206169	399811	19113	33349.0	mappable	0.085575	6.0	edge	0.0006296572135	4.7524e-05	0.00581776424	0.08112443	0.08117195	119900009	119900082	146289988	146289988	0.16209104	1	326536.8	17.07487	0.9937914	NA	NA	0.0	1.0060308	1.0060308	1	1	1:1	2	neutral	4188800
9	200101	7350039	NA	7149939	136428	2.01206169	136019	6090	11349.0	mappable	0.08215	6.0	edge	0.0002615659087	0.00015386983	0.00334524206	0.0878368	0.08799067	200101	200101	7349917	7350039	0.15890227	1	326536.8	17.07487	0.9937914	NA	NA	0.0	1.0060308	1.0060308	1	1	1:1	2	neutral	4188800
9	7350040	7359971	NA	9932	196	1.33017061	196	0	25.0	mappable	NA	NA	NA	NA	inf	0.1108782795	0.15062659	inf	7350040	7350162	7359883	7359971	NA	missing	306278.0	NA	0.8822	NA	NA	NA	NA	NA	NA	NA	NA	NA	NA	4188800
9	7359972	36909961	NA	29549993	484443	2.01206169	483043	19625	39591.0	mappable	0.08215	6.0	NA	0.0039743417207	4.756243e-05	0.00105582709	0.08059104	0.0806386	7359972	7360060	36909913	36910009	0.16200476	1	326536.8	17.07487	0.9937914	NA	NA	0.0	1.0060308	1.0060308	1	1	1:1	2	neutral	4188800
9	36909961	36920172	NA	10212	148	2.54190379	148	0	15.0	mappable	NA	NA	NA	NA	inf	0.0874217205	0.15017295	inf	36909913	36910009	36919993	36920172	NA	missing	316435.0	NA	1.0805	NA	NA	NA	NA	NA	NA	NA	NA	NA	NA	4188800
9	36920173	38769828	NA	1849656	24062	2.01206169	23983	1115	2049.0	mappable	0.08875833	6.0	NA	0.0063437542446	0.00083752094	0.0018782795	0.0960669	0.09690442	36920173	36920352	38769828	38769828	0.18679323	1	326536.8	17.07487	0.9937914	NA	NA	0.0	1.0060308	1.0060308	1	1	1:1	2	neutral	4188800
9	66840048	66849972	NA	9925	540	2.62825337	505	0	61.0	mappable	NA	1.0	NA	0.0132812457554	0.02857142857	0.0441217205	0.15063813	0.17920955	66840048	66840048	66849972	66849972	NA	missing	350648.2	NA	1.0946311	NA	NA	NA	NA	NA	NA	NA	NA	NA	NA	4188800
9	68410004	68419976	NA	9973	1130	2.15042109	1039	0	236.0	mappable	NA	3.0	NA	0.1615921584999	0.01098901099	0.0231217205	0.15055919	0.1615482	68410004	68410004	68419976	68419976	NA	missing	546802.3	NA	1.0164339	NA	NA	NA	NA	NA	NA	NA	NA	NA	NA	4188800
9	71030093	141019791	NA	69989707	961005	2.01206169	956850	38095	82429.0	mappable	0.08215	6.0	edge	0.0009282903756	2.366864e-05	0.00518003319	0.07674409	0.07676776	71030093	71030093	141019791	141019791	0.16452516	1	326536.8	17.07487	0.9937914	NA	NA	0.0	1.0060308	1.0060308	1	1	1:1	2	neutral	4188800
10	130013	39149984	NA	39019975	585580	2.01206169	582611	26469	52032.0	mappable	0.085575	6.0	edge	0.0009718950115	3.397085e-05	0.00204696986	0.07930934	0.07934331	130013	130013	39149984	39149984	0.16464623	1	326536.8	17.07487	0.9937914	NA	NA	0.0	1.0060308	1.0060308	1	1	1:1	2	neutral	4188800
10	42410000	46159967	NA	3749968	43633	2.01206169	43471	1977	3562.0	mappable	0.0841	6.0	self	0.0012312457554	0.00046750818	0.0012782795	0.0915816	0.09204911	42410000	42410000	46159967	46159967	0.19742691	1	326536.8	17.07487	0.9937914	NA	NA	0.0	1.0060308	1.0060308	1	1	1:1	2	neutral	4188800
10	48310177	48659961	NA	349785	5559	2.01206169	5550	112	450.0	mappable	0.08215	6.0	self	0.0002437542446	0.00826446281	0.0190782795	0.10860057	0.11686504	48310177	48310177	48659961	48659961	0.15013005	1	326536.8	17.07487	0.9937914	NA	NA	0.0	1.0060308	1.0060308	1	1	1:1	2	neutral	4188800
10	49390096	57459958	NA	8069863	107916	2.01206169	107499	5856	8706.0	mappable	0.08215	6.0	NA	0.0031812457554	0.00015941336	0.0011782795	0.08716833	0.08732774	49390096	49390096	57459917	57459958	0.16825821	1	326536.8	17.07487	0.9937914	NA	NA	0.0	1.0060308	1.0060308	1	1	1:1	2	neutral	4188800
10	57459959	57469931	NA	9973	215	2.56695727	215	0	22.0	mappable	NA	NA	NA	NA	inf	0.0915217205	0.15055919	inf	57459959	57460000	57469858	57470004	NA	missing	376905.6	NA	1.0846	NA	NA	NA	NA	NA	NA	NA	NA	NA	NA	4188800
10	57469931	121038535	NA	63568611	871822	2.01206169	868446	37543	72647.0	mappable	0.08215	6.0	NA	0.0011214900992	2.443972e-05	0.0034662665	0.0771551	0.07717954	57469858	57470004	121038535	121038535	0.15909546	1	326536.8	17.07487	0.9937914	NA	NA	0.0	1.0060308	1.0060308	1	1	1:1	2	neutral	4188800
10	121038536	121040552	DEL	2017	28	2.17587848	28	0	4.0	mappable	NA	NA	NA	NA	inf	0.0275217205	0.18218262	inf	121038536	121038616	121040456	121040552	NA	missing	255212.2	NA	1.0206	NA	NA	NA	NA	NA	NA	NA	NA	NA	NA	4188800
10	121040553	134150024	DEL	13109474	208614	2.01206169	207584	10457	17948.0	mappable	0.085575	6.0	NA	0.0006312869892	8.705493e-05	0.01176108698	0.08458768	0.08467473	121040553	121040571	134149993	134150055	0.17340275	1	326536.8	17.07487	0.9937914	NA	NA	0.0	1.0060308	1.0060308	1	1	1:1	2	neutral	4188800
10	134150024	134180008	NA	29985	592	1.43527303	577	0	70.0	mappable	NA	NA	identical	0.3688937542446	0.06666666667	0.0936782795	0.13448133	0.20114799	134149993	134150055	134179994	134180008	NA	missing	302255.3	NA	0.8994	NA	NA	NA	NA	NA	NA	NA	NA	NA	NA	4188800
10	134180009	135439925	NA	1259917	21575	2.01206169	21323	862	2072.0	mappable	0.09585	6.0	edge	0.0105187542446	0.00089766607	0.0082782795	0.09869283	0.09959049	134180009	134180023	135439925	135439925	0.18541098	1	326536.8	17.07487	0.9937914	NA	NA	0.0	1.0060308	1.0060308	1	1	1:1	2	neutral	4188800
11	190010	200002	NA	9993	234	1.26097105	184	2	36.0	mappable	0.12159329	2.0	edge	0.0408562457554	0.01923076923	0.0535782795	0.15052644	0.16975721	190010	190010	199991	200013	NA	missing	272073.9	15.67039	0.8708755	NA	NA	NA	NA	NA	NA	NA	NA	NA	NA	4188800
11	200002	1359968	NA	1159967	15917	2.77910285	15770	753	1561.0	mappable	0.08274167	4.0	NA	0.0031812457554	0.00111111111	0.1154217205	0.099277	0.10038811	199991	200013	1359910	1359968	0.36373358	2	369086.1	20.49324	1.1193176	16.3522	0.6359591	0.2719182	1.0117071	1.7673958	2	1	2:1	3	gain	4188800
11	1359969	1389985	NA	30017	614	2.01206169	609	15	66.0	mappable	0.07453571	6.0	self	0.0068026743268	0.05	0.0056217205	0.13446741	0.18446741	1359969	1360027	1389916	1390054	NA	missing	326536.8	17.07487	0.9937914	NA	NA	NA	NA	NA	NA	NA	NA	NA	NA	4188800
11	1389985	6830015	NA	5440031	82531	2.62825337	82079	5094	6783.0	mappable	0.092425	1.0	NA	0.0070937542446	0.00018031013	0.1018217205	0.08938474	0.08956505	1389916	1390054	6829979	6830051	0.39936139	2	350648.2	19.24154	1.0946311	15.88567	0.6240472	0.2480943	0.9880993	1.6401541	sub	1	sub:1	sub	sub	4188800
11	6830015	11020032	NA	4190018	59866	2.77910285	59618	2738	4982.0	mappable	0.092425	4.0	NA	0.0068191477476	0.00033489618	0.11119532989	0.09091519	0.09125008	6829979	6830051	11019981	11020083	0.36450632	2	369086.1	20.49324	1.1193176	16.3522	0.6359591	0.2719182	1.0117071	1.7673958	2	1	2:1	3	gain	4188800
11	11020032	11059948	NA	39917	682	2.18504439	680	1	77.0	mappable	0.36363636	NA	NA	0.3106294685303	0.33333333333	0.0290217205	0.13084967	0.464183	11019981	11020083	11059716	11060180	NA	missing	336218.6	22.92399	1.0221	NA	NA	NA	NA	NA	NA	NA	NA	NA	NA	4188800
11	11059948	22679955	NA	11620008	163678	2.62825337	162881	8380	13348.0	mappable	0.089	1.0	NA	0.0070937542446	0.00010897995	0.1016217205	0.08521478	0.08532376	11059716	11060180	22679862	22679955	0.36961485	2	350648.2	19.24154	1.0946311	15.88567	0.6240472	0.2480943	0.9880993	1.6401541	sub	1	sub:1	sub	sub	4188800
11	22679956	22690014	NA	10059	129	3.38638955	129	0	16.0	mappable	NA	NA	NA	NA	inf	0.2256217205	0.15041892	inf	22679956	22680049	22689965	22690014	NA	missing	404925.6	NA	1.2187	NA	NA	NA	NA	NA	NA	NA	NA	NA	NA	4188800
11	22690015	26219911	NA	3529897	59343	2.77910285	59071	2434	5143.0	mappable	0.085575	4.0	NA	0.0002437542446	0.00036954915	0.1076217205	0.09194897	0.09231852	22690015	22690064	26219762	26219911	0.38434345	2	369086.1	20.49324	1.1193176	16.3522	0.6359591	0.2719182	1.0117071	1.7673958	2	1	2:1	3	gain	4188800
11	26219912	48899996	NA	22680086	311765	2.62825337	310384	12308	26028.0	mappable	0.089	1.0	NA	0.0036687542446	7.305669e-05	0.1051217205	0.08185006	0.08192312	26219912	26220061	48899996	48899996	0.38942102	2	350648.2	19.24154	1.0946311	15.88567	0.6240472	0.2480943	0.9880993	1.6401541	sub	1	sub:1	sub	sub	4188800
11	48899997	50170092	NA	1270096	0	0.0	0	0	NA	mappable	NA	NA	NA	NA	inf	0.9930782795	0.09863632	inf	48899997	48899997	50170092	50170092	NA	missing	NA	NA	0.0	NA	NA	0.0	0.0	0.0	0	0	NA	0	homozygousDel	4188800
11	50170093	50419987	NA	249895	2880	2.62825337	2875	82	247.0	mappable	0.080525	1.0	NA	0.0008133886125	0.01149425287	0.0835217205	0.11153891	0.12303316	50170093	50170093	50419909	50420065	0.49605133	2	350648.2	19.24154	1.0946311	15.88567	0.6240472	0.2480943	0.9880993	1.6401541	sub	1	sub:1	sub	sub	4188800
11	50419987	50459997	NA	40011	1245	2.77910285	1241	22	111.0	mappable	0.063325	4.0	NA	0.0181562457554	0.03846153846	0.1351217205	0.13082063	0.16928216	50419909	50420065	50459969	50460025	NA	missing	369086.1	20.49324	1.1193176	NA	NA	NA	NA	NA	NA	NA	NA	NA	NA	4188800
11	50459997	50470025	NA	10029	285	2.01206169	285	8	19.0	mappable	0.03275	6.0	self	0.0525812457554	0.125	0.0103217205	0.15046769	0.27546769	50459969	50460025	50469988	50470025	NA	missing	326536.8	17.07487	0.9937914	NA	NA	NA	NA	NA	NA	NA	NA	NA	NA	4188800
11	50470026	51579984	NA	1109959	14379	2.77910285	14294	215	1208.0	mappable	0.0698	4.0	NA	0.0075420687367	0.00333333333	0.14171274213	0.0995913	0.10292464	50470026	50470063	51579984	51579984	0.35921018	2	369086.1	20.49324	1.1193176	16.3522	0.6359591	0.2719182	1.0117071	1.7673958	2	1	2:1	3	gain	4188800
11	54792817	66550211	NA	11757398	148665	2.77910285	147890	4857	12843.0	mappable	0.089	4.0	NA	0.0053505647066	0.00017755682	0.10952034223	0.08515325	0.08533081	54792817	54792817	66549971	66550451	0.40368715	2	369086.1	20.49324	1.1193176	16.3522	0.6359591	0.2719182	1.0117071	1.7673958	2	1	2:1	3	gain	4188800
11	66550211	72200070	NA	5649860	67871	2.62825337	67476	2230	6083.0	mappable	0.0920125	1.0	NA	0.0036687542446	0.00038095238	0.0952217205	0.08916716	0.08954811	66549971	66550451	72199873	72200070	0.36179633	2	350648.2	19.24154	1.0946311	15.88567	0.6240472	0.2480943	0.9880993	1.6401541	sub	1	sub:1	sub	sub	4188800
11	72200071	72219989	NA	19919	369	3.14990909	367	4	24.0	mappable	0.04371493	NA	NA	0.0424850919092	0.16666666667	0.1869217205	0.14003781	0.30670447	72200071	72200268	72219976	72220002	NA	missing	377209.3	19.5986	1.18	NA	NA	NA	NA	NA	NA	NA	NA	NA	NA	4188800
11	72219989	72440026	NA	220038	3345	2.43130182	3332	102	302.0	mappable	0.14588611	NA	NA	0.055152087578	0.00869565217	0.0693217205	0.11269261	0.12138826	72219976	72220002	72439979	72440026	0.47069405	2	276942.7	15.75936	1.0624	12.92717	0.6843666	0.3687331	0.7674001	1.6639017	sub	1	sub:1	sub	sub	4188800
11	72440027	72460050	NA	20024	277	3.17435152	275	0	16.0	mappable	NA	NA	NA	0.2317194454889	0.5	0.1909217205	0.13996347	0.63996347	72440027	72440074	72459945	72460155	NA	missing	286126.7	NA	1.184	NA	NA	NA	NA	NA	NA	NA	NA	NA	NA	4188800
11	72460050	89349940	NA	16889891	234940	2.62825337	234049	10313	19117.0	mappable	0.089	1.0	NA	0.0036687542446	8.925384e-05	0.1048217205	0.08329982	0.08338907	72459945	72460155	89349940	89349940	0.36853298	2	350648.2	19.24154	1.0946311	15.88567	0.6240472	0.2480943	0.9880993	1.6401541	sub	1	sub:1	sub	sub	4188800
11	89850037	98214969	NA	8364934	120553	2.77910285	120083	6306	9455.0	mappable	0.0889	4.0	NA	0.0035721230865	0.00014757969	0.10739579082	0.08697194	0.08711952	89850037	89850037	98209920	98214969	0.37289703	2	369086.1	20.49324	1.1193176	16.3522	0.6359591	0.2719182	1.0117071	1.7673958	2	1	2:1	3	gain	4188800
11	98214970	101724991	NA	3510022	56423	2.62825337	56220	2689	4647.0	mappable	0.09422273	1.0	NA	0.0070937542446	0.00034578147	0.1049217205	0.09198342	0.0923292	98214970	98220019	101719933	101730049	0.42984094	2	350648.2	19.24154	1.0946311	15.88567	0.6240472	0.2480943	0.9880993	1.6401541	sub	1	sub:1	sub	sub	4188800
11	101724991	101750007	NA	25017	287	2.15042109	287	28	19.0	mappable	0.19204888	3.0	NA	0.1067176324498	0.03571428571	0.0359217205	0.13688672	0.17260101	101719933	101730049	101749957	101750007	NA	missing	546802.3	31.61934	1.0164339	NA	NA	NA	NA	NA	NA	NA	NA	NA	NA	4188800
11	101750008	111749960	NA	9999954	140461	2.77910285	139937	5518	11382.0	mappable	0.092425	4.0	NA	0.0070768103519	0.00016550811	0.11287971738	0.08600859	0.0861741	101750008	101750058	111749775	111750145	0.39614476	2	369086.1	20.49324	1.1193176	16.3522	0.6359591	0.2719182	1.0117071	1.7673958	2	1	2:1	3	gain	4188800
11	111749960	120730029	NA	8980070	131417	2.62825337	130711	5570	11248.0	mappable	0.09956579	1.0	NA	0.0139437542446	0.00015933716	0.0936217205	0.08658648	0.08674581	111749775	111750145	120729984	120730029	0.36768937	2	350648.2	19.24154	1.0946311	15.88567	0.6240472	0.2480943	0.9880993	1.6401541	sub	1	sub:1	sub	sub	4188800
11	120730030	120749977	NA	19948	354	1.9461197	350	2	38.0	mappable	0.30902778	NA	NA	0.1395486153557	0.16666666667	0.0100782795	0.14001723	0.3066839	120730030	120730075	120749953	120749977	NA	missing	275605.2	17.17748	0.983	NA	NA	NA	NA	NA	NA	NA	NA	NA	NA	4188800
11	120749978	134939862	NA	14189885	214456	2.62825337	213467	10739	17758.0	mappable	0.089	1.0	edge	0.0070937542446	8.526603e-05	0.1005217205	0.0841809	0.08426616	120749978	120750002	134939862	134939862	0.36497713	2	350648.2	19.24154	1.0946311	15.88567	0.6240472	0.2480943	0.9880993	1.6401541	sub	1	sub:1	sub	sub	4188800
12	160107	6819983	NA	6659877	100381	2.01206169	99748	4902	8884.0	mappable	0.08531136	6.0	edge	0.0002437542446	0.00018066847	0.0069782795	0.08823375	0.08841442	160107	160107	6809896	6819983	0.18154556	1	326536.8	17.07487	0.9937914	NA	NA	0.0	1.0060308	1.0060308	1	1	1:1	2	neutral	4188800
12	6819984	6845020	NA	25037	178	2.79732712	178	0	18.0	mappable	NA	NA	NA	NA	inf	0.1292217205	0.13687592	inf	6819984	6830071	6839996	6850044	NA	missing	303645.0	NA	1.1223	NA	NA	NA	NA	NA	NA	NA	NA	NA	NA	4188800
12	6845020	11264989	NA	4419973	48671	2.01206169	48474	1664	4398.0	mappable	0.083975	6.0	NA	0.0012274284401	0.00053734551	0.00921964123	0.09059774	0.09113508	6839996	6850044	11239971	11264989	0.17314485	1	326536.8	17.07487	0.9937914	NA	NA	0.0	1.0060308	1.0060308	1	1	1:1	2	neutral	4188800
12	11264990	11330005	NA	65016	488	2.46613227	488	0	50.0	mappable	NA	NA	NA	NA	inf	0.0750217205	0.12508985	inf	11264990	11290008	11329996	11330005	NA	missing	356229.4	NA	1.0681	NA	NA	NA	NA	NA	NA	NA	NA	NA	NA	4188800
12	11330006	34819969	NA	23489972	328514	2.01206169	327103	15741	27202.0	mappable	0.08215	6.0	NA	0.0030905154142	5.830224e-05	2.016775e-05	0.08168086	0.08173916	11330006	11330015	34819969	34819969	0.17273371	1	326536.8	17.07487	0.9937914	NA	NA	0.0	1.0060308	1.0060308	1	1	1:1	2	neutral	4188800
12	38000003	86499983	NA	48499984	646172	2.01206169	643553	25923	52683.0	mappable	0.085575	6.0	NA	0.0001976961257	3.503609e-05	0.00231322694	0.07833466	0.0783697	38000003	38000003	86499955	86499983	0.1681618	1	326536.8	17.07487	0.9937914	NA	NA	0.0	1.0060308	1.0060308	1	1	1:1	2	neutral	4188800
12	86499984	86529994	NA	30011	412	2.51012864	412	0	35.0	mappable	NA	NA	NA	NA	inf	0.0822217205	0.13447002	inf	86499984	86500012	86529970	86529994	NA	missing	380443.1	NA	1.0753	NA	NA	NA	NA	NA	NA	NA	NA	NA	NA	4188800
12	86529995	133819926	NA	47289933	656147	2.01206169	653608	19759	58853.0	mappable	0.089	6.0	edge	0.0032123436144	4.485311e-05	0.00256857619	0.07844666	0.07849152	86529995	86530019	133819926	133819926	0.18794523	1	326536.8	17.07487	0.9937914	NA	NA	0.0	1.0060308	1.0060308	1	1	1:1	2	neutral	4188800
13	19450038	98980085	NA	79530056	1113686	2.01206169	1109351	49215	91211.0	mappable	0.08215	6.0	edge	0.0029800713182	1.867414e-05	0.00179420134	0.076205	0.07622367	19450038	19450038	98979994	98980085	0.15823888	1	326536.8	17.07487	0.9937914	NA	NA	0.0	1.0060308	1.0060308	1	1	1:1	2	neutral	4188800
13	98980086	99000059	NA	19974	361	2.62825337	361	19	22.0	mappable	0.11677065	1.0	NA	0.0314394064185	0.05263157895	0.0504217205	0.13999881	0.19263039	98980086	98980177	98999998	99000059	NA	missing	350648.2	19.24154	1.0946311	NA	NA	NA	NA	NA	NA	NA	NA	NA	NA	4188800
13	99000060	99010054	NA	9995	183	1.26097105	183	8	16.0	mappable	0.08835	2.0	NA	0.0030187542446	0.125	0.0995782795	0.15052317	0.27552317	99000060	99000121	99009983	99010125	NA	missing	272073.9	15.67039	0.8708755	NA	NA	NA	NA	NA	NA	NA	NA	NA	NA	4188800
13	99010054	115099984	NA	16089932	252848	2.01206169	251501	12093	21829.0	mappable	0.085575	6.0	edge	0.00127834086	7.44103e-05	0.00130498001	0.08354339	0.0836178	99009983	99010125	115099984	115099984	0.16446777	1	326536.8	17.07487	0.9937914	NA	NA	0.0	1.0060308	1.0060308	1	1	1:1	2	neutral	4188800
14	20330060	22449991	NA	2119932	30553	2.01206169	30425	1389	2632.0	mappable	0.095125	6.0	edge	0.0097937542446	0.00065919578	0.0017782795	0.09516746	0.09582666	20330060	20330060	22449982	22449991	0.1881429	1	326536.8	17.07487	0.9937914	NA	NA	0.0	1.0060308	1.0060308	1	1	1:1	2	neutral	4188800
14	22449992	22980034	NA	530043	8960	0.35956866	8940	295	629.0	mappable	0.0718	NA	identical	0.0098287301229	0.00317460317	0.26971720807	0.10517597	0.10835058	22449992	22450001	22979980	22980088	0.16863744	1	205805.1	10.78026	0.7233611	NA	NA	0.0	0.1797843	0.1797843	0	0	0:0	0	LOH	4188800
14	22980034	106130012	NA	83149981	1167612	2.01206169	1162879	49822	96765.0	mappable	0.085575	6.0	self	2.15507055e-05	1.833013e-05	0.00108488392	0.076019	0.07603733	22979980	22980088	106009942	106250082	0.17269411	1	326536.8	17.07487	0.9937914	NA	NA	0.0	1.0060308	1.0060308	1	1	1:1	2	neutral	4188800
14	106130012	106804973	NA	674962	5388	0.66655879	5317	304	384.0	mappable	0.14472045	NA	identical	0.065330117881	0.00266666667	0.2194782795	0.10328206	0.10594873	106009942	106250082	106779888	106804973	0.57919266	2	218220.8	12.86569	0.7736	13.98883	1.1352366	1.0	0.0	0.6665588	sub	0	sub:0	sub	sub	4188800
14	106804974	107259908	NA	454935	7048	2.01206169	6742	373	590.0	mappable	0.11885714	6.0	edge	0.0276437542446	0.00147275405	0.0143217205	0.10640958	0.10788233	106804974	106830059	107259908	107259908	0.30074945	1	326536.8	17.07487	0.9937914	NA	NA	0.0	1.0060308	1.0060308	1	1	1:1	2	neutral	4188800
15	20850000	20859924	NA	9925	165	2.03594561	145	0	14.0	mappable	NA	NA	edge	0.152366127433	0.05	0.0046217205	0.15063813	0.20063813	20850000	20850000	20859924	20859924	NA	missing	887316.0	NA	0.9977	NA	NA	NA	NA	NA	NA	NA	NA	NA	NA	4188800
15	22820012	22850018	NA	30007	440	2.77910285	438	0	52.0	mappable	NA	4.0	NA	0.0211113312754	0.5	0.1793217205	0.13447176	0.63447176	22820012	22830043	22849970	22850066	NA	missing	369086.1	NA	1.1193176	NA	NA	NA	NA	NA	NA	NA	NA	NA	NA	4188800
15	22850018	23069956	NA	219939	3265	2.01206169	3255	171	306.0	mappable	0.09775	6.0	self	0.009702087578	0.00552486188	0.0302217205	0.11269673	0.11822159	22849970	22850066	23069956	23069956	0.26631872	1	326536.8	17.07487	0.9937914	NA	NA	0.0	1.0060308	1.0060308	1	1	1:1	2	neutral	4188800
15	23710146	24329926	NA	619781	10353	2.01206169	10307	510	928.0	mappable	0.08457763	6.0	NA	0.0002437542446	0.00179856115	0.0056782795	0.10394255	0.10574111	23710146	23710146	24329926	24329926	0.18272004	1	326536.8	17.07487	0.9937914	NA	NA	0.0	1.0060308	1.0060308	1	1	1:1	2	neutral	4188800
15	24329927	24830091	NA	500165	0	0.0	0	0	NA	mappable	NA	NA	NA	NA	inf	0.9930782795	0.10564099	inf	24329927	24329927	24830091	24830091	NA	missing	NA	NA	0.0	NA	NA	0.0	0.0	0.0	0	0	NA	0	homozygousDel	4188800
15	24830092	28529988	NA	3699898	57384	2.01206169	57121	2993	4803.0	mappable	0.08531667	6.0	NA	0.0005703838154	0.00030712531	0.00837159123	0.091663	0.09197013	24830092	24830092	28529988	28529988	0.16881482	1	326536.8	17.07487	0.9937914	NA	NA	0.0	1.0060308	1.0060308	1	1	1:1	2	neutral	4188800
15	29100034	30369914	NA	1269881	18276	2.01206169	18230	929	1595.0	mappable	0.07951346	6.0	self	0.0058177842169	0.00102564103	0.0080782795	0.09863751	0.09966315	29100034	29100034	30369914	30369914	0.17613975	1	326536.8	17.07487	0.9937914	NA	NA	0.0	1.0060308	1.0060308	1	1	1:1	2	neutral	4188800
15	31160110	51034989	NA	19874884	251976	2.01206169	250923	10985	21068.0	mappable	0.08215	6.0	self	0.0008305923307	8.307028e-05	0.00139564738	0.08249313	0.0825762	31160110	31160110	51029921	51034989	0.1764051	1	326536.8	17.07487	0.9937914	NA	NA	0.0	1.0060308	1.0060308	1	1	1:1	2	neutral	4188800
15	51034990	51075048	NA	40059	180	2.77910285	177	14	15.0	mappable	0.15076494	4.0	identical	0.0646772448107	0.05882352941	0.1462217205	0.13080583	0.18962936	51034990	51040058	51049989	51100107	NA	missing	369086.1	20.49324	1.1193176	NA	NA	NA	NA	NA	NA	NA	NA	NA	NA	4188800
15	51075048	55500046	NA	4424999	67003	2.01206169	66741	3007	5511.0	mappable	0.08039286	6.0	self	0.0066062457554	0.00030590395	2.17205e-05	0.09059101	0.09089691	51049989	51100107	55499991	55500046	0.14719157	1	326536.8	17.07487	0.9937914	NA	NA	0.0	1.0060308	1.0060308	1	1	1:1	2	neutral	4188800
15	55500047	55509967	NA	9921	205	3.25867788	202	32	17.0	mappable	0.16521111	NA	identical	0.0798798653557	0.02857142857	0.2047217205	0.15064472	0.17921615	55500047	55500102	55509926	55510008	NA	missing	393620.0	22.74855	1.1978	NA	NA	NA	NA	NA	NA	NA	NA	NA	NA	4188800
15	55509967	62109992	NA	6600028	104616	2.01206169	104311	3214	8862.0	mappable	0.08215	6.0	NA	0.0025585195024	0.00028417164	0.00413753239	0.08828447	0.08856864	55509926	55510008	62109951	62110033	0.15253499	1	326536.8	17.07487	0.9937914	NA	NA	0.0	1.0060308	1.0060308	1	1	1:1	2	neutral	4188800
15	62109992	62130027	NA	20036	333	2.49607424	332	1	31.0	mappable	0.61904762	NA	NA	0.5527639923399	0.5	0.0799217205	0.13995501	0.63995501	62109951	62110033	62129999	62130027	NA	missing	309953.2	25.09145	1.073	NA	NA	NA	NA	NA	NA	NA	NA	NA	NA	4188800
15	62130028	82479795	NA	20349771	265714	2.01206169	265261	1644	24820.0	mappable	0.085575	6.0	NA	0.0022298925657	0.00047732697	0.01198020187	0.08237738	0.08285471	62130028	62130056	82479795	82479795	0.22144683	1	326536.8	17.07487	0.9937914	NA	NA	0.0	1.0060308	1.0060308	1	1	1:1	2	neutral	4188800
15	83213963	102399920	NA	19185959	295744	2.01206169	294777	10475	25753.0	mappable	0.085575	6.0	edge	0.000579423253	8.739731e-05	0.00461294698	0.08266667	0.08275407	83213963	83213963	102399920	102399920	0.18053952	1	326536.8	17.07487	0.9937914	NA	NA	0.0	1.0060308	1.0060308	1	1	1:1	2	neutral	4188800
16	100010	3170016	NA	3070008	45509	2.01206169	45113	1603	4173.0	mappable	0.09585	6.0	edge	0.0115944174078	0.0005005005	0.00082216533	0.09280824	0.09330874	100010	100010	3169990	3170016	0.22672092	1	326536.8	17.07487	0.9937914	NA	NA	0.0	1.0060308	1.0060308	1	1	1:1	2	neutral	4188800
16	3170017	3239965	NA	69949	1172	2.5107397	1169	6	101.0	mappable	0.1171613	NA	identical	0.3963827288363	0.11111111111	0.0823217205	0.12426979	0.2353809	3170017	3170043	3239914	3240016	NA	missing	258281.1	14.55393	1.0754	NA	NA	NA	NA	NA	NA	NA	NA	NA	NA	4188800
16	3239965	16289940	NA	13049984	251353	2.01206169	250293	11879	21769.0	mappable	0.085575	6.0	self	0.0007263762661	7.72917e-05	0.00610147198	0.08461116	0.08468845	3239914	3240016	16289940	16289940	0.16048527	1	326536.8	17.07487	0.9937914	NA	NA	0.0	1.0060308	1.0060308	1	1	1:1	2	neutral	4188800
16	16870104	18169896	NA	1299793	20452	2.01206169	20357	947	1727.0	mappable	0.085575	6.0	self	0.0031812457554	0.0009596929	0.0137782795	0.09847438	0.09943408	16870104	16870104	18169896	18169896	0.15813695	1	326536.8	17.07487	0.9937914	NA	NA	0.0	1.0060308	1.0060308	1	1	1:1	2	neutral	4188800
16	18800044	22163319	NA	3363276	34531	2.01206169	34342	1598	3030.0	mappable	0.0852	6.0	self	0.0001312457554	0.00055959709	0.0115782795	0.09224481	0.09280441	18800044	18800044	22159964	22163319	0.19906223	1	326536.8	17.07487	0.9937914	NA	NA	0.0	1.0060308	1.0060308	1	1	1:1	2	neutral	4188800
16	22163320	22179534	DUP	16215	123	2.01206169	122	2	19.0	mappable	0.22408537	6.0	self	0.0480571688788	0.33333333333	0.0281217205	0.14300994	0.47634328	22163320	22170123	22179334	22179534	NA	missing	326536.8	17.07487	0.9937914	NA	NA	NA	NA	NA	NA	NA	NA	NA	NA	4188800
16	22179535	29039945	DUP	6860411	90386	2.01206169	89925	3694	8019.0	mappable	0.085575	6.0	self	0.0002437542446	0.00024067389	0.0109782795	0.08806746	0.08830813	22179535	22179572	29039945	29039945	0.19325049	1	326536.8	17.07487	0.9937914	NA	NA	0.0	1.0060308	1.0060308	1	1	1:1	2	neutral	4188800
16	29670028	31959970	NA	2289943	17542	2.01206169	17448	431	1659.0	mappable	0.0982375	6.0	self	0.0105187542446	0.0019047619	0.0163217205	0.09466613	0.09657089	29670028	29670028	31959970	31959970	0.20496959	1	326536.8	17.07487	0.9937914	NA	NA	0.0	1.0060308	1.0060308	1	1	1:1	2	neutral	4188800
16	32520030	32649899	NA	129870	3149	2.15042109	2836	0	284.0	mappable	NA	3.0	NA	0.1434209694345	0.00319488818	0.0238217205	0.11773911	0.120934	32520030	32520030	32649899	32649899	NA	missing	546802.3	NA	1.0164339	NA	NA	NA	NA	NA	NA	NA	NA	NA	NA	4188800
16	33889971	35279959	NA	1389989	14721	2.01206169	14687	88	1252.0	mappable	0.08747632	6.0	self	0.0036522983869	0.00819672131	0.0037217205	0.09800731	0.10620403	33889971	33890001	35279959	35279959	0.36848385	2	326536.8	17.07487	0.9937914	16.29441	0.5691398	0.1382795	0.8669174	1.1451443	1	1	1:1	2	mixDH	4188800
16	46450014	46480000	NA	29987	792	2.62825337	789	0	85.0	mappable	NA	1.0	NA	0.0275771147012	0.33333333333	0.0830217205	0.13448046	0.46781379	46450014	46450014	46459992	46480000	NA	missing	350648.2	NA	1.0946311	NA	NA	NA	NA	NA	NA	NA	NA	NA	NA	4188800
16	46480001	87350066	NA	40870075	659812	2.01206169	657206	28170	56059.0	mappable	0.085575	6.0	self	0.0005234753448	3.249708e-05	0.00646916478	0.07909971	0.07913221	46480001	46500009	87349877	87350066	0.1641201	1	326536.8	17.07487	0.9937914	NA	NA	0.0	1.0060308	1.0060308	1	1	1:1	2	neutral	4188800
16	87350067	87459992	NA	109926	1898	2.62825337	1897	58	185.0	mappable	0.09426591	1.0	NA	0.0089346633355	0.01694915254	0.0572217205	0.11943027	0.13637942	87350067	87350256	87459976	87459992	0.05808849	1	350648.2	19.24154	1.0946311	NA	NA	0.0	1.3141267	1.3141267	sub	sub	sub:sub	sub	sub	4188800
16	87459993	87469996	NA	10004	183	1.50065652	182	1	17.0	mappable	0.09090909	NA	NA	0.1267899663658	0.5	0.0829782795	0.15050846	0.65050846	87459993	87460009	87469986	87470006	NA	missing	267805.0	14.60755	0.9101	NA	NA	NA	NA	NA	NA	NA	NA	NA	NA	4188800
16	87469996	90109969	NA	2639975	40252	2.01206169	39921	1820	3774.0	mappable	0.08215	6.0	edge	0.0007416827614	0.00046490005	0.00365000481	0.09375545	0.09422035	87469986	87470006	90109969	90109969	0.16893066	1	326536.8	17.07487	0.9937914	NA	NA	0.0	1.0060308	1.0060308	1	1	1:1	2	neutral	4188800
17	20080	18239982	NA	18219907	232292	2.01206169	231094	10866	20622.0	mappable	0.08559423	6.0	edge	0.0012009752912	8.289125e-05	0.00706378783	0.08292214	0.08300503	20080	20080	18239982	18239982	0.19339561	1	326536.8	17.07487	0.9937914	NA	NA	0.0	1.0060308	1.0060308	1	1	1:1	2	neutral	4188800
17	18750212	22239986	NA	3489775	25819	2.01206169	25195	253	2461.0	mappable	0.08706667	6.0	self	0.0079187542446	0.00114025086	0.0047782795	0.09201874	0.09315899	18750212	18750212	22239986	22239986	0.33758581	2	326536.8	17.07487	0.9937914	16.29441	0.5691398	0.1382795	0.8669174	1.1451443	1	1	1:1	2	mixDH	4188800
17	25390040	26859992	NA	1469953	16011	1.98217227	15998	5	1463.0	mappable	0.25141482	NA	NA	0.4865845662104	0.05555555556	0.0041782795	0.09762127	0.15317682	25390040	25390040	26859918	26859992	NA	missing	298624.6	20.47712	0.9889	NA	NA	NA	NA	NA	NA	NA	NA	NA	NA	4188800
17	26859993	26879935	NA	19943	270	2.44718939	270	0	24.0	mappable	NA	NA	NA	NA	inf	0.0719217205	0.14002077	inf	26859993	26860067	26879734	26879935	NA	missing	252915.0	NA	1.065	NA	NA	NA	NA	NA	NA	NA	NA	NA	NA	4188800
17	26879936	41333886	NA	14453951	161733	2.01206169	161097	5206	14438.0	mappable	0.112975	6.0	NA	0.0276437542446	0.00017117426	0.0052782795	0.08408675	0.08425792	26879936	26880137	41333786	41333886	0.56484461	2	326536.8	17.07487	0.9937914	16.29441	0.5691398	0.1382795	0.8669174	1.1451443	1	1	1:1	2	mixDH	4188800
17	41333887	41335551	DEL	1665	14	2.9745347	14	0	1.0	mappable	NA	NA	NA	NA	inf	0.1582217205	0.18689307	inf	41333887	41334016	41335472	41335551	NA	missing	309498.0	NA	1.1513	NA	NA	NA	NA	NA	NA	NA	NA	NA	NA	4188800
17	41335552	41344957	DEL	9406	49	2.9745347	48	2	9.0	mappable	0.36519608	NA	NA	0.151477577774	0.33333333333	0.1582217205	0.15152243	0.48485577	41335552	41335709	41339883	41350031	NA	missing	309498.0	19.8367	1.1513	NA	NA	NA	NA	NA	NA	NA	NA	NA	NA	4188800
17	41344957	44279982	NA	2935026	32955	1.9662847	32714	1180	3335.0	mappable	0.1712	NA	NA	0.0824437542446	0.00070372977	0.0067782795	0.09308845	0.09379218	41339883	41350031	44279982	44279982	0.63945479	2	286377.1	17.18263	0.9863	14.39896	0.8065116	0.6130232	0.3804533	1.5858314	sub	sub	sub:sub	sub	sub	4188800
17	44790026	81109940	NA	36319915	475940	1.97728379	473516	19431	42057.0	mappable	0.188325	NA	edge	0.0995687542446	4.575612e-05	0.0049782795	0.07963604	0.0796818	44790026	44790026	81109940	81109940	0.67669941	2	297452.0	18.05958	0.9881	14.92855	0.8271745	0.6543489	0.3417251	1.6355587	sub	sub	sub:sub	sub	sub	4188800
18	130031	5260006	NA	5129979	78249	2.01206169	77908	4025	6741.0	mappable	0.0795131	6.0	edge	0.0052049520726	0.00022909507	0.00466402008	0.08972424	0.08995333	130031	130031	5259997	5260006	0.17180216	1	326536.8	17.07487	0.9937914	NA	NA	0.0	1.0060308	1.0060308	1	1	1:1	2	neutral	4188800
18	5260007	5279989	NA	19983	387	1.26097105	384	19	26.0	mappable	0.07875	2.0	NA	0.0065812457554	0.04545454545	0.0602782795	0.13999244	0.18544699	5260007	5260016	5279961	5280017	NA	missing	272073.9	15.67039	0.8708755	NA	NA	NA	NA	NA	NA	NA	NA	NA	NA	4188800
18	5279989	5320081	NA	40093	665	2.62825337	660	30	49.0	mappable	0.06747778	1.0	NA	0.0187114181692	0.02857142857	0.0788217205	0.13079536	0.15936678	5279961	5280017	5319990	5320081	NA	missing	350648.2	19.24154	1.0946311	NA	NA	NA	NA	NA	NA	NA	NA	NA	NA	4188800
18	5320082	14119956	NA	8799877	133352	2.01206169	132909	6519	11442.0	mappable	0.08880833	6.0	NA	0.0035333621159	0.00014363689	0.00105529147	0.08669624	0.08683987	5320082	5320173	14119956	14119956	0.15652019	1	326536.8	17.07487	0.9937914	NA	NA	0.0	1.0060308	1.0060308	1	1	1:1	2	neutral	4188800
18	14119957	14910026	NA	790070	0	0.0	0	0	NA	mappable	NA	NA	NA	NA	inf	0.9930782795	0.10208446	inf	14119957	14119957	14910026	14910026	NA	missing	NA	NA	0.0	NA	NA	0.0	0.0	0.0	0	0	NA	0	homozygousDel	4188800
18	14910027	14929888	NA	19862	364	1.94856394	364	0	25.0	mappable	NA	NA	NA	NA	inf	0.0096782795	0.14007836	inf	14910027	14910027	14929888	14929888	NA	missing	299626.1	NA	0.9834	NA	NA	NA	NA	NA	NA	NA	NA	NA	NA	4188800
18	18540053	23079987	NA	4539935	57783	2.01206169	57550	1861	5098.0	mappable	0.085575	6.0	NA	0.0036687542446	0.00047755492	0.0012782795	0.09043946	0.09091702	18540053	18540053	23079958	23079987	0.20589281	1	326536.8	17.07487	0.9937914	NA	NA	0.0	1.0060308	1.0060308	1	1	1:1	2	neutral	4188800
18	23079988	23100025	NA	20038	315	2.46552121	315	0	35.0	mappable	NA	NA	NA	NA	inf	0.0749217205	0.1399536	inf	23079988	23080017	23099949	23100101	NA	missing	346753.5	NA	1.068	NA	NA	NA	NA	NA	NA	NA	NA	NA	NA	4188800
18	23100025	60790062	NA	37690043	540853	2.01206169	538766	22955	44251.0	mappable	0.085575	6.0	NA	0.0022486716303	3.993291e-05	0.00509353614	0.079467	0.07950693	23099949	23100101	60789998	60790062	0.16718919	1	326536.8	17.07487	0.9937914	NA	NA	0.0	1.0060308	1.0060308	1	1	1:1	2	neutral	4188800
18	60790063	60800011	NA	9949	157	2.78693909	157	0	20.0	mappable	NA	NA	NA	NA	inf	0.1275217205	0.1505986	inf	60790063	60790127	60799929	60800011	NA	missing	332751.0	NA	1.1206	NA	NA	NA	NA	NA	NA	NA	NA	NA	NA	4188800
18	60800012	61099979	NA	299968	4075	2.01206169	4062	63	357.0	mappable	0.09294423	6.0	NA	0.0154604209113	0.01315789474	0.0120217205	0.10992364	0.12308153	60800012	60800094	61099943	61100015	0.11567761	1	326536.8	17.07487	0.9937914	NA	NA	0.0	1.0060308	1.0060308	1	1	1:1	2	neutral	4188800
18	61099979	61130017	NA	30039	320	2.77910285	318	0	29.0	mappable	NA	4.0	identical	0.0067022134973	0.5	0.1497217205	0.13445786	0.63445786	61099943	61100015	61129945	61130017	NA	missing	369086.1	NA	1.1193176	NA	NA	NA	NA	NA	NA	NA	NA	NA	NA	4188800
18	61130018	78009968	NA	16879953	275114	2.01206169	273644	13807	23685.0	mappable	0.085575	6.0	edge	0.0003371055541	6.546216e-05	0.0020491106	0.08330276	0.08336822	61130018	61130090	78009968	78009968	0.16922402	1	326536.8	17.07487	0.9937914	NA	NA	0.0	1.0060308	1.0060308	1	1	1:1	2	neutral	4188800
19	260137	24569972	NA	24309839	256687	2.01206169	254610	10360	24283.0	mappable	0.089	6.0	edge	0.0040660139889	8.040524e-05	0.00538964548	0.08151608	0.08159648	260137	260137	24569972	24569972	0.2112809	1	326536.8	17.07487	0.9937914	NA	NA	0.0	1.0060308	1.0060308	1	1	1:1	2	neutral	4188800
19	27750002	27890003	NA	140002	4769	2.01206169	4613	23	447.0	mappable	0.13948462	6.0	self	0.0108754318019	0.00558659218	0.0107782795	0.11699267	0.12257926	27750002	27750002	27889988	27890018	NA	missing	326536.8	17.07487	0.9937914	NA	NA	NA	NA	NA	NA	NA	NA	NA	NA	4188800
19	27890003	27899986	NA	9984	341	2.93053833	330	7	20.0	mappable	0.09040882	NA	identical	0.163877087578	0.05555555556	0.1510217205	0.15054117	0.20609673	27889988	27890018	27899966	27899986	NA	missing	383008.0	20.42709	1.1441	NA	NA	NA	NA	NA	NA	NA	NA	NA	NA	4188800
19	27899987	43209995	NA	15310009	192673	2.01206169	191747	7294	17107.0	mappable	0.085575	6.0	NA	0.0002437542446	0.0001216545	0.0118782795	0.0837943	0.08391595	27899987	27900007	43209995	43209995	0.16905906	1	326536.8	17.07487	0.9937914	NA	NA	0.0	1.0060308	1.0060308	1	1	1:1	2	neutral	4188800
19	43209996	43800005	NA	590010	0	0.0	0	0	NA	mappable	NA	NA	NA	NA	inf	0.9930782795	0.10432761	inf	43209996	43209996	43800005	43800005	NA	missing	NA	NA	0.0	NA	NA	0.0	0.0	0.0	0	0	NA	0	homozygousDel	4188800
19	43800006	59089999	NA	15289994	162683	2.01206169	161670	7505	14786.0	mappable	0.085575	6.0	edge	0.0002437542446	0.00011739845	0.0056782795	0.08380093	0.08391833	43800006	43800006	59089999	59089999	0.18804772	1	326536.8	17.07487	0.9937914	NA	NA	0.0	1.0060308	1.0060308	1	1	1:1	2	neutral	4188800
20	60479	620001	NA	559523	8982	2.01206169	8921	396	779.0	mappable	0.09364853	6.0	edge	0.0105187542446	0.00218818381	0.0008782795	0.10474584	0.10693402	60479	60479	619984	620001	0.24191884	1	326536.8	17.07487	0.9937914	NA	NA	0.0	1.0060308	1.0060308	1	1	1:1	2	neutral	4188800
20	620002	649974	NA	29973	445	2.34880864	441	17	34.0	mappable	0.20058125	NA	NA	0.0885437542446	0.04761904762	0.0558217205	0.13448655	0.1821056	620002	620019	649935	650013	NA	missing	263657.5	13.67113	1.0489	NA	NA	NA	NA	NA	NA	NA	NA	NA	NA	4188800
20	649974	670022	NA	20049	332	1.46765924	331	14	28.0	mappable	0.17593009	NA	NA	0.0976784764669	0.06666666667	0.0883782795	0.13994584	0.20661251	649935	650013	669942	670022	NA	missing	239613.5	14.12694	0.9047	NA	NA	NA	NA	NA	NA	NA	NA	NA	NA	4188800
20	670023	25729738	NA	25059719	390535	2.01206169	389075	17488	32666.0	mappable	0.08215	6.0	self	0.0025260956308	5.277602e-05	0.00703537733	0.08137072	0.08142349	670023	670103	25729738	25729738	0.15367047	1	326536.8	17.07487	0.9937914	NA	NA	0.0	1.0060308	1.0060308	1	1	1:1	2	neutral	4188800
20	29810057	29819993	NA	9937	567	2.54740333	562	0	63.0	mappable	NA	NA	NA	0.2702615174025	0.2	0.0883217205	0.15061835	0.35061835	29810057	29810057	29819976	29819993	NA	missing	377196.0	NA	1.0814	NA	NA	NA	NA	NA	NA	NA	NA	NA	NA	4188800
20	29819994	58120010	NA	28300021	413276	2.01206169	411612	14863	36137.0	mappable	0.085575	6.0	NA	0.0008905910691	6.050705e-05	0.00958880733	0.08079404	0.08085455	29819994	29820011	58119980	58120040	0.1793442	1	326536.8	17.07487	0.9937914	NA	NA	0.0	1.0060308	1.0060308	1	1	1:1	2	neutral	4188800
20	58120010	58139999	NA	19990	367	1.63142348	367	0	36.0	mappable	NA	NA	NA	NA	inf	0.0615782795	0.13998749	inf	58119980	58120040	58139888	58140110	NA	missing	295153.5	NA	0.9315	NA	NA	NA	NA	NA	NA	NA	NA	NA	NA	4188800
20	58139999	62909989	NA	4769991	83268	2.01206169	82731	3487	7581.0	mappable	0.092425	6.0	edge	0.0066894550399	0.00024850895	0.00343971367	0.09014875	0.09039726	58139888	58140110	62909989	62909989	0.18692581	1	326536.8	17.07487	0.9937914	NA	NA	0.0	1.0060308	1.0060308	1	1	1:1	2	neutral	4188800
21	10720001	10755032	NA	35032	1751	2.62825337	1712	0	97.0	mappable	NA	1.0	edge	0.0035151444136	0.02564102564	0.0426217205	0.13248204	0.15812307	10720001	10720001	10739886	10770178	NA	missing	350648.2	NA	1.0946311	NA	NA	NA	NA	NA	NA	NA	NA	NA	NA	4188800
21	10755032	11179964	NA	424933	3382	2.01206169	3201	0	364.0	mappable	NA	6.0	self	0.0029562457554	0.00552486188	0.0048782795	0.10696974	0.1124946	10739886	10770178	11179964	11179964	NA	missing	326536.8	NA	0.9937914	NA	NA	NA	NA	NA	NA	NA	NA	NA	NA	4188800
21	15410077	48099931	NA	32689858	516213	2.01206169	513377	23340	43413.0	mappable	0.08215	6.0	edge	0.0027344586034	3.820439e-05	0.00131820722	0.08012069	0.0801589	15410077	15410077	48099931	48099931	0.16488406	1	326536.8	17.07487	0.9937914	NA	NA	0.0	1.0060308	1.0060308	1	1	1:1	2	neutral	4188800
22	16850007	22499989	NA	5649983	53234	2.01206169	52906	2168	4739.0	mappable	0.092425	6.0	edge	0.0036687542446	0.00040064103	0.0040782795	0.08916703	0.08956767	16850007	16850007	22499961	22499989	0.1727342	1	326536.8	17.07487	0.9937914	NA	NA	0.0	1.0060308	1.0060308	1	1	1:1	2	neutral	4188800
22	22499990	22510026	NA	10037	183	2.69100258	183	0	21.0	mappable	NA	NA	NA	NA	inf	0.1118217205	0.15045467	inf	22499990	22500018	22509944	22510108	NA	missing	359714.3	NA	1.1049	NA	NA	NA	NA	NA	NA	NA	NA	NA	NA	4188800
22	22510026	25180017	NA	2669992	30114	2.01206169	29996	1172	2555.0	mappable	0.0827	6.0	NA	0.0058181505173	0.0007751938	0.0143782795	0.09368382	0.09445901	22509944	22510108	25159967	25180017	0.22381627	1	326536.8	17.07487	0.9937914	NA	NA	0.0	1.0060308	1.0060308	1	1	1:1	2	neutral	4188800
22	25180018	25229997	NA	49980	348	1.46460394	348	0	38.0	mappable	NA	NA	NA	NA	inf	0.0888782795	0.12813069	inf	25180018	25200068	25229995	25229997	NA	missing	251724.1	NA	0.9042	NA	NA	NA	NA	NA	NA	NA	NA	NA	NA	4188800
22	25229998	26409968	NA	1179971	13438	2.01206169	13420	177	1217.0	mappable	0.1060375	6.0	NA	0.0242187542446	0.00512820513	0.0135782795	0.09915559	0.1042838	25229998	25230000	26409929	26409968	0.13894672	1	326536.8	17.07487	0.9937914	NA	NA	0.0	1.0060308	1.0060308	1	1	1:1	2	neutral	4188800
22	26409969	26424066	NA	14098	238	1.4077753	238	0	22.0	mappable	NA	NA	NA	NA	inf	0.0981782795	0.14510415	inf	26409969	26410008	26424065	26424066	NA	missing	281074.9	NA	0.8949	NA	NA	NA	NA	NA	NA	NA	NA	NA	NA	4188800
22	26424067	40840078	NA	14416012	193412	2.01206169	192549	6312	17564.0	mappable	0.085575	6.0	NA	0.0028283427077	0.00013937282	0.0126606079	0.08410016	0.08423953	26424067	26424068	40839998	40840158	0.17128092	1	326536.8	17.07487	0.9937914	NA	NA	0.0	1.0060308	1.0060308	1	1	1:1	2	neutral	4188800
22	40840078	40869872	NA	29795	407	2.4502447	407	0	48.0	mappable	NA	NA	NA	NA	inf	0.0724217205	0.1345643	inf	40839998	40840158	40869600	40869872	NA	missing	325154.3	NA	1.0655	NA	NA	NA	NA	NA	NA	NA	NA	NA	NA	4188800
22	40869873	51179984	NA	10310112	164494	2.01206169	163553	7318	14872.0	mappable	0.089	6.0	edge	0.0045404517867	0.00012108003	0.00884225873	0.08584591	0.08596699	40869873	40870145	51179984	51179984	0.18731694	1	326536.8	17.07487	0.9937914	NA	NA	0.0	1.0060308	1.0060308	1	1	1:1	2	neutral	4188800
23	2700027	58499983	NA	55799959	490632	2.01206169	488912	15735	39875.0	mappable	0.08533718	6.0	edge	0.0012415538245	5.729017e-05	0.00111889997	0.07771892	0.07777621	2700027	2700027	58499983	58499983	0.16456583	1	326536.8	17.07487	0.9937914	NA	NA	0.0	1.0060308	1.0060308	1	1	1:1	2	neutral	4188800
23	61750000	71500946	NA	9750947	85021	2.01206169	84769	1132	6747.0	mappable	0.08185833	6.0	NA	0.0031812457554	0.00072254335	0.0073782795	0.08614336	0.08686591	61750000	61750000	71499920	71500946	0.20764804	1	326536.8	17.07487	0.9937914	NA	NA	0.0	1.0060308	1.0060308	1	1	1:1	2	neutral	4188800
23	71500947	71513858	DEL	12912	49	1.89540167	49	0	1.0	mappable	NA	NA	NA	NA	inf	0.0183782795	0.14645121	inf	71500947	71510060	71513612	71513858	NA	missing	273888.6	NA	0.9747	NA	NA	NA	NA	NA	NA	NA	NA	NA	NA	4188800
23	71513859	88459980	DEL	16946122	160718	2.01206169	160151	5658	12675.0	mappable	0.078725	6.0	NA	0.0066062457554	0.00016064257	0.0025217205	0.08328318	0.08344383	71513859	71514513	88459980	88459980	0.15567817	1	326536.8	17.07487	0.9937914	NA	NA	0.0	1.0060308	1.0060308	1	1	1:1	2	neutral	4188800
23	88990017	89349936	NA	359920	1089	2.01206169	1089	82	80.0	mappable	0.06639167	6.0	NA	0.0189395790887	0.01219512195	0.0086782795	0.10835811	0.12055323	88990017	88990017	89349936	89349936	0.08041771	1	326536.8	17.07487	0.9937914	NA	NA	0.0	1.0060308	1.0060308	1	1	1:1	2	neutral	4188800
23	89349937	90140198	NA	790262	0	0.0	0	0	NA	mappable	NA	NA	NA	NA	inf	0.9930782795	0.10208263	inf	89349937	89349937	90140198	90140198	NA	missing	NA	NA	0.0	NA	NA	0.0	0.0	0.0	0	0	NA	0	homozygousDel	4188800
23	90140199	91529952	NA	1389754	5101	2.01206169	5069	396	382.0	mappable	0.1060375	6.0	NA	0.0182187542446	0.0023364486	0.0172217205	0.09800848	0.10034493	90140199	90140199	91529952	91529952	0.12612527	1	326536.8	17.07487	0.9937914	NA	NA	0.0	1.0060308	1.0060308	1	1	1:1	2	neutral	4188800
23	91529953	92379999	NA	850047	0	0.0	0	0	NA	mappable	NA	NA	NA	NA	inf	0.9930782795	0.10153736	inf	91529953	91529953	92379999	92379999	NA	missing	NA	NA	0.0	NA	NA	0.0	0.0	0.0	0	0	NA	0	homozygousDel	4188800
23	92380000	154404122	NA	62024125	563884	2.01206169	561771	19446	44516.0	mappable	0.085575	6.0	NA	0.0019400852433	4.638434e-05	0.00232308198	0.07726087	0.07730725	92380000	92380000	154404090	154404122	0.17136443	1	326536.8	17.07487	0.9937914	NA	NA	0.0	1.0060308	1.0060308	1	1	1:1	2	neutral	4188800
23	154404123	154412987	DUP	8865	72	1.97361742	72	1	2.0	mappable	0.23076923	NA	identical	0.1454379850139	1.0	0.0055782795	0.15250988	1.15250988	154404123	154404157	154409894	154412987	NA	missing	293798.6	18.07991	0.9875	NA	NA	NA	NA	NA	NA	NA	NA	NA	NA	4188800
23	154412988	154929639	DUP	516652	2796	2.01206169	2778	222	178.0	mappable	0.08396413	6.0	edge	0.0041399414075	0.00416666667	0.0012782795	0.10538056	0.10954722	154412988	154430119	154929639	154929639	0.16505132	1	326536.8	17.07487	0.9937914	NA	NA	0.0	1.0060308	1.0060308	1	1	1:1	2	neutral	4188800
