#chromosome	start	end	crest	length	tcnNbrOfLoci	tcnMean	tcnNbrOfSNPs	tcnNbrOfHets	dhNbrOfLoci	map	dhMax	cluster	neighbour	distDH	errorSNP	distTcn	errorLength	totalError	minStart	maxStart	minStop	maxStop	area	peaks	meanCovT	meanCovB	tcnMeanRaw	AF	BAF	dhMean	c1Mean	c2Mean	A	B	genotype	TCN	GNL	PID
1	840009	12839977	NA	11999974	171872	2.0081023	170802	7470	33500.0	mappable	0.089	4.0	edge	0.00905256191	0.00011710973	0.0032838782	0.08504657	0.08516368	840009	840009	12839977	12839977	0.162554474	1	381878.3	19.832742	0.9335415	NA	NA	0.0	1.00405116	1.0040512	1	1	1:1	2	neutral	4107990
1	13780016	33960011	NA	20179998	250891	2.0081023	249792	11344	49135.0	mappable	0.085575	4.0	NA	0.00682702985	8.037293e-05	0.004065148	0.08241841	0.08249878	13780016	13780016	33959960	33960062	0.161867845	1	381878.3	19.832742	0.9335415	NA	NA	0.0	1.00405116	1.0040512	1	1	1:1	2	neutral	4107990
1	33960011	33970113	NA	10103	135	1.7240445	135	0	25.0	mappable	NA	NA	NA	NA	inf	0.0785073305	0.15034772	inf	33959960	33960062	33969972	33970113	NA	missing	342503.8	NA	0.8555	NA	NA	NA	NA	NA	NA	NA	NA	NA	NA	4107990
1	33970114	52859992	NA	18889879	229760	2.0081023	229071	8456	45614.0	mappable	0.08059474	4.0	NA	0.00338760552	0.00010934937	0.0014926695	0.08274341	0.08285276	33970114	33970255	52859980	52859992	0.150734845	1	381878.3	19.832742	0.9335415	NA	NA	0.0	1.00405116	1.0040512	1	1	1:1	2	neutral	4107990
1	52859993	52874976	NA	14984	147	1.7196767	147	0	30.0	mappable	NA	NA	NA	NA	inf	0.0797073305	0.14418431	inf	52859993	52860005	52869848	52880104	NA	missing	369713.3	NA	0.8543	NA	NA	NA	NA	NA	NA	NA	NA	NA	NA	4107990
1	52874976	120529963	NA	67654992	912956	2.0081023	909821	43616	172237.0	mappable	0.08215	4.0	NA	0.00144768264	2.138992e-05	0.0009392053	0.0768885	0.07690989	52869848	52880104	120529963	120529963	0.140255423	1	381878.3	19.832742	0.9335415	NA	NA	0.0	1.00405116	1.0040512	1	1	1:1	2	neutral	4107990
1	121220004	121229986	NA	9983	177	2.2236185	176	10	20.0	mappable	0.1291648	10.0	NA	0.0523478096	0.09090909091	0.0165926695	0.15054281	0.2414519	121220004	121220004	121229986	121229986	NA	missing	405712.6	21.875416	0.992752	NA	NA	NA	NA	NA	NA	NA	NA	NA	NA	4107990
1	144010127	144019970	NA	9844	155	2.7952466	100	0	24.0	mappable	NA	NA	NA	0.2456200998	0.01818181818	0.2157926695	0.15077238	0.1689542	144010127	144010127	144019970	144019970	NA	missing	1356548.0	NA	1.1498	NA	NA	NA	NA	NA	NA	NA	NA	NA	NA	4107990
1	144920087	145110048	NA	189962	2480	2.4571064	2026	6	368.0	mappable	0.24904505	NA	NA	0.25488389646	0.00217391304	0.1228926695	0.11405531	0.11622923	144920087	144920087	145109973	145110123	NA	missing	1372305.0	69.635991	1.0569	NA	NA	NA	NA	NA	NA	NA	NA	NA	NA	4107990
1	145110048	145739956	NA	629909	3893	2.7792994	3863	25	806.0	mappable	0.1900186	12.0	NA	0.06461958726	0.01818181818	0.2105926695	0.10381637	0.12199819	145109973	145110123	145739956	145739956	NA	missing	468122.7	27.684991	1.1454187	NA	NA	NA	NA	NA	NA	NA	NA	NA	NA	4107990
1	146540101	147829895	NA	1289795	11685	2.7462265	11630	723	2054.0	mappable	0.09214853	5.0	NA	0.01591260552	0.00128534704	0.2012926695	0.09852843	0.09981377	146540101	146540101	147829895	147829895	0.563393113	2	470304.3	25.639305	1.1363323	19.2726	0.5680212	0.1360425	1.1863115	1.559915	sub	1	sub:1	sub	sub	4107990
1	149815060	156164652	NA	6349593	66024	2.7462265	65722	2751	12995.0	mappable	0.10718676	5.0	NA	0.02736260552	0.00032754668	0.2170926695	0.0885025	0.08883004	149815060	149815060	156149192	156164652	0.583751833	2	470304.3	25.639305	1.1363323	19.2726	0.5680212	0.1360425	1.1863115	1.559915	sub	1	sub:1	sub	sub	4107990
1	156164653	156190035	NA	25383	150	2.3814663	150	16	27.0	mappable	0.27467339	8.0	NA	0.19591099382	0.0625	0.1172926695	0.13669068	0.19919068	156164653	156180113	156189987	156190083	NA	missing	405909.0	24.925346	1.0361188	NA	NA	NA	NA	NA	NA	NA	NA	NA	NA	4107990
1	156190035	156359987	NA	169953	2242	2.7462265	2238	108	466.0	mappable	0.0902129	5.0	NA	0.01509337475	0.00892857143	0.2441926695	0.1151094	0.12403797	156189987	156190083	156359943	156359987	0.587467455	2	470304.3	25.639305	1.1363323	19.2726	0.5680212	0.1360425	1.1863115	1.559915	sub	1	sub:1	sub	sub	4107990
1	156359988	156370043	NA	10056	154	2.3814663	154	7	27.0	mappable	0.2946431	8.0	NA	0.21588070896	0.14285714286	0.1122926695	0.15042379	0.29328094	156359988	156360032	156369976	156370110	NA	missing	405909.0	24.925346	1.0361188	NA	NA	NA	NA	NA	NA	NA	NA	NA	NA	4107990
1	156370043	167650018	NA	11279977	157669	2.7462265	157178	6341	30444.0	mappable	0.10955	5.0	NA	0.03158287045	0.00014637002	0.2157433472	0.08537063	0.085517	156369976	156370110	167649980	167650018	0.580485007	2	470304.3	25.639305	1.1363323	19.2726	0.5680212	0.1360425	1.1863115	1.559915	sub	1	sub:1	sub	sub	4107990
1	167650019	167660017	NA	9999	188	3.0078378	188	1	37.0	mappable	0.18367347	3.0	NA	0.1049110749	1.0	0.3130926695	0.15051663	1.15051663	167650019	167650057	167659986	167660017	NA	missing	503276.3	30.289136	1.2082069	NA	NA	NA	NA	NA	NA	NA	NA	NA	NA	4107990
1	167660018	172350021	NA	4690004	65209	2.7462265	64972	3702	12406.0	mappable	0.1081697	5.0	NA	0.02873760552	0.00025387154	0.2088926695	0.09024799	0.09050186	167660018	167660049	172349960	172350021	0.580916973	2	470304.3	25.639305	1.1363323	19.2726	0.5680212	0.1360425	1.1863115	1.559915	sub	1	sub:1	sub	sub	4107990
1	172350022	172369977	NA	19956	252	3.0103606	251	41	46.0	mappable	0.14825526	NA	NA	0.05472839499	0.02380952381	0.2748926695	0.14001156	0.16382108	172350022	172350083	172369925	172370029	0.4780366	2	509500.8	29.114333	1.2089	19.62553	0.6044059	0.2088118	1.19088093	1.8194797	2	1	2:1	3	gain	4107990
1	172369977	179429984	NA	7060008	89435	2.7462265	89197	3259	17484.0	mappable	0.119825	5.0	NA	0.04106260552	0.00028595939	0.2174926695	0.0879073	0.08819326	172369925	172370029	179419949	179440019	0.59323702	2	470304.3	25.639305	1.1363323	19.2726	0.5680212	0.1360425	1.1863115	1.559915	sub	1	sub:1	sub	sub	4107990
1	179429984	179450016	NA	20033	214	3.1927161	214	0	49.0	mappable	NA	NA	NA	NA	inf	0.3249926695	0.13995712	inf	179419949	179440019	179449990	179450042	NA	missing	492960.0	NA	1.259	NA	NA	NA	NA	NA	NA	NA	NA	NA	NA	4107990
1	179450016	200329989	NA	20879974	293917	2.7462265	292914	14890	55376.0	mappable	0.11713333	5.0	NA	0.03763760552	6.292078e-05	0.2094926695	0.08225167	0.08231459	179449990	179450042	200329969	200329989	0.593248161	2	470304.3	25.639305	1.1363323	19.2726	0.5680212	0.1360425	1.1863115	1.559915	sub	1	sub:1	sub	sub	4107990
1	200329990	200429980	NA	99991	1209	3.0675059	1209	96	247.0	mappable	0.15347692	NA	NA	0.07471452859	0.01041666667	0.2905926695	0.12041294	0.13082961	200329990	200330010	200429944	200429980	0.480872789	2	479321.7	27.21666	1.2246	18.22635	0.5985423	0.1970846	1.23147383	1.8360321	2	1	2:1	3	gain	4107990
1	200429981	208440000	NA	8010020	98171	2.7462265	97839	4385	19083.0	mappable	0.12033214	5.0	NA	0.04106260552	0.00021199915	0.2126926695	0.08720915	0.08742115	200429981	200430017	208439979	208440000	0.549217119	2	470304.3	25.639305	1.1363323	19.2726	0.5680212	0.1360425	1.1863115	1.559915	sub	1	sub:1	sub	sub	4107990
1	208440001	208459988	NA	19988	346	2.3814663	340	1	88.0	mappable	0.33333333	8.0	NA	0.21977927218	0.14285714286	0.1211926695	0.13998891	0.28284605	208440001	208440022	208459942	208459988	NA	missing	405909.0	24.925346	1.0361188	NA	NA	NA	NA	NA	NA	NA	NA	NA	NA	4107990
1	208459989	217729954	NA	9269967	132356	2.7462265	131904	6022	25581.0	mappable	0.114475	5.0	NA	0.03619736714	0.00015446401	0.195677057	0.08641499	0.08656945	208459989	208460035	217729820	217730088	0.546156341	2	470304.3	25.639305	1.1363323	19.2726	0.5680212	0.1360425	1.1863115	1.559915	sub	1	sub:1	sub	sub	4107990
1	217729954	217739994	NA	10041	149	2.3399038	148	6	32.0	mappable	0.21244783	NA	NA	0.13210825769	0.14285714286	0.0906926695	0.15044816	0.29330531	217729820	217730088	217739981	217739994	NA	missing	443055.0	26.499929	1.0247	NA	NA	NA	NA	NA	NA	NA	NA	NA	NA	4107990
1	217739995	237350053	NA	19610059	269796	2.7462265	268808	10840	52551.0	mappable	0.112975	5.0	NA	0.03421260552	8.454515e-05	0.2039926695	0.08255903	0.08264358	217739995	217740008	237349982	237350124	0.586334898	2	470304.3	25.639305	1.1363323	19.2726	0.5680212	0.1360425	1.1863115	1.559915	sub	1	sub:1	sub	sub	4107990
1	237350053	237369986	NA	19934	305	2.2236185	298	0	64.0	mappable	NA	10.0	NA	0.08116192984	0.14285714286	0.0998926695	0.14002716	0.2828843	237349982	237350124	237369963	237369986	NA	missing	405712.6	NA	0.992752	NA	NA	NA	NA	NA	NA	NA	NA	NA	NA	4107990
1	237369987	238780011	NA	1410026	22683	2.7462265	22565	1314	4200.0	mappable	0.094775	5.0	NA	0.0150694249	0.00069832402	0.192362572	0.09790824	0.09860656	237369987	237370010	238779982	238780011	0.53807102	2	470304.3	25.639305	1.1363323	19.2726	0.5680212	0.1360425	1.1863115	1.559915	sub	1	sub:1	sub	sub	4107990
1	238780012	238799995	NA	19984	366	2.9612229	365	17	72.0	mappable	0.13851667	NA	NA	0.05225035061	0.05555555556	0.2613926695	0.13999173	0.19554729	238780012	238780041	238799905	238799995	NA	missing	482813.8	27.761792	1.1954	NA	NA	NA	NA	NA	NA	NA	NA	NA	NA	4107990
1	238799996	249209945	NA	10409950	143642	2.7462265	142959	7245	27757.0	mappable	0.10955	5.0	edge	0.03078760552	0.00012613522	0.2019926695	0.08579471	0.08592085	238799996	238800086	249209945	249209945	0.569020967	2	470304.3	25.639305	1.1363323	19.2726	0.5680212	0.1360425	1.1863115	1.559915	sub	1	sub:1	sub	sub	4107990
2	20016	140049	NA	120034	1868	1.8180005	1865	47	374.0	mappable	0.07485577	2.0	edge	0.00196130753	0.02	0.0411073305	0.11853198	0.13853198	20016	20016	139992	140049	0.176090129	1	367822.4	19.074774	0.8813133	NA	NA	0.0	0.90900026	0.9090003	1	1	1:1	2	neutral	4107990
2	140050	174998	NA	34949	314	2.2236185	314	24	70.0	mappable	0.12091786	10.0	NA	0.04215546266	0.04166666667	0.0559926695	0.13251208	0.17417875	140050	140107	169945	174998	NA	missing	405712.6	21.875416	0.992752	NA	NA	NA	NA	NA	NA	NA	NA	NA	NA	4107990
2	174999	60040081	NA	59865095	936394	2.0081023	933282	44799	179418.0	mappable	0.078725	4.0	NA	0.0015067637	2.087203e-05	0.0004531218	0.07741373	0.0774346	174999	180052	60040068	60040081	0.137285788	1	381878.3	19.832742	0.9335415	NA	NA	0.0	1.00405116	1.0040512	1	1	1:1	2	neutral	4107990
2	60040082	60040214	DUP	133	1	13.6925352	1	0	0.0	mappable	NA	NA	NA	NA	inf	3.2096926695	0.28347554	inf	60040082	60040157	60040157	60040214	NA	missing	1714172.0	NA	4.1437	NA	NA	NA	NA	NA	NA	NA	NA	NA	NA	4107990
2	60040215	60202825	ITX	162611	2769	13.5724208	2760	168	530.0	mappable	0.76669407	NA	NA	0.68618049536	0.00564971751	3.1766926695	0.11553304	0.12118276	60040215	60040303	60202617	60202825	1.0	2	1688242.6	149.096269	4.1107	19.12432	0.9223793	0.8447586	1.05350111	12.5189197	sub	1	sub:1	sub	sub	4107990
2	60202826	62403652	DUP	2200827	28338	13.4748733	28221	1236	5679.0	mappable	0.76851422	NA	NA	0.68975182054	0.0007390983	3.1498926695	0.09492343	0.09566253	60202826	60202854	62403629	62403652	0.980084078	2	1637952.0	144.574339	4.0839	18.67639	0.9221208	0.8442416	1.04941223	12.4254611	sub	1	sub:1	sub	sub	4107990
2	62403653	63291417	DEL	887765	10554	10.2441597	10522	346	2034.0	mappable	0.71689778	NA	NA	0.63791015997	0.00264550265	2.2622926695	0.10121551	0.10386101	62403653	62403728	63290849	63291417	0.988162079	2	1318283.2	112.729353	3.1963	19.20561	0.9033021	0.8066042	0.99058888	9.2535709	9	1	9:1	10	loss	4107990
2	63291418	64029021	INV	737604	7973	10.0756356	7948	133	1535.0	mappable	0.70332772	NA	NA	0.62515525941	0.00632911392	2.2159926695	0.10260363	0.10893275	63291418	63291641	64029011	64029021	0.9835319	2	1351847.7	115.224601	3.15	19.98407	0.9009519	0.8019038	0.99797236	9.0776632	9	1	9:1	10	loss	4107990
2	64029022	66640132	INV	2611111	35599	9.6762563	35501	1786	6924.0	mappable	0.69059344	NA	NA	0.61176819908	0.00053078556	2.1062679328	0.09382521	0.094356	64029022	64029061	66639927	66640132	0.95967217	2	1243191.0	104.712179	3.0402753	19.04109	0.891449	0.7828981	1.050367	8.6258893	sub	1	sub:1	sub	sub	4107990
2	66640133	87059860	NA	20419732	288021	2.0081023	287164	12872	54968.0	mappable	0.078725	4.0	self	4.70564e-05	7.283852e-05	0.0013814338	0.08236058	0.08243342	66640133	66640338	87059860	87059860	0.136472512	1	381878.3	19.832742	0.9335415	NA	NA	0.0	1.00405116	1.0040512	1	1	1:1	2	neutral	4107990
2	88330099	89094923	NA	764825	9479	2.0081023	9443	291	1933.0	mappable	0.07943529	4.0	self	3.739448e-05	0.00305810398	0.0026926695	0.10232916	0.10538727	88330099	88330099	89059837	89130009	0.139144867	1	381878.3	19.832742	0.9335415	NA	NA	0.0	1.00405116	1.0040512	1	1	1:1	2	neutral	4107990
2	89094923	89160762	NA	65840	1025	0.1501818	1023	13	182.0	mappable	0.06438571	NA	NA	0.02250882305	0.06666666667	0.5109073305	0.12494786	0.19161453	89059837	89130009	89160762	89160762	NA	missing	181570.0	9.473217	0.4231	NA	NA	NA	NA	NA	NA	NA	NA	NA	NA	4107990
2	89160763	89229990	DEL	69228	1379	0.1847602	1375	0	307.0	mappable	NA	NA	NA	0.18799397807	0.25	0.5014073305	0.12438532	0.37438532	89160763	89160763	89229990	89229990	NA	missing	190339.7	NA	0.4326	NA	NA	NA	NA	NA	NA	NA	NA	NA	NA	4107990
2	89229991	89533667	NA	303677	0	0.0	0	0	NA	mappable	NA	NA	NA	NA	inf	0.9340073305	0.10981663	inf	89229991	89229991	89533667	89533667	NA	missing	NA	NA	0.0	NA	NA	0.0	0.0	0.0	0	0	NA	0	homozygousDel	4107990
2	89840102	90239998	NA	399897	914	2.0081023	908	15	142.0	mappable	0.06174898	4.0	NA	0.01991522023	0.04761904762	0.0110926695	0.10747332	0.15509237	89840102	89840102	90239998	90239998	NA	missing	381878.3	19.832742	0.9335415	NA	NA	NA	NA	NA	NA	NA	NA	NA	NA	4107990
2	95580145	96239991	NA	659847	4447	9.3021716	4440	61	859.0	mappable	0.70990588	NA	NA	0.62684798287	0.01470588235	2.0034926695	0.10345663	0.11816251	95580145	95580145	96239991	96239991	1.0	2	1119726.0	95.822702	2.9375	17.7501	0.9089244	0.8178489	0.84720044	8.4549712	sub	1	sub:1	sub	sub	4107990
2	96239992	96740020	NA	500029	0	0.0	0	0	NA	mappable	NA	NA	NA	NA	inf	0.9340073305	0.10564318	inf	96239992	96239992	96740020	96740020	NA	missing	NA	NA	0.0	NA	NA	0.0	0.0	0.0	0	0	NA	0	homozygousDel	4107990
2	96740021	98019948	NA	1279928	9796	9.5409445	9785	167	1968.0	mappable	0.68308866	NA	NA	0.60028395383	0.00561797753	2.0690926695	0.09858223	0.10420021	96740021	96740021	98019934	98019948	1.0	2	1098469.6	92.461113	3.0031	17.03276	0.891506	0.783012	1.03513547	8.505809	sub	1	sub:1	sub	sub	4107990
2	98019949	99455839	DUP	1435891	14966	9.6173809	14931	698	2923.0	mappable	0.69693782	NA	NA	0.61764911851	0.00136425648	2.0900926695	0.0977827	0.09914696	98019949	98260013	99455723	99455839	0.994181561	2	1216547.6	102.938642	3.0241	18.73267	0.8961774	0.7923547	0.99850189	8.618879	sub	1	sub:1	sub	sub	4107990
2	99455840	100229964	DUP	774125	8385	9.981	8375	105	1719.0	mappable	0.6833041	NA	NA	0.60606780032	0.00869565217	2.1899926695	0.10223795	0.11093361	99455840	99456023	100229846	100229964	1.0	2	1273540.5	107.42037	3.124	18.98316	0.8913068	0.7826136	1.08486691	8.8961331	9	1	9:1	10	loss	4107990
2	100229965	100243245	INV	13281	156	10.0224941	146	0	33.0	mappable	NA	NA	NA	0.64035985144	0.1	2.2013926695	0.14601656	0.24601656	100229965	100230108	100243154	100243245	NA	missing	1229083.3	NA	3.1354	NA	NA	NA	NA	NA	NA	NA	NA	NA	NA	4107990
2	100243246	101420030	INV	1176785	16742	10.6703839	16712	997	3069.0	mappable	0.71578542	NA	NA	0.63600010552	0.00097370983	2.3793926695	0.09917477	0.10014848	100243246	100243259	101419913	101420147	0.993923848	2	1344560.7	115.248064	3.3134	18.89615	0.9036611	0.8073223	1.02797252	9.6424114	sub	1	sub:1	sub	sub	4107990
2	101420030	101421968	NA	1939	31	12.299936	27	0	4.0	mappable	NA	NA	NA	0.64124788403	0.25	2.8270926695	0.18313178	0.43313178	101419913	101420147	101421854	101421968	NA	missing	1551343.3	NA	3.7611	NA	NA	NA	NA	NA	NA	NA	NA	NA	NA	4107990
2	101421969	101610431	DEL	188463	3015	12.8899525	3004	198	525.0	mappable	0.7689228	NA	NA	0.69001788492	0.004784689	2.9891926695	0.1141297	0.11891439	101421969	101422021	101610253	101610431	1.0	2	1537800.7	135.48368	3.9232	18.25267	0.9221052	0.8442105	1.00405976	11.8858928	12	1	12:1	13	loss	4107990
2	101610432	102530012	DUP	919581	11370	13.0395496	11326	543	2159.0	mappable	0.7666856	NA	NA	0.68922652358	0.00170357751	3.0302926695	0.10095597	0.10265954	101610432	101610458	102529982	102530012	0.988791797	2	1595158.9	140.638269	3.9643	18.73718	0.922336	0.844672	1.01270369	12.0268459	12	1	12:1	13	loss	4107990
2	102530013	102540032	NA	10020	151	14.1409623	151	0	22.0	mappable	NA	NA	NA	NA	inf	3.3328926695	0.15048235	inf	102530013	102530043	102539925	102540032	NA	missing	1795798.0	NA	4.2669	NA	NA	NA	NA	NA	NA	NA	NA	NA	NA	4107990
2	102540033	103629202	NA	1089170	16248	13.1855068	16202	1011	2973.0	mappable	0.76980789	NA	NA	0.68911987942	0.00094607379	3.0703926695	0.09972676	0.10067283	102540033	102540140	103629156	103629202	0.924083404	2	1670028.5	147.355453	4.0044	19.42018	0.9226552	0.8453104	1.01983031	12.1656765	12	1	12:1	13	loss	4107990
2	103629203	132189994	ITX	28560796	367745	2.0081023	366572	18475	69198.0	mappable	0.078725	4.0	NA	0.00160731138	5.089836e-05	0.0034305782	0.08075088	0.08080178	103629203	103629225	132189994	132189994	0.132539236	1	381878.3	19.832742	0.9335415	NA	NA	0.0	1.00405116	1.0040512	1	1	1:1	2	neutral	4107990
2	132189995	132836479	NA	646485	0	0.0	0	0	NA	mappable	NA	NA	NA	NA	inf	0.9340073305	0.10361482	inf	132189995	132189995	132836479	132836479	NA	missing	NA	NA	0.0	NA	NA	0.0	0.0	0.0	0	0	NA	0	homozygousDel	4107990
2	133010000	136319953	NA	3309954	45720	2.0081023	45609	1350	9081.0	mappable	0.078725	4.0	NA	0.00022784484	0.0006844627	0.0012150711	0.09234301	0.09302747	133010000	133010000	136319876	136319953	0.12353014	1	381878.3	19.832742	0.9335415	NA	NA	0.0	1.00405116	1.0040512	1	1	1:1	2	neutral	4107990
2	136319954	136329994	NA	10041	132	1.6112097	132	0	27.0	mappable	NA	NA	NA	NA	inf	0.1095073305	0.15044816	inf	136319954	136320031	136329858	136329994	NA	missing	339558.0	NA	0.8245	NA	NA	NA	NA	NA	NA	NA	NA	NA	NA	4107990
2	136329995	219340272	NA	83010291	1104103	2.0081023	1100510	47532	209820.0	mappable	0.078725	4.0	NA	0.00090908274	1.956028e-05	0.0011693351	0.07602601	0.07604557	136329995	136330131	219339963	219340272	0.161043025	1	381878.3	19.832742	0.9335415	NA	NA	0.0	1.00405116	1.0040512	1	1	1:1	2	neutral	4107990
2	219340273	219359947	NA	19675	232	1.8215919	232	0	55.0	mappable	NA	NA	NA	NA	inf	0.0517073305	0.14021238	inf	219340273	219340582	219359830	219359947	NA	missing	375125.8	NA	0.8823	NA	NA	NA	NA	NA	NA	NA	NA	NA	NA	4107990
2	219359948	235360025	NA	16000078	225902	2.0081023	225033	10769	43304.0	mappable	0.078725	4.0	NA	3.739448e-05	8.59328e-05	0.0038926695	0.0835716	0.08365753	219359948	219360065	235359998	235360052	0.143272852	1	381878.3	19.832742	0.9335415	NA	NA	0.0	1.00405116	1.0040512	1	1	1:1	2	neutral	4107990
2	235360025	235370030	NA	10006	171	1.7113051	171	0	43.0	mappable	NA	NA	NA	NA	inf	0.0820073305	0.1505052	inf	235359998	235360052	235369981	235370030	NA	missing	374576.2	NA	0.852	NA	NA	NA	NA	NA	NA	NA	NA	NA	NA	4107990
2	235370031	239295660	NA	3925631	67055	2.0081023	66885	1998	13129.0	mappable	0.078725	4.0	NA	0.00024123589	0.00046146747	0.0107680807	0.09130547	0.09176694	235370031	235370080	239295528	239295660	0.16097573	1	381878.3	19.832742	0.9335415	NA	NA	0.0	1.00405116	1.0040512	1	1	1:1	2	neutral	4107990
2	239295661	242566328	DEL	3270668	54250	1.0153695	53935	2763	10464.0	mappable	0.41095	NA	identical	0.31848760552	0.00032499188	0.2732073305	0.09241651	0.09274151	239295661	239295700	242559948	242566328	0.906483466	2	242500.1	17.064821	0.6608	17.08869	0.9825319	0.9650638	0.0177366	0.9976329	1	0	1:0	1	LOH	4107990
2	242566329	242999969	DEL	433641	6897	2.0081023	6826	388	1383.0	mappable	0.08531667	4.0	edge	0.01366260552	0.00217864924	0.0102926695	0.10680257	0.10898122	242566329	242570144	242999969	242999969	0.118410104	1	381878.3	19.832742	0.9335415	NA	NA	0.0	1.00405116	1.0040512	1	1	1:1	2	neutral	4107990
3	100074	935055	NA	834982	15313	2.0081023	15257	866	2780.0	mappable	0.0753	4.0	edge	0.00346239448	0.0010845987	0.0096926695	0.10167052	0.10275512	100074	100074	929984	935055	0.164348702	1	381878.3	19.832742	0.9335415	NA	NA	0.0	1.00405116	1.0040512	1	1	1:1	2	neutral	4107990
3	935056	950001	NA	14946	167	2.3679305	167	0	35.0	mappable	NA	NA	NA	NA	inf	0.0983926695	0.1442224	inf	935056	940127	949958	950044	NA	missing	445867.8	NA	1.0324	NA	NA	NA	NA	NA	NA	NA	NA	NA	NA	4107990
3	950001	12779970	NA	11829973	198538	2.0081023	197781	10274	37318.0	mappable	0.08215	4.0	NA	0.00316602546	9.065361e-05	0.0008854395	0.08512108	0.08521173	949958	950044	12779882	12779970	0.170460244	1	381878.3	19.832742	0.9335415	NA	NA	0.0	1.00405116	1.0040512	1	1	1:1	2	neutral	4107990
3	12779971	12794993	NA	15023	192	1.6745428	192	0	50.0	mappable	NA	NA	NA	NA	inf	0.0921073305	0.14414534	inf	12779971	12780059	12789980	12800006	NA	missing	333170.0	NA	0.8419	NA	NA	NA	NA	NA	NA	NA	NA	NA	NA	4107990
3	12794993	57240127	NA	44445135	604602	2.0081023	602809	24867	115790.0	mappable	0.078725	4.0	NA	0.00138298583	3.750938e-05	0.0006428675	0.07872304	0.07876055	12789980	12800006	57239998	57240256	0.150410637	1	381878.3	19.832742	0.9335415	NA	NA	0.0	1.00405116	1.0040512	1	1	1:1	2	neutral	4107990
3	57240127	57259966	NA	19840	225	2.3249805	225	0	28.0	mappable	NA	NA	NA	NA	inf	0.0865926695	0.14009404	inf	57239998	57240256	57259927	57259966	NA	missing	404612.3	NA	1.0206	NA	NA	NA	NA	NA	NA	NA	NA	NA	NA	4107990
3	57259967	90499969	NA	33240007	484682	2.0081023	483233	22887	90764.0	mappable	0.078725	4.0	NA	0.00056425899	4.109308e-05	0.0039887786	0.08004349	0.08008458	57259967	57260006	90499969	90499969	0.13673994	1	381878.3	19.832742	0.9335415	NA	NA	0.0	1.00405116	1.0040512	1	1	1:1	2	neutral	4107990
3	93570175	115809993	NA	22239821	308738	2.0081023	307670	15078	57557.0	mappable	0.07878026	4.0	NA	0.00050680932	6.193868e-05	0.0002130929	0.08194491	0.08200685	93570175	93570175	115809974	115809993	0.154898824	1	381878.3	19.832742	0.9335415	NA	NA	0.0	1.00405116	1.0040512	1	1	1:1	2	neutral	4107990
3	115809994	115825014	NA	15021	164	2.2681992	164	0	23.0	mappable	NA	NA	NA	NA	inf	0.0709926695	0.14414733	inf	115809994	115810013	115819980	115825014	NA	missing	411890.0	NA	1.005	NA	NA	NA	NA	NA	NA	NA	NA	NA	NA	4107990
3	115825015	178949907	NA	63124897	849024	2.0081023	846227	43035	160356.0	mappable	0.078725	4.0	NA	0.00046612179	2.181977e-05	0.0004173943	0.07718519	0.07720701	115825015	115830049	178949784	178950030	0.141061857	1	381878.3	19.832742	0.9335415	NA	NA	0.0	1.00405116	1.0040512	1	1	1:1	2	neutral	4107990
3	178949907	178989888	NA	39982	326	1.755347	326	0	71.0	mappable	NA	NA	NA	NA	inf	0.0699073305	0.13082958	inf	178949784	178950030	178989744	178989888	NA	missing	360351.1	NA	0.8641	NA	NA	NA	NA	NA	NA	NA	NA	NA	NA	4107990
3	178989889	197779892	NA	18790004	261984	2.0081023	260884	12160	50840.0	mappable	0.078725	4.0	edge	3.739448e-05	7.541478e-05	0.0030926695	0.0827696	0.08284501	178989889	178990033	197779892	197779892	0.145184208	1	381878.3	19.832742	0.9335415	NA	NA	0.0	1.00405116	1.0040512	1	1	1:1	2	neutral	4107990
4	50084	79975	NA	29892	613	2.29487	599	0	112.0	mappable	NA	6.0	edge	0.01687091295	0.07142857143	0.0688926695	0.13452186	0.20595043	50084	50084	79949	80001	NA	missing	714652.4	NA	1.0123275	NA	NA	NA	NA	NA	NA	NA	NA	NA	NA	4107990
4	79975	8939952	NA	8859979	145012	2.0081023	144075	6888	27973.0	mappable	0.078725	4.0	self	0.00153639217	0.00012779553	0.0052294708	0.08665935	0.08678714	79949	80001	8939952	8939952	0.176821034	1	381878.3	19.832742	0.9335415	NA	NA	0.0	1.00405116	1.0040512	1	1	1:1	2	neutral	4107990
4	9800043	14400012	NA	4599972	80074	2.0081023	79828	3843	14916.0	mappable	0.08215	4.0	NA	0.00212362797	0.00024455857	0.0116350599	0.09036202	0.09060657	9800043	9800043	14399945	14400079	0.14828023	1	381878.3	19.832742	0.9335415	NA	NA	0.0	1.00405116	1.0040512	1	1	1:1	2	neutral	4107990
4	14400012	14424945	NA	24934	315	2.2085059	315	0	66.0	mappable	NA	NA	NA	NA	inf	0.0545926695	0.13693165	inf	14399945	14400079	14419835	14430055	NA	missing	400093.9	NA	0.9886	NA	NA	NA	NA	NA	NA	NA	NA	NA	NA	4107990
4	14424945	32989948	NA	18565005	285714	2.0081023	284834	13328	53682.0	mappable	0.08088333	4.0	NA	0.00019905854	7.039279e-05	0.0040514936	0.08282917	0.08289956	14419835	14430055	32989876	32989948	0.166826949	1	381878.3	19.832742	0.9335415	NA	NA	0.0	1.00405116	1.0040512	1	1	1:1	2	neutral	4107990
4	32989949	33000015	NA	10067	193	1.6643513	193	0	41.0	mappable	NA	NA	NA	NA	inf	0.0949073305	0.15040595	inf	32989949	32990021	32999926	33000015	NA	missing	371278.0	NA	0.8391	NA	NA	NA	NA	NA	NA	NA	NA	NA	NA	4107990
4	33000016	35210906	NA	2210891	32228	2.0081023	32155	1840	5785.0	mappable	0.07307222	4.0	NA	0.00346239448	0.00052273915	0.0012073305	0.09489378	0.09541652	33000016	33000105	35210846	35210906	0.136218873	1	381878.3	19.832742	0.9335415	NA	NA	0.0	1.00405116	1.0040512	1	1	1:1	2	neutral	4107990
4	35210907	35225588	DUP	14682	222	2.7209941	209	0	28.0	mappable	NA	NA	identical	0.19925903409	0.07692307692	0.1953926695	0.14449029	0.22141336	35210907	35210969	35225480	35225588	NA	missing	480027.1	NA	1.1294	NA	NA	NA	NA	NA	NA	NA	NA	NA	NA	4107990
4	35225589	49089961	DUP	13864376	200145	2.0081023	199424	11424	37318.0	mappable	0.07951346	4.0	self	0.00076823054	8.233841e-05	0.0037721039	0.08429969	0.08438203	35225589	35225659	49089961	49089961	0.159227419	1	381878.3	19.832742	0.9335415	NA	NA	0.0	1.00405116	1.0040512	1	1	1:1	2	neutral	4107990
4	52680564	120840031	NA	68159475	925776	2.0081023	922776	45824	173325.0	mappable	0.078725	4.0	NA	0.00154989188	2.048257e-05	0.0004032709	0.07685683	0.07687731	52680564	52680564	120839992	120840031	0.15013411	1	381878.3	19.832742	0.9335415	NA	NA	0.0	1.00405116	1.0040512	1	1	1:1	2	neutral	4107990
4	120840032	120849988	NA	9957	167	1.6734508	167	0	30.0	mappable	NA	NA	NA	NA	inf	0.0924073305	0.15058545	inf	120840032	120840071	120849946	120849988	NA	missing	384897.1	NA	0.8416	NA	NA	NA	NA	NA	NA	NA	NA	NA	NA	4107990
4	120849989	134636964	NA	13786976	183868	2.0081023	183366	8626	34290.0	mappable	0.08165588	4.0	NA	0.00217827708	0.00010955302	0.0061640701	0.0843284	0.08443795	120849989	120850031	134636951	134636964	0.142232644	1	381878.3	19.832742	0.9335415	NA	NA	0.0	1.00405116	1.0040512	1	1	1:1	2	neutral	4107990
4	134636965	134695620	DEL	58656	664	1.2326674	662	3	108.0	mappable	0.53194135	NA	identical	0.44068279782	0.2	0.2135073305	0.1262627	0.3262627	134636965	134636992	134695336	134695620	NA	missing	310498.1	23.287361	0.7205	NA	NA	NA	NA	NA	NA	NA	NA	NA	NA	4107990
4	134695621	147969968	DEL	13274352	175146	2.0081023	174667	7196	33497.0	mappable	0.07789435	4.0	self	0.00163564896	0.00013029316	0.0015515611	0.08452322	0.08465351	134695621	134695723	147969914	147970022	0.14449849	1	381878.3	19.832742	0.9335415	NA	NA	0.0	1.00405116	1.0040512	1	1	1:1	2	neutral	4107990
4	147969968	147980086	NA	10119	141	2.29487	134	0	19.0	mappable	NA	6.0	NA	0.01953175723	0.14285714286	0.1067926695	0.15032192	0.29317907	147969914	147970022	147979944	147980086	NA	missing	714652.4	NA	1.0123275	NA	NA	NA	NA	NA	NA	NA	NA	NA	NA	4107990
4	147980087	148330001	NA	349915	4347	2.0257864	4338	63	866.0	mappable	0.109275	NA	NA	0.06672093885	0.01388888889	0.0043926695	0.10859741	0.1224863	147980087	147980229	148329977	148330025	0.304493699	1	402461.1	21.380746	0.9384	NA	NA	0.0	1.01289322	1.0128932	1	1	1:1	2	neutral	4107990
4	148330001	148350032	NA	20032	289	1.7827877	287	0	63.0	mappable	NA	9.0	NA	0.28021196449	0.5	0.0858073305	0.13995783	0.63995783	148329977	148330025	148349989	148350075	NA	missing	382912.8	NA	0.871639	NA	NA	NA	NA	NA	NA	NA	NA	NA	NA	4107990
4	148350032	189510011	NA	41159988	603750	2.0081023	601539	30437	113933.0	mappable	0.078725	4.0	self	0.00099968549	3.063162e-05	0.0043359979	0.07906782	0.07909846	148349989	148350075	189509983	189510039	0.150448224	1	381878.3	19.832742	0.9335415	NA	NA	0.0	1.00405116	1.0040512	1	1	1:1	2	neutral	4107990
4	189510011	189530005	NA	19995	422	2.1564564	421	3	70.0	mappable	0.20940099	NA	NA	0.10483987824	0.25	0.0402926695	0.13998396	0.38998396	189509983	189510039	189529986	189530005	NA	missing	399961.6	22.561934	0.9743	NA	NA	NA	NA	NA	NA	NA	NA	NA	NA	4107990
4	189530006	189570010	NA	40005	774	1.8180005	771	20	168.0	mappable	0.073825	2.0	NA	0.00811260552	0.04347826087	0.0471073305	0.13082248	0.17430074	189530006	189530025	189569993	189570027	NA	missing	367822.4	19.074774	0.8813133	NA	NA	NA	NA	NA	NA	NA	NA	NA	NA	4107990
4	189570010	190790008	NA	1219999	26168	2.0081023	25537	1435	5266.0	mappable	0.078725	4.0	self	0.00338760552	0.0004842615	0.0050926695	0.09891956	0.09940382	189569993	189570027	190789993	190790023	0.133481598	1	381878.3	19.832742	0.9335415	NA	NA	0.0	1.00405116	1.0040512	1	1	1:1	2	neutral	4107990
4	190790008	190799944	NA	9937	292	1.8180005	284	0	36.0	mappable	NA	2.0	edge	0.0321766802	0.125	0.0627073305	0.15061835	0.27561835	190789993	190790023	190799944	190799944	NA	missing	367822.4	NA	0.8813133	NA	NA	NA	NA	NA	NA	NA	NA	NA	NA	4107990
5	50017	3649993	NA	3599977	61936	2.7462265	61485	3023	12053.0	mappable	0.08215	5.0	edge	0.00338760552	0.00028785262	0.1817926695	0.09182924	0.09211709	50017	50017	3649979	3650007	0.255925518	1	470304.3	25.639305	1.1363323	NA	NA	0.0	1.37311323	1.3731132	sub	sub	sub:sub	sub	sub	4107990
5	3649993	3679963	NA	29971	463	2.29487	463	30	83.0	mappable	0.09029265	6.0	NA	0.01153025258	0.03333333333	0.0912926695	0.13448742	0.16782075	3649979	3650007	3679922	3680004	NA	missing	714652.4	38.509483	1.0123275	NA	NA	NA	NA	NA	NA	NA	NA	NA	NA	4107990
5	3679963	46399990	NA	42720031	627252	2.7462265	625180	30426	117342.0	mappable	0.078725	5.0	NA	0.00198972463	3.077112e-05	0.1958793152	0.07890041	0.07893119	3679922	3680004	46399990	46399990	0.247361052	1	470304.3	25.639305	1.1363323	NA	NA	0.0	1.37311323	1.3731132	sub	sub	sub:sub	sub	sub	4107990
5	49470005	51969931	NA	2499927	33499	2.7462265	33345	1394	6141.0	mappable	0.08169457	5.0	NA	0.00338760552	0.00064599483	0.1993926695	0.09410235	0.09474834	49470005	49470005	51969756	51969931	0.220687629	1	470304.3	25.639305	1.1363323	NA	NA	0.0	1.37311323	1.3731132	sub	sub	sub:sub	sub	sub	4107990
5	51969932	51979995	NA	10064	176	2.29487	175	2	38.0	mappable	0.18759936	6.0	NA	0.00310307098	0.33333333333	0.0790926695	0.15041081	0.48374415	51969932	51970107	51979971	51980019	NA	missing	714652.4	38.509483	1.0123275	NA	NA	NA	NA	NA	NA	NA	NA	NA	NA	4107990
5	51979995	54490089	NA	2510095	34863	2.7462265	34741	1863	6387.0	mappable	0.08095357	5.0	NA	0.00338760552	0.00050377834	0.1930926695	0.09407643	0.09458021	51979971	51980019	54489986	54490192	0.271934733	1	470304.3	25.639305	1.1363323	NA	NA	0.0	1.37311323	1.3731132	sub	sub	sub:sub	sub	sub	4107990
5	54490089	54499980	NA	9892	218	3.0605903	218	0	38.0	mappable	NA	NA	NA	NA	inf	0.2886926695	0.15069266	inf	54489986	54490192	54499912	54499980	NA	missing	504401.4	NA	1.2227	NA	NA	NA	NA	NA	NA	NA	NA	NA	NA	4107990
5	54499981	59560016	NA	5060036	69417	2.7462265	69214	3202	13283.0	mappable	0.078725	5.0	NA	3.739448e-05	0.00029368576	0.2056926695	0.08980403	0.09009771	54499981	54500049	59559952	59560016	0.281353368	1	470304.3	25.639305	1.1363323	NA	NA	0.0	1.37311323	1.3731132	sub	sub	sub:sub	sub	sub	4107990
5	59560017	59570010	NA	9994	128	2.29487	128	7	18.0	mappable	0.06737857	6.0	NA	0.01138382305	0.14285714286	0.0891926695	0.15052481	0.29338195	59560017	59560081	59569983	59570037	NA	missing	714652.4	38.509483	1.0123275	NA	NA	NA	NA	NA	NA	NA	NA	NA	NA	4107990
5	59570010	60919856	NA	1349847	15198	2.7462265	15149	886	2750.0	mappable	0.08054545	5.0	NA	0.00113945737	0.00106951872	0.1969926695	0.09821077	0.09928029	59569983	59570037	60919645	60919856	0.236985711	1	470304.3	25.639305	1.1363323	NA	NA	0.0	1.37311323	1.3731132	sub	sub	sub:sub	sub	sub	4107990
5	60919857	60940050	NA	20194	275	2.5561097	266	0	44.0	mappable	NA	NA	NA	0.03406286618	0.11111111111	0.1500926695	0.13984411	0.25095522	60919857	60920068	60939988	60940050	NA	missing	450354.4	NA	1.0841	NA	NA	NA	NA	NA	NA	NA	NA	NA	NA	4107990
5	60940051	68829703	NA	7889653	102856	2.7462265	102620	4385	19542.0	mappable	0.078725	5.0	NA	0.0017329312	0.00021640338	0.2025299925	0.08729229	0.0875087	60940051	60940113	68829703	68829703	0.247615301	1	470304.3	25.639305	1.1363323	NA	NA	0.0	1.37311323	1.3731132	sub	sub	sub:sub	sub	sub	4107990
5	70750153	133985039	NA	63234887	889586	2.7462265	887018	41839	166799.0	mappable	0.078725	5.0	NA	3.729071e-05	2.251897e-05	0.2013255362	0.07717771	0.07720023	70750153	70750153	133979933	133985039	0.249934729	1	470304.3	25.639305	1.1363323	NA	NA	0.0	1.37311323	1.3731132	sub	sub	sub:sub	sub	sub	4107990
5	133985040	134030038	NA	44999	212	3.0078378	212	3	48.0	mappable	0.19381065	3.0	NA	0.11504825366	0.33333333333	0.2965926695	0.12938615	0.46271948	133985040	133990146	134009864	134050212	NA	missing	503276.3	30.289136	1.2082069	NA	NA	NA	NA	NA	NA	NA	NA	NA	NA	4107990
5	134030038	149469965	NA	15439928	205756	2.7462265	205096	9042	39237.0	mappable	0.08215	5.0	NA	0.00338760552	0.00010307153	0.2002926695	0.08375152	0.08385459	134009864	134050212	149469895	149470035	0.252642678	1	470304.3	25.639305	1.1363323	NA	NA	0.0	1.37311323	1.3731132	sub	sub	sub:sub	sub	sub	4107990
5	149469965	149479955	NA	9991	134	3.3324856	134	1	32.0	mappable	0.20930233	NA	NA	0.1305399311	1.0	0.3633926695	0.15052971	1.15052971	149469895	149470035	149479877	149479955	NA	missing	527272.0	31.881563	1.2974	NA	NA	NA	NA	NA	NA	NA	NA	NA	NA	4107990
5	149479956	172219929	NA	22739975	326147	2.7462265	325169	15539	62112.0	mappable	0.0753	5.0	NA	0.00044951042	6.054368e-05	0.202798668	0.08183732	0.08189787	149479956	149480034	172219827	172220031	0.248734798	1	470304.3	25.639305	1.1363323	NA	NA	0.0	1.37311323	1.3731132	sub	sub	sub:sub	sub	sub	4107990
5	172219929	172250007	NA	30079	526	3.0078378	524	26	98.0	mappable	0.17980988	3.0	NA	0.10807015269	0.03571428571	0.2775926695	0.1344405	0.17015479	172219827	172220031	172249994	172250007	NA	missing	503276.3	30.289136	1.2082069	NA	NA	NA	NA	NA	NA	NA	NA	NA	NA	4107990
5	172250008	179020062	NA	6770055	86728	2.7462265	86367	4149	16869.0	mappable	0.0753	5.0	NA	0.00346239448	0.00022172949	0.1941926695	0.0881417	0.08836343	172250008	172250021	179009935	179020062	0.265363281	1	470304.3	25.639305	1.1363323	NA	NA	0.0	1.37311323	1.3731132	sub	sub	sub:sub	sub	sub	4107990
5	179020063	179049967	NA	29905	388	2.3894055	388	0	77.0	mappable	NA	NA	NA	NA	inf	0.1042926695	0.13451619	inf	179020063	179030190	179049875	179049967	NA	missing	403597.0	NA	1.0383	NA	NA	NA	NA	NA	NA	NA	NA	NA	NA	4107990
5	179049968	180689979	NA	1640012	21234	2.7462265	21110	1138	4143.0	mappable	0.081175	5.0	edge	0.00338760552	0.00079239303	0.1968926695	0.09687447	0.09766686	179049968	179050060	180689979	180689979	0.261394806	1	470304.3	25.639305	1.1363323	NA	NA	0.0	1.37311323	1.3731132	sub	sub	sub:sub	sub	sub	4107990
6	201976	19039515	NA	18837543	283085	2.0081023	281763	15359	54485.0	mappable	0.078725	4.0	edge	0.00205664319	5.994844e-05	0.002259537	0.08275711	0.08281706	201976	201976	19039450	19039515	0.142043377	1	381878.3	19.832742	0.9335415	NA	NA	0.0	1.00405116	1.0040512	1	1	1:1	2	neutral	4107990
6	19039516	19041307	INV	1792	24	2.2236185	24	2	7.0	mappable	0.11688312	10.0	identical	0.0381207224	0.5	0.0524926695	0.18505916	0.68505916	19039516	19039625	19041248	19041307	NA	missing	405712.6	21.875416	0.992752	NA	NA	NA	NA	NA	NA	NA	NA	NA	NA	4107990
6	19041308	24149971	INV	5108664	78729	2.0081023	78425	3940	15020.0	mappable	0.07973333	4.0	NA	3.739448e-05	0.00023562677	0.0053073305	0.08974842	0.08998405	19041308	19041346	24149942	24149971	0.156744709	1	381878.3	19.832742	0.9335415	NA	NA	0.0	1.00405116	1.0040512	1	1	1:1	2	neutral	4107990
6	24149972	24169989	NA	20018	300	2.2725669	300	0	62.0	mappable	NA	NA	NA	NA	inf	0.0721926695	0.13996771	inf	24149972	24150001	24169973	24170005	NA	missing	409622.9	NA	1.0062	NA	NA	NA	NA	NA	NA	NA	NA	NA	NA	4107990
6	24169989	44555016	NA	20385028	302319	2.0081023	299033	16573	57803.0	mappable	0.08215	4.0	NA	0.00338760552	5.0355e-05	0.0034926695	0.08236891	0.08241926	24169973	24170005	44549991	44555016	0.204750674	1	381878.3	19.832742	0.9335415	NA	NA	0.0	1.00405116	1.0040512	1	1	1:1	2	neutral	4107990
6	44555017	44580003	NA	24987	367	2.1713797	367	0	72.0	mappable	NA	NA	NA	NA	inf	0.0443926695	0.13690294	inf	44555017	44560042	44579996	44580010	NA	missing	368706.2	NA	0.9784	NA	NA	NA	NA	NA	NA	NA	NA	NA	NA	4107990
6	44580003	58019982	NA	13439982	195093	2.0081023	192971	7812	36860.0	mappable	0.078725	4.0	NA	4.76153e-05	0.00010066438	0.0041633325	0.08445936	0.08456002	44579996	44580010	58019982	58019982	0.157006262	1	381878.3	19.832742	0.9335415	NA	NA	0.0	1.00405116	1.0040512	1	1	1:1	2	neutral	4107990
6	58610011	58769997	NA	159987	572	2.0081023	572	29	85.0	mappable	0.07156923	4.0	self	0.00719316371	0.03448275862	0.0091926695	0.11568989	0.15017265	58610011	58610011	58769997	58769997	NA	missing	381878.3	19.832742	0.9335415	NA	NA	NA	NA	NA	NA	NA	NA	NA	NA	4107990
6	61890002	88076525	NA	26186526	369284	2.0081023	368081	18016	68868.0	mappable	0.08215	4.0	NA	0.00291424956	5.203455e-05	0.0004550602	0.08116118	0.08121322	61890002	61890002	88076520	88076530	0.139163606	1	381878.3	19.832742	0.9335415	NA	NA	0.0	1.00405116	1.0040512	1	1	1:1	2	neutral	4107990
6	88076525	88089969	NA	13445	193	2.2984097	193	0	34.0	mappable	NA	NA	NA	NA	inf	0.0792926695	0.14582805	inf	88076520	88076530	88089901	88089969	NA	missing	388430.0	NA	1.0133	NA	NA	NA	NA	NA	NA	NA	NA	NA	NA	4107990
6	88089970	118630041	NA	30540074	411146	2.0081023	409924	16820	78138.0	mappable	0.078725	4.0	NA	3.20761e-05	5.543237e-05	0.00122077	0.08043693	0.08049237	88089970	88090038	118629890	118630192	0.14762836	1	381878.3	19.832742	0.9335415	NA	NA	0.0	1.00405116	1.0040512	1	1	1:1	2	neutral	4107990
6	118630041	118670008	NA	39968	599	1.7786419	599	0	123.0	mappable	NA	NA	NA	NA	inf	0.0635073305	0.1308339	inf	118629890	118630192	118669966	118670008	NA	missing	389285.7	NA	0.8705	NA	NA	NA	NA	NA	NA	NA	NA	NA	NA	4107990
6	118670009	170899935	NA	52229936	758090	2.0081023	755191	35197	145282.0	mappable	0.078725	4.0	edge	0.00163382465	2.625016e-05	0.0020427199	0.07800807	0.07803432	118670009	118670051	170899935	170899935	0.160493988	1	381878.3	19.832742	0.9335415	NA	NA	0.0	1.00405116	1.0040512	1	1	1:1	2	neutral	4107990
7	40386	3729991	NA	3689606	66996	2.7792994	66521	3825	12783.0	mappable	0.1575	12.0	edge	0.06846260552	0.00023261224	0.2124926695	0.09167989	0.0919125	40386	40386	3729939	3729991	0.655116212	2	468122.7	27.684991	1.1454187	19.03103	0.6371128	0.2742256	1.00857217	1.7707272	2	1	2:1	3	gain	4107990
7	3729992	3739940	NA	9949	271	3.1322949	271	27	43.0	mappable	0.06320116	NA	NA	0.01556123618	0.03703703704	0.3083926695	0.1505986	0.18763564	3729992	3730044	3739876	3739940	NA	missing	514651.0	29.408629	1.2424	NA	NA	NA	NA	NA	NA	NA	NA	NA	NA	4107990
7	3739941	4240005	NA	500065	11619	2.7792994	11583	630	2174.0	mappable	0.161775	12.0	NA	0.07873760552	0.0015015015	0.2228926695	0.1056426	0.1071441	3739941	3740005	4239989	4240021	0.622794072	2	468122.7	27.684991	1.1454187	19.03103	0.6371128	0.2742256	1.00857217	1.7707272	2	1	2:1	3	gain	4107990
7	4240005	4310028	NA	70024	1503	2.7462265	1501	68	310.0	mappable	0.07470833	5.0	NA	0.00459572782	0.01428571429	0.1601926695	0.12425786	0.13854357	4239989	4240021	4309996	4310028	0.505358774	2	470304.3	25.639305	1.1363323	19.2726	0.5680212	0.1360425	1.1863115	1.559915	sub	1	sub:1	sub	sub	4107990
7	4310029	7819989	NA	3509961	43075	2.7792994	42968	1391	8704.0	mappable	0.13695	12.0	NA	0.06161260552	0.00066755674	0.2218926695	0.09198353	0.09265108	4310029	4310061	7819975	7820003	0.620370656	2	468122.7	27.684991	1.1454187	19.03103	0.6371128	0.2742256	1.00857217	1.7707272	2	1	2:1	3	gain	4107990
7	7819989	7840029	NA	20041	399	3.0078378	399	15	63.0	mappable	0.2019	3.0	NA	0.12313760552	0.06666666667	0.2994926695	0.13995148	0.20661815	7819975	7820003	7839959	7840029	NA	missing	503276.3	30.289136	1.2082069	NA	NA	NA	NA	NA	NA	NA	NA	NA	NA	4107990
7	7840030	9800003	NA	1959974	36583	2.7792994	36497	2259	6613.0	mappable	0.17783333	12.0	NA	0.09928760552	0.00042643923	0.2157926695	0.09568278	0.09610922	7840030	7840100	9799916	9800090	0.679437644	2	468122.7	27.684991	1.1454187	19.03103	0.6371128	0.2742256	1.00857217	1.7707272	2	1	2:1	3	gain	4107990
7	9800003	9810019	NA	10017	191	3.3073708	188	0	31.0	mappable	NA	NA	NA	0.16497566522	0.33333333333	0.3564926695	0.15048725	0.48382058	9799916	9800090	9809985	9810053	NA	missing	450094.4	NA	1.2905	NA	NA	NA	NA	NA	NA	NA	NA	NA	NA	4107990
7	9810019	16889980	NA	7079962	125739	2.7792994	125282	7892	23253.0	mappable	0.160925	12.0	NA	0.08216260552	0.00011977482	0.2021926695	0.08789157	0.08801135	9809985	9810053	16889960	16889980	0.679709471	2	468122.7	27.684991	1.1454187	19.03103	0.6371128	0.2742256	1.00857217	1.7707272	2	1	2:1	3	gain	4107990
7	16889981	16900006	NA	10026	202	2.3814663	202	34	27.0	mappable	0.2707549	8.0	NA	0.1919925013	0.02941176471	0.0503926695	0.15047258	0.17988434	16889981	16890001	16899932	16900080	0.684610182	2	405909.0	24.925346	1.0361188	18.24257	0.6806296	0.3612592	0.7605699	1.6208964	sub	1	sub:1	sub	sub	4107990
7	16900006	22050043	NA	5150038	86761	2.7792994	86552	3769	16464.0	mappable	0.1604875	12.0	NA	0.08216260552	0.0002513826	0.2126926695	0.08970158	0.08995296	16899932	16900080	22049989	22050097	0.676187044	2	468122.7	27.684991	1.1454187	19.03103	0.6371128	0.2742256	1.00857217	1.7707272	2	1	2:1	3	gain	4107990
7	22050043	22069949	NA	19907	362	3.0078378	361	9	68.0	mappable	0.20347063	3.0	NA	0.12435335313	0.1	0.2994926695	0.14004633	0.24004633	22049989	22050097	22069867	22070031	NA	missing	503276.3	30.289136	1.2082069	NA	NA	NA	NA	NA	NA	NA	NA	NA	NA	4107990
7	22069949	38264076	NA	16194128	219353	2.7792994	218673	10770	41723.0	mappable	0.14775	12.0	NA	0.06846260552	8.734387e-05	0.2151926695	0.08351091	0.08359825	22069867	22070031	38264017	38264135	0.68556206	2	468122.7	27.684991	1.1454187	19.03103	0.6371128	0.2742256	1.00857217	1.7707272	2	1	2:1	3	gain	4107990
7	38264076	38450032	NA	185957	2000	2.3621068	1979	132	367.0	mappable	0.22725	NA	NA	0.14363760552	0.00653594771	0.0967926695	0.11425562	0.12079157	38264017	38264135	38449839	38450225	0.740304175	2	418376.4	25.466392	1.0308	18.89991	0.6726506	0.3453013	0.77323412	1.5888727	sub	1	sub:1	sub	sub	4107990
7	38450032	47050061	NA	8600030	116350	2.7792994	115951	5959	22190.0	mappable	0.16113514	12.0	NA	0.08216260552	0.00015728216	0.2130926695	0.08682097	0.08697825	38449839	38450225	47049981	47050061	0.660386259	2	468122.7	27.684991	1.1454187	19.03103	0.6371128	0.2742256	1.00857217	1.7707272	2	1	2:1	3	gain	4107990
7	47050062	47060004	NA	9943	172	3.195264	172	0	30.0	mappable	NA	NA	NA	NA	inf	0.3256926695	0.15060847	inf	47050062	47050142	47059992	47060016	NA	missing	526143.8	NA	1.2597	NA	NA	NA	NA	NA	NA	NA	NA	NA	NA	4107990
7	47060004	51719994	NA	4659991	68403	2.7792994	68204	4122	12740.0	mappable	0.14938214	12.0	NA	0.0673733198	0.00023142791	0.2223926695	0.09028573	0.09051715	47059992	47060016	51719970	51720018	0.684909948	2	468122.7	27.684991	1.1454187	19.03103	0.6371128	0.2742256	1.00857217	1.7707272	2	1	2:1	3	gain	4107990
7	51719994	51740007	NA	20014	337	3.0078378	337	21	69.0	mappable	0.23483995	3.0	NA	0.1560775565	0.04761904762	0.3093926695	0.13997053	0.18758958	51719970	51720018	51739974	51740040	NA	missing	503276.3	30.289136	1.2082069	NA	NA	NA	NA	NA	NA	NA	NA	NA	NA	4107990
7	51740007	53460007	NA	1720001	29318	2.7792994	29224	1748	5515.0	mappable	0.14264038	12.0	NA	0.06846260552	0.00054288817	0.1995926695	0.09655316	0.09709605	51739974	51740040	53459997	53460007	0.6524002	2	468122.7	27.684991	1.1454187	19.03103	0.6371128	0.2742256	1.00857217	1.7707272	2	1	2:1	3	gain	4107990
7	53460008	53589991	NA	129984	2307	3.4365847	2302	6	268.0	mappable	0.045375	NA	NA	0.02273739448	0.09090909091	0.3919926695	0.11773034	0.20863943	53460008	53460018	53589971	53590011	NA	missing	292660.3	17.360937	1.326	NA	NA	NA	NA	NA	NA	NA	NA	NA	NA	4107990
7	53589991	57950003	NA	4360013	40998	2.7792994	40852	2318	7638.0	mappable	0.17805	12.0	NA	0.09586260552	0.00040584416	0.1984926695	0.09067868	0.09108452	53589971	53590011	57949988	57950003	0.683993902	2	468122.7	27.684991	1.1454187	19.03103	0.6371128	0.2742256	1.00857217	1.7707272	2	1	2:1	3	gain	4107990
7	57950004	57959971	NA	9968	513	3.0078378	497	0	79.0	mappable	NA	3.0	NA	0.1299899311	0.0625	0.3048926695	0.15056739	0.21306739	57950004	57950019	57959940	57960002	NA	missing	503276.3	NA	1.2082069	NA	NA	NA	NA	NA	NA	NA	NA	NA	NA	4107990
7	57959971	57999988	NA	40018	1951	2.7792994	1931	0	356.0	mappable	NA	12.0	NA	0.05096747565	0.05	0.1757926695	0.13081847	0.18081847	57959940	57960002	57999988	57999988	NA	missing	468122.7	NA	1.1454187	NA	NA	NA	NA	NA	NA	NA	NA	NA	NA	4107990
7	61530139	62280016	NA	749878	14248	2.7462265	13923	302	2144.0	mappable	0.13894444	5.0	NA	0.01574521421	0.00159489633	0.2194926695	0.10247846	0.10407336	61530139	61530139	62279998	62280016	0.693775196	2	470304.3	25.639305	1.1363323	19.2726	0.5680212	0.1360425	1.1863115	1.559915	sub	1	sub:1	sub	sub	4107990
7	62280017	62289905	NA	9889	273	3.0078378	254	0	51.0	mappable	NA	3.0	NA	0.1333685579	0.05263157895	0.2985926695	0.15069763	0.20332921	62280017	62280035	62289789	62290021	NA	missing	503276.3	NA	1.2082069	NA	NA	NA	NA	NA	NA	NA	NA	NA	NA	4107990
7	62289905	72229988	NA	9940084	99725	2.7792994	99187	5477	19332.0	mappable	0.14290833	12.0	NA	0.06503760552	0.00016625104	0.2080926695	0.08604065	0.0862069	62289789	62290021	72229988	72229988	0.670694045	2	468122.7	27.684991	1.1454187	19.03103	0.6371128	0.2742256	1.00857217	1.7707272	2	1	2:1	3	gain	4107990
7	72750118	74139961	NA	1389844	10238	2.7462265	10197	289	2132.0	mappable	0.11055278	5.0	NA	0.03763760552	0.00303030303	0.2216926695	0.09800803	0.10103833	72750118	72750118	74139961	74139961	0.591784072	2	470304.3	25.639305	1.1363323	19.2726	0.5680212	0.1360425	1.1863115	1.559915	sub	1	sub:1	sub	sub	4107990
7	75160045	76059952	NA	899908	8428	2.7462265	8380	366	1770.0	mappable	0.11315259	5.0	NA	0.03986088138	0.00241545894	0.2269926695	0.10111521	0.10353067	75160045	75160045	76059952	76059952	0.664636042	2	470304.3	25.639305	1.1363323	19.2726	0.5680212	0.1360425	1.1863115	1.559915	sub	1	sub:1	sub	sub	4107990
7	76810004	104300006	NA	27490004	351893	2.7792994	350548	16970	66829.0	mappable	0.16551364	12.0	NA	0.08717457872	5.460005e-05	0.2102688296	0.08093102	0.08098562	76810004	76810004	104299968	104300044	0.679933221	2	468122.7	27.684991	1.1454187	19.03103	0.6371128	0.2742256	1.00857217	1.7707272	2	1	2:1	3	gain	4107990
7	104300006	104310085	NA	10080	175	3.1410305	175	17	33.0	mappable	0.275075	NA	NA	0.19631260552	0.05882352941	0.3107926695	0.15038489	0.20920842	104299968	104300044	104309899	104310085	NA	missing	532948.0	33.717118	1.2448	NA	NA	NA	NA	NA	NA	NA	NA	NA	NA	4107990
7	104310086	122030019	NA	17719934	234965	2.7792994	234192	10790	44591.0	mappable	0.167775	12.0	NA	0.08901260552	8.649023e-05	0.2091926695	0.08306038	0.08314687	104310086	104310272	122029953	122030085	0.659448871	2	468122.7	27.684991	1.1454187	19.03103	0.6371128	0.2742256	1.00857217	1.7707272	2	1	2:1	3	gain	4107990
7	122030019	122050189	NA	20171	265	3.023828	265	15	46.0	mappable	0.09490497	NA	NA	0.01614257979	0.06666666667	0.2785926695	0.13986019	0.20652686	122029953	122030085	122049995	122050189	NA	missing	514393.0	28.993059	1.2126	NA	NA	NA	NA	NA	NA	NA	NA	NA	NA	4107990
7	122050190	126810004	NA	4759815	65602	2.7792994	65412	3018	12167.0	mappable	0.1575	12.0	NA	0.08216260552	0.0003117207	0.2020926695	0.09016127	0.09047299	122050190	122050384	126809970	126810038	0.694913719	2	468122.7	27.684991	1.1454187	19.03103	0.6371128	0.2742256	1.00857217	1.7707272	2	1	2:1	3	gain	4107990
7	126810004	126819952	NA	9949	145	3.0078378	139	0	16.0	mappable	NA	3.0	NA	0.12644089938	0.16666666667	0.3001926695	0.1505986	0.31726527	126809970	126810038	126819896	126819952	NA	missing	503276.3	NA	1.2082069	NA	NA	NA	NA	NA	NA	NA	NA	NA	NA	4107990
7	126819953	138039924	NA	11219972	149217	2.7792994	148650	6596	29013.0	mappable	0.1712	12.0	NA	0.08901260552	0.00013960631	0.2088926695	0.08539868	0.08553829	126819953	126820009	138039799	138039924	0.68216628	2	468122.7	27.684991	1.1454187	19.03103	0.6371128	0.2742256	1.00857217	1.7707272	2	1	2:1	3	gain	4107990
7	138039925	138054896	NA	14972	191	3.0078378	191	9	36.0	mappable	0.19208367	3.0	NA	0.11332127108	0.11111111111	0.2973926695	0.14419632	0.25530743	138039925	138040050	138049780	138060012	NA	missing	503276.3	30.289136	1.2082069	NA	NA	NA	NA	NA	NA	NA	NA	NA	NA	4107990
7	138054896	138129922	NA	75027	806	2.7462265	799	68	150.0	mappable	0.10447885	5.0	NA	0.02040491321	0.01333333333	0.1502926695	0.12349397	0.13682731	138049780	138060012	138119829	138129922	0.496489139	2	470304.3	25.639305	1.1363323	19.2726	0.5680212	0.1360425	1.1863115	1.559915	sub	1	sub:1	sub	sub	4107990
7	138129923	148210004	NA	10080083	129610	2.7792994	129246	5599	24847.0	mappable	0.16437609	12.0	NA	0.08433698891	0.00016772895	0.2067639958	0.08596603	0.08613376	138129923	138140016	148209995	148210013	0.682712648	2	468122.7	27.684991	1.1454187	19.03103	0.6371128	0.2742256	1.00857217	1.7707272	2	1	2:1	3	gain	4107990
7	148210004	148229862	NA	19859	295	3.0795174	295	2	46.0	mappable	0.09043928	NA	NA	0.011676882	0.5	0.2938926695	0.14008049	0.64008049	148209995	148210013	148229630	148229862	NA	missing	488310.9	26.623667	1.2279	NA	NA	NA	NA	NA	NA	NA	NA	NA	NA	4107990
7	148229863	155379994	NA	7150132	90382	2.7792994	89976	5166	17356.0	mappable	0.160925	12.0	NA	0.07531260552	0.00017946877	0.2051926695	0.08783665	0.08801612	148229863	148230095	155379989	155379994	0.647361778	2	468122.7	27.684991	1.1454187	19.03103	0.6371128	0.2742256	1.00857217	1.7707272	2	1	2:1	3	gain	4107990
7	155379995	155389995	NA	10001	191	2.4043288	191	0	39.0	mappable	NA	NA	NA	NA	inf	0.1083926695	0.15051336	inf	155379995	155380000	155389971	155390019	NA	missing	378591.2	NA	1.0424	NA	NA	NA	NA	NA	NA	NA	NA	NA	NA	4107990
7	155389995	157659920	NA	2269926	39147	2.7792994	38904	1819	7684.0	mappable	0.130875	12.0	NA	0.05133760552	0.00048496605	0.1994926695	0.09472292	0.09520789	155389971	155390019	157659813	157660027	0.66799886	2	468122.7	27.684991	1.1454187	19.03103	0.6371128	0.2742256	1.00857217	1.7707272	2	1	2:1	3	gain	4107990
7	157659920	157720001	NA	60082	1361	2.508428	1339	59	322.0	mappable	0.132675	NA	NA	0.06361260552	0.01234567901	0.1369926695	0.12598707	0.13833275	157659813	157660027	157719999	157720001	0.533021967	2	420446.7	23.863193	1.071	18.28051	0.6050043	0.2100087	0.99081814	1.5176098	sub	1	sub:1	sub	sub	4107990
7	157720002	159119808	NA	1399807	25486	2.7462265	25115	1405	5349.0	mappable	0.1027	5.0	edge	0.03421260552	0.00056306306	0.1962926695	0.09795856	0.09852162	157720002	157720004	159119808	159119808	0.632455703	2	470304.3	25.639305	1.1363323	19.2726	0.5680212	0.1360425	1.1863115	1.559915	sub	1	sub:1	sub	sub	4107990
8	170012	5519981	NA	5349973	155551	2.0081023	154635	8558	29355.0	mappable	0.078725	4.0	edge	0.00047729851	0.00010558547	0.0159953017	0.08948105	0.08958664	170012	170012	5519950	5520012	0.143628101	1	381878.3	19.832742	0.9335415	NA	NA	0.0	1.00405116	1.0040512	1	1	1:1	2	neutral	4107990
8	5519981	5530017	NA	10037	323	2.29487	314	0	50.0	mappable	NA	6.0	NA	0.04211239448	0.11111111111	0.0627926695	0.15045467	0.26156578	5519950	5520012	5529986	5530048	NA	missing	714652.4	NA	1.0123275	NA	NA	NA	NA	NA	NA	NA	NA	NA	NA	4107990
8	5530017	5540024	NA	10008	395	1.8180005	395	33	69.0	mappable	0.079625	2.0	NA	0.00086260552	0.0303030303	0.0589073305	0.15050193	0.18080496	5529986	5530048	5539996	5540052	0.32881228	1	367822.4	19.074774	0.8813133	NA	NA	0.0	0.90900026	0.9090003	1	1	1:1	2	neutral	4107990
8	5540024	6919904	NA	1379882	37558	2.0081023	37446	1823	7042.0	mappable	0.08215	4.0	self	0.00262970877	0.00051679587	0.0036499899	0.0980579	0.09857469	5539996	5540052	6919904	6919904	0.179393493	1	381878.3	19.832742	0.9335415	NA	NA	0.0	1.00405116	1.0040512	1	1	1:1	2	neutral	4107990
8	8100000	11859985	NA	3759992	79327	2.0081023	79168	2262	15579.0	mappable	0.08215	4.0	self	0.00590090671	0.00041305246	0.0018453413	0.09156546	0.09197851	8100000	8100000	11859985	11859985	0.164563101	1	381878.3	19.832742	0.9335415	NA	NA	0.0	1.00405116	1.0040512	1	1	1:1	2	neutral	4107990
8	12580042	17629994	NA	5049954	118991	2.0081023	118704	4988	22522.0	mappable	0.078725	4.0	self	0.00080348978	0.00018957346	0.0081634314	0.08981563	0.0900052	12580042	12580042	17629972	17630016	0.156175565	1	381878.3	19.832742	0.9335415	NA	NA	0.0	1.00405116	1.0040512	1	1	1:1	2	neutral	4107990
8	17629994	17669963	NA	39970	994	1.8180005	988	106	188.0	mappable	0.09528333	2.0	NA	0.01652093885	0.00892857143	0.0461073305	0.13083328	0.13976186	17629972	17630016	17669897	17669963	0.066063483	1	367822.4	19.074774	0.8813133	NA	NA	0.0	0.90900026	0.9090003	1	1	1:1	2	neutral	4107990
8	17669964	17679994	NA	10031	265	2.2236185	265	22	48.0	mappable	0.1012117	10.0	NA	0.02244930764	0.04545454545	0.0796926695	0.15046443	0.19591898	17669964	17670030	17679964	17680024	NA	missing	405712.6	21.875416	0.992752	NA	NA	NA	NA	NA	NA	NA	NA	NA	NA	4107990
8	17679994	43789991	NA	26109998	400724	2.0081023	399333	20576	76290.0	mappable	0.078725	4.0	self	3.739448e-05	4.552283e-05	0.0021073305	0.08117509	0.08122062	17679964	17680024	43789991	43789991	0.156190991	1	381878.3	19.832742	0.9335415	NA	NA	0.0	1.00405116	1.0040512	1	1	1:1	2	neutral	4107990
8	46880007	146289988	NA	99409986	1389085	2.0081023	1384398	64734	261456.0	mappable	0.078725	4.0	edge	0.00051916777	1.44059e-05	0.0002027662	0.07528168	0.07529609	46880007	46880007	146289988	146289988	0.144998688	1	381878.3	19.832742	0.9335415	NA	NA	0.0	1.00405116	1.0040512	1	1	1:1	2	neutral	4107990
9	200101	38769828	NA	38569746	645953	2.0081023	644117	30361	121454.0	mappable	0.078725	4.0	edge	0.00071358504	3.105976e-05	0.0011101003	0.07936204	0.0793931	200101	200101	38769828	38769828	0.146958924	1	381878.3	19.832742	0.9335415	NA	NA	0.0	1.00405116	1.0040512	1	1	1:1	2	neutral	4107990
9	66840048	66849972	NA	9925	540	2.29487	508	0	45.0	mappable	NA	6.0	NA	0.00487148539	0.03125	0.0567926695	0.15063813	0.18188813	66840048	66840048	66849972	66849972	NA	missing	714652.4	NA	1.0123275	NA	NA	NA	NA	NA	NA	NA	NA	NA	NA	4107990
9	68410004	68419976	NA	9973	1130	1.9770127	1043	0	314.0	mappable	NA	NA	NA	0.19976974837	0.01149425287	0.0090073305	0.15055919	0.16205345	68410004	68410004	68419976	68419976	NA	missing	2302206.0	NA	0.925	NA	NA	NA	NA	NA	NA	NA	NA	NA	NA	4107990
9	71030093	100745750	NA	29715663	394329	2.0081023	393071	18398	75294.0	mappable	0.08088333	4.0	self	0.00152123609	5.087505e-05	0.0005808427	0.08056486	0.08061573	71030093	71030093	100745613	100745750	0.14037092	1	381878.3	19.832742	0.9335415	NA	NA	0.0	1.00405116	1.0040512	1	1	1:1	2	neutral	4107990
9	100745751	100747765	DEL	2015	14	2.0081023	14	1	0.0	mappable	0.11111111	4.0	self	0.03234871663	1.0	0.0170073305	0.18220638	1.18220638	100745751	100745765	100747611	100747765	NA	missing	381878.3	19.832742	0.9335415	NA	NA	NA	NA	NA	NA	NA	NA	NA	NA	4107990
9	100747766	141019791	DEL	40272030	567358	2.0081023	565035	25254	108883.0	mappable	0.08215	4.0	edge	0.0045463481	3.626342e-05	0.0039165114	0.0791663	0.07920256	100747766	100747770	141019791	141019791	0.1505725	1	381878.3	19.832742	0.9335415	NA	NA	0.0	1.00405116	1.0040512	1	1	1:1	2	neutral	4107990
10	130013	39149984	NA	39019977	586170	2.0081023	583727	27010	114853.0	mappable	0.08215	4.0	edge	0.00299762312	3.395586e-05	0.001932978	0.07930934	0.0793433	130013	130013	39149984	39149984	0.152318856	1	381878.3	19.832742	0.9335415	NA	NA	0.0	1.00405116	1.0040512	1	1	1:1	2	neutral	4107990
10	42410000	42419998	NA	9999	529	2.2236185	522	6	84.0	mappable	0.07006346	10.0	NA	0.02676205607	0.07692307692	0.0966926695	0.15051663	0.22743971	42410000	42410000	42419994	42420002	NA	missing	405712.6	21.875416	0.992752	NA	NA	NA	NA	NA	NA	NA	NA	NA	NA	4107990
10	42419998	46159967	NA	3739970	43105	2.0081023	42941	1874	8158.0	mappable	0.07779167	4.0	self	3.739448e-05	0.00049067713	0.0055073305	0.09159776	0.09208844	42419994	42420002	46159967	46159967	0.142572439	1	381878.3	19.832742	0.9335415	NA	NA	0.0	1.00405116	1.0040512	1	1	1:1	2	neutral	4107990
10	48310177	48659961	NA	349785	5566	2.0081023	5553	252	1013.0	mappable	0.09855	4.0	self	0.02246260552	0.00377358491	0.0110073305	0.10860057	0.11237416	48310177	48310177	48659961	48659961	0.065114536	1	381878.3	19.832742	0.9335415	NA	NA	0.0	1.00405116	1.0040512	1	1	1:1	2	neutral	4107990
10	49390096	66319902	NA	16929808	235634	2.0081023	234909	10754	44255.0	mappable	0.08215	4.0	NA	0.00337589572	8.712319e-05	0.0020765001	0.083288	0.08337513	49390096	49390096	66319792	66319902	0.163954356	1	381878.3	19.832742	0.9335415	NA	NA	0.0	1.00405116	1.0040512	1	1	1:1	2	neutral	4107990
10	66319903	66350049	NA	30147	534	2.3122411	534	0	113.0	mappable	NA	NA	NA	NA	inf	0.0830926695	0.13441107	inf	66319903	66320013	66349859	66350049	NA	missing	408628.6	NA	1.0171	NA	NA	NA	NA	NA	NA	NA	NA	NA	NA	4107990
10	66350050	134590028	NA	68239984	960766	2.0081023	957419	45793	184323.0	mappable	0.078725	4.0	NA	0.00116385445	2.035002e-05	0.0017694444	0.0768518	0.07687215	66350050	66350240	134589987	134590028	0.141636311	1	381878.3	19.832742	0.9335415	NA	NA	0.0	1.00405116	1.0040512	1	1	1:1	2	neutral	4107990
10	134590029	134610003	NA	19975	342	1.4721682	342	19	78.0	mappable	0.14032115	NA	identical	0.06155875936	0.05263157895	0.1477073305	0.1399981	0.19262968	134590029	134590070	134609992	134610014	NA	missing	245987.5	12.299374	0.7863	NA	NA	NA	NA	NA	NA	NA	NA	NA	NA	4107990
10	134610003	135439925	NA	829923	14599	2.0081023	14410	550	2911.0	mappable	0.071875	4.0	edge	0.00346239448	0.00135317997	0.0147073305	0.10171586	0.10306904	134609992	134610014	135439925	135439925	0.232594061	1	381878.3	19.832742	0.9335415	NA	NA	0.0	1.00405116	1.0040512	1	1	1:1	2	neutral	4107990
11	190010	41769995	NA	41579990	603439	2.0081023	600937	31441	112742.0	mappable	0.078725	4.0	edge	0.0024560041	2.946202e-05	0.0025094628	0.07902207	0.07905153	190010	190010	41769958	41769995	0.168141274	1	381878.3	19.832742	0.9335415	NA	NA	0.0	1.00405116	1.0040512	1	1	1:1	2	neutral	4107990
11	41769996	41780033	NA	10038	217	2.5131597	217	0	44.0	mappable	NA	NA	NA	NA	inf	0.1382926695	0.15045304	inf	41769996	41770033	41779963	41780033	NA	missing	418254.0	NA	1.0723	NA	NA	NA	NA	NA	NA	NA	NA	NA	NA	4107990
11	41780034	48899996	NA	7119964	91604	2.0081023	91235	3481	17663.0	mappable	0.08251389	4.0	NA	0.0063878346	0.00025980774	0.0015978178	0.08786019	0.08812	41780034	41780104	48899996	48899996	0.156359693	1	381878.3	19.832742	0.9335415	NA	NA	0.0	1.00405116	1.0040512	1	1	1:1	2	neutral	4107990
11	48899997	50170092	NA	1270096	0	0.0	0	0	NA	mappable	NA	NA	NA	NA	inf	0.9340073305	0.09863632	inf	48899997	48899997	50170092	50170092	NA	missing	NA	NA	0.0	NA	NA	0.0	0.0	0.0	0	0	NA	0	homozygousDel	4107990
11	50170093	50519954	NA	349862	5801	2.0081023	5793	153	964.0	mappable	0.1093	4.0	NA	0.03513533279	0.00621118012	0.0080073305	0.1085987	0.11480988	50170093	50170093	50519880	50519954	0.14640068	1	381878.3	19.832742	0.9335415	NA	NA	0.0	1.00405116	1.0040512	1	1	1:1	2	neutral	4107990
11	50519955	50550071	NA	30117	851	2.29487	848	19	145.0	mappable	0.063325	6.0	NA	0.00966239448	0.04545454545	0.0622926695	0.13442405	0.17987859	50519955	50520029	50549995	50550147	NA	missing	714652.4	38.509483	1.0123275	NA	NA	NA	NA	NA	NA	NA	NA	NA	NA	4107990
11	50550071	50744966	NA	194896	5185	2.014139	5130	53	829.0	mappable	0.13261952	NA	NA	0.04448760552	0.00925925926	0.0011926695	0.1138152	0.12307446	50549995	50550147	50739928	50744966	0.379753234	2	416262.8	23.003998	0.9352	20.72669	0.5889493	0.1778986	0.8279132	1.1862258	1	1	1:1	2	mixDH	4107990
11	50744967	50766811	NA	21845	977	2.29487	960	0	192.0	mappable	NA	6.0	NA	0.01421715097	0.05882352941	0.0659926695	0.13874421	0.19756774	50744967	50750005	50766810	50766811	NA	missing	714652.4	NA	1.0123275	NA	NA	NA	NA	NA	NA	NA	NA	NA	NA	4107990
11	54792817	89349940	NA	34557127	455808	2.0081023	454125	18717	87039.0	mappable	0.08215	4.0	self	0.00360049191	4.901961e-05	0.0025581396	0.07986429	0.07991331	54792817	54792817	89349940	89349940	0.158968835	1	381878.3	19.832742	0.9335415	NA	NA	0.0	1.00405116	1.0040512	1	1	1:1	2	neutral	4107990
11	89850037	92710015	NA	2859981	43659	2.0081023	43486	2415	7844.0	mappable	0.078675	4.0	NA	0.00146609082	0.00038639876	0.0066169093	0.09325064	0.09363704	89850037	89850037	92709901	92710129	0.140291219	1	381878.3	19.832742	0.9335415	NA	NA	0.0	1.00405116	1.0040512	1	1	1:1	2	neutral	4107990
11	92710015	92720006	NA	9992	176	1.7182208	176	0	40.0	mappable	NA	NA	NA	NA	inf	0.0801073305	0.15052808	inf	92709901	92710129	92719981	92720006	NA	missing	336430.0	NA	0.8539	NA	NA	NA	NA	NA	NA	NA	NA	NA	NA	4107990
11	92720007	100132065	NA	7412059	109981	2.0081023	109635	5444	20455.0	mappable	0.0790311	4.0	NA	3.739448e-05	0.00017271157	0.0032073305	0.08763688	0.08780959	92720007	92720032	100131938	100132065	0.160578076	1	381878.3	19.832742	0.9335415	NA	NA	0.0	1.00405116	1.0040512	1	1	1:1	2	neutral	4107990
11	100132066	100133663	DEL	1598	26	1.7811898	26	0	6.0	mappable	NA	NA	NA	NA	inf	0.0628073305	0.18793369	inf	100132066	100132080	100133542	100133663	NA	missing	390926.7	NA	0.8712	NA	NA	NA	NA	NA	NA	NA	NA	NA	NA	4107990
11	100133664	134939862	DEL	34806200	510959	2.0081023	509136	24352	97488.0	mappable	0.078725	4.0	edge	0.00204154695	3.820731e-05	0.0018180709	0.07983127	0.07986947	100133664	100133681	134939862	134939862	0.147876562	1	381878.3	19.832742	0.9335415	NA	NA	0.0	1.00405116	1.0040512	1	1	1:1	2	neutral	4107990
12	160107	8762206	NA	8602100	116177	2.0081023	115577	4905	22869.0	mappable	0.08190357	4.0	edge	0.00338760552	0.00018165304	0.0019926695	0.08681966	0.08700131	160107	160107	8762167	8762206	0.166458388	1	381878.3	19.832742	0.9335415	NA	NA	0.0	1.00405116	1.0040512	1	1	1:1	2	neutral	4107990
12	8762207	8762214	INV	8	0	0.0	0	0	NA	mappable	NA	NA	NA	NA	inf	0.9340073305	0.66666667	inf	8762207	8762207	8762214	8762214	NA	missing	NA	NA	0.0	NA	NA	0.0	0.0	0.0	0	0	NA	0	homozygousDel	4107990
12	8762215	34819969	INV	26057756	362479	2.0081023	361137	18940	68380.0	mappable	0.078725	4.0	NA	0.00055349062	4.93048e-05	0.0006688744	0.08118462	0.08123392	8762215	8762215	34819969	34819969	0.149007085	1	381878.3	19.832742	0.9335415	NA	NA	0.0	1.00405116	1.0040512	1	1	1:1	2	neutral	4107990
12	38000003	38014978	NA	14976	875	2.2236185	870	0	119.0	mappable	NA	10.0	NA	0.08119406619	0.2	0.0561926695	0.14419232	0.34419232	38000003	38000003	38009949	38014978	NA	missing	405712.6	NA	0.992752	NA	NA	NA	NA	NA	NA	NA	NA	NA	NA	4107990
12	38014979	38029949	NA	14971	524	1.7174928	524	0	97.0	mappable	NA	NA	NA	NA	inf	0.0803073305	0.14419732	inf	38014979	38020008	38029861	38030037	NA	missing	390442.0	NA	0.8537	NA	NA	NA	NA	NA	NA	NA	NA	NA	NA	4107990
12	38029949	38089984	NA	60036	2122	2.0081023	2116	0	411.0	mappable	NA	4.0	NA	0.03287343548	0.16666666667	0.0102926695	0.12599584	0.2926625	38029861	38030037	38089967	38090001	NA	missing	381878.3	NA	0.9335415	NA	NA	NA	NA	NA	NA	NA	NA	NA	NA	4107990
12	38089984	38109935	NA	19952	565	1.7331441	565	0	96.0	mappable	NA	NA	NA	NA	inf	0.0760073305	0.14001439	inf	38089967	38090001	38099870	38120000	NA	missing	399034.3	NA	0.858	NA	NA	NA	NA	NA	NA	NA	NA	NA	NA	4107990
12	38109935	38895424	NA	785490	14711	2.0081023	14701	26	2695.0	mappable	0.077275	4.0	NA	0.01332906115	0.02777777778	0.0098073305	0.10212818	0.12990596	38099870	38120000	38895285	38895424	NA	missing	381878.3	19.832742	0.9335415	NA	NA	NA	NA	NA	NA	NA	NA	NA	NA	4107990
12	38895425	55205056	DUP	16309632	209253	3.9362516	208608	6950	40777.0	mappable	0.37344545	1.0	NA	0.29451260552	0.00013166557	0.5359926695	0.08347517	0.08360683	38895425	38895435	55199869	55210243	0.93903022	2	604979.3	41.177314	1.4632775	19.25221	0.7444213	0.4888425	1.00602224	2.9302293	3	1	3:1	4	gain	4107990
12	55205056	55220005	NA	14950	251	3.5508754	250	2	39.0	mappable	0.28909383	NA	NA	0.19601667528	0.33333333333	0.4233926695	0.14421838	0.47755171	55199869	55210243	55219987	55220005	NA	missing	565923.3	28.670573	1.3574	NA	NA	NA	NA	NA	NA	NA	NA	NA	NA	4107990
12	55220006	58799941	NA	3579936	39958	3.9362516	39798	1528	8018.0	mappable	0.3826379	1.0	NA	0.30478760552	0.00059241706	0.5508926695	0.09186321	0.09245562	55220006	55220024	58799844	58799941	0.946030503	2	604979.3	41.177314	1.4632775	19.25221	0.7444213	0.4888425	1.00602224	2.9302293	3	1	3:1	4	gain	4107990
12	58799942	58810011	NA	10070	158	3.5374081	158	23	34.0	mappable	0.27222623	NA	NA	0.19346383502	0.04347826087	0.4196926695	0.15040109	0.19387935	58799942	58800039	58809998	58810024	NA	missing	602924.0	39.062682	1.3537	NA	NA	NA	NA	NA	NA	NA	NA	NA	NA	4107990
12	58810011	72928339	NA	14118330	191828	3.9362516	191183	9280	36482.0	mappable	0.36985	1.0	NA	0.29194371635	0.00010075567	0.5226920095	0.08420675	0.0843075	58809998	58810024	72928248	72928339	0.938538173	2	604979.3	41.177314	1.4632775	19.25221	0.7444213	0.4888425	1.00602224	2.9302293	3	1	3:1	4	gain	4107990
12	72928340	89730077	DUP	16801738	226432	2.0081023	225861	8051	43027.0	mappable	0.078725	4.0	self	0.00106162366	0.00011598237	0.0045061187	0.08332602	0.083442	72928340	72928379	89729964	89730190	0.132005343	1	381878.3	19.832742	0.9335415	NA	NA	0.0	1.00405116	1.0040512	1	1	1:1	2	neutral	4107990
12	89730077	89749984	NA	19908	311	2.2236185	310	18	52.0	mappable	0.14069545	10.0	NA	0.0615233198	0.05263157895	0.0416926695	0.14004562	0.1926772	89729964	89730190	89749943	89750025	NA	missing	405712.6	21.875416	0.992752	NA	NA	NA	NA	NA	NA	NA	NA	NA	NA	4107990
12	89749984	89760031	NA	10048	125	1.7102131	109	0	27.0	mappable	NA	NA	NA	0.13768760552	0.0625	0.0823073305	0.15043678	0.21293678	89749943	89750025	89759971	89760031	NA	missing	382491.2	NA	0.8517	NA	NA	NA	NA	NA	NA	NA	NA	NA	NA	4107990
12	89760032	111015203	NA	21255177	294287	2.0081023	293317	12871	56486.0	mappable	0.078725	4.0	self	0.00264142832	7.224911e-05	0.0032273224	0.08216484	0.08223709	89760032	89760092	111015171	111015235	0.139947586	1	381878.3	19.832742	0.9335415	NA	NA	0.0	1.00405116	1.0040512	1	1	1:1	2	neutral	4107990
12	111015203	111209996	NA	194794	2000	1.5318614	1996	15	419.0	mappable	0.08980962	NA	identical	0.01329896915	0.05263157895	0.1313073305	0.11382009	0.16645167	111015171	111015235	111209826	111209996	NA	missing	302140.8	16.617744	0.8027	NA	NA	NA	NA	NA	NA	NA	NA	NA	NA	4107990
12	111209997	122461054	NA	11251058	148381	2.0081023	147776	6142	29591.0	mappable	0.0753	4.0	NA	3.739448e-05	0.00014821402	0.0027073305	0.08538413	0.08553234	111209997	111210167	122460784	122461054	0.147945552	1	381878.3	19.832742	0.9335415	NA	NA	0.0	1.00405116	1.0040512	1	1	1:1	2	neutral	4107990
12	122461055	122461086	INV	32	0	0.0	0	0	NA	mappable	NA	NA	NA	NA	inf	0.9340073305	0.4	inf	122461055	122461055	122461086	122461086	NA	missing	NA	NA	0.0	NA	NA	0.0	0.0	0.0	0	0	NA	0	homozygousDel	4107990
12	122461087	133799975	INV	11338889	171649	2.0081023	170685	9341	33355.0	mappable	0.08215	4.0	NA	0.00338760552	9.704969e-05	0.0089073305	0.08534325	0.0854403	122461087	122461148	133799931	133799975	0.168228183	1	381878.3	19.832742	0.9335415	NA	NA	0.0	1.00405116	1.0040512	1	1	1:1	2	neutral	4107990
12	133799976	133819926	NA	19951	350	1.8180005	350	28	65.0	mappable	0.07003696	2.0	edge	0.00872543796	0.03571428571	0.0770073305	0.1400151	0.17572939	133799976	133800020	133819926	133819926	NA	missing	367822.4	19.074774	0.8813133	NA	NA	NA	NA	NA	NA	NA	NA	NA	NA	4107990
13	19450038	25934920	NA	6484884	82204	2.0081023	81745	4553	15584.0	mappable	0.07799412	4.0	edge	0.00117333208	0.00019952115	0.0107855506	0.08838353	0.08858306	19450038	19450038	25929789	25934920	0.182079294	1	381878.3	19.832742	0.9335415	NA	NA	0.0	1.00405116	1.0040512	1	1	1:1	2	neutral	4107990
13	25934921	25960002	NA	25082	322	1.6603475	322	0	78.0	mappable	NA	NA	NA	NA	inf	0.0960073305	0.13685165	inf	25934921	25940052	25959950	25960054	NA	missing	356325.5	NA	0.838	NA	NA	NA	NA	NA	NA	NA	NA	NA	NA	4107990
13	25960002	105829992	NA	79869999	1137424	2.0081023	1133502	56904	214534.0	mappable	0.078725	4.0	NA	0.00116827432	1.644061e-05	0.0014202245	0.07618714	0.07620358	25959950	25960054	105829939	105829992	0.147536982	1	381878.3	19.832742	0.9335415	NA	NA	0.0	1.00405116	1.0040512	1	1	1:1	2	neutral	4107990
13	105829993	105839979	NA	9987	195	2.3380839	195	0	25.0	mappable	NA	NA	NA	NA	inf	0.0901926695	0.15053626	inf	105829993	105830046	105839922	105840036	NA	missing	428985.6	NA	1.0242	NA	NA	NA	NA	NA	NA	NA	NA	NA	NA	4107990
13	105839979	115099984	NA	9260006	148605	2.0081023	147754	7039	28598.0	mappable	0.078725	4.0	edge	0.00016182076	0.00012675878	0.0130258972	0.08642078	0.08654754	105839922	105840036	115099984	115099984	0.159194866	1	381878.3	19.832742	0.9335415	NA	NA	0.0	1.00405116	1.0040512	1	1	1:1	2	neutral	4107990
14	20330060	22340029	NA	2009970	28456	2.0081023	28316	1478	5526.0	mappable	0.078725	4.0	edge	3.739448e-05	0.00061842919	0.0004073305	0.09551672	0.09613515	20330060	20330060	22339931	22340127	0.151078126	1	381878.3	19.832742	0.9335415	NA	NA	0.0	1.00405116	1.0040512	1	1	1:1	2	neutral	4107990
14	22340029	22980034	NA	640006	11084	1.4818272	11018	617	1973.0	mappable	0.085575	NA	identical	0.00410042741	0.00146412884	0.1450536315	0.10369289	0.10515702	22339931	22340127	22979980	22980088	0.192202375	1	323767.0	17.040368	0.7889537	NA	NA	0.0	0.74091362	0.7409136	1	1	1:1	2	neutral	4107990
14	22980034	103529989	NA	80549960	1132902	2.0081023	1129142	50572	216532.0	mappable	0.078725	4.0	self	0.00159942565	1.840604e-05	0.0009622393	0.07615166	0.07617007	22979980	22980088	103529948	103530030	0.15514531	1	381878.3	19.832742	0.9335415	NA	NA	0.0	1.00405116	1.0040512	1	1	1:1	2	neutral	4107990
14	103529989	103559954	NA	29966	464	2.2598275	461	3	88.0	mappable	0.18754565	NA	identical	0.57178362001	0.16666666667	0.0686926695	0.1344896	0.30115626	103529948	103530030	103559895	103560013	NA	missing	328342.6	19.065053	1.0027	NA	NA	NA	NA	NA	NA	NA	NA	NA	NA	4107990
14	103559954	106068976	NA	2509023	35285	2.0081023	35043	1645	6891.0	mappable	0.078725	4.0	NA	3.739448e-05	0.00052994171	0.0031926695	0.09407916	0.0946091	103559895	103560013	106009942	106068976	0.19658575	1	381878.3	19.832742	0.9335415	NA	NA	0.0	1.00405116	1.0040512	1	1	1:1	2	neutral	4107990
14	106068977	106240010	DEL	171034	0	0.0	0	0	NA	mappable	NA	NA	NA	NA	inf	0.9340073305	0.11504883	inf	106068977	106068977	106240010	106240010	NA	missing	NA	NA	0.0	NA	NA	0.0	0.0	0.0	0	0	NA	0	homozygousDel	4107990
14	106240011	106325372	DEL	85362	1004	1.0375725	1000	70	165.0	mappable	0.35125658	NA	NA	0.27053760552	0.01351351351	0.2671073305	0.12209038	0.1356039	106240011	106250082	106325357	106325372	0.961327114	2	242150.6	16.568199	0.6669	16.90798	0.9309609	0.8619218	0.07163305	0.9659394	1	0	1:0	1	LOH	4107990
14	106325373	106326565	DEL	1193	91	1.1798898	91	0	20.0	mappable	NA	NA	NA	NA	inf	0.2280073305	0.19568747	inf	106325373	106325382	106326565	106326565	NA	missing	214634.3	NA	0.706	NA	NA	NA	NA	NA	NA	NA	NA	NA	NA	4107990
14	106326566	106379082	DEL	52517	1251	0.7969797	1251	3	291.0	mappable	0.2657942	NA	NA	0.18703180841	0.33333333333	0.3332073305	0.12754698	0.46088031	106326566	106326573	106349982	106379082	NA	missing	194918.7	11.864616	0.6008	NA	NA	NA	NA	NA	NA	NA	NA	NA	NA	4107990
14	106379083	106804973	CTX	425891	3041	1.240022	3036	0	530.0	mappable	NA	13.0	NA	0.18783760552	0.2	0.2468073305	0.10695116	0.30695116	106379083	106400108	106779888	106804973	NA	missing	281492.9	NA	0.7225206	NA	NA	NA	NA	NA	NA	NA	NA	NA	NA	4107990
14	106804974	107259908	NA	454935	7059	2.0829318	6902	21	1337.0	mappable	0.29750714	NA	edge	0.22877991321	0.00561797753	0.0200926695	0.10640958	0.11202755	106804974	106830059	107259908	107259908	NA	missing	416464.0	26.772687	0.9541	NA	NA	NA	NA	NA	NA	NA	NA	NA	NA	4107990
15	20850000	20859924	NA	9925	165	2.0081023	148	0	11.0	mappable	NA	4.0	edge	0.01568760552	0.05882352941	0.0071073305	0.15063813	0.20946165	20850000	20850000	20859924	20859924	NA	missing	381878.3	NA	0.9335415	NA	NA	NA	NA	NA	NA	NA	NA	NA	NA	4107990
15	22480079	23069956	NA	589878	4053	2.0081023	4028	141	846.0	mappable	0.10423611	4.0	self	0.01063760552	0.00602409639	0.0024073305	0.10432937	0.11035347	22480079	22480079	23069956	23069956	0.218807319	1	381878.3	19.832742	0.9335415	NA	NA	0.0	1.00405116	1.0040512	1	1	1:1	2	neutral	4107990
15	23710146	24309972	NA	599827	9943	2.0081023	9883	644	1893.0	mappable	0.078725	4.0	self	0.00014726461	0.00142045455	0.0100551531	0.10419821	0.10561867	23710146	23710146	24309937	24310007	0.138045974	1	381878.3	19.832742	0.9335415	NA	NA	0.0	1.00405116	1.0040512	1	1	1:1	2	neutral	4107990
15	24309972	24329926	NA	19955	417	1.8180005	415	29	71.0	mappable	0.07919891	2.0	NA	0.00277456204	0.03225806452	0.0629073305	0.14001227	0.17227033	24309937	24310007	24329926	24329926	NA	missing	367822.4	19.074774	0.8813133	NA	NA	NA	NA	NA	NA	NA	NA	NA	NA	4107990
15	24329927	24830091	NA	500165	0	0.0	0	0	NA	mappable	NA	NA	NA	NA	inf	0.9340073305	0.10564099	inf	24329927	24329927	24830091	24830091	NA	missing	NA	NA	0.0	NA	NA	0.0	0.0	0.0	0	0	NA	0	homozygousDel	4107990
15	24830092	28529988	NA	3699900	57400	2.0081023	57218	2562	10809.0	mappable	0.08234091	4.0	NA	0.00452764274	0.00036443149	0.0077299124	0.091663	0.09202743	24830092	24830092	28529988	28529988	0.162986121	1	381878.3	19.832742	0.9335415	NA	NA	0.0	1.00405116	1.0040512	1	1	1:1	2	neutral	4107990
15	29100034	30369914	NA	1269881	18290	2.0081023	18239	900	3645.0	mappable	0.08805	4.0	self	0.01124215097	0.00105152471	0.0120073305	0.09863751	0.09968904	29100034	29100034	30369914	30369914	0.130288671	1	381878.3	19.832742	0.9335415	NA	NA	0.0	1.00405116	1.0040512	1	1	1:1	2	neutral	4107990
15	31160110	82479795	NA	51319691	690474	2.0081023	688164	30985	133687.0	mappable	0.078725	4.0	self	0.00208174737	3.003454e-05	0.0044571116	0.07808532	0.07811535	31160110	31160110	82479795	82479795	0.162199889	1	381878.3	19.832742	0.9335415	NA	NA	0.0	1.00405116	1.0040512	1	1	1:1	2	neutral	4107990
15	83211507	102399920	NA	19188416	296091	2.0081023	295085	13830	56823.0	mappable	0.078725	4.0	edge	7.466447e-05	6.740361e-05	0.0004006616	0.08266604	0.08273344	83211507	83211507	102399920	102399920	0.1544348	1	381878.3	19.832742	0.9335415	NA	NA	0.0	1.00405116	1.0040512	1	1	1:1	2	neutral	4107990
16	100010	7260005	NA	7160000	137317	2.0081023	136668	7247	26469.0	mappable	0.07973333	4.0	edge	0.00319567413	0.0001266464	0.0034898906	0.08782898	0.08795562	100010	100010	7259998	7260012	0.152051409	1	381878.3	19.832742	0.9335415	NA	NA	0.0	1.00405116	1.0040512	1	1	1:1	2	neutral	4107990
16	7260005	7269992	NA	9988	382	1.8180005	379	54	66.0	mappable	0.07290658	2.0	NA	0.01086371027	0.01754385965	0.0903073305	0.15053462	0.16807848	7259998	7260012	7269983	7269992	0.098530628	1	367822.4	19.074774	0.8813133	NA	NA	0.0	0.90900026	0.9090003	1	1	1:1	2	neutral	4107990
16	7269993	7289988	NA	19996	683	2.2236185	681	89	115.0	mappable	0.160825	10.0	NA	0.07771260552	0.01098901099	0.0262926695	0.13998325	0.15097226	7269993	7270002	7289975	7289988	0.232154522	1	405712.6	21.875416	0.992752	NA	NA	0.0	1.11180925	1.1118093	1	1	1:1	2	neutral	4107990
16	7289989	9939989	NA	2650002	59436	2.0081023	59227	3091	11300.0	mappable	0.0775931	4.0	self	0.00097791892	0.0003030303	0.0042487297	0.09373142	0.09403445	7289989	7290002	9939964	9940014	0.157825069	1	381878.3	19.832742	0.9335415	NA	NA	0.0	1.00405116	1.0040512	1	1	1:1	2	neutral	4107990
16	9939989	9949981	NA	9993	183	1.7546191	182	1	41.0	mappable	0.17647059	7.0	NA	0.05492744509	0.5	0.0701073305	0.15052644	0.65052644	9939964	9940014	9949936	9950026	NA	missing	366485.7	21.557982	0.8639	NA	NA	NA	NA	NA	NA	NA	NA	NA	NA	4107990
16	9949981	9969965	NA	19985	372	2.1968585	368	0	65.0	mappable	NA	NA	NA	0.11346609251	0.25	0.0513926695	0.13999103	0.38999103	9949936	9950026	9969929	9969965	NA	missing	383508.1	NA	0.9854	NA	NA	NA	NA	NA	NA	NA	NA	NA	NA	4107990
16	9969966	16289940	NA	6319977	99945	2.0081023	99510	5453	19549.0	mappable	0.082675	4.0	self	0.00646389186	0.00016989467	0.0072316569	0.08852892	0.08869881	9969966	9970002	16289940	16289940	0.184852733	1	381878.3	19.832742	0.9335415	NA	NA	0.0	1.00405116	1.0040512	1	1	1:1	2	neutral	4107990
16	16870104	18169896	NA	1299793	20474	2.0081023	20421	770	3848.0	mappable	0.0866	4.0	self	0.00573025258	0.00121506683	0.0009073305	0.09847438	0.09968945	16870104	16870104	18169896	18169896	0.160126183	1	381878.3	19.832742	0.9335415	NA	NA	0.0	1.00405116	1.0040512	1	1	1:1	2	neutral	4107990
16	18800044	29039945	NA	10239903	125301	2.0081023	124723	5876	25065.0	mappable	0.08215	4.0	self	0.00359241986	0.00015494267	0.0054621534	0.08588225	0.08603719	18800044	18800044	29039945	29039945	0.15486788	1	381878.3	19.832742	0.9335415	NA	NA	0.0	1.00405116	1.0040512	1	1	1:1	2	neutral	4107990
16	29670028	31959970	NA	2289943	17552	2.0081023	17476	755	3505.0	mappable	0.09046667	4.0	self	0.01457371663	0.00120336943	0.0160926695	0.09466613	0.0958695	29670028	29670028	31959970	31959970	0.219089763	1	381878.3	19.832742	0.9335415	NA	NA	0.0	1.00405116	1.0040512	1	1	1:1	2	neutral	4107990
16	32520030	32649899	NA	129870	3149	2.0691004	2840	0	573.0	mappable	NA	NA	NA	0.19990983822	0.00323624595	0.0162926695	0.11773911	0.12097536	32520030	32520030	32649899	32649899	NA	missing	645601.0	NA	0.9503	NA	NA	NA	NA	NA	NA	NA	NA	NA	NA	4107990
16	33590105	35279959	NA	1689855	15435	2.0081023	15373	84	2982.0	mappable	0.07558235	4.0	self	0.00863667959	0.00684931507	0.0015073305	0.09667221	0.10352153	33590105	33590105	35279959	35279959	0.225406107	1	381878.3	19.832742	0.9335415	NA	NA	0.0	1.00405116	1.0040512	1	1	1:1	2	neutral	4107990
16	46450014	51640013	NA	5190000	67071	1.240022	66800	2566	12966.0	mappable	0.3082	13.0	NA	0.23286260552	0.00035248502	0.2090073305	0.08965674	0.09000922	46450014	46450014	51639948	51640078	0.800530047	2	281492.9	18.262126	0.7225206	18.14195	0.8154912	0.6309823	0.22879501	1.011227	1	0	1:0	1	LOH	4107990
16	51640013	51660008	NA	19996	295	1.4208466	291	0	62.0	mappable	NA	NA	NA	0.00051315206	0.25	0.1618073305	0.13998325	0.38998325	51639948	51640078	51659992	51660008	NA	missing	301918.6	NA	0.7722	NA	NA	NA	NA	NA	NA	NA	NA	NA	NA	4107990
16	51660009	75079996	NA	23419989	314689	1.240022	313533	14086	60726.0	mappable	0.311625	13.0	NA	0.23187941218	6.561249e-05	0.2088160299	0.08169522	0.08176083	51660009	51660025	75079950	75079996	0.805829715	2	281492.9	18.262126	0.7225206	18.14195	0.8154912	0.6309823	0.22879501	1.011227	1	0	1:0	1	LOH	4107990
16	75079997	75089891	NA	9895	165	1.7827877	164	10	21.0	mappable	0.38421667	9.0	NA	0.29619871663	0.09090909091	0.0925073305	0.15068769	0.24159678	75079997	75080043	75089706	75089891	NA	missing	382912.8	26.598603	0.871639	NA	NA	NA	NA	NA	NA	NA	NA	NA	NA	4107990
16	75089892	80589949	NA	5500062	122109	1.240022	121801	6189	23281.0	mappable	0.288075	13.0	NA	0.20473724992	0.00015391719	0.2108599851	0.08932154	0.08947545	75089892	75090077	80589861	80590037	0.782518838	2	281492.9	18.262126	0.7225206	18.14195	0.8154912	0.6309823	0.22879501	1.011227	1	0	1:0	1	LOH	4107990
16	80589949	80610017	NA	20069	449	1.0532237	447	2	96.0	mappable	0.36923077	NA	NA	0.05481624064	0.25	0.2628073305	0.13993176	0.38993176	80589861	80590037	80609965	80610069	NA	missing	262145.9	17.946909	0.6712	NA	NA	NA	NA	NA	NA	NA	NA	NA	NA	4107990
16	80610017	86169999	NA	5559985	128854	1.2346216	128471	5842	24837.0	mappable	0.3356	NA	NA	0.25589382602	0.00016064257	0.2129704019	0.08925922	0.08941986	80609965	80610069	86169980	86170018	0.810104372	2	274300.3	17.935018	0.7210369	17.71477	0.8270329	0.6540658	0.21354894	1.0210727	1	0	1:0	1	LOH	4107990
16	86169999	86180005	NA	10007	272	1.5067466	270	28	45.0	mappable	0.37901048	NA	NA	0.30024808939	0.03333333333	0.1382073305	0.15050356	0.1838369	86169980	86170018	86179993	86180017	NA	missing	262050.0	17.766869	0.7958	NA	NA	NA	NA	NA	NA	NA	NA	NA	NA	4107990
16	86180005	88887968	NA	2707964	48830	1.240022	48615	2636	9194.0	mappable	0.27395	13.0	NA	0.20203760552	0.00035087719	0.2181073305	0.0935945	0.09394538	86179993	86180017	88887935	88888001	0.763181688	2	281492.9	18.262126	0.7225206	18.14195	0.8154912	0.6309823	0.22879501	1.011227	1	0	1:0	1	LOH	4107990
16	88887968	88900015	NA	12048	295	1.5325894	294	20	53.0	mappable	0.21235476	NA	NA	0.13359236742	0.04761904762	0.1311073305	0.14753064	0.19514969	88887935	88888001	88899960	88900015	NA	missing	214567.9	12.666426	0.8029	NA	NA	NA	NA	NA	NA	NA	NA	NA	NA	4107990
16	88900016	90109969	NA	1209954	20561	1.240022	20385	814	4174.0	mappable	0.3356	13.0	edge	0.24656260552	0.00101010101	0.2130073305	0.09897795	0.09998805	88900016	88900071	90109969	90109969	0.812504721	2	281492.9	18.262126	0.7225206	18.14195	0.8154912	0.6309823	0.22879501	1.011227	1	0	1:0	1	LOH	4107990
17	20080	11720007	NA	11699930	147194	1.240022	146377	8022	28862.0	mappable	0.291075	13.0	edge	0.21088613967	0.00011314777	0.2127726063	0.08517889	0.08529204	20080	20080	11719996	11720018	0.796304305	2	281492.9	18.262126	0.7225206	18.14195	0.8154912	0.6309823	0.22879501	1.011227	1	0	1:0	1	LOH	4107990
17	11720007	11729997	NA	9991	187	1.5253097	178	0	51.0	mappable	NA	NA	NA	0.15336011683	0.11111111111	0.1331073305	0.15052971	0.26164082	11719996	11720018	11729981	11729997	NA	missing	316418.0	NA	0.8009	NA	NA	NA	NA	NA	NA	NA	NA	NA	NA	4107990
17	11729998	18239982	NA	6509985	85222	1.240022	84906	4712	16334.0	mappable	0.291075	13.0	NA	0.21410760561	0.00019896538	0.2164935031	0.08836177	0.08856074	11729998	11730014	18239982	18239982	0.807344476	2	281492.9	18.262126	0.7225206	18.14195	0.8154912	0.6309823	0.22879501	1.011227	1	0	1:0	1	LOH	4107990
17	18750212	19034798	NA	284587	1844	1.240022	1831	34	347.0	mappable	0.40966944	13.0	NA	0.16893482774	0.02127659574	0.2144073305	0.11038435	0.13166095	18750212	18750212	18928948	19140648	0.767332516	2	281492.9	18.262126	0.7225206	18.14195	0.8154912	0.6309823	0.22879501	1.011227	1	0	1:0	1	LOH	4107990
17	19034798	22214902	NA	3180105	23721	2.7462265	23076	829	4757.0	mappable	0.1164	5.0	NA	0.02736260552	0.00067842605	0.1923926695	0.09258984	0.09326826	18928948	19140648	22199718	22230086	0.613651198	2	470304.3	25.639305	1.1363323	19.2726	0.5680212	0.1360425	1.1863115	1.559915	sub	1	sub:1	sub	sub	4107990
17	22214902	22239986	NA	25085	276	1.7827877	275	0	42.0	mappable	NA	9.0	NA	0.29623760552	1.0	0.0198073305	0.13685004	1.13685004	22199718	22230086	22239986	22239986	NA	missing	382912.8	NA	0.871639	NA	NA	NA	NA	NA	NA	NA	NA	NA	NA	4107990
17	25390040	36710004	NA	11319965	126435	2.0081023	125918	5586	24808.0	mappable	0.082675	4.0	NA	0.00338760552	0.00016385384	0.0039926695	0.08535203	0.08551588	25390040	25390040	36709970	36710038	0.151090862	1	381878.3	19.832742	0.9335415	NA	NA	0.0	1.00405116	1.0040512	1	1	1:1	2	neutral	4107990
17	36710004	36720010	NA	10007	107	1.5245818	107	0	26.0	mappable	NA	NA	NA	NA	inf	0.1333073305	0.15050356	inf	36709970	36710038	36719992	36720028	NA	missing	296856.7	NA	0.8007	NA	NA	NA	NA	NA	NA	NA	NA	NA	NA	4107990
17	36720010	44279982	NA	7559976	84379	2.0081023	83999	4645	16620.0	mappable	0.089	4.0	NA	0.00865428296	0.00019900498	0.0080998691	0.08752754	0.08772655	36719992	36720028	44279982	44279982	0.1978659	1	381878.3	19.832742	0.9335415	NA	NA	0.0	1.00405116	1.0040512	1	1	1:1	2	neutral	4107990
17	44790026	53023196	NA	8233175	105507	2.0081023	105135	5171	20292.0	mappable	0.078725	4.0	self	0.00098528786	0.00018040772	0.0026266435	0.08705865	0.08723906	44790026	44790026	53023172	53023196	0.163169665	1	381878.3	19.832742	0.9335415	NA	NA	0.0	1.00405116	1.0040512	1	1	1:1	2	neutral	4107990
17	53023197	70440004	CTX	17416809	210515	2.7792994	209773	8241	41640.0	mappable	0.1575	12.0	NA	0.07323889629	0.00011133378	0.2236203839	0.08314633	0.08325767	53023197	53023293	70439986	70440022	0.679599228	2	468122.7	27.684991	1.1454187	19.03103	0.6371128	0.2742256	1.00857217	1.7707272	2	1	2:1	3	gain	4107990
17	70440004	70450000	NA	9997	166	2.3850377	161	0	35.0	mappable	NA	NA	NA	0.30347093885	0.2	0.1030926695	0.1505199	0.3505199	70439986	70440022	70449996	70450000	NA	missing	427132.9	NA	1.0371	NA	NA	NA	NA	NA	NA	NA	NA	NA	NA	4107990
17	70450001	71320000	NA	870000	14194	2.7792994	14095	1003	2800.0	mappable	0.17733553	12.0	NA	0.09985635552	0.00090744102	0.2190926695	0.1013651	0.10227255	70450001	70450005	71319987	71320013	0.676434617	2	468122.7	27.684991	1.1454187	19.03103	0.6371128	0.2742256	1.00857217	1.7707272	2	1	2:1	3	gain	4107990
17	71320000	71339907	NA	19908	288	3.0078378	288	18	49.0	mappable	0.21403718	3.0	NA	0.135274785	0.05555555556	0.2938926695	0.14004562	0.19560118	71319987	71320013	71339810	71340004	NA	missing	503276.3	30.289136	1.2082069	NA	NA	NA	NA	NA	NA	NA	NA	NA	NA	4107990
17	71339907	74439995	NA	3100089	44288	2.7792994	44107	1870	8573.0	mappable	0.17634167	12.0	NA	0.09928760552	0.00048756704	0.2144926695	0.0927477	0.09323526	71339810	71340004	74439980	74439995	0.66260923	2	468122.7	27.684991	1.1454187	19.03103	0.6371128	0.2742256	1.00857217	1.7707272	2	1	2:1	3	gain	4107990
17	74439996	74454947	NA	14952	140	3.2312983	140	0	20.0	mappable	NA	NA	NA	NA	inf	0.3355926695	0.14421637	inf	74439996	74440011	74449771	74454947	NA	missing	443222.5	NA	1.2696	NA	NA	NA	NA	NA	NA	NA	NA	NA	NA	4107990
17	74454948	81149937	NA	6694991	101330	2.7792994	100713	5091	19833.0	mappable	0.160925	12.0	edge	0.082319993	0.00017519271	0.2176422599	0.08820423	0.08837942	74454948	74460124	81149937	81149937	0.64419446	2	468122.7	27.684991	1.1454187	19.03103	0.6371128	0.2742256	1.00857217	1.7707272	2	1	2:1	3	gain	4107990
18	130031	14119956	NA	13989926	212696	2.0081023	212018	10953	40561.0	mappable	0.08215	4.0	edge	0.00338760552	8.597713e-05	0.0035073305	0.0842535	0.08433948	130031	130031	14119956	14119956	0.144414754	1	381878.3	19.832742	0.9335415	NA	NA	0.0	1.00405116	1.0040512	1	1	1:1	2	neutral	4107990
18	14119957	14910026	NA	790070	0	0.0	0	0	NA	mappable	NA	NA	NA	NA	inf	0.9340073305	0.10208446	inf	14119957	14119957	14910026	14910026	NA	missing	NA	NA	0.0	NA	NA	0.0	0.0	0.0	0	0	NA	0	homozygousDel	4107990
18	14910027	14929888	NA	19862	364	2.0081023	361	33	67.0	mappable	0.09908986	4.0	NA	0.02447476768	0.02777777778	0.0261073305	0.14007836	0.16785613	14910027	14910027	14929888	14929888	0.007292338	1	381878.3	19.832742	0.9335415	NA	NA	0.0	1.00405116	1.0040512	1	1	1:1	2	neutral	4107990
18	18540053	29979950	NA	11439900	157433	2.0081023	156954	6206	30397.0	mappable	0.08215	4.0	NA	0.00382306029	0.00014958863	0.0001491559	0.08529668	0.08544627	18540053	18540053	29979886	29979950	0.136428421	1	381878.3	19.832742	0.9335415	NA	NA	0.0	1.00405116	1.0040512	1	1	1:1	2	neutral	4107990
18	29979951	30000078	NA	20128	294	2.3289843	294	0	63.0	mappable	NA	NA	NA	NA	inf	0.0876926695	0.13989031	inf	29979951	29980015	29999999	30000157	NA	missing	431834.2	NA	1.0217	NA	NA	NA	NA	NA	NA	NA	NA	NA	NA	4107990
18	30000078	48510014	NA	18509941	259972	2.0081023	259124	11354	49457.0	mappable	0.08215	4.0	NA	0.0021557766	8.195378e-05	0.0012864338	0.08284387	0.08292583	29999999	30000157	48509955	48510073	0.164456034	1	381878.3	19.832742	0.9335415	NA	NA	0.0	1.00405116	1.0040512	1	1	1:1	2	neutral	4107990
18	48510014	48519969	NA	9956	105	2.2598275	105	0	17.0	mappable	NA	NA	NA	NA	inf	0.0686926695	0.1505871	inf	48509955	48510073	48519877	48520061	NA	missing	371170.0	NA	1.0027	NA	NA	NA	NA	NA	NA	NA	NA	NA	NA	4107990
18	48519969	60793444	NA	12273479	181537	2.0081023	180916	7243	34936.0	mappable	0.078725	4.0	NA	0.00117412642	0.00012717792	0.0030948938	0.08492915	0.08505633	48519877	48520061	60793444	60793444	0.152782905	1	381878.3	19.832742	0.9335415	NA	NA	0.0	1.00405116	1.0040512	1	1	1:1	2	neutral	4107990
18	60793445	65286243	CTX	4492800	69337	2.0081023	69117	3425	13077.0	mappable	0.08215	4.0	self	0.00400349812	0.00027434842	0.0027752992	0.09050108	0.09077543	60793445	60793447	65286219	65286243	0.146314521	1	381878.3	19.832742	0.9335415	NA	NA	0.0	1.00405116	1.0040512	1	1	1:1	2	neutral	4107990
18	65286244	65286280	DEL	37	1	1.9224153	0	0	0.0	mappable	NA	NA	NA	0.20695189123	1.0	0.0240073305	0.38391744	1.38391744	65286244	65286267	65286267	65286280	NA	missing	NA	NA	0.91	NA	NA	NA	NA	NA	NA	NA	NA	NA	NA	4107990
18	65286281	65287270	DUP	990	25	1.9224153	24	0	4.0	mappable	NA	NA	NA	0.07123760552	1.0	0.0240073305	0.20097908	1.20097908	65286281	65286297	65287232	65287270	NA	missing	408461.0	NA	0.91	NA	NA	NA	NA	NA	NA	NA	NA	NA	NA	4107990
18	65287271	65287756	DEL	486	10	2.0081023	9	0	3.0	mappable	NA	4.0	self	0.04304810877	1.0	0.0240073305	0.22409434	1.22409434	65287271	65287334	65287716	65287756	NA	missing	381878.3	NA	0.9335415	NA	NA	NA	NA	NA	NA	NA	NA	NA	NA	4107990
18	65287757	78009968	DUP	12722214	210685	2.0081023	209671	11163	40099.0	mappable	0.08215	4.0	edge	0.00510774856	8.212203e-05	0.0055023311	0.08474272	0.08482485	65287757	65287900	78009968	78009968	0.167786241	1	381878.3	19.832742	0.9335415	NA	NA	0.0	1.00405116	1.0040512	1	1	1:1	2	neutral	4107990
19	260137	24510024	NA	24249891	255451	2.0081023	253927	12010	50852.0	mappable	0.08215	4.0	edge	0.00339010584	7.389345e-05	0.0069711354	0.08152791	0.08160181	260137	260137	24509958	24510090	0.181182281	1	381878.3	19.832742	0.9335415	NA	NA	0.0	1.00405116	1.0040512	1	1	1:1	2	neutral	4107990
19	24510024	24569972	NA	59949	1506	2.29487	1213	1	73.0	mappable	0.05660377	6.0	NA	0.00068866935	0.00340136054	0.1025926695	0.12601245	0.12941381	24509958	24510090	24569972	24569972	NA	missing	714652.4	38.509483	1.0123275	NA	NA	NA	NA	NA	NA	NA	NA	NA	NA	4107990
19	27750002	27780026	NA	30025	1126	2.1462648	1122	0	227.0	mappable	NA	NA	NA	0.08961687902	0.25	0.0374926695	0.13446394	0.38446394	27750002	27750002	27769983	27780026	NA	missing	419180.9	NA	0.9715	NA	NA	NA	NA	NA	NA	NA	NA	NA	NA	4107990
19	27780027	43209995	NA	15429969	196442	2.0081023	195598	8787	38348.0	mappable	0.08215	4.0	NA	0.00338760552	0.00010383138	0.0025073305	0.08375479	0.08385862	27780027	27790070	43209995	43209995	0.140868227	1	381878.3	19.832742	0.9335415	NA	NA	0.0	1.00405116	1.0040512	1	1	1:1	2	neutral	4107990
19	43209996	43800005	NA	590010	0	0.0	0	0	NA	mappable	NA	NA	NA	NA	inf	0.9340073305	0.10432761	inf	43209996	43209996	43800005	43800005	NA	missing	NA	NA	0.0	NA	NA	0.0	0.0	0.0	0	0	NA	0	homozygousDel	4107990
19	43800006	45554950	NA	1754945	21171	2.0081023	21099	772	4357.0	mappable	0.08215	4.0	NA	0.00681260552	0.00118483412	0.0116926695	0.09641809	0.09760293	43800006	43800006	45549881	45554950	0.177472259	1	381878.3	19.832742	0.9335415	NA	NA	0.0	1.00405116	1.0040512	1	1	1:1	2	neutral	4107990
19	45554951	45569997	NA	15047	148	1.7236805	148	0	27.0	mappable	NA	NA	NA	NA	inf	0.0786073305	0.14412141	inf	45554951	45560020	45569943	45570051	NA	missing	274418.6	NA	0.8554	NA	NA	NA	NA	NA	NA	NA	NA	NA	NA	4107990
19	45569997	59089999	NA	13520004	141519	2.0081023	140768	6836	28025.0	mappable	0.085575	4.0	edge	0.00376017702	0.0001318044	0.0017511401	0.08442882	0.08456063	45569943	45570051	59089999	59089999	0.205680737	1	381878.3	19.832742	0.9335415	NA	NA	0.0	1.00405116	1.0040512	1	1	1:1	2	neutral	4107990
20	60479	25729738	NA	25669266	400475	2.0081023	399172	18448	76286.0	mappable	0.078725	4.0	edge	0.00226863849	5.063035e-05	0.0013532095	0.08125609	0.08130672	60479	60479	25729738	25729738	0.137289798	1	381878.3	19.832742	0.9335415	NA	NA	0.0	1.00405116	1.0040512	1	1	1:1	2	neutral	4107990
20	29810057	62909989	NA	33099939	497893	2.0081023	495739	20747	97206.0	mappable	0.08215	4.0	edge	0.0025098422	4.367003e-05	0.0042695641	0.08006301	0.08010668	29810057	29810057	62909989	62909989	0.169162034	1	381878.3	19.832742	0.9335415	NA	NA	0.0	1.00405116	1.0040512	1	1	1:1	2	neutral	4107990
21	10720001	11179964	NA	459964	5129	2.7792994	4915	0	802.0	mappable	NA	12.0	edge	0.08785635552	0.0046728972	0.1679926695	0.10631986	0.11099275	10720001	10720001	11179964	11179964	NA	missing	468122.7	NA	1.1454187	NA	NA	NA	NA	NA	NA	NA	NA	NA	NA	4107990
21	15410077	28189969	NA	12779893	209632	3.2928114	208766	10240	38997.0	mappable	0.277375	NA	NA	0.19861260552	9.004142e-05	0.3524926695	0.0847193	0.08480934	15410077	15410077	28189900	28190038	0.860625267	2	551199.6	34.95412	1.2865	19.95106	0.6907669	0.3815337	1.01824643	2.274565	2	1	2:1	3	gain	4107990
21	28189969	28234990	NA	45022	655	3.0409352	653	10	118.0	mappable	0.046503	NA	NA	0.03225939328	0.08333333333	0.2832926695	0.12937998	0.21271331	28189900	28190038	28229958	28234990	NA	missing	503878.2	28.493539	1.2173	NA	NA	NA	NA	NA	NA	NA	NA	NA	NA	4107990
21	28234991	35095066	NA	6860076	98967	3.2975432	98541	4205	19130.0	mappable	0.26801731	NA	NA	0.19176260552	0.00021598272	0.3537926695	0.08806773	0.08828372	28234991	28240023	35089945	35100187	0.861511699	2	533321.1	33.845377	1.2878	19.28445	0.6913523	0.3827047	1.01777899	2.2797642	2	1	2:1	3	gain	4107990
21	35095066	35129965	NA	34900	412	3.5789021	403	0	85.0	mappable	NA	NA	NA	0.25135199475	0.11111111111	0.4310926695	0.13252985	0.24364097	35089945	35100187	35129928	35130002	NA	missing	561194.6	NA	1.3651	NA	NA	NA	NA	NA	NA	NA	NA	NA	NA	4107990
21	35129965	43360045	NA	8230081	127149	3.2877157	126605	6397	24444.0	mappable	0.28017885	NA	NA	0.20203760552	0.00014407146	0.3510926695	0.08706071	0.08720478	35129928	35130002	43359969	43360121	0.85375283	2	512822.9	32.634187	1.2851	18.58221	0.6940092	0.3880185	1.00601063	2.281705	2	1	2:1	3	gain	4107990
21	43360045	43369960	NA	9916	182	2.894614	180	2	34.0	mappable	0.5811157	NA	NA	0.23169895018	0.25	0.2430926695	0.15065298	0.40065298	43359969	43360121	43369864	43370056	NA	missing	472405.0	34.177266	1.1771	NA	NA	NA	NA	NA	NA	NA	NA	NA	NA	4107990
21	43369960	44370029	NA	1000071	17384	3.4156452	17306	879	3315.0	mappable	0.24765441	NA	NA	0.15581297939	0.00104493208	0.3862398163	0.10034282	0.10138775	43369864	43370056	44349789	44370029	0.76437338	2	481281.5	30.251982	1.3202471	16.97504	0.6808873	0.3617746	1.08997571	2.3256695	sub	1	sub:1	sub	sub	4107990
21	44370030	45170035	NA	800006	10994	3.3113746	10955	389	2135.0	mappable	0.30425161	NA	NA	0.23423760552	0.0023364486	0.3575926695	0.10199059	0.10432704	44370030	44390270	45169969	45170035	0.707104507	2	460678.2	29.23535	1.2916	16.60873	0.6911154	0.3822307	1.02283276	2.2885418	2	1	2:1	3	gain	4107990
21	45170036	45189962	NA	19927	370	3.7707212	370	3	72.0	mappable	0.09102857	NA	NA	0.01226617695	0.33333333333	0.4837926695	0.14003213	0.47336546	45170036	45170102	45189912	45189962	NA	missing	434947.2	24.465779	1.4178	NA	NA	NA	NA	NA	NA	NA	NA	NA	NA	4107990
21	45189963	45677714	NA	487752	7802	3.3961826	7772	295	1499.0	mappable	0.28168816	NA	NA	0.2000270792	0.00307692308	0.3808926695	0.10584369	0.10892062	45189963	45190013	45677689	45677714	0.874764995	2	451602.1	29.221313	1.3149	15.993	0.7072402	0.4144803	0.99426585	2.4019168	sub	1	sub:1	sub	sub	4107990
21	45677715	45694986	NA	17272	210	3.9228661	207	7	31.0	mappable	0.12493088	NA	NA	0.02312546665	0.1	0.5255926695	0.14208433	0.24208433	45677715	45677740	45689933	45700039	NA	missing	404242.8	23.099586	1.4596	NA	NA	NA	NA	NA	NA	NA	NA	NA	NA	4107990
21	45694986	46030028	NA	335043	6663	3.2913752	6627	239	1259.0	mappable	0.28585	NA	NA	0.21601008189	0.00363636364	0.3520981025	0.10896815	0.11260451	45689933	45700039	46029879	46030177	0.837948763	2	450137.0	28.645079	1.2861054	16.29802	0.6939451	0.3878903	1.00734135	2.2840338	2	1	2:1	3	gain	4107990
21	46030028	47549996	NA	1519969	27087	3.2760347	26753	1502	5269.0	mappable	0.2671	NA	NA	0.18813578544	0.00054466231	0.347883499	0.0973918	0.09793646	46029879	46030177	47549980	47549996	0.816328503	2	459009.9	29.107948	1.2818908	16.67393	0.6910568	0.3821136	1.01210861	2.2639261	2	1	2:1	3	gain	4107990
21	47549997	48099931	NA	549935	9176	3.2003597	9106	157	1932.0	mappable	0.326875	NA	edge	0.25683760552	0.00440528634	0.3270926695	0.10488281	0.1092881	47549997	47550013	48099931	48099931	0.868242507	2	464394.5	29.642204	1.2611	17.14764	0.6983569	0.3967139	0.96536633	2.2349934	2	1	2:1	3	gain	4107990
22	16850007	22735026	NA	5885020	55992	2.0081023	55707	2323	10886.0	mappable	0.078725	4.0	edge	0.00235481976	0.00038343558	0.0080852631	0.08893389	0.08931732	16850007	16850007	22729965	22740087	0.159783471	1	381878.3	19.832742	0.9335415	NA	NA	0.0	1.00405116	1.0040512	1	1	1:1	2	neutral	4107990
22	22735026	23245009	NA	509984	7349	1.0725148	7307	434	1397.0	mappable	0.441775	NA	identical	0.36986260552	0.00210084034	0.2575073305	0.10548472	0.10758556	22729965	22740087	23239965	23250053	0.89087028	2	266200.2	18.85585	0.6765	18.32346	0.9783044	0.9566089	0.0232688	1.049246	1	0	1:0	1	LOH	4107990
22	23245009	51179984	NA	27934982	393046	2.0081023	391414	17333	76952.0	mappable	0.08215	4.0	edge	0.00204961821	5.273427e-05	0.0019087795	0.08085522	0.08090796	23239965	23250053	51179984	51179984	0.174054615	1	381878.3	19.832742	0.9335415	NA	NA	0.0	1.00405116	1.0040512	1	1	1:1	2	neutral	4107990
23	2700027	50480014	NA	47779988	440543	3.0078378	439136	16816	85033.0	mappable	0.20545	3.0	edge	0.1254751664	5.487571e-05	0.2735061694	0.07840092	0.0784558	2700027	2700027	50479989	50480014	0.724797921	2	503276.3	30.289136	1.2082069	19.39688	0.6488959	0.2977919	1.05606409	1.9517737	2	1	2:1	3	gain	4107990
23	50480015	51417893	NA	937879	6180	3.9362516	6165	120	1165.0	mappable	0.319575	1.0	NA	0.23628760552	0.00740740741	0.4924926695	0.10081132	0.10821873	50480015	50480040	51409982	51417893	0.959779358	2	604979.3	41.177314	1.4632775	19.25221	0.7444213	0.4888425	1.00602224	2.9302293	3	1	3:1	4	gain	4107990
23	51419044	53160336	INV	1741293	4996	3.9362516	4977	96	1019.0	mappable	0.36516359	1.0	NA	0.28624195334	0.00869565217	0.4974926695	0.09647049	0.10516615	51419044	51470060	53160240	53160336	0.915456133	2	604979.3	41.177314	1.4632775	19.25221	0.7444213	0.4888425	1.00602224	2.9302293	3	1	3:1	4	gain	4107990
23	53160337	54364626	INV	1204290	6531	3.8242267	6519	50	1296.0	mappable	0.28209286	NA	NA	0.1861194237	0.01612903226	0.4984926695	0.09901112	0.11514015	53160337	53160448	54364582	54364626	0.633543517	2	565647.5	36.52678	1.4325	18.3873	0.6987218	0.3974437	1.15215599	2.6720707	sub	1	sub:1	sub	sub	4107990
23	54364627	55600016	INV	1235390	7707	3.0078378	7672	201	1478.0	mappable	0.1957	3.0	NA	0.10636260552	0.00423728814	0.2899926695	0.09883115	0.10306844	54364627	54364812	55599978	55600016	0.486375577	2	503276.3	30.289136	1.2082069	19.39688	0.6488959	0.2977919	1.05606409	1.9517737	2	1	2:1	3	gain	4107990
23	55600017	58499983	NA	2899967	25034	3.9362516	24991	344	4657.0	mappable	0.34551371	1.0	NA	0.26711260552	0.00258397933	0.5043926695	0.09316363	0.09574761	55600017	55600055	58499983	58499983	0.421941451	2	604979.3	41.177314	1.4632775	19.25221	0.7444213	0.4888425	1.00602224	2.9302293	3	1	3:1	4	gain	4107990
23	61750000	88459980	NA	26709983	245882	3.0078378	245240	7316	46710.0	mappable	0.20112885	3.0	NA	0.11809047036	0.00012565971	0.2739403147	0.08106725	0.08119291	61750000	61750000	88459980	88459980	0.734387729	2	503276.3	30.289136	1.2082069	19.39688	0.6488959	0.2977919	1.05606409	1.9517737	2	1	2:1	3	gain	4107990
23	88990017	89349936	NA	359920	1089	2.7792994	1089	48	221.0	mappable	0.1315133	12.0	NA	0.05275090339	0.02083333333	0.2583926695	0.10835811	0.12919145	88990017	88990017	89349936	89349936	0.705491365	2	468122.7	27.684991	1.1454187	19.03103	0.6371128	0.2742256	1.00857217	1.7707272	2	1	2:1	3	gain	4107990
23	89349937	90140198	NA	790262	0	0.0	0	0	NA	mappable	NA	NA	NA	NA	inf	0.9340073305	0.10208263	inf	89349937	89349937	90140198	90140198	NA	missing	NA	NA	0.0	NA	NA	0.0	0.0	0.0	0	0	NA	0	homozygousDel	4107990
23	90140199	91529952	NA	1389754	5103	2.9914335	5091	466	929.0	mappable	0.170825	NA	NA	0.08654593885	0.00209205021	0.2696926695	0.09800848	0.10010053	90140199	90140199	91529952	91529952	0.725737267	2	513187.0	30.520281	1.2037	19.85291	0.638728	0.2774559	1.08072124	1.9107122	2	1	2:1	3	gain	4107990
23	91529953	92379999	NA	850047	0	0.0	0	0	NA	mappable	NA	NA	NA	NA	inf	0.9340073305	0.10153736	inf	91529953	91529953	92379999	92379999	NA	missing	NA	NA	0.0	NA	NA	0.0	0.0	0.0	0	0	NA	0	homozygousDel	4107990
23	92380000	154929639	NA	62549640	567480	3.0078378	565686	22088	107354.0	mappable	0.19175	3.0	edge	0.11298760552	4.187254e-05	0.2744926695	0.07722455	0.07726643	92380000	92380000	154929639	154929639	0.729075281	2	503276.3	30.289136	1.2082069	19.39688	0.6488959	0.2977919	1.05606409	1.9517737	2	1	2:1	3	gain	4107990
