#chromosome	start	end	crest	length	tcnNbrOfLoci	tcnMean	tcnNbrOfSNPs	tcnNbrOfHets	dhNbrOfLoci	map	dhMax	cluster	neighbour	distDH	errorSNP	distTcn	errorLength	totalError	minStart	maxStart	minStop	maxStop	area	peaks	meanCovT	meanCovB	tcnMeanRaw	AF	BAF	dhMean	c1Mean	c2Mean	A	B	genotype	TCN	GNL	PID
1	840009	12839977	NA	11999969	171259	2.0033281	170268	6439	27513.0	mappable	0.089	10.0	edge	0.00717240537	0.00013460762	0.002268364591	0.08504657	0.08518118	840009	840009	12839977	12839977	0.59056951	2	373846.2	19.572455	0.9898456	18.67491	0.5420102	0.08402047	0.91750377	1.0858243	1	1	1:1	2	mixDH	4162154
1	13780016	15229972	NA	1449957	22961	2.0033281	22907	745	3901.0	mappable	0.08215	10.0	self	0.00032240537	0.00125156446	0.002468364591	0.09771552	0.09896708	13780016	13780016	15229906	15229972	0.176752463	1	373846.2	19.572455	0.9898456	NA	NA	0.0	1.001664055	1.0016641	1	1	1:1	2	neutral	4162154
1	15229973	15249945	NA	19973	367	1.6592261	367	26	71.0	mappable	0.27978095	4.0	identical	0.19795335775	0.03846153846	0.086368364591	0.13999952	0.17846106	15229973	15230039	15249796	15250094	NA	missing	416179.6	23.710716	0.8945642	NA	NA	NA	NA	NA	NA	NA	NA	NA	NA	4162154
1	15249945	45870014	NA	30620073	379308	2.0033281	377811	15445	62972.0	mappable	0.085575	10.0	self	0.00439320971	5.902839e-05	0.009171258809	0.08042472	0.08048375	15249796	15250094	45869871	45870157	0.166890092	1	373846.2	19.572455	0.9898456	NA	NA	0.0	1.001664055	1.0016641	1	1	1:1	2	neutral	4162154
1	45870014	45919952	NA	49939	350	1.529344	348	25	61.0	mappable	0.159575	NA	identical	0.07774740537	0.03703703704	0.128968364591	0.12814041	0.16517744	45869871	45870157	45919878	45919952	NA	missing	326396.6	16.319831	0.8586	NA	NA	NA	NA	NA	NA	NA	NA	NA	NA	4162154
1	45919953	47999964	NA	2080012	21668	2.0033281	21566	1245	3606.0	mappable	0.09471538	10.0	self	0.01288778998	0.0007423905	0.007968364591	0.09529182	0.09603421	45919953	45920027	47999886	48000042	0.147800077	1	373846.2	19.572455	0.9898456	NA	NA	0.0	1.001664055	1.0016641	1	1	1:1	2	neutral	4162154
1	47999964	48010000	NA	10037	165	2.9031314	163	0	28.0	mappable	NA	NA	identical	0.03817240537	0.5	0.251431635409	0.15045467	0.65045467	47999886	48000042	48009997	48010003	NA	missing	404950.0	NA	1.239	NA	NA	NA	NA	NA	NA	NA	NA	NA	NA	4162154
1	48010000	78433133	NA	30423136	405209	2.0033281	403917	14795	67971.0	mappable	0.08215	10.0	NA	0.00036138409	6.216199e-05	0.001618536971	0.08045484	0.080517	48009997	48010003	78432985	78433133	0.147031762	1	373846.2	19.572455	0.9898456	NA	NA	0.0	1.001664055	1.0016641	1	1	1:1	2	neutral	4162154
1	78433134	78433185	INV	52	0	0.0	0	0	NA	mappable	NA	NA	NA	NA	inf	0.987568364591	0.35085013	inf	78433134	78433134	78433185	78433185	NA	missing	NA	NA	0.0	NA	NA	0.0	0.0	0.0	0	0	NA	0	homozygousDel	4162154
1	78433186	78434562	INV	1377	14	1.3986103	14	0	5.0	mappable	NA	NA	NA	NA	inf	0.165168364591	0.19180397	inf	78433186	78433531	78434512	78434562	NA	missing	335883.3	NA	0.8224	NA	NA	NA	NA	NA	NA	NA	NA	NA	NA	4162154
1	78434563	78438111	DEL	3549	44	1.3986103	44	0	8.0	mappable	NA	NA	NA	NA	inf	0.165168364591	0.1695893	inf	78434563	78434606	78438069	78438111	NA	missing	335883.3	NA	0.8224	NA	NA	NA	NA	NA	NA	NA	NA	NA	NA	4162154
1	78438112	78438117	DEL	6	0	0.0	0	0	NA	mappable	NA	NA	NA	NA	inf	0.987568364591	0.77370561	inf	78438112	78438112	78438117	78438117	NA	missing	NA	NA	0.0	NA	NA	0.0	0.0	0.0	0	0	NA	0	homozygousDel	4162154
1	78438118	78438479	INV	362	7	1.3986103	7	0	1.0	mappable	NA	NA	NA	NA	inf	0.165168364591	0.23529838	inf	78438118	78438138	78438452	78438479	NA	missing	335883.3	NA	0.8224	NA	NA	NA	NA	NA	NA	NA	NA	NA	NA	4162154
1	78438480	108140005	INV	29701527	403890	2.0033281	402497	16170	67549.0	mappable	0.078725	10.0	NA	0.00290694223	5.693788e-05	0.003071890182	0.08056708	0.08062402	78438480	78438632	108139975	108140035	0.136155942	1	373846.2	19.572455	0.9898456	NA	NA	0.0	1.001664055	1.0016641	1	1	1:1	2	neutral	4162154
1	108140005	108149980	NA	9976	118	1.4953966	118	0	17.0	mappable	NA	NA	NA	NA	inf	0.138368364591	0.15055428	inf	108139975	108140035	108149938	108149980	NA	missing	441066.0	NA	0.8492	NA	NA	NA	NA	NA	NA	NA	NA	NA	NA	4162154
1	108149981	108250005	NA	100025	1412	2.1176457	1412	1	233.0	mappable	0.23076923	NA	NA	0.14894163614	1.0	0.033931635409	0.12040938	1.12040938	108149981	108150023	108249991	108250019	NA	missing	427536.9	26.309963	1.0215	NA	NA	NA	NA	NA	NA	NA	NA	NA	NA	4162154
1	108250005	108259997	NA	9993	171	1.6791551	170	0	24.0	mappable	NA	2.0	NA	0.04956953012	1.0	0.083268364591	0.15052644	1.15052644	108249991	108250019	108259988	108260006	NA	missing	391633.0	NA	0.9000825	NA	NA	NA	NA	NA	NA	NA	NA	NA	NA	4162154
1	108259997	120529963	NA	12269970	156301	2.0033281	155799	6809	26053.0	mappable	0.08088333	10.0	self	0.00023840637	0.00013678019	0.00154679723	0.08493064	0.08506742	108259988	108260006	120529963	120529963	0.158715978	1	373846.2	19.572455	0.9898456	NA	NA	0.0	1.001664055	1.0016641	1	1	1:1	2	neutral	4162154
1	121220004	121229986	NA	9983	177	1.6791551	172	7	34.0	mappable	0.48312512	2.0	NA	0.04135038018	0.08333333333	0.054568364591	0.15054281	0.23387614	121220004	121220004	121229986	121229986	NA	missing	391633.0	20.71915	0.9000825	NA	NA	NA	NA	NA	NA	NA	NA	NA	NA	4162154
1	144010127	144019970	NA	9844	155	2.0064137	96	0	23.0	mappable	NA	NA	NA	0.19927947607	0.01694915254	0.003131635409	0.15077238	0.16772153	144010127	144010127	144019970	144019970	NA	missing	1034700.0	NA	0.9907	NA	NA	NA	NA	NA	NA	NA	NA	NA	NA	4162154
1	144920087	145739956	NA	819870	6355	2.0033281	5827	135	1071.0	mappable	0.08091029	10.0	self	0.01730941281	0.00150829563	0.003231635409	0.10180689	0.10331519	144920087	144920087	145739956	145739956	0.138762664	1	373846.2	19.572455	0.9898456	NA	NA	0.0	1.001664055	1.0016641	1	1	1:1	2	neutral	4162154
1	146540101	147829895	NA	1289795	11648	2.0033281	11618	425	1900.0	mappable	0.0753	10.0	self	0.00310259463	0.0021978022	0.016968364591	0.09852843	0.10072623	146540101	146540101	147829895	147829895	0.148146918	1	373846.2	19.572455	0.9898456	NA	NA	0.0	1.001664055	1.0016641	1	1	1:1	2	neutral	4162154
1	149815060	155220023	NA	5404964	59984	2.0033281	59679	2140	10060.0	mappable	0.092425	10.0	self	0.01027582443	0.00040899796	0.006414353521	0.08942203	0.08983103	149815060	149815060	155219970	155220076	0.166139576	1	373846.2	19.572455	0.9898456	NA	NA	0.0	1.001664055	1.0016641	1	1	1:1	2	neutral	4162154
1	155220023	155230061	NA	10039	156	2.750368	156	10	25.0	mappable	0.0816	NA	identical	0.00022759463	0.1	0.209131635409	0.15045142	0.25045142	155219970	155220076	155229992	155230061	NA	missing	239301.7	12.823823	1.1967	NA	NA	NA	NA	NA	NA	NA	NA	NA	NA	4162154
1	155230062	156769988	NA	1539927	14142	2.0033281	14082	260	2490.0	mappable	0.12897283	10.0	NA	0.04142240537	0.003125	0.011568364591	0.09730262	0.10042762	155230062	155230131	156769975	156769988	0.279126967	1	373846.2	19.572455	0.9898456	NA	NA	0.0	1.001664055	1.0016641	1	1	1:1	2	neutral	4162154
1	156769989	156780076	NA	10088	148	2.3429989	148	0	19.0	mappable	NA	NA	NA	NA	inf	0.096331635409	0.15037195	inf	156769989	156770002	156779994	156780076	NA	missing	270412.0	NA	1.0839	NA	NA	NA	NA	NA	NA	NA	NA	NA	NA	4162154
1	156780077	193360579	NA	36580507	504142	2.0033281	502368	24677	83793.0	mappable	0.08215	10.0	NA	0.00165757141	3.780575e-05	0.000358359626	0.07960335	0.07964115	156780077	156780159	193360397	193360579	0.152951626	1	373846.2	19.572455	0.9898456	NA	NA	0.0	1.001664055	1.0016641	1	1	1:1	2	neutral	4162154
1	193360580	193360590	DEL	11	0	0.0	0	0	NA	mappable	NA	NA	NA	NA	inf	0.987568364591	0.57812965	inf	193360580	193360580	193360590	193360590	NA	missing	NA	NA	0.0	NA	NA	0.0	0.0	0.0	0	0	NA	0	homozygousDel	4162154
1	193360591	193361400	INV	810	8	1.956576	8	0	2.0	mappable	NA	NA	NA	NA	inf	0.010668364591	0.20700124	inf	193360591	193360687	193361349	193361400	NA	missing	455711.2	NA	0.9769	NA	NA	NA	NA	NA	NA	NA	NA	NA	NA	4162154
1	193361401	193361884	INV	484	2	1.956576	2	0	0.0	mappable	NA	NA	NA	NA	inf	0.010668364591	0.22424382	inf	193361401	193361487	193361784	193361884	NA	missing	455711.2	NA	0.9769	NA	NA	NA	NA	NA	NA	NA	NA	NA	NA	4162154
1	193361885	193362568	DEL	684	9	2.0033281	8	0	1.0	mappable	NA	10.0	NA	0.02627203908	1.0	0.010668364591	0.21236264	1.21236264	193361885	193361934	193362568	193362568	NA	missing	373846.2	NA	0.9898456	NA	NA	NA	NA	NA	NA	NA	NA	NA	NA	4162154
1	193362569	193362578	INV	10	0	0.0	0	0	NA	mappable	NA	NA	NA	NA	inf	0.987568364591	0.60205999	inf	193362569	193362569	193362578	193362578	NA	missing	NA	NA	0.0	NA	NA	0.0	0.0	0.0	0	0	NA	0	homozygousDel	4162154
1	193362579	249209945	INV	55847373	765287	2.0033281	762399	33469	127422.0	mappable	0.08215	10.0	edge	0.00032637162	2.750502e-05	0.000567834594	0.07771522	0.07774272	193362579	193362629	249209945	249209945	0.163077035	1	373846.2	19.572455	0.9898456	NA	NA	0.0	1.001664055	1.0016641	1	1	1:1	2	neutral	4162154
2	20016	49908	NA	29893	502	2.325894	501	33	76.0	mappable	0.08100192	7.0	edge	0.00294740537	0.02941176471	0.090231635409	0.13452143	0.16393319	20016	20016	49811	50005	NA	missing	325392.7	17.50242	1.0791637	NA	NA	NA	NA	NA	NA	NA	NA	NA	NA	4162154
2	49908	44484996	NA	44435097	684581	2.0033281	682345	26164	114296.0	mappable	0.078725	10.0	NA	0.00125707831	3.521251e-05	0.00091741474	0.07872405	0.07875926	49811	50005	44479983	44484996	0.150835295	1	373846.2	19.572455	0.9898456	NA	NA	0.0	1.001664055	1.0016641	1	1	1:1	2	neutral	4162154
2	44484997	44510007	NA	25011	326	2.2646309	326	0	65.0	mappable	NA	NA	NA	NA	inf	0.074631635409	0.13688996	inf	44484997	44490010	44509911	44510007	NA	missing	362950.7	NA	1.0622	NA	NA	NA	NA	NA	NA	NA	NA	NA	NA	4162154
2	44510008	48080106	NA	3570100	59491	2.0033281	59310	2108	10144.0	mappable	0.0857875	10.0	NA	0.00329205092	0.000436872	0.001140547682	0.09187996	0.09231683	44510008	44510104	48079978	48080234	0.154286074	1	373846.2	19.572455	0.9898456	NA	NA	0.0	1.001664055	1.0016641	1	1	1:1	2	neutral	4162154
2	48080106	48099987	NA	19882	342	1.6492434	342	0	73.0	mappable	NA	NA	NA	NA	inf	0.095768364591	0.14006411	inf	48079978	48080234	48099833	48100141	NA	missing	355513.5	NA	0.8918	NA	NA	NA	NA	NA	NA	NA	NA	NA	NA	4162154
2	48099987	87059860	NA	38959877	565226	2.0033281	563693	23667	94951.0	mappable	0.078725	10.0	NA	0.00105065015	3.968254e-05	0.001292367733	0.07931634	0.07935602	48099833	48100141	87059860	87059860	0.148931716	1	373846.2	19.572455	0.9898456	NA	NA	0.0	1.001664055	1.0016641	1	1	1:1	2	neutral	4162154
2	88330099	89094923	NA	764825	9477	2.0033281	9435	574	1647.0	mappable	0.08995	10.0	self	0.00812240537	0.00162337662	0.003468364591	0.10232916	0.10395254	88330099	88330099	89059837	89130009	0.13270748	1	373846.2	19.572455	0.9898456	NA	NA	0.0	1.001664055	1.0016641	1	1	1:1	2	neutral	4162154
2	89094923	89229990	NA	135068	2403	0.7738331	2399	79	375.0	mappable	0.43193056	NA	NA	0.34967240537	0.01204819277	0.338168364591	0.11734798	0.12939618	89059837	89130009	89229990	89229990	0.831611325	2	258511.3	17.512057	0.6494	19.6834	1.0377061	1.0	0.0	0.7738331	1	0	1:0	1	LOH	4162154
2	89840102	90239998	NA	399897	914	2.0033281	909	23	183.0	mappable	0.08334209	10.0	self	0.00907029126	0.03571428571	0.023968364591	0.10747332	0.14318761	89840102	89840102	90239998	90239998	NA	missing	373846.2	19.572455	0.9898456	NA	NA	NA	NA	NA	NA	NA	NA	NA	NA	4162154
2	95580145	96239991	NA	659847	4442	2.0033281	4417	113	757.0	mappable	0.10526667	10.0	NA	0.02084740537	0.00724637681	0.003731635409	0.10345663	0.11070301	95580145	95580145	96239991	96239991	0.287233738	1	373846.2	19.572455	0.9898456	NA	NA	0.0	1.001664055	1.0016641	1	1	1:1	2	neutral	4162154
2	96239992	96740020	NA	500029	0	0.0	0	0	NA	mappable	NA	NA	NA	NA	inf	0.987568364591	0.10564318	inf	96239992	96239992	96740020	96740020	NA	missing	NA	NA	0.0	NA	NA	0.0	0.0	0.0	0	0	NA	0	homozygousDel	4162154
2	96740021	127940011	NA	31199995	401383	2.0033281	400155	16790	67058.0	mappable	0.078725	10.0	NA	0.00134952063	5.550006e-05	0.003639715644	0.08033728	0.08039278	96740021	96740021	127939986	127940036	0.144470941	1	373846.2	19.572455	0.9898456	NA	NA	0.0	1.001664055	1.0016641	1	1	1:1	2	neutral	4162154
2	127940011	127979904	NA	39894	627	2.2819657	625	1	99.0	mappable	0.2173913	NA	NA	0.43082064553	0.33333333333	0.079431635409	0.13085679	0.46419012	127939986	127940036	127979800	127980008	NA	missing	305581.8	18.60063	1.067	NA	NA	NA	NA	NA	NA	NA	NA	NA	NA	4162154
2	127979904	132189994	NA	4210091	46266	2.0033281	46174	1181	7771.0	mappable	0.08041136	10.0	NA	0.00310259463	0.00078554595	0.019168364591	0.0908867	0.09167225	127979800	127980008	132189994	132189994	0.127996905	1	373846.2	19.572455	0.9898456	NA	NA	0.0	1.001664055	1.0016641	1	1	1:1	2	neutral	4162154
2	132189995	133009999	NA	820005	0	0.0	0	0	NA	mappable	NA	NA	NA	NA	inf	0.987568364591	0.10180566	inf	132189995	132189995	133009999	133009999	NA	missing	NA	NA	0.0	NA	NA	0.0	0.0	0.0	0	0	NA	0	homozygousDel	4162154
2	133010000	140140005	NA	7130007	100527	2.0033281	100232	3963	17077.0	mappable	0.085575	10.0	NA	0.00385020987	0.00023485204	0.000795573201	0.08785234	0.08808719	133010000	133010000	140139991	140140019	0.143094291	1	373846.2	19.572455	0.9898456	NA	NA	0.0	1.001664055	1.0016641	1	1	1:1	2	neutral	4162154
2	140140005	140159999	NA	19995	351	1.7583086	351	0	57.0	mappable	NA	NA	NA	NA	inf	0.065568364591	0.13998396	inf	140139991	140140019	140159959	140160039	NA	missing	400877.5	NA	0.922	NA	NA	NA	NA	NA	NA	NA	NA	NA	NA	4162154
2	140159999	157820064	NA	17660067	237914	2.0033281	237124	8336	40271.0	mappable	0.078725	10.0	NA	0.00268549514	0.00010957703	0.009155100611	0.08307722	0.0831868	140159959	140160039	157819881	157820247	0.156337267	1	373846.2	19.572455	0.9898456	NA	NA	0.0	1.001664055	1.0016641	1	1	1:1	2	neutral	4162154
2	157820064	157829902	NA	9839	128	1.5076754	128	0	26.0	mappable	NA	NA	NA	NA	inf	0.134968364591	0.15078071	inf	157819881	157820247	157829785	157829902	NA	missing	419140.0	NA	0.8526	NA	NA	NA	NA	NA	NA	NA	NA	NA	NA	4162154
2	157829903	168029946	NA	10200044	133337	2.0033281	132869	5050	22169.0	mappable	0.0753	10.0	NA	0.00652759463	0.00018122508	0.009331635409	0.08590301	0.08608423	157829903	157830020	168029842	168029946	0.16794366	1	373846.2	19.572455	0.9898456	NA	NA	0.0	1.001664055	1.0016641	1	1	1:1	2	neutral	4162154
2	168029947	168040013	NA	10067	197	1.6185463	197	0	47.0	mappable	NA	NA	NA	NA	inf	0.104268364591	0.15040595	inf	168029947	168030051	168039980	168040046	NA	missing	416813.3	NA	0.8833	NA	NA	NA	NA	NA	NA	NA	NA	NA	NA	4162154
2	168040013	242999969	NA	74959962	1030638	2.0033281	1027117	41104	171677.0	mappable	0.08215	10.0	edge	0.00036963151	2.240947e-05	0.004501992411	0.07645372	0.07647613	168039980	168040046	242999969	242999969	0.152535891	1	373846.2	19.572455	0.9898456	NA	NA	0.0	1.001664055	1.0016641	1	1	1:1	2	neutral	4162154
3	100074	9535022	NA	9434951	170181	2.0033281	169585	7219	27995.0	mappable	0.106125	10.0	edge	0.02688053397	0.00012795905	0.001107548702	0.08632007	0.08644803	100074	100074	9529974	9535022	0.529696128	2	373846.2	19.572455	0.9898456	18.67491	0.5420102	0.08402047	0.91750377	1.0858243	1	1	1:1	2	mixDH	4162154
3	9535023	9549996	NA	14974	150	2.976897	147	0	17.0	mappable	NA	3.0	identical	0.11690464519	0.33333333333	0.246631635409	0.14419432	0.47752765	9535023	9540071	9549944	9550048	NA	missing	481639.2	NA	1.2594256	NA	NA	NA	NA	NA	NA	NA	NA	NA	NA	4162154
3	9549996	41929937	NA	32379943	464954	2.0033281	463630	18935	77387.0	mappable	0.099275	10.0	self	0.01796014829	4.936078e-05	0.001894697948	0.08016483	0.08021419	9549944	9550048	41909859	41950015	0.528232414	2	373846.2	19.572455	0.9898456	18.67491	0.5420102	0.08402047	0.91750377	1.0858243	1	1	1:1	2	mixDH	4162154
3	41929937	41964973	NA	35037	165	1.6592261	165	20	30.0	mappable	0.336675	4.0	identical	0.25484740537	0.05	0.095868364591	0.13248023	0.18248023	41909859	41950015	41959920	41964973	NA	missing	416179.6	23.710716	0.8945642	NA	NA	NA	NA	NA	NA	NA	NA	NA	NA	4162154
3	41964974	84409954	NA	42444983	579295	2.0033281	577318	23436	96508.0	mappable	0.078725	10.0	self	0.00103139513	3.934994e-05	0.000552391673	0.07892943	0.07896878	41964974	41970027	84409897	84409954	0.223315443	1	373846.2	19.572455	0.9898456	NA	NA	0.0	1.001664055	1.0016641	1	1	1:1	2	neutral	4162154
3	84409955	84429974	NA	20020	450	2.1963749	448	0	76.0	mappable	NA	NA	identical	0.7515057387	0.5	0.055731635409	0.1399663	0.6399663	84409955	84410012	84429930	84430018	NA	missing	446666.3	NA	1.0433	NA	NA	NA	NA	NA	NA	NA	NA	NA	NA	4162154
3	84429974	90190137	NA	5760164	82556	2.0033281	82257	4210	13802.0	mappable	0.0764	10.0	self	0.00652759463	0.00022177866	0.006331635409	0.0890564	0.08927818	84429930	84430018	90189985	90190137	0.130218263	1	373846.2	19.572455	0.9898456	NA	NA	0.0	1.001664055	1.0016641	1	1	1:1	2	neutral	4162154
3	90190138	90499969	NA	309832	4228	1.6592261	4219	1	759.0	mappable	0.05555556	4.0	NA	0.24057240537	0.1	0.093468364591	0.10964235	0.20964235	90190138	90190290	90499969	90499969	NA	missing	416179.6	23.710716	0.8945642	NA	NA	NA	NA	NA	NA	NA	NA	NA	NA	4162154
3	93570175	107969918	NA	14399744	205447	2.0033281	204895	7295	34530.0	mappable	0.08120714	10.0	NA	0.00032240537	0.00012743724	0.003531635409	0.08410592	0.08423335	93570175	93570175	107969803	107970033	0.148773562	1	373846.2	19.572455	0.9898456	NA	NA	0.0	1.001664055	1.0016641	1	1	1:1	2	neutral	4162154
3	107969918	108010002	NA	40085	357	2.3267474	357	0	63.0	mappable	NA	NA	NA	NA	inf	0.091831635409	0.13079782	inf	107969803	107970033	108009975	108010029	NA	missing	425804.6	NA	1.0794	NA	NA	NA	NA	NA	NA	NA	NA	NA	NA	4162154
3	108010002	117050005	NA	9040005	120978	2.0033281	120633	4660	20188.0	mappable	0.08215	10.0	NA	0.00073713509	0.0001998002	0.005046438101	0.08655052	0.08675032	108009975	108010029	117049987	117050005	0.175352193	1	373846.2	19.572455	0.9898456	NA	NA	0.0	1.001664055	1.0016641	1	1	1:1	2	neutral	4162154
3	117050006	117069965	NA	19960	317	2.3390263	317	0	57.0	mappable	NA	NA	NA	NA	inf	0.095231635409	0.14000872	inf	117050006	117050024	117069912	117070018	NA	missing	440146.9	NA	1.0828	NA	NA	NA	NA	NA	NA	NA	NA	NA	NA	4162154
3	117069965	164290045	NA	47220084	625317	2.0033281	623444	26671	103946.0	mappable	0.078725	10.0	NA	0.00161046935	3.503486e-05	0.000515236817	0.07845322	0.07848826	117069912	117070018	164289950	164290140	0.152065898	1	373846.2	19.572455	0.9898456	NA	NA	0.0	1.001664055	1.0016641	1	1	1:1	2	neutral	4162154
3	164290045	164300070	NA	10026	110	2.3690011	110	0	21.0	mappable	NA	NA	NA	NA	inf	0.103531635409	0.15047258	inf	164289950	164290140	164299966	164300174	NA	missing	474683.0	NA	1.0911	NA	NA	NA	NA	NA	NA	NA	NA	NA	NA	4162154
3	164300070	194260046	NA	29959983	421230	2.0033281	420018	16814	70803.0	mappable	0.08215	10.0	NA	0.00083426946	5.547542e-05	0.00272323501	0.08052654	0.08058201	164299966	164300174	194259982	194260110	0.160124803	1	373846.2	19.572455	0.9898456	NA	NA	0.0	1.001664055	1.0016641	1	1	1:1	2	neutral	4162154
3	194260046	194295011	NA	34966	583	2.3917531	580	1	91.0	mappable	0.28	NA	NA	0.21010494847	0.25	0.109831635409	0.13250592	0.38250592	194259982	194260110	194289968	194300054	NA	missing	322078.9	20.613048	1.0974	NA	NA	NA	NA	NA	NA	NA	NA	NA	NA	4162154
3	194295011	194330009	NA	34999	414	1.6791551	414	1	72.0	mappable	0.11111111	2.0	NA	0.02928351648	1.0	0.079568364591	0.13249397	1.13249397	194289968	194300054	194329991	194330027	NA	missing	391633.0	20.71915	0.9000825	NA	NA	NA	NA	NA	NA	NA	NA	NA	NA	4162154
3	194330009	197779892	NA	3449885	43123	2.0033281	42865	1554	7392.0	mappable	0.08497143	10.0	edge	0.00726980465	0.00055187638	0.006968677649	0.09208902	0.09264089	194329991	194330027	197779892	197779892	0.146437439	1	373846.2	19.572455	0.9898456	NA	NA	0.0	1.001664055	1.0016641	1	1	1:1	2	neutral	4162154
4	50084	8939952	NA	8889872	145356	2.0033281	144460	5781	23714.0	mappable	0.089	10.0	edge	0.00905816235	0.00014979029	0.006048209936	0.08664111	0.0867909	50084	50084	8939952	8939952	0.163432748	1	373846.2	19.572455	0.9898456	NA	NA	0.0	1.001664055	1.0016641	1	1	1:1	2	neutral	4162154
4	9800043	32440015	NA	22639975	356820	2.0033281	355643	16690	58784.0	mappable	0.078725	10.0	NA	0.00447250706	5.597224e-05	0.000761141323	0.08185862	0.08191459	9800043	9800043	32439916	32440114	0.135051847	1	373846.2	19.572455	0.9898456	NA	NA	0.0	1.001664055	1.0016641	1	1	1:1	2	neutral	4162154
4	32440015	32460006	NA	19992	349	2.553184	349	0	70.0	mappable	NA	NA	NA	NA	inf	0.154531635409	0.13998608	inf	32439916	32440114	32459958	32460006	NA	missing	500785.5	NA	1.1421	NA	NA	NA	NA	NA	NA	NA	NA	NA	NA	4162154
4	32460007	49089961	NA	16629956	241855	2.0033281	241163	10723	40492.0	mappable	0.078725	10.0	NA	0.00274104562	8.76117e-05	0.001485621475	0.08337752	0.08346513	32460007	32460055	49089961	49089961	0.148598719	1	373846.2	19.572455	0.9898456	NA	NA	0.0	1.001664055	1.0016641	1	1	1:1	2	neutral	4162154
4	52680564	63925002	NA	11244442	163984	2.0033281	163411	6902	27579.0	mappable	0.081	10.0	NA	0.00015381548	0.00013377926	0.005691843711	0.08538722	0.085521	52680564	52680564	63919990	63925002	0.16572693	1	373846.2	19.572455	0.9898456	NA	NA	0.0	1.001664055	1.0016641	1	1	1:1	2	neutral	4162154
4	63925003	63940019	NA	15017	208	1.5513737	208	0	43.0	mappable	NA	NA	NA	NA	inf	0.122868364591	0.14415132	inf	63925003	63930015	63939976	63940019	NA	missing	424184.0	NA	0.8647	NA	NA	NA	NA	NA	NA	NA	NA	NA	NA	4162154
4	63940020	130029995	NA	66089988	883219	2.0033281	880417	39274	147235.0	mappable	0.078725	10.0	NA	0.00340936935	2.376708e-05	0.001998728169	0.07698843	0.0770122	63940020	63940063	130029968	130029995	0.154240728	1	373846.2	19.572455	0.9898456	NA	NA	0.0	1.001664055	1.0016641	1	1	1:1	2	neutral	4162154
4	130029996	130059959	NA	29964	356	2.3021897	356	0	56.0	mappable	NA	NA	NA	NA	inf	0.085031635409	0.13449047	inf	130029996	130030023	130059909	130059959	NA	missing	366211.9	NA	1.0726	NA	NA	NA	NA	NA	NA	NA	NA	NA	NA	4162154
4	130059960	190799944	NA	60739994	872035	2.0033281	868726	38367	145560.0	mappable	0.078725	10.0	edge	0.00289931234	2.399578e-05	0.003390179848	0.07735106	0.07737505	130059960	130060010	190799944	190799944	0.152152115	1	373846.2	19.572455	0.9898456	NA	NA	0.0	1.001664055	1.0016641	1	1	1:1	2	neutral	4162154
5	50017	27150011	NA	27100002	414383	2.0033281	412804	19602	68291.0	mappable	0.078725	10.0	edge	0.0021357015	4.721212e-05	0.020627722604	0.08099858	0.0810458	50017	50017	27149982	27150040	0.169918407	1	373846.2	19.572455	0.9898456	NA	NA	0.0	1.001664055	1.0016641	1	1	1:1	2	neutral	4162154
5	27150011	27159963	NA	9953	181	2.4730103	181	0	23.0	mappable	NA	NA	NA	NA	inf	0.132331635409	0.15059203	inf	27149982	27150040	27159841	27160085	NA	missing	447152.2	NA	1.1199	NA	NA	NA	NA	NA	NA	NA	NA	NA	NA	4162154
5	27159963	35939978	NA	8780016	125773	2.0033281	125315	6572	20927.0	mappable	0.078725	10.0	NA	0.00310259463	0.00014224751	0.019331635409	0.08670849	0.08685074	27159841	27160085	35939941	35939978	0.178309395	1	373846.2	19.572455	0.9898456	NA	NA	0.0	1.001664055	1.0016641	1	1	1:1	2	neutral	4162154
5	35939979	35950017	NA	10039	180	2.3744183	180	0	25.0	mappable	NA	NA	NA	NA	inf	0.105031635409	0.15045142	inf	35939979	35940016	35949996	35950038	NA	missing	386786.7	NA	1.0926	NA	NA	NA	NA	NA	NA	NA	NA	NA	NA	4162154
5	35950017	46399990	NA	10449977	148507	2.0033281	148019	5816	24874.0	mappable	0.07936667	10.0	NA	0.00331443294	0.00015862944	0.012420701918	0.08577434	0.08593297	35949996	35950038	46399990	46399990	0.163653534	1	373846.2	19.572455	0.9898456	NA	NA	0.0	1.001664055	1.0016641	1	1	1:1	2	neutral	4162154
5	49470005	49559973	NA	89969	3024	1.6791551	2914	63	449.0	mappable	0.08174695	2.0	NA	0.00461588363	0.00578034682	0.081468364591	0.1215278	0.12730814	49470005	49470005	49549890	49559973	0.176319294	1	391633.0	20.71915	0.9000825	NA	NA	0.0	0.839577543	0.8395775	1	1	1:1	2	neutral	4162154
5	49559974	68829703	NA	19269731	253542	2.0033281	252753	12392	42242.0	mappable	0.078725	10.0	self	0.0024341509	7.586678e-05	0.020782873863	0.0826452	0.08272106	49559974	49570057	68829703	68829703	0.16785162	1	373846.2	19.572455	0.9898456	NA	NA	0.0	1.001664055	1.0016641	1	1	1:1	2	neutral	4162154
5	70750153	113381000	NA	42630851	584904	2.0033281	583293	21976	98527.0	mappable	0.078725	10.0	NA	5.273267e-05	4.239803e-05	0.024433424934	0.0789098	0.0789522	70750153	70750153	113380942	113381000	0.174312626	1	373846.2	19.572455	0.9898456	NA	NA	0.0	1.001664055	1.0016641	1	1	1:1	2	neutral	4162154
5	113381001	113381948	ITX	948	17	2.009664	17	0	3.0	mappable	NA	NA	NA	NA	inf	0.004031635409	0.20225017	inf	113381001	113381082	113381945	113381948	NA	missing	356240.0	NA	0.9916	NA	NA	NA	NA	NA	NA	NA	NA	NA	NA	4162154
5	113381949	180689979	ITX	67308034	945230	2.0033281	942158	37830	157334.0	mappable	0.078725	10.0	edge	0.00071565912	2.444928e-05	0.017525686064	0.07691043	0.07693488	113381949	113381959	180689979	180689979	0.165989963	1	373846.2	19.572455	0.9898456	NA	NA	0.0	1.001664055	1.0016641	1	1	1:1	2	neutral	4162154
6	201976	31270010	NA	31068037	462980	2.0033281	460278	22517	77239.0	mappable	0.08215	10.0	edge	0.00018409102	3.965264e-05	0.000783947388	0.08035702	0.08039667	201976	201976	31269994	31270026	0.166616805	1	373846.2	19.572455	0.9898456	NA	NA	0.0	1.001664055	1.0016641	1	1	1:1	2	neutral	4162154
6	31270010	31280008	NA	9999	447	2.5831589	446	72	39.0	mappable	0.09037155	NA	identical	0.00667068123	0.01369863014	0.162831635409	0.15051663	0.16421526	31269994	31270026	31279997	31280008	0.002614731	1	245896.2	12.72634	1.1504	NA	NA	0.0	1.291579429	1.2915794	1	1	1:1	2	neutral	4162154
6	31280009	38150069	NA	6870061	109580	2.0033281	106556	7690	16945.0	mappable	0.089	10.0	NA	0.00702469379	9.333582e-05	0.003438383755	0.0880596	0.08815293	31280009	31280020	38149984	38150069	0.286550709	1	373846.2	19.572455	0.9898456	NA	NA	0.0	1.001664055	1.0016641	1	1	1:1	2	neutral	4162154
6	38150070	38160018	NA	9949	159	2.302912	159	0	39.0	mappable	NA	NA	NA	NA	inf	0.085231635409	0.1505986	inf	38150070	38150155	38159918	38160018	NA	missing	305533.3	NA	1.0728	NA	NA	NA	NA	NA	NA	NA	NA	NA	NA	4162154
6	38160019	58019982	NA	19859964	286269	2.0033281	283858	10624	48262.0	mappable	0.08215	10.0	NA	0.00032240537	7.672242e-05	0.000931635409	0.08249682	0.08257354	38160019	38160119	58019982	58019982	0.157682627	1	373846.2	19.572455	0.9898456	NA	NA	0.0	1.001664055	1.0016641	1	1	1:1	2	neutral	4162154
6	58610011	58769997	NA	159987	572	1.6791551	571	29	99.0	mappable	0.11293636	2.0	NA	0.03492846597	0.03333333333	0.096368364591	0.11568989	0.14902322	58610011	58610011	58769997	58769997	NA	missing	391633.0	20.71915	0.9000825	NA	NA	NA	NA	NA	NA	NA	NA	NA	NA	4162154
6	61890002	62020752	NA	130751	2100	1.6791551	2081	85	333.0	mappable	0.07885455	2.0	NA	0.01187374848	0.00961538462	0.078368364591	0.11767155	0.12728693	61890002	61890002	62020721	62020783	0.053484174	1	391633.0	20.71915	0.9000825	NA	NA	0.0	0.839577543	0.8395775	1	1	1:1	2	neutral	4162154
6	62020752	109089895	NA	47069145	652749	2.0033281	650723	28195	109077.0	mappable	0.0753	10.0	NA	0.00357569041	3.308957e-05	0.000735110921	0.07846744	0.07850053	62020721	62020783	109089783	109089895	0.137830684	1	373846.2	19.572455	0.9898456	NA	NA	0.0	1.001664055	1.0016641	1	1	1:1	2	neutral	4162154
6	109089896	109109999	NA	20104	274	1.6376869	274	0	43.0	mappable	NA	NA	NA	NA	inf	0.098968364591	0.13990715	inf	109089896	109090008	109109902	109110096	NA	missing	357149.1	NA	0.8886	NA	NA	NA	NA	NA	NA	NA	NA	NA	NA	4162154
6	109109999	113320016	NA	4210018	53956	2.0033281	53831	2262	9091.0	mappable	0.0753	10.0	NA	0.00652759463	0.0004189359	0.005731635409	0.0908868	0.09130574	109109902	109110096	113319977	113320016	0.142589373	1	373846.2	19.572455	0.9898456	NA	NA	0.0	1.001664055	1.0016641	1	1	1:1	2	neutral	4162154
6	113320017	113330097	NA	10081	122	2.3198857	122	0	20.0	mappable	NA	NA	NA	NA	inf	0.089931635409	0.15038328	inf	113320017	113320056	113329983	113330097	NA	missing	423806.2	NA	1.0775	NA	NA	NA	NA	NA	NA	NA	NA	NA	NA	4162154
6	113330098	137479992	NA	24149898	332662	2.0033281	331710	13938	55886.0	mappable	0.078725	10.0	NA	0.00296200733	6.715917e-05	0.006068794448	0.08154773	0.08161489	113330098	113330212	137479969	137479992	0.151608925	1	373846.2	19.572455	0.9898456	NA	NA	0.0	1.001664055	1.0016641	1	1	1:1	2	neutral	4162154
6	137479993	137490019	NA	10027	179	2.6557486	170	0	30.0	mappable	NA	NA	identical	0.04469950621	0.11111111111	0.182931635409	0.15047095	0.26158206	137479993	137480016	137489967	137490071	NA	missing	390912.0	NA	1.1705	NA	NA	NA	NA	NA	NA	NA	NA	NA	NA	4162154
6	137490019	170899935	NA	33409920	495991	2.0033281	493895	24251	82396.0	mappable	0.08215	10.0	edge	0.00042305533	3.795643e-05	0.002559280669	0.08001993	0.08005789	137489967	137490071	170899935	170899935	0.154159281	1	373846.2	19.572455	0.9898456	NA	NA	0.0	1.001664055	1.0016641	1	1	1:1	2	neutral	4162154
7	40386	2785002	NA	2744617	45650	2.976897	45322	2071	7021.0	mappable	0.160925	3.0	edge	0.07224740537	0.00041684035	0.261631635409	0.09350962	0.09392646	40386	40386	2779912	2790092	0.730758965	2	481639.2	29.233128	1.2594256	18.9096	0.6634074	0.32681477	1.00200155	1.9748955	2	1	2:1	3	gain	4162154
7	2785002	2799966	NA	14965	200	2.325894	200	6	37.0	mappable	0.07416775	7.0	NA	0.00765984579	0.16666666667	0.110231635409	0.14420334	0.31087	2779912	2790092	2799911	2800021	NA	missing	325392.7	17.50242	1.0791637	NA	NA	NA	NA	NA	NA	NA	NA	NA	NA	4162154
7	2799966	23400009	NA	20600044	345970	2.976897	344944	16601	56980.0	mappable	0.215725	3.0	NA	0.13389740537	5.673115e-05	0.277531635409	0.08231759	0.08237432	2799911	2800021	23399965	23400009	0.766183942	2	481639.2	29.233128	1.2594256	18.9096	0.6634074	0.32681477	1.00200155	1.9748955	2	1	2:1	3	gain	4162154
7	23400010	23409996	NA	9987	168	3.5047954	168	0	34.0	mappable	NA	NA	NA	NA	inf	0.418031635409	0.15053626	inf	23400010	23400054	23409935	23409996	NA	missing	437684.3	NA	1.4056	NA	NA	NA	NA	NA	NA	NA	NA	NA	NA	4162154
7	23409997	57724998	NA	34315006	459683	2.976897	458403	19929	76951.0	mappable	0.2123	3.0	NA	0.12990012358	4.714979e-05	0.273828255471	0.07989666	0.07994381	23409997	23410058	57509993	57940003	0.761418507	2	481639.2	29.233128	1.2594256	18.9096	0.6634074	0.32681477	1.00200155	1.9748955	2	1	2:1	3	gain	4162154
7	57724998	57999988	NA	274991	2919	2.5618514	2854	0	497.0	mappable	NA	NA	NA	0.09182518315	0.01538461538	0.156931635409	0.11068666	0.12607127	57509993	57940003	57999988	57999988	NA	missing	503218.4	NA	1.1445	NA	NA	NA	NA	NA	NA	NA	NA	NA	NA	4162154
7	61530139	72229988	NA	10699850	114205	2.976897	113435	5214	18753.0	mappable	0.20764167	3.0	NA	0.12362240537	0.0001671123	0.233331635409	0.08564912	0.08581623	61530139	61530139	72229988	72229988	0.744151425	2	481639.2	29.233128	1.2594256	18.9096	0.6634074	0.32681477	1.00200155	1.9748955	2	1	2:1	3	gain	4162154
7	72750118	74139961	NA	1389844	10205	2.864128	10156	364	1732.0	mappable	0.1164	NA	NA	0.03799740537	0.00242130751	0.240631635409	0.09800803	0.10042934	72750118	72750118	74139961	74139961	0.697255547	2	327370.3	20.005963	1.2282	13.17963	0.6720732	0.34414636	0.939224381	1.9249036	2	1	2:1	3	gain	4162154
7	75160045	76059952	NA	899908	8411	2.976897	8373	400	1368.0	mappable	0.1482	3.0	NA	0.06620990537	0.00228310502	0.234131635409	0.10111521	0.10339831	75160045	75160045	76059952	76059952	0.69555821	2	481639.2	29.233128	1.2594256	18.9096	0.6634074	0.32681477	1.00200155	1.9748955	2	1	2:1	3	gain	4162154
7	76810004	91099933	NA	14289931	199196	2.976897	198569	9685	32968.0	mappable	0.21431071	3.0	NA	0.13159128049	9.69744e-05	0.280721803887	0.084145	0.08424197	76810004	76810004	91099855	91099933	0.779974599	2	481639.2	29.233128	1.2594256	18.9096	0.6634074	0.32681477	1.00200155	1.9748955	2	1	2:1	3	gain	4162154
7	91099934	91170000	NA	70067	930	2.6514149	924	23	167.0	mappable	0.17006509	NA	NA	0.09205137756	0.03448275862	0.181731635409	0.12425102	0.15873378	91099934	91100012	91169931	91170000	NA	missing	514353.8	31.840949	1.1693	NA	NA	NA	NA	NA	NA	NA	NA	NA	NA	4162154
7	91170001	125300011	NA	34130014	429852	2.976897	428478	15532	72000.0	mappable	0.202025	3.0	NA	0.11942348584	5.91506e-05	0.276507452667	0.07992156	0.07998071	91170001	91170070	125299988	125300034	0.753220357	2	481639.2	29.233128	1.2594256	18.9096	0.6634074	0.32681477	1.00200155	1.9748955	2	1	2:1	3	gain	4162154
7	125300011	125309996	NA	9986	144	3.5625783	144	0	24.0	mappable	NA	NA	NA	NA	inf	0.434031635409	0.1505379	inf	125299988	125300034	125309915	125309996	NA	missing	575062.0	NA	1.4216	NA	NA	NA	NA	NA	NA	NA	NA	NA	NA	4162154
7	125309997	148499997	NA	23190001	306243	2.976897	305188	11925	51540.0	mappable	0.1986	3.0	NA	0.11542392608	7.70416e-05	0.268476698317	0.08174276	0.0818198	125309997	125310078	148499942	148500052	0.737524945	2	481639.2	29.233128	1.2594256	18.9096	0.6634074	0.32681477	1.00200155	1.9748955	2	1	2:1	3	gain	4162154
7	148499997	148510027	NA	10031	208	2.4831223	208	2	40.0	mappable	0.24415205	NA	NA	0.16232445215	0.5	0.135131635409	0.15046443	0.65046443	148499942	148500052	148509974	148510027	NA	missing	386782.9	24.060837	1.1227	NA	NA	NA	NA	NA	NA	NA	NA	NA	NA	4162154
7	148510028	159119808	NA	10609783	151837	2.976897	150924	6543	25432.0	mappable	0.2123	3.0	edge	0.12592333092	0.00013413816	0.2692528147	0.08569387	0.08582801	148510028	148510081	159119808	159119808	0.733435531	2	481639.2	29.233128	1.2594256	18.9096	0.6634074	0.32681477	1.00200155	1.9748955	2	1	2:1	3	gain	4162154
8	170012	2330005	NA	2159998	48574	2.0033281	47991	2342	8175.0	mappable	0.089	10.0	edge	0.0029307711	0.00034188034	0.005278514398	0.0950453	0.09538718	170012	170012	2319990	2330005	0.202121619	1	373846.2	19.572455	0.9898456	NA	NA	0.0	1.001664055	1.0016641	1	1	1:1	2	neutral	4162154
8	2330006	2349984	NA	19979	266	2.7146149	265	33	36.0	mappable	0.06181667	NA	identical	0.02001092797	0.02941176471	0.199231635409	0.13999527	0.16940704	2330006	2340021	2349964	2350004	NA	missing	374560.0	20.246486	1.1868	NA	NA	NA	NA	NA	NA	NA	NA	NA	NA	4162154
8	2349984	3919999	NA	1570018	50958	2.0033281	50805	2005	8275.0	mappable	0.08190357	10.0	NA	0.00171374907	0.00046339203	0.030613078951	0.09717064	0.09763403	2349964	2350004	3919993	3920005	0.21023563	1	373846.2	19.572455	0.9898456	NA	NA	0.0	1.001664055	1.0016641	1	1	1:1	2	neutral	4162154
8	3919999	3929999	NA	10001	472	1.7276114	472	0	92.0	mappable	NA	NA	NA	NA	inf	0.074068364591	0.15051336	inf	3919993	3920005	3929989	3929999	NA	missing	405048.8	NA	0.9135	NA	NA	NA	NA	NA	NA	NA	NA	NA	NA	4162154
8	3930000	6919904	NA	2989908	93256	2.0033281	92922	5760	15087.0	mappable	0.078725	10.0	NA	0.00291760786	0.00016409583	0.019029919702	0.09297279	0.09313689	3930000	3930010	6919904	6919904	0.164765944	1	373846.2	19.572455	0.9898456	NA	NA	0.0	1.001664055	1.0016641	1	1	1:1	2	neutral	4162154
8	8100000	9700033	NA	1600034	33774	2.0033281	33684	1029	5763.0	mappable	0.07740278	10.0	self	0.00652759463	0.00089365505	0.027031635409	0.09704182	0.09793548	8100000	8100000	9699970	9700033	0.147248951	1	373846.2	19.572455	0.9898456	NA	NA	0.0	1.001664055	1.0016641	1	1	1:1	2	neutral	4162154
8	9700034	9730000	NA	29967	662	1.809952	658	2	104.0	mappable	0.10180276	NA	identical	0.4836619457	0.16666666667	0.051268364591	0.13448916	0.30115583	9700034	9700097	9729990	9730010	NA	missing	350828.8	19.32721	0.9363	NA	NA	NA	NA	NA	NA	NA	NA	NA	NA	4162154
8	9730000	10910019	NA	1180020	25362	2.0033281	25285	989	4156.0	mappable	0.085575	10.0	NA	0.00717240537	0.0009380863	0.026531635409	0.0991553	0.10009338	9729990	9730010	10909973	10910019	0.189994131	1	373846.2	19.572455	0.9898456	NA	NA	0.0	1.001664055	1.0016641	1	1	1:1	2	neutral	4162154
8	10910020	10920038	NA	10019	193	1.6553829	193	0	46.0	mappable	NA	NA	NA	NA	inf	0.094068364591	0.15048398	inf	10910020	10910066	10919943	10920038	NA	missing	253927.5	NA	0.8935	NA	NA	NA	NA	NA	NA	NA	NA	NA	NA	4162154
8	10920039	11859985	NA	939948	19326	2.0033281	19287	663	3109.0	mappable	0.0825	10.0	NA	0.00254205436	0.00142450142	0.024459214836	0.10079517	0.10221967	10920039	10920134	11859985	11859985	0.149451834	1	373846.2	19.572455	0.9898456	NA	NA	0.0	1.001664055	1.0016641	1	1	1:1	2	neutral	4162154
8	12580042	43740057	NA	31160018	518966	2.0033281	517334	21168	86224.0	mappable	0.078725	10.0	self	0.00364648678	4.386157e-05	0.013229299225	0.08034325	0.08038711	12580042	12580042	43739999	43740115	0.150928856	1	373846.2	19.572455	0.9898456	NA	NA	0.0	1.001664055	1.0016641	1	1	1:1	2	neutral	4162154
8	43740057	43789991	NA	49935	1726	1.6791551	1724	4	267.0	mappable	0.03819265	2.0	NA	0.03019005962	0.16666666667	0.083868364591	0.12814136	0.29480802	43739999	43740115	43789991	43789991	NA	missing	391633.0	20.71915	0.9000825	NA	NA	NA	NA	NA	NA	NA	NA	NA	NA	4162154
8	46880007	93370007	NA	46490004	632137	2.0033281	630409	23756	105884.0	mappable	0.078725	10.0	NA	0.00214338267	3.924031e-05	0.016422649541	0.07852247	0.07856171	46880007	46880007	93369987	93370007	0.157958297	1	373846.2	19.572455	0.9898456	NA	NA	0.0	1.001664055	1.0016641	1	1	1:1	2	neutral	4162154
8	93370008	93379617	NA	9610	112	2.6550263	112	0	18.0	mappable	NA	NA	NA	NA	inf	0.182731635409	0.15116792	inf	93370008	93370028	93379066	93379617	NA	missing	398346.0	NA	1.1703	NA	NA	NA	NA	NA	NA	NA	NA	NA	NA	4162154
8	93379618	120495025	NA	27115408	362594	2.0033281	361432	14119	60253.0	mappable	0.08251389	10.0	NA	0.00060151713	6.544503e-05	0.022427849357	0.08099589	0.08106134	93379618	93380169	120489988	120500062	0.162864635	1	373846.2	19.572455	0.9898456	NA	NA	0.0	1.001664055	1.0016641	1	1	1:1	2	neutral	4162154
8	120495025	120510004	NA	14980	172	2.5073189	172	0	36.0	mappable	NA	NA	NA	NA	inf	0.141831635409	0.14418831	inf	120489988	120500062	120509990	120510018	NA	missing	379553.0	NA	1.1294	NA	NA	NA	NA	NA	NA	NA	NA	NA	NA	4162154
8	120510004	132690081	NA	12180078	182428	2.0033281	181850	7872	30257.0	mappable	0.078725	10.0	NA	0.00310259463	0.0001183572	0.018131635409	0.08496891	0.08508727	120509990	120510018	132689995	132690167	0.165212823	1	373846.2	19.572455	0.9898456	NA	NA	0.0	1.001664055	1.0016641	1	1	1:1	2	neutral	4162154
8	132690081	132700008	NA	9928	216	2.4350903	216	0	29.0	mappable	NA	NA	NA	NA	inf	0.121831635409	0.15063318	inf	132689995	132690167	132699988	132700008	NA	missing	441975.0	NA	1.1094	NA	NA	NA	NA	NA	NA	NA	NA	NA	NA	4162154
8	132700009	146289988	NA	13589982	210072	2.0033281	209216	8834	34543.0	mappable	0.085575	10.0	edge	0.00315591055	0.00010319917	0.013887501017	0.08440229	0.08450549	132700009	132700029	146289988	146289988	0.174533554	1	373846.2	19.572455	0.9898456	NA	NA	0.0	1.001664055	1.0016641	1	1	1:1	2	neutral	4162154
9	200101	1809990	NA	1609893	36529	2.0033281	36390	2092	5919.0	mappable	0.08234091	10.0	edge	0.0065145457	0.00044822949	0.004924104406	0.09700011	0.09744834	200101	200101	1809976	1809990	0.17944202	1	373846.2	19.572455	0.9898456	NA	NA	0.0	1.001664055	1.0016641	1	1	1:1	2	neutral	4162154
9	1809991	1820005	NA	10015	279	2.2765486	279	0	54.0	mappable	NA	NA	NA	NA	inf	0.077931635409	0.15049051	inf	1809991	1810005	1819991	1820005	NA	missing	439298.9	NA	1.0655	NA	NA	NA	NA	NA	NA	NA	NA	NA	NA	4162154
9	1820006	33229961	NA	31409961	548113	2.0033281	546556	25600	90419.0	mappable	0.078725	10.0	NA	0.00247305547	3.682292e-05	0.000664271457	0.08030607	0.08034289	1820006	1820020	33229865	33230057	0.15608345	1	373846.2	19.572455	0.9898456	NA	NA	0.0	1.001664055	1.0016641	1	1	1:1	2	neutral	4162154
9	33229961	33250047	NA	20087	303	2.2530743	303	2	45.0	mappable	0.31111111	NA	NA	0.22928351648	0.5	0.071431635409	0.1399191	0.6399191	33229865	33230057	33249972	33250047	NA	missing	291724.9	15.882798	1.059	NA	NA	NA	NA	NA	NA	NA	NA	NA	NA	4162154
9	33250048	33349995	NA	99948	1166	1.6791551	1166	13	210.0	mappable	0.09131636	2.0	NA	0.00948876634	0.07692307692	0.072368364591	0.12041744	0.19734052	33250048	33250123	33349964	33350026	NA	missing	391633.0	20.71915	0.9000825	NA	NA	NA	NA	NA	NA	NA	NA	NA	NA	4162154
9	33349995	38769828	NA	5419834	59245	2.0033281	59061	1993	9903.0	mappable	0.08190357	10.0	self	0.00032240537	0.00045955882	0.000568364591	0.08940618	0.08986574	33349964	33350026	38769828	38769828	0.197875185	1	373846.2	19.572455	0.9898456	NA	NA	0.0	1.001664055	1.0016641	1	1	1:1	2	neutral	4162154
9	66840048	66849972	NA	9925	540	1.6791551	509	0	94.0	mappable	NA	2.0	NA	0.01334804918	0.03225806452	0.061468364591	0.15063813	0.18289619	66840048	66840048	66849972	66849972	NA	missing	391633.0	NA	0.9000825	NA	NA	NA	NA	NA	NA	NA	NA	NA	NA	4162154
9	68410004	68419976	NA	9973	1130	2.1042834	1034	0	280.0	mappable	NA	NA	NA	0.05561169108	0.01041666667	0.030231635409	0.15055919	0.16097586	68410004	68410004	68419976	68419976	NA	missing	2086988.0	NA	1.0178	NA	NA	NA	NA	NA	NA	NA	NA	NA	NA	4162154
9	71030093	141019791	NA	69989710	960554	2.0033281	957003	41220	159209.0	mappable	0.08215	10.0	edge	0.00265445275	2.233688e-05	0.003107942688	0.07674409	0.07676642	71030093	71030093	141019791	141019791	0.15673912	1	373846.2	19.572455	0.9898456	NA	NA	0.0	1.001664055	1.0016641	1	1	1:1	2	neutral	4162154
10	130013	35029958	NA	34899952	541035	2.0033281	538784	24022	90934.0	mappable	0.08215	10.0	edge	0.0003961343	3.806334e-05	0.020585485345	0.0798189	0.07985696	130013	130013	35029881	35030035	0.192051203	1	373846.2	19.572455	0.9898456	NA	NA	0.0	1.001664055	1.0016641	1	1	1:1	2	neutral	4162154
10	35029958	35039993	NA	10036	153	1.7723931	153	0	29.0	mappable	NA	NA	NA	NA	inf	0.061668364591	0.1504563	inf	35029881	35030035	35039946	35040040	NA	missing	334864.4	NA	0.9259	NA	NA	NA	NA	NA	NA	NA	NA	NA	NA	4162154
10	35039993	38200043	NA	3160053	36078	2.0033281	35981	918	6212.0	mappable	0.0748163	10.0	NA	0.00316860097	0.00098522167	0.005590014477	0.09262897	0.09361419	35039946	35040040	38199998	38200043	0.219469321	1	373846.2	19.572455	0.9898456	NA	NA	0.0	1.001664055	1.0016641	1	1	1:1	2	neutral	4162154
10	38200044	38235012	NA	34969	294	2.2361006	294	5	56.0	mappable	0.15044643	8.0	NA	0.06861883394	0.2	0.066731635409	0.13250483	0.33250483	38200044	38200089	38229989	38240035	NA	missing	341971.1	20.115945	1.0543	NA	NA	NA	NA	NA	NA	NA	NA	NA	NA	4162154
10	38235012	39149984	NA	914973	8078	1.6791551	8025	21	2104.0	mappable	0.0425439	2.0	NA	0.01367963545	0.01351351351	0.099568364591	0.10099291	0.11450643	38229989	38240035	39149984	39149984	NA	missing	391633.0	20.71915	0.9000825	NA	NA	NA	NA	NA	NA	NA	NA	NA	NA	4162154
10	42410000	46159967	NA	3749968	43591	2.0033281	43416	2134	7184.0	mappable	0.08215	10.0	self	0.00032240537	0.00043308792	0.008231635409	0.0915816	0.09201469	42410000	42410000	46159967	46159967	0.146167668	1	373846.2	19.572455	0.9898456	NA	NA	0.0	1.001664055	1.0016641	1	1	1:1	2	neutral	4162154
10	48310177	48659961	NA	349785	5567	2.0033281	5543	201	912.0	mappable	0.0789819	10.0	self	0.00560815019	0.00444444444	0.037931635409	0.10860057	0.11304502	48310177	48310177	48659961	48659961	0.1120145	1	373846.2	19.572455	0.9898456	NA	NA	0.0	1.001664055	1.0016641	1	1	1:1	2	neutral	4162154
10	49390096	126095020	NA	76704929	1056968	2.0033281	1053497	45091	175384.0	mappable	0.08215	10.0	NA	0.00129413792	2.059266e-05	0.020653985566	0.07635681	0.07637741	49390096	49390096	126089850	126100190	0.170115369	1	373846.2	19.572455	0.9898456	NA	NA	0.0	1.001664055	1.0016641	1	1	1:1	2	neutral	4162154
10	126095020	126109999	NA	14980	155	2.4336457	155	0	24.0	mappable	NA	NA	NA	NA	inf	0.121431635409	0.14418831	inf	126089850	126100190	126109993	126109999	NA	missing	313238.6	NA	1.109	NA	NA	NA	NA	NA	NA	NA	NA	NA	NA	4162154
10	126110000	126149996	NA	39997	472	2.0190537	471	4	92.0	mappable	0.07623043	NA	NA	0.12637385464	0.2	0.006631635409	0.13082495	0.33082495	126110000	126110006	126149988	126150004	NA	missing	293009.0	15.70146	0.9942	NA	NA	NA	NA	NA	NA	NA	NA	NA	NA	4162154
10	126149996	126170042	NA	20047	354	2.325894	353	30	39.0	mappable	0.101125	7.0	NA	0.01744740537	0.03225806452	0.106331635409	0.13994725	0.17220532	126149988	126150004	126169997	126170042	NA	missing	325392.7	17.50242	1.0791637	NA	NA	NA	NA	NA	NA	NA	NA	NA	NA	4162154
10	126170043	134580080	NA	8410038	137250	2.0033281	136541	6782	22421.0	mappable	0.085575	10.0	self	0.00374740537	0.00013349353	0.018831635409	0.08694261	0.0870761	126170043	126170088	134579966	134580194	0.181098814	1	373846.2	19.572455	0.9898456	NA	NA	0.0	1.001664055	1.0016641	1	1	1:1	2	neutral	4162154
10	134580080	134600098	NA	20019	389	1.7203886	382	0	84.0	mappable	NA	NA	NA	0.35490422355	0.14285714286	0.076068364591	0.139967	0.28282414	134579966	134580194	134599995	134600098	NA	missing	223223.7	NA	0.9115	NA	NA	NA	NA	NA	NA	NA	NA	NA	NA	4162154
10	134600099	135090081	NA	489983	9347	2.0490286	9235	166	1483.0	mappable	0.1712	NA	NA	0.06539740537	0.0035971223	0.014931635409	0.10580683	0.10940395	134600099	134600202	135089979	135090183	0.273697056	1	240288.8	13.106662	1.0025	NA	NA	0.0	1.024514286	1.0245143	1	1	1:1	2	neutral	4162154
10	135090081	135100043	NA	9963	193	1.7207497	185	2	26.0	mappable	0.21691176	NA	NA	0.65420181713	0.1	0.075968364591	0.1505756	0.2505756	135089979	135090183	135099999	135100087	NA	missing	230892.2	14.048772	0.9116	NA	NA	NA	NA	NA	NA	NA	NA	NA	NA	4162154
10	135100043	135439925	NA	339883	5106	2.0033281	5077	63	886.0	mappable	0.074475	10.0	edge	0.01337759463	0.01086956522	0.011631635409	0.10884544	0.11971501	135099999	135100087	135439925	135439925	0.190564815	1	373846.2	19.572455	0.9898456	NA	NA	0.0	1.001664055	1.0016641	1	1	1:1	2	neutral	4162154
11	190010	2139973	NA	1949964	27466	2.0033281	27240	1278	4312.0	mappable	0.09585	10.0	edge	0.01402240537	0.00066489362	0.012768364591	0.09571661	0.0963815	190010	190010	2139946	2140000	0.192574798	1	373846.2	19.572455	0.9898456	NA	NA	0.0	1.001664055	1.0016641	1	1	1:1	2	neutral	4162154
11	2139973	2150028	NA	10056	175	2.5824366	171	20	31.0	mappable	0.09874987	NA	identical	0.02570005087	0.04166666667	0.162631635409	0.15042379	0.19209046	2139946	2140000	2149995	2150061	NA	missing	207808.6	11.335015	1.1502	NA	NA	NA	NA	NA	NA	NA	NA	NA	NA	4162154
11	2150028	3775127	NA	1625100	22302	2.0033281	22199	972	3580.0	mappable	0.091225	10.0	self	0.00717240537	0.00093023256	0.009268364591	0.09693634	0.09786657	2149995	2150061	3775126	3775127	0.223347489	1	373846.2	19.572455	0.9898456	NA	NA	0.0	1.001664055	1.0016641	1	1	1:1	2	neutral	4162154
11	3775128	3791251	DUP	16124	281	2.976897	279	0	51.0	mappable	NA	3.0	identical	0.12055335775	0.5	0.216731635409	0.14309302	0.64309302	3775128	3775169	3791188	3791251	NA	missing	481639.2	NA	1.2594256	NA	NA	NA	NA	NA	NA	NA	NA	NA	NA	4162154
11	3791252	48364993	DUP	44573750	640618	2.0033281	638413	26134	106545.0	mappable	0.08215	10.0	self	0.00044225306	3.528831e-05	0.001512390828	0.07871013	0.07874542	3791252	3791256	48359978	48370008	0.157506009	1	373846.2	19.572455	0.9898456	NA	NA	0.0	1.001664055	1.0016641	1	1	1:1	2	neutral	4162154
11	48364993	48899996	NA	535004	3282	1.6791551	3203	54	507.0	mappable	0.09148654	2.0	NA	0.00065259463	0.00751879699	0.086768364591	0.10510169	0.11262048	48359978	48370008	48899996	48899996	0.317061631	1	391633.0	20.71915	0.9000825	NA	NA	0.0	0.839577543	0.8395775	1	1	1:1	2	neutral	4162154
11	48899997	50170092	NA	1270096	0	0.0	0	0	NA	mappable	NA	NA	NA	NA	inf	0.987568364591	0.09863632	inf	48899997	48899997	50170092	50170092	NA	missing	NA	NA	0.0	NA	NA	0.0	0.0	0.0	0	0	NA	0	homozygousDel	4162154
11	50170093	51579984	NA	1409892	18375	1.6791551	18366	49	2887.0	mappable	0.06648636	2.0	NA	0.01939891337	0.01724137931	0.077500402686	0.09790889	0.11515027	50170093	50170093	51579984	51579984	0.404178365	2	391633.0	20.71915	0.9000825	21.51443	0.5562267	0.11245341	0.745164182	0.9339909	1	1	1:1	2	mixDH	4162154
11	54793872	64780005	NA	9986136	126845	2.0033281	126499	3136	21273.0	mappable	0.08215	10.0	NA	0.00393801049	0.00028735632	0.009693455844	0.08601597	0.08630333	54793872	54793872	64779973	64780037	0.175585225	1	373846.2	19.572455	0.9898456	NA	NA	0.0	1.001664055	1.0016641	1	1	1:1	2	neutral	4162154
11	64780005	64794940	NA	14936	149	2.3975314	149	0	29.0	mappable	NA	NA	NA	NA	inf	0.111431635409	0.14423244	inf	64779973	64780037	64789873	64794940	NA	missing	229620.0	NA	1.099	NA	NA	NA	NA	NA	NA	NA	NA	NA	NA	4162154
11	64794941	89349940	NA	24555004	326552	2.0033281	325515	10508	54648.0	mappable	0.08215	10.0	NA	0.0027935779	8.661758e-05	0.004160576245	0.08146801	0.08155463	64794941	64800008	89349940	89349940	0.153035673	1	373846.2	19.572455	0.9898456	NA	NA	0.0	1.001664055	1.0016641	1	1	1:1	2	neutral	4162154
11	89850037	134939862	NA	45089831	664355	2.0033281	662000	31395	109987.0	mappable	0.078725	10.0	edge	0.0014143037	2.962963e-05	0.001709467164	0.07865872	0.07868835	89850037	89850037	134939862	134939862	0.161797824	1	373846.2	19.572455	0.9898456	NA	NA	0.0	1.001664055	1.0016641	1	1	1:1	2	neutral	4162154
12	160107	34819969	NA	34659865	478258	2.0033281	476222	20951	79511.0	mappable	0.078725	10.0	edge	0.00192813868	4.350474e-05	0.000718958622	0.07985064	0.07989414	160107	160107	34819969	34819969	0.157608327	1	373846.2	19.572455	0.9898456	NA	NA	0.0	1.001664055	1.0016641	1	1	1:1	2	neutral	4162154
12	38000003	53209980	NA	15209979	207226	2.0033281	206487	8245	34281.0	mappable	0.078725	10.0	self	0.00183201393	0.00011130899	0.004135089809	0.08382751	0.08393882	38000003	38000003	53209944	53209980	0.163642055	1	373846.2	19.572455	0.9898456	NA	NA	0.0	1.001664055	1.0016641	1	1	1:1	2	neutral	4162154
12	53209981	53229977	NA	19997	407	1.6791551	407	2	66.0	mappable	0.02964255	2.0	NA	0.05218504886	0.5	0.056368364591	0.13998254	0.63998254	53209981	53210017	53229947	53229977	NA	missing	391633.0	20.71915	0.9000825	NA	NA	NA	NA	NA	NA	NA	NA	NA	NA	4162154
12	53229978	84570032	NA	31340059	411410	2.011642	410088	16885	69278.0	mappable	0.565075	NA	NA	0.48087656678	5.492393e-05	0.004579315582	0.08031643	0.08037136	53229978	53230008	84569960	84570104	0.958624808	2	398443.0	30.87933	0.9921477	19.85742	0.989821	0.97964192	0.020476588	1.9911654	2	0	2:0	2	cnLOH	4162154
12	84570032	84589997	NA	19966	291	1.7005257	291	0	49.0	mappable	NA	NA	NA	NA	inf	0.081568364591	0.14000447	inf	84569960	84570104	84589985	84590009	NA	missing	428940.7	NA	0.906	NA	NA	NA	NA	NA	NA	NA	NA	NA	NA	4162154
12	84589997	117169993	NA	32579999	445155	2.0017467	443682	17465	74606.0	mappable	0.5685	NA	NA	0.4888078837	5.280389e-05	0.001839374287	0.08013629	0.08018909	84589985	84590009	117169921	117169993	0.958027519	2	372577.4	28.87475	0.9894077	18.61976	0.9908829	0.98176578	0.018250143	1.9834965	2	0	2:0	2	cnLOH	4162154
12	117169994	117195046	NA	25053	310	2.1357029	309	9	46.0	mappable	0.40751439	NA	NA	0.33064220594	0.1	0.038931635409	0.13686729	0.23686729	117169994	117170066	117189884	117200208	NA	missing	280896.6	20.064043	1.0265	NA	NA	NA	NA	NA	NA	NA	NA	NA	NA	4162154
12	117195046	133819926	NA	16624885	238052	1.970125	236776	10340	39238.0	mappable	0.565075	NA	edge	0.4828213539	8.608815e-05	0.006916658241	0.08337905	0.08346514	117189884	117200208	133819926	133819926	0.95320462	2	318711.4	24.788667	0.9806517	16.07	0.9993414	0.9986827	0.001297618	1.9688274	2	0	2:0	2	cnLOH	4162154
13	19450038	45990013	NA	26539981	370873	2.0033281	369631	15952	61801.0	mappable	0.08215	10.0	edge	0.00051109049	5.815982e-05	0.000115101717	0.08109753	0.08115569	19450038	19450038	45989989	45990013	0.175737844	1	373846.2	19.572455	0.9898456	NA	NA	0.0	1.001664055	1.0016641	1	1	1:1	2	neutral	4162154
13	45990014	46014990	NA	24977	276	2.3216914	276	0	41.0	mappable	NA	NA	NA	NA	inf	0.090431635409	0.13690835	inf	45990014	45990038	46009975	46020005	NA	missing	330843.6	NA	1.078	NA	NA	NA	NA	NA	NA	NA	NA	NA	NA	4162154
13	46014990	115049980	NA	69034994	995555	2.0033281	991950	43388	166152.0	mappable	0.078725	10.0	NA	0.00242015828	2.127977e-05	0.004131588802	0.07680248	0.07682376	46009975	46020005	115049956	115050004	0.146261309	1	373846.2	19.572455	0.9898456	NA	NA	0.0	1.001664055	1.0016641	1	1	1:1	2	neutral	4162154
13	115049980	115099984	NA	50005	673	2.325894	673	11	126.0	mappable	0.04744695	7.0	edge	0.03438064341	0.09090909091	0.098431635409	0.12812476	0.21903386	115049956	115050004	115099984	115099984	NA	missing	325392.7	17.50242	1.0791637	NA	NA	NA	NA	NA	NA	NA	NA	NA	NA	4162154
14	20330060	22389951	NA	2059892	29286	2.0033281	29165	1473	5097.0	mappable	0.08255385	10.0	edge	0.00032240537	0.00062735257	0.010168364591	0.09535553	0.09598288	20330060	20330060	22389892	22389951	0.166464544	1	373846.2	19.572455	0.9898456	NA	NA	0.0	1.001664055	1.0016641	1	1	1:1	2	neutral	4162154
14	22389952	22969953	NA	580002	10008	1.6791551	9962	646	1325.0	mappable	0.09749167	2.0	identical	0.02084740537	0.00144508671	0.105468364591	0.10446211	0.10590719	22389952	22390011	22969898	22970008	0.209533356	1	391633.0	20.71915	0.9000825	NA	NA	0.0	0.839577543	0.8395775	1	1	1:1	2	neutral	4162154
14	22969953	53174255	NA	30204306	412760	2.0033281	411337	19044	68448.0	mappable	0.078725	10.0	self	0.00511430556	4.885914e-05	0.000786217823	0.08048856	0.08053742	22969898	22970008	53174184	53174255	0.163474577	1	373846.2	19.572455	0.9898456	NA	NA	0.0	1.001664055	1.0016641	1	1	1:1	2	neutral	4162154
14	53174256	53241229	DEL	66974	818	1.0024774	814	55	153.0	mappable	0.4032625	6.0	identical	0.33699740537	0.01694915254	0.282868364591	0.12475584	0.14170499	53174256	53174304	53241214	53241229	0.874284626	2	270309.8	18.64883	0.7127113	18.75345	0.9875916	0.97518328	0.0124391	0.9900383	1	0	1:0	1	LOH	4162154
14	53241230	71650024	DEL	18408798	249718	2.0033281	248948	10327	42081.0	mappable	0.08215	10.0	NA	0.00093565541	9.011445e-05	0.000378337289	0.08287101	0.08296112	53241230	53241326	71649991	71650057	0.16403234	1	373846.2	19.572455	0.9898456	NA	NA	0.0	1.001664055	1.0016641	1	1	1:1	2	neutral	4162154
14	71650024	71680009	NA	29986	478	2.2451291	478	0	75.0	mappable	NA	NA	NA	NA	inf	0.069231635409	0.13448089	inf	71649991	71650057	71679940	71680078	NA	missing	329665.0	NA	1.0568	NA	NA	NA	NA	NA	NA	NA	NA	NA	NA	4162154
14	71680009	102970001	NA	31289994	461508	2.0033281	460147	17840	77087.0	mappable	0.08215	10.0	NA	0.00171752584	5.208333e-05	0.002824439892	0.08032387	0.08037596	71679940	71680078	102969971	102970001	0.147722218	1	373846.2	19.572455	0.9898456	NA	NA	0.0	1.001664055	1.0016641	1	1	1:1	2	neutral	4162154
14	102970002	102989985	NA	19984	106	1.4722834	106	0	22.0	mappable	NA	NA	NA	NA	inf	0.144768364591	0.13999173	inf	102970002	102970032	102979945	102989985	NA	missing	176070.0	NA	0.8428	NA	NA	NA	NA	NA	NA	NA	NA	NA	NA	4162154
14	102989986	106212538	NA	3222553	42412	2.0033281	42097	1924	6811.0	mappable	0.085575	10.0	NA	0.003212222	0.00044682752	0.004063292913	0.09250791	0.09295474	102989986	103000026	106009942	106212538	0.190235001	1	373846.2	19.572455	0.9898456	NA	NA	0.0	1.001664055	1.0016641	1	1	1:1	2	neutral	4162154
14	106212539	106326471	DEL	113933	1081	0.2133394	1068	90	162.0	mappable	0.311625	NA	NA	0.23322240537	0.00970873786	0.493368364591	0.11906303	0.12877176	106212539	106250082	106326463	106326471	0.229862176	1	133337.3	7.407628	0.4942	NA	NA	0.0	0.106669714	0.1066697	0	0	0:0	0	LOH	4162154
14	106326472	106382687	DEL	56216	1267	0.5975954	1257	32	181.0	mappable	0.359575	NA	NA	0.18869740537	0.02380952381	0.386968364591	0.12675321	0.15056273	106326472	106326484	106349982	106382687	NA	missing	135821.5	7.875367	0.6006	NA	NA	NA	NA	NA	NA	NA	NA	NA	NA	4162154
14	106382688	106880000	CTX	497313	3406	1.0024774	3324	187	509.0	mappable	0.365	6.0	NA	0.27432240537	0.00371747212	0.262668364591	0.10568705	0.10940452	106382688	106400108	106879998	106880000	0.910865025	2	270309.8	18.64883	0.7127113	18.75345	0.9875916	0.97518328	0.0124391	0.9900383	1	0	1:0	1	LOH	4162154
14	106880001	107249955	NA	369955	6089	2.0033281	5862	335	960.0	mappable	0.06718553	10.0	self	0.00032240537	0.00177935943	0.000831635409	0.1081257	0.10990506	106880001	106880003	107249905	107249955	0.359649171	2	373846.2	19.572455	0.9898456	18.67491	0.5420102	0.08402047	0.91750377	1.0858243	1	1	1:1	2	mixDH	4162154
14	107249956	107259908	NA	9953	245	2.4813166	243	0	46.0	mappable	NA	NA	edge	0.03517445062	0.5	0.134631635409	0.15059203	0.65059203	107249956	107250006	107259908	107259908	NA	missing	375266.7	NA	1.1222	NA	NA	NA	NA	NA	NA	NA	NA	NA	NA	4162154
15	20850000	20859924	NA	9925	165	1.9702994	134	0	13.0	mappable	NA	NA	edge	0.20675340914	0.03225806452	0.006868364591	0.15063813	0.18289619	20850000	20850000	20859924	20859924	NA	missing	1286750.0	NA	0.9807	NA	NA	NA	NA	NA	NA	NA	NA	NA	NA	4162154
15	22480079	23069956	NA	589878	4016	2.0033281	3992	238	647.0	mappable	0.0782	10.0	self	0.00310259463	0.00381679389	0.024068364591	0.10432937	0.10814617	22480079	22480079	23069956	23069956	0.107856501	1	373846.2	19.572455	0.9898456	NA	NA	0.0	1.001664055	1.0016641	1	1	1:1	2	neutral	4162154
15	23710146	24329926	NA	619781	10366	2.0033281	10319	662	1676.0	mappable	0.07820978	10.0	NA	0.00357759463	0.00141043724	0.034168364591	0.10394255	0.10535298	23710146	23710146	24329926	24329926	0.17216242	1	373846.2	19.572455	0.9898456	NA	NA	0.0	1.001664055	1.0016641	1	1	1:1	2	neutral	4162154
15	24329927	24830091	NA	500165	0	0.0	0	0	NA	mappable	NA	NA	NA	NA	inf	0.987568364591	0.10564099	inf	24329927	24329927	24830091	24830091	NA	missing	NA	NA	0.0	NA	NA	0.0	0.0	0.0	0	0	NA	0	homozygousDel	4162154
15	24830092	28529988	NA	3699897	57378	2.0033281	57148	2777	9562.0	mappable	0.0753	10.0	NA	0.00310259463	0.00033255737	0.018168364591	0.091663	0.09199556	24830092	24830092	28529988	28529988	0.174785761	1	373846.2	19.572455	0.9898456	NA	NA	0.0	1.001664055	1.0016641	1	1	1:1	2	neutral	4162154
15	29100034	30369914	NA	1269881	18274	2.0033281	18228	891	2941.0	mappable	0.083375	10.0	self	0.00154740537	0.00106723586	0.019068364591	0.09863751	0.09970475	29100034	29100034	30369914	30369914	0.171843847	1	373846.2	19.572455	0.9898456	NA	NA	0.0	1.001664055	1.0016641	1	1	1:1	2	neutral	4162154
15	31160110	35274884	NA	4114775	51519	2.0033281	51319	1929	8618.0	mappable	0.08274167	10.0	self	0.00032240537	0.00046970409	0.000768364591	0.09102336	0.09149306	31160110	31160110	35269743	35274884	0.16103063	1	373846.2	19.572455	0.9898456	NA	NA	0.0	1.001664055	1.0016641	1	1	1:1	2	neutral	4162154
15	35274885	35320007	NA	45123	163	2.6069943	163	11	23.0	mappable	0.19128333	NA	identical	0.1094557387	0.09090909091	0.169431635409	0.12935293	0.22026202	35274885	35280026	35289991	35320007	NA	missing	356393.3	20.104237	1.157	NA	NA	NA	NA	NA	NA	NA	NA	NA	NA	4162154
15	35320008	37455340	NA	2135333	29017	2.0033281	28954	1172	4803.0	mappable	0.08057692	10.0	self	3.07387e-05	0.0008097166	0.016231635409	0.09512019	0.09592991	35320008	35350024	37455331	37455340	0.154475226	1	373846.2	19.572455	0.9898456	NA	NA	0.0	1.001664055	1.0016641	1	1	1:1	2	neutral	4162154
15	37455341	38229968	DEL	774628	10396	1.0024774	10352	293	1668.0	mappable	0.4018131	6.0	NA	0.30476471306	0.00296735905	0.268968364591	0.10223306	0.10520041	37455341	37455404	38229909	38230027	0.897112886	2	270309.8	18.64883	0.7127113	18.75345	0.9875916	0.97518328	0.0124391	0.9900383	1	0	1:0	1	LOH	4162154
15	38229968	38255023	NA	25056	381	0.765888	381	0	75.0	mappable	NA	NA	NA	NA	inf	0.340368364591	0.13686567	inf	38229909	38230027	38249963	38260083	NA	missing	269334.1	NA	0.6472	NA	NA	NA	NA	NA	NA	NA	NA	NA	NA	4162154
15	38255023	43500018	NA	5244996	69610	1.0024774	69398	2633	11556.0	mappable	0.3904	6.0	NA	0.30514740537	0.00035149385	0.271468364591	0.08959566	0.08994715	38249963	38260083	43499945	43500091	0.863279177	2	270309.8	18.64883	0.7127113	18.75345	0.9875916	0.97518328	0.0124391	0.9900383	1	0	1:0	1	LOH	4162154
15	43500018	43529993	NA	29976	378	1.3325211	340	0	35.0	mappable	NA	NA	NA	0.18654740537	0.02631578947	0.183468364591	0.13448524	0.16080103	43499945	43500091	43529984	43530002	NA	missing	218859.4	NA	0.8041	NA	NA	NA	NA	NA	NA	NA	NA	NA	NA	4162154
15	43529993	59058096	NA	15528104	212508	1.0024774	211859	8759	35706.0	mappable	0.3904	6.0	NA	0.30514740537	0.00010630382	0.276168364591	0.08372272	0.08382902	43529984	43530002	59058032	59058096	0.898615784	2	270309.8	18.64883	0.7127113	18.75345	0.9875916	0.97518328	0.0124391	0.9900383	1	0	1:0	1	LOH	4162154
15	59058097	59058102	DEL	6	0	0.0	0	0	NA	mappable	NA	NA	NA	NA	inf	0.987568364591	0.77370561	inf	59058097	59058097	59058102	59058102	NA	missing	NA	NA	0.0	NA	NA	0.0	0.0	0.0	0	0	NA	0	homozygousDel	4162154
15	59058103	66189991	DEL	7131889	103909	2.0033281	103583	3525	17529.0	mappable	0.078725	10.0	NA	0.00310259463	0.00025967281	0.003431635409	0.08785087	0.08811054	59058103	59058129	66189967	66189991	0.165809064	1	373846.2	19.572455	0.9898456	NA	NA	0.0	1.001664055	1.0016641	1	1	1:1	2	neutral	4162154
15	66189992	66209955	NA	19964	280	2.2592137	280	0	40.0	mappable	NA	NA	NA	NA	inf	0.073131635409	0.14000589	inf	66189992	66190016	66209879	66210031	NA	missing	320015.5	NA	1.0607	NA	NA	NA	NA	NA	NA	NA	NA	NA	NA	4162154
15	66209955	70530040	NA	4320086	61569	2.0033281	61400	1661	10376.0	mappable	0.08215	10.0	NA	0.00032240537	0.00054644809	0.001131635409	0.09073328	0.09127973	66209879	66210031	70529992	70530040	0.147565674	1	373846.2	19.572455	0.9898456	NA	NA	0.0	1.001664055	1.0016641	1	1	1:1	2	neutral	4162154
15	70530041	70550016	NA	19976	334	2.2314057	334	0	57.0	mappable	NA	NA	NA	NA	inf	0.065431635409	0.1399974	inf	70530041	70530089	70549966	70550016	NA	missing	280091.8	NA	1.053	NA	NA	NA	NA	NA	NA	NA	NA	NA	NA	4162154
15	70550017	82479795	NA	11929779	149872	2.0033281	149341	5810	25254.0	mappable	0.085575	10.0	NA	0.00366249762	0.00015770383	0.001574475138	0.08507719	0.08523489	70550017	70550067	82479795	82479795	0.16604835	1	373846.2	19.572455	0.9898456	NA	NA	0.0	1.001664055	1.0016641	1	1	1:1	2	neutral	4162154
15	83211507	102399920	NA	19188416	295827	2.0033281	294814	12832	49500.0	mappable	0.08215	10.0	edge	0.00056206166	7.222824e-05	0.002556275769	0.08266604	0.08273827	83211507	83211507	102399920	102399920	0.160628517	1	373846.2	19.572455	0.9898456	NA	NA	0.0	1.001664055	1.0016641	1	1	1:1	2	neutral	4162154
16	100010	2110033	NA	2010026	32821	2.0033281	32562	1594	5074.0	mappable	0.09585	10.0	edge	0.01714726595	0.00053966541	0.004358599853	0.09551654	0.0960562	100010	100010	2109953	2110113	0.214874937	1	373846.2	19.572455	0.9898456	NA	NA	0.0	1.001664055	1.0016641	1	1	1:1	2	neutral	4162154
16	2110033	2120086	NA	10054	279	2.8886857	279	2	37.0	mappable	0.33333333	NA	identical	0.2515057387	0.5	0.247431635409	0.15042704	0.65042704	2109953	2110113	2119943	2120086	NA	missing	215114.0	14.340933	1.235	NA	NA	NA	NA	NA	NA	NA	NA	NA	NA	4162154
16	2120087	2279974	NA	159888	2431	2.0033281	2419	38	379.0	mappable	0.09420357	10.0	self	0.0123759768	0.02	0.023868364591	0.11569587	0.13569587	2120087	2120230	2279946	2280002	NA	missing	373846.2	19.572455	0.9898456	NA	NA	NA	NA	NA	NA	NA	NA	NA	NA	4162154
16	2279974	2295022	NA	15049	170	2.5199589	165	0	25.0	mappable	NA	NA	identical	0.06911416361	0.2	0.145331635409	0.14411942	0.34411942	2279946	2280002	2289990	2295022	NA	missing	219813.0	NA	1.1329	NA	NA	NA	NA	NA	NA	NA	NA	NA	NA	4162154
16	2295023	16289940	NA	13994923	261961	2.0033281	261015	10500	43218.0	mappable	0.085575	10.0	self	0.00634167997	8.736677e-05	0.005638967848	0.08425168	0.08433904	2295023	2300055	16289940	16289940	0.16389545	1	373846.2	19.572455	0.9898456	NA	NA	0.0	1.001664055	1.0016641	1	1	1:1	2	neutral	4162154
16	16870104	18169896	NA	1299793	20462	2.0033281	20401	494	3533.0	mappable	0.09206136	10.0	self	0.01059740537	0.0018018018	0.001468364591	0.09847438	0.10027619	16870104	16870104	18169896	18169896	0.14344656	1	373846.2	19.572455	0.9898456	NA	NA	0.0	1.001664055	1.0016641	1	1	1:1	2	neutral	4162154
16	18800044	29039945	NA	10239902	125186	2.0033281	124515	6020	20991.0	mappable	0.085575	10.0	self	0.00246036413	0.00014945449	0.010432052224	0.08588225	0.08603171	18800044	18800044	29039945	29039945	0.157496063	1	373846.2	19.572455	0.9898456	NA	NA	0.0	1.001664055	1.0016641	1	1	1:1	2	neutral	4162154
16	29670028	31959970	NA	2289943	17524	2.0033281	17477	337	2991.0	mappable	0.0782	10.0	self	0.00032240537	0.00260416667	0.011368364591	0.09466613	0.0972703	29670028	29670028	31959970	31959970	0.194055964	1	373846.2	19.572455	0.9898456	NA	NA	0.0	1.001664055	1.0016641	1	1	1:1	2	neutral	4162154
16	32520030	32649899	NA	129870	3147	2.0033281	2737	5	463.0	mappable	0.0762197	10.0	self	0.00766429676	0.00240963855	0.000768364591	0.11773911	0.12014875	32520030	32520030	32649899	32649899	NA	missing	373846.2	19.572455	0.9898456	NA	NA	NA	NA	NA	NA	NA	NA	NA	NA	4162154
16	33590105	35279959	NA	1689855	15431	2.0033281	15390	90	2615.0	mappable	0.094375	10.0	self	0.01402240537	0.00763358779	0.027968364591	0.09667221	0.1043058	33590105	33590105	35279959	35279959	0.264539608	1	373846.2	19.572455	0.9898456	NA	NA	0.0	1.001664055	1.0016641	1	1	1:1	2	neutral	4162154
16	46450014	68244941	NA	21794929	299687	2.0033281	298694	12182	49962.0	mappable	0.08215	10.0	NA	0.00249205179	7.590133e-05	7.836579e-06	0.0820429	0.08211881	46450014	46450014	68229799	68260083	0.147729742	1	373846.2	19.572455	0.9898456	NA	NA	0.0	1.001664055	1.0016641	1	1	1:1	2	neutral	4162154
16	68244941	68279947	NA	35007	254	2.4047543	254	0	40.0	mappable	NA	NA	NA	NA	inf	0.113431635409	0.13249108	inf	68229799	68260083	68279894	68279947	NA	missing	248921.3	NA	1.101	NA	NA	NA	NA	NA	NA	NA	NA	NA	NA	4162154
16	68279948	84009988	NA	15730041	284905	2.0033281	284103	11223	47469.0	mappable	0.08215	10.0	NA	0.00374740537	8.316008e-05	0.003931635409	0.08365744	0.0837406	68279948	68280001	84009928	84009988	0.161294701	1	373846.2	19.572455	0.9898456	NA	NA	0.0	1.001664055	1.0016641	1	1	1:1	2	neutral	4162154
16	84009989	84029975	NA	19987	635	1.7445851	635	0	126.0	mappable	NA	NA	NA	NA	inf	0.069368364591	0.13998961	inf	84009989	84010049	84029946	84030004	NA	missing	267561.3	NA	0.9182	NA	NA	NA	NA	NA	NA	NA	NA	NA	NA	4162154
16	84029975	90109969	NA	6079997	117043	2.0033281	116446	5436	18638.0	mappable	0.085575	10.0	edge	0.00501485468	0.00016575501	0.005944709237	0.08874831	0.08891407	84029946	84030004	90109969	90109969	0.187790771	1	373846.2	19.572455	0.9898456	NA	NA	0.0	1.001664055	1.0016641	1	1	1:1	2	neutral	4162154
17	20080	90008	NA	69929	1272	2.0883931	1249	6	241.0	mappable	0.05773333	NA	edge	0.18527240537	0.03448275862	0.025831635409	0.12427298	0.15875574	20080	20080	89992	90024	NA	missing	253156.1	14.720558	1.0134	NA	NA	NA	NA	NA	NA	NA	NA	NA	NA	4162154
17	90008	139996	NA	49989	956	1.6791551	935	63	182.0	mappable	0.065025	2.0	NA	0.01337759463	0.0119047619	0.088468364591	0.12812855	0.14003332	89992	90024	139990	140002	0.300674835	1	391633.0	20.71915	0.9000825	NA	NA	0.0	0.839577543	0.8395775	1	1	1:1	2	neutral	4162154
17	139996	18239982	NA	18099990	230028	2.0033281	229105	10383	38332.0	mappable	0.085575	10.0	self	0.00525399832	8.844861e-05	0.011542134306	0.0829549	0.08304335	139990	140002	18239982	18239982	0.183303136	1	373846.2	19.572455	0.9898456	NA	NA	0.0	1.001664055	1.0016641	1	1	1:1	2	neutral	4162154
17	18750212	22239986	NA	3489775	25799	2.0033281	25122	893	4478.0	mappable	0.089	10.0	self	0.01059740537	0.00063694268	0.014768364591	0.09201874	0.09265569	18750212	18750212	22239986	22239986	0.154074279	1	373846.2	19.572455	0.9898456	NA	NA	0.0	1.001664055	1.0016641	1	1	1:1	2	neutral	4162154
17	25390040	44279982	NA	18889944	210670	2.0033281	209892	6751	35691.0	mappable	0.08215	10.0	self	0.00085998054	0.00013283741	0.004194687276	0.08274339	0.08287623	25390040	25390040	44279982	44279982	0.166935368	1	373846.2	19.572455	0.9898456	NA	NA	0.0	1.001664055	1.0016641	1	1	1:1	2	neutral	4162154
17	44790026	81109940	NA	36319916	475603	2.0033281	473781	16946	79320.0	mappable	0.085575	10.0	edge	0.0022464056	5.328218e-05	0.003838279204	0.07963604	0.07968932	44790026	44790026	81109940	81109940	0.16830244	1	373846.2	19.572455	0.9898456	NA	NA	0.0	1.001664055	1.0016641	1	1	1:1	2	neutral	4162154
18	130031	14119956	NA	13989926	212615	2.0033281	211915	11546	34722.0	mappable	0.08215	10.0	edge	0.00032240537	8.165932e-05	0.003068364591	0.0842535	0.08433516	130031	130031	14119956	14119956	0.154361458	1	373846.2	19.572455	0.9898456	NA	NA	0.0	1.001664055	1.0016641	1	1	1:1	2	neutral	4162154
18	14119957	14910026	NA	790070	0	0.0	0	0	NA	mappable	NA	NA	NA	NA	inf	0.987568364591	0.10208446	inf	14119957	14119957	14910026	14910026	NA	missing	NA	NA	0.0	NA	NA	0.0	0.0	0.0	0	0	NA	0	homozygousDel	4162154
18	14910027	14929888	NA	19862	364	2.0033281	363	33	70.0	mappable	0.05940833	10.0	NA	0.01362759463	0.02941176471	0.019331635409	0.14007836	0.16949012	14910027	14910027	14929888	14929888	NA	missing	373846.2	19.572455	0.9898456	NA	NA	NA	NA	NA	NA	NA	NA	NA	NA	4162154
18	18540053	60793497	NA	42253453	599031	2.0033281	597326	22916	100118.0	mappable	0.08215	10.0	self	0.00110457775	4.061573e-05	0.004033731628	0.07894976	0.07899038	18540053	18540053	60793494	60793497	0.153058485	1	373846.2	19.572455	0.9898456	NA	NA	0.0	1.001664055	1.0016641	1	1	1:1	2	neutral	4162154
18	60793498	78009968	CTX	17216475	279410	2.0033281	278162	13891	46028.0	mappable	0.078725	10.0	edge	0.00202171595	6.605892e-05	0.003695227621	0.08320407	0.08327013	60793498	60793521	78009968	78009968	0.150563298	1	373846.2	19.572455	0.9898456	NA	NA	0.0	1.001664055	1.0016641	1	1	1:1	2	neutral	4162154
19	260137	24569972	NA	24309838	256105	2.0033281	254480	10358	41425.0	mappable	0.085575	10.0	edge	0.00370735571	8.345852e-05	0.018423199131	0.08151608	0.08159954	260137	260137	24569972	24569972	0.2188469	1	373846.2	19.572455	0.9898456	NA	NA	0.0	1.001664055	1.0016641	1	1	1:1	2	neutral	4162154
19	27750002	35929995	NA	8179994	123233	2.0033281	122486	6200	20204.0	mappable	0.08059474	10.0	NA	0.00032240537	0.00014396775	0.021068364591	0.0870941	0.08723807	27750002	27750002	35929983	35930007	0.170070614	1	373846.2	19.572455	0.9898456	NA	NA	0.0	1.001664055	1.0016641	1	1	1:1	2	neutral	4162154
19	35929995	35940014	NA	10020	193	2.4336457	193	0	30.0	mappable	NA	NA	NA	NA	inf	0.121431635409	0.15048235	inf	35929983	35930007	35939962	35940014	NA	missing	309656.7	NA	1.109	NA	NA	NA	NA	NA	NA	NA	NA	NA	NA	4162154
19	35940015	39079980	NA	3139966	31351	2.0033281	31154	1702	5134.0	mappable	0.07973333	10.0	NA	0.00310259463	0.00052659294	0.031568364591	0.09266845	0.09319505	35940015	35940067	39079930	39080030	0.159314484	1	373846.2	19.572455	0.9898456	NA	NA	0.0	1.001664055	1.0016641	1	1	1:1	2	neutral	4162154
19	39079980	39090023	NA	10044	158	2.2534354	158	0	35.0	mappable	NA	NA	NA	NA	inf	0.071531635409	0.15044329	inf	39079930	39080030	39089981	39090023	NA	missing	226754.0	NA	1.0591	NA	NA	NA	NA	NA	NA	NA	NA	NA	NA	4162154
19	39090024	39929997	NA	839974	8680	2.0033281	8638	432	1416.0	mappable	0.07325	10.0	NA	0.00857759463	0.00210970464	0.018268364591	0.10162609	0.1037358	39090024	39090066	39929913	39930081	0.171991403	1	373846.2	19.572455	0.9898456	NA	NA	0.0	1.001664055	1.0016641	1	1	1:1	2	neutral	4162154
19	39929997	39940026	NA	10030	150	1.5102034	150	0	23.0	mappable	NA	NA	NA	NA	inf	0.134268364591	0.15046606	inf	39929913	39930081	39939991	39940026	NA	missing	251225.0	NA	0.8533	NA	NA	NA	NA	NA	NA	NA	NA	NA	NA	4162154
19	39940027	43209995	NA	3269969	33875	2.0033281	33724	1022	5676.0	mappable	0.0958	10.0	NA	0.01402240537	0.00085251492	0.013968364591	0.09241783	0.09327035	39940027	39940062	43209995	43209995	0.170971062	1	373846.2	19.572455	0.9898456	NA	NA	0.0	1.001664055	1.0016641	1	1	1:1	2	neutral	4162154
19	43209996	43800005	NA	590010	0	0.0	0	0	NA	mappable	NA	NA	NA	NA	inf	0.987568364591	0.10432761	inf	43209996	43209996	43800005	43800005	NA	missing	NA	NA	0.0	NA	NA	0.0	0.0	0.0	0	0	NA	0	homozygousDel	4162154
19	43800006	49569999	NA	5769994	61982	2.0033281	61707	2304	10358.0	mappable	0.089	10.0	NA	0.00713460002	0.00038774719	0.017423204706	0.08904665	0.08943439	43800006	43800006	49569940	49570058	0.191382836	1	373846.2	19.572455	0.9898456	NA	NA	0.0	1.001664055	1.0016641	1	1	1:1	2	neutral	4162154
19	49569999	49590090	NA	20092	165	1.4975634	163	10	26.0	mappable	0.12625455	NA	NA	0.05129285991	0.08333333333	0.137768364591	0.13991558	0.22324892	49569940	49570058	49579996	49600184	NA	missing	202670.0	10.963143	0.8498	NA	NA	NA	NA	NA	NA	NA	NA	NA	NA	4162154
19	49590090	49630023	NA	39934	435	2.325894	432	9	71.0	mappable	0.13818913	7.0	NA	0.01614740537	0.08333333333	0.062031635409	0.13084441	0.21417774	49579996	49600184	49629989	49630057	NA	missing	325392.7	17.50242	1.0791637	NA	NA	NA	NA	NA	NA	NA	NA	NA	NA	4162154
19	49630023	57610003	NA	7979981	84552	2.0033281	84098	3041	14001.0	mappable	0.089	10.0	self	0.01059740537	0.00028612303	0.024968364591	0.08722976	0.08751589	49629989	49630057	57599959	57610003	0.200525094	1	373846.2	19.572455	0.9898456	NA	NA	0.0	1.001664055	1.0016641	1	1	1:1	2	neutral	4162154
19	57610004	57640875	NA	30872	200	1.4657829	196	14	35.0	mappable	0.13103605	NA	identical	0.0514628309	0.05555555556	0.146568364591	0.13410208	0.18965764	57610004	57620048	57640852	57640875	NA	missing	350158.7	17.773205	0.841	NA	NA	NA	NA	NA	NA	NA	NA	NA	NA	4162154
19	57640876	59089999	NA	1449124	14956	2.0033281	14874	760	2480.0	mappable	0.085575	10.0	edge	0.00717240537	0.00118764846	0.017568364591	0.09771947	0.09890712	57640876	57640899	59089999	59089999	0.21107702	1	373846.2	19.572455	0.9898456	NA	NA	0.0	1.001664055	1.0016641	1	1	1:1	2	neutral	4162154
20	60479	10250002	NA	10189527	159048	2.0033281	158556	7183	26481.0	mappable	0.08215	10.0	edge	2.722503e-05	0.00013029316	0.004384508774	0.0859085	0.08603879	60479	60479	10249973	10250031	0.145867636	1	373846.2	19.572455	0.9898456	NA	NA	0.0	1.001664055	1.0016641	1	1	1:1	2	neutral	4162154
20	10250002	10260021	NA	10020	152	1.6752457	152	0	27.0	mappable	NA	NA	NA	NA	inf	0.088568364591	0.15048235	inf	10249973	10250031	10259913	10260129	NA	missing	359157.1	NA	0.899	NA	NA	NA	NA	NA	NA	NA	NA	NA	NA	4162154
20	10260021	25729738	NA	15469721	240905	2.0033281	240227	11059	39901.0	mappable	0.08215	10.0	NA	0.00030809859	8.520065e-05	0.003166717053	0.08374177	0.08382697	10259913	10260129	25729738	25729738	0.134888329	1	373846.2	19.572455	0.9898456	NA	NA	0.0	1.001664055	1.0016641	1	1	1:1	2	neutral	4162154
20	29810057	62909989	NA	33099935	496981	2.0033281	495094	17199	82700.0	mappable	0.085575	10.0	edge	0.00365923404	5.239443e-05	0.003476108348	0.08006301	0.0801154	29810057	29810057	62909989	62909989	0.164210122	1	373846.2	19.572455	0.9898456	NA	NA	0.0	1.001664055	1.0016641	1	1	1:1	2	neutral	4162154
21	10720001	11179964	NA	459966	5133	1.8350532	4553	0	839.0	mappable	NA	NA	edge	0.25438003392	0.00172413793	0.044317887287	0.10631982	0.10804396	10720001	10720001	11179964	11179964	NA	missing	1290615.4	NA	0.9432505	NA	NA	NA	NA	NA	NA	NA	NA	NA	NA	4162154
21	15410077	33679924	NA	18269849	291368	2.6468175	290085	13541	48145.0	mappable	0.10955	NA	NA	0.03079226168	6.745818e-05	0.180458622587	0.08290856	0.08297602	15410077	15410077	33679821	33679924	0.583295604	2	489491.2	28.119707	1.168027	20.72168	0.6186802	0.23736031	1.009284046	1.6375335	sub	1	sub:1	sub	sub	4162154
21	33679925	33699960	NA	20036	307	2.8980754	280	0	47.0	mappable	NA	NA	NA	0.20441934414	0.03703703704	0.250031635409	0.13995501	0.17699204	33679925	33680028	33699914	33699960	NA	missing	372975.3	NA	1.2376	NA	NA	NA	NA	NA	NA	NA	NA	NA	NA	4162154
21	33699961	34059930	NA	359970	3883	2.5578789	3859	165	656.0	mappable	0.1164	NA	NA	0.03457240537	0.00529100529	0.155831635409	0.10835694	0.11364794	33699961	33700007	34059731	34059930	0.597024349	2	384997.7	22.329864	1.1434	16.64918	0.6291479	0.25829573	0.948594834	1.609284	sub	1	sub:1	sub	sub	4162154
21	34059931	34079956	NA	20026	239	3.0418103	239	8	41.0	mappable	0.0848383	NA	NA	0.00301070324	0.125	0.289831635409	0.13996206	0.26496206	34059931	34060130	34079894	34079956	NA	missing	465738.7	25.552404	1.2774	NA	NA	NA	NA	NA	NA	NA	NA	NA	NA	4162154
21	34079957	44304893	NA	10224937	157961	2.6398583	157103	8343	25914.0	mappable	0.106125	NA	NA	0.02429740537	0.00010868384	0.178531635409	0.08589003	0.08599872	34079957	34080019	44299735	44310051	0.573310785	2	399502.0	23.082338	1.1661	16.94011	0.6240766	0.24815312	0.99238461	1.6474737	sub	1	sub:1	sub	sub	4162154
21	44304893	44424904	NA	120012	688	2.8431817	678	64	101.0	mappable	0.12385	NA	NA	0.04022240537	0.01351351351	0.234831635409	0.11853384	0.13204735	44299735	44310051	44419776	44424904	0.541870346	2	329472.0	19.174915	1.2224	13.32717	0.6273048	0.25460953	1.059640283	1.7835414	2	1	2:1	3	gain	4162154
21	44424905	48099931	NA	3675027	61520	2.6134949	61092	2399	9976.0	mappable	0.112975	NA	edge	0.03114740537	0.00035373187	0.171231635409	0.0917039	0.09205763	44424905	44430033	48099931	48099931	0.516448521	2	318792.6	18.216717	1.1588	13.60294	0.6143768	0.22875354	1.007824327	1.6056705	sub	1	sub:1	sub	sub	4162154
22	16850007	22644988	NA	5794982	55201	2.0033281	54859	2868	8831.0	mappable	0.089	10.0	edge	0.00596877608	0.00031152648	0.012488451183	0.08902194	0.08933346	16850007	16850007	22599953	22644988	0.166587073	1	373846.2	19.572455	0.9898456	NA	NA	0.0	1.001664055	1.0016641	1	1	1:1	2	neutral	4162154
22	22644989	23245009	NA	600021	8200	1.0024774	8176	482	1340.0	mappable	0.363	6.0	identical	0.28117240537	0.00197628458	0.281368364591	0.10419568	0.10617197	22644989	22690024	23239965	23250053	0.903879971	2	270309.8	18.64883	0.7127113	18.75345	0.9875916	0.97518328	0.0124391	0.9900383	1	0	1:0	1	LOH	4162154
22	23245009	38220025	NA	14975017	198326	2.0033281	197469	7782	33010.0	mappable	0.085575	10.0	self	0.00717240537	0.00011575414	0.006368364591	0.0839065	0.08402226	23239965	23250053	38219955	38220025	0.506847979	2	373846.2	19.572455	0.9898456	18.67491	0.5420102	0.08402047	0.91750377	1.0858243	1	1	1:1	2	mixDH	4162154
22	38220026	51179984	NA	12959961	193719	1.9704811	192803	6876	31604.0	mappable	0.585625	NA	edge	0.50668251356	0.00012833676	0.006818080932	0.08464692	0.08477526	38220026	38220096	51179984	51179984	0.950305094	2	278261.5	21.642564	0.9807503	14.02903	0.9993013	0.99860263	0.001376749	1.9691043	2	0	2:0	2	cnLOH	4162154
23	2700027	40654978	NA	37954954	367369	2.0033281	366316	12027	61934.0	mappable	0.08215	10.0	edge	0.00333957602	7.645844e-05	0.000523515679	0.07943511	0.07951156	2700027	2700027	40649947	40654978	0.176953436	1	373846.2	19.572455	0.9898456	NA	NA	0.0	1.001664055	1.0016641	1	1	1:1	2	neutral	4162154
23	40654979	40669865	NA	14887	117	2.4556754	117	0	15.0	mappable	NA	NA	NA	NA	inf	0.127531635409	0.14428177	inf	40654979	40660010	40669731	40669865	NA	missing	330370.0	NA	1.1151	NA	NA	NA	NA	NA	NA	NA	NA	NA	NA	4162154
23	40669866	58499983	NA	17830118	123278	2.0033281	122969	2594	21210.0	mappable	0.078725	10.0	NA	0.00310259463	0.00034447124	0.026668364591	0.08302954	0.08337401	40669866	40670000	58499983	58499983	0.181542425	1	373846.2	19.572455	0.9898456	NA	NA	0.0	1.001664055	1.0016641	1	1	1:1	2	neutral	4162154
23	61750000	88459980	NA	26709981	245834	2.0033281	245121	6399	41968.0	mappable	0.07743289	10.0	self	0.00310259463	0.00014060742	0.040668364591	0.08106725	0.08120786	61750000	61750000	88459980	88459980	0.187661598	1	373846.2	19.572455	0.9898456	NA	NA	0.0	1.001664055	1.0016641	1	1	1:1	2	neutral	4162154
23	88990017	89349936	NA	359920	1090	2.0033281	1087	77	183.0	mappable	0.108525	10.0	NA	0.02420990537	0.0125	0.021368364591	0.10835811	0.12085811	88990017	88990017	89349936	89349936	0.252155113	1	373846.2	19.572455	0.9898456	NA	NA	0.0	1.001664055	1.0016641	1	1	1:1	2	neutral	4162154
23	89349937	90140198	NA	790262	0	0.0	0	0	NA	mappable	NA	NA	NA	NA	inf	0.987568364591	0.10208263	inf	89349937	89349937	90140198	90140198	NA	missing	NA	NA	0.0	NA	NA	0.0	0.0	0.0	0	0	NA	0	homozygousDel	4162154
23	90140199	91529952	NA	1389754	5103	2.0033281	5091	309	815.0	mappable	0.08065	10.0	NA	0.00117759463	0.0031152648	0.032168364591	0.09800848	0.10112374	90140199	90140199	91529952	91529952	0.194603367	1	373846.2	19.572455	0.9898456	NA	NA	0.0	1.001664055	1.0016641	1	1	1:1	2	neutral	4162154
23	91529953	92379999	NA	850047	0	0.0	0	0	NA	mappable	NA	NA	NA	NA	inf	0.987568364591	0.10153736	inf	91529953	91529953	92379999	92379999	NA	missing	NA	NA	0.0	NA	NA	0.0	0.0	0.0	0	0	NA	0	homozygousDel	4162154
23	92380000	153079939	NA	60699943	554914	2.0033281	553157	17804	93049.0	mappable	0.078725	10.0	NA	0.00143001278	5.112474e-05	0.016378948033	0.0773539	0.07740503	92380000	92380000	153079867	153080011	0.171963531	1	373846.2	19.572455	0.9898456	NA	NA	0.0	1.001664055	1.0016641	1	1	1:1	2	neutral	4162154
23	153079939	153089953	NA	10015	91	1.541984	90	4	20.0	mappable	0.21657399	NA	identical	0.45834285991	0.2	0.125468364591	0.15049051	0.35049051	153079867	153080011	153089851	153090055	NA	missing	215788.0	14.96387	0.8621	NA	NA	NA	NA	NA	NA	NA	NA	NA	NA	4162154
23	153089953	154929639	NA	1839687	12212	2.0033281	12172	195	1998.0	mappable	0.08452059	10.0	edge	0.0026929936	0.00425531915	0.021468364591	0.09610289	0.10035821	153089851	153090055	154929639	154929639	0.160271696	1	373846.2	19.572455	0.9898456	NA	NA	0.0	1.001664055	1.0016641	1	1	1:1	2	neutral	4162154
