#chromosome	start	end	crest	length	tcnNbrOfLoci	tcnMean	tcnNbrOfSNPs	tcnNbrOfHets	dhNbrOfLoci	map	dhMax	cluster	neighbour	distDH	errorSNP	distTcn	errorLength	totalError	minStart	maxStart	minStop	maxStop	area	peaks	meanCovT	meanCovB	tcnMeanRaw	AF	BAF	dhMean	c1Mean	c2Mean	A	B	genotype	TCN	GNL	PID
1	840009	12839977	NA	11999970	171870	1.9982524	170982	7196	24469.0	mappable	0.078725	2.0	edge	0.00188217366	0.00012370114	0.005010268641	0.08504657	0.08517027	840009	840009	12839977	12839977	0.16696014	1	378621.7	19.626511	1.0027461	NA	NA	0.0	0.99912621	0.9991262	1	1	1:1	2	neutral	4178345
1	13780016	15550010	NA	1769995	28415	2.3403018	28314	1628	3838.0	mappable	0.07704167	5.0	NA	0.00360927348	0.000578369	0.047228231637	0.09636087	0.09693923	13780016	13780016	15549987	15550033	0.15699379	1	382621.7	20.003216	1.0542079	NA	NA	0.0	1.17015092	1.1701509	1	1	1:1	2	neutral	4178345
1	15550010	15579989	NA	29980	643	1.6798279	636	81	75.0	mappable	0.074475	1.0	NA	0.00231929795	0.01136363636	0.066171768363	0.1344835	0.14584714	15549987	15550033	15579957	15579989	0.24217439	1	361611.1	18.908267	0.9548387	NA	NA	0.0	0.83991395	0.8399139	1	1	1:1	2	neutral	4178345
1	15579990	51399947	NA	35819962	434162	1.9982524	432558	17772	60064.0	mappable	0.078725	2.0	NA	0.00224327553	5.16129e-05	0.000404091799	0.0796995	0.07975111	15579990	15580022	51399795	51399947	0.15317109	1	378621.7	19.626511	1.0027461	NA	NA	0.0	0.99912621	0.9991262	1	1	1:1	2	neutral	4178345
1	51399948	51420096	NA	20149	273	2.544302	273	0	25.0	mappable	NA	NA	NA	NA	inf	0.082828231637	0.13987559	inf	51399948	51400100	51419993	51420096	NA	missing	418880.2	NA	1.0849	NA	NA	NA	NA	NA	NA	NA	NA	NA	NA	4178345
1	51420097	69939975	NA	18519881	255089	1.9982524	254315	10303	32345.0	mappable	0.078725	2.0	NA	0.00173082716	9.027715e-05	0.002366399649	0.08284122	0.08293149	51420097	51420200	69939950	69939975	0.13504792	1	378621.7	19.626511	1.0027461	NA	NA	0.0	0.99912621	0.9991262	1	1	1:1	2	neutral	4178345
1	69939976	69950033	NA	10058	155	2.7084747	155	0	18.0	mappable	NA	NA	NA	NA	inf	0.107528231637	0.15042055	inf	69939976	69940001	69949981	69950033	NA	missing	429232.5	NA	1.1096	NA	NA	NA	NA	NA	NA	NA	NA	NA	NA	4178345
1	69950034	120529963	NA	50579930	674094	1.9982524	671950	30058	80484.0	mappable	0.08215	2.0	NA	0.00137191752	3.105879e-05	0.000411193508	0.07814923	0.07818029	69950034	69950086	120529963	120529963	0.14841538	1	378621.7	19.626511	1.0027461	NA	NA	0.0	0.99912621	0.9991262	1	1	1:1	2	neutral	4178345
1	121220004	121229986	NA	9983	177	2.1468313	173	0	21.0	mappable	NA	NA	NA	0.05863157078	0.25	0.023028231637	0.15054281	0.40054281	121220004	121220004	121229986	121229986	NA	missing	412880.0	NA	1.0251	NA	NA	NA	NA	NA	NA	NA	NA	NA	NA	4178345
1	144010127	144019970	NA	9844	155	2.4672007	89	0	18.0	mappable	NA	NA	NA	0.24779733218	0.01515151515	0.071228231637	0.15077238	0.1659239	144010127	144010127	144019970	144019970	NA	missing	1201910.0	NA	1.0733	NA	NA	NA	NA	NA	NA	NA	NA	NA	NA	4178345
1	144920087	145739956	NA	819870	6372	2.8400787	5824	132	959.0	mappable	0.08948214	NA	NA	0.01513529173	0.00147058824	0.127328231637	0.10180689	0.10327748	144920087	144920087	145739956	145739956	0.43741808	2	750766.1	41.495977	1.1294	33.3374	0.6393339	0.2786678	1.02432014	1.8157585	2	1	2:1	3	gain	4178345
1	146540101	147829895	NA	1289795	11675	2.9577247	11634	768	1456.0	mappable	0.085575	NA	NA	0.00344072652	0.00123609394	0.145028231637	0.09852843	0.09976452	146540101	146540101	147829895	147829895	0.41434751	2	437341.9	24.053806	1.1471	19.1203	0.6288895	0.2577789	1.09764277	1.8600819	2	1	2:1	3	gain	4178345
1	149815060	157410033	NA	7594975	83052	3.1610063	82718	2793	11787.0	mappable	0.08950978	NA	NA	0.0093885621	0.00031979533	0.175612254899	0.08750203	0.08782182	149815060	149815060	157409988	157410033	0.42524709	2	443893.8	24.555825	1.177684	18.90276	0.6317193	0.2634386	1.16413758	1.9968687	2	1	2:1	3	gain	4178345
1	157410034	157429906	NA	19873	264	2.81748	264	7	27.0	mappable	0.32265684	NA	NA	0.24052256953	0.14285714286	0.123928231637	0.14007052	0.28292766	157410034	157410079	157429797	157430015	NA	missing	458152.2	28.050132	1.126	NA	NA	NA	NA	NA	NA	NA	NA	NA	NA	4178345
1	157429906	194520022	NA	37090122	512824	3.0268168	511187	24503	62766.0	mappable	0.085575	NA	NA	0.0040286726	3.825555e-05	0.155423191116	0.07954016	0.07957841	157429797	157430015	194519923	194520121	0.40652682	2	446483.9	24.512839	1.157495	19.34468	0.6245968	0.2491935	1.13627684	1.8905399	2	1	2:1	3	gain	4178345
1	194520022	194529939	NA	9918	170	2.3881053	170	1	17.0	mappable	0.14285714	4.0	NA	0.06072286937	1.0	0.059328231637	0.15064967	1.15064967	194519923	194520121	194529868	194529939	NA	missing	418246.7	23.899811	1.0614	NA	NA	NA	NA	NA	NA	NA	NA	NA	NA	4178345
1	194529940	206649984	NA	12120045	155996	3.0673947	155501	6130	19850.0	mappable	0.085575	NA	NA	0.00344072652	0.0001509434	0.161528231637	0.08499465	0.0851456	194529940	194530011	206649952	206650016	0.41529384	2	439708.2	24.162398	1.1636	18.95116	0.6248329	0.2496659	1.15078547	1.9166092	2	1	2:1	3	gain	4178345
1	206649984	249209945	NA	42559962	591556	1.9982524	589336	28872	75191.0	mappable	0.078725	2.0	edge	0.00211157104	3.216261e-05	0.018540663427	0.07891728	0.07894944	206649952	206650016	249209945	249209945	0.14195199	1	378621.7	19.626511	1.0027461	NA	NA	0.0	0.99912621	0.9991262	1	1	1:1	2	neutral	4178345
2	20016	87059860	NA	87039857	1310425	1.9982524	1306191	63474	162225.0	mappable	0.078725	2.0	edge	0.00132525443	1.476974e-05	0.007449010315	0.07582889	0.07584366	20016	20016	87059860	87059860	0.13832459	1	378621.7	19.626511	1.0027461	NA	NA	0.0	0.99912621	0.9991262	1	1	1:1	2	neutral	4178345
2	88330099	89160000	NA	829902	10205	1.9982524	10164	391	1408.0	mappable	0.09324758	2.0	self	0.01654219711	0.00231481481	0.016228231637	0.10171604	0.10403086	88330099	88330099	89159998	89160002	0.14416808	1	378621.7	19.626511	1.0027461	NA	NA	0.0	0.99912621	0.9991262	1	1	1:1	2	neutral	4178345
2	89160000	89229990	NA	69991	1668	1.256178	1667	74	187.0	mappable	0.21670833	NA	NA	0.13975739318	0.01333333333	0.110971768363	0.12426311	0.13759644	89159998	89160002	89229990	89229990	0.62764443	2	346640.8	20.798447	0.8911	19.50869	0.9714972	0.9429945	0.03580453	1.2203735	1	0	1:0	1	LOH	4178345
2	89840102	90239998	NA	399897	914	1.9982524	896	25	103.0	mappable	0.103225	2.0	self	0.00455322652	0.02325581395	0.037728231637	0.10747332	0.13072914	89840102	89840102	90239998	90239998	NA	missing	378621.7	19.626511	1.0027461	NA	NA	NA	NA	NA	NA	NA	NA	NA	NA	4178345
2	95580145	96239991	NA	659847	4441	1.9982524	4424	145	613.0	mappable	0.06547963	2.0	NA	0.01218189253	0.00617283951	0.027871768363	0.10345663	0.10962947	95580145	95580145	96239991	96239991	0.19234474	1	378621.7	19.626511	1.0027461	NA	NA	0.0	0.99912621	0.9991262	1	1	1:1	2	neutral	4178345
2	96239992	96740020	NA	500029	0	0.0	0	0	NA	mappable	NA	NA	NA	NA	inf	1.002071768363	0.10564318	inf	96239992	96239992	96740020	96740020	NA	missing	NA	NA	0.0	NA	NA	0.0	0.0	0.0	0	0	NA	0	homozygousDel	4178345
2	96740021	132189994	NA	35449975	448243	1.9982524	446957	19983	56383.0	mappable	0.08215	2.0	NA	1.186409e-05	4.701678e-05	0.006705632584	0.0797471	0.07979412	96740021	96740021	132189994	132189994	0.14627669	1	378621.7	19.626511	1.0027461	NA	NA	0.0	0.99912621	0.9991262	1	1	1:1	2	neutral	4178345
2	132189995	133009999	NA	820005	0	0.0	0	0	NA	mappable	NA	NA	NA	NA	inf	1.002071768363	0.10180566	inf	132189995	132189995	133009999	133009999	NA	missing	NA	NA	0.0	NA	NA	0.0	0.0	0.0	0	0	NA	0	homozygousDel	4178345
2	133010000	223880002	NA	90870014	1212961	1.9982524	1208982	53321	145814.0	mappable	0.078725	2.0	NA	0.00198762211	1.745231e-05	0.000506242801	0.07565069	0.07566814	133010000	133010000	223879929	223880002	0.15419442	1	378621.7	19.626511	1.0027461	NA	NA	0.0	0.99912621	0.9991262	1	1	1:1	2	neutral	4178345
2	223880003	223890082	NA	10080	179	1.4947933	179	0	25.0	mappable	NA	NA	NA	NA	inf	0.075071768363	0.15038489	inf	223880003	223880076	223889996	223890168	NA	missing	347368.3	NA	0.927	NA	NA	NA	NA	NA	NA	NA	NA	NA	NA	4178345
2	223890082	242999969	NA	19109894	289612	1.9982524	288350	14036	38000.0	mappable	0.08215	2.0	edge	0.00099964376	6.536802e-05	0.003015312973	0.08268626	0.08275162	223889996	223890168	242999969	242999969	0.14622809	1	378621.7	19.626511	1.0027461	NA	NA	0.0	0.99912621	0.9991262	1	1	1:1	2	neutral	4178345
3	100074	14600006	NA	14499934	240605	1.9982524	239744	11985	29733.0	mappable	0.078725	2.0	edge	0.00259340263	7.784524e-05	0.005808318501	0.08407055	0.0841484	100074	100074	14599943	14600006	0.15963874	1	378621.7	19.626511	1.0027461	NA	NA	0.0	0.99912621	0.9991262	1	1	1:1	2	neutral	4178345
3	14600007	14620032	NA	20026	331	2.6765707	331	0	36.0	mappable	NA	NA	NA	NA	inf	0.102728231637	0.13996206	inf	14600007	14600070	14619965	14620099	NA	missing	378228.6	NA	1.1048	NA	NA	NA	NA	NA	NA	NA	NA	NA	NA	4178345
3	14620032	20899977	NA	6279947	86437	1.9982524	86215	3791	10502.0	mappable	0.08072432	2.0	NA	0.0014368748	0.00024919013	0.009364497356	0.08856486	0.08881405	14619965	14620099	20899925	20900029	0.15621276	1	378621.7	19.626511	1.0027461	NA	NA	0.0	0.99912621	0.9991262	1	1	1:1	2	neutral	4178345
3	20899977	20914996	NA	15020	185	3.2814173	182	0	15.0	mappable	NA	NA	identical	0.53646691699	0.33333333333	0.193728231637	0.14414833	0.47748166	20899925	20900029	20909992	20920000	NA	missing	428540.0	NA	1.1958	NA	NA	NA	NA	NA	NA	NA	NA	NA	NA	4178345
3	20914996	57289959	NA	36374967	491247	1.9982524	489725	23161	61634.0	mappable	0.078725	2.0	NA	0.00272925891	4.051536e-05	0.007954017443	0.07962911	0.07966963	20909992	20920000	57289909	57289959	0.13923155	1	378621.7	19.626511	1.0027461	NA	NA	0.0	0.99912621	0.9991262	1	1	1:1	2	neutral	4178345
3	57289960	57310000	NA	20041	248	2.450584	248	0	34.0	mappable	NA	NA	NA	NA	inf	0.068728231637	0.13995148	inf	57289960	57290010	57309976	57310000	NA	missing	423392.4	NA	1.0708	NA	NA	NA	NA	NA	NA	NA	NA	NA	NA	4178345
3	57310001	66159927	NA	8849928	140960	1.9982524	140599	6318	17335.0	mappable	0.078725	2.0	NA	0.0045143662	0.00014972301	0.007997814497	0.0866655	0.08681522	57310001	57310025	66159855	66159927	0.1304579	1	378621.7	19.626511	1.0027461	NA	NA	0.0	0.99912621	0.9991262	1	1	1:1	2	neutral	4178345
3	66359989	88770010	NA	22410025	316483	1.9982524	315492	15413	36423.0	mappable	0.08215	2.0	NA	0.00079833145	6.096074e-05	0.003622234581	0.08190799	0.08196896	66359989	66360030	88769839	88770010	0.13947658	1	378621.7	19.626511	1.0027461	NA	NA	0.0	0.99912621	0.9991262	1	1	1:1	2	neutral	4178345
3	88770011	88790066	NA	20056	359	2.4432727	359	0	49.0	mappable	NA	NA	NA	NA	inf	0.067628231637	0.13994091	inf	88770011	88770182	88789963	88790066	NA	missing	394762.7	NA	1.0697	NA	NA	NA	NA	NA	NA	NA	NA	NA	NA	4178345
3	88790067	90499969	NA	1709903	24335	1.9982524	24259	510	2739.0	mappable	0.07165	2.0	NA	0.01025927348	0.00170648464	0.009971768363	0.09659277	0.09829926	88790067	88790170	90499969	90499969	0.11338052	1	378621.7	19.626511	1.0027461	NA	NA	0.0	0.99912621	0.9991262	1	1	1:1	2	neutral	4178345
3	93570175	128200009	NA	34629835	476614	1.9982524	475153	21853	57061.0	mappable	0.08215	2.0	NA	1.572652e-05	4.289452e-05	0.000471768363	0.07985463	0.07989752	93570175	93570175	128199987	128200031	0.14092107	1	378621.7	19.626511	1.0027461	NA	NA	0.0	0.99912621	0.9991262	1	1	1:1	2	neutral	4178345
3	128200009	128209849	NA	9841	125	1.413704	125	0	24.0	mappable	NA	NA	NA	NA	inf	0.087271768363	0.15077738	inf	128199987	128200031	128209672	128210026	NA	missing	316999.0	NA	0.9148	NA	NA	NA	NA	NA	NA	NA	NA	NA	NA	4178345
3	128209849	191790062	NA	63580221	857991	1.9982524	855455	37516	104979.0	mappable	0.078725	2.0	NA	0.00252862225	2.496817e-05	0.003932773665	0.07715432	0.07717929	128209672	128210026	191789998	191790062	0.14320925	1	378621.7	19.626511	1.0027461	NA	NA	0.0	0.99912621	0.9991262	1	1	1:1	2	neutral	4178345
3	191790063	191800007	NA	9945	237	1.447602	237	0	35.0	mappable	NA	NA	NA	NA	inf	0.082171768363	0.15060518	inf	191790063	191790127	191799989	191800007	NA	missing	366310.0	NA	0.9199	NA	NA	NA	NA	NA	NA	NA	NA	NA	NA	4178345
3	191800008	197779892	NA	5979886	84403	1.9982524	84040	3378	11665.0	mappable	0.08411957	2.0	edge	0.00219995627	0.00026730821	0.003559728147	0.08884274	0.08911005	191800008	191800026	197779892	197779892	0.15514599	1	378621.7	19.626511	1.0027461	NA	NA	0.0	0.99912621	0.9991262	1	1	1:1	2	neutral	4178345
4	50084	8939952	NA	8889870	145482	1.9982524	144485	7600	20299.0	mappable	0.08215	2.0	edge	0.00032774835	0.00011633318	8.588039e-06	0.08664111	0.08675744	50084	50084	8939952	8939952	0.15362317	1	378621.7	19.626511	1.0027461	NA	NA	0.0	0.99912621	0.9991262	1	1	1:1	2	neutral	4178345
4	9800043	47970062	NA	38170024	585378	1.9982524	583699	26629	68091.0	mappable	0.078725	2.0	self	0.00217922098	3.53257e-05	0.007034650395	0.07940939	0.07944472	9800043	9800043	47969995	47970062	0.13495676	1	378621.7	19.626511	1.0027461	NA	NA	0.0	0.99912621	0.9991262	1	1	1:1	2	neutral	4178345
4	47970063	47995028	NA	24966	267	2.3403018	262	35	28.0	mappable	0.12705638	5.0	NA	0.04929378774	0.025	0.056028231637	0.13691431	0.16191431	47970063	47970130	47989834	48000222	0.11450457	1	382621.7	20.003216	1.0542079	NA	NA	0.0	1.17015092	1.1701509	1	1	1:1	2	neutral	4178345
4	47995028	48020006	NA	24979	286	1.6798279	281	23	27.0	mappable	0.08565397	1.0	NA	0.02486929795	0.03571428571	0.073771768363	0.13690727	0.17262156	47989834	48000222	48019983	48020006	NA	missing	361611.1	18.908267	0.9548387	NA	NA	NA	NA	NA	NA	NA	NA	NA	NA	4178345
4	48020007	49089961	NA	1069955	12373	1.9982524	12346	311	1633.0	mappable	0.07673621	2.0	self	0.00698427348	0.00295857988	0.011371768363	0.09985462	0.1028132	48020007	48020030	49089961	49089961	0.13187968	1	378621.7	19.626511	1.0027461	NA	NA	0.0	0.99912621	0.9991262	1	1	1:1	2	neutral	4178345
4	52680564	189779986	NA	137099438	1897162	1.9982524	1891250	89667	220680.0	mappable	0.078725	2.0	self	0.00168916487	1.046266e-05	0.001904553386	0.07399009	0.07400055	52680564	52680564	189779901	189779986	0.14105948	1	378621.7	19.626511	1.0027461	NA	NA	0.0	0.99912621	0.9991262	1	1	1:1	2	neutral	4178345
4	189779987	189794999	NA	15013	217	2.4572307	217	1	27.0	mappable	0.5	NA	NA	0.41786572652	1.0	0.069728231637	0.14415532	1.14415532	189779987	189780072	189789990	189800008	NA	missing	399455.0	29.959125	1.0718	NA	NA	NA	NA	NA	NA	NA	NA	NA	NA	4178345
4	189794999	190939997	NA	1144999	22513	1.6798279	21918	833	3258.0	mappable	0.08236944	1.0	edge	0.00686572652	0.00070028011	0.045871768363	0.09936943	0.10006971	189789990	189800008	190939997	190939997	0.17917842	1	361611.1	18.908267	0.9548387	NA	NA	0.0	0.83991395	0.8399139	1	1	1:1	2	neutral	4178345
5	50017	46399990	NA	46349982	688397	1.9982524	686090	30412	83043.0	mappable	0.078725	2.0	edge	0.00235271112	3.056515e-05	0.005528097487	0.07853589	0.07856645	50017	50017	46399990	46399990	0.14866015	1	378621.7	19.626511	1.0027461	NA	NA	0.0	0.99912621	0.9991262	1	1	1:1	2	neutral	4178345
5	49470005	68829703	NA	19359703	256464	1.9982524	255536	12988	30402.0	mappable	0.0795625	2.0	self	0.00214919079	7.185973e-05	0.003215052021	0.08262225	0.08269411	49470005	49470005	68829703	68829703	0.13157512	1	378621.7	19.626511	1.0027461	NA	NA	0.0	0.99912621	0.9991262	1	1	1:1	2	neutral	4178345
5	70750153	180689979	NA	109939841	1529534	1.9982524	1525357	64860	186727.0	mappable	0.078725	2.0	edge	0.00175077225	1.448499e-05	0.000711184091	0.07487233	0.07488681	70750153	70750153	180689979	180689979	0.1351392	1	378621.7	19.626511	1.0027461	NA	NA	0.0	0.99912621	0.9991262	1	1	1:1	2	neutral	4178345
6	201976	58019982	NA	57818019	859212	1.9982524	852021	44482	109650.0	mappable	0.08215	2.0	edge	0.00094776588	1.935359e-05	0.001227429506	0.07756443	0.07758378	201976	201976	58019982	58019982	0.1692118	1	378621.7	19.626511	1.0027461	NA	NA	0.0	0.99912621	0.9991262	1	1	1:1	2	neutral	4178345
6	58610011	58769997	NA	159987	572	1.9982524	571	30	63.0	mappable	0.05647692	2.0	self	0.02377081194	0.03225806452	0.017671768363	0.11568989	0.14794796	58610011	58610011	58769997	58769997	NA	missing	378621.7	19.626511	1.0027461	NA	NA	NA	NA	NA	NA	NA	NA	NA	NA	4178345
6	61890002	142030031	NA	80140036	1105582	1.9982524	1102217	50615	129854.0	mappable	0.078725	2.0	self	0.00278229595	1.852538e-05	0.002061857365	0.07617301	0.07619153	61890002	61890002	142029971	142030031	0.13964522	1	378621.7	19.626511	1.0027461	NA	NA	0.0	0.99912621	0.9991262	1	1	1:1	2	neutral	4178345
6	142030032	142070038	NA	40007	612	2.3403018	612	14	75.0	mappable	0.04534167	5.0	NA	0.03679260682	0.07142857143	0.061728231637	0.13082186	0.20225043	142030032	142030092	142069813	142070263	NA	missing	382621.7	20.003216	1.0542079	NA	NA	NA	NA	NA	NA	NA	NA	NA	NA	4178345
6	142070038	142200010	NA	129973	1828	1.938126	1827	0	209.0	mappable	NA	NA	NA	0.37241118106	1.0	0.008371768363	0.11773119	1.11773119	142069813	142070263	142199858	142200010	NA	missing	376601.0	NA	0.9937	NA	NA	NA	NA	NA	NA	NA	NA	NA	NA	4178345
6	142200011	142220173	NA	20163	334	2.4220033	334	0	29.0	mappable	NA	NA	NA	NA	inf	0.064428231637	0.13986579	inf	142200011	142200163	142219970	142220376	NA	missing	396345.3	NA	1.0665	NA	NA	NA	NA	NA	NA	NA	NA	NA	NA	4178345
6	142220173	170899935	NA	28679763	429446	1.9982524	427561	22229	54278.0	mappable	0.078725	2.0	edge	0.00451553518	4.146969e-05	0.004494480944	0.08073133	0.0807728	142219970	142220376	170899935	170899935	0.14437889	1	378621.7	19.626511	1.0027461	NA	NA	0.0	0.99912621	0.9991262	1	1	1:1	2	neutral	4178345
7	40386	57999988	NA	57959611	854170	1.9982524	851524	43118	105173.0	mappable	0.078725	2.0	edge	0.00153885093	2.185171e-05	0.002554048003	0.07755381	0.07757567	40386	40386	57999988	57999988	0.14305984	1	378621.7	19.626511	1.0027461	NA	NA	0.0	0.99912621	0.9991262	1	1	1:1	2	neutral	4178345
7	61789997	69970056	NA	8180061	78060	1.9982524	77581	3078	9856.0	mappable	0.08457763	2.0	NA	0.00250406434	0.00028113579	0.007826955695	0.08709405	0.08737519	61789997	61790004	69969995	69970117	0.15468589	1	378621.7	19.626511	1.0027461	NA	NA	0.0	0.99912621	0.9991262	1	1	1:1	2	neutral	4178345
7	69970056	69990049	NA	19994	237	2.8866053	237	0	19.0	mappable	NA	NA	NA	NA	inf	0.134328231637	0.13998466	inf	69969995	69970117	69989996	69990049	NA	missing	391387.8	NA	1.1364	NA	NA	NA	NA	NA	NA	NA	NA	NA	NA	4178345
7	69990050	72229988	NA	2239939	31758	1.9982524	31602	1169	4372.0	mappable	0.0753	2.0	NA	0.00683427348	0.00075471698	0.024428231637	0.09480907	0.09556379	69990050	69990103	72229988	72229988	0.13654153	1	378621.7	19.626511	1.0027461	NA	NA	0.0	0.99912621	0.9991262	1	1	1:1	2	neutral	4178345
7	72750118	74139961	NA	1389845	10241	1.9982524	10193	361	1553.0	mappable	0.07251786	2.0	self	0.00040715331	0.00244498778	0.013477640874	0.09800802	0.10045301	72750118	72750118	74139961	74139961	0.18990916	1	378621.7	19.626511	1.0027461	NA	NA	0.0	0.99912621	0.9991262	1	1	1:1	2	neutral	4178345
7	75160045	76059952	NA	899908	8418	2.1109393	8392	81	1371.0	mappable	0.11428904	NA	NA	0.05559072652	0.00934579439	0.017628231637	0.10111521	0.110461	75160045	75160045	76059952	76059952	0.35090237	2	362961.6	20.078729	1.0197	17.85102	0.6707822	0.3415645	0.69495871	1.4159806	sub	sub	sub:sub	sub	sub	4178345
7	76810004	159119808	NA	82309814	1088531	1.9982524	1084769	43585	134774.0	mappable	0.08215	2.0	edge	0.0004348167	2.112066e-05	0.00514717476	0.07606136	0.07608248	76810004	76810004	159119808	159119808	0.14280522	1	378621.7	19.626511	1.0027461	NA	NA	0.0	0.99912621	0.9991262	1	1	1:1	2	neutral	4178345
8	170012	185011	NA	15000	234	2.3403018	232	0	33.0	mappable	NA	5.0	edge	0.01246032111	0.5	0.045628231637	0.1441683	0.6441683	170012	170012	179978	185011	NA	missing	382621.7	NA	1.0542079	NA	NA	NA	NA	NA	NA	NA	NA	NA	NA	4178345
8	185012	6919904	NA	6734901	193558	1.9982524	192516	10862	23275.0	mappable	0.08215	2.0	self	7.003935e-05	8.400538e-05	0.004852985363	0.08817088	0.08825489	185012	190045	6919904	6919904	0.17124744	1	378621.7	19.626511	1.0027461	NA	NA	0.0	0.99912621	0.9991262	1	1	1:1	2	neutral	4178345
8	8100000	11859985	NA	3759988	79387	1.9982524	79098	5287	10180.0	mappable	0.076725	2.0	self	0.00376574454	0.00017934003	0.003801186278	0.09156546	0.0917448	8100000	8100000	11859985	11859985	0.1191406	1	378621.7	19.626511	1.0027461	NA	NA	0.0	0.99912621	0.9991262	1	1	1:1	2	neutral	4178345
8	12580042	43789991	NA	31209954	520352	1.9982524	518732	23873	64351.0	mappable	0.078725	2.0	self	0.00039220253	3.922799e-05	0.003946526988	0.08033579	0.08037502	12580042	12580042	43789991	43789991	0.1378267	1	378621.7	19.626511	1.0027461	NA	NA	0.0	0.99912621	0.9991262	1	1	1:1	2	neutral	4178345
8	46880007	128748305	NA	81868305	1115859	1.9982524	1112529	49738	133270.0	mappable	0.078725	2.0	NA	0.00205514042	1.88441e-05	0.004840409519	0.07608381	0.07610265	46880007	46880007	128748182	128748305	0.13736805	1	378621.7	19.626511	1.0027461	NA	NA	0.0	0.99912621	0.9991262	1	1	1:1	2	neutral	4178345
8	128748306	128748309	CTX	4	1	1.5918347	1	0	0.0	mappable	NA	NA	NA	NA	inf	0.060471768363	1.0	inf	128748306	128748307	128748307	128748309	NA	missing	354986.2	NA	0.9416	NA	NA	NA	NA	NA	NA	NA	NA	NA	NA	4178345
8	128748310	137829976	CTX	9081667	144195	1.9982524	143731	6599	17736.0	mappable	0.078725	2.0	NA	0.001695724	0.0001415829	0.001055077077	0.08652568	0.08666726	128748310	128748328	137829950	137829976	0.1459305	1	378621.7	19.626511	1.0027461	NA	NA	0.0	0.99912621	0.9991262	1	1	1:1	2	neutral	4178345
8	137829977	137849931	NA	19955	363	2.6632773	363	0	25.0	mappable	NA	NA	NA	NA	inf	0.100728231637	0.14001227	inf	137829977	137830003	137849852	137849931	NA	missing	189264.2	NA	1.1028	NA	NA	NA	NA	NA	NA	NA	NA	NA	NA	4178345
8	137849932	142120014	NA	4270084	67786	1.9982524	67591	2655	8581.0	mappable	0.078725	2.0	NA	0.00112601912	0.00035100035	0.006981975486	0.09080247	0.09115347	137849932	137850011	142119986	142120014	0.16858862	1	378621.7	19.626511	1.0027461	NA	NA	0.0	0.99912621	0.9991262	1	1	1:1	2	neutral	4178345
8	142120015	142129979	NA	9965	185	2.6346967	185	0	37.0	mappable	NA	NA	NA	NA	inf	0.096428231637	0.15057232	inf	142120015	142120043	142129925	142130033	NA	missing	378143.0	NA	1.0985	NA	NA	NA	NA	NA	NA	NA	NA	NA	NA	4178345
8	142129979	146289988	NA	4160010	59446	1.9982524	59102	2626	8829.0	mappable	0.078725	2.0	edge	0.00340927348	0.00033670034	0.005071768363	0.09095806	0.09129476	142129925	142130033	146289988	146289988	0.15895602	1	378621.7	19.626511	1.0027461	NA	NA	0.0	0.99912621	0.9991262	1	1	1:1	2	neutral	4178345
9	200101	11600029	NA	11399932	224979	1.9982524	224418	10680	26477.0	mappable	0.078725	2.0	edge	0.00405416096	8.896797e-05	0.006552000522	0.08531505	0.08540402	200101	200101	11599997	11600029	0.14517483	1	378621.7	19.626511	1.0027461	NA	NA	0.0	0.99912621	0.9991262	1	1	1:1	2	neutral	4178345
9	11600030	11620015	NA	19986	482	2.3881053	482	0	51.0	mappable	NA	NA	NA	NA	inf	0.059328231637	0.13999032	inf	11600030	11600062	11619968	11620062	NA	missing	376526.3	NA	1.0614	NA	NA	NA	NA	NA	NA	NA	NA	NA	NA	4178345
9	11620015	38769828	NA	27149820	419950	1.9982524	418882	16703	49922.0	mappable	0.078725	2.0	NA	0.0035557256	5.627779e-05	0.000980731811	0.08098989	0.08104617	11619968	11620062	38769828	38769828	0.15230829	1	378621.7	19.626511	1.0027461	NA	NA	0.0	0.99912621	0.9991262	1	1	1:1	2	neutral	4178345
9	66840048	66849972	NA	9925	540	1.9982524	502	0	36.0	mappable	NA	2.0	self	0.00759085243	0.02631578947	0.025171768363	0.15063813	0.17695391	66840048	66840048	66849972	66849972	NA	missing	378621.7	NA	1.0027461	NA	NA	NA	NA	NA	NA	NA	NA	NA	NA	4178345
9	68410004	68419976	NA	9973	1130	1.8596953	1051	0	263.0	mappable	NA	NA	NA	0.23163715509	0.01265822785	0.020171768363	0.15055919	0.16321742	68410004	68410004	68419976	68419976	NA	missing	2266108.0	NA	0.9819	NA	NA	NA	NA	NA	NA	NA	NA	NA	NA	4178345
9	71030093	114900034	NA	43869948	598738	1.9982524	596945	29106	74081.0	mappable	0.078725	2.0	NA	0.00172548295	3.236455e-05	0.001590654587	0.07878132	0.07881368	71030093	71030093	114899968	114900034	0.14108162	1	378621.7	19.626511	1.0027461	NA	NA	0.0	0.99912621	0.9991262	1	1	1:1	2	neutral	4178345
9	114900035	114915018	NA	14984	139	1.3871173	139	0	19.0	mappable	NA	NA	NA	NA	inf	0.091271768363	0.14418431	inf	114900035	114900101	114909990	114920046	NA	missing	380820.0	NA	0.9108	NA	NA	NA	NA	NA	NA	NA	NA	NA	NA	4178345
9	114915018	141019791	NA	26104775	362172	1.9982524	360747	13792	50332.0	mappable	0.078725	2.0	edge	0.00250090492	6.572029e-05	0.003273488034	0.08117604	0.08124177	114909990	114920046	141019791	141019791	0.14665647	1	378621.7	19.626511	1.0027461	NA	NA	0.0	0.99912621	0.9991262	1	1	1:1	2	neutral	4178345
10	130013	4959995	NA	4829985	90007	1.9982524	89448	4008	11950.0	mappable	0.08215	2.0	edge	0.00111918277	0.00021896212	0.009602035896	0.09007553	0.0902945	130013	130013	4959979	4959995	0.15623329	1	378621.7	19.626511	1.0027461	NA	NA	0.0	0.99912621	0.9991262	1	1	1:1	2	neutral	4178345
10	4959996	5024997	NA	65002	161	2.3403018	160	23	17.0	mappable	0.08606944	5.0	NA	0.00354260682	0.04166666667	0.050328231637	0.12509228	0.16675895	4959996	4960012	4969946	5080048	NA	missing	382621.7	20.003216	1.0542079	NA	NA	NA	NA	NA	NA	NA	NA	NA	NA	4178345
10	5024997	5109892	NA	84896	417	1.447602	417	0	59.0	mappable	NA	NA	NA	NA	inf	0.082171768363	0.12214927	inf	4969946	5080048	5109767	5110017	NA	missing	378303.0	NA	0.9199	NA	NA	NA	NA	NA	NA	NA	NA	NA	NA	4178345
10	5109892	26160001	NA	21050112	328914	1.9982524	327595	16888	41315.0	mappable	0.078725	2.0	NA	0.0024638766	5.492393e-05	0.006175965087	0.08221208	0.08226701	5109767	5110017	26159993	26160001	0.15130134	1	378621.7	19.626511	1.0027461	NA	NA	0.0	0.99912621	0.9991262	1	1	1:1	2	neutral	4178345
10	26160002	26209927	NA	49926	992	2.7031573	986	2	116.0	mappable	0.04755245	NA	identical	0.4247725447	0.125	0.106728231637	0.12814349	0.25314349	26160002	26160010	26209815	26210039	NA	missing	410410.2	21.496311	1.1088	NA	NA	NA	NA	NA	NA	NA	NA	NA	NA	4178345
10	26209927	29749973	NA	3540047	47386	1.9982524	47227	2330	6139.0	mappable	0.08057692	2.0	NA	1.572652e-05	0.00040176778	0.002528231637	0.09193146	0.09233323	26209815	26210039	29749901	29749973	0.14535872	1	378621.7	19.626511	1.0027461	NA	NA	0.0	0.99912621	0.9991262	1	1	1:1	2	neutral	4178345
10	29749974	29760019	NA	10046	182	1.1950287	182	0	30.0	mappable	NA	NA	NA	NA	inf	0.120171768363	0.15044003	inf	29749974	29750046	29759998	29760040	NA	missing	333320.0	NA	0.8819	NA	NA	NA	NA	NA	NA	NA	NA	NA	NA	4178345
10	29760019	39149984	NA	9389966	117469	1.9982524	116604	5057	15368.0	mappable	0.08215	2.0	NA	1.572652e-05	0.00016886187	0.010371768363	0.08634576	0.08651462	29759998	29760040	39149984	39149984	0.15761325	1	378621.7	19.626511	1.0027461	NA	NA	0.0	0.99912621	0.9991262	1	1	1:1	2	neutral	4178345
10	42410000	46159967	NA	3749968	43627	1.9982524	43558	1040	5745.0	mappable	0.08251379	2.0	self	0.00037951962	0.00090171326	0.005271768363	0.0915816	0.09248332	42410000	42410000	46159967	46159967	0.11540195	1	378621.7	19.626511	1.0027461	NA	NA	0.0	0.99912621	0.9991262	1	1	1:1	2	neutral	4178345
10	48310177	48659961	NA	349785	5554	1.6798279	5541	141	756.0	mappable	0.09659706	1.0	NA	0.01716345379	0.00649350649	0.046771768363	0.10860057	0.11509408	48310177	48310177	48659961	48659961	0.2261047	1	361611.1	18.908267	0.9548387	NA	NA	0.0	0.83991395	0.8399139	1	1	1:1	2	neutral	4178345
10	49390096	135439925	NA	86049842	1210795	1.9982524	1206570	57379	153614.0	mappable	0.078725	2.0	edge	0.00092738658	1.623271e-05	0.002210801643	0.07587636	0.0758926	49390096	49390096	135439925	135439925	0.1529802	1	378621.7	19.626511	1.0027461	NA	NA	0.0	0.99912621	0.9991262	1	1	1:1	2	neutral	4178345
11	190010	48875033	NA	48685033	694204	1.9982524	691586	32448	86350.0	mappable	0.08215	2.0	edge	0.00053829425	2.851847e-05	0.010107042721	0.07831781	0.07834633	190010	190010	48859996	48890070	0.16361475	1	378621.7	19.626511	1.0027461	NA	NA	0.0	0.99912621	0.9991262	1	1	1:1	2	neutral	4178345
11	48875033	48899996	NA	24964	573	2.3403018	552	8	85.0	mappable	0.08478391	5.0	NA	0.01220739318	0.03448275862	0.085528231637	0.13691539	0.17139815	48859996	48890070	48899996	48899996	NA	missing	382621.7	20.003216	1.0542079	NA	NA	NA	NA	NA	NA	NA	NA	NA	NA	4178345
11	48899997	50170092	NA	1270096	0	0.0	0	0	NA	mappable	NA	NA	NA	NA	inf	1.002071768363	0.09863632	inf	48899997	48899997	50170092	50170092	NA	missing	NA	NA	0.0	NA	NA	0.0	0.0	0.0	0	0	NA	0	homozygousDel	4178345
11	50170093	50685026	NA	514935	9882	1.9982524	9857	696	1005.0	mappable	0.07686087	2.0	NA	0.00403164579	0.00138696255	0.009923134484	0.10540723	0.10679419	50170093	50170093	50679980	50685026	0.11592251	1	378621.7	19.626511	1.0027461	NA	NA	0.0	0.99912621	0.9991262	1	1	1:1	2	neutral	4178345
11	54792817	64609991	NA	9817177	126546	1.9982524	126097	5000	16210.0	mappable	0.08215	2.0	NA	0.0011715427	0.00018351991	5.7221095e-05	0.08610714	0.08629066	54792817	54792817	64609948	64610034	0.1645682	1	378621.7	19.626511	1.0027461	NA	NA	0.0	0.99912621	0.9991262	1	1	1:1	2	neutral	4178345
11	64609991	64680005	NA	70015	1099	2.4000693	1098	1	160.0	mappable	0.36842105	NA	NA	0.37985403061	0.5	0.061128231637	0.12425929	0.62425929	64609948	64610034	64679961	64680005	NA	missing	364432.1	24.934825	1.0632	NA	NA	NA	NA	NA	NA	NA	NA	NA	NA	4178345
11	64680006	75929984	NA	11249979	136558	1.9982524	136079	4822	19642.0	mappable	0.085575	2.0	NA	0.00344072652	0.00018864365	0.004371768363	0.08538463	0.08557328	64680006	64680050	75929952	75930016	0.1647284	1	378621.7	19.626511	1.0027461	NA	NA	0.0	0.99912621	0.9991262	1	1	1:1	2	neutral	4178345
11	75929984	75939817	NA	9834	153	1.4004107	153	0	18.0	mappable	NA	NA	NA	NA	inf	0.089271768363	0.15078905	inf	75929952	75930016	75939627	75939817	NA	missing	355802.2	NA	0.9128	NA	NA	NA	NA	NA	NA	NA	NA	NA	NA	4178345
11	75939818	89349940	NA	13410124	191178	1.9982524	190611	8288	22862.0	mappable	0.08215	2.0	NA	7.241303e-05	0.00011293055	0.00424618297	0.08447081	0.08458374	75939818	75940008	89349940	89349940	0.15842639	1	378621.7	19.626511	1.0027461	NA	NA	0.0	0.99912621	0.9991262	1	1	1:1	2	neutral	4178345
11	89850037	134939862	NA	45089832	663953	1.9982524	661676	32766	81940.0	mappable	0.08215	2.0	edge	0.00186120196	2.853637e-05	0.004448382611	0.07865872	0.07868725	89850037	89850037	134939862	134939862	0.15174454	1	378621.7	19.626511	1.0027461	NA	NA	0.0	0.99912621	0.9991262	1	1	1:1	2	neutral	4178345
12	160107	34819969	NA	34659870	478077	1.9982524	476245	23907	59761.0	mappable	0.078725	2.0	edge	0.00269683924	3.885306e-05	0.007475941734	0.07985064	0.07988949	160107	160107	34819969	34819969	0.14704151	1	378621.7	19.626511	1.0027461	NA	NA	0.0	0.99912621	0.9991262	1	1	1:1	2	neutral	4178345
12	38000003	66479915	NA	28479914	370381	1.9982524	369133	15215	46614.0	mappable	0.08215	2.0	self	5.294175e-05	6.074965e-05	0.003984299244	0.08076422	0.08082497	38000003	38000003	66479706	66479915	0.14278354	1	378621.7	19.626511	1.0027461	NA	NA	0.0	0.99912621	0.9991262	1	1	1:1	2	neutral	4178345
12	66479916	66499892	NA	19977	316	1.026868	301	0	39.0	mappable	NA	NA	identical	0.01781522586	0.06666666667	0.145471768363	0.13999669	0.20666335	66479916	66480125	66499749	66499892	NA	missing	361634.2	NA	0.8566	NA	NA	NA	NA	NA	NA	NA	NA	NA	NA	4178345
12	66499893	114639979	NA	48140090	654122	1.9982524	651979	29932	79895.0	mappable	0.078725	2.0	NA	0.00306654539	3.117693e-05	0.000747549593	0.07836765	0.07839882	66499893	66500036	114639950	114639979	0.13526313	1	378621.7	19.626511	1.0027461	NA	NA	0.0	0.99912621	0.9991262	1	1	1:1	2	neutral	4178345
12	114639980	114660108	NA	20129	316	2.312998	316	0	38.0	mappable	NA	NA	NA	NA	inf	0.048028231637	0.13988961	inf	114639980	114640009	114659996	114660108	NA	missing	364662.8	NA	1.0501	NA	NA	NA	NA	NA	NA	NA	NA	NA	NA	4178345
12	114660109	133819926	NA	19159819	277710	1.9982524	276382	13887	37856.0	mappable	0.08215	2.0	edge	0.00080001079	6.572461e-05	2.4858637e-05	0.08267339	0.08273912	114660109	114660221	133819926	133819926	0.15296985	1	378621.7	19.626511	1.0027461	NA	NA	0.0	0.99912621	0.9991262	1	1	1:1	2	neutral	4178345
13	19450038	115099984	NA	95649958	1367501	1.9982524	1362623	69521	162916.0	mappable	0.08215	2.0	edge	0.00083688073	1.344104e-05	0.001730647649	0.07543964	0.07545308	19450038	19450038	115099984	115099984	0.13885175	1	378621.7	19.626511	1.0027461	NA	NA	0.0	0.99912621	0.9991262	1	1	1:1	2	neutral	4178345
14	20330060	38640019	NA	18309960	245475	1.9982524	244661	11679	30045.0	mappable	0.08215	2.0	edge	1.572652e-05	8.004483e-05	0.001671768363	0.08289769	0.08297773	20330060	20330060	38639992	38640046	0.15120489	1	378621.7	19.626511	1.0027461	NA	NA	0.0	0.99912621	0.9991262	1	1	1:1	2	neutral	4178345
14	38640019	38650066	NA	10048	146	1.4283267	139	0	17.0	mappable	NA	NA	NA	0.12153239318	0.14285714286	0.085071768363	0.15043678	0.29329393	38639992	38640046	38649966	38650166	NA	missing	357233.8	NA	0.917	NA	NA	NA	NA	NA	NA	NA	NA	NA	NA	4178345
14	38650066	38664967	NA	14902	175	2.3403018	175	15	19.0	mappable	0.0680337	5.0	NA	0.01410057783	0.06666666667	0.079128231637	0.14426665	0.21093331	38649966	38650166	38659911	38670023	NA	missing	382621.7	20.003216	1.0542079	NA	NA	NA	NA	NA	NA	NA	NA	NA	NA	4178345
14	38664967	104780016	NA	66115056	943273	1.9982524	940259	42236	118165.0	mappable	0.08215	2.0	self	0.00017656868	2.209994e-05	0.001738685874	0.07698681	0.07700891	38659911	38670023	104779904	104780128	0.15923225	1	378621.7	19.626511	1.0027461	NA	NA	0.0	0.99912621	0.9991262	1	1	1:1	2	neutral	4178345
14	104780016	104800001	NA	19986	386	1.595158	380	37	56.0	mappable	0.17005833	NA	NA	0.08533239318	0.02325581395	0.059971768363	0.13999032	0.16324613	104779904	104780128	104799997	104800005	0.25553958	1	339555.0	18.864169	0.9421	NA	NA	0.0	0.797579	0.797579	1	1	1:1	2	neutral	4178345
14	104800001	104899954	NA	99954	1749	2.0504547	1743	48	256.0	mappable	0.13535	NA	NA	0.06066572652	0.01851851852	0.008528231637	0.12041681	0.13893533	104799997	104800005	104899875	104900033	0.24191176	1	360169.7	19.230781	1.0106	NA	NA	0.0	1.02522733	1.0252273	1	1	1:1	2	neutral	4178345
14	104899954	104910118	NA	10165	188	2.775606	188	13	22.0	mappable	0.04600904	NA	NA	0.03612523093	0.07692307692	0.117628231637	0.15024803	0.22717111	104899875	104900033	104909981	104910118	NA	missing	374640.0	19.212308	1.1197	NA	NA	NA	NA	NA	NA	NA	NA	NA	NA	4178345
14	104910119	106326933	NA	1416815	17004	1.9982524	16903	572	2548.0	mappable	0.078725	2.0	NA	1.572652e-05	0.0014858841	0.006228231637	0.09787504	0.09936092	104910119	104910256	106326932	106326933	0.21179332	1	378621.7	19.626511	1.0027461	NA	NA	0.0	0.99912621	0.9991262	1	1	1:1	2	neutral	4178345
14	106326934	106327392	CTX	459	138	2.2478607	138	0	15.0	mappable	NA	NA	NA	NA	inf	0.038228231637	0.22618421	inf	106326934	106326938	106327384	106327392	NA	missing	339431.4	NA	1.0403	NA	NA	NA	NA	NA	NA	NA	NA	NA	NA	4178345
14	106327393	106330472	CTX	3080	651	1.9893053	651	2	89.0	mappable	0.21142857	NA	NA	0.19395501223	0.5	0.000671768363	0.17258169	0.67258169	106327393	106327402	106330467	106330472	NA	missing	331168.8	20.05937	1.0014	NA	NA	NA	NA	NA	NA	NA	NA	NA	NA	4178345
14	106330473	106346895	DEL	16423	294	-0.3436747	285	9	41.0	mappable	0.14305147	NA	NA	0.00847455005	0.05555555556	0.351671768363	0.14282215	0.19837771	106330473	106330477	106346795	106346895	NA	missing	252780.8	14.444617	0.6504	NA	NA	NA	NA	NA	NA	NA	NA	NA	NA	4178345
14	106346896	106804973	DEL	458078	3099	0.9078927	3022	103	359.0	mappable	0.22656515	NA	NA	0.04294905985	0.00555555556	0.163371768363	0.10635337	0.11190893	106346896	106346915	106779888	106804973	0.77417415	2	324346.3	20.271644	0.8387	19.39444	1.2675135	1.0	0.0	0.9078927	1	0	1:0	1	LOH	4178345
14	106804974	107259908	NA	454935	7042	2.3403018	6782	432	762.0	mappable	0.08365	5.0	edge	0.00649072652	0.00144508671	0.067828231637	0.10640958	0.10785466	106804974	106830059	107259908	107259908	0.26869177	1	382621.7	20.003216	1.0542079	NA	NA	0.0	1.17015092	1.1701509	1	1	1:1	2	neutral	4178345
15	20850000	20859924	NA	9925	165	2.113598	136	0	12.0	mappable	NA	NA	edge	0.35027400264	0.03448275862	0.018028231637	0.15063813	0.18512088	20850000	20850000	20859924	20859924	NA	missing	1376824.0	NA	1.0201	NA	NA	NA	NA	NA	NA	NA	NA	NA	NA	4178345
15	22480079	23069956	NA	589878	4054	1.9982524	4028	192	626.0	mappable	0.09171053	2.0	self	0.00680914757	0.00458715596	0.029071768363	0.10432937	0.10891653	22480079	22480079	23069956	23069956	0.12877115	1	378621.7	19.626511	1.0027461	NA	NA	0.0	0.99912621	0.9991262	1	1	1:1	2	neutral	4178345
15	23710146	24329926	NA	619781	10364	1.9982524	10333	746	1264.0	mappable	0.08807866	2.0	NA	0.00701081442	0.00128700129	0.019909900359	0.10394255	0.10522955	23710146	23710146	24329926	24329926	0.15819582	1	378621.7	19.626511	1.0027461	NA	NA	0.0	0.99912621	0.9991262	1	1	1:1	2	neutral	4178345
15	24329927	24830091	NA	500165	0	0.0	0	0	NA	mappable	NA	NA	NA	NA	inf	1.002071768363	0.10564099	inf	24329927	24329927	24830091	24830091	NA	missing	NA	NA	0.0	NA	NA	0.0	0.0	0.0	0	0	NA	0	homozygousDel	4178345
15	24830092	28529988	NA	3699897	57349	1.9982524	57135	2881	7068.0	mappable	0.081125	2.0	NA	1.572652e-05	0.00032310178	0.007671768363	0.091663	0.09198611	24830092	24830092	28529988	28529988	0.18037354	1	378621.7	19.626511	1.0027461	NA	NA	0.0	0.99912621	0.9991262	1	1	1:1	2	neutral	4178345
15	29100034	30369914	NA	1269881	18277	1.9982524	18248	586	2514.0	mappable	0.08234091	2.0	self	0.00020663561	0.00162601626	0.023671768363	0.09863751	0.10026353	29100034	29100034	30369914	30369914	0.15649108	1	378621.7	19.626511	1.0027461	NA	NA	0.0	0.99912621	0.9991262	1	1	1:1	2	neutral	4178345
15	31160110	38739997	NA	7579888	98162	1.9982524	97839	5261	12085.0	mappable	0.0753	2.0	NA	0.00683427348	0.00017908309	0.005928231637	0.08751301	0.08769209	31160110	31160110	38739943	38740051	0.15600822	1	378621.7	19.626511	1.0027461	NA	NA	0.0	0.99912621	0.9991262	1	1	1:1	2	neutral	4178345
15	38739997	38749937	NA	9941	167	2.8719827	167	0	25.0	mappable	NA	NA	NA	NA	inf	0.132128231637	0.15061176	inf	38739943	38740051	38749855	38749937	NA	missing	439917.5	NA	1.1342	NA	NA	NA	NA	NA	NA	NA	NA	NA	NA	4178345
15	38749938	42679990	NA	3930054	54105	1.9982524	53963	2063	7166.0	mappable	0.08065	2.0	NA	0.00017525369	0.00045351474	0.015503025094	0.0912987	0.09175221	38749938	38750020	42679977	42680003	0.17233126	1	378621.7	19.626511	1.0027461	NA	NA	0.0	0.99912621	0.9991262	1	1	1:1	2	neutral	4178345
15	42679990	42690009	NA	10020	179	2.5875053	179	0	38.0	mappable	NA	NA	NA	NA	inf	0.089328231637	0.15048235	inf	42679977	42680003	42689986	42690032	NA	missing	404550.0	NA	1.0914	NA	NA	NA	NA	NA	NA	NA	NA	NA	NA	4178345
15	42690009	59629998	NA	16939991	230076	1.9982524	229381	9709	28920.0	mappable	0.08215	2.0	NA	0.00015709142	9.612612e-05	0.004685793486	0.08328499	0.08338112	42689986	42690032	59629945	59630051	0.14041953	1	378621.7	19.626511	1.0027461	NA	NA	0.0	0.99912621	0.9991262	1	1	1:1	2	neutral	4178345
15	59629998	59639983	NA	9986	167	2.566236	167	0	15.0	mappable	NA	NA	NA	NA	inf	0.086128231637	0.1505379	inf	59629945	59630051	59639963	59639983	NA	missing	425690.0	NA	1.0882	NA	NA	NA	NA	NA	NA	NA	NA	NA	NA	4178345
15	59639984	82479795	NA	22839815	307190	1.9982524	306134	11752	41066.0	mappable	0.07937045	2.0	NA	0.00126368083	7.80823e-05	0.002974744869	0.08181616	0.08189425	59639984	59640004	82479795	82479795	0.15033848	1	378621.7	19.626511	1.0027461	NA	NA	0.0	0.99912621	0.9991262	1	1	1:1	2	neutral	4178345
15	83213963	102399920	NA	19185959	295773	1.9982524	294777	14394	38127.0	mappable	0.078725	2.0	edge	0.00058465917	6.498148e-05	0.000939426331	0.08266667	0.08273165	83213963	83213963	102399920	102399920	0.13851135	1	378621.7	19.626511	1.0027461	NA	NA	0.0	0.99912621	0.9991262	1	1	1:1	2	neutral	4178345
16	100010	7849997	NA	7749992	153934	1.9982524	153265	8225	20897.0	mappable	0.08215	2.0	edge	0.00038779036	0.00011243535	0.007552766713	0.08739057	0.08750301	100010	100010	7849981	7850013	0.15375262	1	378621.7	19.626511	1.0027461	NA	NA	0.0	0.99912621	0.9991262	1	1	1:1	2	neutral	4178345
16	7849997	7880011	NA	30015	484	2.3096747	484	0	65.0	mappable	NA	NA	NA	NA	inf	0.047528231637	0.13446828	inf	7849981	7850013	7879982	7880011	NA	missing	384086.6	NA	1.0496	NA	NA	NA	NA	NA	NA	NA	NA	NA	NA	4178345
16	7880012	8490023	NA	610012	15717	1.9982524	15654	959	1883.0	mappable	0.08330588	2.0	NA	0.00166572652	0.00097847358	0.004728231637	0.10406651	0.10504499	7880012	7880041	8489978	8490023	0.16413226	1	378621.7	19.626511	1.0027461	NA	NA	0.0	0.99912621	0.9991262	1	1	1:1	2	neutral	4178345
16	8490024	8530021	NA	39998	1075	1.6798279	1070	112	147.0	mappable	0.09946818	1.0	NA	0.017907662	0.00854700855	0.051971768363	0.13082464	0.13937165	8490024	8490069	8529999	8530043	0.07869573	1	361611.1	18.908267	0.9548387	NA	NA	0.0	0.83991395	0.8399139	1	1	1:1	2	neutral	4178345
16	8530021	8570002	NA	39982	1184	2.0929933	1184	43	166.0	mappable	0.18216207	NA	NA	0.10002779548	0.02325581395	0.014928231637	0.13082958	0.15408539	8529999	8530043	8569942	8570062	0.12506618	1	380691.3	20.036386	1.017	NA	NA	0.0	1.04649667	1.0464967	1	1	1:1	2	neutral	4178345
16	8570002	8580074	NA	10073	304	1.5426493	269	0	30.0	mappable	NA	NA	NA	0.07573752139	0.02857142857	0.067871768363	0.15039623	0.17896766	8569942	8570062	8579999	8580074	NA	missing	338175.0	NA	0.9342	NA	NA	NA	NA	NA	NA	NA	NA	NA	NA	4178345
16	8580075	16275017	NA	7694944	125188	1.9982524	124665	5981	16865.0	mappable	0.078725	2.0	self	0.00347075488	0.00015375154	0.015922834154	0.08742986	0.08758361	8580075	8580150	16269962	16275017	0.16956057	1	378621.7	19.626511	1.0027461	NA	NA	0.0	0.99912621	0.9991262	1	1	1:1	2	neutral	4178345
16	16275018	16289940	NA	14923	209	1.6798279	209	17	31.0	mappable	0.07267778	1.0	NA	0.0094564957	0.05882352941	0.087171768363	0.14424551	0.20306904	16275018	16280073	16289940	16289940	NA	missing	361611.1	18.908267	0.9548387	NA	NA	NA	NA	NA	NA	NA	NA	NA	NA	4178345
16	16870104	18169896	NA	1299793	20428	1.9982524	20366	502	2748.0	mappable	0.07358088	2.0	self	0.00340927348	0.00177304965	0.014428231637	0.09847438	0.10024743	16870104	16870104	18169896	18169896	0.1783692	1	378621.7	19.626511	1.0027461	NA	NA	0.0	0.99912621	0.9991262	1	1	1:1	2	neutral	4178345
16	18800044	29039945	NA	10239902	124977	1.9982524	124449	5496	16951.0	mappable	0.078725	2.0	self	0.00340927348	0.00016600266	0.007628231637	0.08588225	0.08604825	18800044	18800044	29039945	29039945	0.14778356	1	378621.7	19.626511	1.0027461	NA	NA	0.0	0.99912621	0.9991262	1	1	1:1	2	neutral	4178345
16	29670028	31959970	NA	2289943	17556	1.9982524	17498	797	2560.0	mappable	0.07779167	2.0	self	0.00097273502	0.00116959064	0.014971768363	0.09466613	0.09583572	29670028	29670028	31959970	31959970	0.16754518	1	378621.7	19.626511	1.0027461	NA	NA	0.0	0.99912621	0.9991262	1	1	1:1	2	neutral	4178345
16	32520030	32649899	NA	129870	3044	1.9982524	2890	2	383.0	mappable	0.26080988	2.0	self	0.02006778412	0.00641025641	0.005471768363	0.11773911	0.12414937	32520030	32520030	32649899	32649899	NA	missing	378621.7	19.626511	1.0027461	NA	NA	NA	NA	NA	NA	NA	NA	NA	NA	4178345
16	33590105	35279959	NA	1689855	15425	1.9982524	15381	78	1876.0	mappable	0.058175	2.0	self	0.02053427348	0.00819672131	0.003371768363	0.09667221	0.10486893	33590105	33590105	35279959	35279959	0.17578423	1	378621.7	19.626511	1.0027461	NA	NA	0.0	0.99912621	0.9991262	1	1	1:1	2	neutral	4178345
16	46450014	65780036	NA	19330023	270842	1.9982524	269904	11193	33549.0	mappable	0.078725	2.0	NA	0.00340927348	8.243344e-05	0.001528231637	0.08262981	0.08271224	46450014	46450014	65779939	65780133	0.15461485	1	378621.7	19.626511	1.0027461	NA	NA	0.0	0.99912621	0.9991262	1	1	1:1	2	neutral	4178345
16	65780036	65790032	NA	9997	167	2.5449667	167	7	25.0	mappable	0.40231364	NA	NA	0.32017936288	0.14285714286	0.082928231637	0.1505199	0.29337704	65779939	65780133	65789998	65790032	NA	missing	366094.4	19.788886	1.085	NA	NA	NA	NA	NA	NA	NA	NA	NA	NA	4178345
16	65790033	90109969	NA	24319937	431783	1.9982524	430307	19433	57704.0	mappable	0.078725	2.0	edge	0.00252056103	4.782629e-05	0.001640080919	0.08151409	0.08156191	65790033	65790067	90109969	90109969	0.15859817	1	378621.7	19.626511	1.0027461	NA	NA	0.0	0.99912621	0.9991262	1	1	1:1	2	neutral	4178345
17	20080	18239982	NA	18219909	232612	1.9982524	231637	9990	32125.0	mappable	0.078725	2.0	edge	0.00098045514	9.119927e-05	0.000158548065	0.08292213	0.08301333	20080	20080	18239982	18239982	0.1551122	1	378621.7	19.626511	1.0027461	NA	NA	0.0	0.99912621	0.9991262	1	1	1:1	2	neutral	4178345
17	18750212	22239986	NA	3489775	25832	1.9982524	25224	677	3732.0	mappable	0.07039231	2.0	self	0.01025927348	0.00077821012	0.005371768363	0.09201874	0.09279695	18750212	18750212	22239986	22239986	0.16106815	1	378621.7	19.626511	1.0027461	NA	NA	0.0	0.99912621	0.9991262	1	1	1:1	2	neutral	4178345
17	25390040	44279982	NA	18889944	210854	1.9982524	210070	8704	29675.0	mappable	0.08215	2.0	self	0.00046799429	0.00010539629	0.006999027035	0.08274339	0.08284879	25390040	25390040	44279982	44279982	0.15243459	1	378621.7	19.626511	1.0027461	NA	NA	0.0	0.99912621	0.9991262	1	1	1:1	2	neutral	4178345
17	44790026	45829963	NA	1039938	9208	1.9982524	9181	408	1297.0	mappable	0.07390682	2.0	NA	0.00898868525	0.00229885057	0.023528231637	0.10005971	0.10235856	44790026	44790026	45829909	45830017	0.14946546	1	378621.7	19.626511	1.0027461	NA	NA	0.0	0.99912621	0.9991262	1	1	1:1	2	neutral	4178345
17	45829963	45850001	NA	20039	323	1.7114747	323	0	60.0	mappable	NA	NA	NA	NA	inf	0.042471768363	0.13995289	inf	45829909	45830017	45849976	45850026	NA	missing	405181.1	NA	0.9596	NA	NA	NA	NA	NA	NA	NA	NA	NA	NA	4178345
17	45850001	81129884	NA	35279886	466495	1.9982524	464560	20278	63358.0	mappable	0.08215	2.0	edge	0.00095531917	4.501868e-05	0.005980535734	0.07976917	0.07981419	45849976	45850026	81129884	81129884	0.16624275	1	378621.7	19.626511	1.0027461	NA	NA	0.0	0.99912621	0.9991262	1	1	1:1	2	neutral	4178345
18	130031	14119956	NA	13989931	212606	1.9982524	211912	11190	26677.0	mappable	0.08215	2.0	edge	0.00153638658	8.414675e-05	0.007926123838	0.0842535	0.08433765	130031	130031	14119956	14119956	0.1370854	1	378621.7	19.626511	1.0027461	NA	NA	0.0	0.99912621	0.9991262	1	1	1:1	2	neutral	4178345
18	14119957	14910026	NA	790070	0	0.0	0	0	NA	mappable	NA	NA	NA	NA	inf	1.002071768363	0.10208446	inf	14119957	14119957	14910026	14910026	NA	missing	NA	NA	0.0	NA	NA	0.0	0.0	0.0	0	0	NA	0	homozygousDel	4178345
18	14910027	14929888	NA	19862	364	1.9982524	364	2	39.0	mappable	0.09534535	2.0	NA	0.01321107186	0.5	0.004571768363	0.14007836	0.64007836	14910027	14910027	14929888	14929888	NA	missing	378621.7	19.626511	1.0027461	NA	NA	NA	NA	NA	NA	NA	NA	NA	NA	4178345
18	18540053	39370009	NA	20829960	285728	1.9982524	284968	10992	33978.0	mappable	0.08215	2.0	NA	2.208559e-05	8.509914e-05	0.008938704534	0.08226337	0.08234847	18540053	18540053	39369904	39370114	0.13780059	1	378621.7	19.626511	1.0027461	NA	NA	0.0	0.99912621	0.9991262	1	1	1:1	2	neutral	4178345
18	39370009	39390017	NA	20009	261	1.495458	261	0	33.0	mappable	NA	NA	NA	NA	inf	0.074971768363	0.13997406	inf	39369904	39370114	39389936	39390017	NA	missing	358931.5	NA	0.9271	NA	NA	NA	NA	NA	NA	NA	NA	NA	NA	4178345
18	39390018	78009968	NA	38619959	592652	1.9982524	590444	28769	72549.0	mappable	0.078725	2.0	edge	0.00205104938	3.228202e-05	0.002152559573	0.07935613	0.07938841	39390018	39390099	78009968	78009968	0.14301745	1	378621.7	19.626511	1.0027461	NA	NA	0.0	0.99912621	0.9991262	1	1	1:1	2	neutral	4178345
19	260137	24569972	NA	24309838	256757	1.9982524	255028	13113	37570.0	mappable	0.08215	2.0	edge	0.00091035458	6.737636e-05	0.006810108117	0.08151608	0.08158345	260137	260137	24569972	24569972	0.18403205	1	378621.7	19.626511	1.0027461	NA	NA	0.0	0.99912621	0.9991262	1	1	1:1	2	neutral	4178345
19	27750002	43209995	NA	15459994	197676	1.9982524	196807	8499	26809.0	mappable	0.08215	2.0	NA	1.572652e-05	0.00010674637	0.007871768363	0.08374495	0.0838517	27750002	27750002	43209995	43209995	0.16109629	1	378621.7	19.626511	1.0027461	NA	NA	0.0	0.99912621	0.9991262	1	1	1:1	2	neutral	4178345
19	43209996	43800005	NA	590010	0	0.0	0	0	NA	mappable	NA	NA	NA	NA	inf	1.002071768363	0.10432761	inf	43209996	43209996	43800005	43800005	NA	missing	NA	NA	0.0	NA	NA	0.0	0.0	0.0	0	0	NA	0	homozygousDel	4178345
19	43800006	59089999	NA	15289997	162706	1.9982524	161811	7972	23395.0	mappable	0.08215	2.0	edge	0.00178049155	0.00011277772	0.013751889564	0.08380093	0.0839137	43800006	43800006	59089999	59089999	0.18104547	1	378621.7	19.626511	1.0027461	NA	NA	0.0	0.99912621	0.9991262	1	1	1:1	2	neutral	4178345
20	60479	1150000	NA	1089522	17337	1.9982524	17254	959	2396.0	mappable	0.08175	2.0	edge	1.572652e-05	0.0009596929	0.014471768363	0.09972444	0.10068413	60479	60479	1149988	1150000	0.19347453	1	378621.7	19.626511	1.0027461	NA	NA	0.0	0.99912621	0.9991262	1	1	1:1	2	neutral	4178345
20	1150001	1160030	NA	10030	126	1.343914	126	0	18.0	mappable	NA	NA	NA	NA	inf	0.097771768363	0.15046606	inf	1150001	1150013	1159995	1160030	NA	missing	322251.1	NA	0.9043	NA	NA	NA	NA	NA	NA	NA	NA	NA	NA	4178345
20	1160031	25729738	NA	24569712	382682	1.9982524	381491	18413	47874.0	mappable	0.078725	2.0	NA	0.00278744997	5.10126e-05	0.002586859222	0.08146514	0.08151615	1160031	1160066	25729738	25729738	0.14302401	1	378621.7	19.626511	1.0027461	NA	NA	0.0	0.99912621	0.9991262	1	1	1:1	2	neutral	4178345
20	29810057	62909989	NA	33099937	497407	1.9982524	495596	20641	68444.0	mappable	0.08215	2.0	edge	0.00060474412	4.454145e-05	0.005274018487	0.08006301	0.08010755	29810057	29810057	62909989	62909989	0.14430015	1	378621.7	19.626511	1.0027461	NA	NA	0.0	0.99912621	0.9991262	1	1	1:1	2	neutral	4178345
21	10720001	10755032	NA	35032	1751	1.9706947	1685	0	83.0	mappable	NA	NA	edge	0.135679668	0.01515151515	0.003471768363	0.13248204	0.14763356	10720001	10720001	10739886	10770178	NA	missing	1043324.5	NA	0.9986	NA	NA	NA	NA	NA	NA	NA	NA	NA	NA	4178345
21	10755032	11014966	NA	259935	3091	1.8058573	2837	0	371.0	mappable	NA	NA	NA	0.09079796582	0.00393700787	0.028271768363	0.11118652	0.11512353	10739886	10770178	10859932	11170000	NA	missing	957787.7	NA	0.9738	NA	NA	NA	NA	NA	NA	NA	NA	NA	NA	4178345
21	11014966	11179964	NA	164999	291	2.1421787	270	0	63.0	mappable	NA	NA	NA	0.19647610573	0.04761904762	0.022328231637	0.11539284	0.16301189	10859932	11170000	11179964	11179964	NA	missing	1830348.0	NA	1.0244	NA	NA	NA	NA	NA	NA	NA	NA	NA	NA	4178345
21	15410077	48099931	NA	32689859	516111	1.9982524	513469	25891	64697.0	mappable	0.078725	2.0	edge	0.00168850479	3.504714e-05	0.007022953089	0.08012069	0.08015574	15410077	15410077	48099931	48099931	0.15276875	1	378621.7	19.626511	1.0027461	NA	NA	0.0	0.99912621	0.9991262	1	1	1:1	2	neutral	4178345
22	16850007	26179982	NA	9329976	93506	1.9982524	93045	4553	13161.0	mappable	0.081175	2.0	edge	1.572652e-05	0.00019944156	0.015928231637	0.08638025	0.08657969	16850007	16850007	26179932	26180032	0.14840191	1	378621.7	19.626511	1.0027461	NA	NA	0.0	0.99912621	0.9991262	1	1	1:1	2	neutral	4178345
22	26179982	26199949	NA	19968	399	2.4638773	399	0	63.0	mappable	NA	NA	NA	NA	inf	0.070728231637	0.14000306	inf	26179932	26180032	26199849	26199949	NA	missing	379674.9	NA	1.0728	NA	NA	NA	NA	NA	NA	NA	NA	NA	NA	4178345
22	26199950	51179984	NA	24980039	362199	1.9982524	360689	17141	50896.0	mappable	0.078725	2.0	edge	0.0017291196	5.361643e-05	0.00477763597	0.08138593	0.08143955	26199950	26200050	51179984	51179984	0.16229639	1	378621.7	19.626511	1.0027461	NA	NA	0.0	0.99912621	0.9991262	1	1	1:1	2	neutral	4178345
23	2700027	58499983	NA	55799957	489324	1.0215717	489324	501	31761.0	mappable	0.32875	NA	NA	NA	NA	NA	NA	NA	2700027	2700027	58499983	58499983	0.17792277	1	191378.3	8.201929	1.0095	NA	NA	NA	NA	NA	1	NA	1	1	neutral	4178345
23	61750000	88459980	NA	26709981	244989	0.9727187	244989	228	15099.0	mappable	0.21915	NA	NA	NA	NA	NA	NA	NA	61750000	61750000	88459980	88459980	0.06770656	1	188005.6	7.986702	0.9948	NA	NA	NA	NA	NA	1	NA	1	1	neutral	4178345
23	88990017	89349936	NA	359920	1083	0.9444703	1083	2	60.0	mappable	0.23486953	NA	NA	NA	NA	NA	NA	NA	88990017	88990017	89349936	89349936	NA	missing	179704.5	11.677154	0.9863	NA	NA	NA	NA	NA	1	NA	1	1	neutral	4178345
23	89349937	90140198	NA	790262	0	0.0	0	0	NA	mappable	NA	NA	NA	NA	NA	NA	NA	NA	89349937	89349937	90140198	90140198	NA	missing	NA	NA	0.0	NA	NA	0.0	0.0	0.0	0	0	-2	0	homozygousDel	4178345
23	90140199	91529952	NA	1389754	5090	0.9567667	5090	6	277.0	mappable	0.83859444	NA	NA	NA	NA	NA	NA	NA	90140199	90140199	91529952	91529952	NA	missing	183091.4	6.285553	0.99	NA	NA	NA	NA	NA	1	NA	1	1	neutral	4178345
23	91529953	92379999	NA	850047	0	0.0	0	0	NA	mappable	NA	NA	NA	NA	NA	NA	NA	NA	91529953	91529953	92379999	92379999	NA	missing	NA	NA	0.0	NA	NA	0.0	0.0	0.0	0	0	-2	0	homozygousDel	4178345
23	92380000	123649993	NA	31269994	283364	0.9843503	283364	294	17971.0	mappable	0.318475	NA	NA	NA	NA	NA	NA	NA	92380000	92380000	123649965	123649993	0.21578137	1	188961.6	8.332679	0.9983	NA	NA	NA	NA	NA	1	NA	1	1	neutral	4178345
23	123649994	123660109	NA	10116	125	0.5270597	125	1	8.0	mappable	0.875	NA	NA	NA	NA	NA	NA	NA	123649994	123650022	123659985	123660109	NA	missing	180930.0	1.130812	0.8607	NA	NA	NA	NA	NA	1	NA	1	1	neutral	4178345
23	123660110	148410104	NA	24749995	229161	1.000967	229161	257	14101.0	mappable	0.339025	NA	NA	NA	NA	NA	NA	NA	123660110	123660234	148409883	148410104	0.24989694	1	187999.9	8.173909	1.0033	NA	NA	NA	NA	NA	1	NA	1	1	neutral	4178345
23	148410105	148429952	NA	19848	216	0.6197807	216	0	16.0	mappable	NA	NA	NA	NA	NA	NA	NA	NA	148410105	148410326	148429898	148429952	NA	missing	182513.1	NA	0.8886	NA	NA	NA	NA	NA	1	NA	1	1	neutral	4178345
23	148429953	154915317	NA	6485365	52005	0.96009	52005	76	3511.0	mappable	0.126675	NA	NA	NA	NA	NA	NA	NA	148429953	148430007	154915317	154915317	NA	missing	186171.4	8.106213	0.991	NA	NA	NA	NA	NA	1	NA	1	1	neutral	4178345
24	2653090	2919837	NA	266748	293	0.9188807	293	0	19.0	mappable	NA	NA	NA	NA	NA	NA	NA	NA	2653090	2653090	2919837	2919837	NA	missing	201028.1	NA	0.9786	NA	NA	NA	NA	NA	1	NA	1	1	neutral	4178345
24	3712028	3719919	NA	7892	141	1.0325387	141	0	24.0	mappable	NA	NA	NA	NA	NA	NA	NA	NA	3712028	3712028	3719919	3719919	NA	missing	196268.6	NA	1.0128	NA	NA	NA	NA	NA	1	NA	1	1	neutral	4178345
24	6420014	10069977	NA	3649964	6061	0.9069167	6061	25	501.0	mappable	0.09585	NA	NA	NA	NA	NA	NA	NA	6420014	6420014	10069977	10069977	NA	missing	178774.1	8.491771	0.975	NA	NA	NA	NA	NA	1	NA	1	1	neutral	4178345
24	13130467	19558992	NA	6428526	11902	0.9594253	11904	150	1138.0	mappable	0.31513448	NA	NA	NA	NA	NA	NA	NA	13130467	13130467	19558992	19558992	0.45776358	2	210878.1	8.086842	0.9908	NA	NA	NA	NA	NA	1	NA	1	1	neutral	4178345
24	20802956	23808171	NA	3005216	2837	0.8806623	2837	10	201.0	mappable	0.40812794	NA	NA	NA	NA	NA	NA	NA	20802956	20802956	23808171	23808171	NA	missing	187927.4	5.951033	0.9671	NA	NA	NA	NA	NA	1	NA	1	1	neutral	4178345
24	24381338	24508205	NA	126868	225	1.2176483	225	0	10.0	mappable	NA	NA	NA	NA	NA	NA	NA	NA	24381338	24381338	24508205	24508205	NA	missing	174232.6	NA	1.0685	NA	NA	NA	NA	NA	1	NA	1	1	neutral	4178345
24	28780461	28789809	NA	9349	78	1.0445027	78	12	13.0	mappable	0.42038919	NA	NA	NA	NA	NA	NA	NA	28780461	28780461	28789809	28789809	NA	missing	313150.0	12.463509	1.0164	NA	NA	NA	NA	NA	1	NA	1	1	neutral	4178345
