#chromosome	start	end	crest	length	tcnNbrOfLoci	tcnMean	tcnNbrOfSNPs	tcnNbrOfHets	dhNbrOfLoci	map	dhMax	cluster	neighbour	distDH	errorSNP	distTcn	errorLength	totalError	minStart	maxStart	minStop	maxStop	area	peaks	meanCovT	meanCovB	tcnMeanRaw	AF	BAF	dhMean	c1Mean	c2Mean	A	B	genotype	TCN	GNL	PID
1	840009	12839977	NA	11999969	171641	2.0018418	170619	7852	19807.0	mappable	0.085575	9.0	edge	3.7179464e-05	0.00011270145	0.0332685676	0.08504657	0.08515927	840009	840009	12839977	12839977	0.33271727	2	320926.7	16.709289	0.9715819	16.04087	0.5557986	0.1115971	0.889221002	1.1126208	1	1	1:1	2	mixDH	4121361
1	13781517	13820056	NA	38540	792	1.58208	788	52	77.0	mappable	0.089025	12.0	NA	0.003412820536	0.01785714286	0.0981685676	0.13128469	0.14914183	13781517	13781517	13819969	13820143	0.22306416	1	279287.1	14.911126	0.8961585	NA	NA	0.0	0.791039977	0.79104	1	1	1:1	2	neutral	4121361
1	13820056	96100019	NA	82279975	1061763	2.0018418	1057829	45676	97481.0	mappable	0.08215	9.0	NA	0.002017089178	2.016007e-05	0.0076671881	0.07606287	0.07608303	13819969	13820143	96099977	96100061	0.15854814	1	320926.7	16.709289	0.9715819	NA	NA	0.0	1.000920876	1.0009209	1	1	1:1	2	neutral	4121361
1	96100019	96120002	NA	19984	273	1.4309319	273	0	23.0	mappable	NA	NA	NA	NA	inf	0.1047685676	0.13999173	inf	96099977	96100061	96119960	96120044	NA	missing	292524.8	NA	0.869	NA	NA	NA	NA	NA	NA	NA	NA	NA	NA	4121361
1	96120002	103609988	NA	7489990	106039	2.0018418	105759	2670	8064.0	mappable	0.08785	9.0	NA	0.003925144405	0.00033898305	0.0016877804	0.08757897	0.08791795	96119960	96120044	103609939	103609988	0.16510955	1	320926.7	16.709289	0.9715819	NA	NA	0.0	1.000920876	1.0009209	1	1	1:1	2	neutral	4121361
1	103609989	103630001	NA	20013	399	2.4396421	398	0	26.0	mappable	NA	4.0	NA	0.164387820536	1.0	0.0668314324	0.13997124	1.13997124	103609989	103610038	103629999	103630001	NA	missing	342352.6	NA	1.0502465	NA	NA	NA	NA	NA	NA	NA	NA	NA	NA	4121361
1	103630002	103649989	NA	19988	392	1.4120095	389	0	36.0	mappable	NA	NA	NA	0.313713635753	0.33333333333	0.1081685676	0.13998891	0.47332224	103630002	103630004	103649972	103649989	NA	missing	281465.4	NA	0.8656	NA	NA	NA	NA	NA	NA	NA	NA	NA	NA	4121361
1	103649990	120529963	NA	16879975	222968	2.0018418	222231	10646	18478.0	mappable	0.085575	9.0	self	0.00084727858	8.785802e-05	0.0003360294	0.08330276	0.08339061	103649990	103650007	120529963	120529963	0.1524022	1	320926.7	16.709289	0.9715819	NA	NA	0.0	1.000920876	1.0009209	1	1	1:1	2	neutral	4121361
1	121220004	121229986	NA	9983	177	1.2884575	176	12	15.0	mappable	0.11677065	NA	NA	0.019417614247	0.07692307692	0.1303685676	0.15054281	0.22746588	121220004	121220004	121229986	121229986	NA	missing	333166.0	18.222237	0.8434	NA	NA	NA	NA	NA	NA	NA	NA	NA	NA	4121361
1	144010127	144019970	NA	9844	155	2.0965544	100	0	19.0	mappable	NA	NA	NA	0.236517905872	0.01818181818	0.0148314324	0.15077238	0.1689542	144010127	144010127	144019970	144019970	NA	missing	1016744.0	NA	0.9886	NA	NA	NA	NA	NA	NA	NA	NA	NA	NA	4121361
1	144920087	145739956	NA	819870	6366	2.0018418	5801	187	606.0	mappable	0.06910625	9.0	self	0.017087820536	0.00132978723	0.0019685676	0.10180689	0.10313668	144920087	144920087	145739956	145739956	0.0992185	1	320926.7	16.709289	0.9715819	NA	NA	0.0	1.000920876	1.0009209	1	1	1:1	2	neutral	4121361
1	146540101	147829895	NA	1289795	11639	2.0018418	11603	562	988.0	mappable	0.08775625	9.0	self	0.003169963393	0.0016722408	0.0108685676	0.09852843	0.10020067	146540101	146540101	147829895	147829895	0.1936425	1	320926.7	16.709289	0.9715819	NA	NA	0.0	1.000920876	1.0009209	1	1	1:1	2	neutral	4121361
1	149815060	215859982	NA	66044930	878022	2.0018418	875024	40069	75161.0	mappable	0.08215	9.0	NA	0.001100325657	2.322017e-05	0.0005505645	0.07699135	0.07701457	149815060	149815060	215859933	215860031	0.14712263	1	320926.7	16.709289	0.9715819	NA	NA	0.0	1.000920876	1.0009209	1	1	1:1	2	neutral	4121361
1	215859982	215874988	NA	15007	204	2.4755585	204	0	17.0	mappable	NA	NA	NA	NA	inf	0.0829314324	0.14416131	inf	215859933	215860031	215869954	215880022	NA	missing	341480.0	NA	1.0567	NA	NA	NA	NA	NA	NA	NA	NA	NA	NA	4121361
1	215874988	228419976	NA	12544990	167015	2.0018418	166480	6093	14365.0	mappable	0.08215	9.0	NA	0.003471928618	0.00015087508	0.0005740896	0.08481546	0.08496633	215869954	215880022	228419722	228419976	0.1525734	1	320926.7	16.709289	0.9715819	NA	NA	0.0	1.000920876	1.0009209	1	1	1:1	2	neutral	4121361
1	228419977	228439941	NA	19965	282	1.7080891	282	0	25.0	mappable	NA	NA	NA	NA	inf	0.0549685676	0.14000518	inf	228419977	228420231	228439879	228440003	NA	missing	367354.1	NA	0.9188	NA	NA	NA	NA	NA	NA	NA	NA	NA	NA	4121361
1	228439941	245409957	NA	16970018	245071	2.0018418	244124	12217	21888.0	mappable	0.085575	9.0	NA	4.8399212e-05	7.59763e-05	0.0032858218	0.08327613	0.08335211	228439879	228440003	245409914	245410000	0.15160281	1	320926.7	16.709289	0.9715819	NA	NA	0.0	1.000920876	1.0009209	1	1	1:1	2	neutral	4121361
1	245409957	245420020	NA	10064	194	1.4309319	194	0	21.0	mappable	NA	NA	NA	NA	inf	0.1047685676	0.15041081	inf	245409914	245410000	245419992	245420020	NA	missing	286750.0	NA	0.869	NA	NA	NA	NA	NA	NA	NA	NA	NA	NA	4121361
1	245420021	249209945	NA	3789925	52979	2.0018418	52677	2940	5053.0	mappable	0.08215	9.0	edge	0.002479392403	0.00030845157	0.0008590641	0.09151752	0.09182598	245420021	245420049	249209945	249209945	0.18158382	1	320926.7	16.709289	0.9715819	NA	NA	0.0	1.000920876	1.0009209	1	1	1:1	2	neutral	4121361
2	20016	14130089	NA	14110075	223708	3.9966606	222672	12134	21351.0	mappable	0.0753	11.0	edge	0.009300802259	7.593014e-05	0.3562916148	0.08420974	0.08428567	20016	20016	14129940	14130238	0.14597249	1	439565.3	22.71853	1.3300138	NA	NA	0.0	1.998330293	1.9983303	2	2	2:2	4	gain	4121361
2	14130089	14150038	NA	19950	353	4.3238296	353	0	26.0	mappable	NA	NA	NA	NA	inf	0.4150314324	0.14001581	inf	14129940	14130238	14149990	14150038	NA	missing	447778.6	NA	1.3888	NA	NA	NA	NA	NA	NA	NA	NA	NA	NA	4121361
2	14150039	52639976	NA	38489945	597606	3.9966606	595730	29174	50811.0	mappable	0.0753	11.0	NA	0.009221360299	3.220819e-05	0.355883582	0.07937145	0.07940366	14150039	14150087	52639880	52640072	0.14138527	1	439565.3	22.71853	1.3300138	NA	NA	0.0	1.998330293	1.9983303	2	2	2:2	4	gain	4121361
2	52639976	52649972	NA	9997	232	3.3348571	232	0	15.0	mappable	NA	NA	NA	NA	inf	0.2373314324	0.1505199	inf	52639880	52640072	52649910	52650034	NA	missing	404265.7	NA	1.2111	NA	NA	NA	NA	NA	NA	NA	NA	NA	NA	4121361
2	52649972	87059860	NA	34409892	489504	3.9966606	488075	20835	40244.0	mappable	0.0753	11.0	NA	0.009928224347	4.492363e-05	0.3567197775	0.07988394	0.07992887	52649910	52650034	87059860	87059860	0.13212262	1	439565.3	22.71853	1.3300138	NA	NA	0.0	1.998330293	1.9983303	2	2	2:2	4	gain	4121361
2	88330099	89094923	NA	764825	9469	3.9966606	9434	253	903.0	mappable	0.07435	11.0	NA	0.011262179464	0.00347222222	0.3495314324	0.10232916	0.10580139	88330099	88330099	89059837	89130009	0.12878618	1	439565.3	22.71853	1.3300138	NA	NA	0.0	1.998330293	1.9983303	2	2	2:2	4	gain	4121361
2	89094923	89132281	NA	37359	34	2.118816	34	1	5.0	mappable	0.0	NA	NA	0.085612179464	1.0	0.0188314324	0.13167278	1.13167278	89059837	89130009	89132262	89132281	NA	missing	303736.7	15.186835	0.9926	NA	NA	NA	NA	NA	NA	NA	NA	NA	NA	4121361
2	89132282	89229990	INV	97709	2370	0.293363	2366	42	162.0	mappable	0.28083478	NA	NA	0.195222603145	0.02173913043	0.3091685676	0.12065489	0.14239402	89132282	89132354	89229990	89229990	0.74454172	2	211622.4	13.574064	0.6646	15.46332	2.2831543	1.0	0.0	0.293363	0	0	0:0	0	LOH	4121361
2	89229991	89246817	NA	16827	0	0.0	0	0	NA	mappable	NA	NA	NA	NA	inf	0.9737685676	0.14246546	inf	89229991	89229991	89246817	89246817	NA	missing	NA	NA	0.0	NA	NA	0.0	0.0	0.0	0	0	NA	0	homozygousDel	4121361
2	89840102	89987080	NA	146979	444	3.9966606	434	0	27.0	mappable	NA	11.0	NA	0.029355964916	0.1	0.3345314324	0.11651447	0.21651447	89840102	89840102	89889991	89987080	NA	missing	439565.3	NA	1.3300138	NA	NA	NA	NA	NA	NA	NA	NA	NA	NA	4121361
2	90008167	90239998	INV	231832	470	4.2269916	470	0	33.0	mappable	NA	NA	NA	NA	inf	0.3976314324	0.11221632	inf	90008167	90100200	90239998	90239998	NA	missing	462890.7	NA	1.3714	NA	NA	NA	NA	NA	NA	NA	NA	NA	NA	4121361
2	95580145	96239991	NA	659847	4445	3.9966606	4432	41	484.0	mappable	0.10185263	11.0	NA	0.025170473597	0.01851851852	0.3667314324	0.10345663	0.12197515	95580145	95580145	96239991	96239991	0.23997447	1	439565.3	22.71853	1.3300138	NA	NA	0.0	1.998330293	1.9983303	2	2	2:2	4	gain	4121361
2	96239992	96740020	NA	500029	0	0.0	0	0	NA	mappable	NA	NA	NA	NA	inf	0.9737685676	0.10564318	inf	96239992	96239992	96740020	96740020	NA	missing	NA	NA	0.0	NA	NA	0.0	0.0	0.0	0	0	NA	0	homozygousDel	4121361
2	96740021	120979925	NA	24239905	294969	2.0147468	294209	12141	25733.0	mappable	0.373275	1.0	NA	0.287662820536	7.753741e-05	0.0024685676	0.08152989	0.08160743	96740021	96740021	120979819	120980031	0.91738012	2	318411.2	21.814315	0.9739007	15.87724	0.9979605	0.9959211	0.004109023	2.0106378	2	0	2:0	2	cnLOH	4121361
2	120979925	121020061	NA	40137	598	2.3597981	590	60	53.0	mappable	0.47315463	NA	NA	0.39574920265	0.01470588235	0.0621314324	0.13078182	0.1454877	120979819	120980031	121019954	121020061	0.85408295	2	357746.7	23.964441	1.0359	16.77101	0.9150124	0.8300248	0.200553568	2.1592445	2	0	2:0	2	cnLOH	4121361
2	121020062	127405131	NA	6385071	97176	2.0147468	96911	3869	8299.0	mappable	0.3904	1.0	NA	0.307392610086	0.00024189647	0.0065690986	0.08847103	0.08871292	121020062	121020169	127399999	127410263	0.91605571	2	318411.2	21.814315	0.9739007	15.87724	0.9979605	0.9959211	0.004109023	2.0106378	2	0	2:0	2	cnLOH	4121361
2	127405131	127439997	NA	34867	490	2.6586603	490	16	31.0	mappable	0.45744656	NA	NA	0.371834381705	0.0625	0.1158314324	0.13254184	0.19504184	127399999	127410263	127439981	127439997	NA	missing	377388.4	26.487076	1.0896	NA	NA	NA	NA	NA	NA	NA	NA	NA	NA	4121361
2	127439998	132189994	NA	4749997	55330	2.0147468	55194	2537	5561.0	mappable	0.380125	1.0	NA	0.297937820536	0.00037411149	0.0009314324	0.09017338	0.09054749	127439998	127440014	132189994	132189994	0.91015622	2	318411.2	21.814315	0.9739007	15.87724	0.9979605	0.9959211	0.004109023	2.0106378	2	0	2:0	2	cnLOH	4121361
2	132189995	133009999	NA	820005	0	0.0	0	0	NA	mappable	NA	NA	NA	NA	inf	0.9737685676	0.10180566	inf	132189995	132189995	133009999	133009999	NA	missing	NA	NA	0.0	NA	NA	0.0	0.0	0.0	0	0	NA	0	homozygousDel	4121361
2	133010000	133700047	NA	690048	11237	2.0147468	11194	391	1159.0	mappable	0.36453409	1.0	NA	0.270010547809	0.00230414747	0.0162685676	0.10311225	0.1054164	133010000	133010000	133699985	133700047	0.79229897	2	318411.2	21.814315	0.9739007	15.87724	0.9979605	0.9959211	0.004109023	2.0106378	2	0	2:0	2	cnLOH	4121361
2	133700048	133739915	NA	39868	567	1.58208	550	0	51.0	mappable	NA	12.0	NA	0.027487820536	0.05882352941	0.0900685676	0.13086484	0.18968837	133700048	133700110	133739783	133740047	NA	missing	279287.1	NA	0.8961585	NA	NA	NA	NA	NA	NA	NA	NA	NA	NA	4121361
2	133739915	140699992	NA	6960079	97213	2.0147468	96975	3532	7909.0	mappable	0.3904	1.0	NA	0.297650098329	0.00026532237	0.0006675616	0.08798684	0.08825216	133739783	133740047	140699959	140700025	0.91580095	2	318411.2	21.814315	0.9739007	15.87724	0.9979605	0.9959211	0.004109023	2.0106378	2	0	2:0	2	cnLOH	4121361
2	140699992	140719987	NA	19996	372	2.4594188	372	19	27.0	mappable	0.32631731	NA	NA	0.240705128228	0.05263157895	0.0800314324	0.13998325	0.19261483	140699959	140700025	140719973	140720001	NA	missing	325297.0	22.147877	1.0538	NA	NA	NA	NA	NA	NA	NA	NA	NA	NA	4121361
2	140719987	157530100	NA	16810117	225932	2.0147468	225194	10442	16761.0	mappable	0.38355	1.0	NA	0.292754022666	8.947745e-05	0.0010366632	0.08332352	0.083413	140719973	140720001	157529960	157530100	0.91567326	2	318411.2	21.814315	0.9739007	15.87724	0.9979605	0.9959211	0.004109023	2.0106378	2	0	2:0	2	cnLOH	4121361
2	157530101	157549996	NA	19896	243	2.3781639	243	0	18.0	mappable	NA	NA	NA	NA	inf	0.0654314324	0.14005415	inf	157530101	157530241	157549862	157549996	NA	missing	313198.7	NA	1.0392	NA	NA	NA	NA	NA	NA	NA	NA	NA	NA	4121361
2	157549997	157629915	NA	79919	933	1.9028783	933	38	72.0	mappable	0.2776149	NA	NA	0.192002722014	0.02631578947	0.0199685676	0.12280297	0.14911876	157549997	157550131	157629775	157630055	0.88575104	2	300086.1	19.849446	0.9538	15.27883	0.9504054	0.9008108	0.0943725	1.8085058	2	0	2:0	2	cnLOH	4121361
2	157629915	157649984	NA	20070	264	2.4396421	264	15	19.0	mappable	0.242625	4.0	NA	0.157012820536	0.06666666667	0.0798314324	0.13993105	0.20659772	157629775	157630055	157649957	157650011	NA	missing	342352.6	22.148775	1.0502465	NA	NA	NA	NA	NA	NA	NA	NA	NA	NA	4121361
2	157649984	168840015	NA	11190034	147094	2.0147468	146647	4735	11037.0	mappable	0.3767	1.0	NA	0.286424820922	0.00019308747	0.0049467811	0.08541274	0.08560583	157649957	157650011	168839942	168840015	0.91225652	2	318411.2	21.814315	0.9739007	15.87724	0.9979605	0.9959211	0.004109023	2.0106378	2	0	2:0	2	cnLOH	4121361
2	168840016	168850007	NA	9992	184	1.5505881	184	0	22.0	mappable	NA	NA	NA	NA	inf	0.0832685676	0.15052808	inf	168840016	168840089	168849932	168850007	NA	missing	308340.0	NA	0.8905	NA	NA	NA	NA	NA	NA	NA	NA	NA	NA	4121361
2	168850008	221245008	NA	52395001	691660	2.0147468	689330	28201	55663.0	mappable	0.380125	1.0	NA	0.294512820536	3.27654e-05	0.0030314324	0.07799422	0.07802699	168850008	168850083	221239980	221245008	0.90577739	2	318411.2	21.814315	0.9739007	15.87724	0.9979605	0.9959211	0.004109023	2.0106378	2	0	2:0	2	cnLOH	4121361
2	221245009	221290062	NA	45054	653	1.7169937	653	43	46.0	mappable	0.31207052	NA	NA	0.226458335486	0.02325581395	0.0533685676	0.1293714	0.15262721	221245009	221250037	221289974	221290150	0.91223039	2	311837.6	20.55293	0.9204	16.45331	0.9746244	0.9492488	0.04356973	1.673424	sub	0	sub:0	sub	sub	4121361
2	221290062	229019994	NA	7729933	111611	2.0147468	111164	5887	9220.0	mappable	0.386975	1.0	NA	0.301362820536	0.00015787812	0.0005314324	0.08740485	0.08756273	221289974	221290150	229019874	229020114	0.90514869	2	318411.2	21.814315	0.9739007	15.87724	0.9979605	0.9959211	0.004109023	2.0106378	2	0	2:0	2	cnLOH	4121361
2	229019994	229030045	NA	10052	183	2.4900285	182	31	16.0	mappable	0.33376329	NA	NA	0.248151107249	0.03125	0.0855314324	0.15043029	0.18168029	229019874	229020114	229029982	229030108	NA	missing	335910.0	22.673925	1.0593	NA	NA	NA	NA	NA	NA	NA	NA	NA	NA	4121361
2	229030045	239124942	NA	10094899	151995	2.0147468	151436	6493	14419.0	mappable	0.3767	1.0	NA	0.289230597817	0.00014180374	0.0053773923	0.0859582	0.0861	229029982	229030108	239119842	239124942	0.88340158	2	318411.2	21.814315	0.9739007	15.87724	0.9979605	0.9959211	0.004109023	2.0106378	2	0	2:0	2	cnLOH	4121361
2	239124943	239170020	NA	45078	666	2.3264056	665	92	56.0	mappable	0.3226	NA	NA	0.236987820536	0.01075268817	0.0561314324	0.12936497	0.14011766	239124943	239130043	239169951	239170089	0.97985701	2	348498.0	24.126783	1.0299	16.43261	0.9738088	0.9476175	0.060931459	2.2654742	2	0	2:0	2	cnLOH	4121361
2	239170020	242979992	NA	3809973	62686	2.0147468	62286	3259	7440.0	mappable	0.36985	1.0	NA	0.277387820536	0.00027329872	0.0076685676	0.09148566	0.09175896	239169951	239170089	242979970	242980014	0.89881011	2	318411.2	21.814315	0.9739007	15.87724	0.9979605	0.9959211	0.004109023	2.0106378	2	0	2:0	2	cnLOH	4121361
2	242979992	242999969	NA	19978	368	2.2061929	364	0	56.0	mappable	NA	NA	edge	0.357950783499	0.25	0.0345314324	0.13999598	0.38999598	242979970	242980014	242999969	242999969	NA	missing	352958.5	NA	1.0083	NA	NA	NA	NA	NA	NA	NA	NA	NA	NA	4121361
3	100074	90499969	NA	90399909	1303140	2.0018418	1299037	59147	107796.0	mappable	0.08215	9.0	edge	0.001491173702	1.581178e-05	0.0023593146	0.07567211	0.07568792	100074	100074	90499969	90499969	0.14117551	1	320926.7	16.709289	0.9715819	NA	NA	0.0	1.000920876	1.0009209	1	1	1:1	2	neutral	4121361
3	93570175	197779892	NA	104209728	1418228	2.0018418	1413828	61549	115944.0	mappable	0.08215	9.0	edge	0.002115153805	1.516507e-05	0.001490555	0.07508941	0.07510457	93570175	93570175	197779892	197779892	0.1472969	1	320926.7	16.709289	0.9715819	NA	NA	0.0	1.000920876	1.0009209	1	1	1:1	2	neutral	4121361
4	50084	8939952	NA	8889871	145412	2.0018418	144472	6617	16757.0	mappable	0.078725	9.0	edge	0.006054016081	0.00013236267	0.0050113605	0.08664111	0.08677347	50084	50084	8939952	8939952	0.14580979	1	320926.7	16.709289	0.9715819	NA	NA	0.0	1.000920876	1.0009209	1	1	1:1	2	neutral	4121361
4	9800043	49089961	NA	39289928	598579	2.0018418	596608	29062	46984.0	mappable	0.085575	9.0	self	0.000548871855	3.224142e-05	0.001492158	0.07927807	0.07931032	9800043	9800043	49089961	49089961	0.14471965	1	320926.7	16.709289	0.9715819	NA	NA	0.0	1.000920876	1.0009209	1	1	1:1	2	neutral	4121361
4	52680564	116650008	NA	63969459	870056	2.0018418	866978	46625	65265.0	mappable	0.08215	9.0	NA	0.00255777294	2.012558e-05	0.0023180842	0.07712812	0.07714824	52680564	52680564	116649979	116650037	0.15111532	1	320926.7	16.709289	0.9715819	NA	NA	0.0	1.000920876	1.0009209	1	1	1:1	2	neutral	4121361
4	116650008	116670033	NA	20026	289	1.6986279	289	0	18.0	mappable	NA	NA	NA	NA	inf	0.0566685676	0.13996206	inf	116649979	116650037	116669986	116670033	NA	missing	281125.7	NA	0.9171	NA	NA	NA	NA	NA	NA	NA	NA	NA	NA	4121361
4	116670034	143000013	NA	26329982	356367	2.0018418	355301	17637	26273.0	mappable	0.085575	9.0	NA	0.00093589108	5.346736e-05	0.0002883801	0.08113523	0.0811887	116670034	116670081	142999991	143000013	0.14761537	1	320926.7	16.709289	0.9715819	NA	NA	0.0	1.000920876	1.0009209	1	1	1:1	2	neutral	4121361
4	143000014	143019989	NA	19976	338	2.3397626	338	0	24.0	mappable	NA	NA	NA	NA	inf	0.0585314324	0.1399974	inf	143000014	143000036	143019953	143019989	NA	missing	320322.8	NA	1.0323	NA	NA	NA	NA	NA	NA	NA	NA	NA	NA	4121361
4	143019990	176840008	NA	33820019	462970	2.0018418	461476	19307	35666.0	mappable	0.085575	9.0	NA	0.000257639002	4.808848e-05	0.0009638924	0.07996362	0.08001171	143019990	143020026	176839992	176840008	0.16671312	1	320926.7	16.709289	0.9715819	NA	NA	0.0	1.000920876	1.0009209	1	1	1:1	2	neutral	4121361
4	176840009	176860079	NA	20071	305	1.58208	305	2	31.0	mappable	0.05819102	12.0	NA	0.027421161121	0.5	0.0573685676	0.13993035	0.63993035	176840009	176840025	176859992	176860166	NA	missing	279287.1	14.911126	0.8961585	NA	NA	NA	NA	NA	NA	NA	NA	NA	NA	4121361
4	176860079	176900046	NA	39968	616	2.3258697	613	4	45.0	mappable	0.05716964	8.0	NA	0.005236537615	0.14285714286	0.0766314324	0.1308339	0.27369104	176859992	176860166	176899937	176900155	NA	missing	341005.6	18.166085	1.0298037	NA	NA	NA	NA	NA	NA	NA	NA	NA	NA	4121361
4	176900046	190799944	NA	13899900	230380	2.0018418	228838	12167	19928.0	mappable	0.08215	9.0	edge	1.787089e-06	7.294478e-05	0.0021494358	0.08428658	0.08435952	176899937	176900155	190799944	190799944	0.16521483	1	320926.7	16.709289	0.9715819	NA	NA	0.0	1.000920876	1.0009209	1	1	1:1	2	neutral	4121361
5	50017	8980020	NA	8930004	149889	2.7317653	149203	8527	14572.0	mappable	0.092425	6.0	edge	0.010237820536	0.00010854228	0.1209314324	0.08661672	0.08672527	50017	50017	8979996	8980020	0.38196237	2	359606.7	19.721559	1.1027356	15.83645	0.6087808	0.2175616	1.068719067	1.6630462	sub	1	sub:1	sub	sub	4121361
5	8980021	9019937	NA	39917	496	3.2107485	496	14	37.0	mappable	0.14516786	NA	NA	0.059555677679	0.07142857143	0.2150314324	0.13084967	0.20227824	8980021	8980045	9019864	9019937	NA	missing	366319.9	20.802528	1.1888	NA	NA	NA	NA	NA	NA	NA	NA	NA	NA	4121361
5	9019938	9040001	NA	20064	380	2.2334634	380	6	36.0	mappable	0.17482143	NA	NA	0.089209249107	0.16666666667	0.0394314324	0.13993528	0.30660194	9019938	9020011	9039954	9040001	NA	missing	339348.3	19.97206	1.0132	NA	NA	NA	NA	NA	NA	NA	NA	NA	NA	4121361
5	9040002	16750003	NA	7710004	117444	2.7317653	117103	4420	9774.0	mappable	0.094775	6.0	NA	0.008764901242	0.00021017234	0.1282453386	0.08741908	0.08762925	9040002	9040049	16749984	16750003	0.39380362	2	359606.7	19.721559	1.1027356	15.83645	0.6087808	0.2175616	1.068719067	1.6630462	sub	1	sub:1	sub	sub	4121361
5	16750004	16789977	NA	39974	654	2.3258697	652	28	67.0	mappable	0.0922	8.0	NA	0.006587820536	0.03333333333	0.0485314324	0.13083205	0.16416538	16750004	16750023	16789951	16790003	NA	missing	341005.6	18.166085	1.0298037	NA	NA	NA	NA	NA	NA	NA	NA	NA	NA	4121361
5	16789977	18530000	NA	1740024	23261	2.7317653	23179	837	2063.0	mappable	0.10181364	6.0	NA	0.017087820536	0.00108813928	0.1231314324	0.09647539	0.09756353	16789951	16790003	18529992	18530000	0.41732668	2	359606.7	19.721559	1.1027356	15.83645	0.6087808	0.2175616	1.068719067	1.6630462	sub	1	sub:1	sub	sub	4121361
5	18530001	18549988	NA	19988	452	2.1922794	440	30	39.0	mappable	0.30372318	NA	NA	0.039949247753	0.02380952381	0.0320314324	0.13998891	0.16379843	18530001	18530009	18549974	18550002	NA	missing	333582.9	21.584775	1.0058	NA	NA	NA	NA	NA	NA	NA	NA	NA	NA	4121361
5	18549988	28269208	NA	9719221	139611	2.7317653	139134	6653	10059.0	mappable	0.08841667	6.0	NA	0.003387820536	0.00014025245	0.1226314324	0.08616081	0.08630106	18549974	18550002	28269143	28269208	0.36577858	2	359606.7	19.721559	1.1027356	15.83645	0.6087808	0.2175616	1.068719067	1.6630462	sub	1	sub:1	sub	sub	4121361
5	28269209	28271542	DEL	2334	39	2.4950374	39	0	0.0	mappable	NA	NA	NA	NA	inf	0.0864314324	0.17875355	inf	28269209	28269228	28271527	28271542	NA	missing	321304.9	NA	1.0602	NA	NA	NA	NA	NA	NA	NA	NA	NA	NA	4121361
5	28271543	31659985	DEL	3388445	52720	2.7317653	52529	3092	3815.0	mappable	0.089	6.0	NA	0.003389274998	0.00030459945	0.126454509	0.09219907	0.09250367	28271543	28271670	31659965	31659985	0.35084641	2	359606.7	19.721559	1.1027356	15.83645	0.6087808	0.2175616	1.068719067	1.6630462	sub	1	sub:1	sub	sub	4121361
5	31659986	31670008	NA	10023	159	2.0018418	159	16	15.0	mappable	0.10725338	9.0	self	0.021641198914	0.0625	0.0347314324	0.15047746	0.21297746	31659986	31660006	31669943	31670008	NA	missing	320926.7	16.709289	0.9715819	NA	NA	NA	NA	NA	NA	NA	NA	NA	NA	4121361
5	31670009	46399990	NA	14729982	203931	2.7317653	203258	9229	16267.0	mappable	0.085575	6.0	NA	3.7179464e-05	0.0001009999	0.1310314324	0.08399037	0.08409137	31670009	31670074	46399990	46399990	0.3875351	2	359606.7	19.721559	1.1027356	15.83645	0.6087808	0.2175616	1.068719067	1.6630462	sub	1	sub:1	sub	sub	4121361
5	49470005	63540021	NA	14070017	188967	2.7317653	188299	9060	14574.0	mappable	0.089	6.0	NA	0.003387820536	0.00010282776	0.1332314324	0.08422428	0.08432711	49470005	49470005	63539894	63540021	0.38116209	2	359606.7	19.721559	1.1027356	15.83645	0.6087808	0.2175616	1.068719067	1.6630462	sub	1	sub:1	sub	sub	4121361
5	63540022	63570113	NA	30092	487	2.255725	487	22	29.0	mappable	0.14966667	NA	NA	0.064054487203	0.04545454545	0.0434314324	0.13443487	0.17988942	63540022	63540149	63569990	63570113	NA	missing	332690.3	18.252807	1.0172	NA	NA	NA	NA	NA	NA	NA	NA	NA	NA	4121361
5	63570114	68829703	NA	5259590	67236	2.7317653	67003	3057	5492.0	mappable	0.08556731	6.0	NA	3.7179464e-05	0.00030395137	0.1326314324	0.08957957	0.08988352	63570114	63570237	68829703	68829703	0.38373964	2	359606.7	19.721559	1.1027356	15.83645	0.6087808	0.2175616	1.068719067	1.6630462	sub	1	sub:1	sub	sub	4121361
5	70750153	90649864	NA	19899716	261974	2.7317653	261065	12671	20438.0	mappable	0.085575	6.0	NA	0.000244258409	7.364313e-05	0.1310231667	0.082487	0.08256064	70750153	70750153	90649684	90649864	0.37185494	2	359606.7	19.721559	1.1027356	15.83645	0.6087808	0.2175616	1.068719067	1.6630462	sub	1	sub:1	sub	sub	4121361
5	90649865	90690062	NA	40198	469	3.0098118	469	34	47.0	mappable	0.14060887	3.0	NA	0.054996691504	0.02941176471	0.2044314324	0.13076309	0.16017485	90649865	90650045	90689956	90690168	0.16387311	1	382086.5	22.035053	1.1526954	NA	NA	0.0	1.504905902	1.5049059	sub	sub	sub:sub	sub	sub	4121361
5	90690062	103140005	NA	12449944	165656	2.7317653	165236	6079	12190.0	mappable	0.089	6.0	NA	0.003387820536	0.00015386983	0.1336314324	0.08485494	0.08500881	90689956	90690168	103139945	103140065	0.37003075	2	359606.7	19.721559	1.1027356	15.83645	0.6087808	0.2175616	1.068719067	1.6630462	sub	1	sub:1	sub	sub	4121361
5	103140005	103180033	NA	40029	625	3.2536022	624	34	45.0	mappable	0.0876128	NA	NA	0.002000625414	0.02857142857	0.2227314324	0.13081507	0.1593865	103139945	103140065	103179997	103180069	NA	missing	348456.9	19.589532	1.1965	NA	NA	NA	NA	NA	NA	NA	NA	NA	NA	4121361
5	103180033	113040003	NA	9859971	150666	2.7317653	150215	8025	11281.0	mappable	0.089	6.0	NA	0.003387820536	0.0001179941	0.1365314324	0.08608389	0.08620188	103179997	103180069	113039906	113040003	0.3633235	2	359606.7	19.721559	1.1027356	15.83645	0.6087808	0.2175616	1.068719067	1.6630462	sub	1	sub:1	sub	sub	4121361
5	113040004	113065012	NA	25009	411	3.0098118	411	37	19.0	mappable	0.11411111	3.0	NA	0.028498931647	0.02702702703	0.2145314324	0.13689104	0.16391807	113040004	113040101	113059950	113070074	0.48464158	2	382086.5	22.035053	1.1526954	16.09713	0.6634881	0.3269762	1.012837433	1.9969744	2	1	2:1	3	gain	4121361
5	113065012	115449999	NA	2384988	38848	2.7317653	38750	1695	2931.0	mappable	0.089	6.0	NA	0.003387820536	0.00055772448	0.1308314324	0.09440397	0.09496169	113059950	113070074	115449993	115450005	0.40706145	2	359606.7	19.721559	1.1027356	15.83645	0.6087808	0.2175616	1.068719067	1.6630462	sub	1	sub:1	sub	sub	4121361
5	115449999	115460019	NA	10021	224	3.3788238	223	15	15.0	mappable	0.086425	NA	NA	0.016512179464	0.0625	0.2452314324	0.15048072	0.21298072	115449993	115450005	115459987	115460019	NA	missing	399554.0	21.911026	1.219	NA	NA	NA	NA	NA	NA	NA	NA	NA	NA	4121361
5	115460020	128860047	NA	13400028	206693	2.7317653	206158	9245	15376.0	mappable	0.08691842	6.0	NA	3.7179464e-05	0.00010224949	0.1302314324	0.08447468	0.08457693	115460020	115460052	128859984	128860047	0.35967008	2	359606.7	19.721559	1.1027356	15.83645	0.6087808	0.2175616	1.068719067	1.6630462	sub	1	sub:1	sub	sub	4121361
5	128860048	128884991	NA	24944	351	3.2981254	349	33	22.0	mappable	0.19031121	NA	NA	0.105262820536	0.02857142857	0.2307314324	0.13692623	0.16549766	128860048	128860111	128879966	128890016	0.59175918	2	354383.4	20.899532	1.2045	14.28789	0.6824063	0.3648126	1.047463784	2.2506616	2	1	2:1	3	gain	4121361
5	128884991	129249974	NA	364984	4909	2.7317653	4889	350	331.0	mappable	0.08666029	6.0	NA	0.003737820536	0.0027027027	0.1440314324	0.10823991	0.11094261	128879966	128890016	129249863	129250085	0.37645785	2	359606.7	19.721559	1.1027356	15.83645	0.6087808	0.2175616	1.068719067	1.6630462	sub	1	sub:1	sub	sub	4121361
5	129249974	129270026	NA	20053	291	2.3258697	291	2	18.0	mappable	0.07575758	8.0	NA	0.009854603706	0.5	0.0809314324	0.13994302	0.63994302	129249863	129250085	129269969	129270026	NA	missing	341005.6	18.166085	1.0298037	NA	NA	NA	NA	NA	NA	NA	NA	NA	NA	4121361
5	129270027	136809980	NA	7539954	96226	2.7317653	95991	3082	8604.0	mappable	0.085575	6.0	NA	3.7179464e-05	0.00030147724	0.1288314324	0.0875422	0.08784368	129270027	129270084	136809957	136809980	0.39481909	2	359606.7	19.721559	1.1027356	15.83645	0.6087808	0.2175616	1.068719067	1.6630462	sub	1	sub:1	sub	sub	4121361
5	136809981	136879989	NA	70009	824	2.3258697	823	57	71.0	mappable	0.087125	8.0	NA	0.001512820536	0.01724137931	0.0651314324	0.12426024	0.14150162	136809981	136810004	136869954	136890024	0.24758412	1	341005.6	18.166085	1.0298037	NA	NA	0.0	1.162934837	1.1629348	1	1	1:1	2	neutral	4121361
5	136879989	139589969	NA	2709981	27001	2.7317653	26947	755	2780.0	mappable	0.08274167	6.0	NA	0.003462179464	0.00123609394	0.1312314324	0.09358979	0.09482589	136869954	136890024	139589695	139589969	0.37324837	2	359606.7	19.721559	1.1027356	15.83645	0.6087808	0.2175616	1.068719067	1.6630462	sub	1	sub:1	sub	sub	4121361
5	139589970	139629875	NA	39906	454	3.1189194	454	0	48.0	mappable	NA	NA	NA	NA	inf	0.1985314324	0.13085307	inf	139589970	139590244	139629720	139630030	NA	missing	403650.8	NA	1.1723	NA	NA	NA	NA	NA	NA	NA	NA	NA	NA	4121361
5	139629875	154930142	NA	15300269	216528	2.7317653	215902	8773	18840.0	mappable	0.089	6.0	NA	0.006802981809	0.00010645093	0.1284022745	0.08379752	0.08390397	139629720	139630030	154929899	154930142	0.38159458	2	359606.7	19.721559	1.1027356	15.83645	0.6087808	0.2175616	1.068719067	1.6630462	sub	1	sub:1	sub	sub	4121361
5	154930143	154959969	NA	29827	473	2.2935697	473	1	38.0	mappable	0.0	NA	NA	0.085612179464	1.0	0.0502314324	0.13455028	1.13455028	154930143	154930386	154959935	154960003	NA	missing	356081.8	17.804089	1.024	NA	NA	NA	NA	NA	NA	NA	NA	NA	NA	4121361
5	154959969	158070016	NA	3110048	45090	2.7317653	44967	2234	3800.0	mappable	0.0958	6.0	NA	0.006812820536	0.00042426814	0.1273314324	0.0927278	0.09315207	154959935	154960003	158069994	158070016	0.3912474	2	359606.7	19.721559	1.1027356	15.83645	0.6087808	0.2175616	1.068719067	1.6630462	sub	1	sub:1	sub	sub	4121361
5	158070017	158090041	NA	20025	350	2.4749836	350	28	30.0	mappable	0.11956109	2.0	NA	0.033948906509	0.03571428571	0.0717314324	0.13996277	0.17567705	158070017	158070039	158089989	158090041	NA	missing	342750.2	19.262669	1.0565967	NA	NA	NA	NA	NA	NA	NA	NA	NA	NA	4121361
5	158090042	160970009	NA	2879968	40311	2.7317653	40201	1373	3384.0	mappable	0.08215	6.0	NA	3.7179464e-05	0.00067430883	0.1309314324	0.09320698	0.09388128	158090042	158090094	160969993	160970025	0.35107771	2	359606.7	19.721559	1.1027356	15.83645	0.6087808	0.2175616	1.068719067	1.6630462	sub	1	sub:1	sub	sub	4121361
5	160970009	160980003	NA	9995	153	3.5591429	153	0	18.0	mappable	NA	NA	NA	NA	inf	0.2776314324	0.15052317	inf	160969993	160970025	160979981	160980003	NA	missing	340372.9	NA	1.2514	NA	NA	NA	NA	NA	NA	NA	NA	NA	NA	4121361
5	160980004	176960014	NA	15980011	226842	2.7317653	226007	10867	20153.0	mappable	0.089	6.0	NA	0.003387820536	8.547009e-05	0.1215314324	0.08357792	0.08366339	160980004	160980026	176959950	176960078	0.38407437	2	359606.7	19.721559	1.1027356	15.83645	0.6087808	0.2175616	1.068719067	1.6630462	sub	1	sub:1	sub	sub	4121361
5	176960014	176980000	NA	19987	224	2.3264056	224	0	22.0	mappable	NA	NA	NA	NA	inf	0.0561314324	0.13998961	inf	176959950	176960078	176979996	176980004	NA	missing	352295.7	NA	1.0299	NA	NA	NA	NA	NA	NA	NA	NA	NA	NA	4121361
5	176980000	180689979	NA	3709980	45039	2.7317653	44799	2162	5010.0	mappable	0.08880833	6.0	edge	0.003387820536	0.00041649313	0.1263314324	0.09164651	0.09206301	176979996	176980004	180689979	180689979	0.40898134	2	359606.7	19.721559	1.1027356	15.83645	0.6087808	0.2175616	1.068719067	1.6630462	sub	1	sub:1	sub	sub	4121361
6	202331	34850011	NA	34647681	528331	2.0018418	523303	31236	47566.0	mappable	0.08215	9.0	edge	0.003462179464	2.75786e-05	0.0018685676	0.07985226	0.07987983	202331	202331	34849994	34850011	0.18210961	1	320926.7	16.709289	0.9715819	NA	NA	0.0	1.000920876	1.0009209	1	1	1:1	2	neutral	4121361
6	34850012	34860039	NA	10028	147	2.4850197	147	0	19.0	mappable	NA	NA	NA	NA	inf	0.0846314324	0.15046932	inf	34850012	34850029	34859961	34860117	NA	missing	349875.0	NA	1.0584	NA	NA	NA	NA	NA	NA	NA	NA	NA	NA	4121361
6	34860039	58019982	NA	23159947	331654	2.0018418	329067	11921	29169.0	mappable	0.085575	9.0	NA	0.002206671122	6.89465e-05	0.0049274938	0.08174901	0.08181795	34859961	34860117	58019982	58019982	0.15324823	1	320926.7	16.709289	0.9715819	NA	NA	0.0	1.000920876	1.0009209	1	1	1:1	2	neutral	4121361
6	58610011	58769997	NA	159987	572	1.58208	569	26	30.0	mappable	0.11748056	12.0	NA	0.025168644909	0.03448275862	0.0577685676	0.11568989	0.15017265	58610011	58610011	58769997	58769997	NA	missing	279287.1	14.911126	0.8961585	NA	NA	NA	NA	NA	NA	NA	NA	NA	NA	4121361
6	61890002	61904997	NA	14996	470	2.3742681	459	11	26.0	mappable	0.235525	NA	NA	0.125437820536	0.04545454545	0.0647314324	0.1441723	0.18962685	61890002	61890002	61899994	61910000	NA	missing	247761.2	12.38806	1.0385	NA	NA	NA	NA	NA	NA	NA	NA	NA	NA	4121361
6	61904997	170859984	NA	108954999	1537949	2.0018418	1532500	72542	123305.0	mappable	0.085575	9.0	self	0.000583389703	1.282314e-05	0.0005023588	0.07490873	0.07492155	61899994	61910000	170859963	170859984	0.14869905	1	320926.7	16.709289	0.9715819	NA	NA	0.0	1.000920876	1.0009209	1	1	1:1	2	neutral	4121361
6	170859985	170899935	NA	39951	613	2.4396421	612	1	57.0	mappable	0.21212121	4.0	edge	0.134084790233	0.5	0.0859314324	0.13083916	0.63083916	170859985	170860006	170899935	170899935	NA	missing	342352.6	22.148775	1.0502465	NA	NA	NA	NA	NA	NA	NA	NA	NA	NA	4121361
7	40386	57999988	NA	57959607	855072	2.0018418	852303	41290	72517.0	mappable	0.08215	9.0	edge	0.003163833265	2.270199e-05	0.0007517658	0.07755381	0.07757652	40386	40386	57999988	57999988	0.14534242	1	320926.7	16.709289	0.9715819	NA	NA	0.0	1.000920876	1.0009209	1	1	1:1	2	neutral	4121361
7	61530139	64575025	NA	3044887	29249	2.0018418	28783	971	2229.0	mappable	0.08234091	9.0	self	0.003930036607	0.00069589422	0.0046314324	0.09285932	0.09355521	61530139	61530139	64469928	64575025	0.1297587	1	320926.7	16.709289	0.9715819	NA	NA	0.0	1.000920876	1.0009209	1	1	1:1	2	neutral	4121361
7	64700028	72229988	NA	7529961	84615	2.0018418	84302	4307	8248.0	mappable	0.085575	9.0	self	3.7179464e-05	0.00021645022	0.0152685676	0.08754953	0.08776598	64700028	64700068	72229988	72229988	0.1513498	1	320926.7	16.709289	0.9715819	NA	NA	0.0	1.000920876	1.0009209	1	1	1:1	2	neutral	4121361
7	72750118	74139961	NA	1389844	10229	2.0018418	10182	343	1260.0	mappable	0.0769	9.0	self	0.006623290575	0.00256410256	0.0009685676	0.09800803	0.10057213	72750118	72750118	74139961	74139961	0.19814204	1	320926.7	16.709289	0.9715819	NA	NA	0.0	1.000920876	1.0009209	1	1	1:1	2	neutral	4121361
7	75160045	76059952	NA	899908	8425	2.0018418	8383	415	1014.0	mappable	0.09256711	9.0	self	0.006118083694	0.00219298246	0.0038685676	0.10111521	0.10330819	75160045	75160045	76059952	76059952	0.21494267	1	320926.7	16.709289	0.9715819	NA	NA	0.0	1.000920876	1.0009209	1	1	1:1	2	neutral	4121361
7	76810004	159119808	NA	82309815	1089103	2.0018418	1084698	46506	92742.0	mappable	0.085575	9.0	edge	0.000719205182	1.964675e-05	0.0002688824	0.07606136	0.076081	76810004	76810004	159119808	159119808	0.15372295	1	320926.7	16.709289	0.9715819	NA	NA	0.0	1.000920876	1.0009209	1	1	1:1	2	neutral	4121361
8	170012	3229978	NA	3059970	72469	2.0018418	71793	3779	7365.0	mappable	0.089	9.0	edge	0.00196701704	0.00022451729	0.0019988647	0.09282859	0.09305311	170012	170012	3229933	3229978	0.16344342	1	320926.7	16.709289	0.9715819	NA	NA	0.0	1.000920876	1.0009209	1	1	1:1	2	neutral	4121361
8	3229979	3260008	NA	30030	991	1.6947321	991	0	96.0	mappable	NA	NA	NA	NA	inf	0.0573685676	0.13446176	inf	3229979	3230024	3259993	3260008	NA	missing	294129.7	NA	0.9164	NA	NA	NA	NA	NA	NA	NA	NA	NA	NA	4121361
8	3260009	5650015	NA	2390007	86749	2.0018418	86558	4666	6465.0	mappable	0.08336071	9.0	NA	0.003462179464	0.00020588841	0.0060685676	0.09439045	0.09459634	3260009	3260024	5649986	5650044	0.15311689	1	320926.7	16.709289	0.9715819	NA	NA	0.0	1.000920876	1.0009209	1	1	1:1	2	neutral	4121361
8	5650015	5669997	NA	19983	635	2.3258697	635	36	39.0	mappable	0.09643529	8.0	NA	0.010823114654	0.02777777778	0.0509314324	0.13999244	0.16777022	5649986	5650044	5669961	5670033	0.05641593	1	341005.6	18.166085	1.0298037	NA	NA	0.0	1.162934837	1.1629348	1	1	1:1	2	neutral	4121361
8	5669997	5680016	NA	10020	306	1.58208	305	46	16.0	mappable	0.07935	12.0	NA	0.003670512797	0.02127659574	0.0719685676	0.15048235	0.17175895	5669961	5670033	5679990	5680042	0.26008423	1	279287.1	14.911126	0.8961585	NA	NA	0.0	0.791039977	0.79104	1	1	1:1	2	neutral	4121361
8	5680016	6919904	NA	1239889	32323	2.0018418	32219	1804	2756.0	mappable	0.089	9.0	self	0.003387820536	0.00052410901	0.0005685676	0.09880554	0.09932965	5679990	5680042	6919904	6919904	0.1635198	1	320926.7	16.709289	0.9715819	NA	NA	0.0	1.000920876	1.0009209	1	1	1:1	2	neutral	4121361
8	8100000	11859985	NA	3759992	79340	2.0018418	79093	5064	7247.0	mappable	0.08673696	9.0	self	0.00304042614	0.00018828846	0.0055128944	0.09156546	0.09175374	8100000	8100000	11859985	11859985	0.15084035	1	320926.7	16.709289	0.9715819	NA	NA	0.0	1.000920876	1.0009209	1	1	1:1	2	neutral	4121361
8	12580042	32818447	NA	20238413	367358	2.0018418	366172	17810	30984.0	mappable	0.085575	9.0	NA	0.00035555957	5.264543e-05	0.0001570023	0.08240425	0.0824569	12580042	12580042	32818408	32818447	0.14943458	1	320926.7	16.709289	0.9715819	NA	NA	0.0	1.000920876	1.0009209	1	1	1:1	2	neutral	4121361
8	32818448	32828744	DEL	10297	141	1.7592908	141	0	8.0	mappable	NA	NA	NA	NA	inf	0.0457685676	0.15003822	inf	32818448	32818547	32828740	32828744	NA	missing	180844.1	NA	0.928	NA	NA	NA	NA	NA	NA	NA	NA	NA	NA	4121361
8	32828745	43789991	DEL	10961247	153322	2.0018418	152817	4954	13508.0	mappable	0.085575	9.0	NA	0.000251094557	0.00018331806	0.0012419312	0.08552159	0.0857049	32828745	32828788	43789991	43789991	0.17966473	1	320926.7	16.709289	0.9715819	NA	NA	0.0	1.000920876	1.0009209	1	1	1:1	2	neutral	4121361
8	46880007	146289988	NA	99410001	1388158	2.0018418	1383863	58959	114448.0	mappable	0.085575	9.0	edge	0.00071676194	1.581128e-05	0.0056872291	0.07528168	0.07529749	46880007	46880007	146289988	146289988	0.15595606	1	320926.7	16.709289	0.9715819	NA	NA	0.0	1.000920876	1.0009209	1	1	1:1	2	neutral	4121361
9	200101	38769828	NA	38569729	645614	2.0018418	643847	29463	50837.0	mappable	0.08215	9.0	edge	0.003484761619	3.202152e-05	0.0009287624	0.07936204	0.07939406	200101	200101	38769828	38769828	0.14137553	1	320926.7	16.709289	0.9715819	NA	NA	0.0	1.000920876	1.0009209	1	1	1:1	2	neutral	4121361
9	66840048	66849972	NA	9925	540	2.3191706	504	0	38.0	mappable	NA	NA	NA	0.040303846131	0.02777777778	0.0548314324	0.15063813	0.1784159	66840048	66840048	66849972	66849972	NA	missing	480011.7	NA	1.0286	NA	NA	NA	NA	NA	NA	NA	NA	NA	NA	4121361
9	68410004	68419976	NA	9973	1130	2.1138071	1057	0	239.0	mappable	NA	NA	NA	0.129466391965	0.01369863014	0.0179314324	0.15055919	0.16425782	68410004	68410004	68419976	68419976	NA	missing	2123116.0	NA	0.9917	NA	NA	NA	NA	NA	NA	NA	NA	NA	NA	4121361
9	71030093	73910445	NA	2880353	39211	2.0018418	39080	1617	3305.0	mappable	0.078725	9.0	self	0.003462179464	0.00057208238	0.0016314324	0.09320614	0.09377822	71030093	71030093	73910435	73910445	0.18447285	1	320926.7	16.709289	0.9715819	NA	NA	0.0	1.000920876	1.0009209	1	1	1:1	2	neutral	4121361
9	73910446	73949477	DEL	39032	629	2.0018418	626	31	34.0	mappable	0.10368125	9.0	self	0.018462820536	0.02941176471	0.0132314324	0.13112716	0.16053893	73910446	73910510	73949428	73949477	NA	missing	320926.7	16.709289	0.9715819	NA	NA	NA	NA	NA	NA	NA	NA	NA	NA	4121361
9	73949478	92240017	DEL	18290540	252141	2.0018418	251312	12280	21144.0	mappable	0.08215	9.0	NA	0.003462179464	7.628347e-05	0.0033077005	0.08290295	0.08297923	73949478	73949500	92239995	92240039	0.13825038	1	320926.7	16.709289	0.9715819	NA	NA	0.0	1.000920876	1.0009209	1	1	1:1	2	neutral	4121361
9	92240017	92249979	NA	9963	166	2.5022724	166	0	20.0	mappable	NA	NA	NA	NA	inf	0.0877314324	0.1505756	inf	92239995	92240039	92249945	92250013	NA	missing	366316.7	NA	1.0615	NA	NA	NA	NA	NA	NA	NA	NA	NA	NA	4121361
9	92249979	131720005	NA	39470028	533310	2.0018418	531670	24144	48000.0	mappable	0.08215	9.0	NA	0.002175797137	3.879126e-05	0.003013324	0.07925735	0.07929614	92249945	92250013	131709986	131720005	0.14956093	1	320926.7	16.709289	0.9715819	NA	NA	0.0	1.000920876	1.0009209	1	1	1:1	2	neutral	4121361
9	131720006	131759918	NA	39913	251	1.7064195	251	0	25.0	mappable	NA	NA	NA	NA	inf	0.0552685676	0.13085091	inf	131720006	131730025	131759756	131760080	NA	missing	334092.5	NA	0.9185	NA	NA	NA	NA	NA	NA	NA	NA	NA	NA	4121361
9	131759918	141019791	NA	9259877	135359	2.0018418	134528	5961	16879.0	mappable	0.078725	9.0	edge	0.004253933741	0.00014727541	0.0117664267	0.08642086	0.08656813	131759756	131760080	141019791	141019791	0.17807868	1	320926.7	16.709289	0.9715819	NA	NA	0.0	1.000920876	1.0009209	1	1	1:1	2	neutral	4121361
10	130013	13049988	NA	12919976	218933	2.3258697	217787	10340	20776.0	mappable	0.092425	8.0	edge	0.006812820536	8.71156e-05	0.0545314324	0.08466289	0.08475001	130013	130013	13049966	13049988	0.25367798	1	341005.6	18.166085	1.0298037	NA	NA	0.0	1.162934837	1.1629348	1	1	1:1	2	neutral	4121361
10	13049989	13075022	NA	25034	385	2.7317653	384	46	37.0	mappable	0.08224668	6.0	NA	0.002264630444	0.02127659574	0.1065314324	0.13687754	0.15815413	13049989	13050011	13069954	13075022	0.1763135	1	359606.7	19.721559	1.1027356	NA	NA	0.0	1.365882632	1.3658826	sub	sub	sub:sub	sub	sub	4121361
10	13075023	24279956	NA	11204934	171905	2.3258697	171404	7379	14900.0	mappable	0.085575	8.0	NA	3.7179464e-05	0.00012691966	0.0562314324	0.08540574	0.08553266	13075023	13080091	24279910	24279956	0.25475476	1	341005.6	18.166085	1.0298037	NA	NA	0.0	1.162934837	1.1629348	1	1	1:1	2	neutral	4121361
10	24279957	24300082	NA	20126	372	2.7317653	371	28	22.0	mappable	0.06048276	6.0	NA	0.021038041533	0.03448275862	0.1098314324	0.13989171	0.17437447	24279957	24280003	24299964	24300082	NA	missing	359606.7	19.721559	1.1027356	NA	NA	NA	NA	NA	NA	NA	NA	NA	NA	4121361
10	24300083	39149984	NA	14849903	194424	2.3258697	193731	9608	17398.0	mappable	0.089	8.0	NA	0.002748043837	9.708738e-05	0.0571266212	0.08394913	0.08404622	24300083	24300201	39149984	39149984	0.24095301	1	341005.6	18.166085	1.0298037	NA	NA	0.0	1.162934837	1.1629348	1	1	1:1	2	neutral	4121361
10	42410000	46159967	NA	3749969	43612	2.0018418	43529	1235	4026.0	mappable	0.08331346	9.0	self	0.001557317113	0.00075872534	0.0011725036	0.0915816	0.09234033	42410000	42410000	46159967	46159967	0.16639077	1	320926.7	16.709289	0.9715819	NA	NA	0.0	1.000920876	1.0009209	1	1	1:1	2	neutral	4121361
10	48310177	48659961	NA	349785	5566	2.0018418	5549	199	558.0	mappable	0.0753	9.0	self	0.006887179464	0.00462962963	0.0035314324	0.10860057	0.1132302	48310177	48310177	48659961	48659961	0.05892063	1	320926.7	16.709289	0.9715819	NA	NA	0.0	1.000920876	1.0009209	1	1	1:1	2	neutral	4121361
10	49390096	111690030	NA	62299948	844048	2.0018418	841289	40165	72430.0	mappable	0.08215	9.0	NA	0.001740373233	2.32997e-05	0.0016660045	0.07724177	0.07726507	49390096	49390096	111689979	111690081	0.15337814	1	320926.7	16.709289	0.9715819	NA	NA	0.0	1.000920876	1.0009209	1	1	1:1	2	neutral	4121361
10	111690030	111700000	NA	9971	165	1.4799075	165	0	21.0	mappable	NA	NA	NA	NA	inf	0.0959685676	0.15056247	inf	111689979	111690081	111699983	111700000	NA	missing	319272.9	NA	0.8778	NA	NA	NA	NA	NA	NA	NA	NA	NA	NA	4121361
10	111700001	135439925	NA	23739929	367152	2.0018418	365593	17630	35413.0	mappable	0.078725	9.0	edge	0.004688090898	5.212134e-05	0.005176253	0.08162995	0.08168207	111700001	111700018	135439925	135439925	0.15631117	1	320926.7	16.709289	0.9715819	NA	NA	0.0	1.000920876	1.0009209	1	1	1:1	2	neutral	4121361
11	190010	25448946	NA	25258939	369574	3.0098118	367979	18374	33546.0	mappable	0.112975	3.0	edge	0.028114744484	5.008765e-05	0.175712989	0.08133291	0.081383	190010	190010	25447000	25450892	0.56264454	2	382086.5	22.035053	1.1526954	16.09713	0.6634881	0.3269762	1.012837433	1.9969744	2	1	2:1	3	gain	4121361
11	25448946	25469990	NA	21045	357	3.4840099	353	28	20.0	mappable	0.26305	NA	NA	0.042237179464	0.03125	0.2641314324	0.13926423	0.17051423	25447000	25450892	25469971	25470009	NA	missing	376932.0	23.09351	1.2379	NA	NA	NA	NA	NA	NA	NA	NA	NA	NA	4121361
11	25469990	27989975	NA	2519986	36847	3.0098118	36641	2110	2846.0	mappable	0.10921486	3.0	NA	0.034212820536	0.00043177893	0.1713314324	0.09405133	0.09448311	25469971	25470009	27989904	27990046	0.58453279	2	382086.5	22.035053	1.1526954	16.09713	0.6634881	0.3269762	1.012837433	1.9969744	2	1	2:1	3	gain	4121361
11	27989975	28010049	NA	20075	222	3.5814045	222	2	23.0	mappable	0.54254486	NA	NA	0.319962733428	0.5	0.2816314324	0.13992754	0.63992754	27989904	27990046	28009984	28010049	NA	missing	406449.9	28.564786	1.2554	NA	NA	NA	NA	NA	NA	NA	NA	NA	NA	4121361
11	28010050	33319970	NA	5309921	68773	3.0098118	68527	2740	5467.0	mappable	0.12325	3.0	NA	0.041062820536	0.00033489618	0.1782314324	0.08952448	0.08985937	28010050	28010115	33319878	33320062	0.56727421	2	382086.5	22.035053	1.1526954	16.09713	0.6634881	0.3269762	1.012837433	1.9969744	2	1	2:1	3	gain	4121361
11	33319970	33329897	NA	9928	134	2.3258697	134	1	22.0	mappable	0.05882353	8.0	NA	0.026788650052	1.0	0.0822314324	0.15063318	1.15063318	33319878	33320062	33329792	33330002	NA	missing	341005.6	18.166085	1.0298037	NA	NA	NA	NA	NA	NA	NA	NA	NA	NA	4121361
11	33329897	34489954	NA	1160058	16891	3.0098118	16804	700	1593.0	mappable	0.11661447	3.0	NA	0.028235188957	0.00127064803	0.1870314324	0.09927645	0.10054709	33329792	33330002	34489839	34490069	0.49731297	2	382086.5	22.035053	1.1526954	16.09713	0.6634881	0.3269762	1.012837433	1.9969744	2	1	2:1	3	gain	4121361
11	34489954	48899996	NA	14410044	201888	2.0018418	201304	5991	17489.0	mappable	0.085575	9.0	NA	0.000785437489	0.00015213753	0.0012358688	0.08410227	0.08425441	34489839	34490069	48899996	48899996	0.15259595	1	320926.7	16.709289	0.9715819	NA	NA	0.0	1.000920876	1.0009209	1	1	1:1	2	neutral	4121361
11	48899997	50170092	NA	1270096	0	0.0	0	0	NA	mappable	NA	NA	NA	NA	inf	0.9737685676	0.09863632	inf	48899997	48899997	50170092	50170092	NA	missing	NA	NA	0.0	NA	NA	0.0	0.0	0.0	0	0	NA	0	homozygousDel	4121361
11	50170093	50704995	NA	534903	10145	1.9596454	10136	21	625.0	mappable	0.02806711	NA	NA	0.049243758411	0.03333333333	0.0097685676	0.10510319	0.13843653	50170093	50170093	50699890	50704995	NA	missing	242484.6	13.336653	0.964	NA	NA	NA	NA	NA	NA	NA	NA	NA	NA	4121361
11	50704996	50760002	NA	55007	2260	2.3258697	2259	0	94.0	mappable	NA	8.0	NA	0.032980600517	1.0	0.0660314324	0.12700568	1.12700568	50704996	50710101	50759997	50760002	NA	missing	341005.6	NA	1.0298037	NA	NA	NA	NA	NA	NA	NA	NA	NA	NA	4121361
11	54793945	55054985	NA	261041	4743	2.3137805	4739	7	299.0	mappable	0.16065	NA	NA	0.090021007619	0.09090909091	0.0538628893	0.11114867	0.20205776	54793945	54793945	55029956	55054985	NA	missing	225423.1	12.881322	1.0276315	NA	NA	NA	NA	NA	NA	NA	NA	NA	NA	4121361
11	55054986	89349940	NA	34294959	449035	2.0018418	447572	17524	42359.0	mappable	0.085575	9.0	self	0.000899542728	5.267871e-05	0.002927098	0.07989935	0.07995203	55054986	55080015	89349940	89349940	0.16001922	1	320926.7	16.709289	0.9715819	NA	NA	0.0	1.000920876	1.0009209	1	1	1:1	2	neutral	4121361
11	89850037	134939862	NA	45089837	664516	2.0018418	662194	29890	57484.0	mappable	0.08215	9.0	edge	0.002139766542	3.105011e-05	0.0009662359	0.07865871	0.07868976	89850037	89850037	134939862	134939862	0.15599124	1	320926.7	16.709289	0.9715819	NA	NA	0.0	1.000920876	1.0009209	1	1	1:1	2	neutral	4121361
12	160107	30489995	NA	30329892	420454	2.0018418	418727	18934	36383.0	mappable	0.08215	9.0	edge	0.003439540833	4.84074e-05	0.0027142393	0.08046918	0.08051758	160107	160107	30489980	30490010	0.16883364	1	320926.7	16.709289	0.9715819	NA	NA	0.0	1.000920876	1.0009209	1	1	1:1	2	neutral	4121361
12	30489995	30500014	NA	10020	225	2.6041194	225	0	22.0	mappable	NA	NA	NA	NA	inf	0.1060314324	0.15048235	inf	30489980	30490010	30499998	30500014	NA	missing	308376.7	NA	1.0798	NA	NA	NA	NA	NA	NA	NA	NA	NA	NA	4121361
12	30500015	34819969	NA	4319956	56661	2.0018418	56474	3623	4707.0	mappable	0.089	9.0	NA	0.002129290352	0.00026246719	0.0063519703	0.09073346	0.09099593	30500015	30500031	34819969	34819969	0.15659528	1	320926.7	16.709289	0.9715819	NA	NA	0.0	1.000920876	1.0009209	1	1	1:1	2	neutral	4121361
12	38000003	44210016	NA	6210015	94824	2.0018418	94423	3716	6942.0	mappable	0.085575	9.0	self	0.000923659739	0.00024289531	0.0059918949	0.08862826	0.08887116	38000003	38000003	44209981	44210016	0.1614802	1	320926.7	16.709289	0.9715819	NA	NA	0.0	1.000920876	1.0009209	1	1	1:1	2	neutral	4121361
12	44210017	52844997	NA	8634981	105762	3.0098118	105401	4208	9846.0	mappable	0.10955	3.0	NA	0.023937820536	0.00021891419	0.1801314324	0.08679892	0.08701783	44210017	44210052	52839901	52844997	0.58124604	2	382086.5	22.035053	1.1526954	16.09713	0.6634881	0.3269762	1.012837433	1.9969744	2	1	2:1	3	gain	4121361
12	52844998	52909968	NA	64971	810	2.3258697	800	97	58.0	mappable	0.06391389	8.0	NA	0.021698290575	0.00934579439	0.0906314324	0.12509767	0.13444346	52844998	52850094	52909896	52910040	0.53020644	2	341005.6	18.166085	1.0298037	16.08083	0.5806292	0.1612584	0.975401868	1.3504678	sub	1	sub:1	sub	sub	4121361
12	52909968	81180011	NA	28270044	371884	3.0098118	370631	15977	30807.0	mappable	0.112975	3.0	NA	0.027387827793	5.805515e-05	0.1854616125	0.08079904	0.08085709	52909896	52910040	81179990	81180011	0.57941529	2	382086.5	22.035053	1.1526954	16.09713	0.6634881	0.3269762	1.012837433	1.9969744	2	1	2:1	3	gain	4121361
12	81180012	81210000	NA	29989	404	2.4749836	398	16	32.0	mappable	0.13104081	2.0	NA	0.038175320536	0.04545454545	0.0952314324	0.13447959	0.17993413	81180012	81180033	81209948	81210052	NA	missing	342750.2	19.262669	1.0565967	NA	NA	NA	NA	NA	NA	NA	NA	NA	NA	4121361
12	81210000	98990052	NA	17780055	243483	3.0098118	242652	11247	18767.0	mappable	0.10955	3.0	NA	0.027641491868	8.280202e-05	0.1851592438	0.08304352	0.08312633	81209948	81210052	98989956	98990148	0.54745685	2	382086.5	22.035053	1.1526954	16.09713	0.6634881	0.3269762	1.012837433	1.9969744	2	1	2:1	3	gain	4121361
12	98990052	98999973	NA	9922	179	2.4749836	174	6	22.0	mappable	0.12598611	2.0	NA	0.028662820536	0.09090909091	0.0765314324	0.15064307	0.24155216	98989956	98990148	98999886	99000060	NA	missing	342750.2	19.262669	1.0565967	NA	NA	NA	NA	NA	NA	NA	NA	NA	NA	4121361
12	98999973	118930025	NA	19930054	271551	3.0098118	270521	12537	25379.0	mappable	0.10955	3.0	NA	0.025853032646	7.370826e-05	0.1750586593	0.08247952	0.08255323	98999886	99000060	118929981	118930069	0.55874025	2	382086.5	22.035053	1.1526954	16.09713	0.6634881	0.3269762	1.012837433	1.9969744	2	1	2:1	3	gain	4121361
12	118930025	118940026	NA	10002	150	2.4226871	147	0	24.0	mappable	NA	NA	NA	0.059920512797	0.33333333333	0.0734314324	0.15051173	0.48384506	118929981	118930069	118939982	118940026	NA	missing	368312.9	NA	1.0472	NA	NA	NA	NA	NA	NA	NA	NA	NA	NA	4121361
12	118940027	125899990	NA	6959964	84207	3.0098118	83865	3038	9298.0	mappable	0.119825	3.0	NA	0.037637820536	0.00029585799	0.1748314324	0.08798693	0.08828279	118940027	118940071	125899979	125899990	0.59212958	2	382086.5	22.035053	1.1526954	16.09713	0.6634881	0.3269762	1.012837433	1.9969744	2	1	2:1	3	gain	4121361
12	125899991	125909984	NA	9994	208	3.5379944	203	0	19.0	mappable	NA	NA	NA	0.032613461515	0.2	0.2738314324	0.15052481	0.35052481	125899991	125900002	125909957	125910011	NA	missing	389757.1	NA	1.2476	NA	NA	NA	NA	NA	NA	NA	NA	NA	NA	4121361
12	125909984	126970013	NA	1060030	17695	3.0098118	17658	579	1508.0	mappable	0.119825	3.0	NA	0.034212820536	0.00162337662	0.1676314324	0.09992169	0.10154507	125909957	125910011	126969979	126970013	0.57075631	2	382086.5	22.035053	1.1526954	16.09713	0.6634881	0.3269762	1.012837433	1.9969744	2	1	2:1	3	gain	4121361
12	126970014	126979969	NA	9956	195	3.6392848	192	0	22.0	mappable	NA	NA	NA	0.406144342275	0.33333333333	0.2920314324	0.1505871	0.48392043	126970014	126970048	126979889	126980049	NA	missing	397314.4	NA	1.2658	NA	NA	NA	NA	NA	NA	NA	NA	NA	NA	4121361
12	126979969	128659982	NA	1680014	30107	3.0098118	29943	2053	2657.0	mappable	0.10079167	3.0	NA	0.013662820536	0.00045105999	0.1595314324	0.0967116	0.09716266	126979889	126980049	128659960	128660004	0.56106835	2	382086.5	22.035053	1.1526954	16.09713	0.6634881	0.3269762	1.012837433	1.9969744	2	1	2:1	3	gain	4121361
12	128659982	128669987	NA	10006	192	2.4396421	191	10	17.0	mappable	0.21899849	4.0	NA	0.133504398076	0.09090909091	0.0617314324	0.1505052	0.24141429	128659960	128660004	128669963	128670011	NA	missing	342352.6	22.148775	1.0502465	NA	NA	NA	NA	NA	NA	NA	NA	NA	NA	4121361
12	128669987	133819926	NA	5149941	81505	3.0098118	80850	4969	8886.0	mappable	0.10955	3.0	edge	0.026376219586	0.00017784101	0.1722525194	0.08970169	0.08987953	128669963	128670011	133819926	133819926	0.54080359	2	382086.5	22.035053	1.1526954	16.09713	0.6634881	0.3269762	1.012837433	1.9969744	2	1	2:1	3	gain	4121361
13	19450058	41769836	NA	22319780	314215	2.0018418	313023	15858	26960.0	mappable	0.08215	9.0	edge	0.003379763458	5.866135e-05	0.0020436298	0.08192753	0.08198619	19450058	19450058	41769663	41769836	0.14769488	1	320926.7	16.709289	0.9715819	NA	NA	0.0	1.000920876	1.0009209	1	1	1:1	2	neutral	4121361
13	41769837	41779987	NA	10151	161	2.6903831	160	1	19.0	mappable	0.17073171	NA	NA	0.341858937352	0.5	0.1215314324	0.15027048	0.65027048	41769837	41770010	41779942	41779987	NA	missing	369848.0	21.649639	1.0953	NA	NA	NA	NA	NA	NA	NA	NA	NA	NA	4121361
13	41779988	49510013	NA	7730027	104725	2.0018418	104289	4843	8856.0	mappable	0.085575	9.0	NA	0.00221662211	0.00018946571	0.001669895	0.08740479	0.08759425	41779988	41780033	49509995	49510013	0.13896864	1	320926.7	16.709289	0.9715819	NA	NA	0.0	1.000920876	1.0009209	1	1	1:1	2	neutral	4121361
13	49510014	49530000	NA	19987	283	1.6858275	283	0	22.0	mappable	NA	NA	NA	NA	inf	0.0589685676	0.13998961	inf	49510014	49510032	49529997	49530000	NA	missing	302259.0	NA	0.9148	NA	NA	NA	NA	NA	NA	NA	NA	NA	NA	4121361
13	49530001	115099984	NA	65569986	948780	2.0018418	945347	44277	75009.0	mappable	0.08215	9.0	edge	0.000790684118	2.096524e-05	0.0013992407	0.07702222	0.07704319	49530001	49530004	115099984	115099984	0.15290766	1	320926.7	16.709289	0.9715819	NA	NA	0.0	1.000920876	1.0009209	1	1	1:1	2	neutral	4121361
14	20330060	22429982	NA	2099925	30036	2.0018418	29886	1822	2632.0	mappable	0.08434942	9.0	edge	0.00010633561	0.00050709939	0.0046181417	0.09522945	0.09573655	20330060	20330060	22429926	22429982	0.14402108	1	320926.7	16.709289	0.9715819	NA	NA	0.0	1.000920876	1.0009209	1	1	1:1	2	neutral	4121361
14	22429983	22959965	NA	529983	9095	1.3446681	9029	594	544.0	mappable	0.099275	NA	identical	0.013662820536	0.00151515152	0.1202685676	0.10517688	0.10669203	22429983	22430039	22959908	22959965	0.23095034	1	222533.7	11.982586	0.8535	NA	NA	0.0	0.672334054	0.6723341	sub	sub	sub:sub	sub	sub	4121361
14	22959966	106069190	NA	83109231	1168250	2.0018418	1164196	52935	100647.0	mappable	0.08215	9.0	NA	0.002467966372	1.754879e-05	0.0031052681	0.07602104	0.07603859	22959966	22960023	106009942	106069190	0.15454771	1	320926.7	16.709289	0.9715819	NA	NA	0.0	1.000920876	1.0009209	1	1	1:1	2	neutral	4121361
14	106069191	106095153	DEL	25963	0	0.0	0	0	NA	mappable	NA	NA	NA	NA	inf	0.9737685676	0.13638686	inf	106069191	106069191	106095153	106095153	NA	missing	NA	NA	0.0	NA	NA	0.0	0.0	0.0	0	0	NA	0	homozygousDel	4121361
14	106095154	106189110	INV	93957	0	0.0	0	0	NA	mappable	NA	NA	NA	NA	inf	0.9737685676	0.12106748	inf	106095154	106095154	106189110	106189110	NA	missing	NA	NA	0.0	NA	NA	0.0	0.0	0.0	0	0	NA	0	homozygousDel	4121361
14	106189111	106211721	DEL	22611	0	0.0	0	0	NA	mappable	NA	NA	NA	NA	inf	0.9737685676	0.13826729	inf	106189111	106189111	106211721	106211721	NA	missing	NA	NA	0.0	NA	NA	0.0	0.0	0.0	0	0	NA	0	homozygousDel	4121361
14	106211722	106211824	ITX	103	0	0.0	0	0	NA	mappable	NA	NA	NA	NA	inf	0.9737685676	0.29911012	inf	106211722	106211722	106211824	106211824	NA	missing	NA	NA	0.0	NA	NA	0.0	0.0	0.0	0	0	NA	0	homozygousDel	4121361
14	106211825	106240902	DEL	29078	0	0.0	0	0	NA	mappable	NA	NA	NA	NA	inf	0.9737685676	0.13488323	inf	106211825	106211825	106240902	106240902	NA	missing	NA	NA	0.0	NA	NA	0.0	0.0	0.0	0	0	NA	0	homozygousDel	4121361
14	106240903	106323185	INV	82283	881	0.7085423	872	113	99.0	mappable	0.174775	NA	NA	0.093387820536	0.00819672131	0.2345685676	0.12248667	0.1306834	106240903	106250082	106323170	106323185	0.81257336	2	271761.6	16.723788	0.7392	17.85367	1.1699477	1.0	0.0	0.7085423	1	0	1:0	1	LOH	4121361
14	106323186	106330073	DEL	6888	1064	1.3179542	1060	14	162.0	mappable	0.05400882	NA	NA	0.031603355935	0.05555555556	0.1250685676	0.15686435	0.21241991	106323186	106323290	106330067	106330073	NA	missing	312584.9	18.30358	0.8487	NA	NA	NA	NA	NA	NA	NA	NA	NA	NA	4121361
14	106330074	106804973	CTX	474900	3451	1.2044199	3391	109	300.0	mappable	0.10645	NA	NA	0.026613682605	0.00591715976	0.1454685676	0.10605992	0.11197708	106330074	106330081	106779888	106804973	0.27006372	1	291991.7	15.72263	0.8283	NA	NA	0.0	0.602209946	0.6022099	sub	sub	sub:sub	sub	sub	4121361
14	106804974	107259908	NA	454935	7048	2.0018418	6831	582	611.0	mappable	0.07385603	9.0	edge	0.011756144981	0.00125156446	0.0123685676	0.10640958	0.10766114	106804974	106830059	107259908	107259908	0.25106684	1	320926.7	16.709289	0.9715819	NA	NA	0.0	1.000920876	1.0009209	1	1	1:1	2	neutral	4121361
15	20850000	20859924	NA	9925	165	2.0018418	130	0	16.0	mappable	NA	9.0	edge	0.006739915254	0.02857142857	0.0017314324	0.15063813	0.17920955	20850000	20850000	20859924	20859924	NA	missing	320926.7	NA	0.9715819	NA	NA	NA	NA	NA	NA	NA	NA	NA	NA	4121361
15	22480079	23069956	NA	589878	4053	2.0018418	4003	207	449.0	mappable	0.07792661	9.0	self	0.010485646623	0.00389105058	0.0089314324	0.10432937	0.10822042	22480079	22480079	23069956	23069956	0.10808057	1	320926.7	16.709289	0.9715819	NA	NA	0.0	1.000920876	1.0009209	1	1	1:1	2	neutral	4121361
15	23710146	24329926	NA	619781	10366	2.0018418	10323	545	990.0	mappable	0.0889	9.0	NA	0.006400320536	0.00170068027	0.0269685676	0.10394255	0.10564323	23710146	23710146	24329926	24329926	0.18313648	1	320926.7	16.709289	0.9715819	NA	NA	0.0	1.000920876	1.0009209	1	1	1:1	2	neutral	4121361
15	24329927	24830091	NA	500165	0	0.0	0	0	NA	mappable	NA	NA	NA	NA	inf	0.9737685676	0.10564099	inf	24329927	24329927	24830091	24830091	NA	missing	NA	NA	0.0	NA	NA	0.0	0.0	0.0	0	0	NA	0	homozygousDel	4121361
15	24830092	28529988	NA	3699898	57386	2.0018418	57138	2866	5165.0	mappable	0.085575	9.0	NA	0.000178525	0.00032113038	0.0145325832	0.091663	0.09198413	24830092	24830092	28529988	28529988	0.16434768	1	320926.7	16.709289	0.9715819	NA	NA	0.0	1.000920876	1.0009209	1	1	1:1	2	neutral	4121361
15	29100034	30369914	NA	1269881	18280	2.0018418	18234	840	1822.0	mappable	0.07881912	9.0	self	0.003462179464	0.00112866817	0.0120685676	0.09863751	0.09976618	29100034	29100034	30369914	30369914	0.11530166	1	320926.7	16.709289	0.9715819	NA	NA	0.0	1.000920876	1.0009209	1	1	1:1	2	neutral	4121361
15	31160110	82479795	NA	51319696	690175	2.0018418	688068	25192	62084.0	mappable	0.085575	9.0	self	0.000150813623	3.663809e-05	0.0057656652	0.07808532	0.07812196	31160110	31160110	82479795	82479795	0.16172953	1	320926.7	16.709289	0.9715819	NA	NA	0.0	1.000920876	1.0009209	1	1	1:1	2	neutral	4121361
15	83211507	102399920	NA	19188420	295928	2.0018418	294941	13961	26656.0	mappable	0.08215	9.0	edge	0.003727620048	6.691201e-05	0.0069146224	0.08266604	0.08273295	83211507	83211507	102399920	102399920	0.16943825	1	320926.7	16.709289	0.9715819	NA	NA	0.0	1.000920876	1.0009209	1	1	1:1	2	neutral	4121361
16	100010	16289940	NA	16189931	297975	2.0018418	296685	14694	30701.0	mappable	0.08215	9.0	edge	0.001988873125	6.257039e-05	0.0111139456	0.08351221	0.08357478	100010	100010	16289940	16289940	0.16553582	1	320926.7	16.709289	0.9715819	NA	NA	0.0	1.000920876	1.0009209	1	1	1:1	2	neutral	4121361
16	16870104	18169896	NA	1299793	20467	2.0018418	20375	1133	1879.0	mappable	0.079825	9.0	self	0.003462179464	0.00081699346	0.0172685676	0.09847438	0.09929138	16870104	16870104	18169896	18169896	0.16818373	1	320926.7	16.709289	0.9715819	NA	NA	0.0	1.000920876	1.0009209	1	1	1:1	2	neutral	4121361
16	18800044	18834994	NA	34951	403	2.2824389	402	0	46.0	mappable	NA	NA	NA	0.381054487203	1.0	0.0482314324	0.13251136	1.13251136	18800044	18800044	18829968	18834994	NA	missing	324878.9	NA	1.022	NA	NA	NA	NA	NA	NA	NA	NA	NA	NA	4121361
16	18834995	18860004	NA	25010	278	1.6557743	277	0	27.0	mappable	NA	10.0	NA	0.187115093263	1.0	0.0643685676	0.1368905	1.1368905	18834995	18840021	18859988	18860004	NA	missing	309050.5	NA	0.9094	NA	NA	NA	NA	NA	NA	NA	NA	NA	NA	4121361
16	18860005	29039945	NA	10179943	124503	2.0018418	123923	5253	12454.0	mappable	0.08215	9.0	self	0.002201534774	0.00017143837	0.0117758542	0.08591351	0.08608495	18860005	18860021	29039945	29039945	0.16462944	1	320926.7	16.709289	0.9715819	NA	NA	0.0	1.000920876	1.0009209	1	1	1:1	2	neutral	4121361
16	29670028	31959970	NA	2289943	17531	2.0018418	17434	759	2076.0	mappable	0.08971667	9.0	self	0.002717130881	0.0011682243	0.0053314324	0.09466613	0.09583435	29670028	29670028	31959970	31959970	0.17003635	1	320926.7	16.709289	0.9715819	NA	NA	0.0	1.000920876	1.0009209	1	1	1:1	2	neutral	4121361
16	32520030	32649899	NA	129870	3149	2.0018418	2783	0	249.0	mappable	NA	9.0	self	0.012400414758	0.00273224044	0.0123314324	0.11773911	0.12047135	32520030	32520030	32649899	32649899	NA	missing	320926.7	NA	0.9715819	NA	NA	NA	NA	NA	NA	NA	NA	NA	NA	4121361
16	33590105	35279959	NA	1689855	15435	2.0018418	15352	64	1393.0	mappable	0.0616	9.0	self	0.024012179464	0.00680272109	0.0031685676	0.09667221	0.10347493	33590105	33590105	35279959	35279959	0.17142358	1	320926.7	16.709289	0.9715819	NA	NA	0.0	1.000920876	1.0009209	1	1	1:1	2	neutral	4121361
16	46450014	72140057	NA	25690050	340393	2.0018418	339107	14689	31596.0	mappable	0.08215	9.0	self	0.000824535221	6.260957e-05	0.0051022105	0.08125224	0.08131485	46450014	46450014	72139885	72140229	0.14721287	1	320926.7	16.709289	0.9715819	NA	NA	0.0	1.000920876	1.0009209	1	1	1:1	2	neutral	4121361
16	72140057	72170133	NA	30077	429	2.3258697	424	40	45.0	mappable	0.09191111	8.0	NA	0.008793772917	0.02222222222	0.0790314324	0.13444137	0.15666359	72139885	72140229	72169983	72170283	0.07055032	1	341005.6	18.166085	1.0298037	NA	NA	0.0	1.162934837	1.1629348	1	1	1:1	2	neutral	4121361
16	72170133	72189994	NA	19862	296	1.58208	296	19	25.0	mappable	0.10563868	12.0	NA	0.02002649575	0.05263157895	0.0637685676	0.14007836	0.19270993	72169983	72170283	72189979	72190009	NA	missing	279287.1	14.911126	0.8961585	NA	NA	NA	NA	NA	NA	NA	NA	NA	NA	4121361
16	72189994	86750050	NA	14560062	305953	2.0018418	305098	13490	28424.0	mappable	0.085575	9.0	NA	0.000672317511	6.971556e-05	0.0077301702	0.08404946	0.08411917	72189979	72190009	86749977	86750123	0.1528219	1	320926.7	16.709289	0.9715819	NA	NA	0.0	1.000920876	1.0009209	1	1	1:1	2	neutral	4121361
16	86750050	86760059	NA	10010	264	2.3664765	264	0	30.0	mappable	NA	NA	NA	NA	inf	0.0633314324	0.15049867	inf	86749977	86750123	86759975	86760143	NA	missing	338853.3	NA	1.0371	NA	NA	NA	NA	NA	NA	NA	NA	NA	NA	4121361
16	86760059	90109969	NA	3349911	55557	2.0018418	55258	1996	7218.0	mappable	0.08215	9.0	edge	3.7179464e-05	0.00043591979	0.0107685676	0.09226926	0.09270518	86759975	86760143	90109969	90109969	0.18389774	1	320926.7	16.709289	0.9715819	NA	NA	0.0	1.000920876	1.0009209	1	1	1:1	2	neutral	4121361
17	20080	18239982	NA	18219906	232507	2.0018418	231467	11450	24288.0	mappable	0.085575	9.0	edge	0.003330955582	8.007687e-05	0.0069956554	0.08292214	0.08300221	20080	20080	18239982	18239982	0.16314822	1	320926.7	16.709289	0.9715819	NA	NA	0.0	1.000920876	1.0009209	1	1	1:1	2	neutral	4121361
17	18750212	22239986	NA	3489775	25816	2.0018418	25156	654	2903.0	mappable	0.08065	9.0	self	0.004437179464	0.00076103501	0.0037314324	0.09201874	0.09277978	18750212	18750212	22239986	22239986	0.19490782	1	320926.7	16.709289	0.9715819	NA	NA	0.0	1.000920876	1.0009209	1	1	1:1	2	neutral	4121361
17	25390040	44279982	NA	18889947	211042	2.0018418	210229	8660	21963.0	mappable	0.078725	9.0	self	0.005091297176	0.00010556318	0.0087487592	0.08274339	0.08284895	25390040	25390040	44279982	44279982	0.17342069	1	320926.7	16.709289	0.9715819	NA	NA	0.0	1.000920876	1.0009209	1	1	1:1	2	neutral	4121361
17	44790026	81149937	NA	36359916	476088	2.0018418	474259	18939	48514.0	mappable	0.085575	9.0	edge	0.000324309092	4.815564e-05	0.0084313506	0.079631	0.07967916	44790026	44790026	81149937	81149937	0.15685711	1	320926.7	16.709289	0.9715819	NA	NA	0.0	1.000920876	1.0009209	1	1	1:1	2	neutral	4121361
18	130031	14119956	NA	13989932	212689	2.0018418	211984	11968	18492.0	mappable	0.08215	9.0	edge	0.003563190127	7.890791e-05	0.0001210195	0.0842535	0.08433241	130031	130031	14119956	14119956	0.13833394	1	320926.7	16.709289	0.9715819	NA	NA	0.0	1.000920876	1.0009209	1	1	1:1	2	neutral	4121361
18	14119957	14910026	NA	790070	0	0.0	0	0	NA	mappable	NA	NA	NA	NA	inf	0.9737685676	0.10208446	inf	14119957	14119957	14910026	14910026	NA	missing	NA	NA	0.0	NA	NA	0.0	0.0	0.0	0	0	NA	0	homozygousDel	4121361
18	14910027	14929888	NA	19862	364	2.0748493	363	0	30.0	mappable	NA	NA	NA	0.072282557378	1.0	0.0109314324	0.14007836	1.14007836	14910027	14910027	14929888	14929888	NA	missing	343264.9	NA	0.9847	NA	NA	NA	NA	NA	NA	NA	NA	NA	NA	4121361
18	18540053	60793442	NA	42253393	599303	2.0018418	597364	25134	49228.0	mappable	0.085575	9.0	self	0.001712008359	3.693853e-05	0.0014797685	0.07894977	0.0789867	18540053	18540053	60793417	60793442	0.14696485	1	320926.7	16.709289	0.9715819	NA	NA	0.0	1.000920876	1.0009209	1	1	1:1	2	neutral	4121361
18	60793443	78009968	CTX	17216526	279848	2.0018418	278634	14264	23973.0	mappable	0.085575	9.0	edge	3.7179464e-05	6.461618e-05	0.0002314324	0.08320405	0.08326867	60793443	60793444	78009968	78009968	0.17738801	1	320926.7	16.709289	0.9715819	NA	NA	0.0	1.000920876	1.0009209	1	1	1:1	2	neutral	4121361
19	260137	24569972	NA	24309838	256754	2.0018418	254909	11854	31033.0	mappable	0.08215	9.0	edge	0.000913272168	7.300336e-05	0.0099186257	0.08151608	0.08158908	260137	260137	24569972	24569972	0.18532292	1	320926.7	16.709289	0.9715819	NA	NA	0.0	1.000920876	1.0009209	1	1	1:1	2	neutral	4121361
19	27750002	43209995	NA	15459994	197643	2.0018418	196863	8948	20492.0	mappable	0.08215	9.0	NA	0.003462179464	0.00010281719	0.0103685676	0.08374495	0.08384777	27750002	27750002	43209995	43209995	0.15151375	1	320926.7	16.709289	0.9715819	NA	NA	0.0	1.000920876	1.0009209	1	1	1:1	2	neutral	4121361
19	43209996	43800005	NA	590010	0	0.0	0	0	NA	mappable	NA	NA	NA	NA	inf	0.9737685676	0.10432761	inf	43209996	43209996	43800005	43800005	NA	missing	NA	NA	0.0	NA	NA	0.0	0.0	0.0	0	0	NA	0	homozygousDel	4121361
19	43800006	48700183	NA	4900178	54526	2.0018418	54287	2326	6171.0	mappable	0.085575	9.0	NA	0.003387820536	0.00038986355	0.0086685676	0.08999117	0.09038103	43800006	43800006	48699889	48700477	0.16574143	1	320926.7	16.709289	0.9715819	NA	NA	0.0	1.000920876	1.0009209	1	1	1:1	2	neutral	4121361
19	48700183	48709953	NA	9771	171	2.5111771	171	0	29.0	mappable	NA	NA	NA	NA	inf	0.0893314324	0.15089453	inf	48699889	48700477	48709893	48709953	NA	missing	362441.4	NA	1.0631	NA	NA	NA	NA	NA	NA	NA	NA	NA	NA	4121361
19	48709954	59089999	NA	10380046	107824	2.0018418	107244	5859	12365.0	mappable	0.08215	9.0	edge	0.003462179464	0.00015530362	0.0132685676	0.08580999	0.08596529	48709954	48710014	59089999	59089999	0.16163753	1	320926.7	16.709289	0.9715819	NA	NA	0.0	1.000920876	1.0009209	1	1	1:1	2	neutral	4121361
20	60479	25729738	NA	25669265	400283	2.0018418	398979	20057	35032.0	mappable	0.085575	9.0	edge	0.001300994009	4.681648e-05	0.0025015246	0.08125609	0.08130291	60479	60479	25729738	25729738	0.1480136	1	320926.7	16.709289	0.9715819	NA	NA	0.0	1.000920876	1.0009209	1	1	1:1	2	neutral	4121361
20	29810057	34030018	NA	4219962	53350	2.0018418	53070	2077	5543.0	mappable	0.0782	9.0	NA	0.006887179464	0.00042426814	0.0053685676	0.09087275	0.09129702	29810057	29810057	34029934	34030102	0.16696469	1	320926.7	16.709289	0.9715819	NA	NA	0.0	1.000920876	1.0009209	1	1	1:1	2	neutral	4121361
20	34030018	34040117	NA	10100	158	1.459872	158	0	28.0	mappable	NA	NA	NA	NA	inf	0.0995685676	0.15035257	inf	34029934	34030102	34039980	34040117	NA	missing	286758.0	NA	0.8742	NA	NA	NA	NA	NA	NA	NA	NA	NA	NA	4121361
20	34040118	53530015	NA	19489899	283940	2.0018418	282902	10895	27838.0	mappable	0.085575	9.0	NA	0.000400921961	8.38223e-05	0.0092229552	0.08258926	0.08267308	34040118	34040255	53529971	53530059	0.16874203	1	320926.7	16.709289	0.9715819	NA	NA	0.0	1.000920876	1.0009209	1	1	1:1	2	neutral	4121361
20	53530015	53540762	NA	10748	192	2.5095075	192	0	20.0	mappable	NA	NA	NA	NA	inf	0.0890314324	0.14934534	inf	53529971	53530059	53540744	53540762	NA	missing	333603.8	NA	1.0628	NA	NA	NA	NA	NA	NA	NA	NA	NA	NA	4121361
20	53540763	62909989	NA	9369227	159843	2.0018418	159160	6754	16912.0	mappable	0.08215	9.0	edge	0.003462179464	0.00013449899	0.0098685676	0.08635766	0.08649215	53540763	53540781	62909989	62909989	0.14751986	1	320926.7	16.709289	0.9715819	NA	NA	0.0	1.000920876	1.0009209	1	1	1:1	2	neutral	4121361
21	10720001	11014966	NA	294966	4832	2.0531442	4397	0	543.0	mappable	NA	NA	edge	0.194562820536	0.00229885057	0.0070314324	0.1100704	0.11236925	10720001	10720001	10859932	11170000	NA	missing	689104.9	NA	0.9808	NA	NA	NA	NA	NA	NA	NA	NA	NA	NA	4121361
21	11014966	11179964	NA	164999	291	2.0018418	250	0	50.0	mappable	NA	9.0	self	0.019430257511	0.0243902439	0.0361685676	0.11539284	0.13978308	10859932	11170000	11179964	11179964	NA	missing	320926.7	NA	0.9715819	NA	NA	NA	NA	NA	NA	NA	NA	NA	NA	4121361
21	15410077	48099931	NA	32689866	516233	2.0018418	513828	24175	45911.0	mappable	0.08215	9.0	edge	0.002078029282	3.76251e-05	0.0014915214	0.08012069	0.08015832	15410077	15410077	48099931	48099931	0.16879191	1	320926.7	16.709289	0.9715819	NA	NA	0.0	1.000920876	1.0009209	1	1	1:1	2	neutral	4121361
22	16850007	43000002	NA	26149999	312162	2.0018418	310696	14206	33565.0	mappable	0.08215	9.0	edge	0.002918083068	6.382028e-05	0.0132082304	0.08116782	0.08123164	16850007	16850007	42999919	43000002	0.16357305	1	320926.7	16.709289	0.9715819	NA	NA	0.0	1.000920876	1.0009209	1	1	1:1	2	neutral	4121361
22	43000003	49369998	NA	6369996	111133	0.9617682	110581	5734	12869.0	mappable	0.181475	NA	NA	0.095862820536	0.00015910899	0.1890685676	0.08848437	0.08864348	43000003	43000086	49369994	49370002	0.65396956	2	279770.6	16.986074	0.7847	17.3141	0.9865117	0.9730233	0.012972649	0.9487956	1	0	1:0	1	LOH	4121361
22	49369998	51179984	NA	1809987	32308	0.9848051	32096	1693	3952.0	mappable	0.13695	NA	edge	0.054208535397	0.00052493438	0.1849292244	0.09621144	0.09673638	49369994	49370002	51179984	51179984	0.67501793	2	281612.7	17.097912	0.7888393	17.33665	0.9776373	0.9552747	0.022022853	0.9627822	1	0	1:0	1	LOH	4121361
23	2700027	30020053	NA	27320027	257118	2.1257397	257118	287	11393.0	mappable	0.181475	NA	NA	NA	NA	NA	NA	NA	2700027	2700027	30019944	30020162	0.35088743	2	227061.4	10.017417	1.3758	NA	NA	NA	NA	NA	2	NA	2	2	gain	4121361
23	30020053	31870025	NA	1849973	18565	3.1756534	18565	16	858.0	mappable	0.08472778	NA	NA	NA	NA	NA	NA	NA	30019944	30020162	31869923	31870025	NA	missing	285979.5	13.004337	1.7531	NA	NA	NA	NA	NA	3	NA	3	3	gain	4121361
23	31870026	32080089	NA	210064	2421	2.1649758	2421	5	92.0	mappable	0.47620385	NA	NA	NA	NA	NA	NA	NA	31870026	31870128	32079973	32080089	NA	missing	218653.9	16.720594	1.3899	NA	NA	NA	NA	NA	2	NA	2	2	gain	4121361
23	32080090	32090019	NA	9930	148	2.6360874	148	0	8.0	mappable	NA	NA	NA	NA	NA	NA	NA	NA	32080090	32080206	32089874	32090164	NA	missing	224543.8	NA	1.5592	NA	NA	NA	NA	NA	3	NA	3	3	gain	4121361
23	32090019	58499983	NA	26409965	211481	2.1265745	211481	249	9282.0	mappable	0.50685	NA	NA	NA	NA	NA	NA	NA	32089874	32090164	58499983	58499983	0.30764768	1	230023.3	9.410045	1.3761	NA	NA	NA	NA	NA	2	NA	2	2	gain	4121361
23	61750000	70309793	NA	8559794	78075	2.1240701	78075	67	3479.0	mappable	0.332175	NA	NA	NA	NA	NA	NA	NA	61750000	61750000	70309574	70309793	NA	missing	231642.2	9.503268	1.3752	NA	NA	NA	NA	NA	2	NA	2	2	gain	4121361
23	70309794	70350115	NA	40322	350	2.449368	350	0	12.0	mappable	NA	NA	NA	NA	NA	NA	NA	NA	70309794	70310013	70349959	70350115	NA	missing	248331.7	NA	1.4921	NA	NA	NA	NA	NA	2	NA	2	2	gain	4121361
23	70350116	88459980	NA	18109865	166797	2.099304	166797	214	6675.0	mappable	0.35615	NA	NA	NA	NA	NA	NA	NA	70350116	70350272	88459980	88459980	0.21034981	1	229951.0	10.220046	1.3663	NA	NA	NA	NA	NA	2	NA	2	2	gain	4121361
23	88990017	89349936	NA	359920	1087	2.147723	1087	0	47.0	mappable	NA	NA	NA	NA	NA	NA	NA	NA	88990017	88990017	89349936	89349936	NA	missing	214457.5	NA	1.3837	NA	NA	NA	NA	NA	2	NA	2	2	gain	4121361
23	89349937	90140198	NA	790262	0	0.0	0	0	NA	mappable	NA	NA	NA	NA	NA	NA	NA	NA	89349937	89349937	90140198	90140198	NA	missing	NA	NA	0.0	NA	NA	0.0	0.0	0.0	0	0	-2	0	homozygousDel	4121361
23	90140199	91529952	NA	1389754	5097	2.0742597	5097	5	197.0	mappable	0.72125342	NA	NA	NA	NA	NA	NA	NA	90140199	90140199	91529952	91529952	NA	missing	223803.0	6.266483	1.3573	NA	NA	NA	NA	NA	2	NA	2	2	gain	4121361
23	91529953	92379999	NA	850047	0	0.0	0	0	NA	mappable	NA	NA	NA	NA	NA	NA	NA	NA	91529953	91529953	92379999	92379999	NA	missing	NA	NA	0.0	NA	NA	0.0	0.0	0.0	0	0	-2	0	homozygousDel	4121361
23	92380000	124400034	NA	32020035	291299	2.122957	291299	282	12239.0	mappable	0.154075	NA	NA	NA	NA	NA	NA	NA	92380000	92380000	124399986	124400082	0.08639683	1	228447.6	9.429835	1.3748	NA	NA	NA	NA	NA	2	NA	2	2	gain	4121361
23	124400034	124430002	NA	29969	534	1.3699576	534	0	24.0	mappable	NA	NA	NA	NA	NA	NA	NA	NA	124399986	124400082	124429766	124430238	NA	missing	202528.3	NA	1.1042	NA	NA	NA	NA	NA	1	NA	1	1	neutral	4121361
23	124430002	154929639	NA	30499638	274033	2.1073738	274033	339	12335.0	mappable	0.133525	NA	NA	NA	NA	NA	NA	NA	124429766	124430238	154929639	154929639	0.11524698	1	231442.5	10.983712	1.3692	NA	NA	NA	NA	NA	2	NA	2	2	gain	4121361
24	2653090	2919837	NA	266748	293	1.0713736	293	0	9.0	mappable	NA	NA	NA	NA	NA	NA	NA	NA	2653090	2653090	2919837	2919837	NA	missing	153632.4	NA	0.9969	NA	NA	NA	NA	NA	1	NA	1	1	neutral	4121361
24	3712028	3719919	NA	7892	141	0.7204748	141	0	6.0	mappable	NA	NA	NA	NA	NA	NA	NA	NA	3712028	3712028	3719919	3719919	NA	missing	137574.3	NA	0.8708	NA	NA	NA	NA	NA	1	NA	1	1	neutral	4121361
24	6420014	10069977	NA	3649964	6057	1.0947483	6057	30	314.0	mappable	0.24640476	NA	NA	NA	NA	NA	NA	NA	6420014	6420014	10069977	10069977	NA	missing	164680.6	6.845055	1.0053	NA	NA	NA	NA	NA	1	NA	1	1	neutral	4121361
24	13130817	19558992	NA	6428176	11901	0.9965189	11901	166	1061.0	mappable	0.30135	NA	NA	NA	NA	NA	NA	NA	13130817	13130817	19558992	19558992	0.60537568	2	216845.4	8.193904	0.97	NA	NA	NA	NA	NA	1	NA	1	1	neutral	4121361
24	20802956	23808171	NA	3005216	2839	0.9965189	2840	0	156.0	mappable	NA	NA	NA	NA	NA	NA	NA	NA	20802956	20802956	23808171	23808171	NA	missing	152389.7	NA	0.97	NA	NA	NA	NA	NA	1	NA	1	1	neutral	4121361
24	24381338	24508205	NA	126868	227	1.0552339	227	0	9.0	mappable	NA	NA	NA	NA	NA	NA	NA	NA	24381338	24381338	24508205	24508205	NA	missing	174221.6	NA	0.9911	NA	NA	NA	NA	NA	1	NA	1	1	neutral	4121361
24	28780461	28789809	NA	9349	78	0.7666677	78	10	24.0	mappable	0.42932985	NA	NA	NA	NA	NA	NA	NA	28780461	28780461	28789809	28789809	NA	missing	437135.7	15.753917	0.8874	NA	NA	NA	NA	NA	1	NA	1	1	neutral	4121361
