#chromosome	start	end	crest	length	tcnNbrOfLoci	tcnMean	tcnNbrOfSNPs	tcnNbrOfHets	dhNbrOfLoci	map	dhMax	cluster	neighbour	distDH	errorSNP	distTcn	errorLength	totalError	minStart	maxStart	minStop	maxStop	area	peaks	meanCovT	meanCovB	tcnMeanRaw	AF	BAF	dhMean	c1Mean	c2Mean	A	B	genotype	TCN	GNL	PID
1	840009	12839977	NA	11999970	171922	1.9963158	171072	7064	14512.0	mappable	0.089	1.0	edge	0.00418191711	0.00012635835	0.00220893415	0.08504657	0.08517293	840009	840009	12839977	12839977	0.21702987	1	335517.48	17.641091	1.0052547	NA	NA	0.0	0.998157922	0.9981579	1	1	1:1	2	neutral	4110378
1	13781517	31980015	NA	18198504	229553	1.9963158	228590	10736	18809.0	mappable	0.089	1.0	NA	0.00298683588	8.547739e-05	0.00288161521	0.08292797	0.08301344	13781517	13781517	31979975	31980055	0.19253336	1	335517.48	17.641091	1.0052547	NA	NA	0.0	0.998157922	0.9981579	1	1	1:1	2	neutral	4110378
1	31980015	31989963	NA	9949	153	2.231505	153	0	15.0	mappable	NA	NA	NA	NA	inf	0.07989192205	0.1505986	inf	31979975	31980055	31989871	31990055	NA	missing	325725.7	NA	1.081	NA	NA	NA	NA	NA	NA	NA	NA	NA	NA	4110378
1	31989963	35649996	NA	3660034	44696	1.9963158	44582	1411	3490.0	mappable	0.08948986	1.0	NA	0.00364871329	0.0006557377	0.00160807795	0.09172871	0.09238444	31989871	31990055	35649991	35649996	0.17551201	1	335517.48	17.641091	1.0052547	NA	NA	0.0	0.998157922	0.9981579	1	1	1:1	2	neutral	4110378
1	35649997	35679974	NA	29978	331	2.312697	330	0	23.0	mappable	NA	4.0	NA	0.01868462004	1.0	0.10079192205	0.13448437	1.13448437	35649997	35650002	35669895	35690053	NA	missing	357273.65	NA	1.1071488	NA	NA	NA	NA	NA	NA	NA	NA	NA	NA	4110378
1	35679974	35739984	NA	60011	405	1.7002395	405	0	33.0	mappable	NA	NA	NA	NA	inf	0.09120807795	0.12600061	inf	35669895	35690053	35739901	35740067	NA	missing	340430.59	NA	0.9099	NA	NA	NA	NA	NA	NA	NA	NA	NA	NA	4110378
1	35739984	120529963	NA	84789985	1117983	1.9963158	1114377	46747	80694.0	mappable	0.085575	1.0	NA	0.00018334384	1.985979e-05	0.00136277429	0.07593767	0.07595753	35739901	35740067	120529963	120529963	0.2034788	1	335517.48	17.641091	1.0052547	NA	NA	0.0	0.998157922	0.9981579	1	1	1:1	2	neutral	4110378
1	121220004	121229986	NA	9983	177	2.037753	176	12	16.0	mappable	0.20035741	NA	NA	0.11063389848	0.07692307692	0.01749192205	0.15054281	0.22746588	121220004	121220004	121229986	121229986	NA	missing	342512.0	19.136561	1.0186	NA	NA	NA	NA	NA	NA	NA	NA	NA	NA	4110378
1	144010127	144019970	NA	9844	155	2.098611	99	0	15.0	mappable	NA	NA	NA	0.19327045566	0.01785714286	0.03709192205	0.15077238	0.16862952	144010127	144010127	144019970	144019970	NA	missing	981694.0	NA	1.0382	NA	NA	NA	NA	NA	NA	NA	NA	NA	NA	4110378
1	144920087	145739956	NA	819870	6366	1.9963158	5770	47	524.0	mappable	0.11489167	1.0	self	0.03572371329	0.00155520995	0.00050807795	0.10180689	0.1033621	144920087	144920087	145739956	145739956	0.3124008	1	335517.48	17.641091	1.0052547	NA	NA	0.0	0.998157922	0.9981579	1	1	1:1	2	neutral	4110378
1	146540101	147829895	NA	1289795	11656	1.9963158	11625	527	823.0	mappable	0.089	1.0	self	0.00022371329	0.0017921147	0.01129192205	0.09852843	0.10032054	146540101	146540101	147829895	147829895	0.19217845	1	335517.48	17.641091	1.0052547	NA	NA	0.0	0.998157922	0.9981579	1	1	1:1	2	neutral	4110378
1	149815060	151489988	NA	1674929	14963	1.9963158	14864	567	1296.0	mappable	0.08059474	1.0	self	0.00320128671	0.0015015015	0.00259192205	0.09673206	0.09823356	149815060	149815060	151489921	151490055	0.25404241	1	335517.48	17.641091	1.0052547	NA	NA	0.0	0.998157922	0.9981579	1	1	1:1	2	neutral	4110378
1	151489988	194459999	NA	42970015	579950	1.990199	577989	27192	41458.0	mappable	0.654125	6.0	NA	0.57044691502	3.430179e-05	0.00479424018	0.07887422	0.07890852	151489921	151490055	194459926	194460072	0.96945616	2	337156.12	27.604764	1.0032847	16.91084	0.9989348	0.99786959	0.00211997	1.988079	2	0	2:0	2	cnLOH	4110378
1	194459999	194479975	NA	19977	330	1.759545	330	2	24.0	mappable	0.56666667	NA	NA	0.48131537996	0.5	0.07210807795	0.13999669	0.63999669	194459926	194460072	194479949	194480001	NA	missing	332391.28	26.037317	0.929	NA	NA	NA	NA	NA	NA	NA	NA	NA	NA	4110378
1	194479975	201870035	NA	7390061	102402	1.990199	102085	4735	7122.0	mappable	0.647275	6.0	NA	0.56192371329	0.00019794141	0.00549192205	0.08765335	0.08785129	194479949	194480001	201869996	201870074	0.97637326	2	337156.12	27.604764	1.0032847	16.91084	0.9989348	0.99786959	0.00211997	1.988079	2	0	2:0	2	cnLOH	4110378
1	201870035	201889995	NA	19961	329	1.7126595	326	25	34.0	mappable	0.7362503	NA	NA	0.64430134487	0.03571428571	0.08720807795	0.14000802	0.1757223	201869996	201870074	201889884	201889995	NA	missing	291817.5	24.179164	0.9139	NA	NA	NA	NA	NA	NA	NA	NA	NA	NA	4110378
1	201889996	224710009	NA	22820015	301205	1.990199	300278	12688	22462.0	mappable	0.654125	6.0	NA	0.56914174671	7.34484e-05	0.00030523769	0.08182035	0.0818938	201889996	201890107	224709987	224710031	0.96823213	2	337156.12	27.604764	1.0032847	16.91084	0.9989348	0.99786959	0.00211997	1.988079	2	0	2:0	2	cnLOH	4110378
1	224710009	224740044	NA	30036	426	1.7809695	426	0	27.0	mappable	NA	NA	NA	NA	inf	0.06520807795	0.13445916	inf	224709987	224710031	224739948	224740044	NA	missing	324847.48	NA	0.9359	NA	NA	NA	NA	NA	NA	NA	NA	NA	NA	4110378
1	224740045	228960024	NA	4219980	52103	1.990199	51898	2814	4009.0	mappable	0.666625	6.0	NA	0.58247371329	0.00033123551	0.00359192205	0.09087272	0.09120396	224740045	224740141	228959944	228960104	0.98290439	2	337156.12	27.604764	1.0032847	16.91084	0.9989348	0.99786959	0.00211997	1.988079	2	0	2:0	2	cnLOH	4110378
1	228960024	228969990	NA	9967	199	1.6704315	192	23	16.0	mappable	0.64691429	NA	NA	0.52958561805	0.03333333333	0.10080807795	0.15056903	0.18390237	228959944	228960104	228969959	228969990	NA	missing	307866.7	24.37278	0.9003	NA	NA	NA	NA	NA	NA	NA	NA	NA	NA	4110378
1	228969991	229018445	NA	48455	817	1.99863	815	58	55.0	mappable	0.5653	NA	NA	0.47994871329	0.01666666667	0.00489192205	0.12849872	0.14516538	228969991	228970022	229018445	229018445	0.99843604	2	316042.04	25.290116	1.006	15.80903	0.9691996	0.93839925	0.061558558	1.9370714	2	0	2:0	2	cnLOH	4110378
1	229018446	229039998	NA	21553	361	1.836549	361	0	33.0	mappable	NA	NA	NA	NA	inf	0.04730807795	0.13893133	inf	229018446	229018446	229039973	229039998	NA	missing	313173.53	NA	0.9538	NA	NA	NA	NA	NA	NA	NA	NA	NA	NA	4110378
1	229039999	244169977	NA	15129987	218501	1.990199	217709	9406	16579.0	mappable	0.654125	6.0	NA	0.56701928247	9.805844e-05	5.774637e-05	0.08385425	0.08395231	229039999	229040024	244169914	244170040	0.96261707	2	337156.12	27.604764	1.0032847	16.91084	0.9989348	0.99786959	0.00211997	1.988079	2	0	2:0	2	cnLOH	4110378
1	244169977	244210008	NA	40032	640	1.8207135	639	35	36.0	mappable	0.70024825	NA	NA	0.61489695891	0.02777777778	0.05240807795	0.13081415	0.15859193	244169914	244170040	244209928	244210088	0.99682996	2	331379.8	27.614983	0.9487	17.57744	1.0392965	1.0	0.0	1.8207135	2	0	2:0	2	cnLOH	4110378
1	244210008	249209945	NA	4999939	71269	1.990199	70849	4044	5469.0	mappable	0.667825	6.0	edge	0.58462124353	0.00022401434	0.00253175845	0.08987359	0.0900976	244209928	244210088	249209945	249209945	0.95268304	2	337156.12	27.604764	1.0032847	16.91084	0.9989348	0.99786959	0.00211997	1.988079	2	0	2:0	2	cnLOH	4110378
2	20016	3340044	NA	3320029	57668	2.1109934	57160	3507	4930.0	mappable	0.085575	8.0	edge	0.00022371329	0.000249066	0.03869192205	0.09232432	0.09257339	20016	20016	3339994	3340094	0.15956414	1	352139.99	18.291167	1.0421879	NA	NA	0.0	1.055496715	1.0554967	1	1	1:1	2	neutral	4110378
2	3340044	3389952	NA	49909	678	2.312697	671	40	64.0	mappable	0.099525	4.0	NA	0.01845228472	0.02127659574	0.12369192205	0.12814752	0.14942412	3339994	3340094	3389829	3389952	0.28243324	1	357273.65	18.863268	1.1071488	NA	NA	0.0	1.156348512	1.1563485	1	1	1:1	2	neutral	4110378
2	3389953	5549932	NA	2159980	32311	2.1109934	32228	1220	2285.0	mappable	0.08215	8.0	NA	0.00022371329	0.00076745971	0.04029192205	0.09504535	0.09581281	3389953	3390076	5549845	5549932	0.16915413	1	352139.99	18.291167	1.0421879	NA	NA	0.0	1.055496715	1.0554967	1	1	1:1	2	neutral	4110378
2	5549933	5569991	NA	20059	350	1.9963158	349	14	17.0	mappable	0.09156875	1.0	self	0.00621746329	0.06666666667	0.01590807795	0.1399388	0.20660547	5549933	5550020	5569934	5569991	NA	missing	335517.48	17.641091	1.0052547	NA	NA	NA	NA	NA	NA	NA	NA	NA	NA	4110378
2	5569992	18679991	NA	13110001	200248	2.1109934	199609	8443	14697.0	mappable	0.08215	8.0	NA	0.0009631491	0.00011010791	0.04220016583	0.08458747	0.08469758	5569992	5570049	18679970	18680012	0.15815567	1	352139.99	18.291167	1.0421879	NA	NA	0.0	1.055496715	1.0554967	1	1	1:1	2	neutral	4110378
2	18679991	18690011	NA	10021	186	1.9007213	185	0	17.0	mappable	NA	10.0	NA	0.15602802364	1.0	0.04670807795	0.15048072	1.15048072	18679970	18680012	18689960	18690062	NA	missing	350855.0	NA	0.9744674	NA	NA	NA	NA	NA	NA	NA	NA	NA	NA	4110378
2	18690011	40054990	NA	21364980	318394	2.1109934	317436	13082	23572.0	mappable	0.08215	8.0	NA	0.00320128671	7.124029e-05	0.04399192205	0.08213976	0.082211	18689960	18690062	40049910	40054990	0.1603903	1	352139.99	18.291167	1.0421879	NA	NA	0.0	1.055496715	1.0554967	1	1	1:1	2	neutral	4110378
2	40054991	40069962	NA	14972	219	2.4758685	218	7	20.0	mappable	0.1198366	NA	NA	0.03950560984	0.125	0.15859192205	0.14419632	0.26919632	40054991	40060071	40069922	40070002	NA	missing	374188.9	20.268565	1.1597	NA	NA	NA	NA	NA	NA	NA	NA	NA	NA	4110378
2	40069962	43340017	NA	3270056	56058	2.1109934	55888	2833	3899.0	mappable	0.08215	8.0	NA	0.00278488644	0.00033300033	0.04435633569	0.09241767	0.09275067	40069922	40070002	43339995	43340039	0.13554319	1	352139.99	18.291167	1.0421879	NA	NA	0.0	1.055496715	1.0554967	1	1	1:1	2	neutral	4110378
2	43340017	43360031	NA	20015	451	1.945845	449	0	40.0	mappable	NA	NA	NA	0.28398669239	0.5	0.01210807795	0.13996983	0.63996983	43339995	43340039	43359998	43360031	NA	missing	315412.7	NA	0.989	NA	NA	NA	NA	NA	NA	NA	NA	NA	NA	4110378
2	43360032	64119971	NA	20759941	321891	2.1109934	320998	14878	22599.0	mappable	0.08215	8.0	NA	0.00249978068	6.341154e-05	0.04399887596	0.08227981	0.08234322	43360032	43360065	64119931	64120011	0.14527881	1	352139.99	18.291167	1.0421879	NA	NA	0.0	1.055496715	1.0554967	1	1	1:1	2	neutral	4110378
2	64119971	64139979	NA	20009	302	2.312697	302	13	20.0	mappable	0.063325	4.0	NA	0.02202628671	0.07692307692	0.10969192205	0.13997406	0.21689714	64119931	64120011	64139919	64140039	NA	missing	357273.65	18.863268	1.1071488	NA	NA	NA	NA	NA	NA	NA	NA	NA	NA	4110378
2	64139979	87059860	NA	22919882	322164	2.1109934	321175	15783	22836.0	mappable	0.08215	8.0	NA	0.00320128671	5.962318e-05	0.04289192205	0.08179927	0.08185889	64139919	64140039	87059860	87059860	0.15046824	1	352139.99	18.291167	1.0421879	NA	NA	0.0	1.055496715	1.0554967	1	1	1:1	2	neutral	4110378
2	88330099	89094923	NA	764825	9474	2.1109934	9448	348	780.0	mappable	0.085575	8.0	NA	0.00022371329	0.00268096515	0.04399192205	0.10232916	0.10501013	88330099	88330099	89059837	89130009	0.17246984	1	352139.99	18.291167	1.0421879	NA	NA	0.0	1.055496715	1.0554967	1	1	1:1	2	neutral	4110378
2	89094923	89161069	NA	66147	1118	1.123641	1116	28	67.0	mappable	0.16126667	NA	NA	0.34179871329	0.03333333333	0.27690807795	0.12489549	0.15822883	89059837	89130009	89161069	89161069	NA	missing	240777.96	17.055106	0.7242	NA	NA	NA	NA	NA	NA	NA	NA	NA	NA	4110378
2	89161070	89197299	INV	36230	1011	1.0534177	1011	16	73.0	mappable	0.51801364	3.0	NA	0.43266234966	0.0625	0.33220807795	0.13205768	0.19455768	89161070	89161072	89197190	89197299	NA	missing	233560.52	17.288524	0.7015838	NA	NA	NA	NA	NA	NA	NA	NA	NA	NA	4110378
2	89197300	89229990	INV	32691	275	0.9848475	273	0	17.0	mappable	NA	NA	NA	0.6029078226	0.5	0.32160807795	0.13336351	0.63336351	89197300	89197396	89229990	89229990	NA	missing	233122.39	NA	0.6795	NA	NA	NA	NA	NA	NA	NA	NA	NA	NA	4110378
2	89840102	90239998	NA	399897	914	2.1109934	906	16	56.0	mappable	0.07462097	8.0	NA	0.01375962004	0.04166666667	0.07569192205	0.10747332	0.14913999	89840102	89840102	90239998	90239998	NA	missing	352139.99	18.291167	1.0421879	NA	NA	NA	NA	NA	NA	NA	NA	NA	NA	4110378
2	95580145	96239991	NA	659847	4443	2.1109934	4430	152	345.0	mappable	0.09724286	8.0	NA	0.02109514186	0.00606060606	0.04049192205	0.10345663	0.10951724	95580145	95580145	96239991	96239991	0.10303596	1	352139.99	18.291167	1.0421879	NA	NA	0.0	1.055496715	1.0554967	1	1	1:1	2	neutral	4110378
2	96239992	96740020	NA	500029	0	0.0	0	0	NA	mappable	NA	NA	NA	NA	inf	1.00110807795	0.10564318	inf	96239992	96239992	96740020	96740020	NA	missing	NA	NA	0.0	NA	NA	0.0	0.0	0.0	0	0	NA	0	homozygousDel	4110378
2	96740021	132189994	NA	35449974	448347	2.1109934	447006	19664	32432.0	mappable	0.08215	8.0	NA	0.00320128671	4.760771e-05	0.04379192205	0.0797471	0.07979471	96740021	96740021	132189994	132189994	0.13568821	1	352139.99	18.291167	1.0421879	NA	NA	0.0	1.055496715	1.0554967	1	1	1:1	2	neutral	4110378
2	132189995	133009999	NA	820005	0	0.0	0	0	NA	mappable	NA	NA	NA	NA	inf	1.00110807795	0.10180566	inf	132189995	132189995	133009999	133009999	NA	missing	NA	NA	0.0	NA	NA	0.0	0.0	0.0	0	0	NA	0	homozygousDel	4110378
2	133010000	150600032	NA	17590033	243272	2.1109934	242527	10010	16970.0	mappable	0.0798	8.0	NA	0.00320128671	9.298001e-05	0.04589192205	0.08309701	0.08318999	133010000	133010000	150599999	150600032	0.14372457	1	352139.99	18.291167	1.0421879	NA	NA	0.0	1.055496715	1.0554967	1	1	1:1	2	neutral	4110378
2	150600033	150629986	NA	29954	293	2.312697	293	13	20.0	mappable	0.09285577	4.0	NA	0.00750448252	0.07692307692	0.12249192205	0.13449482	0.2114179	150600033	150600066	150629961	150629986	NA	missing	357273.65	18.863268	1.1071488	NA	NA	NA	NA	NA	NA	NA	NA	NA	NA	4110378
2	150629987	164219941	NA	13589955	177777	2.1109934	177177	8161	11994.0	mappable	0.08274167	8.0	NA	0.00320128671	0.00011414222	0.04399192205	0.0844023	0.08451644	150629987	150630012	164219769	164220113	0.14407701	1	352139.99	18.291167	1.0421879	NA	NA	0.0	1.055496715	1.0554967	1	1	1:1	2	neutral	4110378
2	164219941	164240090	NA	20150	292	2.2988835	289	0	25.0	mappable	NA	NA	NA	0.04748581007	0.33333333333	0.10159192205	0.13987489	0.47320822	164219769	164220113	164239990	164240090	NA	missing	371808.51	NA	1.1027	NA	NA	NA	NA	NA	NA	NA	NA	NA	NA	4110378
2	164240091	195829980	NA	31589890	423455	2.1109934	422037	18670	29039.0	mappable	0.078725	8.0	NA	0.00320128671	4.978096e-05	0.04599192205	0.0802795	0.08032928	164240091	164240191	195829953	195830007	0.15793381	1	352139.99	18.291167	1.0421879	NA	NA	0.0	1.055496715	1.0554967	1	1	1:1	2	neutral	4110378
2	195829980	195849996	NA	20017	321	2.312697	320	18	25.0	mappable	0.05333056	4.0	NA	0.03202073115	0.05263157895	0.12739192205	0.13996841	0.19259999	195829953	195830007	195849958	195849996	NA	missing	357273.65	18.863268	1.1071488	NA	NA	NA	NA	NA	NA	NA	NA	NA	NA	4110378
2	195849997	213829987	NA	17979992	225533	2.1109934	224831	9867	15956.0	mappable	0.08215	8.0	NA	0.00126891137	9.461633e-05	0.0438990137	0.08298793	0.08308255	195849997	195850035	213829958	213830016	0.15368003	1	352139.99	18.291167	1.0421879	NA	NA	0.0	1.055496715	1.0554967	1	1	1:1	2	neutral	4110378
2	213829987	213879980	NA	49994	649	2.312697	649	1	41.0	mappable	0.10526316	4.0	NA	0.01991187119	1.0	0.09879192205	0.12812737	1.12812737	213829958	213830016	213879955	213880005	NA	missing	357273.65	18.863268	1.1071488	NA	NA	NA	NA	NA	NA	NA	NA	NA	NA	4110378
2	213879980	219239919	NA	5359940	76680	2.1109934	76305	3737	5487.0	mappable	0.08215	8.0	NA	0.00320128671	0.00024319066	0.04469192205	0.08947031	0.0897135	213879955	213880005	219239838	219240000	0.15701035	1	352139.99	18.291167	1.0421879	NA	NA	0.0	1.055496715	1.0554967	1	1	1:1	2	neutral	4110378
2	219239919	219260013	NA	20095	312	1.8798016	312	10	34.0	mappable	0.14333274	2.0	NA	0.05798145285	0.1	0.04520807795	0.13991347	0.23991347	219239838	219240000	219259995	219260031	NA	missing	325258.17	17.425205	0.96773	NA	NA	NA	NA	NA	NA	NA	NA	NA	NA	4110378
2	219260013	232459933	NA	13199922	187447	2.1109934	186840	6441	14086.0	mappable	0.078725	8.0	NA	0.00649313546	0.00014188422	0.04306538922	0.0845522	0.08469409	219259995	219260031	232459855	232459933	0.15938747	1	352139.99	18.291167	1.0421879	NA	NA	0.0	1.055496715	1.0554967	1	1	1:1	2	neutral	4110378
2	232459934	232479970	NA	20037	321	1.8798016	320	4	25.0	mappable	0.18615	2.0	NA	0.06057926885	0.2	0.01590807795	0.1399543	0.3399543	232459934	232460012	232479931	232480009	NA	missing	325258.17	17.425205	0.96773	NA	NA	NA	NA	NA	NA	NA	NA	NA	NA	4110378
2	232479970	237589985	NA	5110016	77194	2.1109934	76895	3409	5983.0	mappable	0.085575	8.0	NA	0.00022371329	0.00026968716	0.03789192205	0.08974688	0.09001657	232479931	232480009	237589968	237589985	0.1581646	1	352139.99	18.291167	1.0421879	NA	NA	0.0	1.055496715	1.0554967	1	1	1:1	2	neutral	4110378
2	237589986	237610012	NA	20027	374	2.312697	374	29	36.0	mappable	0.0911681	4.0	NA	0.00581681674	0.03448275862	0.09279192205	0.13996136	0.17444411	237589986	237590003	237609991	237610033	NA	missing	357273.65	18.863268	1.1071488	NA	NA	NA	NA	NA	NA	NA	NA	NA	NA	4110378
2	237610012	242999969	NA	5389958	89822	2.1109934	89416	4755	7595.0	mappable	0.081	8.0	edge	0.00320128671	0.0001937609	0.03769192205	0.08943807	0.08963183	237609991	237610033	242999969	242999969	0.15208514	1	352139.99	18.291167	1.0421879	NA	NA	0.0	1.055496715	1.0554967	1	1	1:1	2	neutral	4110378
3	100074	6630009	NA	6529936	121223	1.9963158	120798	5922	8326.0	mappable	0.08251389	1.0	edge	0.00320128671	0.00015755475	0.00709192205	0.08834454	0.08850209	100074	100074	6629927	6630009	0.17516528	1	335517.48	17.641091	1.0052547	NA	NA	0.0	0.998157922	0.9981579	1	1	1:1	2	neutral	4110378
3	6630010	6649955	NA	19946	458	2.218464	458	0	24.0	mappable	NA	NA	NA	NA	inf	0.07569192205	0.14001865	inf	6630010	6630092	6649853	6649955	NA	missing	365380.41	NA	1.0768	NA	NA	NA	NA	NA	NA	NA	NA	NA	NA	4110378
3	6649956	90499969	NA	83850024	1180403	1.9963158	1176645	55042	83662.0	mappable	0.08215	1.0	NA	0.0003746912	1.700709e-05	0.00340850715	0.07598407	0.07600107	6649956	6650058	90499969	90499969	0.19897557	1	335517.48	17.641091	1.0052547	NA	NA	0.0	0.998157922	0.9981579	1	1	1:1	2	neutral	4110378
3	93570175	108460005	NA	14889831	211480	1.9963158	210809	11425	14013.0	mappable	0.08215	1.0	self	0.00022371329	8.267196e-05	0.00397071343	0.08393549	0.08401816	93570175	93570175	108459960	108460005	0.19564401	1	335517.48	17.641091	1.0052547	NA	NA	0.0	0.998157922	0.9981579	1	1	1:1	2	neutral	4110378
3	108474261	133260049	NA	24785790	327121	1.9963158	326165	14085	23736.0	mappable	0.085575	1.0	NA	0.00100077145	6.648494e-05	0.00041079611	0.08142325	0.08148973	108474261	108480068	133259987	133260111	0.19435501	1	335517.48	17.641091	1.0052547	NA	NA	0.0	0.998157922	0.9981579	1	1	1:1	2	neutral	4110378
3	133260049	133290028	NA	29980	331	2.240199	331	0	28.0	mappable	NA	NA	NA	NA	inf	0.08269192205	0.1344835	inf	133259987	133260111	133289961	133290095	NA	missing	339227.92	NA	1.0838	NA	NA	NA	NA	NA	NA	NA	NA	NA	NA	4110378
3	133290028	133320046	NA	30019	435	1.710486	434	1	39.0	mappable	0.05263158	NA	NA	0.51388160803	0.5	0.08790807795	0.13446654	0.63446654	133289961	133290095	133319974	133320118	NA	missing	312891.7	16.467984	0.9132	NA	NA	NA	NA	NA	NA	NA	NA	NA	NA	4110378
3	133320046	172280096	NA	38960053	524490	1.9963158	522847	23410	36740.0	mappable	0.08215	1.0	NA	0.00432176543	3.991538e-05	0.0067454245	0.07931632	0.07935623	133319974	133320118	172279993	172280096	0.18882966	1	335517.48	17.641091	1.0052547	NA	NA	0.0	0.998157922	0.9981579	1	1	1:1	2	neutral	4110378
3	172280097	172299979	NA	19883	345	2.25945	345	0	17.0	mappable	NA	NA	NA	NA	inf	0.08889192205	0.1400634	inf	172280097	172280200	172299928	172299979	NA	missing	354516.82	NA	1.09	NA	NA	NA	NA	NA	NA	NA	NA	NA	NA	4110378
3	172299980	197779892	NA	25479913	355463	1.9963158	354067	15509	26009.0	mappable	0.085575	1.0	edge	0.00024996961	5.91576e-05	0.00643380152	0.08129137	0.08135053	172299980	172300031	197779892	197779892	0.19818548	1	335517.48	17.641091	1.0052547	NA	NA	0.0	0.998157922	0.9981579	1	1	1:1	2	neutral	4110378
4	50084	1389958	NA	1339875	18851	1.9963158	18687	719	1716.0	mappable	0.08215	1.0	edge	0.00022371329	0.00113250283	0.01849192205	0.09826239	0.09939489	50084	50084	1389891	1389958	0.1276299	1	335517.48	17.641091	1.0052547	NA	NA	0.0	0.998157922	0.9981579	1	1	1:1	2	neutral	4110378
4	1445053	8939952	NA	7494901	126607	1.9963158	125731	6573	10277.0	mappable	0.085575	1.0	self	0.00025753345	0.00013424621	0.01743239138	0.08757534	0.08770959	1445053	1480194	8939952	8939952	0.15524806	1	335517.48	17.641091	1.0052547	NA	NA	0.0	0.998157922	0.9981579	1	1	1:1	2	neutral	4110378
4	9800043	48509956	NA	38709916	592347	1.9963158	590319	28871	40424.0	mappable	0.08215	1.0	NA	0.00189283174	3.236351e-05	0.02062279095	0.07934556	0.07937792	9800043	9800043	48509866	48510046	0.15611341	1	335517.48	17.641091	1.0052547	NA	NA	0.0	0.998157922	0.9981579	1	1	1:1	2	neutral	4110378
4	48509956	48529900	NA	19945	205	1.839654	205	0	21.0	mappable	NA	NA	NA	NA	inf	0.04630807795	0.14001936	inf	48509866	48510046	48529733	48529900	NA	missing	345120.2	NA	0.9548	NA	NA	NA	NA	NA	NA	NA	NA	NA	NA	4110378
4	48529901	49089961	NA	560061	6056	1.9963158	6043	22	456.0	mappable	0.05594722	1.0	NA	0.03180842957	0.02857142857	0.02189192205	0.10473823	0.13330966	48529901	48530068	49089961	49089961	NA	missing	335517.48	17.641091	1.0052547	NA	NA	NA	NA	NA	NA	NA	NA	NA	NA	4110378
4	52680652	86020007	NA	33339360	465936	1.9963158	464568	22142	32019.0	mappable	0.085575	1.0	NA	0.00133781058	4.253509e-05	0.0239667716	0.0800297	0.08007223	52680652	52680652	86019858	86020156	0.14645087	1	335517.48	17.641091	1.0052547	NA	NA	0.0	0.998157922	0.9981579	1	1	1:1	2	neutral	4110378
4	86020007	86030002	NA	9996	190	1.765134	190	0	15.0	mappable	NA	NA	NA	NA	inf	0.07030807795	0.15052154	inf	86019858	86020156	86029985	86030019	NA	missing	344041.1	NA	0.9308	NA	NA	NA	NA	NA	NA	NA	NA	NA	NA	4110378
4	86030002	171259873	NA	85229881	1141989	1.9963158	1138494	55708	76935.0	mappable	0.08215	1.0	NA	0.0026108937	1.689132e-05	0.02260537516	0.07591615	0.07593304	86029985	86030019	171259713	171259873	0.14779375	1	335517.48	17.641091	1.0052547	NA	NA	0.0	0.998157922	0.9981579	1	1	1:1	2	neutral	4110378
4	171259874	171301775	NA	41902	477	1.8798016	475	8	36.0	mappable	0.1260047	2.0	NA	0.0412512995	0.1	0.03260807795	0.13025301	0.23025301	171259874	171260034	171301774	171301776	NA	missing	325258.17	17.425205	0.96773	NA	NA	NA	NA	NA	NA	NA	NA	NA	NA	4110378
4	171301775	171320046	NA	18272	311	2.312697	311	12	30.0	mappable	0.07696646	4.0	NA	0.00838482329	0.08333333333	0.07719192205	0.14126941	0.22460274	171301774	171301776	171319970	171320122	NA	missing	357273.65	18.863268	1.1071488	NA	NA	NA	NA	NA	NA	NA	NA	NA	NA	4110378
4	171320046	190799944	NA	19479902	311769	1.9963158	310101	15833	22800.0	mappable	0.08215	1.0	edge	0.00386460242	5.714286e-05	0.01906734135	0.08259179	0.08264893	171319970	171320122	190799944	190799944	0.15941323	1	335517.48	17.641091	1.0052547	NA	NA	0.0	0.998157922	0.9981579	1	1	1:1	2	neutral	4110378
5	50017	9909980	NA	9859965	164474	1.9963158	163728	9646	12328.0	mappable	0.085575	1.0	edge	0.00015631529	9.622787e-05	9.334781e-05	0.08608389	0.08618012	50017	50017	9909934	9910026	0.17921656	1	335517.48	17.641091	1.0052547	NA	NA	0.0	0.998157922	0.9981579	1	1	1:1	2	neutral	4110378
5	9909980	9949990	NA	40011	751	2.2436145	751	0	53.0	mappable	NA	NA	NA	NA	inf	0.08379192205	0.13082063	inf	9909934	9910026	9949949	9950031	NA	missing	277904.21	NA	1.0849	NA	NA	NA	NA	NA	NA	NA	NA	NA	NA	4110378
5	9949990	29177315	NA	19227328	279505	1.9963158	278594	14058	19113.0	mappable	0.08215	1.0	NA	0.00175558227	6.680473e-05	0.00053647725	0.08265605	0.08272286	9949949	9950031	29177217	29177315	0.17998031	1	335517.48	17.641091	1.0052547	NA	NA	0.0	0.998157922	0.9981579	1	1	1:1	2	neutral	4110378
5	29177316	29178949	DEL	1634	24	1.739052	24	0	2.0	mappable	NA	NA	NA	NA	inf	0.07870807795	0.18736781	inf	29177316	29177363	29178926	29178949	NA	missing	317588.9	NA	0.9224	NA	NA	NA	NA	NA	NA	NA	NA	NA	NA	4110378
5	29178950	29179692	DEL	743	11	1.739052	11	0	1.0	mappable	NA	NA	NA	NA	inf	0.07870807795	0.20970475	inf	29178950	29179118	29179628	29179692	NA	missing	317588.9	NA	0.9224	NA	NA	NA	NA	NA	NA	NA	NA	NA	NA	4110378
5	29179693	29181028	DEL	1336	22	1.9064115	22	0	0.0	mappable	NA	NA	NA	NA	inf	0.02480807795	0.19260949	inf	29179693	29179803	29180976	29181028	NA	missing	337957.53	NA	0.9763	NA	NA	NA	NA	NA	NA	NA	NA	NA	NA	4110378
5	29181029	46360009	DEL	17178984	243231	1.9963158	242465	11255	16826.0	mappable	0.08215	1.0	NA	0.00301151716	8.318775e-05	0.00456628264	0.08321496	0.08329814	29181029	29181042	46359999	46360009	0.18609165	1	335517.48	17.641091	1.0052547	NA	NA	0.0	0.998157922	0.9981579	1	1	1:1	2	neutral	4110378
5	46360010	46399990	NA	39981	1009	1.9007213	1007	0	79.0	mappable	NA	10.0	NA	0.13717618582	0.5	0.03710807795	0.13082989	0.63082989	46360010	46360020	46399990	46399990	NA	missing	350855.0	NA	0.9744674	NA	NA	NA	NA	NA	NA	NA	NA	NA	NA	4110378
5	49470005	68829703	NA	19359700	256512	1.9963158	255868	10977	17973.0	mappable	0.0827	1.0	self	0.00135081216	8.605111e-05	0.00389997314	0.08262225	0.08270831	49470005	49470005	68829703	68829703	0.19119991	1	335517.48	17.641091	1.0052547	NA	NA	0.0	0.998157922	0.9981579	1	1	1:1	2	neutral	4110378
5	70750153	87964206	NA	17214054	229937	1.9963158	229278	10274	16198.0	mappable	0.08425588	1.0	NA	0.0008633273	9.14662e-05	0.00422811588	0.08320477	0.08329624	70750153	70750153	87964114	87964206	0.19651832	1	335517.48	17.641091	1.0052547	NA	NA	0.0	0.998157922	0.9981579	1	1	1:1	2	neutral	4110378
5	87964207	87964207	DEL	1	0	0.0	0	0	NA	mappable	NA	NA	NA	NA	inf	1.00110807795	inf	inf	87964207	87964207	87964207	87964207	NA	missing	NA	NA	0.0	NA	NA	0.0	0.0	0.0	0	0	NA	0	homozygousDel	4110378
5	87964208	88022306	DEL	58099	629	1.0534177	627	25	44.0	mappable	0.45010652	3.0	NA	0.35192480025	0.03703703704	0.32310807795	0.12637252	0.16340956	87964208	87964278	88022181	88022306	NA	missing	233560.52	17.288524	0.7015838	NA	NA	NA	NA	NA	NA	NA	NA	NA	NA	4110378
5	88022307	88022310	DEL	4	0	0.0	0	0	NA	mappable	NA	NA	NA	NA	inf	1.00110807795	1.0	inf	88022307	88022307	88022310	88022310	NA	missing	NA	NA	0.0	NA	NA	0.0	0.0	0.0	0	0	NA	0	homozygousDel	4110378
5	88022311	153289949	DEL	65267644	918745	1.9963158	916225	39192	63140.0	mappable	0.08215	1.0	NA	0.001877077	2.397679e-05	0.0031490613	0.077042	0.07706598	88022311	88022332	153289895	153290003	0.19604358	1	335517.48	17.641091	1.0052547	NA	NA	0.0	0.998157922	0.9981579	1	1	1:1	2	neutral	4110378
5	153289949	153309950	NA	20002	332	2.2833585	332	0	24.0	mappable	NA	NA	NA	NA	inf	0.09659192205	0.13997901	inf	153289895	153290003	153309888	153309950	NA	missing	358062.89	NA	1.0977	NA	NA	NA	NA	NA	NA	NA	NA	NA	NA	4110378
5	153309951	180649967	NA	27340024	379643	1.9963158	378268	18832	27947.0	mappable	0.089	1.0	NA	0.00170727321	4.94878e-05	0.00091929882	0.08095687	0.08100636	153309951	153310013	180649863	180650071	0.18146034	1	335517.48	17.641091	1.0052547	NA	NA	0.0	0.998157922	0.9981579	1	1	1:1	2	neutral	4110378
5	180649967	180689979	NA	40013	767	2.2169115	766	1	58.0	mappable	0.29411765	NA	edge	0.16697069472	0.5	0.07519192205	0.13082001	0.63082001	180649863	180650071	180689979	180689979	NA	missing	320950.83	20.767406	1.0763	NA	NA	NA	NA	NA	NA	NA	NA	NA	NA	4110378
6	202331	58019982	NA	57817663	859436	1.9963158	852023	43506	63718.0	mappable	0.085575	1.0	edge	0.00033606693	1.963903e-05	0.0051079823	0.07756445	0.07758409	202331	202331	58019982	58019982	0.19424298	1	335517.48	17.641091	1.0052547	NA	NA	0.0	0.998157922	0.9981579	1	1	1:1	2	neutral	4110378
6	58610011	58769997	NA	159987	572	1.9963158	572	15	22.0	mappable	0.06995833	1.0	self	0.01539295337	0.06666666667	0.01490807795	0.11568989	0.18235656	58610011	58610011	58769997	58769997	NA	missing	335517.48	17.641091	1.0052547	NA	NA	NA	NA	NA	NA	NA	NA	NA	NA	4110378
6	61890002	68480010	NA	6590009	99654	1.9963158	99219	5759	6427.0	mappable	0.085575	1.0	self	0.00022371329	0.00016144656	0.00540807795	0.08829301	0.08845446	61890002	61890002	68479981	68480039	0.1767536	1	335517.48	17.641091	1.0052547	NA	NA	0.0	0.998157922	0.9981579	1	1	1:1	2	neutral	4110378
6	68480010	68601716	NA	121707	2000	2.4833205	1995	208	130.0	mappable	0.117325	NA	identical	0.03197371329	0.00469483568	0.16099192205	0.11839186	0.1230867	68479981	68480039	68601692	68601716	0.17943687	1	401397.36	20.801859	1.1621	NA	NA	0.0	1.24166025	1.2416602	1	1	1:1	2	neutral	4110378
6	68601717	170899935	NA	102298225	1436478	1.9963158	1431662	66951	101328.0	mappable	0.08215	1.0	edge	0.00273378223	1.393417e-05	0.0039917762	0.07516478	0.07517872	68601717	68601741	170899935	170899935	0.18373457	1	335517.48	17.641091	1.0052547	NA	NA	0.0	0.998157922	0.9981579	1	1	1:1	2	neutral	4110378
7	40386	500006	NA	459621	8446	1.9963158	8377	603	720.0	mappable	0.07121579	1.0	edge	0.01424207618	0.00148809524	0.03219192205	0.10632594	0.10781404	40386	40386	499921	500006	0.227146	1	335517.48	17.641091	1.0052547	NA	NA	0.0	0.998157922	0.9981579	1	1	1:1	2	neutral	4110378
7	500007	520071	NA	20065	387	2.312697	384	21	38.0	mappable	0.17778421	4.0	NA	0.03411970776	0.04166666667	0.12709192205	0.13993457	0.18160124	500007	500092	519973	520071	NA	missing	357273.65	18.863268	1.1071488	NA	NA	NA	NA	NA	NA	NA	NA	NA	NA	4110378
7	520072	3378917	NA	2858846	49594	2.1109934	49261	2835	4401.0	mappable	0.08863462	8.0	NA	0.00364871329	0.00031565657	0.03659192205	0.09325313	0.09356879	520072	520170	3378903	3378917	0.2016693	1	352139.99	18.291167	1.0421879	NA	NA	0.0	1.055496715	1.0554967	1	1	1:1	2	neutral	4110378
7	3378918	3400036	NA	21119	523	2.312697	518	60	38.0	mappable	0.06295	4.0	NA	0.02240128671	0.01538461538	0.11269192205	0.13921514	0.15459975	3378918	3378932	3399995	3400077	0.09929091	1	357273.65	18.863268	1.1071488	NA	NA	0.0	1.156348512	1.1563485	1	1	1:1	2	neutral	4110378
7	3400036	19570028	NA	16169993	271248	2.1109934	270551	11961	18536.0	mappable	0.085575	8.0	NA	0.00022371329	7.900142e-05	0.04079192205	0.08351841	0.08359741	3399995	3400077	19569970	19570086	0.14876715	1	352139.99	18.291167	1.0421879	NA	NA	0.0	1.055496715	1.0554967	1	1	1:1	2	neutral	4110378
7	19570028	19599944	NA	29917	401	1.9399455	400	0	37.0	mappable	NA	NA	NA	0.08535128671	1.0	0.01400807795	0.13451095	1.13451095	19569970	19570086	19599867	19599944	NA	missing	361146.94	NA	0.9871	NA	NA	NA	NA	NA	NA	NA	NA	NA	NA	4110378
7	19599945	32339971	NA	12740028	188322	2.1109934	187739	9141	13564.0	mappable	0.08215	8.0	NA	0.0004141339	0.00010283834	0.04032845841	0.08473548	0.08483831	19599945	19600022	32339843	32340099	0.14026531	1	352139.99	18.291167	1.0421879	NA	NA	0.0	1.055496715	1.0554967	1	1	1:1	2	neutral	4110378
7	32339971	32419984	NA	80014	1343	2.0330092	1341	5	119.0	mappable	0.12925	NA	NA	0.1678465591	0.14285714286	0.01596407395	0.12279005	0.26564719	32339843	32340099	32419936	32420032	NA	missing	338834.14	19.616713	1.0170722	NA	NA	NA	NA	NA	NA	NA	NA	NA	NA	4110378
7	32419984	48160051	NA	15740068	207716	2.1109934	207087	9677	14977.0	mappable	0.08215	8.0	NA	0.00320128671	9.704027e-05	0.04049192205	0.08365422	0.08375126	32419936	32420032	48159983	48160051	0.14785582	1	352139.99	18.291167	1.0421879	NA	NA	0.0	1.055496715	1.0554967	1	1	1:1	2	neutral	4110378
7	48160052	48190030	NA	29979	460	2.312697	460	1	37.0	mappable	0.05882353	4.0	NA	0.0265277573	1.0	0.12549192205	0.13448394	1.13448394	48160052	48160120	48189990	48190070	NA	missing	357273.65	18.863268	1.1071488	NA	NA	NA	NA	NA	NA	NA	NA	NA	NA	4110378
7	48190030	55674989	NA	7484960	115581	2.1109934	115302	5294	7914.0	mappable	0.08411957	8.0	NA	0.00320128671	0.00017943657	0.04179192205	0.08758269	0.08776212	48189990	48190070	55669963	55680015	0.14548048	1	352139.99	18.291167	1.0421879	NA	NA	0.0	1.055496715	1.0554967	1	1	1:1	2	neutral	4110378
7	55674989	55720001	NA	45013	649	1.870083	648	23	50.0	mappable	0.06305556	NA	NA	0.02229573115	0.04166666667	0.03650807795	0.12938239	0.17104906	55669963	55680015	55719975	55720027	NA	missing	343006.59	18.159172	0.9646	NA	NA	NA	NA	NA	NA	NA	NA	NA	NA	4110378
7	55720001	57999988	NA	2279988	10323	1.9963158	10303	605	759.0	mappable	0.07358816	1.0	self	0.01330128671	0.0016	0.03119192205	0.0946943	0.0962943	55719975	55720027	57999988	57999988	0.1296282	1	335517.48	17.641091	1.0052547	NA	NA	0.0	0.998157922	0.9981579	1	1	1:1	2	neutral	4110378
7	61530139	72229988	NA	10699850	114055	1.9963158	113327	5399	8680.0	mappable	0.085575	1.0	self	0.00022371329	0.00016323865	0.03269192205	0.08564912	0.08581236	61530139	61530139	72229988	72229988	0.17434894	1	335517.48	17.641091	1.0052547	NA	NA	0.0	0.998157922	0.9981579	1	1	1:1	2	neutral	4110378
7	72750118	74139961	NA	1389844	10253	1.9963158	10194	318	991.0	mappable	0.1027	1.0	self	0.01492157408	0.00265251989	0.02427864789	0.09800803	0.10066055	72750118	72750118	74139961	74139961	0.2228114	1	335517.48	17.641091	1.0052547	NA	NA	0.0	0.998157922	0.9981579	1	1	1:1	2	neutral	4110378
7	75160045	76059952	NA	899908	8424	2.1109934	8353	336	774.0	mappable	0.08995	8.0	NA	0.00887144056	0.00245700246	0.03679192205	0.10111521	0.10357221	75160045	75160045	76059952	76059952	0.16867421	1	352139.99	18.291167	1.0421879	NA	NA	0.0	1.055496715	1.0554967	1	1	1:1	2	neutral	4110378
7	76810004	81790027	NA	4980024	73123	2.1109934	72974	2705	5083.0	mappable	0.07855263	8.0	NA	0.00662628671	0.00035038542	0.03649192205	0.08989685	0.09024723	76810004	76810004	81789991	81790063	0.12099188	1	352139.99	18.291167	1.0421879	NA	NA	0.0	1.055496715	1.0554967	1	1	1:1	2	neutral	4110378
7	81790027	81809970	NA	19944	318	2.312697	318	16	19.0	mappable	0.04006667	4.0	NA	0.04528462004	0.0625	0.09599192205	0.14002006	0.20252006	81789991	81790063	81809915	81810025	NA	missing	357273.65	18.863268	1.1071488	NA	NA	NA	NA	NA	NA	NA	NA	NA	NA	4110378
7	81809970	84569974	NA	2760006	38066	1.9963158	37966	1868	2466.0	mappable	0.0782	1.0	self	0.00662628671	0.00050813008	0.03049192205	0.09347437	0.0939825	81809915	81810025	84569947	84570001	0.12369103	1	335517.48	17.641091	1.0052547	NA	NA	0.0	0.998157922	0.9981579	1	1	1:1	2	neutral	4110378
7	84569974	99272680	NA	14702707	186241	2.1109934	185587	7517	12938.0	mappable	0.082975	8.0	NA	0.00320128671	0.00012238404	0.04189192205	0.08399981	0.08412219	84569947	84570001	99272656	99272680	0.14461905	1	352139.99	18.291167	1.0421879	NA	NA	0.0	1.055496715	1.0554967	1	1	1:1	2	neutral	4110378
7	99272681	99489987	NA	217307	2000	2.312697	1997	28	126.0	mappable	0.13403056	4.0	NA	0.04544037996	0.03225806452	0.10289192205	0.11280713	0.1450652	99272681	99272705	99489922	99490052	NA	missing	357273.65	18.863268	1.1071488	NA	NA	NA	NA	NA	NA	NA	NA	NA	NA	4110378
7	99489987	100835007	NA	1345021	11957	1.9963158	11847	300	1074.0	mappable	0.07618581	1.0	self	0.0078654759	0.00243902439	0.03219192205	0.0982357	0.10067472	99489922	99490052	100829994	100835007	0.18656972	1	335517.48	17.641091	1.0052547	NA	NA	0.0	0.998157922	0.9981579	1	1	1:1	2	neutral	4110378
7	100835008	100860018	NA	25011	401	1.9007213	400	6	32.0	mappable	0.24554737	10.0	NA	0.16273984232	0.14285714286	0.06580807795	0.13688996	0.2797471	100835008	100840021	100859988	100860048	NA	missing	350855.0	18.470335	0.9744674	NA	NA	NA	NA	NA	NA	NA	NA	NA	NA	4110378
7	100860018	115530016	NA	14669999	189288	2.1109934	188654	8607	13411.0	mappable	0.085575	8.0	NA	0.00022371329	0.0001082134	0.04099192205	0.08401114	0.08411936	100859988	100860048	115529982	115530016	0.15861838	1	352139.99	18.291167	1.0421879	NA	NA	0.0	1.055496715	1.0554967	1	1	1:1	2	neutral	4110378
7	115530017	115550026	NA	20010	686	2.471211	685	11	51.0	mappable	0.19655385	NA	NA	0.01127179022	0.08333333333	0.15709192205	0.13997336	0.22330669	115530017	115530051	115549844	115550026	NA	missing	386083.12	19.774989	1.1582	NA	NA	NA	NA	NA	NA	NA	NA	NA	NA	4110378
7	115550027	129980012	NA	14429987	187624	2.1109934	187024	8470	12960.0	mappable	0.08039286	8.0	NA	0.00320128671	0.00011025358	0.03717404374	0.08409521	0.08420547	115550027	115550209	129979967	129980012	0.12626824	1	352139.99	18.291167	1.0421879	NA	NA	0.0	1.055496715	1.0554967	1	1	1:1	2	neutral	4110378
7	129980013	130000154	NA	20142	304	2.252619	304	0	24.0	mappable	NA	NA	NA	NA	inf	0.08669192205	0.13988049	inf	129980013	129980058	129999989	130000319	NA	missing	329207.57	NA	1.0878	NA	NA	NA	NA	NA	NA	NA	NA	NA	NA	4110378
7	130000154	132290020	NA	2289867	31397	1.9963158	31287	1121	2451.0	mappable	0.08847143	1.0	NA	0.00344315774	0.00081234768	0.03239192205	0.09466634	0.09547869	129999989	130000319	132289990	132290020	0.15409101	1	335517.48	17.641091	1.0052547	NA	NA	0.0	0.998157922	0.9981579	1	1	1:1	2	neutral	4110378
7	132290021	132309975	NA	19955	359	2.312697	358	8	38.0	mappable	0.05188889	4.0	NA	0.03790406449	0.11111111111	0.07879192205	0.14001227	0.25112338	132290021	132290051	132309938	132309975	NA	missing	357273.65	18.863268	1.1071488	NA	NA	NA	NA	NA	NA	NA	NA	NA	NA	4110378
7	132309976	149099993	NA	16790018	221431	2.1109934	220689	10405	16029.0	mappable	0.085575	8.0	NA	0.00022371329	8.971024e-05	0.03859192205	0.08332951	0.08341922	132309976	132310013	149099924	149100062	0.15142929	1	352139.99	18.291167	1.0421879	NA	NA	0.0	1.055496715	1.0554967	1	1	1:1	2	neutral	4110378
7	149099993	149120023	NA	20031	295	2.312697	291	29	27.0	mappable	0.09798077	4.0	NA	0.02394871329	0.0303030303	0.10009192205	0.13995853	0.17026156	149099924	149100062	149119966	149120080	NA	missing	357273.65	18.863268	1.1071488	NA	NA	NA	NA	NA	NA	NA	NA	NA	NA	4110378
7	149120023	159119808	NA	9999788	145887	1.9963158	144981	7082	12364.0	mappable	0.089	1.0	edge	0.00379114546	0.00012518778	0.03393749979	0.08600868	0.08613387	149119966	149120080	159119808	159119808	0.17248169	1	335517.48	17.641091	1.0052547	NA	NA	0.0	0.998157922	0.9981579	1	1	1:1	2	neutral	4110378
8	170012	5270039	NA	5100033	147705	1.9963158	146784	8003	10829.0	mappable	0.085575	1.0	edge	0.00062612283	0.00011206993	0.00671108259	0.08975825	0.08987032	170012	170012	5269945	5270039	0.20751021	1	335517.48	17.641091	1.0052547	NA	NA	0.0	0.998157922	0.9981579	1	1	1:1	2	neutral	4110378
8	5270040	5295033	NA	24994	597	2.1109934	597	54	33.0	mappable	0.08274994	8.0	NA	0.00260134498	0.01851851852	0.04369192205	0.13689915	0.15541767	5270040	5270134	5289982	5295033	0.07753667	1	352139.99	18.291167	1.0421879	NA	NA	0.0	1.055496715	1.0554967	1	1	1:1	2	neutral	4110378
8	5295034	5339967	NA	44934	1252	1.8798016	1244	129	68.0	mappable	0.09968421	2.0	NA	0.0119605554	0.00729927007	0.02840807795	0.12940361	0.13670288	5295034	5300085	5339934	5340000	0.13410398	1	325258.17	17.425205	0.96773	NA	NA	0.0	0.939900825	0.9399008	1	1	1:1	2	neutral	4110378
8	5339967	6919904	NA	1579940	43961	1.9963158	43778	2929	3008.0	mappable	0.08878214	1.0	self	0.00372074926	0.00032133676	0.00338682663	0.09712775	0.09744908	5339934	5340000	6919904	6919904	0.1646412	1	335517.48	17.641091	1.0052547	NA	NA	0.0	0.998157922	0.9981579	1	1	1:1	2	neutral	4110378
8	8100000	11859985	NA	3759986	79387	1.9963158	79079	5168	5862.0	mappable	0.08331346	1.0	self	0.0006813465	0.00018261505	0.00422298507	0.09156547	0.09174808	8100000	8100000	11859985	11859985	0.17842479	1	335517.48	17.641091	1.0052547	NA	NA	0.0	0.998157922	0.9981579	1	1	1:1	2	neutral	4110378
8	12580042	20814960	NA	8234921	184886	1.9963158	184435	9006	12869.0	mappable	0.08215	1.0	NA	0.00304283605	0.00010574178	0.00490192551	0.0870575	0.08716324	12580042	12580042	20809880	20820040	0.19505666	1	335517.48	17.641091	1.0052547	NA	NA	0.0	0.998157922	0.9981579	1	1	1:1	2	neutral	4110378
8	20814960	20839927	NA	24968	356	1.7294265	356	0	28.0	mappable	NA	NA	NA	NA	inf	0.08180807795	0.13691322	inf	20809880	20820040	20839823	20840031	NA	missing	309738.9	NA	0.9193	NA	NA	NA	NA	NA	NA	NA	NA	NA	NA	4110378
8	20839927	43789991	NA	22950069	335335	1.9963158	334210	13333	25244.0	mappable	0.085575	1.0	NA	0.00112027504	6.916586e-05	0.00223169482	0.08179292	0.08186208	20839823	20840031	43789991	43789991	0.19199563	1	335517.48	17.641091	1.0052547	NA	NA	0.0	0.998157922	0.9981579	1	1	1:1	2	neutral	4110378
8	46880007	143879976	NA	96999973	1357462	1.9963158	1353511	54904	96069.0	mappable	0.085575	1.0	NA	9.157733e-05	1.69912e-05	0.00182799894	0.07538215	0.07539914	46880007	46880007	143879933	143879976	0.20027064	1	335517.48	17.641091	1.0052547	NA	NA	0.0	0.998157922	0.9981579	1	1	1:1	2	neutral	4110378
8	143879977	143899973	NA	19997	432	1.760787	432	0	41.0	mappable	NA	NA	NA	NA	inf	0.07170807795	0.13998254	inf	143879977	143880020	143899941	143899973	NA	missing	284083.41	NA	0.9294	NA	NA	NA	NA	NA	NA	NA	NA	NA	NA	4110378
8	143899974	146289988	NA	2390015	30351	1.9963158	30204	1318	2643.0	mappable	0.102525	1.0	edge	0.02419871329	0.00068259386	0.00649192205	0.09439043	0.09507303	143899974	143900006	146289988	146289988	0.25629289	1	335517.48	17.641091	1.0052547	NA	NA	0.0	0.998157922	0.9981579	1	1	1:1	2	neutral	4110378
9	200595	11919996	NA	11719404	231990	1.9963158	231413	12700	15680.0	mappable	0.08215	1.0	edge	0.00174197679	7.531822e-05	0.00674106167	0.08517018	0.0852455	200595	200595	11919980	11919996	0.19194622	1	335517.48	17.641091	1.0052547	NA	NA	0.0	0.998157922	0.9981579	1	1	1:1	2	neutral	4110378
9	11919997	11930044	NA	10048	219	1.751472	219	0	22.0	mappable	NA	NA	NA	NA	inf	0.07470807795	0.15043678	inf	11919997	11920013	11929970	11930044	NA	missing	344814.0	NA	0.9264	NA	NA	NA	NA	NA	NA	NA	NA	NA	NA	4110378
9	11930045	38769828	NA	26839795	413342	1.9963158	412235	18998	28639.0	mappable	0.085575	1.0	NA	0.00085535866	4.973887e-05	0.00215251812	0.08104427	0.08109401	11930045	11930119	38769828	38769828	0.17969269	1	335517.48	17.641091	1.0052547	NA	NA	0.0	0.998157922	0.9981579	1	1	1:1	2	neutral	4110378
9	66840048	66849972	NA	9925	540	2.1877245	511	0	55.0	mappable	NA	NA	NA	0.40168906417	0.03448275862	0.06579192205	0.15063813	0.18512088	66840048	66840048	66849972	66849972	NA	missing	514418.3	NA	1.0669	NA	NA	NA	NA	NA	NA	NA	NA	NA	NA	4110378
9	68410004	68419976	NA	9973	1130	1.956402	1029	0	260.0	mappable	NA	NA	NA	0.27928032249	0.0099009901	0.00870807795	0.15055919	0.16046018	68410004	68410004	68419976	68419976	NA	missing	1913740.0	NA	0.9924	NA	NA	NA	NA	NA	NA	NA	NA	NA	NA	4110378
9	71030093	141019791	NA	69989705	961486	1.9963158	957935	43033	72368.0	mappable	0.08215	1.0	edge	0.00239871685	2.146752e-05	0.00095416713	0.07674409	0.07676556	71030093	71030093	141019791	141019791	0.19540788	1	335517.48	17.641091	1.0052547	NA	NA	0.0	0.998157922	0.9981579	1	1	1:1	2	neutral	4110378
10	130013	38600358	NA	38470351	578526	1.9963158	576083	27726	43529.0	mappable	0.085575	1.0	edge	0.0005448331	3.31488e-05	0.00113995083	0.07937376	0.07940691	130013	130013	38429948	38600358	0.18902637	1	335517.48	17.641091	1.0052547	NA	NA	0.0	0.998157922	0.9981579	1	1	1:1	2	neutral	4110378
10	38789957	39149984	NA	360028	6764	1.9007213	6727	0	708.0	mappable	NA	10.0	NA	0.12311445769	0.02702702703	0.02290807795	0.10835557	0.1353826	38789957	38790044	39149984	39149984	NA	missing	350855.0	NA	0.9744674	NA	NA	NA	NA	NA	NA	NA	NA	NA	NA	4110378
10	42410000	46159967	NA	3749969	43633	1.9963158	43463	2257	3087.0	mappable	0.08215	1.0	self	0.00237648465	0.00041203131	0.00177673401	0.0915816	0.09199363	42410000	42410000	46159967	46159967	0.17054183	1	335517.48	17.641091	1.0052547	NA	NA	0.0	0.998157922	0.9981579	1	1	1:1	2	neutral	4110378
10	48310177	48659961	NA	349785	5556	1.9963158	5545	193	448.0	mappable	0.10491739	1.0	self	0.01524980025	0.00490196078	0.00550807795	0.10860057	0.11350253	48310177	48310177	48659961	48659961	0.20168211	1	335517.48	17.641091	1.0052547	NA	NA	0.0	0.998157922	0.9981579	1	1	1:1	2	neutral	4110378
10	49390096	87580554	NA	38190459	531019	1.9963158	529441	24798	38230.0	mappable	0.085575	1.0	self	0.00021975101	3.791325e-05	0.00096139621	0.07940696	0.07944487	49390096	49390096	87580527	87580554	0.19455095	1	335517.48	17.641091	1.0052547	NA	NA	0.0	0.998157922	0.9981579	1	1	1:1	2	neutral	4110378
10	87580555	132220669	DEL	44640119	623353	1.0534177	621272	27204	46991.0	mappable	0.49315	3.0	identical	0.40671150652	3.414834e-05	0.29952209184	0.07870348	0.07873763	87580555	87580573	132220631	132220669	0.92727111	2	233560.52	17.288524	0.7015838	16.75245	0.9967553	0.9935106	0.003418022	1.0499997	1	0	1:0	1	LOH	4110378
10	132220670	135439925	DEL	3219258	56662	1.9963158	56193	2445	5007.0	mappable	0.092425	1.0	edge	0.00909569023	0.0003431709	0.00722963561	0.09251423	0.0928574	132220670	132220738	135439925	135439925	0.19643735	1	335517.48	17.641091	1.0052547	NA	NA	0.0	0.998157922	0.9981579	1	1	1:1	2	neutral	4110378
11	190010	48899996	NA	48709989	694892	1.9963158	691988	34670	50980.0	mappable	0.085575	1.0	edge	0.00196311936	2.661415e-05	0.00019087139	0.07831554	0.07834216	190010	190010	48899996	48899996	0.19211455	1	335517.48	17.641091	1.0052547	NA	NA	0.0	0.998157922	0.9981579	1	1	1:1	2	neutral	4110378
11	48899997	50170092	NA	1270096	0	0.0	0	0	NA	mappable	NA	NA	NA	NA	inf	1.00110807795	0.09863632	inf	48899997	48899997	50170092	50170092	NA	missing	NA	NA	0.0	NA	NA	0.0	0.0	0.0	0	0	NA	0	homozygousDel	4110378
11	50170093	51579984	NA	1409893	18755	1.9963158	18528	1066	1164.0	mappable	0.08453333	1.0	NA	0.0032760148	0.0007733952	0.00650670211	0.09790889	0.09868229	50170093	50170093	51579984	51579984	0.18232271	1	335517.48	17.641091	1.0052547	NA	NA	0.0	0.998157922	0.9981579	1	1	1:1	2	neutral	4110378
11	54792817	89269950	NA	34477139	455191	1.9963158	453401	19118	34131.0	mappable	0.085575	1.0	self	0.00016270579	4.783087e-05	0.00123670545	0.07987496	0.07992279	54792817	54792817	89269895	89269950	0.19963625	1	335517.48	17.641091	1.0052547	NA	NA	0.0	0.998157922	0.9981579	1	1	1:1	2	neutral	4110378
11	89269951	89349940	NA	79990	344	1.77109	340	40	23.0	mappable	0.09627744	7.0	NA	0.01407628671	0.02272727273	0.08150807795	0.12279331	0.14552058	89269951	89270006	89349940	89349940	0.06985361	1	312326.68	16.125422	0.9327182	NA	NA	0.0	0.885545006	0.885545	1	1	1:1	2	neutral	4110378
11	89850037	134939862	NA	45089828	664345	1.9963158	661990	31425	48421.0	mappable	0.085575	1.0	edge	0.00087941826	2.960507e-05	0.00174178018	0.07865872	0.07868832	89850037	89850037	134939862	134939862	0.18871149	1	335517.48	17.641091	1.0052547	NA	NA	0.0	0.998157922	0.9981579	1	1	1:1	2	neutral	4110378
12	160107	4130069	NA	3969964	60294	1.9963158	59845	3378	4909.0	mappable	0.085575	1.0	edge	0.00284420536	0.00026130128	0.02999535025	0.09123799	0.09149929	160107	160107	4129972	4130069	0.1667392	1	335517.48	17.641091	1.0052547	NA	NA	0.0	0.998157922	0.9981579	1	1	1:1	2	neutral	4110378
12	4130070	4150036	NA	19967	306	1.8798016	305	10	22.0	mappable	0.16623611	2.0	NA	0.0808848244	0.09090909091	0.03850807795	0.14000377	0.23091286	4130070	4130167	4149991	4150081	NA	missing	325258.17	17.425205	0.96773	NA	NA	NA	NA	NA	NA	NA	NA	NA	NA	4110378
12	4150036	10830026	NA	6679993	81797	2.1109934	81497	3288	6358.0	mappable	0.08325473	8.0	NA	0.00150501441	0.0002787068	0.04283925264	0.08821681	0.08849552	4149991	4150081	10829946	10830026	0.18789073	1	352139.99	18.291167	1.0421879	NA	NA	0.0	1.055496715	1.0554967	1	1	1:1	2	neutral	4110378
12	10830027	10850013	NA	19987	298	1.9963158	298	19	26.0	mappable	0.056775	1.0	self	0.02857628671	0.05263157895	0.01170807795	0.13998961	0.19262119	10830027	10830107	10849982	10850013	NA	missing	335517.48	17.641091	1.0052547	NA	NA	NA	NA	NA	NA	NA	NA	NA	NA	4110378
12	10850014	34819969	NA	23969957	335738	2.1109934	334581	17094	23944.0	mappable	0.08215	8.0	NA	0.00214475556	5.479152e-05	0.04048308063	0.08158362	0.08163841	10850014	10850045	34819969	34819969	0.14987772	1	352139.99	18.291167	1.0421879	NA	NA	0.0	1.055496715	1.0554967	1	1	1:1	2	neutral	4110378
12	38000003	38130001	NA	129999	4654	1.9963158	4535	32	354.0	mappable	0.109525	1.0	self	0.00707371329	0.00662251656	0.03099192205	0.11772919	0.1243517	38000003	38000003	38129999	38130003	0.2469665	1	335517.48	17.641091	1.0052547	NA	NA	0.0	0.998157922	0.9981579	1	1	1:1	2	neutral	4110378
12	38130001	38139985	NA	9985	677	2.345769	670	13	42.0	mappable	0.040225	NA	NA	0.04919871329	0.05	0.11669192205	0.15053953	0.20053953	38129999	38130003	38139970	38140000	NA	missing	369528.6	20.23609	1.1178	NA	NA	NA	NA	NA	NA	NA	NA	NA	NA	4110378
12	38139985	41780016	NA	3640032	54372	2.1109934	54173	2485	3817.0	mappable	0.07704167	8.0	NA	0.00662628671	0.00037257824	0.03879192205	0.09176198	0.09213456	38139970	38140000	41779991	41780016	0.13709054	1	352139.99	18.291167	1.0421879	NA	NA	0.0	1.055496715	1.0554967	1	1	1:1	2	neutral	4110378
12	41780017	41810053	NA	30037	497	1.8798016	490	1	38.0	mappable	0.15151515	2.0	NA	0.09031526034	0.125	0.02480807795	0.13445873	0.25945873	41780017	41780042	41809984	41810053	NA	missing	325258.17	17.425205	0.96773	NA	NA	NA	NA	NA	NA	NA	NA	NA	NA	4110378
12	41810054	69219995	NA	27409942	349100	2.1109934	347951	15812	25598.0	mappable	0.08215	8.0	NA	0.00320128671	5.895879e-05	0.03839192205	0.0809448	0.08100376	41810054	41810123	69219985	69219995	0.15024184	1	352139.99	18.291167	1.0421879	NA	NA	0.0	1.055496715	1.0554967	1	1	1:1	2	neutral	4110378
12	69219996	69249968	NA	29973	426	1.9963158	425	15	48.0	mappable	0.08438176	1.0	self	0.01150669211	0.0625	0.02220807795	0.13448655	0.19698655	69219996	69220006	69249927	69250009	NA	missing	335517.48	17.641091	1.0052547	NA	NA	NA	NA	NA	NA	NA	NA	NA	NA	4110378
12	69249968	89850141	NA	20600174	278257	2.1109934	277367	12259	18957.0	mappable	0.08215	8.0	NA	0.00320128671	7.605141e-05	0.03819192205	0.08231756	0.08239361	69249927	69250009	89849986	89850141	0.15124178	1	352139.99	18.291167	1.0421879	NA	NA	0.0	1.055496715	1.0554967	1	1	1:1	2	neutral	4110378
12	89850142	89979968	NA	129827	1759	2.312697	1750	38	133.0	mappable	0.05546824	4.0	NA	0.03705141599	0.02127659574	0.09769192205	0.11774242	0.13901902	89850142	89850297	89979923	89980013	0.31405023	1	357273.65	18.863268	1.1071488	NA	NA	0.0	1.156348512	1.1563485	1	1	1:1	2	neutral	4110378
12	89979968	116779968	NA	26800001	368527	2.1109934	367235	15603	27477.0	mappable	0.08215	8.0	NA	0.00320128671	5.918911e-05	0.03639192205	0.0810513	0.08111049	89979923	89980013	116779932	116780004	0.1511193	1	352139.99	18.291167	1.0421879	NA	NA	0.0	1.055496715	1.0554967	1	1	1:1	2	neutral	4110378
12	116779968	116820001	NA	40034	660	1.8798016	660	31	51.0	mappable	0.1157	2.0	NA	0.03034871329	0.03225806452	0.04050807795	0.13081353	0.1630716	116779932	116780004	116819999	116820001	NA	missing	325258.17	17.425205	0.96773	NA	NA	NA	NA	NA	NA	NA	NA	NA	NA	4110378
12	116820002	133819926	NA	16999925	244329	1.9963158	243083	12353	20351.0	mappable	0.085575	1.0	edge	0.00076365985	7.354023e-05	0.03067566569	0.08326733	0.08334087	116820002	116820004	133819926	133819926	0.17682312	1	335517.48	17.641091	1.0052547	NA	NA	0.0	0.998157922	0.9981579	1	1	1:1	2	neutral	4110378
13	19450038	115099984	NA	95649958	1367577	1.9963158	1362821	64272	97034.0	mappable	0.085575	1.0	edge	0.00057807534	1.448708e-05	0.00111711866	0.07543964	0.07545413	19450038	19450038	115099984	115099984	0.19118486	1	335517.48	17.641091	1.0052547	NA	NA	0.0	0.998157922	0.9981579	1	1	1:1	2	neutral	4110378
14	20330060	22830010	NA	2499951	37094	1.9963158	36915	2049	2631.0	mappable	0.085575	1.0	edge	0.00022371329	0.00044883303	0.03089192205	0.09410229	0.09455112	20330060	20330060	22829948	22830010	0.16510927	1	335517.48	17.641091	1.0052547	NA	NA	0.0	0.998157922	0.9981579	1	1	1:1	2	neutral	4110378
14	22830011	22890019	NA	60009	914	1.77109	906	73	55.0	mappable	0.071025	7.0	NA	0.02010128671	0.01234567901	0.05820807795	0.12600099	0.13834667	22830011	22830073	22889964	22890074	0.21118872	1	312326.68	16.125422	0.9327182	NA	NA	0.0	0.885545006	0.885545	1	1	1:1	2	neutral	4110378
14	22890019	35820004	NA	12929986	172062	2.1109934	171514	7139	12238.0	mappable	0.08215	8.0	NA	0.00320128671	0.00013008976	0.04019192205	0.08465889	0.08478898	22889964	22890074	35819990	35820004	0.16434222	1	352139.99	18.291167	1.0421879	NA	NA	0.0	1.055496715	1.0554967	1	1	1:1	2	neutral	4110378
14	35820005	35919973	NA	99969	1465	2.312697	1457	81	121.0	mappable	0.06647105	4.0	NA	0.02210128671	0.01123595506	0.10529192205	0.12041524	0.1316512	35820005	35820019	35919917	35919973	0.16205255	1	357273.65	18.863268	1.1071488	NA	NA	0.0	1.156348512	1.1563485	1	1	1:1	2	neutral	4110378
14	35919974	38909993	NA	2990020	37783	2.1109934	37677	959	2739.0	mappable	0.08323571	8.0	NA	0.00320128671	0.00093896714	0.03849192205	0.09297256	0.09391153	35919974	35920030	38909942	38909993	0.18748064	1	352139.99	18.291167	1.0421879	NA	NA	0.0	1.055496715	1.0554967	1	1	1:1	2	neutral	4110378
14	38909994	38929973	NA	19980	387	2.312697	385	32	28.0	mappable	0.06303214	4.0	NA	0.02231914385	0.02941176471	0.11489192205	0.13999456	0.16940633	38909994	38910045	38929893	38929973	NA	missing	357273.65	18.863268	1.1071488	NA	NA	NA	NA	NA	NA	NA	NA	NA	NA	4110378
14	38929974	39709982	NA	780009	9685	2.1109934	9657	374	715.0	mappable	0.0921881	8.0	NA	0.00683680853	0.00248756219	0.05209192205	0.10218089	0.10466845	38929974	38930054	39709886	39710078	0.16672898	1	352139.99	18.291167	1.0421879	NA	NA	0.0	1.055496715	1.0554967	1	1	1:1	2	neutral	4110378
14	39709982	39749930	NA	39949	587	2.312697	580	33	38.0	mappable	0.06709808	4.0	NA	0.01825320978	0.025	0.10949192205	0.13083977	0.15583977	39709886	39710078	39749829	39749930	0.16462373	1	357273.65	18.863268	1.1071488	NA	NA	0.0	1.156348512	1.1563485	1	1	1:1	2	neutral	4110378
14	39749931	44980032	NA	5230102	77886	2.1109934	77592	4583	4973.0	mappable	0.08425588	8.0	NA	0.00022371329	0.00020504408	0.04149192205	0.08961213	0.08981717	39749931	39750032	44979993	44980032	0.14960545	1	352139.99	18.291167	1.0421879	NA	NA	0.0	1.055496715	1.0554967	1	1	1:1	2	neutral	4110378
14	44980033	45025072	NA	45040	738	2.312697	737	4	61.0	mappable	0.0735	4.0	NA	0.01315128671	0.2	0.10709192205	0.12937515	0.32937515	44980033	44980072	45019998	45030146	NA	missing	357273.65	18.863268	1.1071488	NA	NA	NA	NA	NA	NA	NA	NA	NA	NA	4110378
14	45025072	70860011	NA	25834940	353589	2.1109934	352375	13460	25558.0	mappable	0.08375658	8.0	NA	0.00324295642	6.814774e-05	0.04016514605	0.08122546	0.08129361	45019998	45030146	70859992	70860030	0.15570656	1	352139.99	18.291167	1.0421879	NA	NA	0.0	1.055496715	1.0554967	1	1	1:1	2	neutral	4110378
14	70860011	70880029	NA	20019	303	2.4075585	302	19	25.0	mappable	0.13057549	NA	NA	0.04522420349	0.05	0.13659192205	0.139967	0.189967	70859992	70860030	70879998	70880029	NA	missing	360999.77	19.111752	1.1377	NA	NA	NA	NA	NA	NA	NA	NA	NA	NA	4110378
14	70880030	71880032	NA	1000003	12985	2.1109934	12918	692	969.0	mappable	0.07819318	8.0	NA	0.00340962004	0.00131752306	0.03659192205	0.10034331	0.10166083	70880030	70880061	71879972	71880032	0.14460116	1	352139.99	18.291167	1.0421879	NA	NA	0.0	1.055496715	1.0554967	1	1	1:1	2	neutral	4110378
14	71880033	71889930	NA	9898	151	2.312697	147	0	17.0	mappable	NA	4.0	NA	0.05434295337	0.25	0.13599192205	0.15068273	0.40068273	71880033	71880093	71889802	71889930	NA	missing	357273.65	NA	1.1071488	NA	NA	NA	NA	NA	NA	NA	NA	NA	NA	4110378
14	71889931	84604450	NA	12714520	180332	2.1109934	179704	9027	13343.0	mappable	0.08215	8.0	NA	0.00320128671	0.00010357328	0.03709192205	0.08474586	0.08484943	71889931	71890059	84604413	84604450	0.1548769	1	352139.99	18.291167	1.0421879	NA	NA	0.0	1.055496715	1.0554967	1	1	1:1	2	neutral	4110378
14	84604451	84613163	DEL	8713	154	1.630377	154	17	11.0	mappable	0.38407241	NA	NA	0.29872112709	0.05882352941	0.11370807795	0.1528006	0.21162413	84604451	84604463	84613162	84613163	NA	missing	311753.02	22.575219	0.8874	NA	NA	NA	NA	NA	NA	NA	NA	NA	NA	4110378
14	84613164	91749893	DEL	7136732	105227	1.9963158	104869	5343	7424.0	mappable	0.08215	1.0	self	0.00081259613	0.00017540782	0.03229044144	0.08784709	0.0880225	84613164	84613297	91749765	91750021	0.14827224	1	335517.48	17.641091	1.0052547	NA	NA	0.0	0.998157922	0.9981579	1	1	1:1	2	neutral	4110378
14	91749893	91779993	NA	30101	528	1.8798016	514	21	56.0	mappable	0.09281667	2.0	NA	0.03166066981	0.02857142857	0.03250807795	0.13443097	0.1630024	91749765	91750021	91779956	91779993	NA	missing	325258.17	17.425205	0.96773	NA	NA	NA	NA	NA	NA	NA	NA	NA	NA	4110378
14	91779994	95719989	NA	3939996	58661	2.1109934	58421	3583	4433.0	mappable	0.07792115	8.0	NA	0.00662628671	0.00026157468	0.03979192205	0.09128351	0.09154508	91779994	91780031	95719967	95719989	0.14304103	1	352139.99	18.291167	1.0421879	NA	NA	0.0	1.055496715	1.0554967	1	1	1:1	2	neutral	4110378
14	95719990	95730028	NA	10039	207	2.486115	207	0	17.0	mappable	NA	NA	NA	NA	inf	0.16189192205	0.15045142	inf	95719990	95720012	95729978	95730078	NA	missing	335968.57	NA	1.163	NA	NA	NA	NA	NA	NA	NA	NA	NA	NA	4110378
14	95730028	106211720	NA	10481695	156910	1.9963158	156281	7160	12372.0	mappable	0.08015227	1.0	NA	0.0021664967	0.00012838619	0.03284487406	0.08575826	0.08588665	95729978	95730078	106009942	106211720	0.15661947	1	335517.48	17.641091	1.0052547	NA	NA	0.0	0.998157922	0.9981579	1	1	1:1	2	neutral	4110378
14	106211721	106212533	DEL	813	0	0.0	0	0	NA	mappable	NA	NA	NA	NA	inf	1.00110807795	0.20688703	inf	106211721	106211721	106212533	106212533	NA	missing	NA	NA	0.0	NA	NA	0.0	0.0	0.0	0	0	NA	0	homozygousDel	4110378
14	106212534	106240306	DEL	27773	0	0.0	0	0	NA	mappable	NA	NA	NA	NA	inf	1.00110807795	0.13548855	inf	106212534	106212534	106240306	106240306	NA	missing	NA	NA	0.0	NA	NA	0.0	0.0	0.0	0	0	NA	0	homozygousDel	4110378
14	106240307	106325916	DEL	85610	1049	1.0481895	1033	141	75.0	mappable	0.64321136	NA	NA	0.28792371329	0.00636942675	0.30120807795	0.1220592	0.12842863	106240307	106250082	106325914	106325916	0.96950381	2	209144.43	15.685832	0.6999	15.03726	1.0183198	1.0	0.0	1.0481895	1	0	1:0	1	LOH	4110378
14	106325917	106330071	DEL	4155	897	1.436004	897	4	110.0	mappable	0.12799532	NA	NA	0.04264403415	0.25	0.17630807795	0.16638059	0.41638059	106325917	106325934	106330067	106330071	NA	missing	222429.15	12.244837	0.8248	NA	NA	NA	NA	NA	NA	NA	NA	NA	NA	4110378
14	106330072	106360371	CTX	30300	405	-0.170523	394	21	31.0	mappable	0.2123	NA	NA	0.12694871329	0.03125	0.69370807795	0.13434513	0.16559513	106330072	106330081	106349982	106360371	NA	missing	96374.09	5.782445	0.3074	NA	NA	NA	NA	NA	NA	NA	NA	NA	NA	4110378
14	106360372	106733147	CTX	372776	2245	1.990199	2223	156	136.0	mappable	0.63015	6.0	NA	0.54137371329	0.00561797753	0.01789192205	0.10806167	0.11367965	106360372	106400108	106733136	106733147	0.9595394	2	337156.12	27.604764	1.0032847	16.91084	0.9989348	0.99786959	0.00211997	1.988079	2	0	2:0	2	cnLOH	4110378
14	106733148	106757650	DEL	24503	352	1.375767	347	32	19.0	mappable	0.46972647	NA	NA	0.39459102098	0.02702702703	0.19570807795	0.1371679	0.16419493	106733148	106733154	106749932	106757650	NA	missing	265834.57	19.842652	0.8054	NA	NA	NA	NA	NA	NA	NA	NA	NA	NA	4110378
14	106757651	107259908	DEL	502258	6357	3.1260555	6200	26	521.0	mappable	0.21000633	NA	edge	0.12812371329	0.00546448087	0.36799192205	0.10560739	0.11107187	106757651	106760015	107259908	107259908	NA	missing	484102.34	29.929819	1.3691	NA	NA	NA	NA	NA	NA	NA	NA	NA	NA	4110378
15	20850000	20859924	NA	9925	165	2.025954	123	0	17.0	mappable	NA	NA	edge	0.26650585615	0.02380952381	0.01369192205	0.15063813	0.17444765	20850000	20850000	20859924	20859924	NA	missing	551534.0	NA	1.0148	NA	NA	NA	NA	NA	NA	NA	NA	NA	NA	4110378
15	22480079	23069956	NA	589878	4054	1.9963158	4023	163	369.0	mappable	0.09620556	1.0	self	0.01085426885	0.00515463918	0.00660807795	0.10432937	0.10948401	22480079	22480079	23069956	23069956	0.263199	1	335517.48	17.641091	1.0052547	NA	NA	0.0	0.998157922	0.9981579	1	1	1:1	2	neutral	4110378
15	23710146	24329926	NA	619781	10356	1.9963158	10317	566	766.0	mappable	0.09426591	1.0	NA	0.00964871329	0.00165289256	0.00389192205	0.10394255	0.10559544	23710146	23710146	24329926	24329926	0.2059386	1	335517.48	17.641091	1.0052547	NA	NA	0.0	0.998157922	0.9981579	1	1	1:1	2	neutral	4110378
15	24329927	24830091	NA	500165	0	0.0	0	0	NA	mappable	NA	NA	NA	NA	inf	1.00110807795	0.10564099	inf	24329927	24329927	24830091	24830091	NA	missing	NA	NA	0.0	NA	NA	0.0	0.0	0.0	0	0	NA	0	homozygousDel	4110378
15	24830092	28529988	NA	3699897	57368	1.9963158	57122	2704	4219.0	mappable	0.089	1.0	NA	0.00364871329	0.00033898305	0.00310807795	0.091663	0.09200199	24830092	24830092	28529988	28529988	0.18191767	1	335517.48	17.641091	1.0052547	NA	NA	0.0	0.998157922	0.9981579	1	1	1:1	2	neutral	4110378
15	29100034	30369914	NA	1269882	18277	1.9963158	18247	825	1429.0	mappable	0.08971667	1.0	self	0.00404324963	0.00116959064	0.00656333866	0.09863751	0.0998071	29100034	29100034	30369914	30369914	0.23396651	1	335517.48	17.641091	1.0052547	NA	NA	0.0	0.998157922	0.9981579	1	1	1:1	2	neutral	4110378
15	31160110	54519955	NA	23359847	302971	1.9963158	302025	12876	22182.0	mappable	0.08215	1.0	NA	0.00318958616	7.234843e-05	0.00628001464	0.0817076	0.08177995	31160110	31160110	54519902	54520008	0.18460877	1	335517.48	17.641091	1.0052547	NA	NA	0.0	0.998157922	0.9981579	1	1	1:1	2	neutral	4110378
15	54519955	54534363	NA	14409	301	2.1672315	301	0	19.0	mappable	NA	NA	NA	NA	inf	0.05919192205	0.1447735	inf	54519902	54520008	54534350	54534376	NA	missing	360840.55	NA	1.0603	NA	NA	NA	NA	NA	NA	NA	NA	NA	NA	4110378
15	54534363	82479795	NA	27945438	386900	1.9963158	385657	15160	29485.0	mappable	0.08215	1.0	NA	0.00049104104	6.096446e-05	0.00080199494	0.08085346	0.08091442	54534350	54534376	82479795	82479795	0.19086391	1	335517.48	17.641091	1.0052547	NA	NA	0.0	0.998157922	0.9981579	1	1	1:1	2	neutral	4110378
15	83211507	102399920	NA	19188415	295994	1.9963158	294970	12742	22102.0	mappable	0.085575	1.0	edge	0.00018993135	7.264274e-05	0.00304425487	0.08266604	0.08273868	83211507	83211507	102399920	102399920	0.19438016	1	335517.48	17.641091	1.0052547	NA	NA	0.0	0.998157922	0.9981579	1	1	1:1	2	neutral	4110378
16	100010	12299981	NA	12199976	239327	1.9963158	238398	9742	19316.0	mappable	0.085575	1.0	edge	5.181135e-05	9.371193e-05	0.00080997452	0.08496041	0.08505413	100010	100010	12299957	12300005	0.20534586	1	335517.48	17.641091	1.0052547	NA	NA	0.0	0.998157922	0.9981579	1	1	1:1	2	neutral	4110378
16	12299981	12329704	NA	29724	644	1.8798016	644	36	61.0	mappable	0.12319632	2.0	NA	0.03784503364	0.02777777778	0.03700807795	0.13459547	0.16237325	12299957	12300005	12329643	12329704	0.05722974	1	325258.17	17.425205	0.96773	NA	NA	0.0	0.939900825	0.9399008	1	1	1:1	2	neutral	4110378
16	12329705	12340066	NA	10362	240	2.312697	240	6	26.0	mappable	0.11274769	4.0	NA	0.02739640237	0.16666666667	0.07759192205	0.14993611	0.31660278	12329705	12329766	12339952	12340180	NA	missing	357273.65	18.863268	1.1071488	NA	NA	NA	NA	NA	NA	NA	NA	NA	NA	4110378
16	12340066	16289940	NA	3949878	57914	1.9963158	57608	3147	4467.0	mappable	0.085575	1.0	self	0.0004251977	0.00028960324	0.0016854772	0.09126845	0.09155806	12339952	12340180	16289940	16289940	0.22177944	1	335517.48	17.641091	1.0052547	NA	NA	0.0	0.998157922	0.9981579	1	1	1:1	2	neutral	4110378
16	16870104	18169896	NA	1299793	20456	1.9963158	20368	1049	1514.0	mappable	0.0838	1.0	self	0.00062350893	0.00087950748	0.00550807795	0.09847438	0.09935389	16870104	16870104	18169896	18169896	0.2094238	1	335517.48	17.641091	1.0052547	NA	NA	0.0	0.998157922	0.9981579	1	1	1:1	2	neutral	4110378
16	18800044	29039945	NA	10239903	125082	1.9963158	124479	5208	10079.0	mappable	0.08215	1.0	self	0.00351836137	0.00017208742	0.0023374211	0.08588225	0.08605434	18800044	18800044	29039945	29039945	0.19168112	1	335517.48	17.641091	1.0052547	NA	NA	0.0	0.998157922	0.9981579	1	1	1:1	2	neutral	4110378
16	29670028	31959970	NA	2289943	17554	1.9963158	17501	453	1567.0	mappable	0.08847143	1.0	self	0.00022371329	0.00197628458	0.00209192205	0.09466613	0.09664241	29670028	29670028	31959970	31959970	0.22996178	1	335517.48	17.641091	1.0052547	NA	NA	0.0	0.998157922	0.9981579	1	1	1:1	2	neutral	4110378
16	32520030	32649899	NA	129870	3149	1.9963158	2975	9	201.0	mappable	0.25073929	1.0	self	0.00652271528	0.00546448087	0.01679192205	0.11773911	0.12320359	32520030	32520030	32649899	32649899	NA	missing	335517.48	17.641091	1.0052547	NA	NA	NA	NA	NA	NA	NA	NA	NA	NA	4110378
16	33590105	35279959	NA	1689855	15430	1.9963158	15400	98	1045.0	mappable	0.09037339	1.0	self	0.00942371329	0.0078125	0.00269192205	0.09667221	0.10448471	33590105	33590105	35279959	35279959	0.28213636	1	335517.48	17.641091	1.0052547	NA	NA	0.0	0.998157922	0.9981579	1	1	1:1	2	neutral	4110378
16	46450014	90109969	NA	43659963	703185	1.9963158	700768	28990	53529.0	mappable	0.085575	1.0	edge	0.00113245367	3.184206e-05	0.00163700803	0.0788028	0.07883465	46450014	46450014	90109969	90109969	0.20185525	1	335517.48	17.641091	1.0052547	NA	NA	0.0	0.998157922	0.9981579	1	1	1:1	2	neutral	4110378
17	20080	18239982	NA	18219908	232590	1.9963158	231634	9883	18621.0	mappable	0.089	1.0	edge	0.00331852399	9.226795e-05	0.00159318866	0.08292214	0.0830144	20080	20080	18239982	18239982	0.20537994	1	335517.48	17.641091	1.0052547	NA	NA	0.0	0.998157922	0.9981579	1	1	1:1	2	neutral	4110378
17	18750212	22239986	NA	3489776	25845	1.9963158	25170	963	2123.0	mappable	0.08262419	1.0	self	0.0037517447	0.00061050061	0.00734310023	0.09201874	0.09262924	18750212	18750212	22239986	22239986	0.22598086	1	335517.48	17.641091	1.0052547	NA	NA	0.0	0.998157922	0.9981579	1	1	1:1	2	neutral	4110378
17	25390040	44279982	NA	18889943	210906	1.9963158	210154	7353	16982.0	mappable	0.094175	1.0	self	0.00894599407	0.00012338063	0.00039280954	0.08274339	0.08286677	25390040	25390040	44279982	44279982	0.24592402	1	335517.48	17.641091	1.0052547	NA	NA	0.0	0.998157922	0.9981579	1	1	1:1	2	neutral	4110378
17	44790026	81149937	NA	36359915	476017	1.9963158	474056	19025	38288.0	mappable	0.099275	1.0	edge	0.01349297824	4.765309e-05	0.00059538243	0.079631	0.07967866	44790026	44790026	81149937	81149937	0.42848872	2	335517.48	17.641091	1.0052547	16.79568	0.5403198	0.08063959	0.917666872	1.078649	1	1	1:1	2	mixDH	4110378
18	130031	14119956	NA	13989928	212681	1.9963158	211994	11037	15396.0	mappable	0.085575	1.0	edge	3.408719e-05	8.529512e-05	0.0032223968	0.0842535	0.0843388	130031	130031	14119956	14119956	0.19935862	1	335517.48	17.641091	1.0052547	NA	NA	0.0	0.998157922	0.9981579	1	1	1:1	2	neutral	4110378
18	14119957	14910026	NA	790070	0	0.0	0	0	NA	mappable	NA	NA	NA	NA	inf	1.00110807795	0.10208446	inf	14119957	14119957	14910026	14910026	NA	missing	NA	NA	0.0	NA	NA	0.0	0.0	0.0	0	0	NA	0	homozygousDel	4110378
18	14910027	14929888	NA	19862	364	1.9480185	361	2	28.0	mappable	0.09459459	NA	NA	0.40827371329	0.2	0.01140807795	0.14007836	0.34007836	14910027	14910027	14929888	14929888	NA	missing	327171.03	17.905982	0.9897	NA	NA	NA	NA	NA	NA	NA	NA	NA	NA	4110378
18	18540053	33970069	NA	15430020	209642	1.9963158	208939	8845	14824.0	mappable	0.08215	1.0	self	0.00068960764	0.00010473398	0.00160013081	0.08375477	0.08385951	18540053	18540053	33969954	33970069	0.19817645	1	335517.48	17.641091	1.0052547	NA	NA	0.0	0.998157922	0.9981579	1	1	1:1	2	neutral	4110378
18	33970070	34109992	NA	139923	2084	2.3541525	2080	31	160.0	mappable	0.26837222	NA	NA	0.17441260218	0.02857142857	0.11939192205	0.11699824	0.14556967	33970070	33970185	34109848	34109992	0.31010539	1	372725.41	20.233665	1.1205	NA	NA	0.0	1.17707625	1.1770763	1	1	1:1	2	neutral	4110378
18	34109993	55760024	NA	21650034	311129	1.990199	310130	13956	22121.0	mappable	0.6507	6.0	NA	0.56678770142	6.686727e-05	0.00010070972	0.0820753	0.08214217	34109993	34110137	55759940	55760024	0.95670833	2	337156.12	27.604764	1.0032847	16.91084	0.9989348	0.99786959	0.00211997	1.988079	2	0	2:0	2	cnLOH	4110378
18	55760025	55779869	NA	19845	361	1.7884215	358	1	18.0	mappable	0.56756757	NA	NA	0.64630401632	0.25	0.06280807795	0.14009048	0.39009048	55760025	55760109	55779717	55779869	NA	missing	312321.22	24.479231	0.9383	NA	NA	NA	NA	NA	NA	NA	NA	NA	NA	4110378
18	55779870	60793465	NA	5013596	75821	1.990199	75502	3472	5605.0	mappable	0.65514722	6.0	NA	0.56927096263	0.00026385224	0.00072200475	0.0898577	0.09012155	55779870	55780022	60793447	60793465	0.93199549	2	337156.12	27.604764	1.0032847	16.91084	0.9989348	0.99786959	0.00211997	1.988079	2	0	2:0	2	cnLOH	4110378
18	60793466	78009968	NA	17216504	279671	1.0534177	278366	14924	20484.0	mappable	0.49315	3.0	edge	0.40482309727	6.162948e-05	0.29908390669	0.08320406	0.08326569	60793466	60793494	78009968	78009968	0.92547028	2	233560.52	17.288524	0.7015838	16.75245	0.9967553	0.9935106	0.003418022	1.0499997	1	0	1:0	1	LOH	4110378
19	260137	18935040	NA	18674906	206896	1.9963158	205726	9058	18637.0	mappable	0.08215	1.0	edge	0.00124793328	9.777083e-05	0.03036093595	0.08279997	0.08289774	260137	260137	18929971	18935040	0.2047505	1	335517.48	17.641091	1.0052547	NA	NA	0.0	0.998157922	0.9981579	1	1	1:1	2	neutral	4110378
19	18935041	18960051	NA	25011	254	2.312697	250	0	29.0	mappable	NA	4.0	NA	0.03841716968	0.25	0.12199192205	0.13688996	0.38688996	18935041	18940110	18959958	18960051	NA	missing	357273.65	NA	1.1071488	NA	NA	NA	NA	NA	NA	NA	NA	NA	NA	4110378
19	18960052	24569972	NA	5609922	49746	2.1109934	49204	1741	4040.0	mappable	0.09320227	8.0	NA	0.00099212009	0.00043802015	0.04021509979	0.08920786	0.08964588	18960052	18960145	24569972	24569972	0.19486655	1	352139.99	18.291167	1.0421879	NA	NA	0.0	1.055496715	1.0554967	1	1	1:1	2	neutral	4110378
19	27750002	28159998	NA	409997	10495	2.1109934	10396	66	797.0	mappable	0.07765	8.0	NA	0.04427371329	0.00606060606	0.05139192205	0.1072659	0.11332651	27750002	27750002	28159970	28160026	0.25195442	1	352139.99	18.291167	1.0421879	NA	NA	0.0	1.055496715	1.0554967	1	1	1:1	2	neutral	4110378
19	28159998	28195011	NA	35014	590	2.312697	573	0	40.0	mappable	NA	4.0	NA	0.04375839071	0.05882352941	0.11209192205	0.13248855	0.19131208	28159970	28160026	28189996	28195011	NA	missing	357273.65	NA	1.1071488	NA	NA	NA	NA	NA	NA	NA	NA	NA	NA	4110378
19	28195012	28300024	NA	105013	1708	2.1109934	1705	64	119.0	mappable	0.09206136	8.0	NA	0.00122371329	0.01492537313	0.03729192205	0.11990258	0.13482795	28195012	28200027	28299976	28300024	0.19947799	1	352139.99	18.291167	1.0421879	NA	NA	0.0	1.055496715	1.0554967	1	1	1:1	2	neutral	4110378
19	28300025	28310003	NA	9979	311	1.8798016	311	5	22.0	mappable	0.08582355	2.0	NA	0.00047226117	0.2	0.04820807795	0.15054936	0.35054936	28300025	28300073	28309653	28310353	NA	missing	325258.17	17.425205	0.96773	NA	NA	NA	NA	NA	NA	NA	NA	NA	NA	4110378
19	28310003	43209995	NA	14899994	184591	1.9963158	183796	8207	15214.0	mappable	0.08123152	1.0	NA	0.00379752265	0.00011108643	0.03179677982	0.08393202	0.08404311	28309653	28310353	43209995	43209995	0.1689556	1	335517.48	17.641091	1.0052547	NA	NA	0.0	0.998157922	0.9981579	1	1	1:1	2	neutral	4110378
19	43209996	43800005	NA	590010	0	0.0	0	0	NA	mappable	NA	NA	NA	NA	inf	1.00110807795	0.10432761	inf	43209996	43209996	43800005	43800005	NA	missing	NA	NA	0.0	NA	NA	0.0	0.0	0.0	0	0	NA	0	homozygousDel	4110378
19	43800006	57799941	NA	13999939	149054	1.9963158	148280	6870	13097.0	mappable	0.089	1.0	NA	0.00351870751	0.00013082156	0.0321624589	0.08424984	0.08438066	43800006	43800006	57799874	57800008	0.18501557	1	335517.48	17.641091	1.0052547	NA	NA	0.0	0.998157922	0.9981579	1	1	1:1	2	neutral	4110378
19	57799941	57820004	NA	20064	312	1.9007213	312	1	31.0	mappable	0.22727273	10.0	NA	0.14192144056	1.0	0.01140807795	0.13993528	1.13993528	57799874	57800008	57819984	57820004	NA	missing	350855.0	18.470335	0.9744674	NA	NA	NA	NA	NA	NA	NA	NA	NA	NA	4110378
19	57820005	59089999	NA	1269995	13235	2.1109934	13178	564	1069.0	mappable	0.09543108	8.0	edge	0.01222371329	0.00161030596	0.04289192205	0.09863688	0.10024719	57820005	57820025	59089999	59089999	0.1962406	1	352139.99	18.291167	1.0421879	NA	NA	0.0	1.055496715	1.0554967	1	1	1:1	2	neutral	4110378
20	60479	1929982	NA	1869504	29234	1.9963158	29088	1298	2303.0	mappable	0.08611019	1.0	edge	0.006127417	0.00069300069	0.00340807795	0.0959959	0.0966889	60479	60479	1929867	1930097	0.20415382	1	335517.48	17.641091	1.0052547	NA	NA	0.0	0.998157922	0.9981579	1	1	1:1	2	neutral	4110378
20	1929982	1949538	NA	19557	343	2.2150485	343	0	32.0	mappable	NA	NA	NA	NA	inf	0.07459192205	0.14029774	inf	1929867	1930097	1949524	1949538	NA	missing	327201.36	NA	1.0757	NA	NA	NA	NA	NA	NA	NA	NA	NA	NA	4110378
20	1949539	25729738	NA	23780207	370727	1.9963158	369566	18701	26572.0	mappable	0.085575	1.0	NA	0.00190214434	5.03474e-05	0.00051983208	0.0816218	0.08167215	1949539	1949553	25729738	25729738	0.18757631	1	335517.48	17.641091	1.0052547	NA	NA	0.0	0.998157922	0.9981579	1	1	1:1	2	neutral	4110378
20	29810057	41819991	NA	12009937	163689	1.9963158	163096	6144	12771.0	mappable	0.08215	1.0	NA	0.00027899472	0.00014843402	0.00200889169	0.08504224	0.08519067	29810057	29810057	41819950	41820032	0.19601632	1	335517.48	17.641091	1.0052547	NA	NA	0.0	0.998157922	0.9981579	1	1	1:1	2	neutral	4110378
20	41819991	41840014	NA	20024	362	2.1740625	362	0	27.0	mappable	NA	NA	NA	NA	inf	0.06139192205	0.13996347	inf	41819950	41820032	41839955	41840073	NA	missing	341125.84	NA	1.0625	NA	NA	NA	NA	NA	NA	NA	NA	NA	NA	4110378
20	41840014	55039873	NA	13199862	199289	1.9963158	198495	8586	15217.0	mappable	0.085575	1.0	NA	0.00079058883	0.00010660981	0.00059295469	0.08455223	0.08465884	41839955	41840073	55039695	55039873	0.20203609	1	335517.48	17.641091	1.0052547	NA	NA	0.0	0.998157922	0.9981579	1	1	1:1	2	neutral	4110378
20	55039874	55070001	NA	30128	477	1.767618	477	0	29.0	mappable	NA	NA	NA	NA	inf	0.06950807795	0.13441929	inf	55039874	55040052	55069986	55070016	NA	missing	327436.8	NA	0.9316	NA	NA	NA	NA	NA	NA	NA	NA	NA	NA	4110378
20	55070001	57809960	NA	2739960	44871	1.9963158	44730	1891	3491.0	mappable	0.085575	1.0	NA	0.00022371329	0.00049212598	0.00350807795	0.09352033	0.09401246	55069986	55070016	57809838	57810082	0.20625198	1	335517.48	17.641091	1.0052547	NA	NA	0.0	0.998157922	0.9981579	1	1	1:1	2	neutral	4110378
20	57809960	57829995	NA	20036	331	2.1964185	331	0	24.0	mappable	NA	NA	NA	NA	inf	0.06859192205	0.13995501	inf	57809838	57810082	57829976	57829995	NA	missing	354771.14	NA	1.0697	NA	NA	NA	NA	NA	NA	NA	NA	NA	NA	4110378
20	57829996	62909989	NA	5079994	88689	1.9963158	88154	4376	7446.0	mappable	0.085575	1.0	edge	0.00364871329	0.00020362452	0.00340807795	0.08978113	0.08998476	57829996	57830015	62909989	62909989	0.19294296	1	335517.48	17.641091	1.0052547	NA	NA	0.0	0.998157922	0.9981579	1	1	1:1	2	neutral	4110378
21	10720001	11179964	NA	459966	5133	2.0180614	4700	0	548.0	mappable	NA	NA	edge	0.23651953117	0.00230946882	0.01115003621	0.10631982	0.10862929	10720001	10720001	11179964	11179964	NA	missing	1100943.0	NA	1.0122581	NA	NA	NA	NA	NA	NA	NA	NA	NA	NA	4110378
21	15410077	25430022	NA	10019946	165831	2.1109934	165202	7563	11181.0	mappable	0.08185833	8.0	NA	0.00320128671	0.00012207031	0.03729192205	0.08599794	0.08612001	15410077	15410077	25429972	25430022	0.16354146	1	352139.99	18.291167	1.0421879	NA	NA	0.0	1.055496715	1.0554967	1	1	1:1	2	neutral	4110378
21	25430023	25450000	NA	19978	493	2.312697	492	64	21.0	mappable	0.0738875	4.0	NA	0.01146378671	0.01538461538	0.10669192205	0.13999598	0.15538059	25430023	25430073	25449987	25450000	0.08829621	1	357273.65	18.863268	1.1071488	NA	NA	0.0	1.156348512	1.1563485	1	1	1:1	2	neutral	4110378
21	25450001	41320043	NA	15870045	237370	2.1109934	236183	11239	17391.0	mappable	0.085575	8.0	NA	0.00022371329	8.047642e-05	0.03692709499	0.08361273	0.08369321	25450001	25450014	41319991	41320095	0.15128939	1	352139.99	18.291167	1.0421879	NA	NA	0.0	1.055496715	1.0554967	1	1	1:1	2	neutral	4110378
21	41320043	48099931	NA	6779889	112523	1.9963158	111838	5548	9388.0	mappable	0.08215	1.0	edge	0.0033084394	0.00016043639	0.03530380051	0.08813356	0.088294	41319991	41320095	48099931	48099931	0.16144495	1	335517.48	17.641091	1.0052547	NA	NA	0.0	0.998157922	0.9981579	1	1	1:1	2	neutral	4110378
22	16850007	23050000	NA	6199995	60253	1.9963158	59931	2733	5046.0	mappable	0.08425588	1.0	edge	0.00065355993	0.00032733224	0.00235296631	0.08863741	0.08896474	16850007	16850007	23039996	23060004	0.21719917	1	335517.48	17.641091	1.0052547	NA	NA	0.0	0.998157922	0.9981579	1	1	1:1	2	neutral	4110378
22	23050000	23245009	NA	195010	3091	1.0534177	3075	214	223.0	mappable	0.482875	3.0	identical	0.40437371329	0.00434782609	0.32430807795	0.11380974	0.11815756	23039996	23060004	23239965	23250053	0.92459094	2	233560.52	17.288524	0.7015838	16.75245	0.9967553	0.9935106	0.003418022	1.0499997	1	0	1:0	1	LOH	4110378
22	23245009	35819989	NA	12574984	163349	1.9963158	162680	7234	13041.0	mappable	0.085575	1.0	self	3.861232e-05	0.00012653423	0.005159673	0.08480307	0.0849296	23239965	23250053	35819959	35820019	0.2094371	1	335517.48	17.641091	1.0052547	NA	NA	0.0	0.998157922	0.9981579	1	1	1:1	2	neutral	4110378
22	35819989	35840016	NA	20028	330	2.1672315	329	1	29.0	mappable	0.27272727	NA	NA	0.45577425442	0.5	0.05919192205	0.13996065	0.63996065	35819959	35820019	35839849	35840183	NA	missing	307194.39	19.548734	1.0603	NA	NA	NA	NA	NA	NA	NA	NA	NA	NA	4110378
22	35840016	35859999	NA	19984	386	1.77109	384	6	40.0	mappable	0.0603569	7.0	NA	0.02320732119	0.125	0.08080807795	0.13999173	0.26499173	35839849	35840183	35859994	35859999	NA	missing	312326.68	16.125422	0.9327182	NA	NA	NA	NA	NA	NA	NA	NA	NA	NA	4110378
22	35860000	36719934	NA	859935	11244	1.9963158	11197	458	950.0	mappable	0.09749167	1.0	NA	0.00887144056	0.00198019802	0.01360807795	0.10145142	0.10343162	35860000	35860005	36719827	36720041	0.1979734	1	335517.48	17.641091	1.0052547	NA	NA	0.0	0.998157922	0.9981579	1	1	1:1	2	neutral	4110378
22	36719934	36740082	NA	20149	290	2.1510855	290	0	31.0	mappable	NA	NA	NA	NA	inf	0.05399192205	0.13987559	inf	36719827	36720041	36739941	36740223	NA	missing	303262.09	NA	1.0551	NA	NA	NA	NA	NA	NA	NA	NA	NA	NA	4110378
22	36740082	51179984	NA	14439903	216950	1.9963158	215985	10384	18201.0	mappable	0.085575	1.0	edge	0.00022371329	8.811349e-05	0.00440807795	0.08409171	0.08417982	36739941	36740223	51179984	51179984	0.21835227	1	335517.48	17.641091	1.0052547	NA	NA	0.0	0.998157922	0.9981579	1	1	1:1	2	neutral	4110378
23	2700027	58499983	NA	55799958	490764	1.9963158	489290	19397	34034.0	mappable	0.085575	1.0	edge	0.00173138293	4.792026e-05	0.0097740184	0.07771892	0.07776684	2700027	2700027	58499983	58499983	0.2343892	1	335517.48	17.641091	1.0052547	NA	NA	0.0	0.998157922	0.9981579	1	1	1:1	2	neutral	4110378
23	61750000	88459980	NA	26709982	245738	1.9963158	245210	6237	16904.0	mappable	0.085575	1.0	self	0.00210365868	0.00014781966	0.00327558196	0.08106725	0.08121507	61750000	61750000	88459980	88459980	0.24743079	1	335517.48	17.641091	1.0052547	NA	NA	0.0	0.998157922	0.9981579	1	1	1:1	2	neutral	4110378
23	88990017	89349936	NA	359920	1089	1.9963158	1089	86	75.0	mappable	0.111625	1.0	NA	0.02627371329	0.01162790698	0.00580807795	0.10835811	0.11998602	88990017	88990017	89349936	89349936	0.31742366	1	335517.48	17.641091	1.0052547	NA	NA	0.0	0.998157922	0.9981579	1	1	1:1	2	neutral	4110378
23	89349937	90140198	NA	790262	0	0.0	0	0	NA	mappable	NA	NA	NA	NA	inf	1.00110807795	0.10208263	inf	89349937	89349937	90140198	90140198	NA	missing	NA	NA	0.0	NA	NA	0.0	0.0	0.0	0	0	NA	0	homozygousDel	4110378
23	90140199	91529952	NA	1389754	5103	1.9963158	5098	230	337.0	mappable	0.09324211	1.0	NA	0.00789081856	0.00425531915	0.00360807795	0.09800848	0.1022638	90140199	90140199	91529952	91529952	0.17967878	1	335517.48	17.641091	1.0052547	NA	NA	0.0	0.998157922	0.9981579	1	1	1:1	2	neutral	4110378
23	91529953	92379999	NA	850047	0	0.0	0	0	NA	mappable	NA	NA	NA	NA	inf	1.00110807795	0.10153736	inf	91529953	91529953	92379999	92379999	NA	missing	NA	NA	0.0	NA	NA	0.0	0.0	0.0	0	0	NA	0	homozygousDel	4110378
23	92380000	154929639	NA	62549642	567096	1.9963158	565493	19361	39078.0	mappable	0.085575	1.0	edge	0.00022371329	4.770082e-05	0.00759179288	0.07722455	0.07727226	92380000	92380000	154929639	154929639	0.2435165	1	335517.48	17.641091	1.0052547	NA	NA	0.0	0.998157922	0.9981579	1	1	1:1	2	neutral	4110378
