#chromosome	start	end	crest	length	tcnNbrOfLoci	tcnMean	tcnNbrOfSNPs	tcnNbrOfHets	dhNbrOfLoci	map	dhMax	cluster	neighbour	distDH	errorSNP	distTcn	errorLength	totalError	minStart	maxStart	minStop	maxStop	area	peaks	meanCovT	meanCovB	tcnMeanRaw	AF	BAF	dhMean	c1Mean	c2Mean	A	B	genotype	TCN	GNL	PID
1	840036	12839977	NA	11999942	171336	2.000209378	170435	7496	25245.0	mappable	0.085575	4.0	edge	0.00335316117	0.00011910434	0.00336621928	0.08504658	0.08516569	840036	840036	12839977	12839977	0.31576502	1	390543.2	20.322169	0.9864591	NA	NA	0.0	1.000104689	1.0001047	1	1	1:1	2	neutral	4145056
1	13780016	90079980	NA	76299970	987123	2.000209378	983788	41116	135708.0	mappable	0.08215	4.0	NA	0.00165282579	2.24982e-05	0.00165372403	0.07637908	0.07640158	13780016	13780016	90079921	90079980	0.13538429	1	390543.2	20.322169	0.9864591	NA	NA	0.0	1.000104689	1.0001047	1	1	1:1	2	neutral	4145056
1	90079981	90100045	NA	20065	239	2.236882899	239	0	39.0	mappable	NA	NA	NA	NA	inf	0.07973378072	0.13993457	inf	90079981	90080040	90099976	90100045	NA	missing	401990.6	NA	1.067	NA	NA	NA	NA	NA	NA	NA	NA	NA	NA	4145056
1	90100046	120529963	NA	30429922	405479	2.000209378	404185	19602	53271.0	mappable	0.08215	4.0	NA	0.00065738594	4.786063e-05	0.00203761964	0.0804538	0.08050166	90100046	90100115	120529963	120529963	0.1540675	1	390543.2	20.322169	0.9864591	NA	NA	0.0	1.000104689	1.0001047	1	1	1:1	2	neutral	4145056
1	121220004	121229986	NA	9983	177	1.894247884	177	0	21.0	mappable	NA	NA	NA	NA	inf	0.03686621928	0.15054281	inf	121220004	121220004	121229986	121229986	NA	missing	394932.0	NA	0.9504	NA	NA	NA	NA	NA	NA	NA	NA	NA	NA	4145056
1	144010127	144019970	NA	9844	155	2.137266029	93	0	14.0	mappable	NA	NA	NA	0.23009083923	0.01612903226	0.04583378072	0.15077238	0.16690141	144010127	144010127	144019970	144019970	NA	missing	1213612.0	NA	1.0331	NA	NA	NA	NA	NA	NA	NA	NA	NA	NA	4145056
1	144920087	145739956	NA	819870	6361	2.000209378	5809	64	871.0	mappable	0.11085	4.0	self	0.02062183883	0.00162337662	0.00393378072	0.10180689	0.10343027	144920087	144920087	145739956	145739956	0.27717252	1	390543.2	20.322169	0.9864591	NA	NA	0.0	1.000104689	1.0001047	1	1	1:1	2	neutral	4145056
1	146540101	147829895	NA	1289795	11646	2.000209378	11621	511	1561.0	mappable	0.08336071	4.0	self	7.183883e-05	0.00186567164	0.00223378072	0.09852843	0.1003941	146540101	146540101	147829895	147829895	0.17632412	1	390543.2	20.322169	0.9864591	NA	NA	0.0	1.000104689	1.0001047	1	1	1:1	2	neutral	4145056
1	149815060	249209945	NA	99394902	1343595	2.000209378	1338861	66495	180386.0	mappable	0.08215	4.0	edge	0.0010372631	1.404041e-05	0.00119677686	0.0752823	0.07529634	149815060	149815060	249209945	249209945	0.14238375	1	390543.2	20.322169	0.9864591	NA	NA	0.0	1.000104689	1.0001047	1	1	1:1	2	neutral	4145056
2	20016	28610033	NA	28590023	423710	2.000209378	422168	18276	58762.0	mappable	0.08215	4.0	edge	1.427668e-05	5.046682e-05	0.0039391982	0.08074607	0.08079653	20016	20016	28609992	28610033	0.15657882	1	390543.2	20.322169	0.9864591	NA	NA	0.0	1.000104689	1.0001047	1	1	1:1	2	neutral	4145056
2	28610034	28640044	NA	30011	389	2.193098493	389	0	65.0	mappable	NA	NA	NA	NA	inf	0.06483378072	0.13447002	inf	28610034	28610075	28639990	28640044	NA	missing	356205.1	NA	1.0521	NA	NA	NA	NA	NA	NA	NA	NA	NA	NA	4145056
2	28640045	39699845	NA	11059801	180170	2.000209378	179687	7923	24252.0	mappable	0.08215	4.0	NA	0.00188948716	0.00011896265	0.00022439156	0.08547439	0.08559335	28640045	28640099	39699647	39700043	0.15542738	1	390543.2	20.322169	0.9864591	NA	NA	0.0	1.000104689	1.0001047	1	1	1:1	2	neutral	4145056
2	39699845	39710137	NA	10293	146	1.680909101	146	0	27.0	mappable	NA	NA	NA	NA	inf	0.10946621928	0.15004453	inf	39699647	39700043	39709981	39710137	NA	missing	360271.7	NA	0.8778	NA	NA	NA	NA	NA	NA	NA	NA	NA	NA	4145056
2	39710138	57778216	NA	18068081	302113	2.000209378	301217	13646	39438.0	mappable	0.085575	4.0	NA	0.00341260271	6.876633e-05	0.00118374812	0.08296366	0.08303243	39710138	39710294	57778154	57778216	0.13306232	1	390543.2	20.322169	0.9864591	NA	NA	0.0	1.000104689	1.0001047	1	1	1:1	2	neutral	4145056
2	57778217	57780000	DUP	1784	30	2.360302029	29	0	3.0	mappable	NA	NA	NA	0.18308428362	1.0	0.12173378072	0.18516976	1.18516976	57778217	57778282	57779993	57780007	NA	missing	430003.3	NA	1.109	NA	NA	NA	NA	NA	NA	NA	NA	NA	NA	4145056
2	57780000	61999261	NA	4219262	57548	2.906872464	57395	2785	7698.0	mappable	0.249975	NA	NA	0.16775316117	0.0003403676	0.30773378072	0.09087374	0.0912141	57779993	57780007	61999159	61999261	0.78816867	2	522523.5	32.301451	1.295	19.90003	0.6547133	0.3094266	1.003704401	1.9031681	2	1	2:1	3	gain	4145056
2	61999262	68380006	DUP	6380747	84488	2.000209378	84186	4187	11123.0	mappable	0.078725	4.0	NA	0.00297049573	0.00022276676	0.0002973211	0.08847485	0.08869762	61999262	61999287	68379941	68380006	0.15079307	1	390543.2	20.322169	0.9864591	NA	NA	0.0	1.000104689	1.0001047	1	1	1:1	2	neutral	4145056
2	68380007	68389997	NA	9991	156	1.690606319	156	0	28.0	mappable	NA	NA	NA	NA	inf	0.10616621928	0.15052971	inf	68380007	68380072	68389984	68390010	NA	missing	358056.2	NA	0.8811	NA	NA	NA	NA	NA	NA	NA	NA	NA	NA	4145056
2	68389997	76820016	NA	8430023	114021	2.000209378	113622	4734	15417.0	mappable	0.08215	4.0	NA	0.00050894697	0.00019481785	0.00409247254	0.08692967	0.08712449	68389984	68390010	76819983	76820016	0.14899613	1	390543.2	20.322169	0.9864591	NA	NA	0.0	1.000104689	1.0001047	1	1	1:1	2	neutral	4145056
2	76820017	76840022	NA	20006	352	2.244229275	352	0	58.0	mappable	NA	NA	NA	NA	inf	0.08223378072	0.13997618	inf	76820017	76820050	76839979	76840065	NA	missing	437972.8	NA	1.0695	NA	NA	NA	NA	NA	NA	NA	NA	NA	NA	4145056
2	76840022	87059860	NA	10219840	147926	2.000209378	147465	8003	18855.0	mappable	0.078725	4.0	NA	0.0036059096	0.00011814745	0.00373592842	0.08589269	0.08601083	76839979	76840065	87059860	87059860	0.12856281	1	390543.2	20.322169	0.9864591	NA	NA	0.0	1.000104689	1.0001047	1	1	1:1	2	neutral	4145056
2	88330099	89094923	NA	764825	9473	2.000209378	9437	494	1366.0	mappable	0.082525	4.0	self	0.00116799267	0.00188679245	0.00626621928	0.10232916	0.10421596	88330099	88330099	89059837	89130009	0.17898733	1	390543.2	20.322169	0.9864591	NA	NA	0.0	1.000104689	1.0001047	1	1	1:1	2	neutral	4145056
2	89094923	89161432	NA	66510	1221	0.692086783	1221	41	143.0	mappable	0.54185893	NA	NA	0.45963708739	0.0243902439	0.44596621928	0.12483394	0.14922419	89059837	89130009	89161413	89161432	0.47310247	2	217939.4	15.030302	0.5413	19.85708	0.9358884	0.8717769	0.044370761	0.647716	sub	0	sub:0	sub	sub	4145056
2	89161433	89229990	INV	68558	1183	0.049719594	1183	66	148.0	mappable	0.1301	NA	NA	0.04787816117	0.01515151515	0.66456621928	0.12449395	0.13964547	89161433	89161525	89229990	89229990	0.05355411	1	132934.9	6.646747	0.3227	NA	NA	0.0	0.024859797	0.0248598	0	0	0:0	0	LOH	4145056
2	89840102	90121860	NA	281759	741	2.1910036	720	19	87.0	mappable	0.12037727	1.0	NA	0.02353534458	0.025	0.05933378072	0.1104722	0.1354722	89840102	89840102	90119990	90121860	NA	missing	508958.5	26.389274	1.0513871	NA	NA	NA	NA	NA	NA	NA	NA	NA	NA	4145056
2	95580145	96239991	NA	659847	4445	2.000209378	4432	155	675.0	mappable	0.085725	4.0	NA	0.00581705006	0.00595238095	0.00776621928	0.10345663	0.10940901	95580145	95580145	96239991	96239991	0.14590452	1	390543.2	20.322169	0.9864591	NA	NA	0.0	1.000104689	1.0001047	1	1	1:1	2	neutral	4145056
2	96239992	96740020	NA	500029	0	0.0	0	0	NA	mappable	NA	NA	NA	NA	inf	0.98726621928	0.10564318	inf	96239992	96239992	96740020	96740020	NA	missing	NA	NA	0.0	NA	NA	0.0	0.0	0.0	0	0	NA	0	homozygousDel	4145056
2	96740021	123720087	NA	26980068	335075	2.000209378	334050	15044	45188.0	mappable	0.085575	4.0	NA	0.00334048923	6.223937e-05	0.00047396486	0.08101958	0.08108182	96740021	96740021	123719998	123720176	0.13498616	1	390543.2	20.322169	0.9864591	NA	NA	0.0	1.000104689	1.0001047	1	1	1:1	2	neutral	4145056
2	123720087	123729960	NA	9874	199	2.337675188	199	0	28.0	mappable	NA	NA	NA	NA	inf	0.11403378072	0.1507225	inf	123719998	123720176	123729719	123729960	NA	missing	427208.8	NA	1.1013	NA	NA	NA	NA	NA	NA	NA	NA	NA	NA	4145056
2	123729961	131160717	NA	7430757	107119	2.000209378	106842	4747	14360.0	mappable	0.08215	4.0	NA	7.183883e-05	0.00019904459	0.00083378072	0.08762292	0.08782197	123729961	123730202	131149994	131160717	0.15251511	1	390543.2	20.322169	0.9864591	NA	NA	0.0	1.000104689	1.0001047	1	1	1:1	2	neutral	4145056
2	131475918	132189994	DEL	714077	5839	2.000209378	5827	232	878.0	mappable	0.06755645	4.0	NA	0.01577183883	0.00409836066	0.00356621928	0.1028504	0.10694876	131475918	131480297	132189994	132189994	0.07588762	1	390543.2	20.322169	0.9864591	NA	NA	0.0	1.000104689	1.0001047	1	1	1:1	2	neutral	4145056
2	132189995	133009999	NA	820005	0	0.0	0	0	NA	mappable	NA	NA	NA	NA	inf	0.98726621928	0.10180566	inf	132189995	132189995	133009999	133009999	NA	missing	NA	NA	0.0	NA	NA	0.0	0.0	0.0	0	0	NA	0	homozygousDel	4145056
2	133010000	135414813	NA	2404814	36281	2.000209378	36163	1371	5056.0	mappable	0.07917045	4.0	NA	0.00349683883	0.00067159167	0.00166621928	0.09435078	0.09502237	133010000	133010000	135409610	135414813	0.14875435	1	390543.2	20.322169	0.9864591	NA	NA	0.0	1.000104689	1.0001047	1	1	1:1	2	neutral	4145056
2	135414814	135439985	NA	25172	326	2.226304116	326	0	53.0	mappable	NA	NA	NA	NA	inf	0.07613378072	0.13680328	inf	135414814	135420017	135439939	135440031	NA	missing	395537.3	NA	1.0634	NA	NA	NA	NA	NA	NA	NA	NA	NA	NA	4145056
2	135439985	197759992	NA	62320011	833931	2.000209378	831199	37455	107255.0	mappable	0.08215	4.0	NA	0.00057482811	2.488615e-05	5.550904e-05	0.07724038	0.07726527	135439939	135440031	197759945	197760039	0.15699768	1	390543.2	20.322169	0.9864591	NA	NA	0.0	1.000104689	1.0001047	1	1	1:1	2	neutral	4145056
2	197759992	197775034	NA	15043	125	2.355012638	125	0	23.0	mappable	NA	NA	NA	NA	inf	0.11993378072	0.1441254	inf	197759945	197760039	197769955	197775034	NA	missing	437268.0	NA	1.1072	NA	NA	NA	NA	NA	NA	NA	NA	NA	NA	4145056
2	197775035	240440025	NA	42664994	590832	2.000209378	588602	26972	80198.0	mappable	0.08215	4.0	NA	0.00043738143	3.424423e-05	0.00348984224	0.0789062	0.07894045	197775035	197780114	240439955	240440025	0.15224717	1	390543.2	20.322169	0.9864591	NA	NA	0.0	1.000104689	1.0001047	1	1	1:1	2	neutral	4145056
2	240440026	240450043	NA	10018	225	2.191041507	225	0	43.0	mappable	NA	NA	NA	NA	inf	0.06413378072	0.15048561	inf	240440026	240440096	240449974	240450043	NA	missing	347767.8	NA	1.0514	NA	NA	NA	NA	NA	NA	NA	NA	NA	NA	4145056
2	240450044	242999969	NA	2549926	41931	2.000209378	41679	2243	6280.0	mappable	0.078725	4.0	edge	7.183883e-05	0.00040112314	0.01166621928	0.09397602	0.09437715	240450044	240450113	242999969	242999969	0.16854084	1	390543.2	20.322169	0.9864591	NA	NA	0.0	1.000104689	1.0001047	1	1	1:1	2	neutral	4145056
3	100074	61276412	NA	61176341	879434	2.000209378	876881	38784	118910.0	mappable	0.078725	4.0	edge	0.00083945911	2.41914e-05	0.00115351418	0.07732017	0.07734437	100074	100074	61276364	61276412	0.13885627	1	390543.2	20.322169	0.9864591	NA	NA	0.0	1.000104689	1.0001047	1	1	1:1	2	neutral	4145056
3	61276413	61300365	DEL	23953	348	1.071453681	348	6	47.0	mappable	0.35314685	NA	identical	0.27092501432	0.16666666667	0.31686621928	0.13747671	0.30414338	61276413	61276666	61300280	61300365	NA	missing	278225.3	18.75913	0.6704	NA	NA	NA	NA	NA	NA	NA	NA	NA	NA	4145056
3	61300366	90499969	DEL	29199610	424724	2.000209378	423263	20366	54461.0	mappable	0.078725	4.0	self	0.00181533173	4.581482e-05	0.00019673321	0.08064696	0.08069278	61300366	61300450	90499969	90499969	0.14516702	1	390543.2	20.322169	0.9864591	NA	NA	0.0	1.000104689	1.0001047	1	1	1:1	2	neutral	4145056
3	93570175	197779892	NA	104209730	1419648	2.000209378	1415103	67349	186152.0	mappable	0.08215	4.0	edge	6.137658e-05	1.391014e-05	0.00129062357	0.07508941	0.07510332	93570175	93570175	197779892	197779892	0.13246384	1	390543.2	20.322169	0.9864591	NA	NA	0.0	1.000104689	1.0001047	1	1	1:1	2	neutral	4145056
4	50084	8939952	NA	8889870	145300	2.000209378	144421	6817	21087.0	mappable	0.085575	4.0	edge	0.00386218026	0.00012995452	0.0034135572	0.08664111	0.08677106	50084	50084	8939952	8939952	0.15206416	1	390543.2	20.322169	0.9864591	NA	NA	0.0	1.000104689	1.0001047	1	1	1:1	2	neutral	4145056
4	9800043	9930035	NA	129993	2375	2.000209378	2364	187	320.0	mappable	0.08611019	4.0	self	0.00581744689	0.00505050505	0.02576621928	0.11772965	0.12278015	9800043	9800043	9929932	9930035	0.12607966	1	390543.2	20.322169	0.9864591	NA	NA	0.0	1.000104689	1.0001047	1	1	1:1	2	neutral	4145056
4	9930036	9940012	NA	9977	187	2.460506609	186	20	22.0	mappable	0.11498929	NA	identical	0.03276744689	0.04761904762	0.15583378072	0.15055264	0.19817168	9930036	9930139	9939984	9940012	NA	missing	405182.9	22.115957	1.1431	NA	NA	NA	NA	NA	NA	NA	NA	NA	NA	4145056
4	9940013	41869923	NA	31929913	493701	2.000209378	492157	24154	64257.0	mappable	0.08215	4.0	NA	2.66569e-05	3.891808e-05	0.0007718961	0.08022976	0.08026868	9940013	9940041	41869825	41869923	0.13556267	1	390543.2	20.322169	0.9864591	NA	NA	0.0	1.000104689	1.0001047	1	1	1:1	2	neutral	4145056
4	41869924	41889995	NA	20072	252	1.819608696	252	0	30.0	mappable	NA	NA	NA	NA	inf	0.06226621928	0.13992965	inf	41869924	41870022	41889959	41889995	NA	missing	356256.6	NA	0.925	NA	NA	NA	NA	NA	NA	NA	NA	NA	NA	4145056
4	41889996	49089961	NA	7199966	102286	2.000209378	102005	4824	13050.0	mappable	0.08255833	4.0	NA	7.183883e-05	0.00019588639	0.00023378072	0.08779801	0.0879939	41889996	41890032	49089961	49089961	0.13548939	1	390543.2	20.322169	0.9864591	NA	NA	0.0	1.000104689	1.0001047	1	1	1:1	2	neutral	4145056
4	52680564	110240016	NA	57559456	784330	2.000209378	781912	37914	99809.0	mappable	0.08215	4.0	NA	1.45767e-05	2.479544e-05	0.0007894439	0.07758388	0.07760868	52680564	52680564	110239924	110240016	0.1550152	1	390543.2	20.322169	0.9864591	NA	NA	0.0	1.000104689	1.0001047	1	1	1:1	2	neutral	4145056
4	110240017	110250008	NA	9992	125	2.274790203	125	0	18.0	mappable	NA	NA	NA	NA	inf	0.09263378072	0.15052808	inf	110240017	110240109	110249978	110250038	NA	missing	427683.3	NA	1.0799	NA	NA	NA	NA	NA	NA	NA	NA	NA	NA	4145056
4	110250008	110280003	NA	29996	274	1.780154244	273	0	41.0	mappable	NA	7.0	NA	0.0107932674	1.0	0.05766621928	0.13447654	1.13447654	110249978	110250038	110279777	110280229	NA	missing	312133.2	NA	0.9115735	NA	NA	NA	NA	NA	NA	NA	NA	NA	NA	4145056
4	110280003	178119937	NA	67839945	924661	2.000209378	921689	45046	117653.0	mappable	0.08215	4.0	NA	0.0010631933	2.082552e-05	0.0023287675	0.07687686	0.07689768	110279777	110280229	178119845	178119937	0.14857721	1	390543.2	20.322169	0.9864591	NA	NA	0.0	1.000104689	1.0001047	1	1	1:1	2	neutral	4145056
4	178119938	178130028	NA	10091	147	2.231593507	147	0	19.0	mappable	NA	NA	NA	NA	inf	0.07793378072	0.1503671	inf	178119938	178120030	178129996	178130028	NA	missing	430186.2	NA	1.0652	NA	NA	NA	NA	NA	NA	NA	NA	NA	NA	4145056
4	178130029	190615690	NA	12485663	206172	2.000209378	204961	11205	27564.0	mappable	0.085575	4.0	NA	0.00336629649	8.054124e-05	0.00551313302	0.08484006	0.0849206	178130029	178130061	190615683	190615690	0.15114789	1	390543.2	20.322169	0.9864591	NA	NA	0.0	1.000104689	1.0001047	1	1	1:1	2	neutral	4145056
4	190615691	190799944	CTX	184254	4773	2.000209378	4545	68	784.0	mappable	0.121675	4.0	edge	0.01362816117	0.00337837838	0.00153378072	0.11434232	0.1177207	190615691	190615773	190799944	190799944	0.28617803	1	390543.2	20.322169	0.9864591	NA	NA	0.0	1.000104689	1.0001047	1	1	1:1	2	neutral	4145056
5	50017	22198515	NA	22148504	338026	2.000209378	336725	15412	45850.0	mappable	0.08215	4.0	edge	0.0003840826	5.984799e-05	0.00550034003	0.08196484	0.08202469	50017	50017	22119983	22198515	0.1632236	1	390543.2	20.322169	0.9864591	NA	NA	0.0	1.000104689	1.0001047	1	1	1:1	2	neutral	4145056
5	22198516	22630043	INV	431528	6086	1.989163072	6075	7	797.0	mappable	0.26614783	NA	NA	0.17002816117	0.05555555556	0.00456621928	0.10684277	0.16239833	22198516	22220054	22629997	22630089	NA	missing	407710.1	25.821638	0.9827	NA	NA	NA	NA	NA	NA	NA	NA	NA	NA	4145056
5	22630043	22669986	NA	39944	617	2.1910036	616	14	88.0	mappable	0.07856331	1.0	NA	0.00365852582	0.06666666667	0.04583378072	0.13084132	0.19750799	22629997	22630089	22669939	22670033	NA	missing	508958.5	26.389274	1.0513871	NA	NA	NA	NA	NA	NA	NA	NA	NA	NA	4145056
5	22669986	24099994	NA	1430010	22679	2.000209378	22624	1167	2822.0	mappable	0.08190357	4.0	NA	0.00120554018	0.00081833061	0.00504504665	0.09781102	0.09862935	22669939	22670033	24099977	24100011	0.13798427	1	390543.2	20.322169	0.9864591	NA	NA	0.0	1.000104689	1.0001047	1	1	1:1	2	neutral	4145056
5	24099994	24110089	NA	10096	185	2.277728754	185	0	19.0	mappable	NA	NA	NA	NA	inf	0.09363378072	0.15035903	inf	24099977	24100011	24109927	24110251	NA	missing	427850.0	NA	1.0809	NA	NA	NA	NA	NA	NA	NA	NA	NA	NA	4145056
5	24110089	28459913	NA	4349827	67303	2.000209378	67104	3204	8428.0	mappable	0.07903311	4.0	NA	0.0021498745	0.00029385836	0.00930976545	0.09069256	0.09098641	24109927	24110251	28459801	28460025	0.14284368	1	390543.2	20.322169	0.9864591	NA	NA	0.0	1.000104689	1.0001047	1	1	1:1	2	neutral	4145056
5	28459913	28480019	NA	20107	304	1.848112638	304	0	38.0	mappable	NA	NA	NA	NA	inf	0.05256621928	0.13990504	inf	28459801	28460025	28479970	28480068	NA	missing	410209.5	NA	0.9347	NA	NA	NA	NA	NA	NA	NA	NA	NA	NA	4145056
5	28480019	46399990	NA	17919974	254002	2.000209378	253179	11788	32660.0	mappable	0.08251389	4.0	NA	7.623571e-05	7.930214e-05	0.00388087838	0.08300455	0.08308385	28479970	28480068	46399990	46399990	0.14984708	1	390543.2	20.322169	0.9864591	NA	NA	0.0	1.000104689	1.0001047	1	1	1:1	2	neutral	4145056
5	49470005	68829703	NA	19359700	256684	2.000209378	255933	10690	33688.0	mappable	0.08661136	4.0	NA	0.00271176082	8.740495e-05	0.00049590676	0.08262225	0.08270966	49470005	49470005	68829703	68829703	0.15683668	1	390543.2	20.322169	0.9864591	NA	NA	0.0	1.000104689	1.0001047	1	1	1:1	2	neutral	4145056
5	70727272	70750152	INV	22881	0	0.0	0	0	NA	mappable	NA	NA	NA	NA	inf	0.98726621928	0.13810378	inf	70727272	70727272	70750152	70750152	NA	missing	NA	NA	0.0	NA	NA	0.0	0.0	0.0	0	0	NA	0	homozygousDel	4145056
5	70750153	86469942	NA	15719792	213185	2.000209378	212514	11036	27462.0	mappable	0.085575	4.0	NA	0.00323504708	8.541898e-05	0.0057933286	0.08366073	0.08374615	70750153	70750153	86469884	86469942	0.14043937	1	390543.2	20.322169	0.9864591	NA	NA	0.0	1.000104689	1.0001047	1	1	1:1	2	neutral	4145056
5	86469943	86515171	NA	45229	356	2.206321971	356	0	53.0	mappable	NA	NA	NA	NA	inf	0.06933378072	0.12932461	inf	86469943	86470001	86509979	86515171	NA	missing	419824.4	NA	1.0566	NA	NA	NA	NA	NA	NA	NA	NA	NA	NA	4145056
5	86515172	129480386	NA	42965220	620537	2.000209378	618822	28742	78346.0	mappable	0.08215	4.0	NA	0.00142890573	3.283317e-05	0.00529134139	0.07887472	0.07890756	86515172	86520364	129480372	129480386	0.14490107	1	390543.2	20.322169	0.9864591	NA	NA	0.0	1.000104689	1.0001047	1	1	1:1	2	neutral	4145056
5	129480387	180689979	CTX	51209598	695889	2.000209378	693728	29613	94859.0	mappable	0.08215	4.0	edge	0.00126265696	3.147227e-05	0.00249309871	0.07809477	0.07812624	129480387	129480498	180689979	180689979	0.15538088	1	390543.2	20.322169	0.9864591	NA	NA	0.0	1.000104689	1.0001047	1	1	1:1	2	neutral	4145056
6	201976	250040	NA	48065	1001	2.992090435	1000	31	148.0	mappable	0.27505595	NA	edge	0.19058470879	0.03125	0.33673378072	0.12859504	0.15984504	201976	201976	249993	250040	0.90644374	2	500017.4	31.945557	1.324	18.6258	0.6805984	0.3611969	0.95567839	2.036412	2	1	2:1	3	gain	4145056
6	250041	391836	NA	141796	2000	2.473730087	1780	13	306.0	mappable	0.26160929	NA	NA	0.03075316117	0.00429184549	0.16033378072	0.11686709	0.12115894	250041	250088	391784	391888	NA	missing	809076.9	50.802505	1.1476	NA	NA	NA	NA	NA	NA	NA	NA	NA	NA	4145056
6	391836	42659998	NA	42268169	636775	2.996597878	632250	34318	86544.0	mappable	0.256825	NA	NA	0.17598174392	2.574599e-05	0.33826771091	0.07894819	0.07897394	391784	391888	42659979	42660017	0.82270732	2	516016.3	32.377491	1.3255339	19.19952	0.665668	0.3313361	1.001858431	1.9947394	2	1	2:1	3	gain	4145056
6	42659998	42680020	NA	20023	405	2.826356174	405	0	60.0	mappable	NA	NA	NA	NA	inf	0.28033378072	0.13996418	inf	42659979	42660017	42679991	42680049	NA	missing	472975.1	NA	1.2676	NA	NA	NA	NA	NA	NA	NA	NA	NA	NA	4145056
6	42680020	49990815	NA	7310798	103067	2.98093217	102843	2895	13848.0	mappable	0.263675	NA	NA	0.18319179816	0.00032061558	0.33293660024	0.08771315	0.08803377	42679991	42680049	49990789	49990815	0.79817377	2	524618.6	32.876098	1.3202028	19.59841	0.6648482	0.3296963	0.999064918	1.9818673	2	1	2:1	3	gain	4145056
6	49990816	57189927	CTX	7199112	101938	2.975046841	101553	4688	13171.0	mappable	0.24260109	NA	NA	0.15747816117	0.00019712202	0.33093378072	0.08779867	0.0879958	49990816	49990843	57189829	57189927	0.82064922	2	539133.6	33.695851	1.3182	20.17125	0.6627536	0.3255073	1.003323725	1.9717231	2	1	2:1	3	gain	4145056
6	57189928	57300041	NA	110114	2044	2.538672058	1569	3	239.0	mappable	0.07374206	NA	NA	0.28030316117	0.00209205021	0.18243378072	0.11941269	0.12150474	57189928	57190026	57299994	57300088	NA	missing	564452.8	30.238544	1.1697	NA	NA	NA	NA	NA	NA	NA	NA	NA	NA	4145056
6	57300041	57309959	NA	9919	276	2.955064696	270	0	29.0	mappable	NA	NA	NA	0.2786614945	0.16666666667	0.32413378072	0.15064802	0.31731469	57299994	57300088	57309915	57310003	NA	missing	503545.0	NA	1.3114	NA	NA	NA	NA	NA	NA	NA	NA	NA	NA	4145056
6	57309959	57390009	NA	80051	2423	1.117882783	2349	0	376.0	mappable	NA	NA	NA	0.17248773205	0.01351351351	0.30106621928	0.12278502	0.13629853	57309915	57310003	57389971	57390047	NA	missing	291847.8	NA	0.6862	NA	NA	NA	NA	NA	NA	NA	NA	NA	NA	4145056
6	57390009	57490010	NA	100002	3015	1.621844232	2353	0	466.0	mappable	NA	NA	NA	0.04725593895	0.00151057402	0.12956621928	0.12041179	0.12192236	57389971	57390047	57489989	57490031	NA	missing	518473.3	NA	0.8577	NA	NA	NA	NA	NA	NA	NA	NA	NA	NA	4145056
6	57490010	58019982	NA	529973	6444	1.008082072	6364	101	842.0	mappable	0.58474891	8.0	NA	0.48970316117	0.00552486188	0.30846621928	0.10517703	0.11070189	57489989	57490031	58019982	58019982	0.91874291	2	263508.3	20.057053	0.6488344	20.02987	0.9939339	0.9878677	0.006115172	1.0019669	1	0	1:0	1	LOH	4145056
6	58610011	58769997	NA	159987	572	3.186916348	572	19	55.0	mappable	0.27302696	NA	NA	0.19080511909	0.05263157895	0.40303378072	0.11568989	0.16832147	58610011	58610011	58769997	58769997	NA	missing	556611.4	32.628944	1.3903	NA	NA	NA	NA	NA	NA	NA	NA	NA	NA	4145056
6	61890002	95670194	NA	33780199	478402	1.008082072	476910	23331	60117.0	mappable	0.54795	8.0	NA	0.46667579692	4.028847e-05	0.33651162733	0.07996905	0.08000934	61890002	61890002	95669941	95670194	0.96144196	2	263508.3	20.057053	0.6488344	20.02987	0.9939339	0.9878677	0.006115172	1.0019669	1	0	1:0	1	LOH	4145056
6	95859995	102920004	NA	7060012	94422	1.008082072	94136	4871	11903.0	mappable	0.5137	8.0	NA	0.43938716264	0.00019391119	0.33884600365	0.0879073	0.08810121	95859995	95860032	102919985	102920004	0.96448904	2	263508.3	20.057053	0.6488344	20.02987	0.9939339	0.9878677	0.006115172	1.0019669	1	0	1:0	1	LOH	4145056
6	102920005	102940013	NA	20009	293	1.160491768	291	12	28.0	mappable	0.77415094	NA	NA	0.22624434475	0.07142857143	0.28656621928	0.13997406	0.21140263	102920005	102920024	102939978	102940013	NA	missing	279346.8	21.36744	0.7007	NA	NA	NA	NA	NA	NA	NA	NA	NA	NA	4145056
6	102940014	135949963	NA	33009951	448347	1.008082072	447043	19843	58438.0	mappable	0.54795	8.0	NA	0.46438329603	4.729921e-05	0.33899780843	0.0800756	0.0801229	102940014	102940049	135949906	135950020	0.94301253	2	263508.3	20.057053	0.6488344	20.02987	0.9939339	0.9878677	0.006115172	1.0019669	1	0	1:0	1	LOH	4145056
6	135949963	135959997	NA	10035	167	1.236012522	167	0	25.0	mappable	NA	NA	NA	NA	inf	0.26086621928	0.15045792	inf	135949906	135950020	135959993	135960001	NA	missing	285773.0	NA	0.7264	NA	NA	NA	NA	NA	NA	NA	NA	NA	NA	4145056
6	135959997	170899935	NA	34939945	517034	1.008082072	514940	24585	70178.0	mappable	0.544525	8.0	edge	0.45864850884	3.749531e-05	0.33990952649	0.07981364	0.07985113	135959993	135960001	170899935	170899935	0.9387457	2	263508.3	20.057053	0.6488344	20.02987	0.9939339	0.9878677	0.006115172	1.0019669	1	0	1:0	1	LOH	4145056
7	40386	57999988	NA	57959613	854734	2.000209378	852111	41380	113415.0	mappable	0.08215	4.0	edge	0.0006055529	2.272624e-05	0.00267428717	0.07755381	0.07757654	40386	40386	57999988	57999988	0.1465921	1	390543.2	20.322169	0.9864591	NA	NA	0.0	1.000104689	1.0001047	1	1	1:1	2	neutral	4145056
7	61530139	71960013	NA	10429875	113654	2.000209378	112987	4123	15880.0	mappable	0.085575	4.0	self	0.00335316117	0.00020876827	0.00903378072	0.08578456	0.08599333	61530139	61530139	71959973	71960013	0.16146926	1	390543.2	20.322169	0.9864591	NA	NA	0.0	1.000104689	1.0001047	1	1	1:1	2	neutral	4145056
7	71960014	72229988	NA	269975	311	2.1910036	310	2	44.0	mappable	0.2987013	1.0	NA	0.02971679753	0.33333333333	0.09083378072	0.11084959	0.44418292	71960014	71960054	72229988	72229988	NA	missing	508958.5	26.389274	1.0513871	NA	NA	NA	NA	NA	NA	NA	NA	NA	NA	4145056
7	72750118	74139961	NA	1389844	10224	2.000209378	10189	335	1649.0	mappable	0.08680682	4.0	self	0.00778270663	0.0027027027	0.00203378072	0.09800803	0.10071073	72750118	72750118	74139961	74139961	0.11349662	1	390543.2	20.322169	0.9864591	NA	NA	0.0	1.000104689	1.0001047	1	1	1:1	2	neutral	4145056
7	75160045	76059952	NA	899908	8413	2.000209378	8374	344	1316.0	mappable	0.089	4.0	self	0.00335316117	0.00261096606	0.02343378072	0.10111521	0.10372618	75160045	75160045	76059952	76059952	0.23813577	1	390543.2	20.322169	0.9864591	NA	NA	0.0	1.000104689	1.0001047	1	1	1:1	2	neutral	4145056
7	76810004	112660065	NA	35850066	465229	2.000209378	463663	19849	60681.0	mappable	0.08215	4.0	NA	0.00094120519	4.669842e-05	0.00064949913	0.07969565	0.07974235	76810004	76810004	112659928	112660065	0.14992449	1	390543.2	20.322169	0.9864591	NA	NA	0.0	1.000104689	1.0001047	1	1	1:1	2	neutral	4145056
7	112660066	112670022	NA	9957	148	2.253632638	148	0	15.0	mappable	NA	NA	NA	NA	inf	0.08543378072	0.15058545	inf	112660066	112660203	112669919	112670125	NA	missing	430237.8	NA	1.0727	NA	NA	NA	NA	NA	NA	NA	NA	NA	NA	4145056
7	112670022	159119808	NA	46449790	623795	2.000209378	621176	30143	84203.0	mappable	0.08215	4.0	edge	0.00131918467	3.052689e-05	0.00260482603	0.07852632	0.07855684	112669919	112670125	159119808	159119808	0.15013133	1	390543.2	20.322169	0.9864591	NA	NA	0.0	1.000104689	1.0001047	1	1	1:1	2	neutral	4145056
8	170012	6919904	NA	6749899	193236	2.000209378	192290	11162	25494.0	mappable	0.08215	4.0	edge	0.00033742206	8.259684e-05	0.00948180075	0.08815841	0.08824101	170012	170012	6919904	6919904	0.16293663	1	390543.2	20.322169	0.9864591	NA	NA	0.0	1.000104689	1.0001047	1	1	1:1	2	neutral	4145056
8	8100000	11859985	NA	3759987	79327	2.000209378	79102	3651	11154.0	mappable	0.078725	4.0	self	0.0025395125	0.00025799794	0.00397994222	0.09156546	0.09182346	8100000	8100000	11859985	11859985	0.13940252	1	390543.2	20.322169	0.9864591	NA	NA	0.0	1.000104689	1.0001047	1	1	1:1	2	neutral	4145056
8	12580042	13539994	NA	959953	21848	2.000209378	21780	1409	2811.0	mappable	0.08593929	4.0	self	0.00274958974	0.00067704807	0.01066621928	0.10064106	0.10131811	12580042	12580042	13539987	13540001	0.1381834	1	390543.2	20.322169	0.9864591	NA	NA	0.0	1.000104689	1.0001047	1	1	1:1	2	neutral	4145056
8	13539994	13559994	NA	20001	619	2.187515246	619	1	78.0	mappable	0.17647059	NA	NA	0.09424874941	1.0	0.06293378072	0.13997971	1.13997971	13539987	13540001	13559985	13560003	NA	missing	429119.2	25.242308	1.0502	NA	NA	NA	NA	NA	NA	NA	NA	NA	NA	4145056
8	13559994	13720002	NA	160009	5187	2.020017855	5186	23	630.0	mappable	0.14713075	NA	NA	0.06134131398	0.04166666667	0.00593378072	0.11568856	0.15735523	13559985	13560003	13719946	13720002	NA	missing	406013.8	22.903341	0.9932	NA	NA	NA	NA	NA	NA	NA	NA	NA	NA	4145056
8	13720003	13730000	NA	9998	339	1.780154244	328	54	27.0	mappable	0.08336071	7.0	NA	0.00384958974	0.01538461538	0.09296621928	0.15051827	0.16590288	13720003	13720059	13729995	13730005	0.17140915	1	312133.2	16.544417	0.9115735	NA	NA	0.0	0.890077122	0.8900771	1	1	1:1	2	neutral	4145056
8	13730000	43789991	NA	30059999	492355	2.000209378	490837	21388	66177.0	mappable	0.08215	4.0	self	0.00169512218	4.365668e-05	0.00150066577	0.08051095	0.08055461	13729995	13730005	43789991	43789991	0.13795272	1	390543.2	20.322169	0.9864591	NA	NA	0.0	1.000104689	1.0001047	1	1	1:1	2	neutral	4145056
8	46880007	63149995	NA	16269995	227512	2.000209378	226916	8810	29984.0	mappable	0.08215	4.0	NA	0.00105315451	0.00010631512	0.00121846136	0.0834874	0.08359372	46880007	46880007	63149957	63149995	0.14139217	1	390543.2	20.322169	0.9864591	NA	NA	0.0	1.000104689	1.0001047	1	1	1:1	2	neutral	4145056
8	63149996	63159995	NA	10000	199	1.650935884	199	0	32.0	mappable	NA	NA	NA	NA	inf	0.11966621928	0.150515	inf	63149996	63150034	63159966	63160024	NA	missing	367202.0	NA	0.8676	NA	NA	NA	NA	NA	NA	NA	NA	NA	NA	4145056
8	63159995	79929975	NA	16769984	225910	2.000209378	225199	10457	29295.0	mappable	0.078725	4.0	NA	0.00171071241	8.954155e-05	0.00205953963	0.08333549	0.08342503	63159966	63160024	79929901	79930049	0.14760246	1	390543.2	20.322169	0.9864591	NA	NA	0.0	1.000104689	1.0001047	1	1	1:1	2	neutral	4145056
8	79929975	79939905	NA	9931	149	2.28448742	149	0	17.0	mappable	NA	NA	NA	NA	inf	0.09593378072	0.15062823	inf	79929901	79930049	79939809	79940001	NA	missing	432137.0	NA	1.0832	NA	NA	NA	NA	NA	NA	NA	NA	NA	NA	4145056
8	79939905	134289988	NA	54350091	748437	2.000209378	746159	31901	97629.0	mappable	0.08215	4.0	NA	0.00122169154	2.925944e-05	0.00054758095	0.07783379	0.07786305	79939809	79940001	134289929	134289988	0.14600315	1	390543.2	20.322169	0.9864591	NA	NA	0.0	1.000104689	1.0001047	1	1	1:1	2	neutral	4145056
8	134289989	134299997	NA	10009	156	2.247755536	156	0	25.0	mappable	NA	NA	NA	NA	inf	0.08343378072	0.1505003	inf	134289989	134290048	134299962	134299997	NA	missing	397920.0	NA	1.0707	NA	NA	NA	NA	NA	NA	NA	NA	NA	NA	4145056
8	134299998	146279988	NA	11979992	185698	2.000209378	184901	9679	26218.0	mappable	0.08215	4.0	NA	1.691028e-05	9.549274e-05	0.00343159586	0.08505526	0.08515076	134299998	134300033	146279882	146280094	0.15464978	1	390543.2	20.322169	0.9864591	NA	NA	0.0	1.000104689	1.0001047	1	1	1:1	2	neutral	4145056
8	146279988	146289988	NA	10001	181	2.313872928	181	0	30.0	mappable	NA	NA	edge	NA	inf	0.10593378072	0.15051336	inf	146279882	146280094	146289988	146289988	NA	missing	402866.0	NA	1.0932	NA	NA	NA	NA	NA	NA	NA	NA	NA	NA	4145056
9	200101	22167769	NA	21967674	405445	2.000209378	404432	20192	52159.0	mappable	0.078725	4.0	edge	0.00248069686	4.716091e-05	0.00026451967	0.08200459	0.08205175	200101	200101	22167764	22167769	0.13379246	1	390543.2	20.322169	0.9864591	NA	NA	0.0	1.000104689	1.0001047	1	1	1:1	2	neutral	4145056
9	22167770	30100007	CTX	7932238	133023	2.000209378	132710	5480	16586.0	mappable	0.0753	4.0	NA	0.00692183883	0.00017262213	0.00353378072	0.08726271	0.08743534	22167770	22167908	30099998	30100016	0.14755667	1	390543.2	20.322169	0.9864591	NA	NA	0.0	1.000104689	1.0001047	1	1	1:1	2	neutral	4145056
9	30100007	30139934	NA	39928	652	1.887783072	652	0	88.0	mappable	NA	NA	NA	NA	inf	0.03906621928	0.13084627	inf	30099998	30100016	30139830	30139934	NA	missing	408555.2	NA	0.9482	NA	NA	NA	NA	NA	NA	NA	NA	NA	NA	4145056
9	30139935	38769828	NA	8629895	106588	2.000209378	106261	4719	14472.0	mappable	0.078725	4.0	NA	0.00093112882	0.00019817677	0.00110082485	0.08680212	0.0870003	30139935	30140039	38769828	38769828	0.1552233	1	390543.2	20.322169	0.9864591	NA	NA	0.0	1.000104689	1.0001047	1	1	1:1	2	neutral	4145056
9	66840048	66849972	NA	9925	540	2.039118435	507	0	67.0	mappable	NA	NA	NA	0.19444004642	0.0303030303	0.01243378072	0.15063813	0.18094116	66840048	66840048	66849972	66849972	NA	missing	578761.7	NA	0.9997	NA	NA	NA	NA	NA	NA	NA	NA	NA	NA	4145056
9	68410004	68419976	NA	9973	1130	1.780154244	1032	0	239.0	mappable	NA	7.0	NA	0.02862528105	0.01020408163	0.07306621928	0.15055919	0.16076328	68410004	68410004	68419976	68419976	NA	missing	312133.2	NA	0.9115735	NA	NA	NA	NA	NA	NA	NA	NA	NA	NA	4145056
9	71030093	111140017	NA	40109927	543465	2.000209378	541915	24863	73795.0	mappable	0.08215	4.0	NA	0.00093982794	3.786158e-05	0.00256023619	0.07918454	0.0792224	71030093	71030093	111139948	111140086	0.14228276	1	390543.2	20.322169	0.9864591	NA	NA	0.0	1.000104689	1.0001047	1	1	1:1	2	neutral	4145056
9	111140017	111149975	NA	9959	182	2.274790203	182	0	23.0	mappable	NA	NA	NA	NA	inf	0.09263378072	0.15058217	inf	111139948	111140086	111149936	111149975	NA	missing	421793.8	NA	1.0799	NA	NA	NA	NA	NA	NA	NA	NA	NA	NA	4145056
9	111149976	141019791	NA	29869820	417087	2.000209378	415234	18854	58620.0	mappable	0.08215	4.0	edge	0.00170714411	4.829985e-05	0.00172908051	0.08054064	0.08058894	111149976	111150015	141019791	141019791	0.14848639	1	390543.2	20.322169	0.9864591	NA	NA	0.0	1.000104689	1.0001047	1	1	1:1	2	neutral	4145056
10	130013	38600358	NA	38470354	578389	2.000209378	576014	28223	80037.0	mappable	0.08215	4.0	edge	0.00242664163	3.268615e-05	0.01223759011	0.07937376	0.07940645	130013	130013	38429948	38600358	0.14979933	1	390543.2	20.322169	0.9864591	NA	NA	0.0	1.000104689	1.0001047	1	1	1:1	2	neutral	4145056
10	42410000	46159967	NA	3749968	43604	2.000209378	43442	1708	5933.0	mappable	0.07522857	4.0	self	0.00692183883	0.00053475936	0.00493378072	0.0915816	0.09211636	42410000	42410000	46159967	46159967	0.12288583	1	390543.2	20.322169	0.9864591	NA	NA	0.0	1.000104689	1.0001047	1	1	1:1	2	neutral	4145056
10	48310177	48659961	NA	349785	5565	2.000209378	5542	217	740.0	mappable	0.06751111	4.0	self	0.01184128327	0.00416666667	0.00306621928	0.10860057	0.11276724	48310177	48310177	48659961	48659961	0.12745221	1	390543.2	20.322169	0.9864591	NA	NA	0.0	1.000104689	1.0001047	1	1	1:1	2	neutral	4145056
10	49390096	67860014	NA	18469920	260023	2.000209378	259181	13495	33212.0	mappable	0.078725	4.0	NA	0.00293010705	6.975933e-05	0.00098472275	0.08285459	0.08292435	49390096	49390096	67859998	67860030	0.14700008	1	390543.2	20.322169	0.9864591	NA	NA	0.0	1.000104689	1.0001047	1	1	1:1	2	neutral	4145056
10	67860014	67879993	NA	19980	351	1.892190899	351	0	47.0	mappable	NA	NA	NA	NA	inf	0.03756621928	0.13999456	inf	67859998	67860030	67879959	67879993	NA	missing	409066.9	NA	0.9497	NA	NA	NA	NA	NA	NA	NA	NA	NA	NA	4145056
10	67879994	135439925	NA	67559935	950391	2.000209378	947179	43459	130971.0	mappable	0.08215	4.0	edge	0.00086831418	2.142842e-05	0.00224209016	0.07689449	0.07691592	67879994	67880028	135439925	135439925	0.14921532	1	390543.2	20.322169	0.9864591	NA	NA	0.0	1.000104689	1.0001047	1	1	1:1	2	neutral	4145056
11	190010	45100127	NA	44910123	653449	2.000209378	650835	31104	86666.0	mappable	0.085575	4.0	edge	0.00300785473	2.966127e-05	0.00017618265	0.07867654	0.0787062	190010	190010	45099984	45100270	0.15824814	1	390543.2	20.322169	0.9864591	NA	NA	0.0	1.000104689	1.0001047	1	1	1:1	2	neutral	4145056
11	45100127	45110019	NA	9893	153	1.801683536	153	0	15.0	mappable	NA	NA	NA	NA	inf	0.06836621928	0.150691	inf	45099984	45100270	45109999	45110019	NA	missing	325628.8	NA	0.9189	NA	NA	NA	NA	NA	NA	NA	NA	NA	NA	4145056
11	45110020	48899996	NA	3789977	40993	2.000209378	40865	863	5987.0	mappable	0.085575	4.0	NA	0.00335316117	0.00100908174	0.01383378072	0.09151744	0.09252652	45110020	45110040	48899996	48899996	0.20912985	1	390543.2	20.322169	0.9864591	NA	NA	0.0	1.000104689	1.0001047	1	1	1:1	2	neutral	4145056
11	48899997	50170092	NA	1270096	0	0.0	0	0	NA	mappable	NA	NA	NA	NA	inf	0.98726621928	0.09863632	inf	48899997	48899997	50170092	50170092	NA	missing	NA	NA	0.0	NA	NA	0.0	0.0	0.0	0	0	NA	0	homozygousDel	4145056
11	50170093	50730013	NA	559923	11390	2.000209378	11298	770	1244.0	mappable	0.08153611	4.0	NA	0.00229325325	0.00116009281	0.03875438651	0.10474018	0.10590027	50170093	50170093	50729996	50730013	0.13947339	1	390543.2	20.322169	0.9864591	NA	NA	0.0	1.000104689	1.0001047	1	1	1:1	2	neutral	4145056
11	50730014	50744966	NA	14953	453	2.416134493	449	7	53.0	mappable	0.24061944	NA	NA	0.05360792308	0.09090909091	0.14073378072	0.14421537	0.23512446	50730014	50730031	50739928	50744966	NA	missing	410852.0	23.047795	1.128	NA	NA	NA	NA	NA	NA	NA	NA	NA	NA	4145056
11	54792817	89349940	NA	34557124	455406	2.000209378	453831	19914	62340.0	mappable	0.08215	4.0	self	7.183883e-05	4.653977e-05	0.00423378072	0.0798643	0.07991083	54792817	54792817	89349940	89349940	0.15913898	1	390543.2	20.322169	0.9864591	NA	NA	0.0	1.000104689	1.0001047	1	1	1:1	2	neutral	4145056
11	89850037	134939862	NA	45089831	664439	2.000209378	662193	30833	89356.0	mappable	0.08215	4.0	edge	9.185913e-05	3.023249e-05	0.00140117012	0.07865872	0.07868895	89850037	89850037	134939862	134939862	0.14831158	1	390543.2	20.322169	0.9864591	NA	NA	0.0	1.000104689	1.0001047	1	1	1:1	2	neutral	4145056
12	160107	200014	NA	39908	347	2.296108213	232	17	36.0	mappable	0.06116667	2.0	edge	0.2017317326	0.00757575758	0.09073378072	0.13085245	0.13842821	160107	160107	199978	200050	NA	missing	508915.9	26.993377	1.0871546	NA	NA	NA	NA	NA	NA	NA	NA	NA	NA	4145056
12	200014	16040013	NA	15840000	213889	2.000209378	212901	10743	29338.0	mappable	0.085575	4.0	NA	0.00268813571	8.526603e-05	0.00295518247	0.08362229	0.08370755	199978	200050	16039933	16040013	0.16446829	1	390543.2	20.322169	0.9864591	NA	NA	0.0	1.000104689	1.0001047	1	1	1:1	2	neutral	4145056
12	16040014	16059951	NA	19938	299	2.178993449	299	0	39.0	mappable	NA	NA	NA	NA	inf	0.06003378072	0.14002432	inf	16040014	16040094	16059862	16059951	NA	missing	417992.7	NA	1.0473	NA	NA	NA	NA	NA	NA	NA	NA	NA	NA	4145056
12	16059952	20399982	NA	4340031	61849	2.000209378	61664	2876	7969.0	mappable	0.07805741	4.0	NA	0.00349683883	0.00032669062	0.00316621928	0.09070593	0.09103263	16059952	16060041	20399953	20400011	0.15611491	1	390543.2	20.322169	0.9864591	NA	NA	0.0	1.000104689	1.0001047	1	1	1:1	2	neutral	4145056
12	20399982	20409940	NA	9959	152	2.246873971	152	0	25.0	mappable	NA	NA	NA	NA	inf	0.08313378072	0.15058217	inf	20399953	20400011	20409877	20409940	NA	missing	420026.2	NA	1.0704	NA	NA	NA	NA	NA	NA	NA	NA	NA	NA	4145056
12	20409941	28300027	NA	7890087	111363	2.000209378	110959	5151	14595.0	mappable	0.08215	4.0	NA	7.183883e-05	0.000180018	0.00496621928	0.08729199	0.08747201	20409941	20410004	28299947	28300107	0.17534566	1	390543.2	20.322169	0.9864591	NA	NA	0.0	1.000104689	1.0001047	1	1	1:1	2	neutral	4145056
12	28300027	28340053	NA	40027	541	2.24276	541	0	74.0	mappable	NA	NA	NA	NA	inf	0.08173378072	0.13081569	inf	28299947	28300107	28339925	28340181	NA	missing	431980.1	NA	1.069	NA	NA	NA	NA	NA	NA	NA	NA	NA	NA	4145056
12	28340053	34819969	NA	6479917	88825	2.000209378	88467	4837	11563.0	mappable	0.08215	4.0	NA	7.183883e-05	0.00019249278	0.00173378072	0.08838785	0.08858034	28339925	28340181	34819969	34819969	0.16856874	1	390543.2	20.322169	0.9864591	NA	NA	0.0	1.000104689	1.0001047	1	1	1:1	2	neutral	4145056
12	38000003	122820040	NA	84820041	1134892	2.000209378	1131298	48020	152293.0	mappable	0.08215	4.0	NA	0.00156642687	1.937684e-05	0.0021279317	0.07593619	0.07595557	38000003	38000003	122819964	122820040	0.14198131	1	390543.2	20.322169	0.9864591	NA	NA	0.0	1.000104689	1.0001047	1	1	1:1	2	neutral	4145056
12	122820041	122829983	NA	9943	127	1.596278841	127	0	17.0	mappable	NA	NA	NA	NA	inf	0.13826621928	0.15060847	inf	122820041	122820117	122829967	122829983	NA	missing	349824.3	NA	0.849	NA	NA	NA	NA	NA	NA	NA	NA	NA	NA	4145056
12	122829984	133819926	NA	10989943	167979	2.000209378	167110	8289	24286.0	mappable	0.08215	4.0	edge	7.183883e-05	0.000109218	0.00596621928	0.08550779	0.08561701	122829984	122830000	133819926	133819926	0.18311425	1	390543.2	20.322169	0.9864591	NA	NA	0.0	1.000104689	1.0001047	1	1	1:1	2	neutral	4145056
13	19450038	19777173	NA	327136	5955	2.000209378	5930	508	767.0	mappable	0.090375	4.0	edge	0.00815316117	0.00187617261	0.00706621928	0.1091731	0.11104927	19450038	19450038	19749935	19777173	0.14223291	1	390543.2	20.322169	0.9864591	NA	NA	0.0	1.000104689	1.0001047	1	1	1:1	2	neutral	4145056
13	19777174	20278583	INV	501410	2753	2.000209378	2736	291	344.0	mappable	0.07165	4.0	self	0.01069683883	0.00324675325	0.00013378072	0.10562098	0.10886774	19777174	19810123	20278520	20278583	0.1268734	1	390543.2	20.322169	0.9864591	NA	NA	0.0	1.000104689	1.0001047	1	1	1:1	2	neutral	4145056
13	20278584	115099984	INV	94821403	1359065	2.000209378	1354378	67641	176488.0	mappable	0.08215	4.0	edge	0.00124822863	1.38261e-05	0.00188403094	0.07547537	0.0754892	20278584	20278586	115099984	115099984	0.14571388	1	390543.2	20.322169	0.9864591	NA	NA	0.0	1.000104689	1.0001047	1	1	1:1	2	neutral	4145056
14	19521399	22589972	CTX	3068576	33000	2.000209378	32819	1790	4198.0	mappable	0.08336071	4.0	edge	0.00054272018	0.00050735667	0.00667807163	0.09281114	0.09331849	19521399	20330060	22589918	22589972	0.14257998	1	390543.2	20.322169	0.9864591	NA	NA	0.0	1.000104689	1.0001047	1	1	1:1	2	neutral	4145056
14	22589973	22950107	NA	360137	5963	2.418508254	5921	462	567.0	mappable	0.07153929	NA	identical	0.01187908267	0.00198412698	0.14154161235	0.10835301	0.11033713	22589973	22590027	22949967	22950107	0.195582	1	334009.0	17.495708	1.1288078	NA	NA	0.0	1.209254127	1.2092541	1	1	1:1	2	neutral	4145056
14	22950108	106007001	NA	83056898	1167974	2.000209378	1164138	53653	156453.0	mappable	0.08215	4.0	self	0.00190725369	1.739524e-05	0.00230730196	0.07602367	0.07604106	22950108	22950248	106006923	106007079	0.15204362	1	390543.2	20.322169	0.9864591	NA	NA	0.0	1.000104689	1.0001047	1	1	1:1	2	neutral	4145056
14	106007001	106330058	NA	323058	2000	1.062050319	1991	72	252.0	mappable	0.46309265	NA	NA	0.53115316117	0.01234567901	0.32006621928	0.10928106	0.12162674	106006923	106007079	106330040	106330058	0.60968179	2	219370.0	15.954183	0.6672	16.21582	0.9195575	0.8391149	0.085434013	0.9766163	1	0	1:0	1	LOH	4145056
14	106330059	106346898	CTX	16840	354	0.005053623	350	16	45.0	mappable	0.126	NA	NA	0.5465614945	0.05	0.67976621928	0.14245416	0.19245416	106330059	106330067	106346795	106346898	NA	missing	115518.1	6.714492	0.3075	NA	NA	NA	NA	NA	NA	NA	NA	NA	NA	4145056
14	106346899	106724943	CTX	378045	2170	1.008082072	2134	51	294.0	mappable	0.51645798	8.0	NA	0.45739244689	0.01149425287	0.36366621928	0.10794358	0.11943783	106346899	106346915	106719873	106724943	0.85756623	2	263508.3	20.057053	0.6488344	20.02987	0.9939339	0.9878677	0.006115172	1.0019669	1	0	1:0	1	LOH	4145056
14	106724944	107259908	NA	534965	7944	2.000209378	7704	275	1013.0	mappable	0.08923409	4.0	edge	0.00677816117	0.00194174757	0.01596621928	0.10510227	0.10704402	106724944	106730014	107259908	107259908	0.33891514	1	390543.2	20.322169	0.9864591	NA	NA	0.0	1.000104689	1.0001047	1	1	1:1	2	neutral	4145056
15	20850000	20859924	NA	9925	165	2.042056986	138	0	8.0	mappable	NA	NA	edge	0.17192226229	0.03703703704	0.01343378072	0.15063813	0.18767516	20850000	20850000	20859924	20859924	NA	missing	1035144.0	NA	1.0007	NA	NA	NA	NA	NA	NA	NA	NA	NA	NA	4145056
15	22820012	23069956	NA	249945	3706	2.000209378	3696	128	571.0	mappable	0.07215238	4.0	self	0.01254207692	0.00724637681	0.03696621928	0.11153711	0.11878349	22820012	22830043	23069956	23069956	0.06864745	1	390543.2	20.322169	0.9864591	NA	NA	0.0	1.000104689	1.0001047	1	1	1:1	2	neutral	4145056
15	23710146	24329926	NA	619781	10361	2.000209378	10314	730	1330.0	mappable	0.078675	4.0	NA	0.00270837729	0.00128700129	0.00936621928	0.10394255	0.10522955	23710146	23710146	24329926	24329926	0.16003654	1	390543.2	20.322169	0.9864591	NA	NA	0.0	1.000104689	1.0001047	1	1	1:1	2	neutral	4145056
15	24329927	24830091	NA	500165	0	0.0	0	0	NA	mappable	NA	NA	NA	NA	inf	0.98726621928	0.10564099	inf	24329927	24329927	24830091	24830091	NA	missing	NA	NA	0.0	NA	NA	0.0	0.0	0.0	0	0	NA	0	homozygousDel	4145056
15	24830092	28529988	NA	3699898	57381	2.000209378	57163	2739	7806.0	mappable	0.078725	4.0	NA	0.00036657879	0.00033829499	0.00444768527	0.091663	0.0920013	24830092	24830092	28529988	28529988	0.16787856	1	390543.2	20.322169	0.9864591	NA	NA	0.0	1.000104689	1.0001047	1	1	1:1	2	neutral	4145056
15	29100034	30369914	NA	1269881	18273	2.000209378	18222	888	2542.0	mappable	0.08671818	4.0	self	0.00308952481	0.00106496273	0.01426621928	0.09863751	0.09970247	29100034	29100034	30369914	30369914	0.1148601	1	390543.2	20.322169	0.9864591	NA	NA	0.0	1.000104689	1.0001047	1	1	1:1	2	neutral	4145056
15	31160110	82479795	NA	51319690	690037	2.000209378	687815	28794	94698.0	mappable	0.08215	4.0	self	0.0017876179	3.224246e-05	0.00055321982	0.07808532	0.07811756	31160110	31160110	82479795	82479795	0.15726419	1	390543.2	20.322169	0.9864591	NA	NA	0.0	1.000104689	1.0001047	1	1	1:1	2	neutral	4145056
15	83211507	102399920	NA	19188418	295799	2.000209378	294880	13969	40212.0	mappable	0.08215	4.0	edge	0.00097824462	6.716819e-05	0.00144420129	0.08266604	0.08273321	83211507	83211507	102399920	102399920	0.15133454	1	390543.2	20.322169	0.9864591	NA	NA	0.0	1.000104689	1.0001047	1	1	1:1	2	neutral	4145056
16	100010	3572415	NA	3472406	51885	2.000209378	51568	2159	7537.0	mappable	0.092425	4.0	edge	0.01362816117	0.0004040404	0.00916621928	0.09204923	0.09245327	100010	100010	3572352	3572415	0.17428835	1	390543.2	20.322169	0.9864591	NA	NA	0.0	1.000104689	1.0001047	1	1	1:1	2	neutral	4145056
16	3572416	3573619	DEL	1204	22	1.889546203	21	0	3.0	mappable	NA	NA	identical	0.6511114945	1.0	0.03846621928	0.19543427	1.19543427	3572416	3572451	3573403	3573619	NA	missing	347293.3	NA	0.9488	NA	NA	NA	NA	NA	NA	NA	NA	NA	NA	4145056
16	3573620	16289940	DEL	12716326	245615	2.000209378	244741	12344	34338.0	mappable	0.085575	4.0	self	0.00223924415	7.565441e-05	0.00027404903	0.08474512	0.08482078	3573620	3573631	16289940	16289940	0.16199344	1	390543.2	20.322169	0.9864591	NA	NA	0.0	1.000104689	1.0001047	1	1	1:1	2	neutral	4145056
16	16870104	16890018	NA	19915	267	2.1910036	265	1	36.0	mappable	0.0	1.0	NA	0.01356744689	0.33333333333	0.08553378072	0.14004065	0.47337398	16870104	16870104	16889969	16890018	NA	missing	508958.5	26.389274	1.0513871	NA	NA	NA	NA	NA	NA	NA	NA	NA	NA	4145056
16	16890019	18169896	NA	1279878	20196	2.000209378	20108	1241	2712.0	mappable	0.08529839	4.0	self	0.00490316117	0.00075244545	0.00346621928	0.09858251	0.09933495	16890019	16890068	18169896	18169896	0.12155367	1	390543.2	20.322169	0.9864591	NA	NA	0.0	1.000104689	1.0001047	1	1	1:1	2	neutral	4145056
16	18800044	29039945	NA	10239902	125022	2.000209378	124470	5701	18081.0	mappable	0.085575	4.0	self	0.00677816117	0.00015994882	0.00146621928	0.08588225	0.0860422	18800044	18800044	29039945	29039945	0.16018852	1	390543.2	20.322169	0.9864591	NA	NA	0.0	1.000104689	1.0001047	1	1	1:1	2	neutral	4145056
16	29670028	31959970	NA	2289943	17521	2.000209378	17490	452	2613.0	mappable	0.078725	4.0	self	0.00349683883	0.00207039337	0.01193378072	0.09466613	0.09673652	29670028	29670028	31959970	31959970	0.16999402	1	390543.2	20.322169	0.9864591	NA	NA	0.0	1.000104689	1.0001047	1	1	1:1	2	neutral	4145056
16	32520030	32649899	NA	129870	3149	2.000209378	2783	0	257.0	mappable	NA	4.0	self	0.01025545952	0.00273224044	0.02013378072	0.11773911	0.12047135	32520030	32520030	32649899	32649899	NA	missing	390543.2	NA	0.9864591	NA	NA	NA	NA	NA	NA	NA	NA	NA	NA	4145056
16	33590105	35279959	NA	1689855	15432	2.000209378	15360	80	2088.0	mappable	0.099525	4.0	self	0.0125432674	0.00657894737	0.02463378072	0.09667221	0.10325116	33590105	33590105	35279959	35279959	0.27082937	1	390543.2	20.322169	0.9864591	NA	NA	0.0	1.000104689	1.0001047	1	1	1:1	2	neutral	4145056
16	46450014	46509932	NA	59919	922	2.296108213	920	1	104.0	mappable	0.2	2.0	NA	0.15307239194	0.33333333333	0.10333378072	0.12601818	0.45935151	46450014	46450014	46509850	46510014	NA	missing	508915.9	26.993377	1.0871546	NA	NA	NA	NA	NA	NA	NA	NA	NA	NA	4145056
16	46509932	70829992	NA	24320063	323574	2.000209378	322420	14285	44502.0	mappable	0.085575	4.0	self	0.00335316117	6.477103e-05	0.0029591029	0.08151406	0.08157883	46509850	46510014	70829936	70829992	0.13614869	1	390543.2	20.322169	0.9864591	NA	NA	0.0	1.000104689	1.0001047	1	1	1:1	2	neutral	4145056
16	70829993	70865090	NA	35098	236	2.1910036	234	15	21.0	mappable	0.09730244	1.0	NA	0.00405316117	0.05882352941	0.06753378072	0.13245822	0.19128174	70829993	70830049	70849986	70865090	NA	missing	508958.5	26.389274	1.0513871	NA	NA	NA	NA	NA	NA	NA	NA	NA	NA	4145056
16	70865091	71200012	NA	334922	4397	1.780154244	4250	5	595.0	mappable	0.080025	7.0	NA	7.183883e-05	0.00657894737	0.08036621928	0.10897125	0.11555019	70865091	70880195	71199994	71200030	NA	missing	312133.2	16.544417	0.9115735	NA	NA	NA	NA	NA	NA	NA	NA	NA	NA	4145056
16	71200012	77169993	NA	5969984	87770	2.000209378	87501	3805	12046.0	mappable	0.08738676	4.0	NA	0.00305013868	0.00024545901	0.00249372868	0.08885218	0.08909764	71199994	71200030	77169979	77170007	0.15629178	1	390543.2	20.322169	0.9864591	NA	NA	0.0	1.000104689	1.0001047	1	1	1:1	2	neutral	4145056
16	77169993	77180012	NA	10020	230	1.739386261	230	0	34.0	mappable	NA	NA	NA	NA	inf	0.08956621928	0.15048235	inf	77169979	77170007	77179985	77180039	NA	missing	383333.3	NA	0.8977	NA	NA	NA	NA	NA	NA	NA	NA	NA	NA	4145056
16	77180012	90109969	NA	12929960	285631	2.000209378	284576	13969	40122.0	mappable	0.085575	4.0	edge	0.00356328912	6.657346e-05	0.00559782474	0.0846589	0.08472547	77179985	77180039	90109969	90109969	0.16059325	1	390543.2	20.322169	0.9864591	NA	NA	0.0	1.000104689	1.0001047	1	1	1:1	2	neutral	4145056
17	20080	18239982	NA	18219906	232021	2.000209378	231064	11052	33051.0	mappable	0.08215	4.0	edge	0.00120926626	8.327781e-05	0.00400921699	0.08292214	0.08300541	20080	20080	18239982	18239982	0.15740703	1	390543.2	20.322169	0.9864591	NA	NA	0.0	1.000104689	1.0001047	1	1	1:1	2	neutral	4145056
17	18750212	22239986	NA	3489776	25790	2.000209378	25168	458	3929.0	mappable	0.099275	4.0	self	0.02024508462	0.00092592593	0.00346839842	0.09201874	0.09294467	18750212	18750212	22239986	22239986	0.2109574	1	390543.2	20.322169	0.9864591	NA	NA	0.0	1.000104689	1.0001047	1	1	1:1	2	neutral	4145056
17	25390040	44279982	NA	18889945	210947	2.000209378	210175	9953	30169.0	mappable	0.085575	4.0	NA	0.00244474451	9.324009e-05	0.00734432033	0.08274339	0.08283663	25390040	25390040	44279982	44279982	0.15573077	1	390543.2	20.322169	0.9864591	NA	NA	0.0	1.000104689	1.0001047	1	1	1:1	2	neutral	4145056
17	44279983	44346295	NA	66313	0	0.0	0	0	NA	mappable	NA	NA	NA	NA	inf	0.98726621928	0.1248673	inf	44279983	44279983	44346295	44346295	NA	missing	NA	NA	0.0	NA	NA	0.0	0.0	0.0	0	0	NA	0	homozygousDel	4145056
17	44790026	65987825	NA	21197801	253618	2.000209378	252756	9987	35659.0	mappable	0.085575	4.0	NA	0.00025252156	9.217439e-05	0.00296909328	0.08217801	0.08227018	44790026	44790026	65949993	65987825	0.16574639	1	390543.2	20.322169	0.9864591	NA	NA	0.0	1.000104689	1.0001047	1	1	1:1	2	neutral	4145056
17	65987826	81109940	DEL	15122115	221904	2.000209378	220909	9120	32103.0	mappable	0.085575	4.0	edge	0.00677816117	9.887285e-05	0.00426621928	0.08385689	0.08395576	65987826	66010048	81109940	81109940	0.17319642	1	390543.2	20.322169	0.9864591	NA	NA	0.0	1.000104689	1.0001047	1	1	1:1	2	neutral	4145056
18	130031	14119956	NA	13989928	212651	2.000209378	211990	11209	28425.0	mappable	0.08215	4.0	edge	0.00113262735	8.42531e-05	0.00807393145	0.0842535	0.08433776	130031	130031	14119956	14119956	0.15106535	1	390543.2	20.322169	0.9864591	NA	NA	0.0	1.000104689	1.0001047	1	1	1:1	2	neutral	4145056
18	14119957	14910026	NA	790070	0	0.0	0	0	NA	mappable	NA	NA	NA	NA	inf	0.98726621928	0.10208446	inf	14119957	14119957	14910026	14910026	NA	missing	NA	NA	0.0	NA	NA	0.0	0.0	0.0	0	0	NA	0	homozygousDel	4145056
18	14910027	14929888	NA	19862	364	2.000209378	361	31	44.0	mappable	0.09904024	4.0	NA	0.00711757054	0.02941176471	0.00063378072	0.14007836	0.16949012	14910027	14910027	14929888	14929888	0.25388235	1	390543.2	20.322169	0.9864591	NA	NA	0.0	1.000104689	1.0001047	1	1	1:1	2	neutral	4145056
18	18540053	23569994	NA	5029942	64933	2.000209378	64768	1793	9217.0	mappable	0.07307222	4.0	NA	0.01034683883	0.00051072523	0.00766621928	0.08983874	0.09034947	18540053	18540053	23569791	23569994	0.19764771	1	390543.2	20.322169	0.9864591	NA	NA	0.0	1.000104689	1.0001047	1	1	1:1	2	neutral	4145056
18	23569995	23590003	NA	20009	309	1.828718203	309	0	44.0	mappable	NA	NA	NA	NA	inf	0.05916621928	0.13997406	inf	23569995	23570198	23589994	23590012	NA	missing	386556.8	NA	0.9281	NA	NA	NA	NA	NA	NA	NA	NA	NA	NA	4145056
18	23590003	60793446	NA	37203447	533964	2.000209378	532256	22489	70545.0	mappable	0.08215	4.0	NA	7.113515e-05	4.132744e-05	0.0036477068	0.07952624	0.07956756	23589994	23590012	60793444	60793446	0.15633511	1	390543.2	20.322169	0.9864591	NA	NA	0.0	1.000104689	1.0001047	1	1	1:1	2	neutral	4145056
18	60793447	60793447	CTX	1	1	1.993277043	1	0	0.0	mappable	NA	NA	NA	NA	inf	0.00316621928	inf	inf	60793447	60793447	60793447	60793447	NA	missing	372813.0	NA	0.9841	NA	NA	NA	NA	NA	NA	NA	NA	NA	NA	4145056
18	60793448	72789971	CTX	11996525	188246	2.000209378	187653	8995	23893.0	mappable	0.078725	4.0	NA	0.00414481942	0.00010429704	0.00485907969	0.08504807	0.08515237	60793448	60793494	72789869	72790073	0.13960634	1	390543.2	20.322169	0.9864591	NA	NA	0.0	1.000104689	1.0001047	1	1	1:1	2	neutral	4145056
18	72789971	72800007	NA	10037	183	2.199269449	183	0	28.0	mappable	NA	NA	NA	NA	inf	0.06693378072	0.15045467	inf	72789869	72790073	72799914	72800100	NA	missing	393221.7	NA	1.0542	NA	NA	NA	NA	NA	NA	NA	NA	NA	NA	4145056
18	72800007	78009968	NA	5209963	91372	2.000209378	90771	5177	12963.0	mappable	0.085575	4.0	edge	0.00333834812	0.00017310023	0.01846872552	0.08963448	0.08980758	72799914	72800100	78009968	78009968	0.17160312	1	390543.2	20.322169	0.9864591	NA	NA	0.0	1.000104689	1.0001047	1	1	1:1	2	neutral	4145056
19	260137	13290022	NA	13029889	142665	2.000209378	141857	6312	21329.0	mappable	0.09585	4.0	edge	0.01356230352	0.00014046917	0.00128312288	0.08461912	0.08475958	260137	260137	13279960	13290022	0.20242786	1	390543.2	20.322169	0.9864591	NA	NA	0.0	1.000104689	1.0001047	1	1	1:1	2	neutral	4145056
19	13290023	13319995	NA	29973	278	1.780154244	276	9	33.0	mappable	0.09999677	7.0	NA	0.01047782747	0.09090909091	0.06286621928	0.13448655	0.22539564	13290023	13300085	13319989	13319995	NA	missing	312133.2	16.544417	0.9115735	NA	NA	NA	NA	NA	NA	NA	NA	NA	NA	4145056
19	13319996	13329985	NA	9990	145	2.351780232	144	0	18.0	mappable	NA	NA	NA	0.12989937329	1.0	0.11883378072	0.15053135	1.15053135	13319996	13320002	13329957	13330013	NA	missing	333711.4	NA	1.1061	NA	NA	NA	NA	NA	NA	NA	NA	NA	NA	4145056
19	13329985	24569972	NA	11239989	113086	2.000209378	112290	5028	16140.0	mappable	0.08215	4.0	self	5.645421e-05	0.0001717033	0.01352889683	0.0853893	0.08556101	13329957	13330013	24569972	24569972	0.18819738	1	390543.2	20.322169	0.9864591	NA	NA	0.0	1.000104689	1.0001047	1	1	1:1	2	neutral	4145056
19	27750002	35820097	NA	8070096	121740	2.000209378	121068	6292	16696.0	mappable	0.08215	4.0	self	7.183883e-05	0.00014359563	0.00123378072	0.08716817	0.08731177	27750002	27750002	35819944	35820097	0.16733606	1	390543.2	20.322169	0.9864591	NA	NA	0.0	1.000104689	1.0001047	1	1	1:1	2	neutral	4145056
19	35820098	35829951	NA	9854	180	1.542209507	179	9	33.0	mappable	0.073475	NA	identical	0.01578017216	0.1	0.15666621928	0.15075573	0.25075573	35820098	35820251	35829902	35830000	NA	missing	317391.7	17.003127	0.8306	NA	NA	NA	NA	NA	NA	NA	NA	NA	NA	4145056
19	35829951	43209995	NA	7380046	75683	2.000209378	75391	2849	11247.0	mappable	0.08215	4.0	NA	0.00115238845	0.00031836995	0.01406954172	0.08766086	0.08797923	35829902	35830000	43209995	43209995	0.15735112	1	390543.2	20.322169	0.9864591	NA	NA	0.0	1.000104689	1.0001047	1	1	1:1	2	neutral	4145056
19	43209996	43800005	NA	590010	0	0.0	0	0	NA	mappable	NA	NA	NA	NA	inf	0.98726621928	0.10432761	inf	43209996	43209996	43800005	43800005	NA	missing	NA	NA	0.0	NA	NA	0.0	0.0	0.0	0	0	NA	0	homozygousDel	4145056
19	43800006	50189999	NA	6389994	67668	2.000209378	67394	2675	10176.0	mappable	0.089	4.0	NA	0.00335316117	0.000339098	0.00803378072	0.08846667	0.08880577	43800006	43800006	50189957	50190041	0.18667637	1	390543.2	20.322169	0.9864591	NA	NA	0.0	1.000104689	1.0001047	1	1	1:1	2	neutral	4145056
19	50189999	50234947	NA	44949	326	2.44375687	325	11	41.0	mappable	0.05294167	NA	identical	0.02886750982	0.08333333333	0.15013378072	0.12939957	0.21273291	50189957	50190041	50209875	50260019	NA	missing	297714.5	15.365908	1.1374	NA	NA	NA	NA	NA	NA	NA	NA	NA	NA	4145056
19	50234947	59089999	NA	8855053	94288	2.000209378	93874	4705	13649.0	mappable	0.085575	4.0	edge	0.00335316117	0.00019535065	0.01173378072	0.08666236	0.08685771	50209875	50260019	59089999	59089999	0.17962639	1	390543.2	20.322169	0.9864591	NA	NA	0.0	1.000104689	1.0001047	1	1	1:1	2	neutral	4145056
20	60479	25729738	NA	25669261	400279	2.000209378	399033	18243	54016.0	mappable	0.08215	4.0	edge	0.00026992862	5.13189e-05	0.00038770136	0.08125609	0.08130741	60479	60479	25729738	25729738	0.14011054	1	390543.2	20.322169	0.9864591	NA	NA	0.0	1.000104689	1.0001047	1	1	1:1	2	neutral	4145056
20	29810057	29886148	NA	76092	2000	2.324745565	1988	1	318.0	mappable	0.19047619	NA	NA	0.06621851205	0.07692307692	0.10963378072	0.12333911	0.20026218	29810057	29810057	29886139	29886148	NA	missing	444545.1	26.461017	1.0969	NA	NA	NA	NA	NA	NA	NA	NA	NA	NA	4145056
20	29886149	62909989	NA	33023844	494685	2.000209378	492797	20973	70516.0	mappable	0.085575	4.0	edge	0.00042240072	4.374453e-05	0.00056176089	0.08007365	0.0801174	29886149	29886158	62909989	62909989	0.14826709	1	390543.2	20.322169	0.9864591	NA	NA	0.0	1.000104689	1.0001047	1	1	1:1	2	neutral	4145056
21	10720001	10755032	NA	35032	1751	2.000209378	1709	0	69.0	mappable	NA	4.0	edge	0.02607643878	0.02380952381	0.02663378072	0.13248204	0.15629157	10720001	10720001	10739886	10770178	NA	missing	390543.2	NA	0.9864591	NA	NA	NA	NA	NA	NA	NA	NA	NA	NA	4145056
21	10755032	11014966	NA	259935	3091	2.40320487	2890	0	360.0	mappable	NA	NA	NA	0.13727816117	0.00497512438	0.13633378072	0.11118652	0.11616165	10739886	10770178	10859932	11170000	NA	missing	1132630.1	NA	1.1236	NA	NA	NA	NA	NA	NA	NA	NA	NA	NA	4145056
21	11014966	11179964	NA	164999	291	1.789929333	258	0	57.0	mappable	NA	5.0	NA	0.16655104256	0.0303030303	0.07236621928	0.11539284	0.14569587	10859932	11170000	11179964	11179964	NA	missing	1825142.0	NA	0.9149	NA	NA	NA	NA	NA	NA	NA	NA	NA	NA	4145056
21	15410077	23723881	NA	8313807	135101	2.000209378	134542	6555	16957.0	mappable	0.078725	4.0	self	0.00332938857	0.00014056789	0.00245312995	0.0870054	0.08714597	15410077	15410077	23723812	23723881	0.16077315	1	390543.2	20.322169	0.9864591	NA	NA	0.0	1.000104689	1.0001047	1	1	1:1	2	neutral	4145056
21	23723882	23761158	NA	37277	632	1.780154244	631	21	73.0	mappable	0.08726585	7.0	NA	0.01240255142	0.04545454545	0.05206621928	0.13170027	0.17715481	23723882	23723951	23761142	23761158	NA	missing	312133.2	16.544417	0.9115735	NA	NA	NA	NA	NA	NA	NA	NA	NA	NA	4145056
21	23761159	23762202	DEL	1044	20	2.095538609	20	0	2.0	mappable	NA	NA	NA	NA	inf	0.03163378072	0.19944343	inf	23761159	23761182	23762164	23762202	NA	missing	414547.8	NA	1.0189	NA	NA	NA	NA	NA	NA	NA	NA	NA	NA	4145056
21	23762203	48099931	DEL	24337731	380200	2.000209378	378403	17044	52234.0	mappable	0.085575	4.0	edge	0.0039731878	5.308419e-05	0.00317889524	0.08151058	0.08156367	23762203	23762207	48099931	48099931	0.15773137	1	390543.2	20.322169	0.9864591	NA	NA	0.0	1.000104689	1.0001047	1	1	1:1	2	neutral	4145056
22	16319982	24580024	CTX	8260044	77897	2.000209378	77432	3783	11408.0	mappable	0.08215	4.0	edge	0.00066900419	0.0002354049	0.00073504992	0.08704085	0.08727625	16319982	16850007	24579945	24580024	0.15174018	1	390543.2	20.322169	0.9864591	NA	NA	0.0	1.000104689	1.0001047	1	1	1:1	2	neutral	4145056
22	24580025	24599872	NA	19848	206	1.587757043	206	4	39.0	mappable	0.15626724	NA	identical	0.07404540255	0.25	0.14116621928	0.14008834	0.39008834	24580025	24580104	24589709	24599872	NA	missing	288138.6	15.628767	0.8461	NA	NA	NA	NA	NA	NA	NA	NA	NA	NA	4145056
22	24599873	29449986	NA	4850114	62119	2.000209378	61926	2665	8970.0	mappable	0.08215	4.0	NA	7.183883e-05	0.0003500175	0.00166621928	0.0900512	0.09040122	24599873	24610036	29449865	29450107	0.163053	1	390543.2	20.322169	0.9864591	NA	NA	0.0	1.000104689	1.0001047	1	1	1:1	2	neutral	4145056
22	29449986	29470026	NA	20041	351	2.281255014	351	0	52.0	mappable	NA	NA	NA	NA	inf	0.09483378072	0.13995148	inf	29449865	29450107	29469938	29470026	NA	missing	351237.0	NA	1.0821	NA	NA	NA	NA	NA	NA	NA	NA	NA	NA	4145056
22	29470027	41750066	NA	12280040	158861	2.000209378	158261	6522	23136.0	mappable	0.08215	4.0	NA	7.183883e-05	0.00014041	0.00583378072	0.08492637	0.08506678	29470027	29470115	41749998	41750066	0.15639456	1	390543.2	20.322169	0.9864591	NA	NA	0.0	1.000104689	1.0001047	1	1	1:1	2	neutral	4145056
22	41750067	41760057	NA	9991	134	2.350310957	134	0	17.0	mappable	NA	NA	NA	NA	inf	0.11833378072	0.15052971	inf	41750067	41750135	41759987	41760127	NA	missing	327122.9	NA	1.1056	NA	NA	NA	NA	NA	NA	NA	NA	NA	NA	4145056
22	41760057	51179984	NA	9419930	155624	2.000209378	154908	7974	22914.0	mappable	0.085575	4.0	edge	0.00320718108	0.00011510129	0.00564635602	0.08632863	0.08644373	41759987	41760127	51179984	51179984	0.16398125	1	390543.2	20.322169	0.9864591	NA	NA	0.0	1.000104689	1.0001047	1	1	1:1	2	neutral	4145056
23	2700027	58499983	NA	55799958	490978	2.758653434	489510	20126	64921.0	mappable	0.1849	NA	edge	0.10319212469	4.630916e-05	0.25729426123	0.07771892	0.07776523	2700027	2700027	58499983	58499983	0.69834823	2	494940.9	29.696454	1.2445605	19.6135	0.6325721	0.2651442	1.013606301	1.7450471	2	1	2:1	3	gain	4145056
23	61750000	81364398	NA	19614399	166938	2.796089101	166539	3975	21898.0	mappable	0.181475	NA	NA	0.09582816117	0.00022862369	0.27003378072	0.08255794	0.08278657	61750000	61750000	81364237	81364398	0.73044005	2	510815.3	30.648918	1.2573	20.03746	0.632136	0.264272	1.028580568	1.7675085	2	1	2:1	3	gain	4145056
23	81364399	87990027	CTX	6625629	73531	2.782277913	73307	4035	8756.0	mappable	0.1986	NA	NA	0.11295316117	0.0002347969	0.26533378072	0.08826271	0.08849751	81364399	81364458	87989993	87990027	0.72755196	2	508106.2	30.678108	1.2526	20.00598	0.6372878	0.2745756	1.009166173	1.7731117	2	1	2:1	3	gain	4145056
23	87990028	88004997	NA	14970	118	3.15576771	118	0	15.0	mappable	NA	NA	NA	NA	inf	0.39243378072	0.14419833	inf	87990028	87990062	87999983	88004997	NA	missing	523624.4	NA	1.3797	NA	NA	NA	NA	NA	NA	NA	NA	NA	NA	4145056
23	88004998	88459980	NA	454983	5272	2.803729333	5249	165	694.0	mappable	0.11920645	NA	NA	0.15576769605	0.00531914894	0.27263378072	0.10640871	0.11172786	88004998	88010012	88459980	88459980	0.71081903	2	511049.6	30.875912	1.2599	20.00528	0.6375504	0.2751009	1.016210494	1.7875188	2	1	2:1	3	gain	4145056
23	88990017	89349936	NA	359920	1089	2.876311536	1089	122	120.0	mappable	0.142375	NA	NA	0.06015316117	0.00819672131	0.29733378072	0.10835811	0.11655483	88990017	88990017	89349936	89349936	0.63053365	2	503392.8	29.579155	1.2846	19.32666	0.6149606	0.2299212	1.107493281	1.7688183	2	1	2:1	3	gain	4145056
23	89349937	90140198	NA	790262	0	0.0	0	0	NA	mappable	NA	NA	NA	NA	inf	0.98726621928	0.10208263	inf	89349937	89349937	90140198	90140198	NA	missing	NA	NA	0.0	NA	NA	0.0	0.0	0.0	0	0	NA	0	homozygousDel	4145056
23	90140199	91529952	NA	1389754	5102	2.794913681	5091	96	679.0	mappable	0.15116603	NA	NA	0.07147175091	0.00934579439	0.26963378072	0.09800848	0.10735427	90140199	90140199	91529952	91529952	0.77181809	2	507749.0	29.962138	1.2569	19.92352	0.6190633	0.2381265	1.064685291	1.7302284	2	1	2:1	3	gain	4145056
23	91529953	92379999	NA	850047	0	0.0	0	0	NA	mappable	NA	NA	NA	NA	inf	0.98726621928	0.10153736	inf	91529953	91529953	92379999	92379999	NA	missing	NA	NA	0.0	NA	NA	0.0	0.0	0.0	0	0	NA	0	homozygousDel	4145056
23	92380000	154929639	NA	62549640	567363	2.75083542	565686	21988	73840.0	mappable	0.181475	NA	edge	0.09925316117	4.22565e-05	0.25463378072	0.07722455	0.07726681	92380000	92380000	154929639	154929639	0.70773747	2	497433.3	29.846001	1.2419	19.7545	0.6326646	0.2653293	1.010479096	1.7403563	2	1	2:1	3	gain	4145056
