#chromosome	start	end	crest	length	tcnNbrOfLoci	tcnMean	tcnNbrOfSNPs	tcnNbrOfHets	dhNbrOfLoci	map	dhMax	cluster	neighbour	distDH	errorSNP	distTcn	errorLength	totalError	minStart	maxStart	minStop	maxStop	area	peaks	meanCovT	meanCovB	tcnMeanRaw	AF	BAF	dhMean	c1Mean	c2Mean	A	B	genotype	TCN	GNL	PID
1	840009	12839977	NA	11999970	171901	2.00615925	170950	7307	21678.0	mappable	0.654125	NA	edge	0.571250482735	0.0001210947	0.00133289378	0.08504657	0.08516766	840009	840009	12839977	12839977	0.93772254	2	361544.44	29.698293	0.9987558	18.04111	0.9939741	0.98794824	0.012088877	1.99407037	2	0	2:0	2	cnLOH	4101815
1	13780016	109639959	NA	95859949	1251495	2.008704418	1246952	59700	131943.0	mappable	0.660975	NA	NA	0.577768384668	1.55659e-05	0.00215730007	0.07543064	0.0754462	13780016	13780016	109639855	109640063	0.9586279	2	389563.93	32.081735	0.9995803	19.42325	0.9969827	0.9939653	0.006060961	2.00264346	2	0	2:0	2	cnLOH	4101815
1	109639959	120529963	NA	10890005	142082	2.001991595	141705	7085	15124.0	mappable	0.08215	8.0	self	1.8553764e-05	0.00013401233	0.00207704885	0.085556	0.08569001	109639855	109640063	120529963	120529963	0.56184803	2	391238.34	20.377314	0.9974057	19.54926	0.5320526	0.06410519	0.936826772	1.06516482	1	1	1:1	2	mixDH	4101815
1	121220004	121229986	NA	9983	177	2.110016308	176	10	13.0	mappable	0.02853514	NA	NA	0.03861922944	0.09090909091	0.03497704885	0.15054281	0.2414519	121220004	121220004	121229986	121229986	NA	missing	397438.0	20.11424	1.0324	NA	NA	NA	NA	NA	NA	NA	NA	NA	NA	4101815
1	144010127	144019970	NA	9844	155	2.017408615	95	0	15.0	mappable	NA	NA	NA	0.229437061209	0.01666666667	0.00497704885	0.15077238	0.16743905	144010127	144010127	144019970	144019970	NA	missing	1154866.0	NA	1.0024	NA	NA	NA	NA	NA	NA	NA	NA	NA	NA	4101815
1	144920087	145739956	NA	819870	6373	2.001991595	5825	151	849.0	mappable	0.06721389	8.0	NA	0.019818553764	0.00143061516	0.00042295115	0.10180689	0.10323751	144920087	144920087	145739956	145739956	0.1700354	1	391238.34	20.377314	0.9974057	NA	NA	0.0	1.000995798	1.0009958	1	1	1:1	2	neutral	4101815
1	146540101	147829895	NA	1289795	11663	2.001991595	11632	420	1184.0	mappable	0.06683214	8.0	self	0.013718553764	0.0022172949	0.00487704885	0.09852843	0.10074572	146540101	146540101	147829895	147829895	0.11311529	1	391238.34	20.377314	0.9974057	NA	NA	0.0	1.000995798	1.0009958	1	1	1:1	2	neutral	4101815
1	149815060	180230026	NA	30414967	392423	2.001991595	391169	15819	41722.0	mappable	0.078725	8.0	NA	0.003443553764	5.857201e-05	0.00401563247	0.0804561	0.08051467	149815060	149815060	180229999	180230026	0.15559667	1	391238.34	20.377314	0.9974057	NA	NA	0.0	1.000995798	1.0009958	1	1	1:1	2	neutral	4101815
1	180230027	180239921	NA	9895	161	2.268684154	161	0	26.0	mappable	NA	NA	NA	NA	inf	0.08637704885	0.15068769	inf	180230027	180230054	180239819	180240023	NA	missing	380808.9	NA	1.0838	NA	NA	NA	NA	NA	NA	NA	NA	NA	NA	4101815
1	180239921	228520066	NA	48280154	654590	2.001991595	652636	28103	67296.0	mappable	0.08215	8.0	NA	0.000106645757	3.327123e-05	0.00140685392	0.07835478	0.07838805	180239819	180240023	228519973	228520066	0.13898599	1	391238.34	20.377314	0.9974057	NA	NA	0.0	1.000995798	1.0009958	1	1	1:1	2	neutral	4101815
1	228520067	228529948	NA	9882	148	1.80107859	148	23	17.0	mappable	0.09798077	3.0	NA	0.015812215467	0.04347826087	0.05432295115	0.15070923	0.19418749	228520067	228520160	228529892	228530004	NA	missing	381490.91	20.053679	0.9323205	NA	NA	NA	NA	NA	NA	NA	NA	NA	NA	4101815
1	228529948	228540032	NA	10085	148	2.275913728	138	0	17.0	mappable	NA	9.0	NA	0.076834224014	0.1	0.07657704885	0.15037681	0.25037681	228529892	228530004	228539980	228540032	NA	missing	423650.16	NA	1.086142	NA	NA	NA	NA	NA	NA	NA	NA	NA	NA	4101815
1	228540033	249209945	NA	20669913	297001	2.001991595	295829	15940	31513.0	mappable	0.08215	8.0	edge	0.000716133361	5.843852e-05	0.00286272533	0.08230104	0.08235948	228540033	228540085	249209945	249209945	0.13242651	1	391238.34	20.377314	0.9974057	NA	NA	0.0	1.000995798	1.0009958	1	1	1:1	2	neutral	4101815
2	20016	35799994	NA	35779982	538573	2.001991595	536631	26961	57625.0	mappable	0.078725	8.0	edge	0.002574911505	3.460088e-05	4.093311e-05	0.07970462	0.07973922	20016	20016	35799983	35799994	0.1426917	1	391238.34	20.377314	0.9974057	NA	NA	0.0	1.000995798	1.0009958	1	1	1:1	2	neutral	4101815
2	35799995	35809947	NA	9953	199	1.739585538	199	0	26.0	mappable	NA	NA	NA	NA	inf	0.08502295115	0.15059203	inf	35799995	35800006	35809879	35810015	NA	missing	369556.2	NA	0.9124	NA	NA	NA	NA	NA	NA	NA	NA	NA	NA	4101815
2	35809947	87059860	NA	51249916	772410	2.001991595	770200	35921	77438.0	mappable	0.08215	8.0	NA	0.00042583534	2.622676e-05	0.00114414379	0.0780913	0.07811753	35809879	35810015	87059860	87059860	0.13845131	1	391238.34	20.377314	0.9974057	NA	NA	0.0	1.000995798	1.0009958	1	1	1:1	2	neutral	4101815
2	88330099	89094923	NA	764825	9472	2.001991595	9460	174	1083.0	mappable	0.06380962	8.0	NA	0.015895476841	0.00537634409	0.00107704885	0.10232916	0.10770551	88330099	88330099	89059837	89130009	0.12441486	1	391238.34	20.377314	0.9974057	NA	NA	0.0	1.000995798	1.0009958	1	1	1:1	2	neutral	4101815
2	89094923	89229990	NA	135068	2404	1.069414538	2398	60	227.0	mappable	0.39300882	NA	NA	0.352182916824	0.01515151515	0.30212295115	0.11734798	0.1324995	89059837	89130009	89229990	89229990	0.80379129	2	275005.06	19.643218	0.6953	19.71194	0.930076	0.86015193	0.07477778	0.99463676	1	0	1:0	1	LOH	4101815
2	89840102	90239998	NA	399897	914	2.031608462	907	0	74.0	mappable	NA	NA	NA	0.047148614493	0.14285714286	0.00957704885	0.10747332	0.25033047	89840102	89840102	90239998	90239998	NA	missing	590359.72	NA	1.007	NA	NA	NA	NA	NA	NA	NA	NA	NA	NA	4101815
2	95580145	96239991	NA	659847	4443	2.001991595	4440	27	547.0	mappable	0.07903629	8.0	NA	0.000836295699	0.03333333333	0.00867704885	0.10345663	0.13678996	95580145	95580145	96239991	96239991	NA	missing	391238.34	20.377314	0.9974057	NA	NA	NA	NA	NA	NA	NA	NA	NA	NA	4101815
2	96239992	96740020	NA	500029	0	0.0	0	0	NA	mappable	NA	NA	NA	NA	inf	0.99742295115	0.10564318	inf	96239992	96239992	96740020	96740020	NA	missing	NA	NA	0.0	NA	NA	0.0	0.0	0.0	0	0	NA	0	homozygousDel	4101815
2	96740021	132189994	NA	35449974	448493	2.001991595	447334	18710	46813.0	mappable	0.08215	8.0	NA	1.8553764e-05	5.032966e-05	0.00047704885	0.0797471	0.07979743	96740021	96740021	132189994	132189994	0.14965947	1	391238.34	20.377314	0.9974057	NA	NA	0.0	1.000995798	1.0009958	1	1	1:1	2	neutral	4101815
2	132189995	133009999	NA	820005	0	0.0	0	0	NA	mappable	NA	NA	NA	NA	inf	0.99742295115	0.10180566	inf	132189995	132189995	133009999	133009999	NA	missing	NA	NA	0.0	NA	NA	0.0	0.0	0.0	0	0	NA	0	homozygousDel	4101815
2	133010000	135979843	NA	2969844	42829	2.001991595	42680	1964	4604.0	mappable	0.078725	8.0	NA	0.003443553764	0.00047326077	0.00052295115	0.09301479	0.09348806	133010000	133010000	135979655	135979843	0.14615607	1	391238.34	20.377314	0.9974057	NA	NA	0.0	1.000995798	1.0009958	1	1	1:1	2	neutral	4101815
2	135979844	136010009	NA	30166	266	2.21065	266	0	28.0	mappable	NA	NA	NA	NA	inf	0.06757704885	0.13440286	inf	135979844	135980032	136009995	136010009	NA	missing	405791.35	NA	1.065	NA	NA	NA	NA	NA	NA	NA	NA	NA	NA	4101815
2	136010010	157729762	NA	21719754	294660	2.001991595	293829	12111	28494.0	mappable	0.078725	8.0	NA	0.003443553764	7.726781e-05	0.00151554058	0.08205968	0.08213695	136010010	136010024	157729496	157729762	0.14081334	1	391238.34	20.377314	0.9974057	NA	NA	0.0	1.000995798	1.0009958	1	1	1:1	2	neutral	4101815
2	157729763	157749981	NA	20219	285	1.804410923	285	0	35.0	mappable	NA	NA	NA	NA	inf	0.06402295115	0.13982666	inf	157729763	157730029	157749897	157749981	NA	missing	393931.6	NA	0.9334	NA	NA	NA	NA	NA	NA	NA	NA	NA	NA	4101815
2	157749982	170539965	NA	12789986	170144	2.001991595	169548	6741	16522.0	mappable	0.07883571	8.0	NA	0.001396177452	0.00013629549	0.00065222283	0.08471521	0.08485151	157749982	157750066	170539840	170540090	0.14378975	1	391238.34	20.377314	0.9974057	NA	NA	0.0	1.000995798	1.0009958	1	1	1:1	2	neutral	4101815
2	170539965	170559939	NA	19975	288	2.217441231	288	0	31.0	mappable	NA	NA	NA	NA	inf	0.06977704885	0.1399981	inf	170539840	170540090	170559824	170560054	NA	missing	416081.66	NA	1.0672	NA	NA	NA	NA	NA	NA	NA	NA	NA	NA	4101815
2	170559939	235419981	NA	64860057	868015	2.001991595	865329	34930	88201.0	mappable	0.078725	8.0	NA	0.001852540299	2.658585e-05	0.00047513527	0.07706883	0.07709542	170559824	170560054	235419958	235420004	0.15283604	1	391238.34	20.377314	0.9974057	NA	NA	0.0	1.000995798	1.0009958	1	1	1:1	2	neutral	4101815
2	235419981	235458525	NA	38545	676	1.80107859	665	73	62.0	mappable	0.0693625	3.0	NA	0.01221470761	0.0119047619	0.04672295115	0.13128308	0.14318784	235419958	235420004	235458492	235458525	0.10973826	1	381490.91	20.053679	0.9323205	NA	NA	0.0	0.900539295	0.90053929	1	1	1:1	2	neutral	4101815
2	235458526	235480018	NA	21493	400	2.275913728	393	32	64.0	mappable	0.12816538	9.0	NA	0.045889340973	0.02564102564	0.06837704885	0.13897016	0.16461118	235458526	235458559	235479993	235480043	0.11719361	1	423650.16	22.323731	1.086142	NA	NA	0.0	1.137956864	1.13795686	1	1	1:1	2	neutral	4101815
2	235480018	242999969	NA	7519956	126294	2.001991595	125735	5818	15144.0	mappable	0.08215	8.0	edge	0.000935574954	0.00015681355	0.00428695419	0.08755688	0.0877137	235479993	235480043	242999969	242999969	0.13632148	1	391238.34	20.377314	0.9974057	NA	NA	0.0	1.000995798	1.0009958	1	1	1:1	2	neutral	4101815
3	100074	90499969	NA	90399904	1305034	2.001991595	1300933	61636	131876.0	mappable	0.08215	8.0	edge	0.00062137118	1.52126e-05	0.00075784396	0.07567211	0.07568732	100074	100074	90499969	90499969	0.15185504	1	391238.34	20.377314	0.9974057	NA	NA	0.0	1.000995798	1.0009958	1	1	1:1	2	neutral	4101815
3	93570175	108919927	NA	15349753	217854	2.001991595	217210	10129	20663.0	mappable	0.081	8.0	NA	3.0502469e-05	9.282465e-05	0.0002385079	0.08378117	0.083874	93570175	93570175	108909814	108919927	0.16206814	1	391238.34	20.377314	0.9974057	NA	NA	0.0	1.000995798	1.0009958	1	1	1:1	2	neutral	4101815
3	108919928	108980006	NA	60079	597	2.281957923	597	0	66.0	mappable	NA	NA	NA	NA	inf	0.09067704885	0.12598764	inf	108919928	108930041	108979987	108980025	NA	missing	419658.01	NA	1.0881	NA	NA	NA	NA	NA	NA	NA	NA	NA	NA	4101815
3	108980006	169135028	NA	60155032	803555	2.001991595	801230	35921	80582.0	mappable	0.078725	8.0	NA	0.001991521212	2.614789e-05	0.00018580198	0.07739285	0.07741899	108979987	108980025	169129980	169135028	0.14573806	1	391238.34	20.377314	0.9974057	NA	NA	0.0	1.000995798	1.0009958	1	1	1:1	2	neutral	4101815
3	169135029	169160008	NA	24980	330	2.176693846	330	0	39.0	mappable	NA	NA	NA	NA	inf	0.05657704885	0.13690673	inf	169135029	169140077	169159930	169160008	NA	missing	412139.28	NA	1.054	NA	NA	NA	NA	NA	NA	NA	NA	NA	NA	4101815
3	169160009	197779892	NA	28619888	397334	2.001991595	395916	17942	41584.0	mappable	0.08215	8.0	edge	0.000869374647	5.165289e-05	0.00234790913	0.08074116	0.08079281	169160009	169160087	197779892	197779892	0.16188073	1	391238.34	20.377314	0.9974057	NA	NA	0.0	1.000995798	1.0009958	1	1	1:1	2	neutral	4101815
4	50084	8939952	NA	8889871	145756	2.001991595	144781	7925	17640.0	mappable	0.085575	8.0	edge	0.004650182038	0.00011237218	0.00129753059	0.08664111	0.08675348	50084	50084	8939952	8939952	0.1636329	1	391238.34	20.377314	0.9974057	NA	NA	0.0	1.000995798	1.0009958	1	1	1:1	2	neutral	4101815
4	9800043	29809991	NA	20009952	314328	2.001991595	313304	14442	30986.0	mappable	0.08215	8.0	NA	0.001208921736	6.465796e-05	0.00411546184	0.0824599	0.08252455	9800043	9800043	29809924	29810058	0.13408804	1	391238.34	20.377314	0.9974057	NA	NA	0.0	1.000995798	1.0009958	1	1	1:1	2	neutral	4101815
4	29809991	29819924	NA	9934	164	1.713655385	164	0	16.0	mappable	NA	NA	NA	NA	inf	0.09342295115	0.15062329	inf	29809924	29810058	29819837	29819924	NA	missing	370238.9	NA	0.904	NA	NA	NA	NA	NA	NA	NA	NA	NA	NA	4101815
4	29819925	35339962	NA	5520038	86305	2.001991595	86105	3628	8008.0	mappable	0.085575	8.0	NA	0.003406446236	0.00026123302	0.00702295115	0.08930068	0.08956191	29819925	29820012	35339879	35340045	0.13380263	1	391238.34	20.377314	0.9974057	NA	NA	0.0	1.000995798	1.0009958	1	1	1:1	2	neutral	4101815
4	35339962	35349974	NA	10013	243	1.676921	243	0	22.0	mappable	NA	NA	NA	NA	inf	0.10532295115	0.15049377	inf	35339879	35340045	35349894	35350054	NA	missing	352968.8	NA	0.8921	NA	NA	NA	NA	NA	NA	NA	NA	NA	NA	4101815
4	35349974	49089961	NA	13739991	198149	2.001991595	197582	8262	20058.0	mappable	0.078725	8.0	NA	0.001213061769	0.00011327594	0.00123678418	0.08434591	0.08445919	35349894	35350054	49089961	49089961	0.15015019	1	391238.34	20.377314	0.9974057	NA	NA	0.0	1.000995798	1.0009958	1	1	1:1	2	neutral	4101815
4	52680564	125099936	NA	72419378	984234	2.001991595	981180	47215	94205.0	mappable	0.078725	8.0	NA	0.00294769184	1.989337e-05	0.00045165307	0.07659938	0.07661927	52680564	52680564	125099839	125100033	0.15297674	1	391238.34	20.377314	0.9974057	NA	NA	0.0	1.000995798	1.0009958	1	1	1:1	2	neutral	4101815
4	125099936	125120031	NA	20096	308	2.220219462	308	0	31.0	mappable	NA	NA	NA	NA	inf	0.07067704885	0.13991277	inf	125099839	125100033	125119984	125120078	NA	missing	414818.76	NA	1.0681	NA	NA	NA	NA	NA	NA	NA	NA	NA	NA	4101815
4	125120031	190195221	NA	65075195	920996	2.001991595	917822	44669	89599.0	mappable	0.08215	8.0	NA	8.473179e-06	2.090214e-05	0.0025702468	0.07705465	0.07707555	125119984	125120078	190189980	190195221	0.14771776	1	391238.34	20.377314	0.9974057	NA	NA	0.0	1.000995798	1.0009958	1	1	1:1	2	neutral	4101815
4	190195222	190210033	NA	14812	412	2.231023692	412	0	40.0	mappable	NA	NA	NA	NA	inf	0.07417704885	0.14435765	inf	190195222	190200463	190209983	190210033	NA	missing	392486.2	NA	1.0716	NA	NA	NA	NA	NA	NA	NA	NA	NA	NA	4101815
4	190210034	190799944	NA	589911	14955	2.001991595	14407	327	2158.0	mappable	0.1027	8.0	edge	0.017106446236	0.00114285714	0.00192295115	0.10432893	0.10547179	190210034	190210084	190799944	190799944	0.17692091	1	391238.34	20.377314	0.9974057	NA	NA	0.0	1.000995798	1.0009958	1	1	1:1	2	neutral	4101815
5	50017	46399990	NA	46349976	689555	2.001991595	687268	31448	70025.0	mappable	0.08215	8.0	edge	5.2320378e-05	2.96428e-05	0.00368147208	0.07853589	0.07856553	50017	50017	46399990	46399990	0.14095182	1	391238.34	20.377314	0.9974057	NA	NA	0.0	1.000995798	1.0009958	1	1	1:1	2	neutral	4101815
5	49470005	68829703	NA	19359700	256570	2.001991595	255822	11907	25117.0	mappable	0.07937045	8.0	self	0.003299387264	7.902639e-05	0.00204882419	0.08262225	0.08270128	49470005	49470005	68829703	68829703	0.13501351	1	391238.34	20.377314	0.9974057	NA	NA	0.0	1.000995798	1.0009958	1	1	1:1	2	neutral	4101815
5	70750153	110990089	NA	40239939	545591	2.001991595	544052	25971	52161.0	mappable	0.078725	8.0	self	0.001971936928	3.635042e-05	0.00066986361	0.0791699	0.07920625	70750153	70750153	110989998	110990180	0.14143304	1	391238.34	20.377314	0.9974057	NA	NA	0.0	1.000995798	1.0009958	1	1	1:1	2	neutral	4101815
5	110990089	111050022	NA	59934	934	1.918318385	931	0	89.0	mappable	NA	NA	NA	0.108976137356	0.33333333333	0.02712295115	0.12601531	0.45934865	110989998	110990180	111049992	111050022	NA	missing	392743.59	NA	0.9703	NA	NA	NA	NA	NA	NA	NA	NA	NA	NA	4101815
5	111050023	111069997	NA	19975	344	2.194289308	343	0	34.0	mappable	NA	NA	NA	0.082168553764	1.0	0.06227704885	0.1399981	1.1399981	111050023	111050053	111069986	111069997	NA	missing	415323.68	NA	1.0597	NA	NA	NA	NA	NA	NA	NA	NA	NA	NA	4101815
5	111069998	115469934	NA	4399937	72151	2.001991595	71950	3173	7175.0	mappable	0.08065	8.0	NA	0.000573112903	0.00029638411	0.00197704885	0.09062465	0.09092103	111069998	111070009	115469851	115470017	0.11801573	1	391238.34	20.377314	0.9974057	NA	NA	0.0	1.000995798	1.0009958	1	1	1:1	2	neutral	4101815
5	115469934	115479977	NA	10044	216	2.275784077	216	0	18.0	mappable	NA	NA	NA	NA	inf	0.08867704885	0.15044329	inf	115469851	115470017	115479924	115479977	NA	missing	446784.4	NA	1.0861	NA	NA	NA	NA	NA	NA	NA	NA	NA	NA	4101815
5	115479978	115504998	NA	25021	519	1.771998231	518	0	48.0	mappable	NA	NA	NA	0.251164779569	1.0	0.07452295115	0.13688456	1.13688456	115479978	115480031	115499996	115504998	NA	missing	389813.71	NA	0.9229	NA	NA	NA	NA	NA	NA	NA	NA	NA	NA	4101815
5	115504999	124619902	NA	9114905	146462	2.001991595	146168	5811	13734.0	mappable	0.0782	8.0	NA	0.003910075339	0.00016380016	0.00436323366	0.08650595	0.08666975	115504999	115510001	124619779	124620025	0.14971364	1	391238.34	20.377314	0.9974057	NA	NA	0.0	1.000995798	1.0009958	1	1	1:1	2	neutral	4101815
5	124619902	124639986	NA	20085	314	1.884053538	314	0	26.0	mappable	NA	NA	NA	NA	inf	0.03822295115	0.1399205	inf	124619779	124620025	124639967	124640005	NA	missing	402293.3	NA	0.9592	NA	NA	NA	NA	NA	NA	NA	NA	NA	NA	4101815
5	124639986	124649932	NA	9947	192	2.266214615	192	0	16.0	mappable	NA	NA	NA	NA	inf	0.08557704885	0.15060189	inf	124639967	124640005	124649862	124650002	NA	missing	417886.0	NA	1.083	NA	NA	NA	NA	NA	NA	NA	NA	NA	NA	4101815
5	124649932	140219951	NA	15570020	195250	2.001991595	194718	7509	20466.0	mappable	0.0753	8.0	NA	0.005006354825	0.00012436264	0.00187803425	0.08370909	0.08383345	124649862	124650002	140219902	140220000	0.12996601	1	391238.34	20.377314	0.9974057	NA	NA	0.0	1.000995798	1.0009958	1	1	1:1	2	neutral	4101815
5	140219951	140230012	NA	10062	267	1.80107859	263	2	21.0	mappable	0.16707617	3.0	NA	0.011462076867	0.16666666667	0.09292295115	0.15041406	0.31708072	140219902	140220000	140229982	140230012	NA	missing	381490.91	20.053679	0.9323205	NA	NA	NA	NA	NA	NA	NA	NA	NA	NA	4101815
5	140230013	140250009	NA	19997	352	2.233631216	346	18	29.0	mappable	0.07493676	11.0	NA	0.000808718963	0.04166666667	0.08607704885	0.13998254	0.18164921	140230013	140230043	140249995	140250023	NA	missing	422619.39	22.486854	1.0724447	NA	NA	NA	NA	NA	NA	NA	NA	NA	NA	4101815
5	140250009	158397510	NA	18147504	259166	2.001991595	258539	10469	26974.0	mappable	0.081175	8.0	NA	1.2666624e-05	9.012257e-05	0.00109739533	0.08294189	0.08303201	140249995	140250023	158397473	158397510	0.12581724	1	391238.34	20.377314	0.9974057	NA	NA	0.0	1.000995798	1.0009958	1	1	1:1	2	neutral	4101815
5	158397511	158397826	CTX	316	5	2.018643385	5	0	0.0	mappable	NA	NA	NA	NA	inf	0.00537704885	0.24085414	inf	158397511	158397533	158397704	158397826	NA	missing	400890.0	NA	1.0028	NA	NA	NA	NA	NA	NA	NA	NA	NA	NA	4101815
5	158397827	180689979	CTX	22292153	308502	2.001991595	307456	14384	33390.0	mappable	0.078725	8.0	edge	1.8553764e-05	6.480881e-05	0.00142295115	0.08193352	0.08199833	158397827	158397828	180689979	180689979	0.15201528	1	391238.34	20.377314	0.9974057	NA	NA	0.0	1.000995798	1.0009958	1	1	1:1	2	neutral	4101815
6	201976	26140009	NA	25938037	392921	2.001991595	391145	22128	41500.0	mappable	0.112975	8.0	edge	0.029285452187	4.1834e-05	0.0012277654	0.08120651	0.08124835	201976	201976	26139961	26140009	0.54403063	2	391238.34	20.377314	0.9974057	19.54926	0.5320526	0.06410519	0.936826772	1.06516482	1	1	1:1	2	mixDH	4101815
6	26140010	26159892	NA	19883	332	1.863679846	332	4	42.0	mappable	0.20610698	NA	NA	0.12393842298	0.25	0.04482295115	0.1400634	0.3900634	26140010	26140058	26159650	26160134	NA	missing	381995.6	23.017684	0.9526	NA	NA	NA	NA	NA	NA	NA	NA	NA	NA	4101815
6	26159892	26180010	NA	20119	285	2.178748502	280	0	32.0	mappable	NA	1.0	NA	0.176035128407	0.2	0.07047704885	0.13989662	0.33989662	26159650	26160134	26179990	26180010	NA	missing	527101.44	NA	1.0546656	NA	NA	NA	NA	NA	NA	NA	NA	NA	NA	4101815
6	26180011	58019982	NA	31839975	466185	2.001991595	460598	26876	49486.0	mappable	0.089	8.0	self	0.01069224573	3.08062e-05	0.00146205416	0.08024286	0.08027367	26180011	26180031	58019982	58019982	0.37383912	2	391238.34	20.377314	0.9974057	19.54926	0.5320526	0.06410519	0.936826772	1.06516482	1	1	1:1	2	mixDH	4101815
6	58610011	58769997	NA	159987	572	1.80107859	569	27	39.0	mappable	0.08943148	3.0	NA	0.005480917135	0.03333333333	0.07382295115	0.11568989	0.14902322	58610011	58610011	58769997	58769997	NA	missing	381490.91	20.053679	0.9323205	NA	NA	NA	NA	NA	NA	NA	NA	NA	NA	4101815
6	61890002	136994456	NA	75104468	1035413	2.001991595	1032274	48971	99465.0	mappable	0.078725	8.0	self	0.002385219688	1.919054e-05	5.99067e-05	0.0764456	0.07646479	61890002	61890002	136994364	136994456	0.14482035	1	391238.34	20.377314	0.9974057	NA	NA	0.0	1.000995798	1.0009958	1	1	1:1	2	neutral	4101815
6	136994457	137284848	DEL	290392	3841	1.243825692	3831	274	380.0	mappable	0.392775	NA	NA	0.307581446236	0.00352112676	0.24562295115	0.11020715	0.11372828	136994457	136994463	137284826	137284848	0.84608527	2	296524.55	19.768303	0.7518	19.65709	0.8109692	0.62193837	0.235121385	1.00870431	1	0	1:0	1	LOH	4101815
6	137284849	139674887	DEL	2390039	36184	0.438447462	36129	1317	3887.0	mappable	0.092425	NA	NA	0.010256446236	0.00072992701	0.50652295115	0.09439037	0.09512029	137284849	137284946	139674858	139674887	0.20187833	1	193658.67	10.328463	0.4909	NA	NA	0.0	0.219223731	0.21922373	0	0	0:0	0	LOH	4101815
6	139674888	141911108	DEL	2236221	29158	1.234564923	29089	1038	2838.0	mappable	0.373275	NA	NA	0.291106446236	0.00090334237	0.24862295115	0.09481984	0.09572319	139674888	139674917	141911102	141911108	0.85074148	2	302577.37	20.171824	0.7488	20.1387	0.8120516	0.62410327	0.232034462	1.00253046	1	0	1:0	1	LOH	4101815
6	141911109	170899935	NA	28988828	434196	2.001991595	432248	23064	46449.0	mappable	0.08215	8.0	edge	1.8553764e-05	3.998241e-05	0.00082295115	0.08068097	0.08072095	141911109	141911161	170899935	170899935	0.14407111	1	391238.34	20.377314	0.9974057	NA	NA	0.0	1.000995798	1.0009958	1	1	1:1	2	neutral	4101815
7	40386	38273283	NA	38232905	592979	2.001991595	590961	29215	61163.0	mappable	0.078725	8.0	edge	0.002042112525	3.201742e-05	0.00065057439	0.07940191	0.07943393	40386	40386	38273262	38273283	0.13993803	1	391238.34	20.377314	0.9974057	NA	NA	0.0	1.000995798	1.0009958	1	1	1:1	2	neutral	4101815
7	38273284	38460073	NA	186790	2000	1.603452231	1999	40	189.0	mappable	0.127375	NA	identical	0.044506446236	0.0243902439	0.12912295115	0.11421355	0.13860379	38273284	38273305	38459984	38460162	0.15519909	1	337657.1	17.587531	0.8683	NA	NA	0.0	0.801726115	0.80172612	1	1	1:1	2	neutral	4101815
7	38460073	57999988	NA	19539919	260200	2.001991595	259420	13395	26608.0	mappable	0.08215	8.0	self	0.001436542292	7.055171e-05	0.00021928013	0.08257665	0.0826472	38459984	38460162	57999988	57999988	0.13350289	1	391238.34	20.377314	0.9974057	NA	NA	0.0	1.000995798	1.0009958	1	1	1:1	2	neutral	4101815
7	61995003	72229988	NA	10234986	106620	2.001991595	106122	4290	11808.0	mappable	0.07681466	8.0	self	0.005353898592	0.00020885547	0.00457704885	0.08588481	0.08609366	61995003	62000027	72229988	72229988	0.15092979	1	391238.34	20.377314	0.9974057	NA	NA	0.0	1.000995798	1.0009958	1	1	1:1	2	neutral	4101815
7	72750118	74139961	NA	1389844	10245	2.001991595	10192	245	1412.0	mappable	0.071875	8.0	self	0.010293553764	0.0033557047	0.01387704885	0.09800803	0.10136373	72750118	72750118	74139961	74139961	0.20785342	1	391238.34	20.377314	0.9974057	NA	NA	0.0	1.000995798	1.0009958	1	1	1:1	2	neutral	4101815
7	75160045	76059952	NA	899908	8423	2.001991595	8374	356	1131.0	mappable	0.0869881	8.0	self	0.007781446236	0.0024691358	0.01607704885	0.10111521	0.10358435	75160045	75160045	76059952	76059952	0.16091204	1	391238.34	20.377314	0.9974057	NA	NA	0.0	1.000995798	1.0009958	1	1	1:1	2	neutral	4101815
7	76810004	117820000	NA	41009998	530597	2.001991595	528896	20597	53164.0	mappable	0.08215	8.0	NA	0.001607324348	4.484707e-05	0.00021133645	0.07908429	0.07912914	76810004	76810004	117819884	117820116	0.14927882	1	391238.34	20.377314	0.9974057	NA	NA	0.0	1.000995798	1.0009958	1	1	1:1	2	neutral	4101815
7	117820000	117840169	NA	20170	294	1.808732615	294	0	30.0	mappable	NA	NA	NA	NA	inf	0.06262295115	0.13986089	inf	117819884	117820116	117839988	117840350	NA	missing	394562.58	NA	0.9348	NA	NA	NA	NA	NA	NA	NA	NA	NA	NA	4101815
7	117840169	131899903	NA	14059735	184257	2.002282692	184081	45	19460.0	mappable	0.15065	NA	NA	0.065056446236	0.00452488688	7.704885e-05	0.08422802	0.08875291	117839988	117840350	131899763	131900043	NA	missing	397455.5	25.921011	0.9975	NA	NA	NA	NA	NA	NA	NA	NA	NA	NA	4101815
7	131899903	131919988	NA	20086	292	1.849788692	292	0	35.0	mappable	NA	NA	NA	NA	inf	0.04932295115	0.1399198	inf	131899763	131900043	131919977	131919988	NA	missing	356446.12	NA	0.9481	NA	NA	NA	NA	NA	NA	NA	NA	NA	NA	4101815
7	131919989	135569969	NA	3649981	50594	2.004134846	50541	6	5642.0	mappable	0.41657578	NA	NA	0.226031446236	0.01694915254	0.00067704885	0.0917454	0.10869455	131919989	131920000	135569910	135570028	NA	missing	391577.86	27.760911	0.9981	NA	NA	NA	NA	NA	NA	NA	NA	NA	NA	4101815
7	135569969	135589981	NA	20013	323	2.275913728	322	0	48.0	mappable	NA	9.0	NA	0.103016631421	1.0	0.05347704885	0.13997124	1.13997124	135569910	135570028	135589950	135590012	NA	missing	423650.16	NA	1.086142	NA	NA	NA	NA	NA	NA	NA	NA	NA	NA	4101815
7	135589981	157349216	NA	21759239	289475	2.001991595	288364	13534	31015.0	mappable	0.078725	8.0	self	0.001569357613	6.828269e-05	0.00085256234	0.08205086	0.08211914	135589950	135590012	157348940	157349216	0.15475884	1	391238.34	20.377314	0.9974057	NA	NA	0.0	1.000995798	1.0009958	1	1	1:1	2	neutral	4101815
7	157349217	159119808	CTX	1770592	33429	2.983306846	32971	2098	4842.0	mappable	0.2397	NA	edge	0.157531446236	0.00039138943	0.31787704885	0.09635861	0.09675	157349217	157349362	159119808	159119808	0.79242956	2	490829.56	30.342191	1.3153	18.59802	0.6608434	0.32168689	1.011808069	1.97149878	2	1	2:1	3	gain	4101815
8	170012	6900025	NA	6730023	193232	2.001991595	192349	10001	19976.0	mappable	0.089	8.0	edge	0.005524757002	9.187799e-05	0.00700361015	0.08817495	0.08826682	170012	170012	6899995	6900055	0.14972672	1	391238.34	20.377314	0.9974057	NA	NA	0.0	1.000995798	1.0009958	1	1	1:1	2	neutral	4101815
8	6900025	6919904	NA	19880	559	2.233631216	558	18	67.0	mappable	0.05929615	11.0	NA	0.012157656328	0.05263157895	0.04267704885	0.14006554	0.19269711	6899995	6900055	6919904	6919904	NA	missing	422619.39	22.486854	1.0724447	NA	NA	NA	NA	NA	NA	NA	NA	NA	NA	4101815
8	8100000	8889972	NA	789973	17841	2.001991595	17796	538	1930.0	mappable	0.08667069	8.0	self	0.003406446236	0.00171526587	0.00467704885	0.10208538	0.10380065	8100000	8100000	8889924	8890020	0.18666729	1	391238.34	20.377314	0.9974057	NA	NA	0.0	1.000995798	1.0009958	1	1	1:1	2	neutral	4101815
8	8889972	8910027	NA	20056	490	1.80107859	484	30	53.0	mappable	0.12953112	3.0	NA	0.027381446236	0.02777777778	0.04672295115	0.13994091	0.16771869	8889924	8890020	8909996	8910058	NA	missing	381490.91	20.053679	0.9323205	NA	NA	NA	NA	NA	NA	NA	NA	NA	NA	4101815
8	8910027	8929988	NA	19962	423	2.233631216	419	40	37.0	mappable	0.08035	11.0	NA	0.001818553764	0.02272727273	0.08157704885	0.14000731	0.16273458	8909996	8910058	8929965	8929988	0.3004355	1	422619.39	22.486854	1.0724447	NA	NA	0.0	1.116815608	1.11681561	1	1	1:1	2	neutral	4101815
8	8929989	11859985	NA	2929997	60580	2.001991595	60462	2442	6462.0	mappable	0.08215	8.0	self	0.003406446236	0.00039077765	0.00142295115	0.09309917	0.09348995	8929989	8930012	11859985	11859985	0.1381135	1	391238.34	20.377314	0.9974057	NA	NA	0.0	1.000995798	1.0009958	1	1	1:1	2	neutral	4101815
8	12580042	43500001	NA	30919965	510165	2.001991595	508691	21697	53181.0	mappable	0.08215	8.0	NA	0.000892746498	4.31574e-05	0.00140406785	0.08037928	0.08042243	12580042	12580042	43499983	43500019	0.14515732	1	391238.34	20.377314	0.9974057	NA	NA	0.0	1.000995798	1.0009958	1	1	1:1	2	neutral	4101815
8	43500001	43510043	NA	10043	256	2.237814923	256	0	15.0	mappable	NA	NA	NA	NA	inf	0.07637704885	0.15044491	inf	43499983	43500019	43509961	43510125	NA	missing	427238.3	NA	1.0738	NA	NA	NA	NA	NA	NA	NA	NA	NA	NA	4101815
8	43510043	43789991	NA	279949	7589	1.960917923	7587	27	686.0	mappable	0.16577059	NA	NA	0.074607916824	0.03448275862	0.01332295115	0.11052896	0.14501172	43509961	43510125	43789991	43789991	NA	missing	400097.46	22.614204	0.9841	NA	NA	NA	NA	NA	NA	NA	NA	NA	NA	4101815
8	46880007	146289988	NA	99409989	1388667	2.001991595	1384222	61797	139916.0	mappable	0.078725	8.0	edge	0.003341798693	1.509707e-05	0.00053462716	0.07528168	0.07529678	46880007	46880007	146289988	146289988	0.14460801	1	391238.34	20.377314	0.9974057	NA	NA	0.0	1.000995798	1.0009958	1	1	1:1	2	neutral	4101815
9	200101	38769828	NA	38569734	645686	2.001991595	644088	32157	63122.0	mappable	0.078725	8.0	edge	0.002163190431	2.962612e-05	0.0023077704	0.07936204	0.07939166	200101	200101	38769828	38769828	0.14900152	1	391238.34	20.377314	0.9974057	NA	NA	0.0	1.000995798	1.0009958	1	1	1:1	2	neutral	4101815
9	66840048	66849972	NA	9925	540	2.001991595	507	0	23.0	mappable	NA	8.0	self	0.029675751906	0.0303030303	0.01277704885	0.15063813	0.18094116	66840048	66840048	66849972	66849972	NA	missing	391238.34	NA	0.9974057	NA	NA	NA	NA	NA	NA	NA	NA	NA	NA	4101815
9	68410004	68419976	NA	9973	1130	1.993330615	1049	0	304.0	mappable	NA	NA	NA	0.079942104133	0.01234567901	0.00282295115	0.15055919	0.16290487	68410004	68410004	68419976	68419976	NA	missing	2774846.0	NA	0.9946	NA	NA	NA	NA	NA	NA	NA	NA	NA	NA	4101815
9	71030093	141019791	NA	69989708	961407	2.001991595	958205	42570	105178.0	mappable	0.08215	8.0	edge	6.2863347e-05	2.184789e-05	0.0002552042	0.07674409	0.07676594	71030093	71030093	141019791	141019791	0.14312241	1	391238.34	20.377314	0.9974057	NA	NA	0.0	1.000995798	1.0009958	1	1	1:1	2	neutral	4101815
10	130013	39119997	NA	38989989	583979	2.001991595	581317	29203	62636.0	mappable	0.08215	8.0	edge	0.000775705067	3.138535e-05	0.00035809899	0.07931283	0.07934422	130013	130013	39119994	39120000	0.15924176	1	391238.34	20.377314	0.9974057	NA	NA	0.0	1.000995798	1.0009958	1	1	1:1	2	neutral	4101815
10	39119997	39149984	NA	29988	2023	2.225158538	1916	0	335.0	mappable	NA	NA	NA	0.245479767482	0.00934579439	0.07227704885	0.13448002	0.14382581	39119994	39120000	39149984	39149984	NA	missing	651712.07	NA	1.0697	NA	NA	NA	NA	NA	NA	NA	NA	NA	NA	4101815
10	42410000	46159967	NA	3749968	43639	2.001991595	43470	1631	4655.0	mappable	0.071875	8.0	self	0.010293553764	0.00055555556	0.00407704885	0.0915816	0.09213716	42410000	42410000	46159967	46159967	0.13837748	1	391238.34	20.377314	0.9974057	NA	NA	0.0	1.000995798	1.0009958	1	1	1:1	2	neutral	4101815
10	48310177	48659961	NA	349785	5564	2.001991595	5544	174	608.0	mappable	0.09907105	8.0	self	0.014003814657	0.00515463918	0.00552295115	0.10860057	0.11375521	48310177	48310177	48659961	48659961	0.12411869	1	391238.34	20.377314	0.9974057	NA	NA	0.0	1.000995798	1.0009958	1	1	1:1	2	neutral	4101815
10	49390096	95529988	NA	46139893	632058	2.001991595	630180	28467	65043.0	mappable	0.08215	8.0	self	1.8553764e-05	3.295653e-05	0.00092295115	0.0785561	0.07858906	49390096	49390096	95529968	95529988	0.15004878	1	391238.34	20.377314	0.9974057	NA	NA	0.0	1.000995798	1.0009958	1	1	1:1	2	neutral	4101815
10	95529989	95559970	NA	29982	466	2.233631216	466	10	31.0	mappable	0.03412222	11.0	NA	0.048046331542	0.1	0.05387704885	0.13448263	0.23448263	95529989	95530009	95559881	95560059	NA	missing	422619.39	22.486854	1.0724447	NA	NA	NA	NA	NA	NA	NA	NA	NA	NA	4101815
10	95559970	96020033	NA	460064	6330	1.936839923	6326	3	715.0	mappable	0.21411667	NA	NA	0.502848112903	0.14285714286	0.02112295115	0.10631808	0.24917523	95559881	95560059	96019952	96020033	NA	missing	388801.86	19.440093	0.9763	NA	NA	NA	NA	NA	NA	NA	NA	NA	NA	4101815
10	96020034	96040182	NA	20149	242	2.153233231	242	0	22.0	mappable	NA	NA	NA	NA	inf	0.04897704885	0.13987559	inf	96020034	96020115	96039971	96040182	NA	missing	398600.17	NA	1.0464	NA	NA	NA	NA	NA	NA	NA	NA	NA	NA	4101815
10	96040183	135439925	NA	39399748	572486	2.001991595	570585	22751	63596.0	mappable	0.08215	8.0	edge	0.001398784259	4.056631e-05	0.00287061607	0.07926542	0.07930599	96040183	96040394	135439925	135439925	0.13844419	1	391238.34	20.377314	0.9974057	NA	NA	0.0	1.000995798	1.0009958	1	1	1:1	2	neutral	4101815
11	190010	209997	NA	19988	429	2.178748502	387	5	67.0	mappable	0.26125385	1.0	edge	0.204156843061	0.02127659574	0.06127704885	0.13998891	0.1612655	190010	190010	209991	210003	NA	missing	527101.44	32.120244	1.0546656	NA	NA	NA	NA	NA	NA	NA	NA	NA	NA	4101815
11	209997	20899999	NA	20690003	294258	2.453282154	292970	16116	32074.0	mappable	0.09585	NA	NA	0.013681446236	5.745806e-05	0.14617704885	0.0822963	0.08235375	209991	210003	20899960	20899999	0.49338754	2	439042.21	24.766484	1.1436	19.13344	0.5922418	0.18448364	1.00034587	1.45293628	sub	1	sub:1	sub	sub	4101815
11	20900000	20929980	NA	29981	330	2.744687692	329	5	32.0	mappable	0.09040549	NA	NA	0.015665180238	0.16666666667	0.24057704885	0.13448307	0.30114973	20900000	20900039	20929934	20930026	NA	missing	470581.51	25.411401	1.238	NA	NA	NA	NA	NA	NA	NA	NA	NA	NA	4101815
11	20929980	22300015	NA	1370036	22995	2.435995385	22927	1424	2089.0	mappable	0.106375	NA	NA	0.021581446236	0.00067024129	0.14057704885	0.09810759	0.09877783	20929934	20930026	22299964	22300015	0.51182245	2	457524.33	25.946988	1.138	20.037	0.5967888	0.19357751	0.982220733	1.45377465	sub	1	sub:1	sub	sub	4101815
11	22314872	48899996	NA	26585127	376960	2.446640021	375636	16654	38316.0	mappable	0.09585	NA	NA	0.014955159485	5.562354e-05	0.14402534787	0.08108947	0.08114509	22314872	22320021	48899996	48899996	0.49579755	2	452414.23	25.4483	1.1414483	19.75335	0.5900103	0.18002051	1.003097317	1.4435427	sub	1	sub:1	sub	sub	4101815
11	48899997	50170092	NA	1270096	0	0.0	0	0	NA	mappable	NA	NA	NA	NA	inf	0.99742295115	0.09863632	inf	48899997	48899997	50170092	50170092	NA	missing	NA	NA	0.0	NA	NA	0.0	0.0	0.0	0	0	NA	0	homozygousDel	4101815
11	50170093	50560001	NA	389909	6907	2.391852385	6900	36	684.0	mappable	0.09440918	NA	NA	0.013013589093	0.02325581395	0.12627704885	0.10768448	0.1309403	50170093	50170093	50559915	50560087	0.40126946	2	460736.41	25.210106	1.1237	20.43445	0.5684079	0.1368157	1.032304708	1.35954768	sub	1	sub:1	sub	sub	4101815
11	50560001	50570005	NA	10005	263	2.672762385	260	0	17.0	mappable	NA	NA	NA	0.148776836041	0.33333333333	0.21727704885	0.15050683	0.48384016	50559915	50560087	50569980	50570030	NA	missing	488248.0	NA	1.2147	NA	NA	NA	NA	NA	NA	NA	NA	NA	NA	4101815
11	50570005	50730013	NA	160009	4181	2.491868692	4173	17	387.0	mappable	0.08456395	NA	NA	0.00247410932	0.04	0.15867704885	0.11568856	0.15568856	50569980	50570030	50729996	50730013	NA	missing	468906.26	26.541864	1.1561	NA	NA	NA	NA	NA	NA	NA	NA	NA	NA	4101815
11	50730014	50760002	NA	29989	1062	2.738822538	1058	0	88.0	mappable	NA	NA	NA	0.115867160522	0.25	0.23867704885	0.13447959	0.38447959	50730014	50730031	50759997	50760002	NA	missing	490301.44	NA	1.2361	NA	NA	NA	NA	NA	NA	NA	NA	NA	NA	4101815
11	50980140	51579984	NA	599845	5427	2.001991595	5421	39	529.0	mappable	0.06506935	8.0	self	0.00622661828	0.02222222222	0.00067704885	0.10419798	0.1264202	50980140	51190282	51579984	51579984	0.35276152	2	391238.34	20.377314	0.9974057	19.54926	0.5320526	0.06410519	0.936826772	1.06516482	1	1	1:1	2	mixDH	4101815
11	54793872	89349940	NA	34556069	455677	2.001991595	454170	17254	50020.0	mappable	0.08215	8.0	self	1.8553764e-05	5.33049e-05	0.00187704885	0.07986444	0.07991774	54793872	54793872	89349940	89349940	0.14260398	1	391238.34	20.377314	0.9974057	NA	NA	0.0	1.000995798	1.0009958	1	1	1:1	2	neutral	4101815
11	89850037	134939862	NA	45089835	664404	2.001991595	662192	32129	68921.0	mappable	0.078725	8.0	edge	0.001556791066	2.911971e-05	0.0011273563	0.07865872	0.07868783	89850037	89850037	134939862	134939862	0.15180104	1	391238.34	20.377314	0.9974057	NA	NA	0.0	1.000995798	1.0009958	1	1	1:1	2	neutral	4101815
12	160107	10155005	NA	9994899	132430	2.001991595	131704	5651	15166.0	mappable	0.0753	8.0	edge	0.003425070674	0.00015681355	0.0036909158	0.08601129	0.08616811	160107	160107	10149947	10155005	0.1526471	1	391238.34	20.377314	0.9974057	NA	NA	0.0	1.000995798	1.0009958	1	1	1:1	2	neutral	4101815
12	10155006	10179984	NA	24979	337	1.838675769	337	0	39.0	mappable	NA	NA	NA	NA	inf	0.05292295115	0.13690727	inf	10155006	10160064	10179938	10180030	NA	missing	384586.76	NA	0.9445	NA	NA	NA	NA	NA	NA	NA	NA	NA	NA	4101815
12	10179984	34819969	NA	24639990	345764	2.001991595	344510	16645	34598.0	mappable	0.078725	8.0	NA	0.001923510958	5.587216e-05	0.0020054665	0.08145147	0.08150734	10179938	10180030	34819969	34819969	0.15133102	1	391238.34	20.377314	0.9974057	NA	NA	0.0	1.000995798	1.0009958	1	1	1:1	2	neutral	4101815
12	38000003	61489936	NA	23489935	307303	2.001991595	306236	12476	32142.0	mappable	0.08215	8.0	NA	0.000270569413	7.383888e-05	0.00336626731	0.08168086	0.0817547	38000003	38000003	61489850	61489936	0.15724402	1	391238.34	20.377314	0.9974057	NA	NA	0.0	1.000995798	1.0009958	1	1	1:1	2	neutral	4101815
12	61489937	61500039	NA	10103	169	1.639260538	169	0	23.0	mappable	NA	NA	NA	NA	inf	0.11752295115	0.15034772	inf	61489937	61490023	61499913	61500039	NA	missing	372690.0	NA	0.8799	NA	NA	NA	NA	NA	NA	NA	NA	NA	NA	4101815
12	61500040	72900091	NA	11400052	152503	2.001991595	152126	5483	15461.0	mappable	0.07973333	8.0	NA	0.002900811262	0.00017067759	0.00193054969	0.085315	0.08548568	61500040	61500166	72899941	72900091	0.1635754	1	391238.34	20.377314	0.9974057	NA	NA	0.0	1.000995798	1.0009958	1	1	1:1	2	neutral	4101815
12	72900092	72919939	NA	19848	215	1.782493769	215	0	24.0	mappable	NA	NA	NA	NA	inf	0.07112295115	0.14008834	inf	72900092	72900242	72919862	72919939	NA	missing	374520.06	NA	0.9263	NA	NA	NA	NA	NA	NA	NA	NA	NA	NA	4101815
12	72919940	133819926	NA	60899991	843099	2.001991595	840639	24777	91845.0	mappable	0.078725	8.0	edge	0.003258412977	3.671881e-05	0.00021849047	0.0773397	0.07737642	72919940	72920017	133819926	133819926	0.15485891	1	391238.34	20.377314	0.9974057	NA	NA	0.0	1.000995798	1.0009958	1	1	1:1	2	neutral	4101815
13	19450038	32290022	NA	12839987	178532	2.001991595	177957	8325	19063.0	mappable	0.08215	8.0	edge	0.00081439809	0.00011235955	0.00028594938	0.08469502	0.08480738	19450038	19450038	32289997	32290047	0.18250551	1	391238.34	20.377314	0.9974057	NA	NA	0.0	1.000995798	1.0009958	1	1	1:1	2	neutral	4101815
13	32290022	32299931	NA	9910	163	2.339992077	163	0	17.0	mappable	NA	NA	NA	NA	inf	0.10947704885	0.15066289	inf	32289997	32290047	32299817	32300045	NA	missing	426048.6	NA	1.1069	NA	NA	NA	NA	NA	NA	NA	NA	NA	NA	4101815
13	32299931	115099984	NA	82800060	1189241	2.001991595	1185241	54548	117839.0	mappable	0.078725	8.0	edge	0.00295226304	1.708029e-05	0.00208869098	0.07603658	0.07605366	32299817	32300045	115099984	115099984	0.1456512	1	391238.34	20.377314	0.9974057	NA	NA	0.0	1.000995798	1.0009958	1	1	1:1	2	neutral	4101815
14	20330060	22289983	NA	1959924	27583	2.001991595	27433	1725	2954.0	mappable	0.08065	8.0	edge	0.003443553764	0.00053333333	0.00157704885	0.09568295	0.09621628	20330060	20330060	22289929	22289983	0.18830296	1	391238.34	20.377314	0.9974057	NA	NA	0.0	1.000995798	1.0009958	1	1	1:1	2	neutral	4101815
14	22289984	22950107	NA	660125	11397	1.497758454	11330	862	1067.0	mappable	0.08843152	NA	NA	0.007304204371	0.00107642626	0.1633621018	0.10345338	0.1045298	22289984	22290038	22949967	22950107	0.14093043	1	331863.44	17.256899	0.8340608	NA	NA	0.0	0.748879227	0.74887923	1	1	1:1	2	neutral	4101815
14	22950108	22989973	NA	39866	727	1.561161385	725	4	104.0	mappable	0.11494726	NA	NA	0.377144516314	0.16666666667	0.14282295115	0.13086546	0.29753213	22950108	22950248	22989893	22989973	NA	missing	329619.58	18.389916	0.8546	NA	NA	NA	NA	NA	NA	NA	NA	NA	NA	4101815
14	22989974	23890016	NA	900043	9945	2.001991595	9895	379	1187.0	mappable	0.08065	8.0	NA	0.003443553764	0.00233100233	0.00287704885	0.1011141	0.10344511	22989974	22990054	23879985	23900047	0.15266777	1	391238.34	20.377314	0.9974057	NA	NA	0.0	1.000995798	1.0009958	1	1	1:1	2	neutral	4101815
14	23890016	23909985	NA	19970	217	2.349561538	217	0	28.0	mappable	NA	NA	NA	NA	inf	0.11257704885	0.14000164	inf	23879985	23900047	23909953	23909985	NA	missing	370491.0	NA	1.11	NA	NA	NA	NA	NA	NA	NA	NA	NA	NA	4101815
14	23909986	25530025	NA	1620041	21537	2.001991595	21478	871	2372.0	mappable	0.08592419	8.0	NA	0.006018204411	0.00107526882	0.00223503743	0.09695748	0.09803275	23909986	23910018	25529944	25530106	0.13245908	1	391238.34	20.377314	0.9974057	NA	NA	0.0	1.000995798	1.0009958	1	1	1:1	2	neutral	4101815
14	25530025	25549907	NA	19883	317	1.823858538	317	0	34.0	mappable	NA	NA	NA	NA	inf	0.05772295115	0.1400634	inf	25529944	25530106	25549779	25549907	NA	missing	385173.22	NA	0.9397	NA	NA	NA	NA	NA	NA	NA	NA	NA	NA	4101815
14	25549908	69280406	NA	43730507	598313	2.001991595	596485	26702	59385.0	mappable	0.078725	8.0	NA	0.002131313186	3.505205e-05	0.00052767486	0.07879557	0.07883062	25549908	25550036	69280343	69280406	0.15722965	1	391238.34	20.377314	0.9974057	NA	NA	0.0	1.000995798	1.0009958	1	1	1:1	2	neutral	4101815
14	69280407	69280420	CTX	14	0	0.0	0	0	NA	mappable	NA	NA	NA	NA	inf	0.99742295115	0.52529907	inf	69280407	69280407	69280420	69280420	NA	missing	NA	NA	0.0	NA	NA	0.0	0.0	0.0	0	0	NA	0	homozygousDel	4101815
14	69280421	106212498	CTX	36932081	537892	2.001991595	536030	26678	58343.0	mappable	0.08215	8.0	NA	3.4405031e-05	3.503977e-05	0.00123400541	0.07955965	0.07959469	69280421	69280503	106009942	106212498	0.14730676	1	391238.34	20.377314	0.9974057	NA	NA	0.0	1.000995798	1.0009958	1	1	1:1	2	neutral	4101815
14	106212499	106212540	DEL	42	0	0.0	0	0	NA	mappable	NA	NA	NA	NA	inf	0.99742295115	0.37089805	inf	106212499	106212499	106212540	106212540	NA	missing	NA	NA	0.0	NA	NA	0.0	0.0	0.0	0	0	NA	0	homozygousDel	4101815
14	106212541	106324042	DEL	111502	922	0.105985846	906	148	94.0	mappable	0.092425	NA	NA	0.010256446236	0.00609756098	0.61422295115	0.11928399	0.12538155	106212541	106250082	106324032	106324042	0.07117983	1	137500.39	6.875019	0.3832	NA	NA	0.0	0.052992923	0.05299292	0	0	0:0	0	LOH	4101815
14	106324043	106324067	DEL	25	2	1.035458385	2	0	1.0	mappable	NA	NA	NA	NA	inf	0.31312295115	0.43067656	inf	106324043	106324057	106324063	106324067	NA	missing	222695.71	NA	0.6843	NA	NA	NA	NA	NA	NA	NA	NA	NA	NA	4101815
14	106324068	106325129	DEL	1062	66	1.035458385	65	0	13.0	mappable	NA	NA	NA	0.417831446236	1.0	0.31312295115	0.19895414	1.19895414	106324068	106324073	106325123	106325129	NA	missing	222695.71	NA	0.6843	NA	NA	NA	NA	NA	NA	NA	NA	NA	NA	4101815
14	106325130	106325519	DEL	390	33	1.035458385	32	0	4.0	mappable	NA	NA	NA	0.251164779569	1.0	0.31312295115	0.23236008	1.23236008	106325130	106325133	106325498	106325519	NA	missing	222695.71	NA	0.6843	NA	NA	NA	NA	NA	NA	NA	NA	NA	NA	4101815
14	106325520	106325570	DEL	51	3	1.035458385	3	0	0.0	mappable	NA	NA	NA	NA	inf	0.31312295115	0.35258287	inf	106325520	106325523	106325563	106325570	NA	missing	222695.71	NA	0.6843	NA	NA	NA	NA	NA	NA	NA	NA	NA	NA	4101815
14	106325571	106330465	DEL	4895	977	0.971559077	977	6	118.0	mappable	0.0624028	NA	NA	0.019765758733	0.16666666667	0.33382295115	0.16317082	0.32983749	106325571	106325601	106330460	106330465	NA	missing	217646.21	11.543022	0.6636	NA	NA	NA	NA	NA	NA	NA	NA	NA	NA	4101815
14	106330466	106370359	CTX	39894	350	-0.007921615	339	23	43.0	mappable	0.28395357	NA	NA	0.05269573195	0.02941176471	0.65112295115	0.13085679	0.16026855	106330466	106330467	106349982	106370359	NA	missing	136577.25	8.194635	0.3463	NA	NA	NA	NA	NA	NA	NA	NA	NA	NA	4101815
14	106370360	106880000	CTX	509641	3752	0.978041615	3650	189	365.0	mappable	0.47945	NA	NA	0.431531446236	0.00343642612	0.33172295115	0.10549012	0.10892654	106370360	106400108	106879998	106880000	0.95161064	2	258257.75	19.369331	0.6657	19.33462	1.0252754	1.0	0.0	0.97804162	1	0	1:0	1	LOH	4101815
14	106880001	106920010	NA	40010	904	0.217423769	850	32	67.0	mappable	0.61408774	NA	NA	0.239731446236	0.01162790698	0.57812295115	0.13082093	0.14244884	106880001	106880003	106919982	106920010	0.97343937	2	93460.05	6.588644	0.4193	11.10867	1.7202019	1.0	0.0	0.21742377	0	0	0:0	0	LOH	4101815
14	106920011	106995026	NA	75016	1067	0.972793846	976	100	106.0	mappable	0.57777143	NA	NA	0.444023753928	0.00523560209	0.33342295115	0.12349559	0.12873119	106920011	106920039	106989996	106995026	0.91848585	2	267620.75	20.071556	0.664	20.08688	1.0267604	1.0	0.0	0.97279385	1	0	1:0	1	LOH	4101815
14	106995027	107259908	NA	264882	4371	2.001991595	4116	204	471.0	mappable	0.11201667	8.0	edge	0.010569640721	0.00217864924	0.00802295115	0.11101866	0.1131973	106995027	107000057	107259908	107259908	0.26241917	1	391238.34	20.377314	0.9974057	NA	NA	0.0	1.000995798	1.0009958	1	1	1:1	2	neutral	4101815
15	20850000	20859924	NA	9925	165	2.001991595	132	0	19.0	mappable	NA	8.0	edge	0.034043300696	0.0303030303	0.01017704885	0.15063813	0.18094116	20850000	20850000	20859924	20859924	NA	missing	391238.34	NA	0.9974057	NA	NA	NA	NA	NA	NA	NA	NA	NA	NA	4101815
15	22480079	23069956	NA	589878	3996	2.001991595	3982	105	493.0	mappable	0.0754	8.0	self	0.006768553764	0.00840336134	0.01312295115	0.10432937	0.11273273	22480079	22480079	23069956	23069956	0.31243748	1	391238.34	20.377314	0.9974057	NA	NA	0.0	1.000995798	1.0009958	1	1	1:1	2	neutral	4101815
15	23710146	24329926	NA	619781	10360	2.001991595	10309	665	1050.0	mappable	0.06763333	8.0	NA	0.013718553764	0.00139664804	0.00427704885	0.10394255	0.10533919	23710146	23710146	24329926	24329926	0.1364384	1	391238.34	20.377314	0.9974057	NA	NA	0.0	1.000995798	1.0009958	1	1	1:1	2	neutral	4101815
15	24329927	24830091	NA	500165	0	0.0	0	0	NA	mappable	NA	NA	NA	NA	inf	0.99742295115	0.10564099	inf	24329927	24329927	24830091	24830091	NA	missing	NA	NA	0.0	NA	NA	0.0	0.0	0.0	0	0	NA	0	homozygousDel	4101815
15	24830092	28529988	NA	3699898	57388	2.001991595	57186	2950	5956.0	mappable	0.0764	8.0	NA	0.003791211336	0.00031725888	0.00090728586	0.091663	0.09198026	24830092	24830092	28529988	28529988	0.15394387	1	391238.34	20.377314	0.9974057	NA	NA	0.0	1.000995798	1.0009958	1	1	1:1	2	neutral	4101815
15	29100034	30369914	NA	1269881	18279	2.001991595	18250	558	2078.0	mappable	0.07173141	8.0	self	0.010293553764	0.00170357751	0.00087704885	0.09863751	0.10034109	29100034	29100034	30369914	30369914	0.19486642	1	391238.34	20.377314	0.9974057	NA	NA	0.0	1.000995798	1.0009958	1	1	1:1	2	neutral	4101815
15	31160110	42199957	NA	11039848	144879	2.001991595	144436	6589	15025.0	mappable	0.078725	8.0	NA	1.8553764e-05	0.00014220705	0.00157704885	0.08548391	0.08562611	31160110	31160110	42199910	42199957	0.1386249	1	391238.34	20.377314	0.9974057	NA	NA	0.0	1.000995798	1.0009958	1	1	1:1	2	neutral	4101815
15	42199958	42209983	NA	10026	166	2.234110615	166	0	18.0	mappable	NA	NA	NA	NA	inf	0.07517704885	0.15047258	inf	42199958	42200005	42209943	42210023	NA	missing	372928.0	NA	1.0726	NA	NA	NA	NA	NA	NA	NA	NA	NA	NA	4101815
15	42209983	82479795	NA	40269815	545245	2.001991595	543516	22545	58541.0	mappable	0.08215	8.0	NA	0.000107357591	4.119804e-05	0.00278962888	0.07916655	0.07920775	42209943	42210023	82479795	82479795	0.14902097	1	391238.34	20.377314	0.9974057	NA	NA	0.0	1.000995798	1.0009958	1	1	1:1	2	neutral	4101815
15	83211507	102399920	NA	19188419	295824	2.001991595	294873	13972	31246.0	mappable	0.08215	8.0	edge	0.000195619684	6.701065e-05	0.00112085024	0.08266604	0.08273305	83211507	83211507	102399920	102399920	0.15452092	1	391238.34	20.377314	0.9974057	NA	NA	0.0	1.000995798	1.0009958	1	1	1:1	2	neutral	4101815
16	100010	4380008	NA	4279999	65995	2.001991595	65651	2519	8806.0	mappable	0.089	8.0	edge	0.009571202209	0.00034940601	0.00398750873	0.09078868	0.09113808	100010	100010	4379882	4380008	0.20170489	1	391238.34	20.377314	0.9974057	NA	NA	0.0	1.000995798	1.0009958	1	1	1:1	2	neutral	4101815
16	4380009	4400054	NA	20046	340	2.138107308	336	0	38.0	mappable	NA	NA	identical	0.916610017665	0.25	0.04407704885	0.13994796	0.38994796	4380009	4380135	4399990	4400118	NA	missing	330537.42	NA	1.0415	NA	NA	NA	NA	NA	NA	NA	NA	NA	NA	4101815
16	4400054	16289940	NA	11889892	231922	2.001991595	231132	11575	25521.0	mappable	0.08085357	8.0	self	0.000442667083	8.087997e-05	0.00148442202	0.08509468	0.08517556	4399990	4400118	16289940	16289940	0.16061982	1	391238.34	20.377314	0.9974057	NA	NA	0.0	1.000995798	1.0009958	1	1	1:1	2	neutral	4101815
16	16870104	18169896	NA	1299793	20464	2.001991595	20395	1065	2220.0	mappable	0.0753	8.0	self	0.006868553764	0.00088183422	2.295115e-05	0.09847438	0.09935622	16870104	16870104	18169896	18169896	0.14141049	1	391238.34	20.377314	0.9974057	NA	NA	0.0	1.000995798	1.0009958	1	1	1:1	2	neutral	4101815
16	18800044	29039945	NA	10239902	125079	2.001991595	124628	5478	14515.0	mappable	0.08171207	8.0	self	1.8553764e-05	0.00016866251	0.00717704885	0.08588225	0.08605091	18800044	18800044	29039945	29039945	0.1501777	1	391238.34	20.377314	0.9974057	NA	NA	0.0	1.000995798	1.0009958	1	1	1:1	2	neutral	4101815
16	29670028	31959970	NA	2289943	17558	2.001991595	17506	357	2277.0	mappable	0.071875	8.0	NA	0.006868553764	0.00244498778	0.01027704885	0.09466613	0.09711112	29670028	29670028	31959970	31959970	0.16863063	1	391238.34	20.377314	0.9974057	NA	NA	0.0	1.000995798	1.0009958	1	1	1:1	2	neutral	4101815
16	32520030	32649899	NA	129870	3149	1.976969923	2827	0	371.0	mappable	NA	NA	NA	0.216874262328	0.00310559006	0.00812295115	0.11773911	0.1208447	32520030	32520030	32649899	32649899	NA	missing	628061.33	NA	0.9893	NA	NA	NA	NA	NA	NA	NA	NA	NA	NA	4101815
16	33590105	35279959	NA	1689855	15435	2.001991595	15374	73	1668.0	mappable	0.1050879	8.0	NA	0.044563589093	0.00746268657	0.00817704885	0.09667221	0.1041349	33590105	33590105	35279959	35279959	0.24092162	1	391238.34	20.377314	0.9974057	NA	NA	0.0	1.000995798	1.0009958	1	1	1:1	2	neutral	4101815
16	46450014	90109969	NA	43659966	703329	2.001991595	701041	29744	77660.0	mappable	0.08215	8.0	edge	0.00115034332	3.121878e-05	0.00087330952	0.0788028	0.07883402	46450014	46450014	90109969	90109969	0.15592845	1	391238.34	20.377314	0.9974057	NA	NA	0.0	1.000995798	1.0009958	1	1	1:1	2	neutral	4101815
17	20080	18239982	NA	18219903	232553	2.001991595	231541	10713	27567.0	mappable	0.08215	8.0	edge	1.8553764e-05	8.528785e-05	0.00507704885	0.08292214	0.08300742	20080	20080	18239982	18239982	0.16491871	1	391238.34	20.377314	0.9974057	NA	NA	0.0	1.000995798	1.0009958	1	1	1:1	2	neutral	4101815
17	18750212	22239986	NA	3489775	25843	2.001991595	25162	1155	3305.0	mappable	0.07825	8.0	self	0.001931446236	0.00054466231	0.00527704885	0.09201874	0.0925634	18750212	18750212	22239986	22239986	0.16743481	1	391238.34	20.377314	0.9974057	NA	NA	0.0	1.000995798	1.0009958	1	1	1:1	2	neutral	4101815
17	25390040	44279982	NA	18889945	211106	2.001991595	210299	10044	24815.0	mappable	0.0817	8.0	self	0.000769276303	9.21574e-05	0.00311990978	0.08274339	0.08283555	25390040	25390040	44279982	44279982	0.16855323	1	391238.34	20.377314	0.9974057	NA	NA	0.0	1.000995798	1.0009958	1	1	1:1	2	neutral	4101815
17	44790026	67880004	NA	23089979	275930	2.001991595	274963	13054	30276.0	mappable	0.078725	8.0	NA	0.003443553764	7.132159e-05	0.00397704885	0.0817636	0.08183492	44790026	44790026	67879988	67880004	0.15521559	1	391238.34	20.377314	0.9974057	NA	NA	0.0	1.000995798	1.0009958	1	1	1:1	2	neutral	4101815
17	67880005	67890038	NA	10034	177	1.716124923	177	0	15.0	mappable	NA	NA	NA	NA	inf	0.09262295115	0.15045955	inf	67880005	67880021	67889982	67890094	NA	missing	375645.7	NA	0.9048	NA	NA	NA	NA	NA	NA	NA	NA	NA	NA	4101815
17	67890038	81129884	NA	13239847	200257	2.001991595	199350	9048	24618.0	mappable	0.08215	8.0	edge	1.8553764e-05	0.00010045203	7.704885e-05	0.08453663	0.08463708	67889982	67890094	81129884	81129884	0.14565656	1	391238.34	20.377314	0.9974057	NA	NA	0.0	1.000995798	1.0009958	1	1	1:1	2	neutral	4101815
18	130031	14119956	NA	13989926	212692	2.001991595	211991	11398	22254.0	mappable	0.08215	8.0	edge	1.8553764e-05	8.265146e-05	0.00097704885	0.0842535	0.08433616	130031	130031	14119956	14119956	0.14608937	1	391238.34	20.377314	0.9974057	NA	NA	0.0	1.000995798	1.0009958	1	1	1:1	2	neutral	4101815
18	14119957	14910026	NA	790070	0	0.0	0	0	NA	mappable	NA	NA	NA	NA	inf	0.99742295115	0.10208446	inf	14119957	14119957	14910026	14910026	NA	missing	NA	NA	0.0	NA	NA	0.0	0.0	0.0	0	0	NA	0	homozygousDel	4101815
18	14910027	14929888	NA	19862	364	2.087790462	361	0	38.0	mappable	NA	NA	NA	0.051632916824	0.33333333333	0.02777704885	0.14007836	0.47341169	14910027	14910027	14929888	14929888	NA	missing	385429.2	NA	1.0252	NA	NA	NA	NA	NA	NA	NA	NA	NA	NA	4101815
18	18540053	19868245	NA	1328193	13018	2.001991595	12970	298	1512.0	mappable	0.09051667	8.0	self	0.007997622707	0.00289017341	0.00477704885	0.09832342	0.1012136	18540053	18540053	19868214	19868245	0.1740004	1	391238.34	20.377314	0.9974057	NA	NA	0.0	1.000995798	1.0009958	1	1	1:1	2	neutral	4101815
18	19868246	19869746	DEL	1501	28	2.172063462	28	3	6.0	mappable	0.38313333	NA	identical	0.300964779569	0.33333333333	0.05507704885	0.18954277	0.5228761	19868246	19868380	19869701	19869746	NA	missing	418872.9	28.998893	1.0525	NA	NA	NA	NA	NA	NA	NA	NA	NA	NA	4101815
18	19869747	60774580	DEL	40904835	585821	2.001991595	583918	27517	58856.0	mappable	0.08215	8.0	NA	0.001680668022	3.399164e-05	0.00326698832	0.07909588	0.07912987	19869747	19869774	60774497	60774580	0.14504023	1	391238.34	20.377314	0.9974057	NA	NA	0.0	1.000995798	1.0009958	1	1	1:1	2	neutral	4101815
18	60774581	60774585	CTX	5	0	0.0	0	0	NA	mappable	NA	NA	NA	NA	inf	0.99742295115	0.86135312	inf	60774581	60774581	60774585	60774585	NA	missing	NA	NA	0.0	NA	NA	0.0	0.0	0.0	0	0	NA	0	homozygousDel	4101815
18	60774586	68620037	CTX	7845453	121005	2.001991595	120576	5573	11725.0	mappable	0.079825	8.0	NA	0.002707994784	0.00016661113	0.00402005788	0.08732318	0.08748979	60774586	60774684	68619988	68620037	0.16182532	1	391238.34	20.377314	0.9974057	NA	NA	0.0	1.000995798	1.0009958	1	1	1:1	2	neutral	4101815
18	68620038	68640003	NA	19966	289	1.818610769	289	0	25.0	mappable	NA	NA	NA	NA	inf	0.05942295115	0.14000447	inf	68620038	68620087	68639980	68640003	NA	missing	373110.08	NA	0.938	NA	NA	NA	NA	NA	NA	NA	NA	NA	NA	4101815
18	68640004	78009968	NA	9369968	159065	2.001991595	158190	8909	17242.0	mappable	0.08215	8.0	edge	0.001171721897	0.00010221813	0.00386816411	0.08635723	0.08645945	68640004	68640027	78009968	78009968	0.14457327	1	391238.34	20.377314	0.9974057	NA	NA	0.0	1.000995798	1.0009958	1	1	1:1	2	neutral	4101815
19	260137	18994991	NA	18734859	207628	2.001991595	206468	9481	27690.0	mappable	0.08215	8.0	edge	0.000470158821	9.397613e-05	0.01150231086	0.08278412	0.0828781	260137	260137	18989972	18994991	0.16770859	1	391238.34	20.377314	0.9974057	NA	NA	0.0	1.000995798	1.0009958	1	1	1:1	2	neutral	4101815
19	18994992	21190025	NA	2195034	19126	1.270064538	19003	1065	2236.0	mappable	0.30578333	NA	identical	0.229456446236	0.00084175084	0.23712295115	0.09494056	0.09578231	18994992	19000011	21169895	21190025	0.86427391	2	279495.57	18.633038	0.7603	18.32107	0.807988	0.61597595	0.243867667	1.02619687	1	0	1:0	1	LOH	4101815
19	21190026	24569972	NA	3379947	30246	2.001991595	29845	1288	3185.0	mappable	0.08215	8.0	self	0.005439931587	0.00059206631	0.00955124709	0.09221447	0.09280654	21190026	21210156	24569972	24569972	0.15720086	1	391238.34	20.377314	0.9974057	NA	NA	0.0	1.000995798	1.0009958	1	1	1:1	2	neutral	4101815
19	27750002	43209995	NA	15459996	197804	2.001991595	196802	8407	22625.0	mappable	0.08215	8.0	NA	0.00214949633	0.00010628122	0.0065427639	0.08374495	0.08385123	27750002	27750002	43209995	43209995	0.16144545	1	391238.34	20.377314	0.9974057	NA	NA	0.0	1.000995798	1.0009958	1	1	1:1	2	neutral	4101815
19	43209996	43800005	NA	590010	0	0.0	0	0	NA	mappable	NA	NA	NA	NA	inf	0.99742295115	0.10432761	inf	43209996	43209996	43800005	43800005	NA	missing	NA	NA	0.0	NA	NA	0.0	0.0	0.0	0	0	NA	0	homozygousDel	4101815
19	43800006	47729716	NA	3929711	44657	2.001991595	44477	2007	5618.0	mappable	0.08542632	8.0	NA	0.004424303379	0.00045724737	0.00917704885	0.09129922	0.09175647	43800006	43800006	47729112	47730320	0.16368991	1	391238.34	20.377314	0.9974057	NA	NA	0.0	1.000995798	1.0009958	1	1	1:1	2	neutral	4101815
19	47729716	47835072	NA	105357	710	2.233631216	708	60	101.0	mappable	0.073825	11.0	NA	0.008399803764	0.01612903226	0.06837704885	0.11986867	0.1359977	47729112	47730320	47829977	47835072	0.26823285	1	422619.39	22.486854	1.0724447	NA	NA	0.0	1.116815608	1.11681561	1	1	1:1	2	neutral	4101815
19	47835073	47860010	NA	24938	372	1.80107859	372	2	60.0	mappable	0.11629812	3.0	NA	0.034129562534	0.5	0.09362295115	0.13692948	0.63692948	47835073	47840168	47859991	47860010	NA	missing	381490.91	20.053679	0.9323205	NA	NA	NA	NA	NA	NA	NA	NA	NA	NA	4101815
19	47860011	59089999	NA	11229989	116975	2.001991595	116371	5178	14736.0	mappable	0.085575	8.0	edge	0.005910621419	0.00017295054	0.00832926599	0.08539399	0.08556694	47860011	47860030	59089999	59089999	0.20362658	1	391238.34	20.377314	0.9974057	NA	NA	0.0	1.000995798	1.0009958	1	1	1:1	2	neutral	4101815
20	60479	25729738	NA	25669264	400444	2.001991595	399265	19519	42181.0	mappable	0.08264274	8.0	edge	0.000879231219	4.832085e-05	0.00338920985	0.08125609	0.08130441	60479	60479	25729738	25729738	0.14869868	1	391238.34	20.377314	0.9974057	NA	NA	0.0	1.000995798	1.0009958	1	1	1:1	2	neutral	4101815
20	29810057	45679975	NA	15869921	221823	2.001991595	221165	9319	25016.0	mappable	0.082675	8.0	NA	0.001348564	0.00010023053	0.00391692388	0.08361277	0.083713	29810057	29810057	45679910	45679975	0.14587293	1	391238.34	20.377314	0.9974057	NA	NA	0.0	1.000995798	1.0009958	1	1	1:1	2	neutral	4101815
20	45679976	45689976	NA	10001	200	1.722916154	200	0	30.0	mappable	NA	NA	NA	NA	inf	0.09042295115	0.15051336	inf	45679976	45680041	45689905	45690047	NA	missing	345306.2	NA	0.907	NA	NA	NA	NA	NA	NA	NA	NA	NA	NA	4101815
20	45689976	45719998	NA	30023	533	2.195524077	533	0	60.0	mappable	NA	NA	NA	NA	inf	0.06267704885	0.13446481	inf	45689905	45690047	45719944	45719998	NA	missing	395912.74	NA	1.0601	NA	NA	NA	NA	NA	NA	NA	NA	NA	NA	4101815
20	45719999	62909989	NA	17189994	275218	2.001991595	273890	12731	31678.0	mappable	0.078725	8.0	edge	0.002545788755	7.112881e-05	0.00194020184	0.08321176	0.08328288	45719999	45720053	62909989	62909989	0.1568674	1	391238.34	20.377314	0.9974057	NA	NA	0.0	1.000995798	1.0009958	1	1	1:1	2	neutral	4101815
21	10720001	10790056	NA	70056	2543	2.044882231	2470	0	387.0	mappable	NA	NA	edge	0.296196412478	0.01369863014	0.01387704885	0.12425277	0.1379514	10720001	10720001	10789953	10790056	NA	missing	665846.77	NA	1.0113	NA	NA	NA	NA	NA	NA	NA	NA	NA	NA	4101815
21	10790057	10819983	NA	29927	1290	2.178748502	1192	0	231.0	mappable	NA	1.0	NA	0.167806446236	0.01020408163	0.05297704885	0.13450659	0.14471067	10790057	10790160	10819958	10820008	NA	missing	527101.44	NA	1.0546656	NA	NA	NA	NA	NA	NA	NA	NA	NA	NA	4101815
21	10819983	11179964	NA	359982	1274	2.062477692	1193	0	226.0	mappable	NA	NA	NA	0.222127990951	0.01234567901	0.01957704885	0.10835665	0.12070233	10819958	10820008	11179964	11179964	NA	missing	906743.08	NA	1.017	NA	NA	NA	NA	NA	NA	NA	NA	NA	NA	4101815
21	15410077	48099931	NA	32689857	516520	2.001991595	514089	25613	54385.0	mappable	0.08215	8.0	edge	0.001791046734	3.566207e-05	0.00193289365	0.08012069	0.08015636	15410077	15410077	48099931	48099931	0.16787328	1	391238.34	20.377314	0.9974057	NA	NA	0.0	1.000995798	1.0009958	1	1	1:1	2	neutral	4101815
22	16850007	50207624	NA	33357621	442216	2.001991595	440396	19540	53257.0	mappable	0.08215	8.0	edge	2.2975091e-05	4.681648e-05	0.00286909911	0.08002717	0.08007398	16850007	16850007	50207617	50207624	0.16045055	1	391238.34	20.377314	0.9974057	NA	NA	0.0	1.000995798	1.0009958	1	1	1:1	2	neutral	4101815
22	50207625	51179984	CTX	972360	13872	1.001193538	13809	663	1808.0	mappable	0.441775	NA	edge	0.363031446236	0.00137741047	0.32422295115	0.10054732	0.10192473	50207625	50207703	51179984	51179984	0.94096645	2	231881.47	17.086003	0.6732	17.16654	0.9915988	0.98319754	0.008411255	0.99278228	1	0	1:0	1	LOH	4101815
23	2700027	57199941	NA	54499916	476163	2.233631216	474746	17940	48736.0	mappable	0.08334167	11.0	edge	0.003770749691	5.16609e-05	0.07135358251	0.07782177	0.07787343	2700027	2700027	57199832	57200050	0.26109529	1	422619.39	22.486854	1.0724447	NA	NA	0.0	1.116815608	1.11681561	1	1	1:1	2	neutral	4101815
23	57199941	58499983	NA	1300043	14621	2.275913728	14620	5	1334.0	mappable	0.16169797	9.0	NA	0.079404043834	0.16666666667	0.09017704885	0.09847304	0.2651397	57199832	57200050	58499983	58499983	NA	missing	423650.16	22.323731	1.086142	NA	NA	NA	NA	NA	NA	NA	NA	NA	NA	4101815
23	61750000	88459980	NA	26709981	245774	2.233631216	245102	7830	23691.0	mappable	0.08215	11.0	NA	1.8553764e-05	0.00011761938	0.08407704885	0.08106725	0.08118487	61750000	61750000	88459980	88459980	0.27115001	1	422619.39	22.486854	1.0724447	NA	NA	0.0	1.116815608	1.11681561	1	1	1:1	2	neutral	4101815
23	88990017	89349936	NA	359920	1090	2.216823846	1089	119	95.0	mappable	0.11527803	NA	NA	0.035473870478	0.00833333333	0.06957704885	0.10835811	0.11669145	88990017	88990017	89349936	89349936	0.19576654	1	427912.18	22.888326	1.067	NA	NA	0.0	1.108411923	1.10841192	1	1	1:1	2	neutral	4101815
23	89349937	90140198	NA	790262	0	0.0	0	0	NA	mappable	NA	NA	NA	NA	inf	0.99742295115	0.10208263	inf	89349937	89349937	90140198	90140198	NA	missing	NA	NA	0.0	NA	NA	0.0	0.0	0.0	0	0	NA	0	homozygousDel	4101815
23	90140199	91529952	NA	1389754	5103	2.233631216	5086	285	469.0	mappable	0.06786351	11.0	NA	0.01430504025	0.00331125828	0.07957704885	0.09800848	0.10131974	90140199	90140199	91529952	91529952	0.29259781	1	422619.39	22.486854	1.0724447	NA	NA	0.0	1.116815608	1.11681561	1	1	1:1	2	neutral	4101815
23	91529953	92379999	NA	850047	0	0.0	0	0	NA	mappable	NA	NA	NA	NA	inf	0.99742295115	0.10153736	inf	91529953	91529953	92379999	92379999	NA	missing	NA	NA	0.0	NA	NA	0.0	0.0	0.0	0	0	NA	0	homozygousDel	4101815
23	92380000	115177636	NA	22797637	202641	2.233631216	202145	6938	20047.0	mappable	0.08165588	11.0	NA	1.8553764e-05	0.00013453518	0.07407704885	0.08182509	0.08195962	92380000	92380000	115177617	115177655	0.27766558	1	422619.39	22.486854	1.0724447	NA	NA	0.0	1.116815608	1.11681561	1	1	1:1	2	neutral	4101815
23	115177636	115199975	NA	22340	350	2.033460615	350	10	35.0	mappable	0.15010366	NA	NA	0.067935104773	0.1	0.01017704885	0.13843377	0.23843377	115177617	115177655	115199873	115200077	NA	missing	419610.37	21.972244	1.0076	NA	NA	NA	NA	NA	NA	NA	NA	NA	NA	4101815
23	115199975	143990000	NA	28790026	264414	2.233631216	263618	10011	26042.0	mappable	0.08215	11.0	NA	1.8553764e-05	9.254118e-05	0.07467704885	0.08071329	0.08080583	115199873	115200077	143989991	143990000	0.26042016	1	422619.39	22.486854	1.0724447	NA	NA	0.0	1.116815608	1.11681561	1	1	1:1	2	neutral	4101815
23	143990001	144010018	NA	20018	262	2.038708385	262	1	30.0	mappable	0.36842105	NA	NA	0.286252498868	1.0	0.01187704885	0.13996771	1.13996771	143990001	143990010	144009896	144010140	NA	missing	402059.33	27.509323	1.0093	NA	NA	NA	NA	NA	NA	NA	NA	NA	NA	4101815
23	144010018	154929639	NA	10919622	99552	2.233631216	99182	3858	10237.0	mappable	0.085575	11.0	edge	0.003406446236	0.00023651845	0.07307704885	0.08554166	0.08577818	144009896	144010140	154929639	154929639	0.25647474	1	422619.39	22.486854	1.0724447	NA	NA	0.0	1.116815608	1.11681561	1	1	1:1	2	neutral	4101815
