#chromosome	start	end	crest	length	tcnNbrOfLoci	tcnMean	tcnNbrOfSNPs	tcnNbrOfHets	dhNbrOfLoci	map	dhMax	cluster	neighbour	distDH	errorSNP	distTcn	errorLength	totalError	minStart	maxStart	minStop	maxStop	area	peaks	meanCovT	meanCovB	tcnMeanRaw	AF	BAF	dhMean	c1Mean	c2Mean	A	B	genotype	TCN	GNL	PID
1	840009	8439906	NA	7599900	116118	1.00783128	115316	5517	20105.0	mappable	0.421225	8.0	edge	0.3438760086	0.00015825289	0.287408386761	0.08749845	0.0876567	840009	840009	8439811	8439906	0.90121494	2	264864.5	18.714976	0.6850794	18.72336	0.9914766	0.9829533	0.008590109	0.99924117	1	0	1:0	1	LOH	4100636
1	8439907	12079917	NA	3640011	45493	1.99741045	45300	1977	8243.0	mappable	0.58905	13.0	NA	0.5138212971	0.00046082949	0.003950491344	0.09176201	0.09222284	8439907	8440002	12079822	12080012	0.92673588	2	437360.1	34.529392	0.96783	21.88472	0.9909316	0.9818632	0.018113312	1.97929714	2	0	2:0	2	cnLOH	4100636
1	12079917	12100027	NA	20111	358	2.28035005	356	1	65.0	mappable	0.68181818	2.0	NA	0.54581818705	0.33333333333	0.079749508656	0.13990224	0.47323557	12079822	12080012	12099982	12100072	NA	missing	440954.8	35.12788	1.0486738	NA	NA	NA	NA	NA	NA	NA	NA	NA	NA	4100636
1	12100027	12739988	NA	639962	8308	1.99741045	8282	218	1556.0	mappable	0.61054141	13.0	NA	0.5336540893	0.00409836066	0.000149508656	0.10369342	0.10779178	12099982	12100072	12739976	12739988	0.9828742	2	437360.1	34.529392	0.96783	21.88472	0.9909316	0.9818632	0.018113312	1.97929714	2	0	2:0	2	cnLOH	4100636
1	12739989	12749976	NA	9988	158	1.72571861	157	0	29.0	mappable	NA	NA	NA	0.18801296376	1.0	0.078950491344	0.15053462	1.15053462	12739989	12740001	12749944	12750008	NA	missing	383496.7	NA	0.8902	NA	NA	NA	NA	NA	NA	NA	NA	NA	NA	4100636
1	12749976	12839977	NA	90002	1418	1.99741045	1409	81	255.0	mappable	0.58242692	13.0	NA	0.50130014325	0.01111111111	0.021449508656	0.12152389	0.132635	12749944	12750008	12839977	12839977	0.99942287	2	437360.1	34.529392	0.96783	21.88472	0.9909316	0.9818632	0.018113312	1.97929714	2	0	2:0	2	cnLOH	4100636
1	13780016	44613819	NA	30833809	388072	1.99741045	386518	16413	69147.0	mappable	0.5959	13.0	NA	0.51566237155	5.566069e-05	0.002862812253	0.08039228	0.08044794	13780016	13780016	44613757	44613819	0.96357423	2	437360.1	34.529392	0.96783	21.88472	0.9909316	0.9818632	0.018113312	1.97929714	2	0	2:0	2	cnLOH	4100636
1	44613820	44653586	CTX	39767	438	1.00783128	434	19	82.0	mappable	0.4590763	8.0	NA	0.38509727112	0.04347826087	0.237150491344	0.13089619	0.17437445	44613820	44613899	44653464	44653586	NA	missing	264864.5	18.714976	0.6850794	NA	NA	NA	NA	NA	NA	NA	NA	NA	NA	4100636
1	44653587	46500003	CTX	1846417	21410	1.99741045	21353	613	3942.0	mappable	0.60182037	13.0	NA	0.52757706633	0.00149253731	0.006349508656	0.09607857	0.09757111	44653587	44653772	46499992	46500003	0.97704111	2	437360.1	34.529392	0.96783	21.88472	0.9909316	0.9818632	0.018113312	1.97929714	2	0	2:0	2	cnLOH	4100636
1	46500004	46525027	NA	25024	288	2.23109414	287	22	56.0	mappable	0.4755234	NA	NA	0.38779736093	0.04347826087	0.065449508656	0.13688294	0.1803612	46500004	46500015	46519959	46525027	NA	missing	423403.3	31.604033	1.0346	NA	NA	NA	NA	NA	NA	NA	NA	NA	NA	4100636
1	46525028	50790007	NA	4264981	46884	1.99741045	46757	1698	8140.0	mappable	0.5867	13.0	NA	0.51143547693	0.00054794521	0.003302605071	0.09080958	0.09135753	46525028	46530096	50789887	50790007	0.98009951	2	437360.1	34.529392	0.96783	21.88472	0.9909316	0.9818632	0.018113312	1.97929714	2	0	2:0	2	cnLOH	4100636
1	50790008	50829987	NA	39980	579	2.28035005	579	75	87.0	mappable	0.61717044	2.0	NA	0.53851674045	0.01333333333	0.056949508656	0.1308302	0.14416353	50790008	50790128	50829971	50829987	1.0	2	440954.8	35.12788	1.0486738	20.3636	0.9774239	0.9548479	0.0514813	2.22886875	2	0	2:0	2	cnLOH	4100636
1	50829988	72749962	NA	21919975	298337	1.99741045	297356	12908	51747.0	mappable	0.5822	13.0	NA	0.5035462971	7.199942e-05	0.001750491344	0.08201514	0.08208713	50829988	50830004	72749898	72749962	0.96647519	2	437360.1	34.529392	0.96783	21.88472	0.9909316	0.9818632	0.018113312	1.97929714	2	0	2:0	2	cnLOH	4100636
1	72749963	72770085	NA	20123	257	2.28035005	255	19	30.0	mappable	0.62538611	2.0	NA	0.54747407487	0.04761904762	0.078449508656	0.13989381	0.18751286	72749963	72750027	72769910	72770085	NA	missing	440954.8	35.12788	1.0486738	NA	NA	NA	NA	NA	NA	NA	NA	NA	NA	4100636
1	72770086	89239974	NA	16469890	222196	1.99741045	221264	11718	37338.0	mappable	0.585625	13.0	NA	0.50857482205	7.905138e-05	0.001052130437	0.08342605	0.0835051	72770086	72770261	89239937	89240011	0.9753464	2	437360.1	34.529392	0.96783	21.88472	0.9909316	0.9818632	0.018113312	1.97929714	2	0	2:0	2	cnLOH	4100636
1	89239974	89260041	NA	20068	274	2.28035005	272	0	57.0	mappable	NA	2.0	NA	0.55918413493	0.5	0.101349508656	0.13993246	0.63993246	89239937	89240011	89259992	89260041	NA	missing	440954.8	NA	1.0486738	NA	NA	NA	NA	NA	NA	NA	NA	NA	NA	4100636
1	89260042	110079980	NA	20819939	278353	1.99741045	277474	13316	47677.0	mappable	0.585625	13.0	NA	0.5035462971	7.044734e-05	0.000449508656	0.08226572	0.08233617	89260042	89260091	110079896	110080064	0.9827573	2	437360.1	34.529392	0.96783	21.88472	0.9909316	0.9818632	0.018113312	1.97929714	2	0	2:0	2	cnLOH	4100636
1	110079980	110120006	NA	40027	468	2.16949712	466	0	101.0	mappable	NA	NA	NA	0.4713462971	0.5	0.047849508656	0.13081569	0.63081569	110079896	110080064	110119961	110120006	NA	missing	447322.6	NA	1.017	NA	NA	NA	NA	NA	NA	NA	NA	NA	NA	4100636
1	110120007	120529963	NA	10409958	136166	1.99741045	135806	5757	23597.0	mappable	0.592475	13.0	NA	0.51600832505	0.00016347883	0.00157915923	0.08579471	0.08595819	110120007	110120052	120529963	120529963	0.94219726	2	437360.1	34.529392	0.96783	21.88472	0.9909316	0.9818632	0.018113312	1.97929714	2	0	2:0	2	cnLOH	4100636
1	121220004	121229986	NA	9983	177	1.88636083	176	10	24.0	mappable	0.62334173	NA	NA	0.54468802642	0.09090909091	0.033050491344	0.15054281	0.2414519	121220004	121220004	121229986	121229986	NA	missing	448258.0	35.769159	0.9361	NA	NA	NA	NA	NA	NA	NA	NA	NA	NA	4100636
1	144010127	144019970	NA	9844	155	2.62657498	95	0	29.0	mappable	NA	NA	NA	0.18882322017	0.01666666667	0.178449508656	0.15077238	0.16743905	144010127	144010127	144019970	144019970	NA	missing	1530964.0	NA	1.1476	NA	NA	NA	NA	NA	NA	NA	NA	NA	NA	4100636
1	144920087	145739956	NA	819870	6374	2.98583573	5829	148	1116.0	mappable	0.69009076	9.0	NA	0.10347570886	0.00144300144	0.273549508656	0.10180689	0.10324989	144920087	144920087	145739956	145739956	0.89008478	2	578322.8	35.329208	1.2502509	22.40135	0.6625076	0.3250152	1.007696798	1.97813894	2	1	2:1	3	gain	4100636
1	146540101	147829895	NA	1289795	11669	3.01365624	11633	424	1951.0	mappable	0.67935294	NA	NA	0.59980463043	0.00217391304	0.289049508656	0.09852843	0.10070234	146540101	146540101	147829895	147829895	0.97609936	2	576369.4	48.168269	1.2582	22.18463	0.9905446	0.9810891	0.028495418	2.98516082	3	0	3:0	3	LOHgain	4100636
1	149815060	157469989	NA	7654931	83367	3.01990728	82995	2930	15013.0	mappable	0.681525	NA	NA	0.60336514135	0.00030284676	0.290835600275	0.08745862	0.08776146	149815060	149815060	157459963	157480015	0.9856502	2	527747.2	44.216656	1.2599861	20.28435	0.9933185	0.9866371	0.020177361	2.99972992	3	0	3:0	3	LOHgain	4100636
1	157469989	157489995	NA	20007	203	3.38708815	203	0	38.0	mappable	NA	NA	NA	NA	inf	0.395749508656	0.13997548	inf	157459963	157480015	157489886	157489995	NA	missing	557654.3	NA	1.3649	NA	NA	NA	NA	NA	NA	NA	NA	NA	NA	4100636
1	157489996	249209945	NA	91719958	1261059	2.99203708	1256582	57676	219936.0	mappable	0.681525	NA	edge	0.60268568316	1.608933e-05	0.282872338199	0.07561227	0.07562836	157489996	157490105	249209945	249209945	0.95841449	2	579094.7	48.433376	1.2520228	22.3995	0.9926078	0.9852157	0.022117625	2.96991946	3	0	3:0	3	LOHgain	4100636
2	20016	140049	NA	120034	1869	1.78071075	1866	49	333.0	mappable	0.107	7.0	edge	0.04503201138	0.01923076923	0.054050491344	0.11853198	0.13776275	20016	20016	139992	140049	0.05291619	1	386903.3	20.633509	0.9059128	NA	NA	0.0	0.890355373	0.89035537	1	1	1:1	2	neutral	4100636
2	140050	174998	NA	34949	314	2.16402198	314	23	58.0	mappable	0.05955	3.0	NA	0.0191037029	0.04347826087	0.042249508656	0.13251208	0.17599034	140050	140107	169945	174998	NA	missing	441525.4	23.134171	1.0154356	NA	NA	NA	NA	NA	NA	NA	NA	NA	NA	4100636
2	174999	5980053	NA	5805055	95243	2.00207398	94654	5235	16941.0	mappable	0.0753	10.0	self	0.00065228649	0.00017173278	0.005657231997	0.08901201	0.08918374	174999	180052	5979956	5980053	0.16110822	1	444822.1	23.060965	0.9691625	NA	NA	0.0	1.001036988	1.00103699	1	1	1:1	2	neutral	4100636
2	5980054	6000048	NA	19995	361	2.16402198	358	20	55.0	mappable	0.0526	3.0	NA	0.0189462971	0.04347826087	0.050949508656	0.13998396	0.18346222	5980054	5980151	5999983	6000113	NA	missing	441525.4	23.134171	1.0154356	NA	NA	NA	NA	NA	NA	NA	NA	NA	NA	4100636
2	6000048	6010023	NA	9976	243	1.78071075	226	0	35.0	mappable	NA	7.0	NA	0.04157010662	0.05882352941	0.063250491344	0.15055428	0.20937781	5999983	6000113	6009946	6010100	NA	missing	386903.3	NA	0.9059128	NA	NA	NA	NA	NA	NA	NA	NA	NA	NA	4100636
2	6010023	8659874	NA	2649852	43760	2.00207398	43650	1986	7334.0	mappable	0.08215	10.0	self	0.0034962971	0.00047732697	0.003949508656	0.09373178	0.09420911	6009946	6010100	8659860	8659874	0.13926954	1	444822.1	23.060965	0.9691625	NA	NA	0.0	1.001036988	1.00103699	1	1	1:1	2	neutral	4100636
2	8659875	8678947	DEL	19073	310	1.12654763	305	0	48.0	mappable	NA	NA	identical	0.06936260144	0.2	0.250150491344	0.14065445	0.34065445	8659875	8659936	8678924	8678947	NA	missing	274467.9	NA	0.719	NA	NA	NA	NA	NA	NA	NA	NA	NA	NA	4100636
2	8678948	87059860	DEL	78380919	1169613	2.00207398	1165774	56813	201798.0	mappable	0.0753	10.0	self	0.00129993504	1.64875e-05	0.002419618085	0.07626602	0.07628251	8678948	8679016	87059860	87059860	0.1292141	1	444822.1	23.060965	0.9691625	NA	NA	0.0	1.001036988	1.00103699	1	1	1:1	2	neutral	4100636
2	88330099	89094923	NA	764825	9481	2.00207398	9443	620	1630.0	mappable	0.08065	10.0	self	0.0019962971	0.00151975684	0.005149508656	0.10232916	0.10384892	88330099	88330099	89059837	89130009	0.09297398	1	444822.1	23.060965	0.9691625	NA	NA	0.0	1.001036988	1.00103699	1	1	1:1	2	neutral	4100636
2	89094923	89229990	NA	135068	2404	-0.03154629	2404	104	457.0	mappable	0.147225	NA	NA	0.0685712971	0.00961538462	0.581050491344	0.11734798	0.12696337	89059837	89130009	89229990	89229990	0.1187278	1	189814.0	9.990211	0.3881	NA	NA	0.0	0.0	-0.01577314	0	0	0:0	0	LOH	4100636
2	89229991	89475801	NA	245811	0	0.0	0	0	NA	mappable	NA	NA	NA	NA	inf	0.969150491344	0.11168698	inf	89229991	89229991	89475801	89475801	NA	missing	NA	NA	0.0	NA	NA	0.0	0.0	0.0	0	0	NA	0	homozygousDel	4100636
2	89840102	90239998	NA	399897	914	2.04210329	892	23	124.0	mappable	0.18921786	NA	NA	0.10465271303	0.02222222222	0.011449508656	0.10747332	0.12969555	89840102	89840102	90239998	90239998	NA	missing	705244.1	41.673515	0.9806	NA	NA	NA	NA	NA	NA	NA	NA	NA	NA	4100636
2	90239999	90260248	NA	20250	0	0.0	0	0	NA	mappable	NA	NA	NA	NA	inf	0.969150491344	0.13980506	inf	90239999	90239999	90260248	90260248	NA	missing	NA	NA	0.0	NA	NA	0.0	0.0	0.0	0	0	NA	0	homozygousDel	4100636
2	95580145	96239991	NA	659847	4446	2.00207398	4432	153	758.0	mappable	0.08687568	10.0	NA	0.01345035115	0.00598802395	0.002650491344	0.10345663	0.10944465	95580145	95580145	96239991	96239991	0.21935954	1	444822.1	23.060965	0.9691625	NA	NA	0.0	1.001036988	1.00103699	1	1	1:1	2	neutral	4100636
2	96239992	96740020	NA	500029	0	0.0	0	0	NA	mappable	NA	NA	NA	NA	inf	0.969150491344	0.10564318	inf	96239992	96239992	96740020	96740020	NA	missing	NA	NA	0.0	NA	NA	0.0	0.0	0.0	0	0	NA	0	homozygousDel	4100636
2	96740021	132189994	NA	35449975	448656	2.00207398	447381	19433	78100.0	mappable	0.078725	10.0	NA	0.0003667349	4.829052e-05	7.3636694e-05	0.0797471	0.07979539	96740021	96740021	132189994	132189994	0.13806909	1	444822.1	23.060965	0.9691625	NA	NA	0.0	1.001036988	1.00103699	1	1	1:1	2	neutral	4100636
2	132189995	133009999	NA	820005	0	0.0	0	0	NA	mappable	NA	NA	NA	NA	inf	0.969150491344	0.10180566	inf	132189995	132189995	133009999	133009999	NA	missing	NA	NA	0.0	NA	NA	0.0	0.0	0.0	0	0	NA	0	homozygousDel	4100636
2	133010000	242889999	NA	109880016	1502695	2.00207398	1497299	66431	259850.0	mappable	0.0753	10.0	NA	0.00142600312	1.392254e-05	0.001361869182	0.07487453	0.07488845	133010000	133010000	242889978	242889999	0.15727633	1	444822.1	23.060965	0.9691625	NA	NA	0.0	1.001036988	1.00103699	1	1	1:1	2	neutral	4100636
2	242890000	242899970	NA	9971	193	2.32947507	193	24	23.0	mappable	0.08578333	11.0	NA	0.00712963043	0.04166666667	0.105349508656	0.15056247	0.19222914	242890000	242890021	242899935	242899970	NA	missing	444438.0	22.266345	1.0627102	NA	NA	NA	NA	NA	NA	NA	NA	NA	NA	4100636
2	242899971	242999969	NA	99999	1637	1.97105673	1607	55	316.0	mappable	0.1260473	NA	edge	0.05788050762	0.01176470588	0.008850491344	0.1204121	0.13217681	242899971	242900006	242999969	242999969	0.14008961	1	393274.9	20.756173	0.9603	NA	NA	0.0	0.985528364	0.98552836	1	1	1:1	2	neutral	4100636
3	100074	49363798	NA	49263729	721109	2.00207398	718567	35849	122728.0	mappable	0.0753	10.0	edge	0.00185593742	2.604845e-05	0.000468674448	0.07826556	0.07829161	100074	100074	49359943	49363798	0.14668946	1	444822.1	23.060965	0.9691625	NA	NA	0.0	1.001036988	1.00103699	1	1	1:1	2	neutral	4100636
3	49363799	49794284	DEL	430486	3467	1.00783128	3451	175	620.0	mappable	0.49315	8.0	identical	0.4144962971	0.00523560209	0.277650491344	0.10686269	0.11209829	49363799	49370057	49794275	49794284	0.91213577	2	264864.5	18.714976	0.6850794	18.72336	0.9914766	0.9829533	0.008590109	0.99924117	1	0	1:0	1	LOH	4100636
3	49794285	63470075	DEL	13675794	191862	2.00207398	191302	7035	33853.0	mappable	0.0795131	10.0	NA	0.0004576249	0.00013166557	0.004430798544	0.08436995	0.08450162	49794285	49794553	63469983	63470167	0.16008399	1	444822.1	23.060965	0.9691625	NA	NA	0.0	1.001036988	1.00103699	1	1	1:1	2	neutral	4100636
3	63470075	63480027	NA	9953	208	1.66132173	208	0	37.0	mappable	NA	NA	NA	NA	inf	0.097350491344	0.15059203	inf	63469983	63470167	63479933	63480027	NA	missing	425278.6	NA	0.8718	NA	NA	NA	NA	NA	NA	NA	NA	NA	NA	4100636
3	63480028	72940002	NA	9459975	143144	2.00207398	142642	7011	24627.0	mappable	0.07951346	10.0	NA	7.12971e-05	0.00013310262	5.0491344e-05	0.08630583	0.08643893	63480028	63480122	72939997	72940002	0.14692221	1	444822.1	23.060965	0.9691625	NA	NA	0.0	1.001036988	1.00103699	1	1	1:1	2	neutral	4100636
3	72940003	72949999	NA	9997	164	2.2587428	164	0	30.0	mappable	NA	NA	NA	NA	inf	0.073349508656	0.1505199	inf	72940003	72940008	72949975	72950023	NA	missing	447295.6	NA	1.0425	NA	NA	NA	NA	NA	NA	NA	NA	NA	NA	4100636
3	72949999	90499969	NA	17549971	243820	2.00207398	243063	10998	41225.0	mappable	0.07564565	10.0	NA	0.0033537029	8.507018e-05	0.000849508656	0.08310837	0.08319344	72949975	72950023	90499969	90499969	0.14158209	1	444822.1	23.060965	0.9691625	NA	NA	0.0	1.001036988	1.00103699	1	1	1:1	2	neutral	4100636
3	93570175	178019988	NA	84449818	1145677	2.00207398	1142116	54009	196354.0	mappable	0.0753	10.0	self	0.00250353775	1.737046e-05	0.001340407487	0.07595439	0.07597176	93570175	93570175	178019971	178019988	0.13152013	1	444822.1	23.060965	0.9691625	NA	NA	0.0	1.001036988	1.00103699	1	1	1:1	2	neutral	4100636
3	178019989	178030029	NA	10041	142	2.53907922	136	0	27.0	mappable	NA	NA	identical	0.02762732301	0.16666666667	0.153449508656	0.15044816	0.31711483	178019989	178020006	178029999	178030059	NA	missing	523317.1	NA	1.1226	NA	NA	NA	NA	NA	NA	NA	NA	NA	NA	4100636
3	178030029	187461965	NA	9431937	121086	2.00207398	120623	5684	21365.0	mappable	0.07799412	10.0	NA	7.12971e-05	0.00016268098	0.003149508656	0.08632178	0.08648446	178029999	178030059	187461907	187461965	0.15903517	1	444822.1	23.060965	0.9691625	NA	NA	0.0	1.001036988	1.00103699	1	1	1:1	2	neutral	4100636
3	187461966	187462075	CTX	110	3	1.94095819	3	0	1.0	mappable	NA	NA	NA	NA	inf	0.017450491344	0.2949261	inf	187461966	187461986	187461998	187462075	NA	missing	395264.0	NA	0.9517	NA	NA	NA	NA	NA	NA	NA	NA	NA	NA	4100636
3	187462076	197779892	CTX	10317818	153328	2.00207398	152667	7969	26754.0	mappable	0.0753	10.0	edge	0.00091342553	0.00011587486	0.001047327711	0.08584194	0.08595782	187462076	187462126	197779892	197779892	0.154887	1	444822.1	23.060965	0.9691625	NA	NA	0.0	1.001036988	1.00103699	1	1	1:1	2	neutral	4100636
4	50084	75013	NA	24930	535	2.31528396	510	0	57.0	mappable	NA	6.0	edge	0.28056534983	0.04	0.062749508656	0.13693382	0.17693382	50084	50084	74983	75013	NA	missing	1654601.0	NA	1.0586554	NA	NA	NA	NA	NA	NA	NA	NA	NA	NA	4100636
4	75014	8939952	NA	8864939	145245	2.00207398	144275	7516	25373.0	mappable	0.078725	10.0	self	7.12971e-05	0.00011785504	0.004750491344	0.08665632	0.08677417	75014	75044	8939952	8939952	0.14157473	1	444822.1	23.060965	0.9691625	NA	NA	0.0	1.001036988	1.00103699	1	1	1:1	2	neutral	4100636
4	9800043	22210014	NA	12409973	198970	2.00207398	198282	11019	33364.0	mappable	0.0753	10.0	NA	0.00194860837	8.541898e-05	0.006595144307	0.08487164	0.08495706	9800043	9800043	22209874	22210154	0.13422299	1	444822.1	23.060965	0.9691625	NA	NA	0.0	1.001036988	1.00103699	1	1	1:1	2	neutral	4100636
4	22210014	22219998	NA	9985	153	1.60462447	153	0	20.0	mappable	NA	NA	NA	NA	inf	0.113550491344	0.15053953	inf	22209874	22210154	22219958	22220038	NA	missing	420950.0	NA	0.8556	NA	NA	NA	NA	NA	NA	NA	NA	NA	NA	4100636
4	22219998	49089961	NA	26869969	400288	2.00207398	399058	18235	68908.0	mappable	0.078725	10.0	NA	0.00050485353	5.13769e-05	0.000740677015	0.08103895	0.08109032	22219958	22220038	49089961	49089961	0.14073701	1	444822.1	23.060965	0.9691625	NA	NA	0.0	1.001036988	1.00103699	1	1	1:1	2	neutral	4100636
4	52680564	53219973	NA	539410	7395	2.00207398	7361	380	1207.0	mappable	0.078175	10.0	NA	0.00120727433	0.00241545894	0.007349508656	0.10503637	0.10745183	52680564	52680564	53219918	53219973	0.19574544	1	444822.1	23.060965	0.9691625	NA	NA	0.0	1.001036988	1.00103699	1	1	1:1	2	neutral	4100636
4	53219974	53230066	NA	10093	174	2.27169217	174	0	36.0	mappable	NA	NA	NA	NA	inf	0.077049508656	0.15036387	inf	53219974	53220029	53229972	53230066	NA	missing	473537.0	NA	1.0462	NA	NA	NA	NA	NA	NA	NA	NA	NA	NA	4100636
4	53230067	111159990	NA	57929931	788836	2.00207398	786368	37758	134413.0	mappable	0.0753	10.0	NA	0.00282544333	2.486016e-05	0.001543333228	0.07755604	0.0775809	53230067	53230161	111159955	111159990	0.15460105	1	444822.1	23.060965	0.9691625	NA	NA	0.0	1.001036988	1.00103699	1	1	1:1	2	neutral	4100636
4	111159991	111220048	NA	60058	751	2.16402198	744	74	109.0	mappable	0.0631163	3.0	NA	0.01546565943	0.01234567901	0.042049508656	0.12599164	0.13833732	111159991	111160026	111219995	111220101	0.13679673	1	441525.4	23.134171	1.0154356	NA	NA	0.0	1.082010992	1.08201099	1	1	1:1	2	neutral	4100636
4	111220048	111270007	NA	49960	713	1.78226922	706	53	129.0	mappable	0.04640283	5.0	NA	0.02938703624	0.01666666667	0.045750491344	0.12813543	0.14480209	111219995	111220101	111269956	111270058	0.18772066	1	460184.8	23.771506	0.9063581	NA	NA	0.0	0.891134611	0.89113461	1	1	1:1	2	neutral	4100636
4	111270007	111290034	NA	20028	344	2.16402198	344	18	61.0	mappable	0.07523333	3.0	NA	0.00342036957	0.05555555556	0.059749508656	0.13996065	0.19551621	111269956	111270058	111289995	111290034	NA	missing	441525.4	23.134171	1.0154356	NA	NA	NA	NA	NA	NA	NA	NA	NA	NA	4100636
4	111290035	190939997	NA	79649976	1123630	2.00207398	1119296	58337	191928.0	mappable	0.0753	10.0	edge	0.00316829099	1.59566e-05	0.000548604691	0.07619869	0.07621465	111290035	111290074	190939997	190939997	0.15187363	1	444822.1	23.060965	0.9691625	NA	NA	0.0	1.001036988	1.00103699	1	1	1:1	2	neutral	4100636
5	50017	27830009	NA	27779996	425541	2.00207398	423773	21448	73267.0	mappable	0.078725	10.0	edge	0.0007375679	4.30756e-05	0.007314746492	0.08088147	0.08092454	50017	50017	27829962	27830009	0.14858439	1	444822.1	23.060965	0.9691625	NA	NA	0.0	1.001036988	1.00103699	1	1	1:1	2	neutral	4100636
5	27830010	27840028	NA	10019	271	1.71101932	271	0	51.0	mappable	NA	NA	NA	NA	inf	0.083150491344	0.15048398	inf	27830010	27830057	27839991	27840065	NA	missing	423781.1	NA	0.886	NA	NA	NA	NA	NA	NA	NA	NA	NA	NA	4100636
5	27840028	46399990	NA	18559963	263900	2.00207398	262871	14183	44325.0	mappable	0.078725	10.0	NA	7.12971e-05	6.573758e-05	0.002750491344	0.08283052	0.08289625	27839991	27840065	46399990	46399990	0.13808561	1	444822.1	23.060965	0.9691625	NA	NA	0.0	1.001036988	1.00103699	1	1	1:1	2	neutral	4100636
5	49470005	68829703	NA	19359702	256688	2.00207398	255792	13618	43781.0	mappable	0.078725	10.0	self	0.00102619585	6.890374e-05	0.001454299686	0.08262225	0.08269116	49470005	49470005	68829703	68829703	0.13480416	1	444822.1	23.060965	0.9691625	NA	NA	0.0	1.001036988	1.00103699	1	1	1:1	2	neutral	4100636
5	70750153	73514894	NA	2764742	37980	2.00207398	37888	2489	6431.0	mappable	0.07325	10.0	NA	0.0067787029	0.00038744673	0.004950491344	0.09346356	0.09385101	70750153	70750153	73509753	73514894	0.12069379	1	444822.1	23.060965	0.9691625	NA	NA	0.0	1.001036988	1.00103699	1	1	1:1	2	neutral	4100636
5	73514895	73559978	NA	45084	646	1.79046547	646	0	137.0	mappable	NA	NA	NA	NA	inf	0.060450491344	0.12936336	inf	73514895	73520036	73559894	73560062	NA	missing	431388.8	NA	0.9087	NA	NA	NA	NA	NA	NA	NA	NA	NA	NA	4100636
5	73559978	89354943	NA	15794968	207360	2.00207398	206706	10656	35662.0	mappable	0.0753	10.0	NA	0.0021319752	8.841733e-05	0.000350502097	0.08363665	0.08372507	73559894	73560062	89349795	89354943	0.13272397	1	444822.1	23.060965	0.9691625	NA	NA	0.0	1.001036988	1.00103699	1	1	1:1	2	neutral	4100636
5	89375067	180689979	NA	91314923	1284853	2.00207398	1281107	55435	221574.0	mappable	0.0753	10.0	edge	0.00114644775	1.68976e-05	0.001070081282	0.07563053	0.07564743	89375067	89380201	180689979	180689979	0.14607435	1	444822.1	23.060965	0.9691625	NA	NA	0.0	1.001036988	1.00103699	1	1	1:1	2	neutral	4100636
6	201976	1469982	NA	1268007	21504	1.99741045	21181	1037	3725.0	mappable	0.58905	13.0	edge	0.5069712971	0.00073529412	0.001850491344	0.09864788	0.09938317	201976	201976	1469955	1470009	0.87909383	2	437360.1	34.529392	0.96783	21.88472	0.9909316	0.9818632	0.018113312	1.97929714	2	0	2:0	2	cnLOH	4100636
6	1469982	1490020	NA	20039	364	2.28035005	363	8	62.0	mappable	0.60600192	2.0	NA	0.52575911761	0.11111111111	0.113449508656	0.13995289	0.251064	1469955	1470009	1489964	1490020	NA	missing	440954.8	35.12788	1.0486738	NA	NA	NA	NA	NA	NA	NA	NA	NA	NA	4100636
6	1490021	3800052	NA	2310033	36783	1.99741045	36648	1784	6300.0	mappable	0.613025	13.0	NA	0.53073262191	0.00052110474	0.003831603646	0.0946097	0.0951308	1490021	1490077	3799956	3800148	0.90896551	2	437360.1	34.529392	0.96783	21.88472	0.9909316	0.9818632	0.018113312	1.97929714	2	0	2:0	2	cnLOH	4100636
6	3800052	3809992	NA	9941	132	2.28035005	120	0	21.0	mappable	NA	2.0	NA	0.52340582091	0.08333333333	0.098449508656	0.15061176	0.2339451	3799956	3800148	3809937	3809992	NA	missing	440954.8	NA	1.0486738	NA	NA	NA	NA	NA	NA	NA	NA	NA	NA	4100636
6	3809993	7121609	NA	3311617	51065	1.99741045	50860	2928	8949.0	mappable	0.592475	13.0	NA	0.5138212971	0.00031918289	0.002650491344	0.09233992	0.0926591	3809993	3810048	7121604	7121609	0.93579316	2	437360.1	34.529392	0.96783	21.88472	0.9909316	0.9818632	0.018113312	1.97929714	2	0	2:0	2	cnLOH	4100636
6	7121610	7240639	DEL	119030	1712	1.03590202	1709	18	340.0	mappable	0.61029432	NA	NA	0.53164061758	0.04761904762	0.276050491344	0.11861717	0.16623622	7121610	7121623	7240584	7240639	NA	missing	293369.9	20.800081	0.6931	NA	NA	NA	NA	NA	NA	NA	NA	NA	NA	4100636
6	7240640	15750025	DEL	8509386	124899	1.99741045	124411	5612	22015.0	mappable	0.58905	13.0	NA	0.5103962971	0.00016393443	0.002149508656	0.08687862	0.08704255	7240640	7240662	15749941	15750025	0.98161338	2	437360.1	34.529392	0.96783	21.88472	0.9909316	0.9818632	0.018113312	1.97929714	2	0	2:0	2	cnLOH	4100636
6	15750026	15769967	NA	19942	392	2.17789671	347	0	74.0	mappable	NA	NA	NA	0.55323091248	0.02222222222	0.050249508656	0.14002148	0.16224371	15750026	15750110	15769837	15769967	NA	missing	449378.1	NA	1.0194	NA	NA	NA	NA	NA	NA	NA	NA	NA	NA	4100636
6	15769968	25879946	NA	10109980	152002	1.99741045	151447	7395	27128.0	mappable	0.5959	13.0	NA	0.51425308955	0.00012578616	0.003657041258	0.08595024	0.08607603	15769968	15770098	25879880	25879946	0.96030671	2	437360.1	34.529392	0.96783	21.88472	0.9909316	0.9818632	0.018113312	1.97929714	2	0	2:0	2	cnLOH	4100636
6	25879947	25897333	NA	17387	243	2.20834524	243	0	38.0	mappable	NA	NA	NA	NA	inf	0.058949508656	0.14198776	inf	25879947	25880013	25897175	25897333	NA	missing	476785.6	NA	1.0281	NA	NA	NA	NA	NA	NA	NA	NA	NA	NA	4100636
6	25897334	29788963	NA	3891630	47820	1.99741045	47693	1780	8582.0	mappable	0.60512262	13.0	NA	0.52316296376	0.00052438385	5.0491344e-05	0.09135781	0.09188219	25897334	25897492	29788946	29788963	0.98754957	2	437360.1	34.529392	0.96783	21.88472	0.9909316	0.9818632	0.018113312	1.97929714	2	0	2:0	2	cnLOH	4100636
6	29788964	29819955	NA	30992	2115	2.28035005	2108	179	302.0	mappable	0.58076912	2.0	NA	0.51091398002	0.00537634409	0.071249508656	0.13405178	0.13942812	29788964	29788981	29819909	29819955	0.98870035	2	440954.8	35.12788	1.0486738	20.3636	0.9774239	0.9548479	0.0514813	2.22886875	2	0	2:0	2	cnLOH	4100636
6	29819956	32399956	NA	2580001	41618	1.99741045	40804	4053	6518.0	mappable	0.6096	13.0	NA	0.5343712971	0.00020546538	0.001150491344	0.09390139	0.09410685	29819956	29820002	32399842	32400070	0.98275631	2	437360.1	34.529392	0.96783	21.88472	0.9909316	0.9818632	0.018113312	1.97929714	2	0	2:0	2	cnLOH	4100636
6	32399956	32439982	NA	40027	1034	2.28035005	1011	304	148.0	mappable	0.60989103	2.0	NA	0.5263531347	0.00305810398	0.080149508656	0.13081569	0.13387379	32399842	32400070	32429961	32439982	0.99315273	2	440954.8	35.12788	1.0486738	20.3636	0.9774239	0.9548479	0.0514813	2.22886875	2	0	2:0	2	cnLOH	4100636
6	32439983	32510203	NA	70221	2000	1.12374776	1600	98	284.0	mappable	0.633025	NA	NA	0.4281962971	0.00200803213	0.250950491344	0.12422657	0.12623461	32439983	32450004	32510202	32510204	0.89535393	2	481268.1	36.673291	0.7182	32.45209	1.0860675	1.0	0.0	1.12374776	1	0	1:0	1	LOH	4100636
6	32510203	32615055	NA	104853	6647	1.87621132	5606	1083	899.0	mappable	0.61831618	NA	NA	0.54438359868	0.00047080979	0.035950491344	0.11991839	0.1203892	32510202	32510204	32609974	32620136	0.99559919	2	466777.9	37.545181	0.9332	24.22348	1.0297979	1.0	0.0	1.87621132	2	0	2:0	2	cnLOH	4100636
6	32615055	32629993	NA	14939	1254	2.4218349	985	134	122.0	mappable	0.71722454	NA	NA	0.6173321856	0.00248138958	0.119949508656	0.14422942	0.14671081	32609974	32620136	32629986	32630000	0.99961051	2	421946.0	34.433648	1.0891	18.76247	0.997451	0.994902	0.006173309	2.41566159	sub	0	sub:0	sub	sub	4100636
6	32629993	35770010	NA	3140018	48659	1.99741045	47889	3523	8277.0	mappable	0.599325	13.0	NA	0.52294799214	0.00023293734	0.000430569027	0.09266835	0.09290129	32629986	32630000	35769986	35770034	0.94365802	2	437360.1	34.529392	0.96783	21.88472	0.9909316	0.9818632	0.018113312	1.97929714	2	0	2:0	2	cnLOH	4100636
6	35770010	58019982	NA	22249973	319974	2.00207398	317614	13015	55826.0	mappable	0.07518026	10.0	self	0.0033537029	6.504488e-05	0.003549508656	0.0819427	0.08200774	35769986	35770034	58019982	58019982	0.16522218	1	444822.1	23.060965	0.9691625	NA	NA	0.0	1.001036988	1.00103699	1	1	1:1	2	neutral	4100636
6	58610011	58769997	NA	159987	572	1.78226922	570	24	93.0	mappable	0.09390051	5.0	NA	0.0195587971	0.03846153846	0.040750491344	0.11568989	0.15415143	58610011	58610011	58769997	58769997	NA	missing	460184.8	23.771506	0.9063581	NA	NA	NA	NA	NA	NA	NA	NA	NA	NA	4100636
6	61890002	62299983	NA	409982	5263	2.02425415	5257	10	816.0	mappable	0.02222642	NA	NA	0.0719962971	0.0625	0.006349508656	0.10726621	0.16976621	61890002	61890002	62299960	62300006	NA	missing	481079.0	26.366828	0.9755	NA	NA	NA	NA	NA	NA	NA	NA	NA	NA	4100636
6	62299983	62315034	NA	15052	194	1.72676856	194	2	36.0	mappable	0.42857143	NA	NA	0.34991772567	0.5	0.078650491344	0.14411644	0.64411644	62299960	62300006	62309977	62320091	NA	missing	427213.3	21.360667	0.8905	NA	NA	NA	NA	NA	NA	NA	NA	NA	NA	4100636
6	62315034	76905015	NA	14589985	209603	2.00207398	208922	9479	35775.0	mappable	0.07325	10.0	self	0.00545854845	9.84252e-05	0.001074979188	0.084039	0.08413742	62309977	62320091	76899963	76910067	0.13981234	1	444822.1	23.060965	0.9691625	NA	NA	0.0	1.001036988	1.00103699	1	1	1:1	2	neutral	4100636
6	76905015	76930066	NA	25052	413	2.1946959	410	2	72.0	mappable	0.21568627	NA	identical	0.5712080618	0.2	0.055049508656	0.13686782	0.33686782	76899963	76910067	76929992	76930140	NA	missing	475336.1	28.892981	1.0242	NA	NA	NA	NA	NA	NA	NA	NA	NA	NA	4100636
6	76930066	77230021	NA	299956	4625	2.00207398	4622	11	826.0	mappable	0.06345904	10.0	NA	0.01117592513	0.07142857143	5.0491344e-05	0.10992398	0.18135256	76929992	76930140	77229951	77230091	NA	missing	444822.1	23.060965	0.9691625	NA	NA	NA	NA	NA	NA	NA	NA	NA	NA	4100636
6	77230021	77240064	NA	10044	150	1.74601763	150	0	24.0	mappable	NA	NA	NA	NA	inf	0.073150491344	0.15044329	inf	77229951	77230091	77239940	77240188	NA	missing	464415.7	NA	0.896	NA	NA	NA	NA	NA	NA	NA	NA	NA	NA	4100636
6	77240064	164020000	NA	86779943	1206222	2.00207398	1202316	57188	207838.0	mappable	0.0753	10.0	NA	0.00230673637	1.636822e-05	0.000646372782	0.07584129	0.07585766	77239940	77240188	164019994	164020000	0.13298661	1	444822.1	23.060965	0.9691625	NA	NA	0.0	1.001036988	1.00103699	1	1	1:1	2	neutral	4100636
6	164020001	164040032	NA	20032	375	2.16004758	373	51	51.0	mappable	0.1334569	NA	NA	0.04918336606	0.01886792453	0.045149508656	0.13995783	0.15882575	164020001	164020007	164039997	164040067	0.12442765	1	429011.7	22.34436	1.0143	NA	NA	0.0	1.080023788	1.08002379	1	1	1:1	2	neutral	4100636
6	164040032	164059973	NA	19942	383	1.78226922	379	48	55.0	mappable	0.06543333	5.0	NA	0.02289662743	0.01923076923	0.066350491344	0.14002148	0.15925225	164039997	164040067	164059900	164060046	0.19784373	1	460184.8	23.771506	0.9063581	NA	NA	0.0	0.891134611	0.89113461	1	1	1:1	2	neutral	4100636
6	164059973	170899935	NA	6839963	112164	2.00207398	111362	6136	19670.0	mappable	0.078725	10.0	edge	0.0034962971	0.00014413376	0.005950491344	0.08808416	0.0882283	164059900	164060046	170899935	170899935	0.13517776	1	444822.1	23.060965	0.9691625	NA	NA	0.0	1.001036988	1.00103699	1	1	1:1	2	neutral	4100636
7	40386	57999988	NA	57959611	855429	2.00207398	852509	43953	146802.0	mappable	0.0753	10.0	edge	0.00166622251	2.13347e-05	0.011719147048	0.07755381	0.07757515	40386	40386	57999988	57999988	0.13361208	1	444822.1	23.060965	0.9691625	NA	NA	0.0	1.001036988	1.00103699	1	1	1:1	2	neutral	4100636
7	61530139	62460064	NA	929926	17953	2.00207398	17718	29	2638.0	mappable	0.07453571	10.0	self	0.0136287029	0.00378787879	0.003849508656	0.10087379	0.10466167	61530139	61530139	62449991	62470137	NA	missing	444822.1	23.060965	0.9691625	NA	NA	NA	NA	NA	NA	NA	NA	NA	NA	4100636
7	62460064	62490037	NA	29974	440	2.30565207	354	0	75.0	mappable	NA	4.0	identical	0.15737356982	0.01162790698	0.099949508656	0.13448611	0.14611402	62449991	62470137	62479908	62490037	NA	missing	351357.3	NA	1.0559033	NA	NA	NA	NA	NA	NA	NA	NA	NA	NA	4100636
7	62490038	72229988	NA	9739951	95810	2.00207398	95431	4326	17452.0	mappable	0.07611944	10.0	self	0.0033537029	0.00021253985	0.007749508656	0.0861494	0.08636194	62490038	62500167	72229988	72229988	0.16460057	1	444822.1	23.060965	0.9691625	NA	NA	0.0	1.001036988	1.00103699	1	1	1:1	2	neutral	4100636
7	72750118	74139961	NA	1389844	10240	2.00207398	10197	455	1936.0	mappable	0.09239722	10.0	self	0.0137712971	0.00200803213	0.010549508656	0.09800803	0.10001606	72750118	72750118	74139961	74139961	0.21786768	1	444822.1	23.060965	0.9691625	NA	NA	0.0	1.001036988	1.00103699	1	1	1:1	2	neutral	4100636
7	75160045	76059952	NA	899908	8427	2.00207398	8373	333	1587.0	mappable	0.0838	10.0	self	0.0079462971	0.00258397933	0.021149508656	0.10111521	0.10369919	75160045	75160045	76059952	76059952	0.20060828	1	444822.1	23.060965	0.9691625	NA	NA	0.0	1.001036988	1.00103699	1	1	1:1	2	neutral	4100636
7	76810004	89305002	NA	12494999	174681	2.00207398	174148	6396	30038.0	mappable	0.078725	10.0	NA	7.12971e-05	0.0001443418	0.010449508656	0.08483618	0.08498052	76810004	76810004	89299985	89305002	0.15404369	1	444822.1	23.060965	0.9691625	NA	NA	0.0	1.001036988	1.00103699	1	1	1:1	2	neutral	4100636
7	89305003	89320013	NA	15011	166	1.71591908	166	0	36.0	mappable	NA	NA	NA	NA	inf	0.081750491344	0.14415731	inf	89305003	89310020	89319959	89320013	NA	missing	480545.0	NA	0.8874	NA	NA	NA	NA	NA	NA	NA	NA	NA	NA	4100636
7	89320014	141429937	NA	52109930	669444	2.00207398	667224	26157	116881.0	mappable	0.0753	10.0	NA	0.00291785318	3.524353e-05	0.011068555507	0.07801817	0.07805341	89320014	89320068	141429872	141430002	0.15042062	1	444822.1	23.060965	0.9691625	NA	NA	0.0	1.001036988	1.00103699	1	1	1:1	2	neutral	4100636
7	141429937	148803449	NA	7373514	95876	2.98583573	95561	4093	16614.0	mappable	0.215725	9.0	NA	0.13581748926	0.00022686025	0.291886661854	0.08766577	0.08789263	141429872	141430002	148769998	148803449	0.74780487	2	578322.8	35.329208	1.2502509	22.40135	0.6625076	0.3250152	1.007696798	1.97813894	2	1	2:1	3	gain	4100636
7	148803450	148809900	DUP	6451	0	0.0	0	0	NA	mappable	NA	NA	NA	NA	inf	0.969150491344	0.15803647	inf	148803450	148803450	148809900	148809900	NA	missing	NA	NA	0.0	NA	NA	0.0	0.0	0.0	0	0	NA	0	homozygousDel	4100636
7	148809901	156590013	DUP	7780115	104719	2.98583573	104207	5847	18065.0	mappable	0.21329038	9.0	NA	0.13087883366	0.00015725743	0.280515810855	0.08736921	0.08752647	148809901	148810023	156589972	156590054	0.75403442	2	578322.8	35.329208	1.2502509	22.40135	0.6625076	0.3250152	1.007696798	1.97813894	2	1	2:1	3	gain	4100636
7	156590013	156599992	NA	9980	198	2.61572551	195	69	34.0	mappable	0.08651429	NA	NA	0.00786058281	0.01388888889	0.175349508656	0.15054772	0.16443661	156589972	156590054	156599974	156599992	0.57978825	2	579156.0	33.094629	1.1445	24.50647	0.6093812	0.2187624	1.02175161	1.5939739	sub	1	sub:1	sub	sub	4100636
7	156599993	158980041	NA	2380049	42862	2.98583573	42361	2324	8129.0	mappable	0.215725	9.0	NA	0.1439212971	0.0003539823	0.287149508656	0.09441729	0.09477128	156599993	156600011	158979988	158980041	0.76035069	2	578322.8	35.329208	1.2502509	22.40135	0.6625076	0.3250152	1.007696798	1.97813894	2	1	2:1	3	gain	4100636
7	158980042	159119808	NA	139767	2015	1.00783128	1977	177	332.0	mappable	0.46915338	8.0	edge	0.39078888969	0.00465116279	0.276250491344	0.11700926	0.12166042	158980042	158980095	159119808	159119808	0.94519595	2	264864.5	18.714976	0.6850794	18.72336	0.9914766	0.9829533	0.008590109	0.99924117	1	0	1:0	1	LOH	4100636
8	170012	6919904	NA	6749897	193611	2.00207398	192440	10003	32982.0	mappable	0.0795625	10.0	edge	0.00148327264	8.949347e-05	0.010010185783	0.08815841	0.08824791	170012	170012	6919904	6919904	0.1684291	1	444822.1	23.060965	0.9691625	NA	NA	0.0	1.001036988	1.00103699	1	1	1:1	2	neutral	4100636
8	8100000	11859985	NA	3759986	79347	2.00207398	79143	3778	13844.0	mappable	0.078725	10.0	self	7.12971e-05	0.00025113009	0.009250491344	0.09156547	0.0918166	8100000	8100000	11859985	11859985	0.14691881	1	444822.1	23.060965	0.9691625	NA	NA	0.0	1.001036988	1.00103699	1	1	1:1	2	neutral	4100636
8	12580042	15259989	NA	2679949	65027	2.00207398	64746	4534	10806.0	mappable	0.0749	10.0	self	0.00291220758	0.00020768432	0.006721850933	0.09366026	0.09386794	12580042	12580042	15259979	15259989	0.15972954	1	444822.1	23.060965	0.9691625	NA	NA	0.0	1.001036988	1.00103699	1	1	1:1	2	neutral	4100636
8	15259990	15280020	NA	20031	514	1.78226922	514	36	84.0	mappable	0.10965405	5.0	NA	0.03100035115	0.02777777778	0.066950491344	0.13995853	0.16773631	15259990	15260000	15279984	15280020	0.03269997	1	460184.8	23.771506	0.9063581	NA	NA	0.0	0.891134611	0.89113461	1	1	1:1	2	neutral	4100636
8	15280021	15299984	NA	19964	690	2.16402198	690	6	129.0	mappable	0.04819394	3.0	NA	0.03045976351	0.16666666667	0.045549508656	0.14000589	0.30667256	15280021	15280057	15299951	15299984	NA	missing	441525.4	23.134171	1.0154356	NA	NA	NA	NA	NA	NA	NA	NA	NA	NA	4100636
8	15299985	15549993	NA	250009	5624	2.00207398	5619	76	1019.0	mappable	0.09564423	10.0	NA	0.0137712971	0.01234567901	0.013650491344	0.11153482	0.1238805	15299985	15300018	15549958	15549993	0.30638335	1	444822.1	23.060965	0.9691625	NA	NA	0.0	1.001036988	1.00103699	1	1	1:1	2	neutral	4100636
8	15549994	15559998	NA	10005	203	1.70191976	203	0	39.0	mappable	NA	NA	NA	NA	inf	0.085750491344	0.15050683	inf	15549994	15550029	15559997	15559998	NA	missing	428578.8	NA	0.8834	NA	NA	NA	NA	NA	NA	NA	NA	NA	NA	4100636
8	15559999	43789991	NA	28229996	448584	2.00207398	447313	16655	78603.0	mappable	0.0753	10.0	NA	0.00198298222	5.578489e-05	0.004673320513	0.08080571	0.0808615	15559999	15560000	43789991	43789991	0.15383907	1	444822.1	23.060965	0.9691625	NA	NA	0.0	1.001036988	1.00103699	1	1	1:1	2	neutral	4100636
8	46880007	93569962	NA	46689963	634987	2.00207398	633131	27577	108950.0	mappable	0.0753	10.0	NA	0.0031873222	3.397547e-05	0.000701595077	0.07850338	0.07853736	46880007	46880007	93569894	93570030	0.12548746	1	444822.1	23.060965	0.9691625	NA	NA	0.0	1.001036988	1.00103699	1	1	1:1	2	neutral	4100636
8	93569962	93600080	NA	30119	481	2.16039756	481	0	78.0	mappable	NA	NA	NA	NA	inf	0.045249508656	0.13442318	inf	93569894	93570030	93599968	93600192	NA	missing	491133.4	NA	1.0144	NA	NA	NA	NA	NA	NA	NA	NA	NA	NA	4100636
8	93600080	146289988	NA	52689928	753484	2.00207398	750749	35696	128270.0	mappable	0.078725	10.0	edge	0.000627169	2.602134e-05	0.003220602853	0.0779696	0.07799562	93599968	93600192	146289988	146289988	0.13474234	1	444822.1	23.060965	0.9691625	NA	NA	0.0	1.001036988	1.00103699	1	1	1:1	2	neutral	4100636
9	200101	1260002	NA	1059902	23626	1.99741045	23553	1291	4136.0	mappable	0.58441992	13.0	edge	0.50576622119	0.00073313783	0.009049508656	0.09992256	0.1006557	200101	200101	1259997	1260002	0.86616256	2	437360.1	34.529392	0.96783	21.88472	0.9909316	0.9818632	0.018113312	1.97929714	2	0	2:0	2	cnLOH	4100636
9	1260003	1280027	NA	20025	442	2.24824331	438	34	75.0	mappable	0.65461704	NA	NA	0.57996590494	0.02631578947	0.070349508656	0.13996277	0.16627856	1260003	1260008	1279995	1280027	0.88242173	2	456599.7	36.781642	1.0395	21.27218	0.9944454	0.9888909	0.012487987	2.23575532	2	0	2:0	2	cnLOH	4100636
9	1280028	2919987	NA	1639960	34682	1.99741045	34612	1937	5694.0	mappable	0.58135714	13.0	NA	0.5035462971	0.0004982561	0.003249508656	0.09687468	0.09737294	1280028	1280060	2919967	2919987	0.93366843	2	437360.1	34.529392	0.96783	21.88472	0.9909316	0.9818632	0.018113312	1.97929714	2	0	2:0	2	cnLOH	4100636
9	2919988	2930043	NA	10056	245	2.36653758	245	0	45.0	mappable	NA	NA	NA	NA	inf	0.104149508656	0.15042379	inf	2919988	2920008	2929994	2930092	NA	missing	476298.3	NA	1.0733	NA	NA	NA	NA	NA	NA	NA	NA	NA	NA	4100636
9	2930043	4240015	NA	1309973	24753	1.99741045	24687	607	4366.0	mappable	0.59716015	13.0	NA	0.5177453167	0.0014858841	0.004550491344	0.09841984	0.09990573	2929994	2930092	4239992	4240015	0.94586881	2	437360.1	34.529392	0.96783	21.88472	0.9909316	0.9818632	0.018113312	1.97929714	2	0	2:0	2	cnLOH	4100636
9	4240016	4255029	NA	15014	236	2.24544344	235	4	41.0	mappable	0.74606053	NA	NA	0.34428577078	0.2	0.069549508656	0.14415432	0.34415432	4240016	4240039	4249986	4260072	NA	missing	483250.0	39.789886	1.0387	NA	NA	NA	NA	NA	NA	NA	NA	NA	NA	4100636
9	4255029	6689999	NA	2434972	39643	1.99741045	39520	1616	7167.0	mappable	0.60048883	13.0	NA	0.5198229613	0.00057504313	0.002416660486	0.09427081	0.09484586	4249986	4260072	6679997	6700001	0.96674671	2	437360.1	34.529392	0.96783	21.88472	0.9909316	0.9818632	0.018113312	1.97929714	2	0	2:0	2	cnLOH	4100636
9	6689999	6780028	NA	90030	1113	2.13414883	1111	18	233.0	mappable	0.64826471	NA	NA	0.57331138661	0.05	0.037749508656	0.12152058	0.17152058	6679997	6700001	6779994	6780028	NA	missing	389854.7	31.704031	1.0069	NA	NA	NA	NA	NA	NA	NA	NA	NA	NA	4100636
9	6780029	7740001	NA	959973	20819	1.99741045	20754	1284	3512.0	mappable	0.58515741	13.0	NA	0.50561970067	0.00074128984	0.001549508656	0.10064091	0.1013822	6780029	6780063	7739971	7740001	0.91372981	2	437360.1	34.529392	0.96783	21.88472	0.9909316	0.9818632	0.018113312	1.97929714	2	0	2:0	2	cnLOH	4100636
9	7740002	7759995	NA	19994	435	2.15269793	409	0	71.0	mappable	NA	NA	NA	0.50857342476	0.03846153846	0.043049508656	0.13998466	0.1784462	7740002	7740032	7759945	7759995	NA	missing	489999.6	NA	1.0122	NA	NA	NA	NA	NA	NA	NA	NA	NA	NA	4100636
9	7759996	12359996	NA	4600002	94817	1.99741045	94613	3850	15998.0	mappable	0.57907368	13.0	NA	0.50149747898	0.00024666996	0.00098994313	0.09036198	0.09060865	7759996	7760046	12359984	12359996	0.96081405	2	437360.1	34.529392	0.96783	21.88472	0.9909316	0.9818632	0.018113312	1.97929714	2	0	2:0	2	cnLOH	4100636
9	12359997	12369993	NA	9997	233	2.28035005	230	30	38.0	mappable	0.5848835	2.0	NA	0.50455846066	0.0303030303	0.095649508656	0.1505199	0.18082293	12359997	12360009	12369980	12370006	NA	missing	440954.8	35.12788	1.0486738	NA	NA	NA	NA	NA	NA	NA	NA	NA	NA	4100636
9	12369993	14874985	NA	2504993	43608	1.99741045	43491	1795	7380.0	mappable	0.58397896	13.0	NA	0.5035462971	0.00052328624	0.002950491344	0.09408942	0.09461271	12369980	12370006	14869965	14880005	0.95031303	2	437360.1	34.529392	0.96783	21.88472	0.9909316	0.9818632	0.018113312	1.97929714	2	0	2:0	2	cnLOH	4100636
9	14874985	14920008	NA	45024	750	2.23249407	747	29	122.0	mappable	0.57263463	NA	NA	0.4937611394	0.03125	0.065849508656	0.12937944	0.16062944	14869965	14880005	14919973	14920043	NA	missing	476496.0	37.253324	1.035	NA	NA	NA	NA	NA	NA	NA	NA	NA	NA	4100636
9	14920008	23490009	NA	8570002	143092	1.99741045	142679	6114	25057.0	mappable	0.5822	13.0	NA	0.50037622875	0.00015320974	5.355244e-06	0.08683999	0.0869932	14919973	14920043	23489978	23490040	0.94530081	2	437360.1	34.529392	0.96783	21.88472	0.9909316	0.9818632	0.018113312	1.97929714	2	0	2:0	2	cnLOH	4100636
9	23490009	23500026	NA	10018	175	1.74846751	175	0	41.0	mappable	NA	NA	NA	NA	inf	0.072450491344	0.15048561	inf	23489978	23490040	23499992	23500060	NA	missing	458088.9	NA	0.8967	NA	NA	NA	NA	NA	NA	NA	NA	NA	NA	4100636
9	23500026	23530002	NA	29977	524	2.0708019	521	2	79.0	mappable	0.35019763	NA	NA	0.2601039894	0.2	0.019649508656	0.13448481	0.33448481	23499992	23500060	23529968	23530036	NA	missing	473620.9	31.97409	0.9888	NA	NA	NA	NA	NA	NA	NA	NA	NA	NA	4100636
9	23530002	34500054	NA	10970054	165016	1.99741045	164505	8625	27581.0	mappable	0.592475	13.0	NA	0.51264928199	0.00010946907	0.000665425653	0.08551735	0.08562682	23529968	23530036	34499988	34500054	0.9401836	2	437360.1	34.529392	0.96783	21.88472	0.9909316	0.9818632	0.018113312	1.97929714	2	0	2:0	2	cnLOH	4100636
9	34500055	34510084	NA	10030	147	2.28035005	147	13	22.0	mappable	0.62491307	2.0	NA	0.54625936899	0.07692307692	0.104549508656	0.15046606	0.22738914	34500055	34500121	34509915	34510084	NA	missing	440954.8	35.12788	1.0486738	NA	NA	NA	NA	NA	NA	NA	NA	NA	NA	4100636
9	34510085	38769828	NA	4259744	51507	1.99741045	51317	2499	9151.0	mappable	0.599325	13.0	NA	0.5172462971	0.00037188546	0.003649508656	0.09081689	0.09118878	34510085	34510254	38769828	38769828	0.96924685	2	437360.1	34.529392	0.96783	21.88472	0.9909316	0.9818632	0.018113312	1.97929714	2	0	2:0	2	cnLOH	4100636
9	66840048	66849972	NA	9925	540	1.78226922	504	0	56.0	mappable	NA	5.0	NA	0.03596203624	0.02777777778	0.071150491344	0.15063813	0.1784159	66840048	66840048	66849972	66849972	NA	missing	460184.8	NA	0.9063581	NA	NA	NA	NA	NA	NA	NA	NA	NA	NA	4100636
9	68410004	68419976	NA	9973	1130	1.87026161	1052	0	319.0	mappable	NA	NA	NA	0.22624548667	0.01282051282	0.037650491344	0.15055919	0.16337971	68410004	68410004	68419976	68419976	NA	missing	2574848.0	NA	0.9315	NA	NA	NA	NA	NA	NA	NA	NA	NA	NA	4100636
9	71030093	103584945	NA	32554855	430550	1.99741045	429208	20708	74776.0	mappable	0.58905	13.0	NA	0.50864418501	4.535147e-05	0.002756138772	0.08013986	0.08018521	71030093	71030093	103579797	103584945	0.97128924	2	437360.1	34.529392	0.96783	21.88472	0.9909316	0.9818632	0.018113312	1.97929714	2	0	2:0	2	cnLOH	4100636
9	103584946	103600104	NA	15159	158	2.28035005	158	10	27.0	mappable	0.58106316	2.0	NA	0.50240945499	0.1	0.091249508656	0.14401039	0.24401039	103584946	103590094	103599914	103600104	NA	missing	440954.8	35.12788	1.0486738	NA	NA	NA	NA	NA	NA	NA	NA	NA	NA	4100636
9	103600105	110969953	NA	7369849	110030	1.99741045	109742	4817	18673.0	mappable	0.58905	13.0	NA	0.5103962971	0.00019588639	0.003150491344	0.08766853	0.08786442	103600105	103600295	110969903	110970003	0.98335491	2	437360.1	34.529392	0.96783	21.88472	0.9909316	0.9818632	0.018113312	1.97929714	2	0	2:0	2	cnLOH	4100636
9	110969953	110979923	NA	9971	196	2.26014273	194	0	38.0	mappable	NA	NA	NA	0.3463462971	0.5	0.073749508656	0.15056247	0.65056247	110969903	110970003	110979811	110979923	NA	missing	437817.1	NA	1.0429	NA	NA	NA	NA	NA	NA	NA	NA	NA	NA	4100636
9	110979924	112090006	NA	1110083	17980	1.99741045	17922	1123	3009.0	mappable	0.58130732	13.0	NA	0.49935056539	0.00084674005	0.001650491344	0.0995905	0.10043724	110979924	110980036	112089969	112090006	0.98389849	2	437360.1	34.529392	0.96783	21.88472	0.9909316	0.9818632	0.018113312	1.97929714	2	0	2:0	2	cnLOH	4100636
9	112090007	112100011	NA	10005	164	2.37388722	163	29	27.0	mappable	0.53965543	NA	NA	0.46338325362	0.03333333333	0.106249508656	0.15050683	0.18384016	112090007	112090044	112099980	112100042	NA	missing	437492.0	33.455271	1.0754	NA	NA	NA	NA	NA	NA	NA	NA	NA	NA	4100636
9	112100011	138230007	NA	26129999	363797	1.99741045	362307	16424	63881.0	mappable	0.58905	13.0	NA	0.51322518936	5.582538e-05	0.003095179453	0.08117145	0.08122728	112099980	112100042	138229996	138230018	0.95921368	2	437360.1	34.529392	0.96783	21.88472	0.9909316	0.9818632	0.018113312	1.97929714	2	0	2:0	2	cnLOH	4100636
9	138230007	138239975	NA	9969	192	2.44598373	192	8	22.0	mappable	0.5714766	NA	NA	0.49282289284	0.125	0.126849508656	0.15056575	0.27556575	138229996	138230018	138239906	138240044	NA	missing	362130.0	28.440493	1.096	NA	NA	NA	NA	NA	NA	NA	NA	NA	NA	4100636
9	138239975	141019791	NA	2779817	38788	1.99741045	38434	1860	6751.0	mappable	0.60275	13.0	edge	0.5240962971	0.00045167118	0.003650491344	0.09342931	0.09388098	138239906	138240044	141019791	141019791	0.95969984	2	437360.1	34.529392	0.96783	21.88472	0.9909316	0.9818632	0.018113312	1.97929714	2	0	2:0	2	cnLOH	4100636
10	130013	7214679	NA	7084667	125340	2.00207398	124467	6603	22113.0	mappable	0.078725	10.0	edge	7.12971e-05	0.00013376137	0.000350491344	0.08788787	0.08802163	130013	130013	7214649	7214679	0.18548734	1	444822.1	23.060965	0.9691625	NA	NA	0.0	1.001036988	1.00103699	1	1	1:1	2	neutral	4100636
10	7214680	7220985	DEL	6306	97	1.4740808	95	0	21.0	mappable	NA	NA	NA	0.3275962971	0.5	0.150850491344	0.1584471	0.6584471	7214680	7214742	7220880	7220985	NA	missing	336669.1	NA	0.8183	NA	NA	NA	NA	NA	NA	NA	NA	NA	NA	4100636
10	7220986	7229985	DEL	9000	156	1.78071075	156	6	30.0	mappable	0.13474643	7.0	NA	0.05609272567	0.16666666667	0.068350491344	0.15225672	0.31892339	7220986	7221049	7229910	7230060	NA	missing	386903.3	20.633509	0.9059128	NA	NA	NA	NA	NA	NA	NA	NA	NA	NA	4100636
10	7229985	27500026	NA	20270047	311884	2.00207398	310795	14040	55179.0	mappable	0.0753	10.0	NA	0.00145933496	6.609822e-05	0.000665973703	0.0823966	0.0824627	7229910	7230060	27489955	27500026	0.14746262	1	444822.1	23.060965	0.9691625	NA	NA	0.0	1.001036988	1.00103699	1	1	1:1	2	neutral	4100636
10	27500027	27520062	NA	20036	189	1.71136931	189	0	46.0	mappable	NA	NA	NA	NA	inf	0.083050491344	0.13995501	inf	27500027	27510098	27519951	27520062	NA	missing	395167.5	NA	0.8861	NA	NA	NA	NA	NA	NA	NA	NA	NA	NA	4100636
10	27520063	29760019	NA	2239957	30975	2.00207398	30847	1551	5565.0	mappable	0.07692143	10.0	NA	7.12971e-05	0.00059559261	0.005750491344	0.09480902	0.09540461	27520063	27520174	29759998	29760040	0.14167533	1	444822.1	23.060965	0.9691625	NA	NA	0.0	1.001036988	1.00103699	1	1	1:1	2	neutral	4100636
10	29760019	29789875	NA	29857	175	1.62037371	175	0	28.0	mappable	NA	NA	NA	NA	inf	0.109050491344	0.13453716	inf	29759998	29760040	29769745	29789875	NA	missing	365982.0	NA	0.8601	NA	NA	NA	NA	NA	NA	NA	NA	NA	NA	4100636
10	29789876	39149984	NA	9360109	117373	2.00207398	116675	5620	21203.0	mappable	0.07647308	10.0	NA	0.0033537029	0.00015827794	4.9508656e-05	0.08636289	0.08652117	29789876	29810006	39149984	39149984	0.13320814	1	444822.1	23.060965	0.9691625	NA	NA	0.0	1.001036988	1.00103699	1	1	1:1	2	neutral	4100636
10	42410000	46159967	NA	3749970	43648	2.00207398	43492	2430	7436.0	mappable	0.0782	10.0	self	0.00033756436	0.0003866976	0.003904017279	0.0915816	0.0919683	42410000	42410000	46159967	46159967	0.11957263	1	444822.1	23.060965	0.9691625	NA	NA	0.0	1.001036988	1.00103699	1	1	1:1	2	neutral	4100636
10	48310177	48659961	NA	349785	5565	2.00207398	5547	304	926.0	mappable	0.0638	10.0	self	0.0148787029	0.00310559006	0.020350491344	0.10860057	0.11170616	48310177	48310177	48659961	48659961	0.13761632	1	444822.1	23.060965	0.9691625	NA	NA	0.0	1.001036988	1.00103699	1	1	1:1	2	neutral	4100636
10	49390096	73460069	NA	24069978	342307	2.00207398	341069	19377	57886.0	mappable	0.0753	10.0	NA	0.00199852299	4.850837e-05	0.001263278696	0.08156364	0.08161214	49390096	49390096	73459980	73460069	0.14795067	1	444822.1	23.060965	0.9691625	NA	NA	0.0	1.001036988	1.00103699	1	1	1:1	2	neutral	4100636
10	73460070	73479952	NA	19883	282	2.2174448	282	0	51.0	mappable	NA	NA	NA	NA	inf	0.061549508656	0.1400634	inf	73460070	73460159	73479901	73480003	NA	missing	351129.4	NA	1.0307	NA	NA	NA	NA	NA	NA	NA	NA	NA	NA	4100636
10	73479952	135439925	NA	61959977	869231	2.00207398	865889	41699	152030.0	mappable	0.078725	10.0	edge	0.00058843827	2.220249e-05	0.003478027407	0.07726532	0.07728753	73479901	73480003	135439925	135439925	0.13547283	1	444822.1	23.060965	0.9691625	NA	NA	0.0	1.001036988	1.00103699	1	1	1:1	2	neutral	4100636
11	190010	1310000	NA	1119991	15589	2.00207398	15431	804	2819.0	mappable	0.08828182	10.0	edge	0.0069212971	0.00104058273	0.001350491344	0.09952697	0.10056755	190010	190010	1309989	1310011	0.20267445	1	444822.1	23.060965	0.9691625	NA	NA	0.0	1.001036988	1.00103699	1	1	1:1	2	neutral	4100636
11	1310000	1320029	NA	10030	176	2.3742372	176	0	20.0	mappable	NA	NA	NA	NA	inf	0.106349508656	0.15046606	inf	1309989	1310011	1319945	1320029	NA	missing	322518.0	NA	1.0755	NA	NA	NA	NA	NA	NA	NA	NA	NA	NA	4100636
11	1320030	48899996	NA	47579973	679132	2.00207398	676352	31198	116553.0	mappable	0.0753	10.0	NA	0.00199802148	2.943081e-05	0.002621002673	0.07841953	0.07844896	1320030	1320114	48899996	48899996	0.16147801	1	444822.1	23.060965	0.9691625	NA	NA	0.0	1.001036988	1.00103699	1	1	1:1	2	neutral	4100636
11	48899997	50170092	NA	1270096	0	0.0	0	0	NA	mappable	NA	NA	NA	NA	inf	0.969150491344	0.09863632	inf	48899997	48899997	50170092	50170092	NA	missing	NA	NA	0.0	NA	NA	0.0	0.0	0.0	0	0	NA	0	homozygousDel	4100636
11	50170093	50609997	NA	439906	8115	2.00207398	8106	621	1132.0	mappable	0.07522857	10.0	NA	0.0034583571	0.00158730159	0.004987919007	0.10668467	0.10827197	50170093	50170093	50609988	50610006	0.06107501	1	444822.1	23.060965	0.9691625	NA	NA	0.0	1.001036988	1.00103699	1	1	1:1	2	neutral	4100636
11	50609997	50619979	NA	9983	277	1.78226922	277	24	41.0	mappable	0.08866136	5.0	NA	0.01000766073	0.04166666667	0.083650491344	0.15054281	0.19220947	50609988	50610006	50619932	50619979	NA	missing	460184.8	23.771506	0.9063581	NA	NA	NA	NA	NA	NA	NA	NA	NA	NA	4100636
11	51469987	51579984	NA	109998	1141	2.16402198	1110	0	179.0	mappable	NA	3.0	NA	0.01481180342	0.03225806452	0.040649508656	0.11942353	0.1516816	51469987	51570000	51579984	51579984	NA	missing	441525.4	NA	1.0154356	NA	NA	NA	NA	NA	NA	NA	NA	NA	NA	4100636
11	54792817	81169987	NA	26377174	342167	2.00207398	340745	12750	59822.0	mappable	0.078725	10.0	NA	0.00121486289	7.056665e-05	0.000250919955	0.08112673	0.0811973	54792817	54792817	81169957	81170017	0.16216779	1	444822.1	23.060965	0.9691625	NA	NA	0.0	1.001036988	1.00103699	1	1	1:1	2	neutral	4100636
11	81169987	81189991	NA	20005	405	1.75091739	405	0	65.0	mappable	NA	NA	NA	NA	inf	0.071750491344	0.13997689	inf	81169957	81170017	81189959	81190023	NA	missing	441774.9	NA	0.8974	NA	NA	NA	NA	NA	NA	NA	NA	NA	NA	4100636
11	81189991	89349940	NA	8159950	113187	2.00207398	112815	5102	19277.0	mappable	0.07704167	10.0	NA	7.12971e-05	0.00018268177	0.007049508656	0.08710752	0.08729021	81189959	81190023	89349940	89349940	0.14964983	1	444822.1	23.060965	0.9691625	NA	NA	0.0	1.001036988	1.00103699	1	1	1:1	2	neutral	4100636
11	89850037	102719970	NA	12869937	191147	2.00207398	190489	9628	32278.0	mappable	0.0753	10.0	NA	0.00360411148	9.721952e-05	0.000490746749	0.08468296	0.08478018	89850037	89850037	102719866	102719970	0.14494602	1	444822.1	23.060965	0.9691625	NA	NA	0.0	1.001036988	1.00103699	1	1	1:1	2	neutral	4100636
11	102719971	102729968	NA	9998	171	2.24999322	171	0	25.0	mappable	NA	NA	NA	NA	inf	0.070849508656	0.15051827	inf	102719971	102720075	102729929	102730007	NA	missing	495191.1	NA	1.04	NA	NA	NA	NA	NA	NA	NA	NA	NA	NA	4100636
11	102729968	134939862	NA	32209899	473550	2.00207398	471853	23015	81786.0	mappable	0.078725	10.0	edge	0.00010527989	4.046617e-05	0.001488076815	0.08018924	0.08022971	102729929	102730007	134939862	134939862	0.15299908	1	444822.1	23.060965	0.9691625	NA	NA	0.0	1.001036988	1.00103699	1	1	1:1	2	neutral	4100636
12	160107	700060	NA	539954	8727	2.00207398	8569	506	1586.0	mappable	0.0754	10.0	edge	0.0034962971	0.0015060241	0.006649508656	0.10502835	0.10653438	160107	160107	699991	700129	0.14868588	1	444822.1	23.060965	0.9691625	NA	NA	0.0	1.001036988	1.00103699	1	1	1:1	2	neutral	4100636
12	700060	749957	NA	49898	534	1.78226922	530	62	92.0	mappable	0.075325	5.0	NA	0.0022537029	0.01515151515	0.071650491344	0.12815014	0.14330165	699991	700129	749891	750023	0.01822727	1	460184.8	23.771506	0.9063581	NA	NA	0.0	0.891134611	0.89113461	1	1	1:1	2	neutral	4100636
12	749957	860084	NA	110128	1240	2.16402198	1220	53	245.0	mappable	0.09036786	3.0	NA	0.02818915424	0.01369863014	0.049149508656	0.11941138	0.13311001	749891	750023	859996	860172	0.24593398	1	441525.4	23.134171	1.0154356	NA	NA	0.0	1.082010992	1.08201099	1	1	1:1	2	neutral	4100636
12	860084	875009	NA	14926	147	1.78226922	147	11	25.0	mappable	0.06082222	5.0	NA	0.01783148068	0.09090909091	0.086850491344	0.14424249	0.23515158	859996	860172	869975	875009	NA	missing	460184.8	23.771506	0.9063581	NA	NA	NA	NA	NA	NA	NA	NA	NA	NA	4100636
12	875010	7950013	NA	7075004	100908	2.00207398	100454	4855	17715.0	mappable	0.08215	10.0	self	0.0034962971	0.00018835939	4.9508656e-05	0.08789548	0.08808384	875010	880044	7879983	8020043	0.15053593	1	444822.1	23.060965	0.9691625	NA	NA	0.0	1.001036988	1.00103699	1	1	1:1	2	neutral	4100636
12	7950013	8045019	NA	95007	186	2.43583422	181	20	36.0	mappable	0.09731159	NA	identical	0.03748417588	0.04	0.123949508656	0.12095009	0.16095009	7879983	8020043	8029959	8060079	NA	missing	359836.0	19.482066	1.0931	NA	NA	NA	NA	NA	NA	NA	NA	NA	NA	4100636
12	8045019	34819969	NA	26774952	366907	2.00207398	365499	19289	62919.0	mappable	0.0753	10.0	self	0.00338220289	4.831618e-05	0.002659819443	0.08105573	0.08110405	8029959	8060079	34819969	34819969	0.14059011	1	444822.1	23.060965	0.9691625	NA	NA	0.0	1.001036988	1.00103699	1	1	1:1	2	neutral	4100636
12	38000003	133079932	NA	95079940	1296736	2.00207398	1291927	59592	226054.0	mappable	0.078725	10.0	NA	0.00047312537	1.552795e-05	0.001155205729	0.07546419	0.07547971	38000003	38000003	133079602	133079932	0.13960901	1	444822.1	23.060965	0.9691625	NA	NA	0.0	1.001036988	1.00103699	1	1	1:1	2	neutral	4100636
12	133079933	133090060	DEL	10128	138	1.15909605	138	0	26.0	mappable	NA	NA	NA	NA	inf	0.240850491344	0.15030743	inf	133079933	133079967	133090054	133090060	NA	missing	228243.3	NA	0.7283	NA	NA	NA	NA	NA	NA	NA	NA	NA	NA	4100636
12	133090061	133819926	DEL	729866	7284	2.00207398	7204	593	1251.0	mappable	0.0753	10.0	edge	0.0033537029	0.0014858841	0.000950491344	0.10268378	0.10416967	133090061	133090072	133819926	133819926	0.19505392	1	444822.1	23.060965	0.9691625	NA	NA	0.0	1.001036988	1.00103699	1	1	1:1	2	neutral	4100636
13	19450038	61930007	NA	42479978	577175	2.00207398	575091	29131	100222.0	mappable	0.0753	10.0	edge	0.00169600938	3.203691e-05	0.000923924734	0.07892573	0.07895776	19450038	19450038	61929981	61930007	0.1579322	1	444822.1	23.060965	0.9691625	NA	NA	0.0	1.001036988	1.00103699	1	1	1:1	2	neutral	4100636
13	61930008	61960025	NA	30018	446	1.78241586	446	0	88.0	mappable	NA	NA	NA	NA	inf	0.062750491344	0.13446698	inf	61930008	61930034	61959926	61960025	NA	missing	476233.8	NA	0.9064	NA	NA	NA	NA	NA	NA	NA	NA	NA	NA	4100636
13	61960026	115099984	NA	53139964	791189	2.00207398	788069	41686	135170.0	mappable	0.0753	10.0	edge	0.00108513058	2.231894e-05	0.001944307992	0.07793232	0.07795464	61960026	61960125	115099984	115099984	0.1451945	1	444822.1	23.060965	0.9691625	NA	NA	0.0	1.001036988	1.00103699	1	1	1:1	2	neutral	4100636
14	20330060	20350043	NA	19984	449	2.19189603	448	10	76.0	mappable	0.01813182	NA	edge	0.05294233927	0.09090909091	0.054249508656	0.13999173	0.23090083	20330060	20330060	20349978	20350043	NA	missing	504636.9	25.231843	1.0234	NA	NA	NA	NA	NA	NA	NA	NA	NA	NA	4100636
14	20350044	22540049	NA	2190006	31785	2.00207398	31629	2243	5449.0	mappable	0.078725	10.0	self	0.0034962971	0.00041684035	0.001450491344	0.09495547	0.09537231	20350044	20350109	22539981	22540049	0.13741148	1	444822.1	23.060965	0.9691625	NA	NA	0.0	1.001036988	1.00103699	1	1	1:1	2	neutral	4100636
14	22540050	22959965	NA	419916	6927	1.56752627	6876	699	967.0	mappable	0.092425	NA	identical	0.0137712971	0.00133333333	0.124150491344	0.10706786	0.1084012	22540050	22540118	22959908	22959965	0.15255072	1	344842.3	18.025846	0.845	NA	NA	0.0	0.783763136	0.78376314	1	1	1:1	2	neutral	4100636
14	22959966	50040155	NA	27080192	370408	2.00207398	369082	18913	63495.0	mappable	0.0753	10.0	self	0.00182459173	4.940956e-05	0.000246847536	0.08100205	0.08105145	22959966	22960023	50039988	50040322	0.13763523	1	444822.1	23.060965	0.9691625	NA	NA	0.0	1.001036988	1.00103699	1	1	1:1	2	neutral	4100636
14	50040155	50059977	NA	19823	294	2.16402198	290	15	57.0	mappable	0.06725	3.0	NA	0.0191037029	0.05263157895	0.051449508656	0.14010618	0.19273776	50039988	50040322	50059933	50059977	NA	missing	441525.4	23.134171	1.0154356	NA	NA	NA	NA	NA	NA	NA	NA	NA	NA	4100636
14	50059978	50070044	NA	10067	144	1.78226922	129	0	33.0	mappable	NA	5.0	NA	0.0169787029	0.06666666667	0.081550491344	0.15040595	0.21707262	50059978	50060022	50069980	50070108	NA	missing	460184.8	NA	0.9063581	NA	NA	NA	NA	NA	NA	NA	NA	NA	NA	4100636
14	50070044	106327032	NA	56256990	799386	2.00207398	796537	35516	139734.0	mappable	0.078725	10.0	NA	0.00070211041	2.606746e-05	0.001558645227	0.07768339	0.07770946	50069980	50070108	106327031	106327032	0.16072588	1	444822.1	23.060965	0.9691625	NA	NA	0.0	1.001036988	1.00103699	1	1	1:1	2	neutral	4100636
14	106327033	106327072	CTX	40	6	2.08410125	6	0	1.0	mappable	NA	NA	NA	NA	inf	0.023449508656	0.37580365	inf	106327033	106327036	106327071	106327072	NA	missing	320402.9	NA	0.9926	NA	NA	NA	NA	NA	NA	NA	NA	NA	NA	4100636
14	106327073	106329990	CTX	2918	676	2.08410125	676	2	114.0	mappable	0.23535253	NA	NA	0.15669882937	0.5	0.023449508656	0.17375041	0.67375041	106327073	106327074	106329980	106330000	NA	missing	320402.9	19.790527	0.9926	NA	NA	NA	NA	NA	NA	NA	NA	NA	NA	4100636
14	106329990	106804973	NA	474984	3460	1.00783128	3379	234	531.0	mappable	0.44875985	8.0	NA	0.39820387285	0.00317460317	0.268550491344	0.10605849	0.10923309	106329980	106330000	106779888	106804973	0.94354355	2	264864.5	18.714976	0.6850794	18.72336	0.9914766	0.9829533	0.008590109	0.99924117	1	0	1:0	1	LOH	4100636
14	106804974	107259908	NA	454935	7012	2.02460414	6826	236	1142.0	mappable	0.0754	NA	edge	0.07137963043	0.00236966825	0.006449508656	0.10640958	0.10877924	106804974	106830059	107259908	107259908	0.50926013	2	472373.7	26.992783	0.9756	23.44849	0.6204622	0.2409243	0.768413879	1.25619026	1	1	1:1	2	mixDH	4100636
15	20850000	20859924	NA	9925	165	2.31528396	116	0	21.0	mappable	NA	6.0	edge	0.27490477052	0.02040816327	0.047149508656	0.15063813	0.17104629	20850000	20850000	20859924	20859924	NA	missing	1654601.0	NA	1.0586554	NA	NA	NA	NA	NA	NA	NA	NA	NA	NA	4100636
15	22480079	23069956	NA	589878	4038	2.00207398	3997	207	716.0	mappable	0.082575	10.0	self	7.12971e-05	0.00403225806	0.003849508656	0.10432937	0.10836163	22480079	22480079	23069956	23069956	0.16545844	1	444822.1	23.060965	0.9691625	NA	NA	0.0	1.001036988	1.00103699	1	1	1:1	2	neutral	4100636
15	23710146	24329926	NA	619781	10366	2.00207398	10331	294	1777.0	mappable	0.06618704	10.0	NA	0.0102037029	0.00303951368	0.008750491344	0.10394255	0.10698206	23710146	23710146	24329926	24329926	0.11920274	1	444822.1	23.060965	0.9691625	NA	NA	0.0	1.001036988	1.00103699	1	1	1:1	2	neutral	4100636
15	24329927	24830091	NA	500165	0	0.0	0	0	NA	mappable	NA	NA	NA	NA	inf	0.969150491344	0.10564099	inf	24329927	24329927	24830091	24830091	NA	missing	NA	NA	0.0	NA	NA	0.0	0.0	0.0	0	0	NA	0	homozygousDel	4100636
15	24830092	28529988	NA	3699897	57407	2.00207398	57145	3177	9797.0	mappable	0.07799412	10.0	NA	7.12971e-05	0.0002907822	0.007150491344	0.091663	0.09195379	24830092	24830092	28529988	28529988	0.16773415	1	444822.1	23.060965	0.9691625	NA	NA	0.0	1.001036988	1.00103699	1	1	1:1	2	neutral	4100636
15	29100034	30369914	NA	1269881	18293	2.00207398	18240	783	3204.0	mappable	0.07530068	10.0	self	0.0033537029	0.00119617225	0.005650491344	0.09863751	0.09983368	29100034	29100034	30369914	30369914	0.14436186	1	444822.1	23.060965	0.9691625	NA	NA	0.0	1.001036988	1.00103699	1	1	1:1	2	neutral	4100636
15	31160110	82479795	NA	51319693	690487	2.00207398	688271	28411	121858.0	mappable	0.078725	10.0	self	4.700123e-05	3.265093e-05	0.000977545245	0.07808532	0.07811797	31160110	31160110	82479795	82479795	0.14626742	1	444822.1	23.060965	0.9691625	NA	NA	0.0	1.001036988	1.00103699	1	1	1:1	2	neutral	4100636
15	83211507	102399920	NA	19188415	296059	2.00207398	295037	14949	51277.0	mappable	0.078725	10.0	edge	5.65595e-05	6.261349e-05	0.002492598154	0.08266604	0.08272865	83211507	83211507	102399920	102399920	0.15378193	1	444822.1	23.060965	0.9691625	NA	NA	0.0	1.001036988	1.00103699	1	1	1:1	2	neutral	4100636
16	100010	3459999	NA	3359993	50563	2.00207398	50135	1954	8959.0	mappable	0.089	10.0	edge	0.01240399972	0.00041981528	0.000133038114	0.09225081	0.09267062	100010	100010	3459958	3459999	0.1660858	1	444822.1	23.060965	0.9691625	NA	NA	0.0	1.001036988	1.00103699	1	1	1:1	2	neutral	4100636
16	3460000	3817178	DEL	357179	5913	1.00783128	5901	287	1077.0	mappable	0.407525	8.0	identical	0.3357212971	0.00334448161	0.278950491344	0.1084229	0.11176738	3460000	3460222	3817048	3817178	0.94349631	2	264864.5	18.714976	0.6850794	18.72336	0.9914766	0.9829533	0.008590109	0.99924117	1	0	1:0	1	LOH	4100636
16	3817179	16289940	DEL	12472764	241840	2.00207398	240956	11544	42549.0	mappable	0.078725	10.0	self	0.00010276157	8.046347e-05	0.000333330191	0.08484543	0.08492589	3817179	3817274	16289940	16289940	0.14722297	1	444822.1	23.060965	0.9691625	NA	NA	0.0	1.001036988	1.00103699	1	1	1:1	2	neutral	4100636
16	16870104	18169896	NA	1299793	20483	2.00207398	20405	977	3539.0	mappable	0.08526731	10.0	self	0.00390463043	0.0009478673	0.010050491344	0.09847438	0.09942225	16870104	16870104	18169896	18169896	0.13783565	1	444822.1	23.060965	0.9691625	NA	NA	0.0	1.001036988	1.00103699	1	1	1:1	2	neutral	4100636
16	18800044	29039945	NA	10239902	125155	2.00207398	124568	4776	22839.0	mappable	0.076225	10.0	self	7.12971e-05	0.0001864628	0.001349508656	0.08588225	0.08606871	18800044	18800044	29039945	29039945	0.16405285	1	444822.1	23.060965	0.9691625	NA	NA	0.0	1.001036988	1.00103699	1	1	1:1	2	neutral	4100636
16	29670028	31959970	NA	2289943	17555	2.00207398	17498	483	3235.0	mappable	0.08782237	10.0	self	0.0069212971	0.00185185185	0.005149508656	0.09466613	0.09651798	29670028	29670028	31959970	31959970	0.20043904	1	444822.1	23.060965	0.9691625	NA	NA	0.0	1.001036988	1.00103699	1	1	1:1	2	neutral	4100636
16	32520030	32649899	NA	129870	3149	2.00207398	2840	0	318.0	mappable	NA	10.0	self	0.01177843995	0.00323624595	0.006750491344	0.11773911	0.12097536	32520030	32520030	32649899	32649899	NA	missing	444822.1	NA	0.9691625	NA	NA	NA	NA	NA	NA	NA	NA	NA	NA	4100636
16	33590105	35279959	NA	1689856	15436	2.00207398	15352	103	2498.0	mappable	0.06735192	10.0	self	0.0048563921	0.00534759358	0.013718073619	0.09667221	0.1020198	33590105	33590105	35279959	35279959	0.26898184	1	444822.1	23.060965	0.9691625	NA	NA	0.0	1.001036988	1.00103699	1	1	1:1	2	neutral	4100636
16	46450014	89020021	NA	42570021	685821	2.00207398	683354	32319	119968.0	mappable	0.078725	10.0	self	0.00111699281	2.874802e-05	0.00264453877	0.07891621	0.07894496	46450014	46450014	89019941	89020021	0.15697723	1	444822.1	23.060965	0.9691625	NA	NA	0.0	1.001036988	1.00103699	1	1	1:1	2	neutral	4100636
16	89020022	89079942	NA	59921	1258	1.78071075	1212	71	257.0	mappable	0.16254318	7.0	identical	0.0993962971	0.00854700855	0.076250491344	0.1260178	0.13456481	89020022	89020102	89079882	89080002	0.30436547	1	386903.3	20.633509	0.9059128	NA	NA	0.0	0.890355373	0.89035537	1	1	1:1	2	neutral	4100636
16	89079942	90109969	NA	1030028	16404	2.00207398	16284	703	3040.0	mappable	0.09754773	10.0	edge	0.0171962971	0.00121506683	0.006950491344	0.10012891	0.10134397	89079882	89080002	90109969	90109969	0.18806897	1	444822.1	23.060965	0.9691625	NA	NA	0.0	1.001036988	1.00103699	1	1	1:1	2	neutral	4100636
17	20080	1380018	NA	1359939	14502	2.00207398	14318	848	2855.0	mappable	0.089	10.0	edge	0.0103462971	0.00096899225	0.005249508656	0.09815898	0.09912797	20080	20080	1379951	1380018	0.23366512	1	444822.1	23.060965	0.9691625	NA	NA	0.0	1.001036988	1.00103699	1	1	1:1	2	neutral	4100636
17	1380019	8234902	NA	6854888	82948	1.00783128	82587	4319	14709.0	mappable	0.441775	8.0	identical	0.35493309909	0.00021367521	0.281078962193	0.08807197	0.08828564	1380019	1380086	8229750	8240054	0.90549178	2	264864.5	18.714976	0.6850794	18.72336	0.9914766	0.9829533	0.008590109	0.99924117	1	0	1:0	1	LOH	4100636
17	8234902	9517205	NA	1282304	16761	2.00207398	16694	524	3133.0	mappable	0.0753	10.0	self	0.0034962971	0.00169204738	0.001849508656	0.09856923	0.10026128	8229750	8240054	9517186	9517205	0.20378324	1	444822.1	23.060965	0.9691625	NA	NA	0.0	1.001036988	1.00103699	1	1	1:1	2	neutral	4100636
17	9517206	9595502	DUP	78297	664	2.91706092	661	21	111.0	mappable	0.11044786	NA	identical	0.04414816464	0.04166666667	0.261449508656	0.12302643	0.1646931	9517206	9517206	9595471	9595502	NA	missing	517868.8	32.058543	1.2306	NA	NA	NA	NA	NA	NA	NA	NA	NA	NA	4100636
17	9595503	18239982	DUP	8644480	117980	2.00207398	117566	5544	20592.0	mappable	0.08185833	10.0	self	0.00297139843	0.00016784156	0.006113892768	0.08679294	0.08696079	9595503	9595674	18239982	18239982	0.1686796	1	444822.1	23.060965	0.9691625	NA	NA	0.0	1.001036988	1.00103699	1	1	1:1	2	neutral	4100636
17	18750212	22239986	NA	3489775	25850	2.00207398	25222	741	4734.0	mappable	0.08168636	10.0	self	0.0112962971	0.00073046019	0.008549508656	0.09201874	0.0927492	18750212	18750212	22239986	22239986	0.14231515	1	444822.1	23.060965	0.9691625	NA	NA	0.0	1.001036988	1.00103699	1	1	1:1	2	neutral	4100636
17	25390040	30781926	NA	5391887	52233	2.00207398	52023	2126	9399.0	mappable	0.08032845	10.0	NA	0.00018201138	0.00042808219	0.003449508656	0.089436	0.08986409	25390040	25390040	30781896	30781926	0.16805704	1	444822.1	23.060965	0.9691625	NA	NA	0.0	1.001036988	1.00103699	1	1	1:1	2	neutral	4100636
17	30781927	30782162	CTX	236	2	2.19504588	2	0	0.0	mappable	NA	NA	NA	NA	inf	0.055149508656	0.25372201	inf	30781927	30781966	30782055	30782162	NA	missing	455438.0	NA	1.0243	NA	NA	NA	NA	NA	NA	NA	NA	NA	NA	4100636
17	30782163	44279982	CTX	13497820	158688	2.00207398	158122	6321	28406.0	mappable	0.078725	10.0	NA	7.12971e-05	0.00014522219	4.9508656e-05	0.08443727	0.08458249	30782163	30782268	44279982	44279982	0.15228422	1	444822.1	23.060965	0.9691625	NA	NA	0.0	1.001036988	1.00103699	1	1	1:1	2	neutral	4100636
17	44790026	45728510	NA	938485	8029	2.00207398	7976	559	1322.0	mappable	0.08587609	10.0	self	0.00722238405	0.00163398693	0.004849508656	0.10080658	0.10244057	44790026	44790026	45728444	45728510	0.16569685	1	444822.1	23.060965	0.9691625	NA	NA	0.0	1.001036988	1.00103699	1	1	1:1	2	neutral	4100636
17	45728511	50849992	DUP	5121482	65496	3.98028387	65197	3013	11863.0	mappable	0.37012988	NA	NA	0.29229725274	0.00030193237	0.565242193706	0.08973386	0.0900358	45728511	45728608	50849971	50849992	0.944002	2	650284.1	44.493122	1.5343927	20.52426	0.7485329	0.4970659	1.000910341	2.97937353	3	1	3:1	4	gain	4100636
17	50849993	50859990	NA	9998	159	4.57668054	159	0	28.0	mappable	NA	NA	NA	NA	inf	0.735649508656	0.15051827	inf	50849993	50850014	50859961	50860019	NA	missing	818593.8	NA	1.7048	NA	NA	NA	NA	NA	NA	NA	NA	NA	NA	4100636
17	50859990	59109999	NA	8250010	102139	3.97960946	101811	4153	18016.0	mappable	0.36985	NA	NA	0.2911962971	0.00022316447	0.565049508656	0.08704749	0.08727065	50859961	50860019	59109987	59110011	0.94533599	2	704576.7	48.03932	1.5342	22.24064	0.745316	0.490632	1.013542917	2.96606654	3	1	3:1	4	gain	4100636
17	59109999	59129989	NA	19991	238	2.84496441	238	0	34.0	mappable	NA	NA	NA	NA	inf	0.240849508656	0.13998678	inf	59109987	59110011	59129884	59130094	NA	missing	462677.4	NA	1.21	NA	NA	NA	NA	NA	NA	NA	NA	NA	NA	4100636
17	59129989	73764956	NA	14634968	190990	3.97750956	190227	8496	33811.0	mappable	0.36829474	NA	NA	0.2877712971	0.00010800302	0.564449508656	0.08402332	0.08413132	59129884	59130094	73759841	73764956	0.94666132	2	664365.6	45.297651	1.5336	20.97954	0.7453495	0.490699	1.012874767	2.96463479	3	1	3:1	4	gain	4100636
17	73764957	73775875	NA	10919	108	2.92091073	108	0	16.0	mappable	NA	NA	NA	NA	inf	0.262549508656	0.14909181	inf	73764957	73770072	73775830	73775875	NA	missing	521336.0	NA	1.2317	NA	NA	NA	NA	NA	NA	NA	NA	NA	NA	4100636
17	73775876	79679966	DUP	5904093	88191	2.00207398	87758	4070	15587.0	mappable	0.08215	10.0	NA	0.00359199996	0.00022207417	0.007655495256	0.08891543	0.0891375	73775876	73775939	79679848	79679966	0.15772323	1	444822.1	23.060965	0.9691625	NA	NA	0.0	1.001036988	1.00103699	1	1	1:1	2	neutral	4100636
17	79730033	81129884	NA	1399852	20681	2.00207398	20503	932	3834.0	mappable	0.085575	10.0	edge	0.0034962971	0.0009009009	0.001249508656	0.09795834	0.09885924	79730033	79760090	81129884	81129884	0.20011125	1	444822.1	23.060965	0.9691625	NA	NA	0.0	1.001036988	1.00103699	1	1	1:1	2	neutral	4100636
18	130031	1900006	NA	1769976	25596	2.98583573	25503	1449	4495.0	mappable	0.23484444	9.0	edge	0.15241574154	0.00064850843	0.281349508656	0.09636094	0.09700945	130031	130031	1899993	1900006	0.76293222	2	578322.8	35.329208	1.2502509	22.40135	0.6625076	0.3250152	1.007696798	1.97813894	2	1	2:1	3	gain	4100636
18	1900007	2007330	NA	107324	2000	2.30565207	1991	81	230.0	mappable	0.24387635	4.0	NA	0.16593708657	0.01111111111	0.083849508656	0.11967726	0.13078837	1900007	1900020	2007330	2007330	0.89335107	2	351357.3	21.959833	1.0559033	16.11483	0.7003491	0.4006982	0.690890715	1.61476136	sub	sub	sub:sub	sub	sub	4100636
18	2007331	14119956	NA	12112628	185110	2.98583573	184586	9409	32085.0	mappable	0.227425	9.0	NA	0.14880888436	0.00010067452	0.277650629611	0.08499784	0.08509852	2007331	2007331	14119956	14119956	0.78114125	2	578322.8	35.329208	1.2502509	22.40135	0.6625076	0.3250152	1.007696798	1.97813894	2	1	2:1	3	gain	4100636
18	14119957	14910026	NA	790070	0	0.0	0	0	NA	mappable	NA	NA	NA	NA	inf	0.969150491344	0.10208446	inf	14119957	14119957	14910026	14910026	NA	missing	NA	NA	0.0	NA	NA	0.0	0.0	0.0	0	0	NA	0	homozygousDel	4100636
18	14910027	14929888	NA	19862	364	2.98583573	362	1	58.0	mappable	0.28205128	9.0	NA	0.15446104069	0.33333333333	0.297949508656	0.14007836	0.47341169	14910027	14910027	14929888	14929888	NA	missing	578322.8	35.329208	1.2502509	NA	NA	NA	NA	NA	NA	NA	NA	NA	NA	4100636
18	18540053	31120061	NA	12580010	172645	2.98583573	172122	6541	30219.0	mappable	0.21831452	9.0	NA	0.14152610819	0.00014156285	0.280704678513	0.08480099	0.08494255	18540053	18540053	31119998	31120061	0.78896998	2	578322.8	35.329208	1.2502509	22.40135	0.6625076	0.3250152	1.007696798	1.97813894	2	1	2:1	3	gain	4100636
18	31120062	31149965	NA	29904	421	3.30029236	421	0	69.0	mappable	NA	NA	NA	NA	inf	0.370949508656	0.13451662	inf	31120062	31120125	31149908	31150022	NA	missing	669149.6	NA	1.3401	NA	NA	NA	NA	NA	NA	NA	NA	NA	NA	4100636
18	31149965	78009968	NA	46860008	706556	2.98583573	703976	32566	121701.0	mappable	0.226	9.0	edge	0.14607673868	2.845274e-05	0.278936344378	0.07848723	0.07851568	31149908	31150022	78009968	78009968	0.7922198	2	578322.8	35.329208	1.2502509	22.40135	0.6625076	0.3250152	1.007696798	1.97813894	2	1	2:1	3	gain	4100636
19	260137	4037617	NA	3777481	47890	2.00207398	47568	2278	8537.0	mappable	0.089	10.0	edge	0.0103462971	0.00038461538	0.001450491344	0.0915374	0.09192201	260137	260137	4037525	4037617	0.20937164	1	444822.1	23.060965	0.9691625	NA	NA	0.0	1.001036988	1.00103699	1	1	1:1	2	neutral	4100636
19	4037618	4066031	DEL	28414	354	1.21054356	352	3	74.0	mappable	0.69705735	NA	identical	0.61858012063	0.2	0.226150491344	0.13518707	0.33518707	4037618	4037620	4065214	4066031	NA	missing	209802.7	17.667597	0.743	NA	NA	NA	NA	NA	NA	NA	NA	NA	NA	4100636
19	4066032	10952342	DEL	6886314	76522	2.00207398	76113	4032	14105.0	mappable	0.08190357	10.0	self	0.00152192716	0.00022517451	4.035831e-05	0.08804638	0.08827156	4066032	4066346	10949937	10952342	0.18037417	1	444822.1	23.060965	0.9691625	NA	NA	0.0	1.001036988	1.00103699	1	1	1:1	2	neutral	4100636
19	10952343	11175296	DEL	222954	2633	1.04920137	2620	145	439.0	mappable	0.35604483	NA	NA	0.2983212971	0.00632911392	0.272250491344	0.11257213	0.11890125	10952343	10960018	11175232	11175296	0.93081165	2	241369.7	16.790939	0.6969	16.7731	0.9548239	0.9096479	0.047398797	1.00180258	1	0	1:0	1	LOH	4100636
19	11175297	11439884	DEL	264588	2332	2.04350322	2317	115	441.0	mappable	0.13429118	NA	NA	0.0517712971	0.00769230769	0.011849508656	0.11102853	0.11872084	11175297	11175344	11439759	11440009	0.21260216	1	341603.2	18.632903	0.981	NA	NA	0.0	1.02175161	1.02175161	1	1	1:1	2	neutral	4100636
19	11439884	11469985	NA	30102	286	1.70331969	284	0	52.0	mappable	NA	NA	NA	0.15944153519	0.5	0.085350491344	0.13443054	0.63443054	11439759	11440009	11469959	11469985	NA	missing	310508.4	NA	0.8838	NA	NA	NA	NA	NA	NA	NA	NA	NA	NA	4100636
19	11469986	24569972	NA	13099989	127385	2.00207398	126421	6305	22981.0	mappable	0.078725	10.0	self	0.00180981635	0.0001375705	0.002344869803	0.08459141	0.08472898	11469986	11470012	24569972	24569972	0.17908581	1	444822.1	23.060965	0.9691625	NA	NA	0.0	1.001036988	1.00103699	1	1	1:1	2	neutral	4100636
19	27750002	34879923	NA	7129922	109384	2.00207398	108929	4540	19414.0	mappable	0.0747	10.0	self	0.00130019163	0.0002002002	0.007626036213	0.08785241	0.08805261	27750002	27750002	34879847	34879923	0.1410857	1	444822.1	23.060965	0.9691625	NA	NA	0.0	1.001036988	1.00103699	1	1	1:1	2	neutral	4100636
19	34879924	34951243	NA	71320	916	1.00783128	912	10	181.0	mappable	0.4826	8.0	identical	0.4023462971	0.07142857143	0.242150491344	0.12405394	0.19548251	34879924	34880000	34951219	34951243	NA	missing	264864.5	18.714976	0.6850794	NA	NA	NA	NA	NA	NA	NA	NA	NA	NA	4100636
19	34951244	43209995	CTX	8258752	87493	2.00207398	87112	3761	16102.0	mappable	0.08251389	10.0	NA	0.0043837971	0.00024142926	0.000349508656	0.0870417	0.08728313	34951244	34951264	43209995	43209995	0.16259774	1	444822.1	23.060965	0.9691625	NA	NA	0.0	1.001036988	1.00103699	1	1	1:1	2	neutral	4100636
19	43209996	43800005	NA	590010	0	0.0	0	0	NA	mappable	NA	NA	NA	NA	inf	0.969150491344	0.10432761	inf	43209996	43209996	43800005	43800005	NA	missing	NA	NA	0.0	NA	NA	0.0	0.0	0.0	0	0	NA	0	homozygousDel	4100636
19	43800006	59089999	NA	15289994	162719	2.00207398	161930	7887	29306.0	mappable	0.078725	10.0	edge	0.00060642881	0.00011526049	0.001822462042	0.08380093	0.08391619	43800006	43800006	59089999	59089999	0.18221098	1	444822.1	23.060965	0.9691625	NA	NA	0.0	1.001036988	1.00103699	1	1	1:1	2	neutral	4100636
20	60479	4837858	NA	4777380	73473	2.00207398	73180	4101	12834.0	mappable	0.0753	10.0	edge	0.0033537029	0.00022758307	0.001050491344	0.09013967	0.09036726	60479	60479	4837827	4837858	0.15090908	1	444822.1	23.060965	0.9691625	NA	NA	0.0	1.001036988	1.00103699	1	1	1:1	2	neutral	4100636
20	4837859	4949437	DEL	111579	1836	1.03100225	1836	5	364.0	mappable	0.63716645	NA	identical	0.55851275137	0.2	0.277450491344	0.1192769	0.3192769	4837859	4837888	4949419	4949437	NA	missing	293730.0	15.19293	0.6917	NA	NA	NA	NA	NA	NA	NA	NA	NA	NA	4100636
20	4949438	15080001	DEL	10130567	158816	2.00207398	158330	7814	27165.0	mappable	0.07343269	10.0	NA	0.00345249142	0.00012048193	0.004532366596	0.0859394	0.08605989	4949438	4949499	15079965	15080037	0.11928628	1	444822.1	23.060965	0.9691625	NA	NA	0.0	1.001036988	1.00103699	1	1	1:1	2	neutral	4100636
20	15080001	15089961	NA	9961	146	1.54057758	146	0	36.0	mappable	NA	NA	NA	NA	inf	0.131850491344	0.15057888	inf	15079965	15080037	15089911	15090011	NA	missing	439191.0	NA	0.8373	NA	NA	NA	NA	NA	NA	NA	NA	NA	NA	4100636
20	15089961	15109968	NA	20008	299	2.32947507	299	1	59.0	mappable	0.05	11.0	NA	0.0286537029	1.0	0.085949508656	0.13997477	1.13997477	15089911	15090011	15109858	15109968	NA	missing	444438.0	22.266345	1.0627102	NA	NA	NA	NA	NA	NA	NA	NA	NA	NA	4100636
20	15109969	25729738	NA	10619772	165987	2.00207398	165474	7949	28627.0	mappable	0.0753	10.0	self	0.00324913627	0.00011817537	0.008176246975	0.08568889	0.08580706	15109969	15110079	25729738	25729738	0.12733876	1	444822.1	23.060965	0.9691625	NA	NA	0.0	1.001036988	1.00103699	1	1	1:1	2	neutral	4100636
20	29810057	62909989	NA	33099934	497983	2.00207398	495920	19396	88458.0	mappable	0.078725	10.0	edge	0.00186801358	4.660267e-05	0.00192651422	0.08006301	0.08010961	29810057	29810057	62909989	62909989	0.15761606	1	444822.1	23.060965	0.9691625	NA	NA	0.0	1.001036988	1.00103699	1	1	1:1	2	neutral	4100636
21	10720001	11179964	NA	459965	5133	2.31528396	4660	0	824.0	mappable	NA	6.0	edge	0.28028859205	0.0021141649	0.093655022001	0.10631984	0.108434	10720001	10720001	11179964	11179964	NA	missing	1654601.0	NA	1.0586554	NA	NA	NA	NA	NA	NA	NA	NA	NA	NA	4100636
21	15410077	17229984	NA	1819908	29263	2.98583573	29113	1078	5052.0	mappable	0.21942311	9.0	NA	0.1439212971	0.00081433225	0.278949508656	0.09617496	0.09698929	15410077	15410077	17229961	17229984	0.82773874	2	578322.8	35.329208	1.2502509	22.40135	0.6625076	0.3250152	1.007696798	1.97813894	2	1	2:1	3	gain	4100636
21	17229985	17240052	NA	10068	137	2.65072381	137	0	24.0	mappable	NA	NA	NA	NA	inf	0.185349508656	0.15040433	inf	17229985	17230008	17239986	17240052	NA	missing	628448.6	NA	1.1545	NA	NA	NA	NA	NA	NA	NA	NA	NA	NA	4100636
21	17240053	48099931	NA	30859886	487190	2.98583573	484789	23429	84356.0	mappable	0.222575	9.0	edge	0.14395338418	3.871767e-05	0.283363025559	0.08038834	0.08042706	17240053	17240119	48099931	48099931	0.78342929	2	578322.8	35.329208	1.2502509	22.40135	0.6625076	0.3250152	1.007696798	1.97813894	2	1	2:1	3	gain	4100636
22	16850007	22764608	NA	5914602	56306	2.00207398	56026	2611	10107.0	mappable	0.0753	10.0	edge	0.0033537029	0.00034590107	0.000350491344	0.08890529	0.08925119	16850007	16850007	22764606	22764608	0.15747706	1	444822.1	23.060965	0.9691625	NA	NA	0.0	1.001036988	1.00103699	1	1	1:1	2	neutral	4100636
22	22764609	23247175	DEL	482568	6789	1.00783128	6762	431	1256.0	mappable	0.448625	8.0	identical	0.36087510063	0.00218340611	0.290203046949	0.10593011	0.10811352	22764609	22764615	23239965	23247175	0.92883333	2	264864.5	18.714976	0.6850794	18.72336	0.9914766	0.9829533	0.008590109	0.99924117	1	0	1:0	1	LOH	4100636
22	23247176	51179984	DEL	27932810	392889	2.00207398	391210	18083	69519.0	mappable	0.078725	10.0	edge	0.00077970992	5.060985e-05	0.003546558936	0.08085559	0.0809062	23247176	23250053	51179984	51179984	0.15287046	1	444822.1	23.060965	0.9691625	NA	NA	0.0	1.001036988	1.00103699	1	1	1:1	2	neutral	4100636
23	1680394	34107688	DEL	32427295	304034	1.01632687	304034	379	28495.0	mappable	0.13695	NA	NA	NA	NA	NA	NA	NA	1680394	2700027	34107644	34107688	0.08134464	1	231522.3	10.895168	0.9779	NA	NA	NA	NA	NA	1	NA	1	1	neutral	4100636
23	34107689	34109942	DUP	2254	19	1.24924059	19	0	1.0	mappable	NA	NA	NA	NA	NA	NA	NA	NA	34107689	34107928	34109820	34109942	NA	missing	279077.0	NA	1.111	NA	NA	NA	NA	NA	1	NA	1	1	neutral	4100636
23	34109943	58499983	NA	24390041	186108	2.20031953	186108	180	17435.0	mappable	0.16435	NA	NA	NA	NA	NA	NA	NA	34109943	34110065	58499983	58499983	0.04262749	1	384326.7	19.216335	1.6545	NA	NA	NA	NA	NA	2	NA	2	2	gain	4100636
23	61750000	66668057	NA	4918058	48350	2.19716969	48350	26	4390.0	mappable	0.40974612	NA	NA	NA	NA	NA	NA	NA	61750000	61750000	66667908	66668057	NA	missing	395358.3	20.637142	1.6527	NA	NA	NA	NA	NA	2	NA	2	2	gain	4100636
23	66668058	78123253	DUP	11455196	84998	1.01510193	84998	113	7858.0	mappable	0.12325	NA	NA	NA	NA	NA	NA	NA	66668058	66668066	78123199	78123253	0.11922451	1	225419.1	10.246325	0.9772	NA	NA	NA	NA	NA	1	NA	1	1	neutral	4100636
23	78123254	78584273	DEL	461020	5142	0.02919968	5142	7	454.0	mappable	0.01365	NA	NA	NA	NA	NA	NA	NA	78123254	78123293	78584252	78584273	NA	missing	102067.0	5.10335	0.4138	NA	NA	NA	NA	NA	0	NA	0	0	loss	4100636
23	78584274	88450016	DEL	9865743	106724	1.0219266	106724	117	9681.0	mappable	0.2397	NA	NA	NA	NA	NA	NA	NA	78584274	78584314	88449902	88450016	0.03595353	1	240505.0	10.203243	0.9811	NA	NA	NA	NA	NA	1	NA	1	1	neutral	4100636
23	88450017	88459980	NA	9964	269	0.79163775	269	17	40.0	mappable	0.15769039	NA	NA	NA	NA	NA	NA	NA	88450017	88450131	88459980	88459980	NA	missing	226814.0	9.550063	0.8495	NA	NA	NA	NA	NA	1	NA	1	1	neutral	4100636
23	88990017	89349936	NA	359920	1090	1.04817533	1090	0	91.0	mappable	NA	NA	NA	NA	NA	NA	NA	NA	88990017	88990017	89349936	89349936	NA	missing	243065.3	NA	0.9961	NA	NA	NA	NA	NA	1	NA	1	1	neutral	4100636
23	89349937	90140198	NA	790262	0	0.0	0	0	NA	mappable	NA	NA	NA	NA	NA	NA	NA	NA	89349937	89349937	90140198	90140198	NA	missing	NA	NA	0.0	NA	NA	0.0	0.0	0.0	0	0	-1	0	homozygousDel	4100636
23	90140199	91529952	NA	1389754	5102	0.98902819	5102	4	464.0	mappable	0.1599	NA	NA	NA	NA	NA	NA	NA	90140199	90140199	91529952	91529952	NA	missing	237564.7	11.282303	0.9623	NA	NA	NA	NA	NA	1	NA	1	1	neutral	4100636
23	91529953	92379999	NA	850047	0	0.0	0	0	NA	mappable	NA	NA	NA	NA	NA	NA	NA	NA	91529953	91529953	92379999	92379999	NA	missing	NA	NA	0.0	NA	NA	0.0	0.0	0.0	0	0	-1	0	homozygousDel	4100636
23	92380000	141980032	NA	49600033	445288	1.01440197	445288	511	41227.0	mappable	0.133525	NA	NA	NA	NA	NA	NA	NA	92380000	92380000	141979982	141980032	0.15962286	1	233519.3	10.50837	0.9768	NA	NA	NA	NA	NA	1	NA	1	1	neutral	4100636
23	141980033	142010004	NA	29972	213	1.24206594	213	1	27.0	mappable	0.62162162	NA	NA	NA	NA	NA	NA	NA	141980033	141980083	142009971	142010037	NA	missing	241102.5	4.561398	1.1069	NA	NA	NA	NA	NA	1	NA	1	1	neutral	4100636
23	142010004	150179966	NA	8169963	82935	1.02000169	82935	115	7465.0	mappable	0.099275	NA	NA	NA	NA	NA	NA	NA	142009971	142010037	150179780	150179966	0.14102521	1	233689.6	10.905513	0.98	NA	NA	NA	NA	NA	1	NA	1	1	neutral	4100636
23	150179967	150190020	NA	10054	132	1.25956509	132	0	14.0	mappable	NA	NA	NA	NA	NA	NA	NA	NA	150179967	150180153	150189922	150190118	NA	missing	225380.0	NA	1.1169	NA	NA	NA	NA	NA	1	NA	1	1	neutral	4100636
23	150190020	154929639	NA	4739620	37909	1.01457696	37909	53	3480.0	mappable	0.10955	NA	NA	NA	NA	NA	NA	NA	150189922	150190118	154929639	154929639	NA	missing	212555.6	9.661618	0.9769	NA	NA	NA	NA	NA	1	NA	1	1	neutral	4100636
24	2653090	2919837	NA	266748	293	0.97695378	293	0	36.0	mappable	NA	NA	NA	NA	NA	NA	NA	NA	2653090	2653090	2919837	2919837	NA	missing	220764.4	NA	0.9554	NA	NA	NA	NA	NA	1	NA	1	1	neutral	4100636
24	3712028	3719919	NA	7892	141	1.03627591	141	118	2.0	mappable	0.0746	NA	NA	NA	NA	NA	NA	NA	3712028	3712028	3719919	3719919	0.23902361	1	483964.3	22.801648	0.9893	NA	NA	NA	NA	NA	1	NA	1	1	neutral	4100636
24	6420014	10069977	NA	3649964	6061	0.95035507	6061	33	600.0	mappable	0.10508373	NA	NA	NA	NA	NA	NA	NA	6420014	6420014	10069977	10069977	NA	missing	208351.9	9.470539	0.9402	NA	NA	NA	NA	NA	1	NA	1	1	neutral	4100636
24	13130467	19558992	NA	6428526	11916	1.00740231	11917	149	1675.0	mappable	0.147225	NA	NA	NA	NA	NA	NA	NA	13130467	13130467	19558992	19558992	0.31445135	1	259644.4	10.932395	0.9728	NA	NA	NA	NA	NA	1	NA	1	1	neutral	4100636
24	20802956	23808171	NA	3005216	2837	0.97765375	2838	10	275.0	mappable	0.03529167	NA	NA	NA	NA	NA	NA	NA	20802956	20802956	23808171	23808171	NA	missing	226145.2	7.898454	0.9558	NA	NA	NA	NA	NA	1	NA	1	1	neutral	4100636
24	24381338	24508205	NA	126868	228	1.03732586	228	1	22.0	mappable	0.76470588	NA	NA	NA	NA	NA	NA	NA	24381338	24381338	24508205	24508205	NA	missing	236668.4	20.88251	0.9899	NA	NA	NA	NA	NA	1	NA	1	1	neutral	4100636
24	28780461	28789809	NA	9349	78	1.05604995	78	11	19.0	mappable	0.27253333	NA	NA	NA	NA	NA	NA	NA	28780461	28780461	28789809	28789809	NA	missing	391878.6	14.067437	1.0006	NA	NA	NA	NA	NA	1	NA	1	1	neutral	4100636
