#chromosome	start	end	crest	length	tcnNbrOfLoci	tcnMean	tcnNbrOfSNPs	tcnNbrOfHets	dhNbrOfLoci	map	dhMax	cluster	neighbour	distDH	errorSNP	distTcn	errorLength	totalError	minStart	maxStart	minStop	maxStop	area	peaks	meanCovT	meanCovB	tcnMeanRaw	AF	BAF	dhMean	c1Mean	c2Mean	A	B	genotype	TCN	GNL	PID
1	840009	10989998	NA	10149990	146609	1.9955253	145619	6891	19226.0	mappable	0.089	5.0	edge	0.006760962	0.00012688745	0.00391457968	0.0859292	0.08605609	840009	840009	10989975	10990021	0.157638214	1	346781.5	18.051817	1.0133966	NA	NA	0.0	0.997762671	0.99776267	1	1	1:1	2	neutral	4177406
1	10989998	11000036	NA	10039	160	2.5358628	159	16	18.0	mappable	0.26061528	NA	identical	0.178376244392	0.05882352941	0.15718542032	0.15045142	0.20927494	10989975	10990021	10999953	11000036	NA	missing	289676.7	16.552954	1.1724	NA	NA	NA	NA	NA	NA	NA	NA	NA	NA	4177406
1	11000037	12839977	NA	1839942	24970	1.9955253	24818	1054	3384.0	mappable	0.08629048	5.0	self	0.007313980085	0.0008291874	0.01476577712	0.09610197	0.09693115	11000037	11000120	12839977	12839977	0.119946319	1	346781.5	18.051817	1.0133966	NA	NA	0.0	0.997762671	0.99776267	1	1	1:1	2	neutral	4177406
1	13780016	26240042	NA	12460027	165430	1.9955253	164779	7779	21477.0	mappable	0.0827	5.0	NA	0.001453640146	0.00011863804	0.00165517329	0.08485073	0.08496937	13780016	13780016	26239889	26240195	0.163853102	1	346781.5	18.051817	1.0133966	NA	NA	0.0	0.997762671	0.99776267	1	1	1:1	2	neutral	4177406
1	26240042	26249994	NA	9953	143	2.2973038	143	0	18.0	mappable	NA	NA	NA	NA	inf	0.08698542032	0.15059203	inf	26239889	26240195	26249941	26250047	NA	missing	328368.3	NA	1.1022	NA	NA	NA	NA	NA	NA	NA	NA	NA	NA	4177406
1	26249994	35819990	NA	9569997	110565	1.9955253	110068	3655	14428.0	mappable	0.085575	5.0	NA	0.006760962	0.00024084778	0.00601457968	0.08624375	0.08648459	26249941	26250047	35819968	35820012	0.16725683	1	346781.5	18.051817	1.0133966	NA	NA	0.0	0.997762671	0.99776267	1	1	1:1	2	neutral	4177406
1	35819990	35839986	NA	19997	263	1.6438153	263	0	38.0	mappable	NA	NA	NA	NA	inf	0.10531457968	0.13998254	inf	35819968	35820012	35839971	35840001	NA	missing	354800.7	NA	0.9099	NA	NA	NA	NA	NA	NA	NA	NA	NA	NA	4177406
1	35839986	74915001	NA	39075019	508582	1.9955253	506644	22804	65548.0	mappable	0.085575	5.0	NA	0.002513334766	4.04171e-05	0.00100163723	0.07930295	0.07934337	35839971	35840001	74909943	74915001	0.16456954	1	346781.5	18.051817	1.0133966	NA	NA	0.0	0.997762671	0.99776267	1	1	1:1	2	neutral	4177406
1	74915002	74940052	NA	25051	359	2.316674	359	0	44.0	mappable	NA	NA	NA	NA	inf	0.09268542032	0.13686836	inf	74915002	74920060	74939997	74940107	NA	missing	402462.3	NA	1.1079	NA	NA	NA	NA	NA	NA	NA	NA	NA	NA	4177406
1	74940052	102288641	NA	27348593	363514	1.9955253	362198	15742	47143.0	mappable	0.078725	5.0	NA	0.000349549231	5.862352e-05	0.00541157282	0.08095539	0.08101402	74939997	74940107	102288548	102288641	0.148664133	1	346781.5	18.051817	1.0133966	NA	NA	0.0	0.997762671	0.99776267	1	1	1:1	2	neutral	4177406
1	102288642	102289793	DEL	1152	12	2.1365653	10	0	3.0	mappable	NA	NA	identical	0.26408130832	0.5	0.03968542032	0.19665828	0.69665828	102288642	102288712	102289694	102289793	NA	missing	378969.0	NA	1.0549	NA	NA	NA	NA	NA	NA	NA	NA	NA	NA	4177406
1	102289794	120529963	DEL	18240170	244191	1.9955253	243431	10349	31450.0	mappable	0.08215	5.0	self	0.001866332893	9.00171e-05	0.00132167454	0.08291662	0.08300664	102289794	102289800	120529963	120529963	0.157441349	1	346781.5	18.051817	1.0133966	NA	NA	0.0	0.997762671	0.99776267	1	1	1:1	2	neutral	4177406
1	121220004	121229986	NA	9983	177	1.9955253	176	11	24.0	mappable	0.04733718	5.0	self	0.029819166205	0.08333333333	0.02431457968	0.15054281	0.23387614	121220004	121220004	121229986	121229986	NA	missing	346781.5	18.051817	1.0133966	NA	NA	NA	NA	NA	NA	NA	NA	NA	NA	4177406
1	144010127	144019970	NA	9844	155	1.9799048	105	0	18.0	mappable	NA	NA	NA	0.207065003656	0.02	0.00641457968	0.15077238	0.17077238	144010127	144010127	144019970	144019970	NA	missing	976450.0	NA	1.0088	NA	NA	NA	NA	NA	NA	NA	NA	NA	NA	4177406
1	144920087	145739956	NA	819870	6371	1.9955253	5877	164	852.0	mappable	0.0724	5.0	self	0.006939038	0.00151975684	0.00748542032	0.10180689	0.10332665	144920087	144920087	145739956	145739956	0.132652539	1	346781.5	18.051817	1.0133966	NA	NA	0.0	0.997762671	0.99776267	1	1	1:1	2	neutral	4177406
1	146540101	147829895	NA	1289795	11648	1.9955253	11612	310	1487.0	mappable	0.09090769	5.0	self	0.008668654308	0.00289017341	0.00091457968	0.09852843	0.1014186	146540101	146540101	147829895	147829895	0.131715774	1	346781.5	18.051817	1.0133966	NA	NA	0.0	0.997762671	0.99776267	1	1	1:1	2	neutral	4177406
1	149815060	150697273	NA	882214	7338	1.9955253	7324	37	1034.0	mappable	0.07684828	5.0	self	0.004360962	0.02	0.01851457968	0.10126188	0.12126188	149815060	149815060	150679844	150697273	0.368253922	2	346781.5	18.051817	1.0133966	17.36161	0.5354696	0.07093918	0.926982208	1.06854313	1	1	1:1	2	mixDH	4177406
1	150697274	152162934	ITX	1465661	15330	1.9955253	15253	354	2112.0	mappable	0.07503571	5.0	self	0.010364038	0.00232018561	0.01081457968	0.09764137	0.09996156	150697274	150700206	152162714	152162934	0.17896236	1	346781.5	18.051817	1.0133966	NA	NA	0.0	0.997762671	0.99776267	1	1	1:1	2	neutral	4177406
1	152162935	166534499	ITX	14371565	186817	1.9955253	186021	8639	23963.0	mappable	0.0852	5.0	self	0.003335962	0.00010598834	0.00038542032	0.08411591	0.0842219	152162935	152162988	166534384	166534499	0.148048641	1	346781.5	18.051817	1.0133966	NA	NA	0.0	0.997762671	0.99776267	1	1	1:1	2	neutral	4177406
1	166534500	166618338	DUP	83839	1403	3.0106019	1403	9	182.0	mappable	0.09482619	NA	identical	0.012587150257	0.11111111111	0.29688542032	0.12228427	0.23339538	166534500	166534504	166618317	166618338	NA	missing	478080.8	26.247574	1.3121	NA	NA	NA	NA	NA	NA	NA	NA	NA	NA	4177406
1	166618339	219320004	DUP	52701667	720125	1.9955253	717633	32637	92546.0	mappable	0.08215	5.0	NA	0.000106697911	2.846651e-05	0.00278361494	0.07796862	0.07799709	166618339	166618368	219319953	219320004	0.138519136	1	346781.5	18.051817	1.0133966	NA	NA	0.0	0.997762671	0.99776267	1	1	1:1	2	neutral	4177406
1	219320005	219340025	NA	20021	264	2.176665	264	0	35.0	mappable	NA	NA	NA	NA	inf	0.05148542032	0.13996559	inf	219320005	219320056	219339986	219340025	NA	missing	383199.5	NA	1.0667	NA	NA	NA	NA	NA	NA	NA	NA	NA	NA	4177406
1	219340026	249209945	NA	29869925	413153	1.9955253	411354	18811	53961.0	mappable	0.085575	5.0	edge	0.001797929579	4.852249e-05	0.00935679867	0.08054062	0.08058914	219340026	219340065	249209945	249209945	0.157106751	1	346781.5	18.051817	1.0133966	NA	NA	0.0	0.997762671	0.99776267	1	1	1:1	2	neutral	4177406
2	20016	79996	NA	59981	1031	2.4988216	1030	9	159.0	mappable	0.03944722	NA	edge	0.019652926889	0.1	0.14628542032	0.12600633	0.22600633	20016	20016	79981	79996	NA	missing	373952.5	20.871767	1.1615	NA	NA	NA	NA	NA	NA	NA	NA	NA	NA	4177406
2	79997	23580036	NA	23500041	362086	1.9955253	360571	17726	47074.0	mappable	0.08215	5.0	self	0.000311930275	5.197505e-05	0.00246578797	0.08167879	0.08173077	79997	80012	23579992	23580036	0.144196739	1	346781.5	18.051817	1.0133966	NA	NA	0.0	0.997762671	0.99776267	1	1	1:1	2	neutral	4177406
2	23580037	23590010	NA	9974	200	2.5100359	200	14	25.0	mappable	0.16666667	NA	NA	0.084427628667	0.07142857143	0.14958542032	0.15055755	0.22198613	23580037	23580081	23589964	23590056	NA	missing	332188.8	17.850084	1.1648	NA	NA	NA	NA	NA	NA	NA	NA	NA	NA	4177406
2	23590010	23900017	NA	310008	4661	2.2454131	4640	187	571.0	mappable	0.08671818	6.0	NA	0.004479143818	0.00480769231	0.05768542032	0.10963743	0.11444512	23589964	23590056	23899992	23900042	0.117512621	1	347519.3	18.169278	1.0869303	NA	NA	0.0	1.12270657	1.12270657	1	1	1:1	2	neutral	4177406
2	23900017	87059860	NA	63159858	942452	1.9955253	939461	43452	120430.0	mappable	0.08215	5.0	self	0.001429672445	2.15327e-05	0.00321435898	0.07718281	0.07720435	23899992	23900042	87059860	87059860	0.137983297	1	346781.5	18.051817	1.0133966	NA	NA	0.0	0.997762671	0.99776267	1	1	1:1	2	neutral	4177406
2	88330099	89160000	NA	829902	10205	1.9955253	10173	493	1371.0	mappable	0.09947155	5.0	self	0.023960962	0.0019047619	0.00061457968	0.10171604	0.10362081	88330099	88330099	89159998	89160002	0.158540093	1	346781.5	18.051817	1.0133966	NA	NA	0.0	0.997762671	0.99776267	1	1	1:1	2	neutral	4177406
2	89160000	89229990	NA	69991	1668	1.1898057	1667	4	203.0	mappable	0.2224	NA	NA	0.140160962	0.2	0.23891457968	0.12426311	0.32426311	89159998	89160002	89229990	89229990	NA	missing	261039.3	15.967505	0.7763	NA	NA	NA	NA	NA	NA	NA	NA	NA	NA	4177406
2	89840102	90239998	NA	399897	914	1.8170904	896	24	123.0	mappable	0.11086724	7.0	NA	0.002134134852	0.02380952381	0.05941457968	0.10747332	0.13128285	89840102	89840102	90239998	90239998	NA	missing	323173.2	16.957425	0.9608891	NA	NA	NA	NA	NA	NA	NA	NA	NA	NA	4177406
2	95580145	96239991	NA	659847	4445	1.9955253	4404	133	589.0	mappable	0.08336071	5.0	NA	0.001121676286	0.00574712644	0.00561457968	0.10345663	0.10920376	95580145	95580145	96239991	96239991	0.146164853	1	346781.5	18.051817	1.0133966	NA	NA	0.0	0.997762671	0.99776267	1	1	1:1	2	neutral	4177406
2	96239992	96740020	NA	500029	0	0.0	0	0	NA	mappable	NA	NA	NA	NA	inf	1.01521457968	0.10564318	inf	96239992	96239992	96740020	96740020	NA	missing	NA	NA	0.0	NA	NA	0.0	0.0	0.0	0	0	NA	0	homozygousDel	4177406
2	96740021	132189994	NA	35449975	448390	1.9955253	447090	18122	58595.0	mappable	0.08215	5.0	NA	0.002570864003	5.1488e-05	0.01046865894	0.0797471	0.07979859	96740021	96740021	132189994	132189994	0.141483336	1	346781.5	18.051817	1.0133966	NA	NA	0.0	0.997762671	0.99776267	1	1	1:1	2	neutral	4177406
2	132189995	133009999	NA	820005	0	0.0	0	0	NA	mappable	NA	NA	NA	NA	inf	1.01521457968	0.10180566	inf	132189995	132189995	133009999	133009999	NA	missing	NA	NA	0.0	NA	NA	0.0	0.0	0.0	0	0	NA	0	homozygousDel	4177406
2	133010000	157490012	NA	24480014	334552	1.9955253	333364	13804	42894.0	mappable	0.078725	5.0	NA	0.003442591014	6.670669e-05	0.00664522806	0.08148265	0.08154936	133010000	133010000	157489988	157490036	0.134495589	1	346781.5	18.051817	1.0133966	NA	NA	0.0	0.997762671	0.99776267	1	1	1:1	2	neutral	4177406
2	157490012	157499978	NA	9967	131	1.7260536	131	0	16.0	mappable	NA	NA	NA	NA	inf	0.08111457968	0.15056903	inf	157489988	157490036	157499847	157499978	NA	missing	344758.6	NA	0.9341	NA	NA	NA	NA	NA	NA	NA	NA	NA	NA	4177406
2	157499979	242999969	NA	85500003	1168848	1.9955253	1164568	49049	151378.0	mappable	0.08215	5.0	edge	0.000262164728	1.875188e-05	0.00607914636	0.075903	0.07592175	157499979	157500110	242999969	242999969	0.159812799	1	346781.5	18.051817	1.0133966	NA	NA	0.0	0.997762671	0.99776267	1	1	1:1	2	neutral	4177406
3	100074	160043	NA	59970	1317	2.3210917	1316	4	182.0	mappable	0.01211419	NA	edge	0.069666815778	0.2	0.09398542032	0.12600843	0.32600843	100074	100074	159998	160088	NA	missing	386549.4	20.90522	1.1092	NA	NA	NA	NA	NA	NA	NA	NA	NA	NA	4177406
3	160043	47069978	NA	46909941	700753	1.9955253	698356	31441	88972.0	mappable	0.085575	5.0	NA	0.002972743682	2.955432e-05	0.00257644612	0.07848249	0.07851205	159998	160088	47069955	47070001	0.150296373	1	346781.5	18.051817	1.0133966	NA	NA	0.0	0.997762671	0.99776267	1	1	1:1	2	neutral	4177406
3	47069978	47130104	NA	60127	590	1.9377662	590	0	84.0	mappable	NA	NA	NA	NA	inf	0.01881457968	0.1259785	inf	47069955	47070001	47129991	47130217	NA	missing	346478.3	NA	0.9964	NA	NA	NA	NA	NA	NA	NA	NA	NA	NA	4177406
3	47130104	47139954	NA	9851	109	2.2347755	109	0	17.0	mappable	NA	NA	NA	NA	inf	0.06858542032	0.15076073	inf	47129991	47130217	47139862	47139954	NA	missing	370508.6	NA	1.0838	NA	NA	NA	NA	NA	NA	NA	NA	NA	NA	4177406
3	47139955	59619967	NA	12480013	146138	1.9955253	145554	5956	19141.0	mappable	0.08215	5.0	NA	0.000126207395	0.00015292858	0.00583484888	0.08484241	0.08499534	47139955	47140047	59619926	59620008	0.178859054	1	346781.5	18.051817	1.0133966	NA	NA	0.0	0.997762671	0.99776267	1	1	1:1	2	neutral	4177406
3	59619967	59640040	NA	20074	347	2.2660397	347	0	53.0	mappable	NA	NA	NA	NA	inf	0.07778542032	0.13992824	inf	59619926	59620008	59639990	59640090	NA	missing	341388.8	NA	1.093	NA	NA	NA	NA	NA	NA	NA	NA	NA	NA	4177406
3	59640040	90259931	NA	30619894	451533	1.9955253	450175	20414	57403.0	mappable	0.08215	5.0	NA	0.000163481162	4.593266e-05	0.00660201246	0.08042475	0.08047068	59639990	59640090	90199759	90320103	0.142131208	1	346781.5	18.051817	1.0133966	NA	NA	0.0	0.997762671	0.99776267	1	1	1:1	2	neutral	4177406
3	90259931	90499969	NA	240039	4114	1.6748596	4083	22	528.0	mappable	0.09712445	1.0	NA	0.014123840788	0.01886792453	0.10441457968	0.1119012	0.13076912	90199759	90320103	90499969	90499969	NA	missing	349907.0	18.573069	0.9190353	NA	NA	NA	NA	NA	NA	NA	NA	NA	NA	4177406
3	93570175	100353786	NA	6783612	95751	1.9955253	95410	4835	12097.0	mappable	0.08215	5.0	self	8.9038e-05	0.00019319938	0.00491457968	0.08813049	0.08832369	93570175	93570175	100353782	100353786	0.164389698	1	346781.5	18.051817	1.0133966	NA	NA	0.0	0.997762671	0.99776267	1	1	1:1	2	neutral	4177406
3	100353787	159100005	CTX	58746227	788703	1.9955253	786122	35748	100955.0	mappable	0.08215	5.0	NA	0.000762826511	2.608991e-05	6.899081e-05	0.07749537	0.07752146	100353787	100353809	159099961	159100049	0.149710073	1	346781.5	18.051817	1.0133966	NA	NA	0.0	0.997762671	0.99776267	1	1	1:1	2	neutral	4177406
3	159100005	159144982	NA	44978	445	1.7138198	445	0	76.0	mappable	NA	NA	NA	NA	inf	0.08471457968	0.12939178	inf	159099961	159100049	159139935	159150029	NA	missing	348558.3	NA	0.9305	NA	NA	NA	NA	NA	NA	NA	NA	NA	NA	4177406
3	159144982	197779892	NA	38634912	535226	1.9955253	533252	25209	69695.0	mappable	0.085575	5.0	edge	0.00333360182	3.67877e-05	0.00092151283	0.07935437	0.07939115	159139935	159150029	197779892	197779892	0.149309124	1	346781.5	18.051817	1.0133966	NA	NA	0.0	0.997762671	0.99776267	1	1	1:1	2	neutral	4177406
4	50084	434925	NA	384842	3696	1.8170904	3654	118	534.0	mappable	0.09191111	7.0	edge	0.016260962	0.00625	0.07661457968	0.10779401	0.11404401	50084	50084	429841	440009	0.163482826	1	323173.2	16.957425	0.9608891	NA	NA	0.0	0.908545186	0.90854519	1	1	1:1	2	neutral	4177406
4	434925	8939952	NA	8505028	141750	1.9955253	140804	6757	18183.0	mappable	0.085575	5.0	self	0.006760962	0.00012983641	0.00901457968	0.08688141	0.08701125	429841	440009	8939952	8939952	0.170718537	1	346781.5	18.051817	1.0133966	NA	NA	0.0	0.997762671	0.99776267	1	1	1:1	2	neutral	4177406
4	9800043	49039992	NA	39239953	598577	1.9955253	596584	30962	76190.0	mappable	0.08215	5.0	NA	9.6640069e-05	3.034441e-05	0.00121910103	0.07928384	0.07931419	9800043	9800043	49039959	49040025	0.144872865	1	346781.5	18.051817	1.0133966	NA	NA	0.0	0.997762671	0.99776267	1	1	1:1	2	neutral	4177406
4	49039992	49089961	NA	49970	596	1.6281833	596	0	94.0	mappable	NA	NA	NA	NA	inf	0.10991457968	0.12813306	inf	49039959	49040025	49089961	49089961	NA	missing	321958.4	NA	0.9053	NA	NA	NA	NA	NA	NA	NA	NA	NA	NA	4177406
4	52680652	190799944	NA	138119315	1920530	1.9955253	1913868	89957	246934.0	mappable	0.08215	5.0	edge	0.00028642794	1.035004e-05	0.00201655544	0.07396083	0.07397118	52680652	52680652	190799944	190799944	0.141676807	1	346781.5	18.051817	1.0133966	NA	NA	0.0	0.997762671	0.99776267	1	1	1:1	2	neutral	4177406
5	50017	46099995	NA	46049981	682490	1.9955253	680074	29579	88730.0	mappable	0.08215	5.0	edge	0.000704850609	3.125586e-05	0.003071423	0.07856479	0.07859604	50017	50017	46099968	46100022	0.150810886	1	346781.5	18.051817	1.0133966	NA	NA	0.0	0.997762671	0.99776267	1	1	1:1	2	neutral	4177406
5	46099995	46109988	NA	9994	263	1.4878345	263	18	28.0	mappable	0.10322786	NA	NA	0.020988823685	0.05555555556	0.15121457968	0.15052481	0.20608036	46099968	46100022	46109975	46110001	NA	missing	331356.7	16.819601	0.864	NA	NA	NA	NA	NA	NA	NA	NA	NA	NA	4177406
5	46109988	46399990	NA	290003	6689	1.8170904	6629	433	769.0	mappable	0.09037339	7.0	NA	0.012403703935	0.00202839757	0.07241457968	0.1102189	0.1122473	46109975	46110001	46399990	46399990	0.088753653	1	323173.2	16.957425	0.9608891	NA	NA	0.0	0.908545186	0.90854519	1	1	1:1	2	neutral	4177406
5	49470005	49870005	NA	400001	5047	1.6748596	4922	250	652.0	mappable	0.08455068	1.0	NA	0.005197371333	0.00266666667	0.08681457968	0.10747116	0.11013782	49470005	49470005	49869995	49870015	0.231146354	1	349907.0	18.573069	0.9190353	NA	NA	0.0	0.837429807	0.83742981	1	1	1:1	2	neutral	4177406
5	49870005	68829703	NA	18959702	251559	1.9955253	250863	11232	32523.0	mappable	0.078725	5.0	self	0.001355242868	8.383635e-05	0.00403370998	0.08272519	0.08280903	49869995	49870015	68829703	68829703	0.131866895	1	346781.5	18.051817	1.0133966	NA	NA	0.0	0.997762671	0.99776267	1	1	1:1	2	neutral	4177406
5	70750153	98449956	NA	27699805	362802	1.9955253	361743	16071	45994.0	mappable	0.08215	5.0	self	0.000790758686	5.837712e-05	0.00216017018	0.08089511	0.08095349	70750153	70750153	98449848	98450064	0.141652981	1	346781.5	18.051817	1.0133966	NA	NA	0.0	0.997762671	0.99776267	1	1	1:1	2	neutral	4177406
5	98449956	98569982	NA	120027	2014	2.2454131	2011	7	228.0	mappable	0.05054144	6.0	identical	0.038164038	0.1	0.12478542032	0.11853257	0.21853257	98449848	98450064	98569959	98569982	NA	missing	347519.3	18.169278	1.0869303	NA	NA	NA	NA	NA	NA	NA	NA	NA	NA	4177406
5	98569983	135074994	NA	36505018	538124	1.9955253	536667	23482	67957.0	mappable	0.08215	5.0	self	0.000229015352	4.009784e-05	0.00078799779	0.07961279	0.07965289	98569983	98570006	135069965	135074994	0.130738861	1	346781.5	18.051817	1.0133966	NA	NA	0.0	0.997762671	0.99776267	1	1	1:1	2	neutral	4177406
5	135074995	135170043	NA	95049	1780	2.4869276	1765	263	189.0	mappable	0.08570147	NA	identical	0.000380704667	0.0035971223	0.14278542032	0.12094543	0.12454255	135074995	135080024	135169980	135170043	0.250728712	1	336355.0	17.658636	1.158	NA	NA	0.0	1.243463793	1.24346379	1	1	1:1	2	neutral	4177406
5	135170044	156549928	NA	21379889	290139	1.9955253	289167	13731	37092.0	mappable	0.08215	5.0	NA	0.002562688062	6.801333e-05	0.00219846993	0.08213636	0.08220438	135170044	135170107	156549854	156549928	0.141799437	1	346781.5	18.051817	1.0133966	NA	NA	0.0	0.997762671	0.99776267	1	1	1:1	2	neutral	4177406
5	156549929	156559924	NA	9996	142	1.6407569	142	0	17.0	mappable	NA	NA	NA	NA	inf	0.10621457968	0.15052154	inf	156549929	156550003	156559831	156559924	NA	missing	330870.0	NA	0.909	NA	NA	NA	NA	NA	NA	NA	NA	NA	NA	4177406
5	156559925	180689979	NA	24130056	335435	1.9955253	334293	14859	43669.0	mappable	0.08215	5.0	edge	0.002208565818	6.249609e-05	3.184234e-05	0.08155167	0.08161417	156559925	156560018	180689979	180689979	0.166118115	1	346781.5	18.051817	1.0133966	NA	NA	0.0	0.997762671	0.99776267	1	1	1:1	2	neutral	4177406
6	185174	32439982	CTX	32254814	481449	2.0027086	478827	24055	62874.0	mappable	0.592475	NA	edge	0.51181589648	3.748547e-05	0.00029580667	0.08018278	0.08022027	185174	202331	32429961	32439982	0.959005221	2	342007.3	27.000573	1.0155104	17.08694	0.9988091	0.99761811	0.002385117	2.0003235	2	0	2:0	2	cnLOH	4177406
6	32439983	32534986	NA	95004	2672	1.0582924	2012	148	324.0	mappable	0.503425	NA	NA	0.421185962	0.00123762376	0.27761457968	0.12095042	0.12218805	32439983	32450004	32519968	32550004	0.896198005	2	350201.4	25.977902	0.7376	24.08853	1.0727014	1.0	0.0	1.05829241	1	0	1:0	1	LOH	4177406
6	32534986	35820045	NA	3285060	56131	2.0145672	54460	3288	7219.0	mappable	0.60275	NA	NA	0.523935962	0.00020165356	0.00378542032	0.09238947	0.09259112	32519968	32550004	35819907	35820183	0.907991898	2	318022.0	25.056276	1.019	15.83421	0.9948353	0.98967069	0.010404545	2.0041627	2	0	2:0	2	cnLOH	4177406
6	35820045	35879974	NA	59930	787	1.8170904	781	64	102.0	mappable	0.08252143	7.0	NA	0.004275247714	0.01428571429	0.06931457968	0.12601608	0.14030179	35819907	35820183	35879943	35880005	0.063152389	1	323173.2	16.957425	0.9608891	NA	NA	0.0	0.908545186	0.90854519	1	1	1:1	2	neutral	4177406
6	35879974	41580001	NA	5700028	86253	1.9955253	85918	4353	10948.0	mappable	0.08215	5.0	self	8.9038e-05	0.00021331058	0.01398542032	0.08911648	0.08932979	35879943	35880005	41579981	41580001	0.146784523	1	346781.5	18.051817	1.0133966	NA	NA	0.0	0.997762671	0.99776267	1	1	1:1	2	neutral	4177406
6	41580002	41650452	NA	70451	961	1.8170904	957	56	126.0	mappable	0.08847143	7.0	NA	0.006232390571	0.01666666667	0.04191457968	0.12419018	0.14085685	41580002	41580022	41650430	41650474	0.115790366	1	323173.2	16.957425	0.9608891	NA	NA	0.0	0.908545186	0.90854519	1	1	1:1	2	neutral	4177406
6	41650452	41840093	NA	189642	2108	2.0866107	2098	60	279.0	mappable	0.12682692	NA	NA	0.048745577385	0.01428571429	0.02498542032	0.11407114	0.12835685	41650430	41650474	41839996	41840190	0.323439344	1	299479.2	16.423054	1.0402	NA	NA	0.0	1.043305345	1.04330534	1	1	1:1	2	neutral	4177406
6	41840093	41880543	NA	40451	510	1.6748596	510	1	63.0	mappable	0.1	1.0	NA	0.017760962	1.0	0.09461457968	0.13068575	1.13068575	41839996	41840190	41880540	41880546	NA	missing	349907.0	18.573069	0.9190353	NA	NA	NA	NA	NA	NA	NA	NA	NA	NA	4177406
6	41880543	58019982	NA	16139441	228761	1.9955253	226329	10206	29620.0	mappable	0.08215	5.0	self	0.000124157142	7.912644e-05	0.00263647054	0.08352793	0.08360705	41880540	41880546	58019982	58019982	0.158487134	1	346781.5	18.051817	1.0133966	NA	NA	0.0	0.997762671	0.99776267	1	1	1:1	2	neutral	4177406
6	58610011	58769997	NA	159987	572	1.8170904	571	23	63.0	mappable	0.06261744	7.0	NA	0.01962159614	0.04166666667	0.06351457968	0.11568989	0.15735656	58610011	58610011	58769997	58769997	NA	missing	323173.2	16.957425	0.9608891	NA	NA	NA	NA	NA	NA	NA	NA	NA	NA	4177406
6	61890002	128867647	NA	66977652	919096	1.9955253	916195	42249	117275.0	mappable	0.08215	5.0	self	4.185808e-05	2.214888e-05	0.00113744334	0.07693143	0.07695358	61890002	61890002	128867646	128867647	0.152152579	1	346781.5	18.051817	1.0133966	NA	NA	0.0	0.997762671	0.99776267	1	1	1:1	2	neutral	4177406
6	128867648	129123682	DEL	256035	3727	1.0281732	3726	43	510.0	mappable	0.4198	2.0	identical	0.337560962	0.02272727273	0.26601457968	0.1113215	0.13404877	128867648	128867743	129123660	129123682	0.837012215	2	246469.6	17.253509	0.7287369	17.15955	0.9817807	0.96356131	0.01873264	1.00944052	1	0	1:0	1	LOH	4177406
6	129123683	136143239	DUP	7019557	101588	1.9955253	101307	3795	13373.0	mappable	0.08472778	5.0	NA	0.001517540947	0.00024533857	0.00898542032	0.08793935	0.08818468	129123683	129123782	136143239	136143239	0.152452347	1	346781.5	18.051817	1.0133966	NA	NA	0.0	0.997762671	0.99776267	1	1	1:1	2	neutral	4177406
6	136143240	136143369	ITX	130	4	1.2071369	4	0	1.0	mappable	NA	NA	NA	NA	inf	0.23381457968	0.28480422	inf	136143240	136143240	136143338	136143369	NA	missing	287791.1	NA	0.7814	NA	NA	NA	NA	NA	NA	NA	NA	NA	NA	4177406
6	136143370	137414948	DEL	1271579	16758	1.0375629	16709	466	2228.0	mappable	0.476025	NA	NA	0.397210962	0.00194174757	0.28371457968	0.09862813	0.10056988	136143370	136143445	137414927	137414948	0.836190449	2	255765.8	17.998335	0.7315	17.73951	0.9880423	0.97608454	0.012406897	1.02515603	1	0	1:0	1	LOH	4177406
6	137414949	137415110	ITX	162	0	0.0	0	0	NA	mappable	NA	NA	NA	NA	inf	1.01521457968	0.27248513	inf	137414949	137414949	137415110	137415110	NA	missing	NA	NA	0.0	NA	NA	0.0	0.0	0.0	0	0	NA	0	homozygousDel	4177406
6	137415111	138240000	DEL	824890	13312	0.1659052	13286	345	1723.0	mappable	0.1164	NA	NA	0.037585962	0.00269541779	0.54021457968	0.10176127	0.10445669	137415111	137415113	138239873	138240127	0.163751961	1	163531.2	8.657536	0.475	NA	NA	0.0	0.082952586	0.08295259	0	0	0:0	0	LOH	4177406
6	138240000	138241324	NA	1325	22	0.8564348	22	0	2.0	mappable	NA	NA	NA	NA	inf	0.33701457968	0.19283099	inf	138239873	138240127	138241319	138241324	NA	missing	225427.0	NA	0.6782	NA	NA	NA	NA	NA	NA	NA	NA	NA	NA	4177406
6	138241325	140974100	DEL	2732776	38251	1.0281732	38140	1543	5146.0	mappable	0.393825	2.0	NA	0.308160962	0.00060459492	0.28321457968	0.0935369	0.0941415	138241325	138241626	140973984	140974100	0.899429129	2	246469.6	17.253509	0.7287369	17.15955	0.9817807	0.96356131	0.01873264	1.00944052	1	0	1:0	1	LOH	4177406
6	140974101	140977861	DEL	3761	31	1.4983691	30	0	3.0	mappable	NA	NA	NA	0.125308131811	1.0	0.14811457968	0.1683941	1.1683941	140974101	140974241	140977687	140977861	NA	missing	349357.5	NA	0.8671	NA	NA	NA	NA	NA	NA	NA	NA	NA	NA	4177406
6	140977862	140978166	ITX	305	2	1.4983691	1	0	0.0	mappable	NA	NA	NA	0.106950151189	1.0	0.14811457968	0.24234594	1.24234594	140977862	140977873	140978002	140978166	NA	missing	349357.5	NA	0.8671	NA	NA	NA	NA	NA	NA	NA	NA	NA	NA	4177406
6	140978167	142306762	DUP	1328596	17283	1.0281732	17218	1130	2110.0	mappable	0.3721375	2.0	NA	0.296123462	0.00083682008	0.28141457968	0.09832131	0.09915813	140978167	140978329	142306737	142306762	0.924108145	2	246469.6	17.253509	0.7287369	17.15955	0.9817807	0.96356131	0.01873264	1.00944052	1	0	1:0	1	LOH	4177406
6	142306763	146225804	DEL	3919042	54790	1.9955253	54609	2431	6878.0	mappable	0.07459265	5.0	self	0.006939038	0.00038284839	0.00528542032	0.09131557	0.09169842	142306763	142306765	146225762	146225804	0.143073769	1	346781.5	18.051817	1.0133966	NA	NA	0.0	0.997762671	0.99776267	1	1	1:1	2	neutral	4177406
6	146225805	147018082	CTX	792278	10323	1.0281732	10294	392	1238.0	mappable	0.3767	2.0	identical	0.294460962	0.00237529691	0.27481457968	0.10206348	0.10443878	146225805	146225823	147018048	147018082	0.950928048	2	246469.6	17.253509	0.7287369	17.15955	0.9817807	0.96356131	0.01873264	1.00944052	1	0	1:0	1	LOH	4177406
6	147018083	156154004	CTX	9135922	133499	1.9955253	133013	7150	17263.0	mappable	0.08190357	5.0	NA	0.000525940392	0.00013095862	0.00299308929	0.08649352	0.08662448	147018083	147018135	156153747	156154004	0.165893194	1	346781.5	18.051817	1.0133966	NA	NA	0.0	0.997762671	0.99776267	1	1	1:1	2	neutral	4177406
6	156154005	156154134	ITX	130	2	1.5680338	2	0	0.0	mappable	NA	NA	NA	NA	inf	0.12761457968	0.28480422	inf	156154005	156154047	156154127	156154134	NA	missing	313597.8	NA	0.8876	NA	NA	NA	NA	NA	NA	NA	NA	NA	NA	4177406
6	156154135	156160025	DEL	5891	115	1.5680338	113	6	20.0	mappable	0.49839242	NA	NA	0.399708689273	0.125	0.12761457968	0.1596896	0.2846896	156154135	156154290	156159942	156160025	NA	missing	313597.8	23.113319	0.8876	NA	NA	NA	NA	NA	NA	NA	NA	NA	NA	4177406
6	156160026	156560026	NA	400001	6407	1.0281732	6394	373	799.0	mappable	0.38274674	2.0	NA	0.30050770113	0.00259067358	0.28211457968	0.10747116	0.11006183	156160026	156160109	156559994	156560058	0.907383909	2	246469.6	17.253509	0.7287369	17.15955	0.9817807	0.96356131	0.01873264	1.00944052	1	0	1:0	1	LOH	4177406
6	156560026	156563027	NA	3002	49	1.7728778	45	0	6.0	mappable	NA	8.0	NA	0.178550608465	0.25	0.08511457968	0.17313457	0.42313457	156559994	156560058	156562871	156563027	NA	missing	294936.0	NA	0.9478788	NA	NA	NA	NA	NA	NA	NA	NA	NA	NA	4177406
6	156563028	160700001	DEL	4136974	60014	1.9955253	59729	3170	7737.0	mappable	0.085575	5.0	NA	0.003335962	0.0002894356	0.00468542032	0.09099121	0.09128065	156563028	156563039	160699972	160700001	0.150107804	1	346781.5	18.051817	1.0133966	NA	NA	0.0	0.997762671	0.99776267	1	1	1:1	2	neutral	4177406
6	160700002	160719981	NA	19980	391	1.7596966	391	0	62.0	mappable	NA	NA	NA	NA	inf	0.07121457968	0.13999456	inf	160700002	160700031	160719920	160719981	NA	missing	353115.4	NA	0.944	NA	NA	NA	NA	NA	NA	NA	NA	NA	NA	4177406
6	160719982	165566490	NA	4846510	75482	1.9955253	75137	4176	9567.0	mappable	0.08710978	5.0	NA	0.004493816615	0.00022119	0.0047823879	0.09005555	0.09027674	160719982	160720043	165566377	165566490	0.1616726	1	346781.5	18.051817	1.0133966	NA	NA	0.0	0.997762671	0.99776267	1	1	1:1	2	neutral	4177406
6	165566491	166110678	NA	544188	8581	1.0281732	8553	353	1060.0	mappable	0.40310263	2.0	identical	0.320863593579	0.00262467192	0.28131457968	0.10496624	0.10759091	165566491	165566503	166110424	166110678	0.910504623	2	246469.6	17.253509	0.7287369	17.15955	0.9817807	0.96356131	0.01873264	1.00944052	1	0	1:0	1	LOH	4177406
6	166110679	170899935	CTX	4789257	79005	1.9955253	78374	4007	10771.0	mappable	0.085575	5.0	edge	0.003335962	0.00021561018	0.00351457968	0.09012512	0.09034073	166110679	166110681	170899935	170899935	0.173447939	1	346781.5	18.051817	1.0133966	NA	NA	0.0	0.997762671	0.99776267	1	1	1:1	2	neutral	4177406
7	40386	25610018	NA	25569643	424620	1.9955253	423049	22494	53944.0	mappable	0.08215	5.0	edge	0.00142473834	4.155758e-05	0.00119829312	0.08127462	0.08131618	40386	40386	25609991	25610045	0.15325706	1	346781.5	18.051817	1.0133966	NA	NA	0.0	0.997762671	0.99776267	1	1	1:1	2	neutral	4177406
7	25610018	25644909	NA	34892	562	2.4577024	561	38	71.0	mappable	0.0945	NA	identical	0.012260962	0.02564102564	0.13418542032	0.13253276	0.15817378	25609991	25610045	25639800	25644909	0.03763134	1	372682.5	19.078049	1.1494	NA	NA	0.0	1.228851207	1.22885121	1	1	1:1	2	neutral	4177406
7	25644910	57999988	NA	32355079	429310	1.9955253	427929	20500	55434.0	mappable	0.08215	5.0	self	0.000194240507	4.570175e-05	0.00205117119	0.08016839	0.08021409	25644910	25650019	57999988	57999988	0.159101071	1	346781.5	18.051817	1.0133966	NA	NA	0.0	0.997762671	0.99776267	1	1	1:1	2	neutral	4177406
7	61530139	61539967	NA	9829	161	1.8170904	159	0	26.0	mappable	NA	7.0	NA	0.018991174752	0.5	0.05051457968	0.15079739	0.65079739	61530139	61530139	61539891	61539967	NA	missing	323173.2	NA	0.9608891	NA	NA	NA	NA	NA	NA	NA	NA	NA	NA	4177406
7	61770004	66620014	NA	4850011	34232	1.8170904	33859	1288	4449.0	mappable	0.08382368	7.0	NA	0.001644301158	0.00060204696	0.06641457968	0.09005133	0.09065337	61770004	61780016	66429976	66810052	0.174850267	1	323173.2	16.957425	0.9608891	NA	NA	0.0	0.908545186	0.90854519	1	1	1:1	2	neutral	4177406
7	66620014	66849989	NA	229976	338	2.2454131	337	54	37.0	mappable	0.061375	6.0	NA	0.022689038	0.01818181818	0.05238542032	0.11228938	0.1304712	66429976	66810052	66849945	66850033	0.132760766	1	347519.3	18.169278	1.0869303	NA	NA	0.0	1.12270657	1.12270657	1	1	1:1	2	neutral	4177406
7	66849989	67940031	NA	1090043	17567	1.8170904	17470	1052	2378.0	mappable	0.085575	7.0	NA	0.003335962	0.00087032202	0.04981457968	0.09972101	0.10059133	66849945	66850033	67939979	67940083	0.221366529	1	323173.2	16.957425	0.9608891	NA	NA	0.0	0.908545186	0.90854519	1	1	1:1	2	neutral	4177406
7	67940031	67960015	NA	19985	347	1.700608	347	11	59.0	mappable	0.13216723	9.0	NA	0.04992819173	0.09090909091	0.13091457968	0.13999103	0.23090012	67939979	67940083	67959991	67960015	NA	missing	345238.5	18.422527	0.9266122	NA	NA	NA	NA	NA	NA	NA	NA	NA	NA	4177406
7	67960016	72229988	NA	4269973	58858	1.9955253	58603	2379	7865.0	mappable	0.08215	5.0	self	8.9038e-05	0.00037965072	0.03361457968	0.09080262	0.09118227	67960016	67960040	72229988	72229988	0.16089102	1	346781.5	18.051817	1.0133966	NA	NA	0.0	0.997762671	0.99776267	1	1	1:1	2	neutral	4177406
7	72750118	74139961	NA	1389844	10235	1.8170904	10184	331	1402.0	mappable	0.0912	7.0	NA	0.008594295333	0.00261780105	0.04981457968	0.09800803	0.10062583	72750118	72750118	74139961	74139961	0.256973297	1	323173.2	16.957425	0.9608891	NA	NA	0.0	0.908545186	0.90854519	1	1	1:1	2	neutral	4177406
7	75160045	76059952	NA	899908	8425	1.8170904	8390	298	1241.0	mappable	0.10448929	7.0	NA	0.025496676286	0.003003003	0.05251457968	0.10111521	0.10411821	75160045	75160045	76059952	76059952	0.202685172	1	323173.2	16.957425	0.9608891	NA	NA	0.0	0.908545186	0.90854519	1	1	1:1	2	neutral	4177406
7	76810004	89560009	NA	12750006	178420	1.9955253	177824	8505	22665.0	mappable	0.08215	5.0	NA	8.9038e-05	0.00010987804	0.00588542032	0.08473142	0.0848413	76810004	76810004	89559982	89560009	0.145280796	1	346781.5	18.051817	1.0133966	NA	NA	0.0	0.997762671	0.99776267	1	1	1:1	2	neutral	4177406
7	89560010	89599994	NA	39985	686	2.2306976	686	0	91.0	mappable	NA	NA	NA	NA	inf	0.06738542032	0.13082865	inf	89560010	89560037	89599891	89600097	NA	missing	371880.4	NA	1.0826	NA	NA	NA	NA	NA	NA	NA	NA	NA	NA	4177406
7	89599994	159119808	NA	69519826	909994	1.9955253	906451	39454	117775.0	mappable	0.08215	5.0	edge	0.001014386374	2.325744e-05	0.00491318187	0.07677272	0.07679597	89599891	89600097	159119808	159119808	0.15426212	1	346781.5	18.051817	1.0133966	NA	NA	0.0	0.997762671	0.99776267	1	1	1:1	2	neutral	4177406
8	170012	2670034	NA	2500026	56868	1.9955253	56253	3288	7618.0	mappable	0.089	5.0	edge	0.006885736872	0.00025634453	0.01962944569	0.0941021	0.09435844	170012	170012	2669970	2670098	0.167119836	1	346781.5	18.051817	1.0133966	NA	NA	0.0	0.997762671	0.99776267	1	1	1:1	2	neutral	4177406
8	2670034	2690017	NA	19984	459	1.81203	459	0	88.0	mappable	NA	NA	NA	NA	inf	0.05581457968	0.13999173	inf	2669970	2670098	2689999	2690017	NA	missing	351634.7	NA	0.9594	NA	NA	NA	NA	NA	NA	NA	NA	NA	NA	4177406
8	2690018	6269969	NA	3579958	120508	1.9955253	120183	5756	15409.0	mappable	0.08334167	5.0	NA	0.00144730061	0.00016447368	0.00358482451	0.09186317	0.09202764	2690018	2690036	6269932	6269969	0.156834876	1	346781.5	18.051817	1.0133966	NA	NA	0.0	0.997762671	0.99776267	1	1	1:1	2	neutral	4177406
8	6269970	6300011	NA	30042	800	1.700608	798	66	102.0	mappable	0.14685227	9.0	NA	0.062324598364	0.01470588235	0.07961457968	0.13445655	0.14916244	6269970	6270007	6299986	6300036	0.160612326	1	345238.5	18.422527	0.9266122	NA	NA	0.0	0.850304005	0.85030401	1	1	1:1	2	neutral	4177406
8	6300011	6309994	NA	9984	248	2.2454131	215	0	24.0	mappable	NA	6.0	NA	0.008839038	0.0303030303	0.05058542032	0.15054117	0.1808442	6299986	6300036	6309972	6310016	NA	missing	347519.3	NA	1.0869303	NA	NA	NA	NA	NA	NA	NA	NA	NA	NA	4177406
8	6309994	6919904	NA	609912	14747	1.9955253	14688	892	1868.0	mappable	0.08971667	5.0	self	0.008521100451	0.00105152471	1.335909e-05	0.10406779	0.10511932	6309972	6310016	6919904	6919904	0.143967823	1	346781.5	18.051817	1.0133966	NA	NA	0.0	0.997762671	0.99776267	1	1	1:1	2	neutral	4177406
8	8100000	11859985	NA	3759986	79382	1.9955253	79109	4953	10108.0	mappable	0.08497143	5.0	self	0.003335962	0.00019135094	0.00498542032	0.09156547	0.09175682	8100000	8100000	11859985	11859985	0.143803132	1	346781.5	18.051817	1.0133966	NA	NA	0.0	0.997762671	0.99776267	1	1	1:1	2	neutral	4177406
8	12580042	43789991	NA	31209957	520334	1.9955253	518782	21619	67560.0	mappable	0.08215	5.0	self	0.001716456114	4.31574e-05	0.00739353724	0.08033579	0.08037895	12580042	12580042	43789991	43789991	0.158454591	1	346781.5	18.051817	1.0133966	NA	NA	0.0	0.997762671	0.99776267	1	1	1:1	2	neutral	4177406
8	46880007	91852624	NA	44972622	614031	1.9955253	612068	27676	78386.0	mappable	0.08215	5.0	NA	0.000114013626	3.373933e-05	0.00193357758	0.07867033	0.07870407	46880007	46880007	91852597	91852624	0.140238331	1	346781.5	18.051817	1.0133966	NA	NA	0.0	0.997762671	0.99776267	1	1	1:1	2	neutral	4177406
8	91852625	91870289	INV	17665	259	1.3502043	259	0	36.0	mappable	NA	NA	NA	NA	inf	0.19171457968	0.14175745	inf	91852625	91852779	91870223	91870289	NA	missing	273293.7	NA	0.8235	NA	NA	NA	NA	NA	NA	NA	NA	NA	NA	4177406
8	91870290	91870548	DUP	259	4	1.3145224	4	0	0.0	mappable	NA	NA	NA	NA	inf	0.20221457968	0.24947584	inf	91870290	91870296	91870473	91870548	NA	missing	290686.7	NA	0.813	NA	NA	NA	NA	NA	NA	NA	NA	NA	NA	4177406
8	91870549	91872116	ITX	1568	23	1.3145224	23	0	3.0	mappable	NA	NA	NA	NA	inf	0.20221457968	0.18841777	inf	91870549	91870760	91872112	91872116	NA	missing	290686.7	NA	0.813	NA	NA	NA	NA	NA	NA	NA	NA	NA	NA	4177406
8	91872117	91891272	ITX	19156	253	1.0281732	252	0	44.0	mappable	NA	2.0	NA	0.346332390571	1.0	0.25091457968	0.14059251	1.14059251	91872117	91872224	91891147	91891272	NA	missing	246469.6	NA	0.7287369	NA	NA	NA	NA	NA	NA	NA	NA	NA	NA	4177406
8	91891273	98132263	INV	6240991	80480	1.9955253	80212	3234	10405.0	mappable	0.08255833	5.0	self	8.9038e-05	0.00028563268	0.00191457968	0.08860008	0.08888571	91891273	91891339	98132238	98132263	0.178607711	1	346781.5	18.051817	1.0133966	NA	NA	0.0	0.997762671	0.99776267	1	1	1:1	2	neutral	4177406
8	98132264	98272823	ITX	140560	1876	1.1293164	1860	68	241.0	mappable	0.411075	NA	NA	0.386935962	0.0119047619	0.25671457968	0.11695341	0.12885817	98132264	98132322	98272778	98272823	0.811489911	2	251953.5	17.469854	0.7585	16.85304	0.9413685	0.88273696	0.066213536	1.06310284	1	0	1:0	1	LOH	4177406
8	98272824	98272972	DEL	149	1	2.007091	1	0	0.0	mappable	NA	NA	NA	NA	inf	0.00158542032	0.27704022	inf	98272824	98272866	98272866	98272972	NA	missing	295144.4	NA	1.0168	NA	NA	NA	NA	NA	NA	NA	NA	NA	NA	4177406
8	98272973	108576643	ITX	10303671	135697	1.9955253	135257	5636	17696.0	mappable	0.0817	5.0	NA	8.9038e-05	0.00016458196	1.457968e-05	0.08584923	0.08601382	98272973	98273017	108576634	108576643	0.163079508	1	346781.5	18.051817	1.0133966	NA	NA	0.0	0.997762671	0.99776267	1	1	1:1	2	neutral	4177406
8	108576644	108715298	CTX	138655	2173	1.1969421	2171	60	303.0	mappable	0.47020807	NA	identical	0.393530216658	0.01612903226	0.23681457968	0.1170882	0.13321724	108576644	108576671	108715197	108715298	0.91617371	2	265231.2	18.74364	0.7784	17.28762	0.956782	0.91356398	0.051729455	1.14521261	1	0	1:0	1	LOH	4177406
8	108715299	108840666	INV	125368	1670	1.9955253	1668	108	204.0	mappable	0.09208095	5.0	self	0.009841914381	0.00909090909	0.00538542032	0.11809297	0.12718388	108715299	108715400	108840489	108840666	0.120636921	1	346781.5	18.051817	1.0133966	NA	NA	0.0	0.997762671	0.99776267	1	1	1:1	2	neutral	4177406
8	108840667	109743157	INV	902491	11582	1.0281732	11521	639	1411.0	mappable	0.43491471	2.0	identical	0.349260962	0.00142857143	0.28451457968	0.10109408	0.10252265	108840667	108840695	109743135	109743157	0.920126364	2	246469.6	17.253509	0.7287369	17.15955	0.9817807	0.96356131	0.01873264	1.00944052	1	0	1:0	1	LOH	4177406
8	109743158	114707202	INV	4964046	65967	1.9955253	65768	3459	8114.0	mappable	0.0782	5.0	self	0.001577522948	0.00027337343	0.00664940686	0.08991558	0.09018896	109743158	109743241	114707120	114707202	0.135924281	1	346781.5	18.051817	1.0133966	NA	NA	0.0	0.997762671	0.99776267	1	1	1:1	2	neutral	4177406
8	114707203	114901099	CTX	193897	3265	1.0281732	3260	185	389.0	mappable	0.38777578	2.0	NA	0.308648266075	0.00526315789	0.27621457968	0.11386324	0.1191264	114707203	114707314	114901095	114901099	0.943516052	2	246469.6	17.253509	0.7287369	17.15955	0.9817807	0.96356131	0.01873264	1.00944052	1	0	1:0	1	LOH	4177406
8	114901100	114914979	CTX	13880	179	1.700608	179	14	23.0	mappable	0.14973017	9.0	NA	0.067491134414	0.07142857143	0.06761457968	0.14534123	0.2167698	114901100	114901111	114909924	114920034	NA	missing	345238.5	18.422527	0.9266122	NA	NA	NA	NA	NA	NA	NA	NA	NA	NA	4177406
8	114914979	132813693	NA	17898717	262414	1.9955253	261555	10671	33964.0	mappable	0.08215	5.0	self	0.000134682024	8.673027e-05	0.00703919451	0.08301045	0.08309718	114909924	114920034	132813633	132813693	0.145306508	1	346781.5	18.051817	1.0133966	NA	NA	0.0	0.997762671	0.99776267	1	1	1:1	2	neutral	4177406
8	132813694	132954179	CTX	140486	1867	1.0281732	1865	60	244.0	mappable	0.43080417	2.0	identical	0.359973462	0.01612903226	0.26301457968	0.11695861	0.13308764	132813694	132813720	132954100	132954179	0.937940514	2	246469.6	17.253509	0.7287369	17.15955	0.9817807	0.96356131	0.01873264	1.00944052	1	0	1:0	1	LOH	4177406
8	132954180	146289988	NA	13335813	206764	1.9955253	205811	9397	26884.0	mappable	0.085575	5.0	edge	0.004078941195	9.662769e-05	0.00091743605	0.08449942	0.08459604	132954180	132954231	146289988	146289988	0.156563883	1	346781.5	18.051817	1.0133966	NA	NA	0.0	0.997762671	0.99776267	1	1	1:1	2	neutral	4177406
9	200101	38769828	NA	38569734	645778	1.9955253	643913	32069	81643.0	mappable	0.08215	5.0	edge	0.000938525744	2.946897e-05	0.00083495886	0.07936204	0.07939151	200101	200101	38769828	38769828	0.143196087	1	346781.5	18.051817	1.0133966	NA	NA	0.0	0.997762671	0.99776267	1	1	1:1	2	neutral	4177406
9	66840048	66849972	NA	9925	540	1.5153605	505	0	44.0	mappable	NA	NA	NA	0.000542835468	0.02857142857	0.14311457968	0.15063813	0.17920955	66840048	66840048	66849972	66849972	NA	missing	658096.7	NA	0.8721	NA	NA	NA	NA	NA	NA	NA	NA	NA	NA	4177406
9	68410004	68419976	NA	9973	1130	1.908541	1037	0	276.0	mappable	NA	NA	NA	0.191335185417	0.01075268817	0.02741457968	0.15055919	0.16131188	68410004	68410004	68419976	68419976	NA	missing	2250228.0	NA	0.9878	NA	NA	NA	NA	NA	NA	NA	NA	NA	NA	4177406
9	71030093	73100024	NA	2069932	27597	1.9955253	27520	1117	3614.0	mappable	0.086575	5.0	NA	0.003335962	0.00083752094	0.01218542032	0.09532365	0.09616117	71030093	71030093	73099983	73100024	0.171315075	1	346781.5	18.051817	1.0133966	NA	NA	0.0	0.997762671	0.99776267	1	1	1:1	2	neutral	4177406
9	73100025	73110011	NA	9987	184	1.7199367	184	0	26.0	mappable	NA	NA	NA	NA	inf	0.08291457968	0.15053626	inf	73100025	73100066	73109999	73110023	NA	missing	298227.5	NA	0.9323	NA	NA	NA	NA	NA	NA	NA	NA	NA	NA	4177406
9	73110011	74917606	NA	1807596	24478	1.9955253	24399	1025	3205.0	mappable	0.07118719	5.0	NA	0.009839038	0.0009057971	0.01268542032	0.09622027	0.09712607	73109999	73110023	74917526	74917606	0.174976405	1	346781.5	18.051817	1.0133966	NA	NA	0.0	0.997762671	0.99776267	1	1	1:1	2	neutral	4177406
9	74917607	74917691	DEL	85	2	2.0087902	2	0	0.0	mappable	NA	NA	NA	NA	inf	0.00208542032	0.31204213	inf	74917607	74917616	74917655	74917691	NA	missing	315208.8	NA	1.0173	NA	NA	NA	NA	NA	NA	NA	NA	NA	NA	4177406
9	74917692	74917875	ITX	184	5	2.0087902	5	0	0.0	mappable	NA	NA	NA	NA	inf	0.00208542032	0.26583153	inf	74917692	74917727	74917873	74917875	NA	missing	315208.8	NA	1.0173	NA	NA	NA	NA	NA	NA	NA	NA	NA	NA	4177406
9	74917876	74929197	DEL	11322	171	1.9455822	171	0	17.0	mappable	NA	NA	NA	NA	inf	0.01651457968	0.14851293	inf	74917876	74917887	74929181	74929197	NA	missing	226692.6	NA	0.9987	NA	NA	NA	NA	NA	NA	NA	NA	NA	NA	4177406
9	74929198	77890002	DEL	2960805	39903	1.9955253	39796	1493	5291.0	mappable	0.08719286	5.0	NA	0.003335962	0.00062539087	0.00268542032	0.09303382	0.09365921	74929198	74929245	77889991	77890013	0.172025735	1	346781.5	18.051817	1.0133966	NA	NA	0.0	0.997762671	0.99776267	1	1	1:1	2	neutral	4177406
9	77890002	77965019	NA	75018	1046	1.6628457	1046	0	142.0	mappable	NA	NA	NA	NA	inf	0.09971457968	0.12349529	inf	77889991	77890013	77949942	77980096	NA	missing	336545.3	NA	0.9155	NA	NA	NA	NA	NA	NA	NA	NA	NA	NA	4177406
9	77965019	108039928	NA	30074913	406430	1.9955253	405102	18861	52476.0	mappable	0.08215	5.0	NA	0.000894477534	4.953192e-05	0.00607005123	0.08050863	0.08055816	77949942	77980096	108039808	108040048	0.146827037	1	346781.5	18.051817	1.0133966	NA	NA	0.0	0.997762671	0.99776267	1	1	1:1	2	neutral	4177406
9	108039928	108059874	NA	19947	317	1.5999776	317	0	37.0	mappable	NA	NA	NA	NA	inf	0.11821457968	0.14001794	inf	108039808	108040048	108059694	108059874	NA	missing	337307.6	NA	0.897	NA	NA	NA	NA	NA	NA	NA	NA	NA	NA	4177406
9	108059875	140389993	NA	32330122	453098	1.9955253	451085	19534	58888.0	mappable	0.085575	5.0	NA	0.003809363649	4.641017e-05	0.00077078132	0.08017197	0.08021838	108059875	108060055	140389982	140389993	0.162196115	1	346781.5	18.051817	1.0133966	NA	NA	0.0	0.997762671	0.99776267	1	1	1:1	2	neutral	4177406
9	140389994	141019791	NA	629798	8010	1.8170904	7923	39	1166.0	mappable	0.085575	7.0	edge	8.9038e-05	0.00793650794	0.04391457968	0.10381774	0.11175425	140389994	140390005	141019791	141019791	0.356823791	2	323173.2	16.957425	0.9608891	17.06379	0.5444159	0.08883179	0.827837493	0.98925288	1	1	1:1	2	mixDH	4177406
10	130013	38779987	NA	38649978	578848	1.9955253	576420	25706	76969.0	mappable	0.085575	5.0	edge	0.002217830456	3.554797e-05	0.0057662055	0.0793526	0.07938814	130013	130013	38779954	38779987	0.176121101	1	346781.5	18.051817	1.0133966	NA	NA	0.0	0.997762671	0.99776267	1	1	1:1	2	neutral	4177406
10	38779988	39149984	NA	369997	7053	1.2339833	6604	10	1272.0	mappable	0.05270652	NA	NA	0.004039038	0.00217864924	0.22591457968	0.10812474	0.11030339	38779988	38780021	39149984	39149984	NA	missing	310268.8	15.51344	0.7893	NA	NA	NA	NA	NA	NA	NA	NA	NA	NA	4177406
10	42410000	46135012	NA	3725013	43350	1.9955253	43226	2117	5490.0	mappable	0.085575	5.0	self	0.006760962	0.00044622936	0.02291457968	0.09162202	0.09206825	42410000	42410000	46129974	46140050	0.132651585	1	346781.5	18.051817	1.0133966	NA	NA	0.0	0.997762671	0.99776267	1	1	1:1	2	neutral	4177406
10	46135012	46159967	NA	24956	290	1.7427052	289	0	47.0	mappable	NA	NA	NA	0.717760962	1.0	0.07621457968	0.13691973	1.13691973	46129974	46140050	46159967	46159967	NA	missing	348897.1	NA	0.939	NA	NA	NA	NA	NA	NA	NA	NA	NA	NA	4177406
10	48310177	48659961	NA	349785	5558	1.9955253	5546	55	716.0	mappable	0.08373889	5.0	self	0.001172073111	0.01492537313	0.02668542032	0.10860057	0.12352595	48310177	48310177	48659961	48659961	0.211119475	1	346781.5	18.051817	1.0133966	NA	NA	0.0	0.997762671	0.99776267	1	1	1:1	2	neutral	4177406
10	49390096	59229997	NA	9839904	135645	1.9955253	135178	7628	16860.0	mappable	0.08215	5.0	NA	0.000396961522	0.00012353305	0.00454956422	0.08609478	0.08621831	49390096	49390096	59229977	59230017	0.158912432	1	346781.5	18.051817	1.0133966	NA	NA	0.0	0.997762671	0.99776267	1	1	1:1	2	neutral	4177406
10	59229997	59243013	NA	13017	167	2.2188036	167	0	22.0	mappable	NA	NA	NA	NA	inf	0.06388542032	0.14632602	inf	59229977	59230017	59242988	59243013	NA	missing	383413.8	NA	1.0791	NA	NA	NA	NA	NA	NA	NA	NA	NA	NA	4177406
10	59243014	88267086	NA	29024075	405628	1.9955253	404280	18048	52523.0	mappable	0.08255385	5.0	NA	0.001348424949	5.155968e-05	0.00092799468	0.08067526	0.08072682	59243014	59243039	88266912	88267086	0.144932581	1	346781.5	18.051817	1.0133966	NA	NA	0.0	0.997762671	0.99776267	1	1	1:1	2	neutral	4177406
10	88267087	88267211	CTX	125	2	2.0043724	2	0	0.0	mappable	NA	NA	NA	NA	inf	0.00078542032	0.28711771	inf	88267087	88267103	88267159	88267211	NA	missing	334835.0	NA	1.016	NA	NA	NA	NA	NA	NA	NA	NA	NA	NA	4177406
10	88267212	135439925	CTX	47172718	669798	1.9955253	667061	30585	87733.0	mappable	0.085575	5.0	edge	0.00404173072	3.0012e-05	0.00102574695	0.07845768	0.07848769	88267212	88267373	135439925	135439925	0.159078479	1	346781.5	18.051817	1.0133966	NA	NA	0.0	0.997762671	0.99776267	1	1	1:1	2	neutral	4177406
11	190010	21179967	NA	20989965	299040	1.9955253	297674	14124	37875.0	mappable	0.085575	5.0	edge	0.004744662136	6.455778e-05	0.00169610122	0.08222603	0.08229059	190010	190010	21179911	21179967	0.180042129	1	346781.5	18.051817	1.0133966	NA	NA	0.0	0.997762671	0.99776267	1	1	1:1	2	neutral	4177406
11	21179968	21189998	NA	10031	191	2.3102172	191	0	24.0	mappable	NA	NA	NA	NA	inf	0.09078542032	0.15046443	inf	21179968	21180024	21189971	21189998	NA	missing	372638.9	NA	1.106	NA	NA	NA	NA	NA	NA	NA	NA	NA	NA	4177406
11	21189999	41560026	NA	20370029	300633	1.9955253	299494	13685	38769.0	mappable	0.078725	5.0	NA	0.002518090923	6.746273e-05	0.00029538995	0.08237251	0.08243997	21189999	21190026	41559999	41560026	0.157440721	1	346781.5	18.051817	1.0133966	NA	NA	0.0	0.997762671	0.99776267	1	1	1:1	2	neutral	4177406
11	41560027	41569947	NA	9921	164	2.2745353	164	0	19.0	mappable	NA	NA	NA	NA	inf	0.08028542032	0.15064472	inf	41560027	41560054	41569877	41569947	NA	missing	373418.6	NA	1.0955	NA	NA	NA	NA	NA	NA	NA	NA	NA	NA	4177406
11	41569948	48750010	NA	7180064	92943	1.9955253	92575	3693	12292.0	mappable	0.082675	5.0	NA	0.002226778676	0.00024624477	0.00604330374	0.08781341	0.08805965	41569948	41570018	48689978	48750010	0.159733751	1	346781.5	18.051817	1.0133966	NA	NA	0.0	0.997762671	0.99776267	1	1	1:1	2	neutral	4177406
11	48750011	48899996	NA	149986	1858	1.6748596	1811	24	273.0	mappable	0.07329131	1.0	NA	0.018981779936	0.01408450704	0.09971457968	0.11631648	0.13040099	48750011	48810043	48899996	48899996	NA	missing	349907.0	18.573069	0.9190353	NA	NA	NA	NA	NA	NA	NA	NA	NA	NA	4177406
11	48899997	50170092	NA	1270096	0	0.0	0	0	NA	mappable	NA	NA	NA	NA	inf	1.01521457968	0.09863632	inf	48899997	48899997	50170092	50170092	NA	missing	NA	NA	0.0	NA	NA	0.0	0.0	0.0	0	0	NA	0	homozygousDel	4177406
11	50170093	50629986	NA	459894	8713	1.9955253	8678	691	1031.0	mappable	0.09230833	5.0	NA	0.010069295333	0.00137741047	0.03301457968	0.1063211	0.10769851	50170093	50170093	50629969	50630003	0.09029924	1	346781.5	18.051817	1.0133966	NA	NA	0.0	0.997762671	0.99776267	1	1	1:1	2	neutral	4177406
11	50629986	50719999	NA	90014	2064	1.5279341	2020	63	272.0	mappable	0.101825	NA	NA	0.035003703935	0.00934579439	0.13941457968	0.12152247	0.13086826	50629969	50630003	50719994	50719999	0.184335673	1	341528.8	18.143716	0.8758	NA	NA	0.0	0.763967069	0.76396707	1	1	1:1	2	neutral	4177406
11	54792817	89349940	NA	34557126	455567	1.9955253	453965	18089	59014.0	mappable	0.08215	5.0	self	6.4509027e-05	5.078462e-05	0.00209993354	0.07986429	0.07991508	54792817	54792817	89349940	89349940	0.161774682	1	346781.5	18.051817	1.0133966	NA	NA	0.0	0.997762671	0.99776267	1	1	1:1	2	neutral	4177406
11	89850037	91050020	NA	1199984	18767	1.9955253	18699	850	2325.0	mappable	0.0753	5.0	NA	0.003514038	0.00108932462	0.00311457968	0.09903646	0.10012578	89850037	89850037	91049941	91050020	0.145734297	1	346781.5	18.051817	1.0133966	NA	NA	0.0	0.997762671	0.99776267	1	1	1:1	2	neutral	4177406
11	91050021	91059984	NA	9964	131	1.5350705	131	0	16.0	mappable	NA	NA	NA	NA	inf	0.13731457968	0.15057396	inf	91050021	91050100	91059861	91059984	NA	missing	329326.0	NA	0.8779	NA	NA	NA	NA	NA	NA	NA	NA	NA	NA	4177406
11	91059985	134739969	NA	43679991	642980	1.9955253	640720	29249	82798.0	mappable	0.08215	5.0	NA	0.002243349626	3.173696e-05	0.00138262645	0.07880075	0.07883249	91059985	91060108	134739919	134739969	0.159971671	1	346781.5	18.051817	1.0133966	NA	NA	0.0	0.997762671	0.99776267	1	1	1:1	2	neutral	4177406
11	134739970	134939862	NA	199893	2428	2.2454131	2413	182	301.0	mappable	0.08054545	6.0	edge	0.000480192769	0.00507614213	0.07788542032	0.11357913	0.11865527	134739970	134740020	134939862	134939862	0.200494862	1	347519.3	18.169278	1.0869303	NA	NA	0.0	1.12270657	1.12270657	1	1	1:1	2	neutral	4177406
12	160107	11723236	NA	11563133	152495	1.9955253	151755	6504	20054.0	mappable	0.085575	5.0	edge	0.003443502327	0.00013804528	0.00141383998	0.08524049	0.08537853	160107	160107	11723172	11723236	0.193296662	1	346781.5	18.051817	1.0133966	NA	NA	0.0	0.997762671	0.99776267	1	1	1:1	2	neutral	4177406
12	11723237	11723321	CTX	85	0	0.0	0	0	NA	mappable	NA	NA	NA	NA	inf	1.01521457968	0.31204213	inf	11723237	11723237	11723321	11723321	NA	missing	NA	NA	0.0	NA	NA	0.0	0.0	0.0	0	0	NA	0	homozygousDel	4177406
12	11723322	34819969	CTX	23096651	324884	1.9955253	323725	15109	42048.0	mappable	0.082675	5.0	NA	3.578027e-06	6.147037e-05	0.00510310574	0.0817622	0.08182367	11723322	11723389	34819969	34819969	0.157352623	1	346781.5	18.051817	1.0133966	NA	NA	0.0	0.997762671	0.99776267	1	1	1:1	2	neutral	4177406
12	38000003	38399999	NA	399997	14498	1.700608	14480	25	1881.0	mappable	0.15945233	9.0	NA	0.068410962	0.02325581395	0.09171457968	0.10747124	0.13072706	38000003	38000003	38399999	38399999	NA	missing	345238.5	18.422527	0.9266122	NA	NA	NA	NA	NA	NA	NA	NA	NA	NA	4177406
12	38400000	82199950	NA	43799956	571664	1.9955253	569633	25803	73884.0	mappable	0.08215	5.0	NA	0.000935496175	3.592728e-05	0.00104003369	0.07878847	0.07882439	38400000	38400000	82199871	82200029	0.143784042	1	346781.5	18.051817	1.0133966	NA	NA	0.0	0.997762671	0.99776267	1	1	1:1	2	neutral	4177406
12	82199950	82209982	NA	10033	134	2.4757133	134	0	19.0	mappable	NA	NA	NA	NA	inf	0.13948542032	0.15046118	inf	82199871	82200029	82209906	82209982	NA	missing	385600.0	NA	1.1547	NA	NA	NA	NA	NA	NA	NA	NA	NA	NA	4177406
12	82209983	115669991	NA	33460013	455619	1.9955253	453985	20739	58815.0	mappable	0.08215	5.0	NA	0.002224780129	4.469673e-05	0.00107957991	0.08001301	0.08005771	82209983	82210059	115669960	115670022	0.149199989	1	346781.5	18.051817	1.0133966	NA	NA	0.0	0.997762671	0.99776267	1	1	1:1	2	neutral	4177406
12	115669991	115680023	NA	10033	198	2.2544855	198	0	23.0	mappable	NA	NA	NA	NA	inf	0.07438542032	0.15046118	inf	115669960	115670022	115679971	115680075	NA	missing	345836.0	NA	1.0896	NA	NA	NA	NA	NA	NA	NA	NA	NA	NA	4177406
12	115680023	133819926	NA	18139907	261131	1.9955253	259689	13284	34881.0	mappable	0.085575	5.0	edge	0.003177752156	6.79071e-05	0.00867338235	0.08294397	0.08301187	115679971	115680075	133819926	133819926	0.159730248	1	346781.5	18.051817	1.0133966	NA	NA	0.0	0.997762671	0.99776267	1	1	1:1	2	neutral	4177406
13	19450038	114839959	NA	95389942	1363681	1.9955253	1358897	65040	175781.0	mappable	0.08215	5.0	edge	0.00015639193	1.432193e-05	0.00012798453	0.07545082	0.07546514	19450038	19450038	114839838	114839959	0.150671255	1	346781.5	18.051817	1.0133966	NA	NA	0.0	0.997762671	0.99776267	1	1	1:1	2	neutral	4177406
13	114839960	114880019	NA	40060	791	1.8170904	778	65	104.0	mappable	0.07260962	7.0	NA	0.013789038	0.01282051282	0.07361457968	0.13080552	0.14362603	114839960	114840081	114879940	114880019	0.143970803	1	323173.2	16.957425	0.9608891	NA	NA	0.0	0.908545186	0.90854519	1	1	1:1	2	neutral	4177406
13	114880020	115099984	NA	219965	3563	2.0176257	3550	32	547.0	mappable	0.19188026	NA	edge	0.078014909368	0.02222222222	0.00468542032	0.11269565	0.13491787	114880020	114880099	115099984	115099984	NA	missing	323905.2	18.408277	1.0199	NA	NA	NA	NA	NA	NA	NA	NA	NA	NA	4177406
14	20330060	20339992	NA	9933	222	1.6292028	222	1	41.0	mappable	0.33333333	NA	edge	0.251094295333	1.0	0.10961457968	0.15062494	1.15062494	20330060	20330060	20339973	20339992	NA	missing	515366.0	34.357733	0.9056	NA	NA	NA	NA	NA	NA	NA	NA	NA	NA	4177406
14	20339993	43720006	NA	23380016	318958	1.9955253	317805	14448	40644.0	mappable	0.08215	5.0	self	0.001416709712	6.409846e-05	0.00809128226	0.08170344	0.08176754	20339993	20340012	43719993	43720006	0.168659259	1	346781.5	18.051817	1.0133966	NA	NA	0.0	0.997762671	0.99776267	1	1	1:1	2	neutral	4177406
14	43720007	43734936	NA	14930	204	1.4674448	203	0	26.0	mappable	NA	NA	identical	0.117760962	1.0	0.15721457968	0.14423847	1.14423847	43720007	43720020	43729869	43740003	NA	missing	373218.0	NA	0.858	NA	NA	NA	NA	NA	NA	NA	NA	NA	NA	4177406
14	43734936	67020001	NA	23285070	321044	1.9955253	319996	13276	41190.0	mappable	0.08215	5.0	NA	0.000374198457	6.981778e-05	0.00427290409	0.08172304	0.08179286	43729869	43740003	67019999	67020003	0.162575553	1	346781.5	18.051817	1.0133966	NA	NA	0.0	0.997762671	0.99776267	1	1	1:1	2	neutral	4177406
14	67020001	67155011	NA	135011	1678	1.7294519	1678	0	228.0	mappable	NA	NA	NA	NA	inf	0.08011457968	0.11735218	inf	67019999	67020003	67149922	67155011	NA	missing	353422.2	NA	0.9351	NA	NA	NA	NA	NA	NA	NA	NA	NA	NA	4177406
14	67155012	69258963	NA	2103952	27460	1.9955253	27388	913	3608.0	mappable	0.092425	5.0	NA	0.010185962	0.00101522843	0.00101457968	0.09521692	0.09623215	67155012	67160101	69258841	69258963	0.193266399	1	346781.5	18.051817	1.0133966	NA	NA	0.0	0.997762671	0.99776267	1	1	1:1	2	neutral	4177406
14	69258964	77845478	DEL	8586515	117194	1.0281732	116739	4912	15179.0	mappable	0.400675	2.0	NA	0.318435962	0.00018635855	0.29151457968	0.08682952	0.08701588	69258964	69258998	77845444	77845478	0.902532122	2	246469.6	17.253509	0.7287369	17.15955	0.9817807	0.96356131	0.01873264	1.00944052	1	0	1:0	1	LOH	4177406
14	77845479	77845480	DEL	2	0	0.0	0	0	NA	mappable	NA	NA	NA	NA	inf	1.01521457968	2.0	inf	77845479	77845479	77845480	77845480	NA	missing	NA	NA	0.0	NA	NA	0.0	0.0	0.0	0	0	NA	0	homozygousDel	4177406
14	77845481	77890089	DEL	44609	483	1.700608	482	1	69.0	mappable	0.0	9.0	NA	0.036808581048	0.5	0.09321457968	0.12949135	0.62949135	77845481	77845498	77889989	77890189	NA	missing	345238.5	18.422527	0.9266122	NA	NA	NA	NA	NA	NA	NA	NA	NA	NA	4177406
14	77890089	96070005	NA	18179918	269490	1.9955253	268575	13145	34524.0	mappable	0.085575	5.0	NA	0.002825117766	7.112881e-05	0.00175409225	0.08293304	0.08300416	77889989	77890189	96069908	96070005	0.150576657	1	346781.5	18.051817	1.0133966	NA	NA	0.0	0.997762671	0.99776267	1	1	1:1	2	neutral	4177406
14	96070006	96079972	NA	9967	237	2.3509966	237	0	42.0	mappable	NA	NA	NA	NA	inf	0.10278542032	0.15056903	inf	96070006	96070103	96079940	96080004	NA	missing	328283.8	NA	1.118	NA	NA	NA	NA	NA	NA	NA	NA	NA	NA	4177406
14	96079972	106094726	NA	10014755	150461	1.9955253	149827	5820	19701.0	mappable	0.089	5.0	NA	0.006760962	0.00015494267	0.00271457968	0.0860007	0.08615565	96079940	96080004	106009942	106094726	0.18049813	1	346781.5	18.051817	1.0133966	NA	NA	0.0	0.997762671	0.99776267	1	1	1:1	2	neutral	4177406
14	106094727	106213417	DEL	118691	0	0.0	0	0	NA	mappable	NA	NA	NA	NA	inf	1.01521457968	0.11864612	inf	106094727	106094727	106213417	106213417	NA	missing	NA	NA	0.0	NA	NA	0.0	0.0	0.0	0	0	NA	0	homozygousDel	4177406
14	106213418	106330465	DEL	117048	1990	0.4377672	1982	35	255.0	mappable	0.03594722	NA	NA	0.049161260222	0.02325581395	0.46021457968	0.11878784	0.14204365	106213418	106250082	106330460	106330465	NA	missing	149951.6	8.747178	0.555	NA	NA	NA	NA	NA	NA	NA	NA	NA	NA	4177406
14	106330466	106350733	CTX	20268	350	-0.1460566	344	5	46.0	mappable	0.14921818	NA	NA	0.044610962	0.09090909091	0.63201457968	0.13979253	0.23070162	106330466	106330467	106349982	106350733	NA	missing	126389.8	7.222272	0.3832	NA	NA	NA	NA	NA	NA	NA	NA	NA	NA	4177406
14	106350734	106350735	CTX	2	0	0.0	0	0	NA	mappable	NA	NA	NA	NA	inf	1.01521457968	2.0	inf	106350734	106350734	106350735	106350735	NA	missing	NA	NA	0.0	NA	NA	0.0	0.0	0.0	0	0	NA	0	homozygousDel	4177406
14	106350736	106354255	CTX	3520	0	0.0	0	0	NA	mappable	NA	NA	NA	NA	inf	1.01521457968	0.16975969	inf	106350736	106350736	106354255	106354255	NA	missing	NA	NA	0.0	NA	NA	0.0	0.0	0.0	0	0	NA	0	homozygousDel	4177406
14	106354256	106363822	ITX	9567	0	0.0	0	0	NA	mappable	NA	NA	NA	NA	inf	1.01521457968	0.15124187	inf	106354256	106354256	106363822	106363822	NA	missing	NA	NA	0.0	NA	NA	0.0	0.0	0.0	0	0	NA	0	homozygousDel	4177406
14	106363823	106724943	ITX	361121	2110	1.0657686	2076	22	234.0	mappable	0.48969565	NA	NA	0.431085962	0.01785714286	0.27541457968	0.1083299	0.12618705	106363823	106400108	106719873	106724943	NA	missing	258306.4	19.133805	0.7398	NA	NA	NA	NA	NA	NA	NA	NA	NA	NA	4177406
14	106724944	107229992	NA	505049	7327	1.9955253	6952	498	829.0	mappable	0.09267016	5.0	self	0.017035962	0.00114547537	0.01888542032	0.10556282	0.1067083	106724944	106730014	107229983	107229992	0.294887398	1	346781.5	18.051817	1.0133966	NA	NA	0.0	0.997762671	0.99776267	1	1	1:1	2	neutral	4177406
14	107229993	107259908	NA	29916	660	2.3863386	659	0	79.0	mappable	NA	NA	edge	0.051936007697	1.0	0.11318542032	0.13451139	1.13451139	107229993	107230002	107259908	107259908	NA	missing	378663.2	NA	1.1284	NA	NA	NA	NA	NA	NA	NA	NA	NA	NA	4177406
15	20850000	20859924	NA	9925	165	2.0587448	136	0	9.0	mappable	NA	NA	edge	0.123484861948	0.03448275862	0.01678542032	0.15063813	0.18512088	20850000	20850000	20859924	20859924	NA	missing	978848.0	NA	1.032	NA	NA	NA	NA	NA	NA	NA	NA	NA	NA	4177406
15	22820012	23069956	NA	249945	3707	1.8170904	3696	186	511.0	mappable	0.0672	7.0	NA	0.013789038	0.00507614213	0.06681457968	0.11153711	0.11661326	22820012	22830043	23069956	23069956	0.194094564	1	323173.2	16.957425	0.9608891	NA	NA	0.0	0.908545186	0.90854519	1	1	1:1	2	neutral	4177406
15	23710146	24329926	NA	619783	10369	1.9955253	10322	563	1287.0	mappable	0.07851471	5.0	NA	0.006284045232	0.00163934426	0.03426164304	0.10394252	0.10558187	23710146	23710146	24329926	24329926	0.089194815	1	346781.5	18.051817	1.0133966	NA	NA	0.0	0.997762671	0.99776267	1	1	1:1	2	neutral	4177406
15	24329927	24830091	NA	500165	0	0.0	0	0	NA	mappable	NA	NA	NA	NA	inf	1.01521457968	0.10564099	inf	24329927	24329927	24830091	24830091	NA	missing	NA	NA	0.0	NA	NA	0.0	0.0	0.0	0	0	NA	0	homozygousDel	4177406
15	24830092	26494989	NA	1664898	26791	1.9955253	26660	1217	3479.0	mappable	0.089	5.0	NA	0.006760962	0.00074183976	0.03181457968	0.09677262	0.09751446	24830092	24830092	26489962	26500016	0.163527872	1	346781.5	18.051817	1.0133966	NA	NA	0.0	0.997762671	0.99776267	1	1	1:1	2	neutral	4177406
15	26494989	26509998	NA	15010	142	1.4766202	142	15	25.0	mappable	0.14435603	NA	NA	0.062116996483	0.06666666667	0.15451457968	0.14415831	0.21082498	26489962	26500016	26509953	26510043	NA	missing	309281.2	15.932668	0.8607	NA	NA	NA	NA	NA	NA	NA	NA	NA	NA	4177406
15	26509998	28529988	NA	2019991	30465	1.8170904	30364	1503	4111.0	mappable	0.08105385	7.0	NA	8.9038e-05	0.0006234414	0.04341457968	0.095484	0.09610744	26509953	26510043	28529988	28529988	0.165179148	1	323173.2	16.957425	0.9608891	NA	NA	0.0	0.908545186	0.90854519	1	1	1:1	2	neutral	4177406
15	29100034	30369914	NA	1269881	18283	1.9955253	18229	669	2396.0	mappable	0.07526538	5.0	self	0.006939038	0.00138312586	0.03261457968	0.09863751	0.10002064	29100034	29100034	30369914	30369914	0.188229177	1	346781.5	18.051817	1.0133966	NA	NA	0.0	0.997762671	0.99776267	1	1	1:1	2	neutral	4177406
15	31160110	82470012	NA	51309909	690214	1.9955253	687734	28451	89349.0	mappable	0.085575	5.0	self	0.00278173512	3.233002e-05	0.00115656318	0.07808616	0.07811849	31160110	31160110	82469979	82470045	0.154347992	1	346781.5	18.051817	1.0133966	NA	NA	0.0	0.997762671	0.99776267	1	1	1:1	2	neutral	4177406
15	82470012	82479795	NA	9784	154	1.6748596	150	10	20.0	mappable	0.03747941	1.0	NA	0.044759626235	0.07142857143	0.10281457968	0.1508727	0.22230127	82469979	82470045	82479795	82479795	NA	missing	349907.0	18.573069	0.9190353	NA	NA	NA	NA	NA	NA	NA	NA	NA	NA	4177406
15	83211507	102399920	NA	19188417	295989	1.9955253	294843	14517	37658.0	mappable	0.08425588	5.0	edge	0.00285134741	6.384473e-05	0.00164172376	0.08266604	0.08272988	83211507	83211507	102399920	102399920	0.155690871	1	346781.5	18.051817	1.0133966	NA	NA	0.0	0.997762671	0.99776267	1	1	1:1	2	neutral	4177406
16	100010	3499963	NA	3399954	51135	1.9955253	50767	2472	6649.0	mappable	0.085575	5.0	edge	0.005096701437	0.00035211268	0.0043263896	0.09217829	0.0925304	100010	100010	3499886	3500040	0.197126688	1	346781.5	18.051817	1.0133966	NA	NA	0.0	0.997762671	0.99776267	1	1	1:1	2	neutral	4177406
16	3499963	3530002	NA	30040	629	2.2454131	625	79	80.0	mappable	0.05843707	6.0	NA	0.024064038	0.01204819277	0.05518542032	0.13445742	0.14650562	3499886	3500040	3529992	3530012	0.22461579	1	347519.3	18.169278	1.0869303	NA	NA	0.0	1.12270657	1.12270657	1	1	1:1	2	neutral	4177406
16	3530002	3545017	NA	15016	180	1.7728778	180	20	24.0	mappable	0.24565	8.0	NA	0.163410962	0.05	0.09671457968	0.14415232	0.19415232	3529992	3530012	3539972	3545017	NA	missing	294936.0	16.22568	0.9478788	NA	NA	NA	NA	NA	NA	NA	NA	NA	NA	4177406
16	3545018	10989951	NA	7444938	165269	1.9955253	164721	7511	21492.0	mappable	0.08215	5.0	self	0.002528471728	0.00012408487	0.00656265343	0.08761236	0.08773645	3545018	3550063	10989852	10989951	0.159253235	1	346781.5	18.051817	1.0133966	NA	NA	0.0	0.997762671	0.99776267	1	1	1:1	2	neutral	4177406
16	10989952	11069953	NA	80002	1456	2.4339145	1450	67	178.0	mappable	0.09127419	NA	identical	0.019423462	0.01369863014	0.12718542032	0.12279168	0.13649031	10989952	10990051	11069836	11070070	0.259696858	1	330010.8	17.47116	1.1424	NA	NA	0.0	1.216957241	1.21695724	1	1	1:1	2	neutral	4177406
16	11069953	16289940	NA	5219990	79453	1.9955253	79082	3636	10409.0	mappable	0.085575	5.0	self	0.005397515214	0.00024956326	0.01010006166	0.08962334	0.0898729	11069836	11070070	16289940	16289940	0.154021005	1	346781.5	18.051817	1.0133966	NA	NA	0.0	0.997762671	0.99776267	1	1	1:1	2	neutral	4177406
16	16870104	18169896	NA	1299793	20460	1.9955253	20370	1135	2594.0	mappable	0.0825	5.0	self	0.003335962	0.00081632653	0.00991457968	0.09847438	0.09929071	16870104	16870104	18169896	18169896	0.151162307	1	346781.5	18.051817	1.0133966	NA	NA	0.0	0.997762671	0.99776267	1	1	1:1	2	neutral	4177406
16	18800044	29039945	NA	10239903	125171	1.9955253	124494	5555	16634.0	mappable	0.089	5.0	self	0.006760962	0.00016046213	0.01231457968	0.08588225	0.08604271	18800044	18800044	29039945	29039945	0.175114991	1	346781.5	18.051817	1.0133966	NA	NA	0.0	0.997762671	0.99776267	1	1	1:1	2	neutral	4177406
16	29670028	31959970	NA	2289943	17558	1.9955253	17445	613	2404.0	mappable	0.07825	5.0	self	0.003514038	0.00137741047	0.02711457968	0.09466613	0.09604354	29670028	29670028	31959970	31959970	0.187419564	1	346781.5	18.051817	1.0133966	NA	NA	0.0	0.997762671	0.99776267	1	1	1:1	2	neutral	4177406
16	32520030	32649899	NA	129870	3149	1.8895107	2825	0	468.0	mappable	NA	NA	NA	0.207226919447	0.00308641975	0.03301457968	0.11773911	0.12082553	32520030	32520030	32649899	32649899	NA	missing	554272.3	NA	0.9822	NA	NA	NA	NA	NA	NA	NA	NA	NA	NA	4177406
16	33590105	35279959	NA	1689855	15433	1.8170904	15385	85	2169.0	mappable	0.06390833	7.0	NA	0.013255704667	0.00751879699	0.04701457968	0.09667221	0.10419101	33590105	33590105	35279959	35279959	0.162118579	1	323173.2	16.957425	0.9608891	NA	NA	0.0	0.908545186	0.90854519	1	1	1:1	2	neutral	4177406
16	46450014	46539988	NA	89975	1126	1.6115317	1123	1	184.0	mappable	0.26829268	NA	NA	0.206816731231	0.25	0.11481457968	0.12152709	0.37152709	46450014	46450014	46539898	46540078	NA	missing	333513.7	21.14965	0.9004	NA	NA	NA	NA	NA	NA	NA	NA	NA	NA	4177406
16	46539988	67128108	NA	20588121	288602	1.9955253	287568	12185	37640.0	mappable	0.08215	5.0	self	6.6156891e-05	7.564869e-05	0.00265519444	0.08232042	0.08239607	46539898	46540078	67128081	67128108	0.146897383	1	346781.5	18.051817	1.0133966	NA	NA	0.0	0.997762671	0.99776267	1	1	1:1	2	neutral	4177406
16	67128109	89420015	CTX	22291913	403006	1.9955253	401402	18297	52555.0	mappable	0.085575	5.0	NA	0.003175251276	5.024873e-05	0.00213765552	0.08193358	0.08198383	67128109	67128148	89419984	89420015	0.167110812	1	346781.5	18.051817	1.0133966	NA	NA	0.0	0.997762671	0.99776267	1	1	1:1	2	neutral	4177406
16	89420016	89430076	NA	10061	226	2.4689167	226	0	24.0	mappable	NA	NA	NA	NA	inf	0.13748542032	0.15041568	inf	89420016	89420047	89429955	89430197	NA	missing	323861.4	NA	1.1527	NA	NA	NA	NA	NA	NA	NA	NA	NA	NA	4177406
16	89430076	89699986	NA	269911	4149	1.9751472	4131	72	601.0	mappable	0.16675882	NA	NA	0.075260962	0.01111111111	0.00781457968	0.11085169	0.1219628	89429955	89430197	89699972	89700000	0.453995109	2	279867.7	15.992439	1.0074	14.09497	0.6238035	0.24760708	0.743043399	1.23210384	1	1	1:1	2	mixDH	4177406
16	89699986	89710007	NA	10022	230	2.2454131	218	7	26.0	mappable	0.103886	6.0	NA	0.008657736193	0.05263157895	0.08878542032	0.15047909	0.20311067	89699972	89700000	89709904	89710007	NA	missing	347519.3	18.169278	1.0869303	NA	NA	NA	NA	NA	NA	NA	NA	NA	NA	4177406
16	89710008	90109969	NA	399962	5800	1.898686	5768	147	838.0	mappable	0.12340833	NA	edge	0.048980079647	0.00558659218	0.03031457968	0.10747197	0.11305856	89710008	89710111	90109969	90109969	0.24010168	1	273812.0	14.831481	0.9849	NA	NA	0.0	0.949343017	0.94934302	1	1	1:1	2	neutral	4177406
17	20080	18239982	NA	18219903	232586	1.9955253	231428	10781	30837.0	mappable	0.08215	5.0	edge	0.003335962	8.375911e-05	0.01351457968	0.08292214	0.0830059	20080	20080	18239982	18239982	0.178306284	1	346781.5	18.051817	1.0133966	NA	NA	0.0	0.997762671	0.99776267	1	1	1:1	2	neutral	4177406
17	18750212	21320000	NA	2569789	23091	1.9955253	22533	483	3158.0	mappable	0.085575	5.0	self	0.017035962	0.00096061479	0.02211457968	0.09392662	0.09488723	18750212	18750212	21319993	21320000	0.186650493	1	346781.5	18.051817	1.0133966	NA	NA	0.0	0.997762671	0.99776267	1	1	1:1	2	neutral	4177406
17	21320001	22180033	NA	860033	2081	2.2454131	1994	49	320.0	mappable	0.07635357	6.0	NA	0.004885962	0.00735294118	0.04958542032	0.10145058	0.10880352	21320001	21320008	22179965	22180101	0.27188896	1	347519.3	18.169278	1.0869303	NA	NA	0.0	1.12270657	1.12270657	1	1	1:1	2	neutral	4177406
17	22180033	22239986	NA	59954	644	1.8170904	644	27	76.0	mappable	0.06253214	7.0	NA	0.019706895143	0.03703703704	0.04171457968	0.12601149	0.16304853	22179965	22180101	22239986	22239986	NA	missing	323173.2	16.957425	0.9608891	NA	NA	NA	NA	NA	NA	NA	NA	NA	NA	4177406
17	25390040	44279982	NA	18889944	210892	1.9955253	210011	6819	28551.0	mappable	0.085575	5.0	self	0.005301639431	0.00012987013	0.00037168853	0.08274339	0.08287326	25390040	25390040	44279982	44279982	0.182681864	1	346781.5	18.051817	1.0133966	NA	NA	0.0	0.997762671	0.99776267	1	1	1:1	2	neutral	4177406
17	44790026	81109940	NA	36319915	476001	1.9955253	473969	19003	63000.0	mappable	0.085575	5.0	edge	0.00334468614	4.754207e-05	0.0031254702	0.07963604	0.07968358	44790026	44790026	81109940	81109940	0.159459495	1	346781.5	18.051817	1.0133966	NA	NA	0.0	0.997762671	0.99776267	1	1	1:1	2	neutral	4177406
18	130031	14119956	NA	13989927	212721	1.9955253	212018	11404	27458.0	mappable	0.08445357	5.0	edge	0.001051671849	8.259684e-05	0.00175888795	0.0842535	0.0843361	130031	130031	14119956	14119956	0.165858721	1	346781.5	18.051817	1.0133966	NA	NA	0.0	0.997762671	0.99776267	1	1	1:1	2	neutral	4177406
18	14119957	14910026	NA	790070	0	0.0	0	0	NA	mappable	NA	NA	NA	NA	inf	1.01521457968	0.10208446	inf	14119957	14119957	14910026	14910026	NA	missing	NA	NA	0.0	NA	NA	0.0	0.0	0.0	0	0	NA	0	homozygousDel	4177406
18	14910027	14929888	NA	19862	364	1.7728778	363	25	46.0	mappable	0.18919231	8.0	NA	0.125662885077	0.03846153846	0.05041457968	0.14007836	0.17853989	14910027	14910027	14929888	14929888	NA	missing	294936.0	16.22568	0.9478788	NA	NA	NA	NA	NA	NA	NA	NA	NA	NA	4177406
18	18540053	44539351	NA	25999300	358740	1.9955253	357620	15927	46061.0	mappable	0.08215	5.0	self	0.000391859092	5.866135e-05	0.00030067733	0.08119529	0.08125396	18540053	18540053	44539124	44539351	0.148533567	1	346781.5	18.051817	1.0133966	NA	NA	0.0	0.997762671	0.99776267	1	1	1:1	2	neutral	4177406
18	44549195	60774577	DEL	16225383	240161	1.9955253	239228	11025	30853.0	mappable	0.08274167	5.0	NA	0.001708787442	8.363302e-05	0.00903030313	0.08350121	0.08358484	44549195	44560038	60774497	60774577	0.156310836	1	346781.5	18.051817	1.0133966	NA	NA	0.0	0.997762671	0.99776267	1	1	1:1	2	neutral	4177406
18	60774578	60774578	CTX	1	0	0.0	0	0	NA	mappable	NA	NA	NA	NA	inf	1.01521457968	inf	inf	60774578	60774578	60774578	60774578	NA	missing	NA	NA	0.0	NA	NA	0.0	0.0	0.0	0	0	NA	0	homozygousDel	4177406
18	60774579	78009968	CTX	17235394	280043	1.9955253	278863	14318	36440.0	mappable	0.08215	5.0	edge	0.000776856839	6.452862e-05	0.00490506587	0.08319858	0.08326311	60774579	60774684	78009968	78009968	0.151047142	1	346781.5	18.051817	1.0133966	NA	NA	0.0	0.997762671	0.99776267	1	1	1:1	2	neutral	4177406
19	260137	24569972	NA	24309836	256614	1.9955253	254770	11640	34423.0	mappable	0.089	5.0	edge	0.006760962	7.416197e-05	0.03761457968	0.08151608	0.08159024	260137	260137	24569972	24569972	0.214121663	1	346781.5	18.051817	1.0133966	NA	NA	0.0	0.997762671	0.99776267	1	1	1:1	2	neutral	4177406
19	27750002	29320021	NA	1570020	29247	1.8170904	29063	865	3925.0	mappable	0.085575	7.0	NA	0.003335962	0.00095328885	0.04691457968	0.09717063	0.09812392	27750002	27750002	29319985	29320021	0.167968996	1	323173.2	16.957425	0.9608891	NA	NA	0.0	0.908545186	0.90854519	1	1	1:1	2	neutral	4177406
19	29320022	29329948	NA	9927	204	2.2697778	204	0	26.0	mappable	NA	NA	NA	NA	inf	0.07888542032	0.15063483	inf	29320022	29320058	29329824	29329948	NA	missing	320781.2	NA	1.0941	NA	NA	NA	NA	NA	NA	NA	NA	NA	NA	4177406
19	29329949	43209995	NA	13880048	168282	1.9955253	167534	7192	22418.0	mappable	0.089	5.0	NA	0.00849991561	0.00012594458	0.0280120607	0.0842939	0.08441984	29329949	29330073	43209995	43209995	0.160615269	1	346781.5	18.051817	1.0133966	NA	NA	0.0	0.997762671	0.99776267	1	1	1:1	2	neutral	4177406
19	43209996	43800005	NA	590010	0	0.0	0	0	NA	mappable	NA	NA	NA	NA	inf	1.01521457968	0.10432761	inf	43209996	43209996	43800005	43800005	NA	missing	NA	NA	0.0	NA	NA	0.0	0.0	0.0	0	0	NA	0	homozygousDel	4177406
19	43800006	59089999	NA	15289994	162153	1.8170904	161261	7054	21718.0	mappable	0.089	7.0	edge	0.006760962	0.00012584948	0.03871457968	0.08380093	0.08392678	43800006	43800006	59089999	59089999	0.182951799	1	323173.2	16.957425	0.9608891	NA	NA	0.0	0.908545186	0.90854519	1	1	1:1	2	neutral	4177406
20	60479	139999	NA	79521	1062	1.700608	1057	38	153.0	mappable	0.14029167	9.0	edge	0.066844295333	0.02325581395	0.07081457968	0.12285731	0.14611312	60479	60479	139927	140071	0.196408797	1	345238.5	18.422527	0.9266122	NA	NA	0.0	0.850304005	0.85030401	1	1	1:1	2	neutral	4177406
20	139999	25729738	NA	25589748	399313	1.9955253	397983	19685	51955.0	mappable	0.085575	5.0	self	0.002595038028	4.758506e-05	0.00110428901	0.08127087	0.08131846	139927	140071	25729738	25729738	0.143132802	1	346781.5	18.051817	1.0133966	NA	NA	0.0	0.997762671	0.99776267	1	1	1:1	2	neutral	4177406
20	29810057	29890085	NA	80029	2078	1.4688041	2058	39	345.0	mappable	0.12336429	NA	NA	0.024606416545	0.01694915254	0.15681457968	0.12278801	0.13973716	29810057	29810057	29889996	29890174	0.194717792	1	320043.3	17.233103	0.8584	NA	NA	0.0	0.734402069	0.73440207	1	1	1:1	2	neutral	4177406
20	29890085	62909989	NA	33019914	495255	1.9955253	493125	20370	65695.0	mappable	0.085575	5.0	edge	0.003907187986	4.444444e-05	0.00238064318	0.0800742	0.08011865	29889996	29890174	62909989	62909989	0.163199792	1	346781.5	18.051817	1.0133966	NA	NA	0.0	0.997762671	0.99776267	1	1	1:1	2	neutral	4177406
21	10720001	11179964	NA	459966	5129	1.3789714	4838	0	925.0	mappable	NA	NA	edge	0.004875097245	0.00344827586	0.18324934279	0.10631982	0.1097681	10720001	10720001	11179964	11179964	NA	missing	667585.5	NA	0.8319652	NA	NA	NA	NA	NA	NA	NA	NA	NA	NA	4177406
21	15410077	48050193	NA	32640121	515431	1.9955253	512873	24149	66879.0	mappable	0.085575	5.0	self	0.004138011025	3.744337e-05	0.00145824985	0.08012775	0.08016519	15410077	15410077	48049998	48050388	0.169591308	1	346781.5	18.051817	1.0133966	NA	NA	0.0	0.997762671	0.99776267	1	1	1:1	2	neutral	4177406
21	48050193	48099931	NA	49739	788	2.2454131	780	44	94.0	mappable	0.06547059	6.0	edge	0.019899332118	0.01923076923	0.07778542032	0.12818796	0.14741872	48049998	48050388	48099931	48099931	0.0656567	1	347519.3	18.169278	1.0869303	NA	NA	0.0	1.12270657	1.12270657	1	1	1:1	2	neutral	4177406
22	16850007	17188666	NA	338660	949	1.4990488	940	0	172.0	mappable	NA	NA	edge	0.150334663299	0.11111111111	0.14791457968	0.10887626	0.21998737	16850007	16850007	16859953	17188666	NA	missing	339715.0	NA	0.8673	NA	NA	NA	NA	NA	NA	NA	NA	NA	NA	4177406
22	17188667	29609973	CTX	12421309	142322	1.9955253	141700	5948	18612.0	mappable	0.087025	5.0	self	0.00518633334	0.000152207	0.00233712574	0.0848669	0.08501911	17188667	17250023	29609920	29610026	0.195652271	1	346781.5	18.051817	1.0133966	NA	NA	0.0	0.997762671	0.99776267	1	1	1:1	2	neutral	4177406
22	29609973	29634996	NA	25024	294	2.2454131	293	7	40.0	mappable	0.0386	6.0	NA	0.027667609429	0.125	0.08208542032	0.13688294	0.26188294	29609920	29610026	29629991	29634996	NA	missing	347519.3	18.169278	1.0869303	NA	NA	NA	NA	NA	NA	NA	NA	NA	NA	4177406
22	29634997	29650045	NA	15049	186	1.6748596	186	22	23.0	mappable	0.08825833	1.0	NA	0.006019295333	0.04545454545	0.13161457968	0.14411942	0.18957397	29634997	29640002	29649965	29650045	NA	missing	349907.0	18.573069	0.9190353	NA	NA	NA	NA	NA	NA	NA	NA	NA	NA	4177406
22	29650046	51179984	NA	21529940	312213	1.9955253	310652	13827	41128.0	mappable	0.089	5.0	edge	0.007648587681	6.49857e-05	0.00702056662	0.08210234	0.08216733	29650046	29650126	51179984	51179984	0.183069343	1	346781.5	18.051817	1.0133966	NA	NA	0.0	0.997762671	0.99776267	1	1	1:1	2	neutral	4177406
23	2700027	38279878	NA	35579854	344808	1.9955253	343786	12345	43910.0	mappable	0.085575	5.0	edge	0.003885639953	7.48167e-05	0.01394620743	0.07973033	0.07980515	2700027	2700027	38279716	38279878	0.157771241	1	346781.5	18.051817	1.0133966	NA	NA	0.0	0.997762671	0.99776267	1	1	1:1	2	neutral	4177406
23	38279879	38300004	NA	20126	194	2.2786133	193	0	34.0	mappable	NA	4.0	NA	0.094231550235	1.0	0.08148542032	0.13989171	1.13989171	38279879	38280041	38299882	38300004	NA	missing	359985.0	NA	1.0967	NA	NA	NA	NA	NA	NA	NA	NA	NA	NA	4177406
23	38300005	58499983	NA	20199979	145847	1.8170904	145378	3601	18650.0	mappable	0.089	7.0	NA	0.010185962	0.00024570025	0.04391457968	0.08241356	0.08265926	38300005	38300127	58499983	58499983	0.170965545	1	323173.2	16.957425	0.9608891	NA	NA	0.0	0.908545186	0.90854519	1	1	1:1	2	neutral	4177406
23	61750000	62580008	NA	830009	10099	1.700608	10085	40	1341.0	mappable	0.11281447	9.0	NA	0.034160962	0.01851851852	0.08541457968	0.10171508	0.1202336	61750000	61750000	62579994	62580008	0.130232073	1	345238.5	18.422527	0.9266122	NA	NA	0.0	0.850304005	0.85030401	1	1	1:1	2	neutral	4177406
23	62580009	62595009	NA	15001	142	2.0475305	142	0	18.0	mappable	NA	NA	NA	NA	inf	0.01348542032	0.1441673	inf	62580009	62580023	62589943	62600075	NA	missing	340674.0	NA	1.0287	NA	NA	NA	NA	NA	NA	NA	NA	NA	NA	4177406
23	62595009	76389968	NA	13794960	109884	1.8170904	109620	2093	14157.0	mappable	0.08629048	7.0	NA	0.002671445871	0.00042426814	0.07541457968	0.08432543	0.0847497	62589943	62600075	76389931	76389968	0.202948748	1	323173.2	16.957425	0.9608891	NA	NA	0.0	0.908545186	0.90854519	1	1	1:1	2	neutral	4177406
23	76389969	76570006	NA	180038	1719	1.5279341	1717	4	226.0	mappable	0.32765086	NA	NA	0.247150617172	0.16666666667	0.13941457968	0.11456104	0.28122771	76389969	76390006	76569988	76570024	NA	missing	295957.6	18.529518	0.8758	NA	NA	NA	NA	NA	NA	NA	NA	NA	NA	4177406
23	76570006	79260037	NA	2690032	25408	1.8170904	25340	965	3298.0	mappable	0.08255833	7.0	NA	0.000319295333	0.00096805421	0.08001457968	0.0936365	0.09460456	76569988	76570024	79259980	79260037	0.144291424	1	323173.2	16.957425	0.9608891	NA	NA	0.0	0.908545186	0.90854519	1	1	1:1	2	neutral	4177406
23	79260038	79319990	NA	59953	750	1.9612143	750	0	90.0	mappable	NA	NA	NA	NA	inf	0.01191457968	0.12601168	inf	79260038	79260095	79319979	79319990	NA	missing	354181.8	NA	1.0033	NA	NA	NA	NA	NA	NA	NA	NA	NA	NA	4177406
23	79319991	88459980	NA	9139990	97808	1.8170904	97501	3329	12471.0	mappable	0.08215	7.0	NA	8.9038e-05	0.0002750275	0.06701457968	0.08649112	0.08676615	79319991	79320002	88459980	88459980	0.151209643	1	323173.2	16.957425	0.9608891	NA	NA	0.0	0.908545186	0.90854519	1	1	1:1	2	neutral	4177406
23	88990017	89349936	NA	359920	1089	1.8170904	1089	90	141.0	mappable	0.06305	7.0	NA	0.019189038	0.01111111111	0.05101457968	0.10835811	0.11946922	88990017	88990017	89349936	89349936	0.006701257	1	323173.2	16.957425	0.9608891	NA	NA	0.0	0.908545186	0.90854519	1	1	1:1	2	neutral	4177406
23	89349937	90140198	NA	790262	0	0.0	0	0	NA	mappable	NA	NA	NA	NA	inf	1.01521457968	0.10208263	inf	89349937	89349937	90140198	90140198	NA	missing	NA	NA	0.0	NA	NA	0.0	0.0	0.0	0	0	NA	0	homozygousDel	4177406
23	90140199	91529952	NA	1389754	5103	1.8170904	5095	340	644.0	mappable	0.0867	7.0	NA	0.003871147185	0.00287356322	0.06381457968	0.09800848	0.10088204	90140199	90140199	91529952	91529952	0.115029058	1	323173.2	16.957425	0.9608891	NA	NA	0.0	0.908545186	0.90854519	1	1	1:1	2	neutral	4177406
23	91529953	92379999	NA	850047	0	0.0	0	0	NA	mappable	NA	NA	NA	NA	inf	1.01521457968	0.10153736	inf	91529953	91529953	92379999	92379999	NA	missing	NA	NA	0.0	NA	NA	0.0	0.0	0.0	0	0	NA	0	homozygousDel	4177406
23	92380000	154929639	NA	62549642	567152	1.9955253	565418	19680	71709.0	mappable	0.08215	5.0	edge	0.00160304078	4.669842e-05	0.03382776098	0.07722455	0.07727125	92380000	92380000	154929639	154929639	0.16654888	1	346781.5	18.051817	1.0133966	NA	NA	0.0	0.997762671	0.99776267	1	1	1:1	2	neutral	4177406
