#chromosome	start	end	crest	length	tcnNbrOfLoci	tcnMean	tcnNbrOfSNPs	tcnNbrOfHets	dhNbrOfLoci	map	dhMax	cluster	neighbour	distDH	errorSNP	distTcn	errorLength	totalError	minStart	maxStart	minStop	maxStop	area	peaks	meanCovT	meanCovB	tcnMeanRaw	AF	BAF	dhMean	c1Mean	c2Mean	A	B	genotype	TCN	GNL	PID
1	840009	12839977	NA	11999971	171853	2.01202	170850	7339	27024.0	mappable	0.092425	6.0	edge	0.010984482977	0.0001198897	0.0012754966	0.08504657	0.08516646	840009	840009	12839977	12839977	0.18439291	1	340262.1	17.7183	0.9858367	NA	NA	0.0	1.00601	1.00601	1	1	1:1	2	neutral	4183924
1	13781517	98969991	NA	85188489	1101866	2.01202	1097932	49369	159177.0	mappable	0.085575	6.0	self	0.002809081375	1.876102e-05	0.00053142113	0.07591817	0.07593693	13781517	13781517	98969902	98970080	0.1877289	1	340262.1	17.7183	0.9858367	NA	NA	0.0	1.00601	1.00601	1	1	1:1	2	neutral	4183924
1	98969991	98980001	NA	10011	185	2.4466002	185	6	26.0	mappable	0.069025	5.0	identical	0.013068665181	0.16666666667	0.17345128094	0.15049703	0.3171637	98969902	98970080	98979991	98980011	NA	missing	404250.0	23.018211	1.147898	NA	NA	NA	NA	NA	NA	NA	NA	NA	NA	4183924
1	98980001	120529963	NA	21549964	290959	2.01202	290200	13547	41051.0	mappable	0.085575	6.0	NA	0.003481334819	6.990074e-05	0.00313427785	0.08209782	0.08216772	98979991	98980011	120529963	120529963	0.17298621	1	340262.1	17.7183	0.9858367	NA	NA	0.0	1.00601	1.00601	1	1	1:1	2	neutral	4183924
1	121220004	121229986	NA	9983	177	2.0888829	177	0	24.0	mappable	NA	NA	NA	NA	inf	0.03015128094	0.15054281	inf	121220004	121220004	121229986	121229986	NA	missing	374702.0	NA	1.0145	NA	NA	NA	NA	NA	NA	NA	NA	NA	NA	4183924
1	144010127	144019970	NA	9844	155	2.0971958	85	0	20.0	mappable	NA	NA	NA	0.287329908392	0.01428571429	0.03325128094	0.15077238	0.1650581	144010127	144010127	144019970	144019970	NA	missing	954822.0	NA	1.0176	NA	NA	NA	NA	NA	NA	NA	NA	NA	NA	4183924
1	144920087	145739956	NA	819870	6375	2.01202	5826	145	872.0	mappable	0.08292237	6.0	self	0.000115724005	0.00144092219	0.01935128094	0.10180689	0.10324781	144920087	144920087	145739956	145739956	0.17690887	1	340262.1	17.7183	0.9858367	NA	NA	0.0	1.00601	1.00601	1	1	1:1	2	neutral	4183924
1	146540101	147829895	NA	1289795	11663	2.01202	11633	455	1655.0	mappable	0.0753	6.0	self	0.003368665181	0.00206185567	0.00385128094	0.09852843	0.10059028	146540101	146540101	147829895	147829895	0.15015315	1	340262.1	17.7183	0.9858367	NA	NA	0.0	1.00601	1.00601	1	1	1:1	2	neutral	4183924
1	149815060	161214178	NA	11399120	137725	2.01202	137230	5822	20306.0	mappable	0.083975	6.0	self	0.003522527776	0.00015830299	0.01425474654	0.08531543	0.08547373	149815060	149815060	161214176	161214178	0.17795279	1	340262.1	17.7183	0.9858367	NA	NA	0.0	1.00601	1.00601	1	1	1:1	2	neutral	4183924
1	161214179	161232989	INV	18811	85	2.4889745	83	0	11.0	mappable	NA	NA	NA	0.150209425546	0.5	0.17935128094	0.14085212	0.64085212	161214179	161214504	161219989	161232989	NA	missing	377998.0	NA	1.1637	NA	NA	NA	NA	NA	NA	NA	NA	NA	NA	4183924
1	161232990	161236759	INV	3770	0	0.0	0	0	NA	mappable	NA	NA	NA	NA	inf	0.98434871906	0.16834523	inf	161232990	161232990	161236759	161236759	NA	missing	NA	NA	0.0	NA	NA	0.0	0.0	0.0	0	0	NA	0	homozygousDel	4183924
1	161236760	161237145	CTX	386	0	0.0	0	0	NA	mappable	NA	NA	NA	NA	inf	0.98434871906	0.23276229	inf	161236760	161236760	161237145	161237145	NA	missing	NA	NA	0.0	NA	NA	0.0	0.0	0.0	0	0	NA	0	homozygousDel	4183924
1	161237146	161551283	CTX	314138	1668	3.9885134	1666	37	253.0	mappable	0.44878625	NA	NA	0.365418876347	0.02564102564	0.73855128094	0.10952279	0.13516382	161237146	161240041	161469771	161551283	0.99959603	2	579306.4	41.786038	1.7229	16.49849	0.756356	0.5127121	0.97177725	3.0167362	3	1	3:1	4	gain	4183924
1	161551300	161633087	CTX	81788	0	0.0	0	0	NA	mappable	NA	NA	NA	NA	inf	0.98434871906	0.12255201	inf	161551300	161551300	161633087	161633087	NA	missing	NA	NA	0.0	NA	NA	0.0	0.0	0.0	0	0	NA	0	homozygousDel	4183924
1	161633104	161679401	CTX	46298	291	4.1048939	290	18	37.0	mappable	0.38631071	NA	NA	0.304189229555	0.05263157895	0.78195128094	0.1290434	0.18167497	161633104	161650035	161679319	161679401	NA	missing	659510.9	47.864505	1.7663	NA	NA	NA	NA	NA	NA	NA	NA	NA	NA	4183924
1	161679402	207209937	CTX	45530538	620872	2.01202	618869	28434	88205.0	mappable	0.08215	6.0	NA	0.000296242975	3.285583e-05	0.00567930201	0.07861533	0.07864818	161679402	161679417	207209840	207210034	0.1495774	1	340262.1	17.7183	0.9858367	NA	NA	0.0	1.00601	1.00601	1	1	1:1	2	neutral	4183924
1	207209937	207219921	NA	9985	125	2.4197897	125	0	16.0	mappable	NA	NA	NA	NA	inf	0.15355128094	0.15053953	inf	207209840	207210034	207219811	207220031	NA	missing	426240.0	NA	1.1379	NA	NA	NA	NA	NA	NA	NA	NA	NA	NA	4183924
1	207219921	247244990	NA	40025075	560019	2.01202	557831	29214	81245.0	mappable	0.08215	6.0	NA	0.001343912455	3.184612e-05	0.00496854785	0.07919412	0.07922596	207219811	207220031	247239960	247244990	0.14455289	1	340262.1	17.7183	0.9858367	NA	NA	0.0	1.00601	1.00601	1	1	1:1	2	neutral	4183924
1	247244991	247284920	NA	39930	426	1.7912276	423	2	69.0	mappable	0.03868707	NA	NA	0.341661507232	0.2	0.08084871906	0.13084565	0.33084565	247244991	247250021	247269820	247300020	NA	missing	281576.7	15.535269	0.9035	NA	NA	NA	NA	NA	NA	NA	NA	NA	NA	4183924
1	247284920	249209945	NA	1925026	22834	2.01202	22722	953	3326.0	mappable	0.08306379	6.0	edge	5.6334819e-05	0.00093896714	0.00785128094	0.09580174	0.09674071	247269820	247300020	249209945	249209945	0.1669562	1	340262.1	17.7183	0.9858367	NA	NA	0.0	1.00601	1.00601	1	1	1:1	2	neutral	4183924
2	20016	1900049	NA	1880034	32741	2.01202	32428	1744	5294.0	mappable	0.08215	6.0	edge	0.006906334819	0.00048614487	0.00994871906	0.09595857	0.09644472	20016	20016	1899942	1900049	0.18531639	1	340262.1	17.7183	0.9858367	NA	NA	0.0	1.00601	1.00601	1	1	1:1	2	neutral	4183924
2	1900050	1909870	NA	9821	151	1.7410821	151	0	18.0	mappable	NA	NA	NA	NA	inf	0.09954871906	0.15081075	inf	1900050	1900157	1909599	1909870	NA	missing	299993.3	NA	0.8848	NA	NA	NA	NA	NA	NA	NA	NA	NA	NA	4183924
2	1909871	32419953	NA	30510086	448878	2.01202	447349	20547	65669.0	mappable	0.08215	6.0	NA	0.002045402302	4.530217e-05	0.00178439758	0.08044152	0.08048682	1909871	1910142	32419903	32420003	0.15722928	1	340262.1	17.7183	0.9858367	NA	NA	0.0	1.00601	1.00601	1	1	1:1	2	neutral	4183924
2	32419953	32449951	NA	29999	443	2.4466002	440	0	73.0	mappable	NA	5.0	identical	0.002159244891	0.33333333333	0.13925128094	0.13447524	0.46780857	32419903	32420003	32449877	32450025	NA	missing	404250.0	NA	1.147898	NA	NA	NA	NA	NA	NA	NA	NA	NA	NA	4183924
2	32449951	51513843	NA	19063897	319145	2.01202	318226	16920	44786.0	mappable	0.08215	6.0	self	0.0008804613	5.60601e-05	0.01101020055	0.08269814	0.0827542	32449877	32450025	51513776	51513843	0.13789009	1	340262.1	17.7183	0.9858367	NA	NA	0.0	1.00601	1.00601	1	1	1:1	2	neutral	4183924
2	51513844	51519976	DUP	6133	115	2.5300026	114	11	18.0	mappable	0.36312015	NA	NA	0.271240546805	0.08333333333	0.19465128094	0.15895247	0.24228581	51513844	51513844	51519930	51519976	NA	missing	460368.0	31.048074	1.179	NA	NA	NA	NA	NA	NA	NA	NA	NA	NA	4183924
2	51519977	84037192	NA	32517220	470412	3.0027218	469074	23624	65721.0	mappable	0.277375	9.0	NA	0.19623225807	4.006089e-05	0.37836810109	0.08014522	0.08018528	51519977	51520023	84037035	84037192	0.83290956	2	463187.2	29.410344	1.3552839	16.76958	0.6633418	0.3266837	1.01089079	1.991831	2	1	2:1	3	gain	4183924
2	84037193	87059860	DUP	3022668	38872	2.01202	38779	1611	5830.0	mappable	0.081	6.0	self	0.001881334819	0.00058685446	0.00274871906	0.09290489	0.09349175	84037193	84037297	87059860	87059860	0.1449101	1	340262.1	17.7183	0.9858367	NA	NA	0.0	1.00601	1.00601	1	1	1:1	2	neutral	4183924
2	88330099	89094923	NA	764825	9475	2.01202	9448	354	1345.0	mappable	0.089	6.0	self	0.013756334819	0.00262467192	0.02775128094	0.10232916	0.10495384	88330099	88330099	89059837	89130009	0.20722414	1	340262.1	17.7183	0.9858367	NA	NA	0.0	1.00601	1.00601	1	1	1:1	2	neutral	4183924
2	89094923	89197301	NA	102379	2129	0.6778361	2129	24	307.0	mappable	0.373275	NA	NA	0.291181334819	0.04166666667	0.49604871906	0.1201666	0.16183326	89059837	89130009	89197190	89197301	NA	missing	171244.5	11.518231	0.4883	NA	NA	NA	NA	NA	NA	NA	NA	NA	NA	4183924
2	89197302	89229990	INV	32689	275	1.028519	271	1	50.0	mappable	0.53846154	7.0	NA	0.582543239581	0.2	0.36194871906	0.13336429	0.33336429	89197302	89197396	89229990	89229990	NA	missing	217786.5	17.432067	0.6190748	NA	NA	NA	NA	NA	NA	NA	NA	NA	NA	4183924
2	89229991	89291927	NA	61937	0	0.0	0	0	NA	mappable	NA	NA	NA	NA	inf	0.98434871906	0.12563987	inf	89229991	89229991	89291927	89291927	NA	missing	NA	NA	0.0	NA	NA	0.0	0.0	0.0	0	0	NA	0	homozygousDel	4183924
2	89840102	90239998	NA	399897	914	2.1884733	903	20	64.0	mappable	0.03460833	8.0	NA	0.044476998515	0.03225806452	0.07055128094	0.10747332	0.13973139	89840102	89840102	90239998	90239998	NA	missing	407431.5	21.57404	1.0516387	NA	NA	NA	NA	NA	NA	NA	NA	NA	NA	4183924
2	95580145	96239991	NA	659847	4439	2.01202	4423	155	703.0	mappable	0.06735761	6.0	NA	0.012907950896	0.00584795322	0.02504871906	0.10345663	0.10930458	95580145	95580145	96239991	96239991	0.07332118	1	340262.1	17.7183	0.9858367	NA	NA	0.0	1.00601	1.00601	1	1	1:1	2	neutral	4183924
2	96239992	96740020	NA	500029	0	0.0	0	0	NA	mappable	NA	NA	NA	NA	inf	0.98434871906	0.10564318	inf	96239992	96239992	96740020	96740020	NA	missing	NA	NA	0.0	NA	NA	0.0	0.0	0.0	0	0	NA	0	homozygousDel	4183924
2	96740021	110080046	NA	13340026	169946	2.01202	169488	7248	24713.0	mappable	0.08088333	6.0	NA	0.000713462941	0.00012976901	0.00317560513	0.08449779	0.08462756	96740021	96740021	110079989	110080046	0.12816116	1	340262.1	17.7183	0.9858367	NA	NA	0.0	1.00601	1.00601	1	1	1:1	2	neutral	4183924
2	110280001	132189994	NA	21909996	277691	2.01202	276862	12986	39426.0	mappable	0.08215	6.0	NA	0.00074525993	7.238509e-05	0.00673191441	0.08201734	0.08208973	110280001	110280030	132189994	132189994	0.15296489	1	340262.1	17.7183	0.9858367	NA	NA	0.0	1.00601	1.00601	1	1	1:1	2	neutral	4183924
2	132189995	133009999	NA	820005	0	0.0	0	0	NA	mappable	NA	NA	NA	NA	inf	0.98434871906	0.10180566	inf	132189995	132189995	133009999	133009999	NA	missing	NA	NA	0.0	NA	NA	0.0	0.0	0.0	0	0	NA	0	homozygousDel	4183924
2	133010000	133089995	NA	79996	2642	2.1884733	2624	0	325.0	mappable	NA	8.0	NA	0.043993665181	0.05555555556	0.06945128094	0.1227925	0.17834805	133010000	133010000	133059989	133120001	NA	missing	407431.5	NA	1.0516387	NA	NA	NA	NA	NA	NA	NA	NA	NA	NA	4183924
2	133089995	144019991	NA	10929997	158399	2.01202	157943	6365	22773.0	mappable	0.078725	6.0	NA	0.003368665181	0.00014660607	0.00375128094	0.08553665	0.08568326	133059989	133120001	144019959	144020023	0.16791274	1	340262.1	17.7183	0.9858367	NA	NA	0.0	1.00601	1.00601	1	1	1:1	2	neutral	4183924
2	144019991	144029935	NA	9945	142	2.3535547	142	0	24.0	mappable	NA	NA	NA	NA	inf	0.12885128094	0.15060518	inf	144019959	144020023	144029776	144030094	NA	missing	416810.0	NA	1.1132	NA	NA	NA	NA	NA	NA	NA	NA	NA	NA	4183924
2	144029935	153480000	NA	9450066	120222	2.01202	119804	4964	16587.0	mappable	0.08215	6.0	NA	5.6334819e-05	0.00018580453	0.00475128094	0.08631146	0.08649727	144029776	144030094	153479912	153480000	0.1557503	1	340262.1	17.7183	0.9858367	NA	NA	0.0	1.00601	1.00601	1	1	1:1	2	neutral	4183924
2	153480001	153499959	NA	19959	248	1.8204568	248	1	50.0	mappable	0.375	NA	NA	0.292906334819	1.0	0.06994871906	0.14000943	1.14000943	153480001	153480089	153499849	153499959	NA	missing	317156.2	21.804487	0.9144	NA	NA	NA	NA	NA	NA	NA	NA	NA	NA	4183924
2	153499960	162950112	NA	9450153	121250	2.01202	120832	6079	16587.0	mappable	0.08215	6.0	NA	5.6334819e-05	0.00015391719	0.00195128094	0.08631141	0.08646533	153499960	153500070	162949998	162950226	0.15241058	1	340262.1	17.7183	0.9858367	NA	NA	0.0	1.00601	1.00601	1	1	1:1	2	neutral	4183924
2	162950112	162959992	NA	9881	162	2.2623811	162	0	24.0	mappable	NA	NA	NA	NA	inf	0.09485128094	0.15071089	inf	162949998	162950226	162959983	162959992	NA	missing	378408.6	NA	1.0792	NA	NA	NA	NA	NA	NA	NA	NA	NA	NA	4183924
2	162959993	208474978	NA	45514990	594435	2.01202	592538	26280	83188.0	mappable	0.078725	6.0	NA	0.002711160272	3.548994e-05	0.00522697231	0.07861685	0.07865234	162959993	162960002	208469841	208480115	0.14218674	1	340262.1	17.7183	0.9858367	NA	NA	0.0	1.00601	1.00601	1	1	1:1	2	neutral	4183924
2	208474978	208490022	NA	15045	120	1.7046126	120	0	20.0	mappable	NA	NA	NA	NA	inf	0.11314871906	0.14412341	inf	208469841	208480115	208489968	208490022	NA	missing	293820.0	NA	0.8712	NA	NA	NA	NA	NA	NA	NA	NA	NA	NA	4183924
2	208490023	242999969	NA	34509951	505970	2.01202	504062	23159	74571.0	mappable	0.085575	6.0	edge	0.003366771985	3.989309e-05	0.00576992961	0.07987058	0.07991047	208490023	208490077	242999969	242999969	0.16049404	1	340262.1	17.7183	0.9858367	NA	NA	0.0	1.00601	1.00601	1	1	1:1	2	neutral	4183924
3	100074	9339994	NA	9239922	167472	2.01202	166853	8514	23766.0	mappable	0.08215	6.0	edge	2.7187315e-05	0.00010950504	0.00292762061	0.08643248	0.08654199	100074	100074	9339875	9339994	0.16149996	1	340262.1	17.7183	0.9858367	NA	NA	0.0	1.00601	1.00601	1	1	1:1	2	neutral	4183924
3	9339995	9359973	NA	19979	306	1.824772	306	18	41.0	mappable	0.1156	1.0	NA	0.033506334819	0.05555555556	0.09844871906	0.13999527	0.19555083	9339995	9340114	9359916	9359973	NA	missing	298921.2	16.151879	0.9160092	NA	NA	NA	NA	NA	NA	NA	NA	NA	NA	4183924
3	9359974	9501822	NA	141849	2006	2.1426397	2004	15	319.0	mappable	0.11207998	4.0	NA	0.038887985065	0.05882352941	0.05105128094	0.11686341	0.17568694	9359974	9360031	9501815	9501829	NA	missing	390155.8	21.483611	1.0345467	NA	NA	NA	NA	NA	NA	NA	NA	NA	NA	4183924
3	9501822	9549996	NA	48175	532	1.824772	532	4	84.0	mappable	0.09334879	1.0	NA	0.011255119985	0.25	0.04864871906	0.12856778	0.37856778	9501815	9501829	9549944	9550048	NA	missing	298921.2	16.151879	0.9160092	NA	NA	NA	NA	NA	NA	NA	NA	NA	NA	4183924
3	9549996	60490004	NA	50940012	696654	2.01202	694480	32596	99887.0	mappable	0.08215	6.0	NA	0.002001738584	2.876373e-05	0.0053975669	0.07811799	0.07814676	9549944	9550048	60489969	60490039	0.14770248	1	340262.1	17.7183	0.9858367	NA	NA	0.0	1.00601	1.00601	1	1	1:1	2	neutral	4183924
3	60490004	60493575	NA	3572	76	1.4310916	76	0	22.0	mappable	NA	NA	NA	NA	inf	0.21514871906	0.16945539	inf	60489969	60490039	60493464	60493575	NA	missing	273037.8	NA	0.7692	NA	NA	NA	NA	NA	NA	NA	NA	NA	NA	4183924
3	60493576	60581456	DEL	87881	1886	1.1235145	1881	94	262.0	mappable	0.48100227	NA	NA	0.401075779263	0.0101010101	0.32984871906	0.12177847	0.13187948	60493576	60493645	60581436	60581456	0.86553947	2	229823.7	17.236779	0.6545	17.22983	0.8905365	0.7810729	0.12298388	1.0005306	1	0	1:0	1	LOH	4183924
3	60581457	60581460	DEL	4	0	0.0	0	0	NA	mappable	NA	NA	NA	NA	inf	0.98434871906	1.0	inf	60581457	60581457	60581460	60581460	NA	missing	NA	NA	0.0	NA	NA	0.0	0.0	0.0	0	0	NA	0	homozygousDel	4183924
3	60581461	66159927	DEL	5578467	91214	2.01202	90954	4197	13312.0	mappable	0.08165588	6.0	NA	0.003368665181	0.00022436617	0.00264871906	0.08924015	0.08946452	60581461	60581540	66159855	66159927	0.1566759	1	340262.1	17.7183	0.9858367	NA	NA	0.0	1.00601	1.00601	1	1	1:1	2	neutral	4183924
3	66340074	86879979	NA	20539906	289756	2.01202	288835	13598	40407.0	mappable	0.08215	6.0	NA	5.6334819e-05	6.887527e-05	0.00054871906	0.08233188	0.08240076	66340074	66340175	86879940	86880018	0.15820386	1	340262.1	17.7183	0.9858367	NA	NA	0.0	1.00601	1.00601	1	1	1:1	2	neutral	4183924
3	86879979	86889891	NA	9913	161	2.2940237	160	1	25.0	mappable	0.2244898	NA	NA	0.280151232778	0.5	0.10665128094	0.15065793	0.65065793	86879940	86880018	86889777	86889891	NA	missing	395000.0	24.183673	1.091	NA	NA	NA	NA	NA	NA	NA	NA	NA	NA	4183924
3	86889892	89570018	NA	2680127	38346	2.01202	38264	1003	5542.0	mappable	0.09098696	6.0	NA	0.006906334819	0.00092165899	0.01145128094	0.09365984	0.0945815	86889892	86890006	89569983	89570018	0.1782211	1	340262.1	17.7183	0.9858367	NA	NA	0.0	1.00601	1.00601	1	1	1:1	2	neutral	4183924
3	89570019	89600022	NA	30004	433	2.1426397	433	1	54.0	mappable	0.13043478	4.0	NA	0.048341117427	1.0	0.06475128094	0.13447306	1.13447306	89570019	89570054	89599999	89600045	NA	missing	390155.8	21.483611	1.0345467	NA	NA	NA	NA	NA	NA	NA	NA	NA	NA	4183924
3	89600022	89610008	NA	9987	162	1.8535532	161	0	24.0	mappable	NA	2.0	NA	0.167906334819	1.0	0.08034871906	0.15053626	1.15053626	89599999	89600045	89609982	89610034	NA	missing	299130.4	NA	0.9267421	NA	NA	NA	NA	NA	NA	NA	NA	NA	NA	4183924
3	89610008	90499969	NA	889962	12457	2.01202	12422	37	1672.0	mappable	0.1581	6.0	self	0.005335331848	0.01388888889	0.01895128094	0.10119724	0.11508613	89609982	89610034	90499969	90499969	0.16892694	1	340262.1	17.7183	0.9858367	NA	NA	0.0	1.00601	1.00601	1	1	1:1	2	neutral	4183924
3	93570175	164499968	NA	70929797	956791	2.01202	953644	47656	135028.0	mappable	0.08215	6.0	NA	8.4552393e-05	1.968504e-05	0.00247717092	0.07668744	0.07670713	93570175	93570175	164499801	164499968	0.15023333	1	340262.1	17.7183	0.9858367	NA	NA	0.0	1.00601	1.00601	1	1	1:1	2	neutral	4183924
3	164499969	164509987	NA	10019	155	2.2516547	154	0	22.0	mappable	NA	NA	NA	0.251239668152	1.0	0.09085128094	0.15048398	1.15048398	164499969	164500136	164509895	164509987	NA	missing	398556.0	NA	1.0752	NA	NA	NA	NA	NA	NA	NA	NA	NA	NA	4183924
3	164509988	188549997	NA	24040013	325922	2.01202	324936	12598	47076.0	mappable	0.08215	6.0	NA	3.378694e-06	7.362144e-05	0.01431240384	0.08156961	0.08164324	164509988	164510080	188549994	188550000	0.16584853	1	340262.1	17.7183	0.9858367	NA	NA	0.0	1.00601	1.00601	1	1	1:1	2	neutral	4183924
3	188549997	188570015	NA	20019	306	2.3830521	306	0	49.0	mappable	NA	NA	NA	NA	inf	0.13985128094	0.139967	inf	188549994	188550000	188569994	188570036	NA	missing	384066.8	NA	1.1242	NA	NA	NA	NA	NA	NA	NA	NA	NA	NA	4183924
3	188570015	197779892	NA	9209881	136155	2.01202	135587	7935	19836.0	mappable	0.08215	6.0	edge	0.002034422953	0.00011760555	0.00557520441	0.08645003	0.08656764	188569994	188570036	197779892	197779892	0.13972512	1	340262.1	17.7183	0.9858367	NA	NA	0.0	1.00601	1.00601	1	1	1:1	2	neutral	4183924
4	50084	1869979	NA	1819896	25940	2.01202	25778	795	4430.0	mappable	0.112975	6.0	edge	0.030881334819	0.00104493208	0.00725128094	0.096175	0.09721993	50084	50084	1869901	1870057	0.1890809	1	340262.1	17.7183	0.9858367	NA	NA	0.0	1.00601	1.00601	1	1	1:1	2	neutral	4183924
4	1869979	1885071	NA	15093	114	2.5608408	114	1	17.0	mappable	0.02857143	NA	NA	0.05352223661	1.0	0.20615128094	0.14407569	1.14407569	1869901	1870057	1879980	1885071	NA	missing	277005.0	14.245971	1.1905	NA	NA	NA	NA	NA	NA	NA	NA	NA	NA	4183924
4	1885072	1925005	NA	39934	282	1.824772	281	0	59.0	mappable	NA	1.0	NA	0.021354610681	1.0	0.04684871906	0.13084441	1.13084441	1885072	1890163	1909982	1940028	NA	missing	298921.2	NA	0.9160092	NA	NA	NA	NA	NA	NA	NA	NA	NA	NA	4183924
4	1925005	2349934	NA	424930	5292	2.01202	5280	91	791.0	mappable	0.06729808	6.0	self	0.021895839094	0.00970873786	0.00965128094	0.1069698	0.11667854	1909982	1940028	2349862	2349934	0.07337398	1	340262.1	17.7183	0.9858367	NA	NA	0.0	1.00601	1.00601	1	1	1:1	2	neutral	4183924
4	2349935	2359973	NA	10039	182	1.6533945	182	1	29.0	mappable	0.0	NA	NA	0.082093665181	1.0	0.13224871906	0.15045142	1.15045142	2349935	2350007	2359943	2359973	NA	missing	219966.0	10.9983	0.8521	NA	NA	NA	NA	NA	NA	NA	NA	NA	NA	4183924
4	2359974	2370002	NA	10029	193	2.1884733	193	1	33.0	mappable	0.04761905	8.0	NA	0.034474617562	1.0	0.13045128094	0.15046769	1.15046769	2359974	2360004	2369970	2370002	NA	missing	407431.5	21.57404	1.0516387	NA	NA	NA	NA	NA	NA	NA	NA	NA	NA	4183924
4	2370003	8939952	NA	6569951	113706	2.01202	112906	7021	17037.0	mappable	0.089	6.0	self	0.007878569689	0.00012786089	0.01799262352	0.08831016	0.08843802	2370003	2370035	8939952	8939952	0.15446768	1	340262.1	17.7183	0.9858367	NA	NA	0.0	1.00601	1.00601	1	1	1:1	2	neutral	4183924
4	9800043	24399139	NA	14599099	231900	2.01202	231134	11592	32556.0	mappable	0.08215	6.0	self	0.001467343956	8.091924e-05	0.01343997046	0.08403582	0.08411674	9800043	9800043	24399126	24399139	0.14517645	1	340262.1	17.7183	0.9858367	NA	NA	0.0	1.00601	1.00601	1	1	1:1	2	neutral	4183924
4	24399140	33149959	DEL	8750823	136899	1.028519	136445	7191	19262.0	mappable	0.633575	7.0	NA	0.549348052908	0.00013080445	0.36181652379	0.08672656	0.08685736	24399140	24399172	33149912	33149959	0.96706195	2	217786.5	17.432067	0.6190748	17.2617	0.9848979	0.9697959	0.01553276	1.0129862	1	0	1:0	1	LOH	4183924
4	33149960	33159996	NA	10037	183	0.8132558	183	0	29.0	mappable	NA	NA	NA	NA	inf	0.44554871906	0.15045467	inf	33149960	33150007	33159945	33159996	NA	missing	213095.6	NA	0.5388	NA	NA	NA	NA	NA	NA	NA	NA	NA	NA	4183924
4	33159997	38418401	NA	5258408	81297	1.028519	81085	4485	11088.0	mappable	0.633575	7.0	NA	0.551080768465	0.00021294719	0.35984966621	0.08958087	0.08979382	33159997	33160048	38418331	38418401	0.95094386	2	217786.5	17.432067	0.6190748	17.2617	0.9848979	0.9697959	0.01553276	1.0129862	1	0	1:0	1	LOH	4183924
4	38418402	49089961	DEL	10671563	148648	2.01202	148169	7005	21215.0	mappable	0.078725	6.0	self	0.002041404742	0.00013361839	0.01678023928	0.08566313	0.08579675	38418402	38418543	49089961	49089961	0.16186197	1	340262.1	17.7183	0.9858367	NA	NA	0.0	1.00601	1.00601	1	1	1:1	2	neutral	4183924
4	52680564	58370006	NA	5689443	76646	2.01202	76406	2728	11194.0	mappable	0.0825	6.0	NA	0.000420223708	0.00033692722	0.00395128094	0.08912713	0.08946406	52680564	52680564	58369975	58370006	0.17183363	1	340262.1	17.7183	0.9858367	NA	NA	0.0	1.00601	1.00601	1	1	1:1	2	neutral	4183924
4	58370007	58385028	NA	15022	183	1.7089032	183	0	32.0	mappable	NA	NA	NA	NA	inf	0.11154871906	0.14414633	inf	58370007	58370038	58379983	58385028	NA	missing	313268.6	NA	0.8728	NA	NA	NA	NA	NA	NA	NA	NA	NA	NA	4183924
4	58385029	68260041	NA	9875013	154866	2.01202	154322	8879	20705.0	mappable	0.08215	6.0	NA	0.00029120694	0.00010612332	0.00010781144	0.08607574	0.08618186	58385029	58390074	68259952	68260041	0.15610723	1	340262.1	17.7183	0.9858367	NA	NA	0.0	1.00601	1.00601	1	1	1:1	2	neutral	4183924
4	68260042	68300020	NA	39979	862	2.4466002	849	27	104.0	mappable	0.06599605	5.0	identical	0.00896785873	0.025	0.16245128094	0.1308305	0.1558305	68260042	68260131	68299968	68300072	NA	missing	404250.0	23.018211	1.147898	NA	NA	NA	NA	NA	NA	NA	NA	NA	NA	4183924
4	68300020	93489902	NA	25189885	332080	2.01202	331043	14747	46821.0	mappable	0.08215	6.0	NA	0.000802180393	6.33553e-05	0.01684601444	0.08134598	0.08140933	68299968	68300072	93489758	93490046	0.15767787	1	340262.1	17.7183	0.9858367	NA	NA	0.0	1.00601	1.00601	1	1	1:1	2	neutral	4183924
4	93489902	93500124	NA	10223	184	1.667875	184	0	28.0	mappable	NA	NA	NA	NA	inf	0.12684871906	0.15015544	inf	93489758	93490046	93499992	93500256	NA	missing	323212.9	NA	0.8575	NA	NA	NA	NA	NA	NA	NA	NA	NA	NA	4183924
4	93500124	98400000	NA	4899878	68552	2.01202	68299	3190	9358.0	mappable	0.078725	6.0	NA	0.000751481712	0.00029044438	0.01199029188	0.08999153	0.09028197	93499992	93500256	98399920	98400080	0.13740174	1	340262.1	17.7183	0.9858367	NA	NA	0.0	1.00601	1.00601	1	1	1:1	2	neutral	4183924
4	98400000	98409913	NA	9914	130	2.4267618	130	0	26.0	mappable	NA	NA	NA	NA	inf	0.15615128094	0.15065628	inf	98399920	98400080	98409771	98410055	NA	missing	456990.0	NA	1.1405	NA	NA	NA	NA	NA	NA	NA	NA	NA	NA	4183924
4	98409913	190791781	NA	92381881	1286571	2.01202	1281853	62226	181247.0	mappable	0.08215	6.0	NA	0.001295350006	1.49383e-05	0.00470536423	0.07558263	0.07559757	98409771	98410055	190791771	190791781	0.15474012	1	340262.1	17.7183	0.9858367	NA	NA	0.0	1.00601	1.00601	1	1	1:1	2	neutral	4183924
4	190791782	190939997	NA	148216	535	1.6641208	535	0	72.0	mappable	NA	NA	edge	NA	inf	0.12824871906	0.11643245	inf	190791782	190791792	190939997	190939997	NA	missing	201438.7	NA	0.8561	NA	NA	NA	NA	NA	NA	NA	NA	NA	NA	4183924
5	50017	7839991	NA	7789975	130632	2.4466002	129986	6746	19967.0	mappable	0.1027	5.0	edge	0.020606334819	0.00013528139	0.13485128094	0.08736223	0.08749752	50017	50017	7839920	7840062	0.48860766	2	404250.0	23.018211	1.147898	17.27995	0.5873221	0.1746442	1.00965786	1.4369423	sub	1	sub:1	sub	sub	4183924
5	7839991	7850014	NA	10024	166	2.01202	162	17	19.0	mappable	0.0854471	6.0	self	0.005101319145	0.04761904762	0.03015128094	0.15047583	0.19809488	7839920	7840062	7849989	7850014	NA	missing	340262.1	17.7183	0.9858367	NA	NA	NA	NA	NA	NA	NA	NA	NA	NA	4183924
5	7850015	23140014	NA	15290000	221685	2.4466002	220976	9313	32014.0	mappable	0.10955	5.0	NA	0.024031334819	9.979044e-05	0.15045128094	0.08380092	0.08390072	7850015	7850040	23139987	23140014	0.52949653	2	404250.0	23.018211	1.147898	17.27995	0.5873221	0.1746442	1.00965786	1.4369423	sub	1	sub:1	sub	sub	4183924
5	23140015	23180025	NA	40011	751	2.2143808	751	29	113.0	mappable	0.20087597	NA	NA	0.118782303811	0.03448275862	0.07695128094	0.13082063	0.16530338	23140015	23140042	23179996	23180054	NA	missing	389656.7	21.647593	1.0613	NA	NA	NA	NA	NA	NA	NA	NA	NA	NA	4183924
5	23180025	27893025	NA	4713001	73049	2.4466002	72801	4269	9717.0	mappable	0.10644643	5.0	NA	0.02435276339	0.00022138588	0.16485128094	0.09021926	0.09044065	23179996	23180054	27892924	27893025	0.51891745	2	404250.0	23.018211	1.147898	17.27995	0.5873221	0.1746442	1.00965786	1.4369423	sub	1	sub:1	sub	sub	4183924
5	27893026	27894155	DEL	1130	22	2.4146947	22	0	3.0	mappable	NA	NA	NA	NA	inf	0.15165128094	0.19719768	inf	27893026	27893070	27894119	27894155	NA	missing	408555.6	NA	1.136	NA	NA	NA	NA	NA	NA	NA	NA	NA	NA	4183924
5	27894156	29819978	DEL	1925823	29822	2.4466002	29730	1225	4216.0	mappable	0.09420357	5.0	NA	0.013706334819	0.00075930144	0.16025128094	0.095799	0.09655831	27894156	27894197	29819884	29819978	0.52141674	2	404250.0	23.018211	1.147898	17.27995	0.5873221	0.1746442	1.00965786	1.4369423	sub	1	sub:1	sub	sub	4183924
5	29819979	29839996	NA	20018	355	2.2272524	355	0	69.0	mappable	NA	NA	NA	NA	inf	0.08175128094	0.13996771	inf	29819979	29820073	29839957	29840035	NA	missing	440549.6	NA	1.0661	NA	NA	NA	NA	NA	NA	NA	NA	NA	NA	4183924
5	29839996	36460030	NA	6620035	91819	2.4466002	91494	5308	13126.0	mappable	0.099275	5.0	NA	0.017181334819	0.0001775253	0.15165128094	0.08826746	0.08844498	29839957	29840035	36459986	36460030	0.52497866	2	404250.0	23.018211	1.147898	17.27995	0.5873221	0.1746442	1.00965786	1.4369423	sub	1	sub:1	sub	sub	4183924
5	36460031	36490006	NA	29976	343	2.7515011	341	0	56.0	mappable	NA	NA	NA	0.374019187483	0.5	0.27725128094	0.13448524	0.63448524	36460031	36460075	36489986	36490026	NA	missing	426686.8	NA	1.2616	NA	NA	NA	NA	NA	NA	NA	NA	NA	NA	4183924
5	36490006	45149871	NA	8659866	118801	2.4466002	118482	4509	17002.0	mappable	0.09585	5.0	NA	0.017181334819	0.00020716801	0.17525128094	0.08678328	0.08699045	36489986	36490026	45149718	45149871	0.51785716	2	404250.0	23.018211	1.147898	17.27995	0.5873221	0.1746442	1.00965786	1.4369423	sub	1	sub:1	sub	sub	4183924
5	45149872	45159999	NA	10128	180	2.1990958	179	0	29.0	mappable	NA	NA	NA	0.266743544121	1.0	0.07125128094	0.15030743	1.15030743	45149872	45150025	45159945	45159999	NA	missing	380553.8	NA	1.0556	NA	NA	NA	NA	NA	NA	NA	NA	NA	NA	4183924
5	45160000	46399990	NA	1239991	21519	2.4466002	21406	875	2567.0	mappable	0.08531667	5.0	NA	0.00287776339	0.00101214575	0.17295128094	0.09880496	0.09981711	45160000	45160054	46399990	46399990	0.55501374	2	404250.0	23.018211	1.147898	17.27995	0.5873221	0.1746442	1.00965786	1.4369423	sub	1	sub:1	sub	sub	4183924
5	49470005	53590093	NA	4120089	55316	2.4466002	55026	2622	7641.0	mappable	0.11295278	5.0	NA	0.029841917663	0.00034340659	0.16996566014	0.09101565	0.09135905	49470005	49470005	53589967	53590093	0.53334415	2	404250.0	23.018211	1.147898	17.27995	0.5873221	0.1746442	1.00965786	1.4369423	sub	1	sub:1	sub	sub	4183924
5	53590094	53629964	NA	39871	596	2.1884733	592	33	104.0	mappable	0.07144536	8.0	NA	0.00796557748	0.02702702703	0.09485128094	0.13086391	0.15789094	53590094	53590220	53629920	53630008	0.23799235	1	407431.5	21.57404	1.0516387	NA	NA	0.0	1.09423663	1.0942366	1	1	1:1	2	neutral	4183924
5	53629964	58590019	NA	4960058	69839	2.4466002	69559	4809	9859.0	mappable	0.10383654	5.0	NA	0.022575347252	0.00019650226	0.17112442202	0.08992027	0.09011677	53629920	53630008	58589985	58590053	0.53180702	2	404250.0	23.018211	1.147898	17.27995	0.5873221	0.1746442	1.00965786	1.4369423	sub	1	sub:1	sub	sub	4183924
5	58590019	58620002	NA	29984	469	2.1884733	469	14	59.0	mappable	0.08827955	8.0	NA	0.006185880273	0.07142857143	0.09915128094	0.13448176	0.20591033	58589985	58590053	58619982	58620002	NA	missing	407431.5	21.57404	1.0516387	NA	NA	NA	NA	NA	NA	NA	NA	NA	NA	4183924
5	58620003	68829703	NA	10209701	130384	2.4466002	130022	5829	18402.0	mappable	0.1027	5.0	NA	0.020606334819	0.00016152479	0.17635128094	0.08589797	0.08605949	58620003	58620023	68829703	68829703	0.52663066	2	404250.0	23.018211	1.147898	17.27995	0.5873221	0.1746442	1.00965786	1.4369423	sub	1	sub:1	sub	sub	4183924
5	70750153	122990000	NA	52239850	740207	2.4466002	738269	31648	103397.0	mappable	0.1027	5.0	NA	0.020551284632	2.97752e-05	0.16486706368	0.07800724	0.07803701	70750153	70750153	122989890	122990110	0.52690407	2	404250.0	23.018211	1.147898	17.27995	0.5873221	0.1746442	1.00965786	1.4369423	sub	1	sub:1	sub	sub	4183924
5	122990000	122999998	NA	9999	201	2.01202	189	0	35.0	mappable	NA	6.0	self	0.032372012785	0.08333333333	0.03725128094	0.15051663	0.23384997	122989890	122990110	122999990	122999998	NA	missing	340262.1	NA	0.9858367	NA	NA	NA	NA	NA	NA	NA	NA	NA	NA	4183924
5	122999999	148829931	NA	25829935	344818	2.4466002	343827	14732	49771.0	mappable	0.10905132	5.0	NA	0.028648873502	6.360109e-05	0.16397882793	0.08122639	0.08128999	122999999	123000007	148829782	148829931	0.52824932	2	404250.0	23.018211	1.147898	17.27995	0.5873221	0.1746442	1.00965786	1.4369423	sub	1	sub:1	sub	sub	4183924
5	148829932	148840004	NA	10073	173	2.1199892	173	0	27.0	mappable	NA	NA	NA	NA	inf	0.04175128094	0.15039623	inf	148829932	148830081	148839977	148840004	NA	missing	299728.0	NA	1.0261	NA	NA	NA	NA	NA	NA	NA	NA	NA	NA	4183924
5	148840005	160479996	NA	11639993	164915	2.4466002	164403	8578	23770.0	mappable	0.10561667	5.0	NA	0.024504621936	0.000110011	0.15950440164	0.08520578	0.08531579	148840005	148840032	160479993	160479996	0.52202516	2	404250.0	23.018211	1.147898	17.27995	0.5873221	0.1746442	1.00965786	1.4369423	sub	1	sub:1	sub	sub	4183924
5	160479997	160504651	NA	24655	323	2.01202	322	27	35.0	mappable	0.08980962	6.0	self	0.003639819028	0.03571428571	0.04765128094	0.13708402	0.17279831	160479997	160480000	160499267	160504651	NA	missing	340262.1	17.7183	0.9858367	NA	NA	NA	NA	NA	NA	NA	NA	NA	NA	4183924
5	160504652	166049964	NA	5545313	80216	2.4466002	79969	3085	11144.0	mappable	0.10891786	5.0	NA	0.027456334819	0.00030012005	0.14965128094	0.08927441	0.08957453	160504652	160510036	166049927	166049964	0.51291865	2	404250.0	23.018211	1.147898	17.27995	0.5873221	0.1746442	1.00965786	1.4369423	sub	1	sub:1	sub	sub	4183924
5	166049965	166059979	NA	10015	139	2.6788303	139	0	19.0	mappable	NA	NA	NA	NA	inf	0.25015128094	0.15049051	inf	166049965	166050002	166059954	166060004	NA	missing	450606.2	NA	1.2345	NA	NA	NA	NA	NA	NA	NA	NA	NA	NA	4183924
5	166059979	180380040	NA	14320063	194095	2.4466002	193454	9123	29342.0	mappable	0.106125	5.0	NA	0.024853244269	0.00010242753	0.15503657319	0.08413424	0.08423667	166059954	166060004	180379974	180380040	0.48512189	2	404250.0	23.018211	1.147898	17.27995	0.5873221	0.1746442	1.00965786	1.4369423	sub	1	sub:1	sub	sub	4183924
5	180380041	180450017	NA	69977	570	2.1426397	568	0	51.0	mappable	NA	4.0	NA	0.101239668152	0.5	0.08165128094	0.12426533	0.62426533	180380041	180380107	180449968	180450017	NA	missing	390155.8	NA	1.0345467	NA	NA	NA	NA	NA	NA	NA	NA	NA	NA	4183924
5	180450018	180689979	NA	239962	4072	2.4466002	4051	148	597.0	mappable	0.07444545	5.0	edge	0.011385331848	0.00591715976	0.18315128094	0.1119041	0.11782126	180450018	180450067	180689979	180689979	0.40506544	2	404250.0	23.018211	1.147898	17.27995	0.5873221	0.1746442	1.00965786	1.4369423	sub	1	sub:1	sub	sub	4183924
6	180248	57845022	NA	57664787	857364	2.01202	851825	41256	125824.0	mappable	0.08215	6.0	edge	0.001618277093	2.137072e-05	0.00174319872	0.07757595	0.07759732	180248	180248	57689985	58000059	0.15618784	1	340262.1	17.7183	0.9858367	NA	NA	0.0	1.00601	1.00601	1	1	1:1	2	neutral	4183924
6	57845022	58019982	NA	174961	504	1.824772	500	35	79.0	mappable	0.08575	1.0	NA	0.003656334819	0.02564102564	0.13474871906	0.11483249	0.14047351	57689985	58000059	58019982	58019982	0.3235753	1	298921.2	16.151879	0.9160092	NA	NA	0.0	0.91238602	0.912386	1	1	1:1	2	neutral	4183924
6	58610011	58769997	NA	159987	572	2.01202	570	29	59.0	mappable	0.08905	6.0	self	0.003918665181	0.03225806452	0.03984871906	0.11568989	0.14794796	58610011	58610011	58769997	58769997	NA	missing	340262.1	17.7183	0.9858367	NA	NA	NA	NA	NA	NA	NA	NA	NA	NA	4183924
6	61890002	77309992	NA	15419994	221219	2.01202	220525	8224	31464.0	mappable	0.08215	6.0	NA	0.000723095636	0.00011213277	0.00942279559	0.08375806	0.08387019	61890002	61890002	77309984	77310000	0.14199612	1	340262.1	17.7183	0.9858367	NA	NA	0.0	1.00601	1.00601	1	1	1:1	2	neutral	4183924
6	77309992	77320000	NA	10009	172	2.3476553	172	0	27.0	mappable	NA	NA	NA	NA	inf	0.12665128094	0.1505003	inf	77309984	77310000	77319994	77320000	NA	missing	407683.3	NA	1.111	NA	NA	NA	NA	NA	NA	NA	NA	NA	NA	4183924
6	77320001	103919981	NA	26599985	365387	2.01202	364301	16039	51122.0	mappable	0.081175	6.0	NA	0.000852449917	5.839416e-05	0.00345308834	0.08108682	0.08114521	77320001	77320007	103919944	103920018	0.14264698	1	340262.1	17.7183	0.9858367	NA	NA	0.0	1.00601	1.00601	1	1	1:1	2	neutral	4183924
6	103919981	103939998	NA	20018	438	1.5713382	438	0	80.0	mappable	NA	NA	NA	NA	inf	0.16284871906	0.13996771	inf	103919944	103920018	103939968	103939998	NA	missing	289834.3	NA	0.8215	NA	NA	NA	NA	NA	NA	NA	NA	NA	NA	4183924
6	103939999	157420031	NA	53480039	740198	2.01202	738179	30942	106151.0	mappable	0.08215	6.0	NA	0.000860596776	3.034073e-05	0.00669027267	0.07790438	0.07793472	103939999	103940029	157419971	157420091	0.14129769	1	340262.1	17.7183	0.9858367	NA	NA	0.0	1.00601	1.00601	1	1	1:1	2	neutral	4183924
6	157420031	157425047	NA	5017	74	1.824772	71	0	7.0	mappable	NA	1.0	NA	0.047643665181	0.33333333333	0.09464871906	0.16269939	0.49603272	157419971	157420091	157425023	157425047	NA	missing	298921.2	NA	0.9160092	NA	NA	NA	NA	NA	NA	NA	NA	NA	NA	4183924
6	157425048	157428249	DEL	3202	50	1.7542218	48	0	3.0	mappable	NA	NA	NA	0.617154455119	0.5	0.09464871906	0.17175111	0.67175111	157425048	157425123	157428090	157428249	NA	missing	338997.1	NA	0.8897	NA	NA	NA	NA	NA	NA	NA	NA	NA	NA	4183924
6	157428250	157438737	DEL	10488	154	1.824772	149	0	18.0	mappable	NA	1.0	NA	0.019741362879	0.2	0.06534871906	0.14974037	0.34974037	157428250	157428268	157438736	157438737	NA	missing	298921.2	NA	0.9160092	NA	NA	NA	NA	NA	NA	NA	NA	NA	NA	4183924
6	157438738	157438887	INV	150	1	1.8443229	1	0	0.0	mappable	NA	NA	NA	NA	inf	0.06104871906	0.27667038	inf	157438738	157438752	157438752	157438887	NA	missing	332026.2	NA	0.9233	NA	NA	NA	NA	NA	NA	NA	NA	NA	NA	4183924
6	157438888	157630423	INV	191536	1968	1.2326547	1961	13	264.0	mappable	0.56396667	NA	NA	0.479906334819	0.05	0.28914871906	0.11397793	0.16397793	157438888	157438891	157630402	157630423	NA	missing	221615.3	16.621147	0.6952	NA	NA	NA	NA	NA	NA	NA	NA	NA	NA	4183924
6	157630424	170880107	INV	13249685	208312	2.01202	207115	12074	31767.0	mappable	0.085575	6.0	NA	0.005200834948	7.536363e-05	0.00617987329	0.0845328	0.08460817	157630424	157630594	170879960	170880107	0.15046506	1	340262.1	17.7183	0.9858367	NA	NA	0.0	1.00601	1.00601	1	1	1:1	2	neutral	4183924
6	170880108	170899935	NA	19828	313	1.7931047	313	0	66.0	mappable	NA	NA	edge	NA	inf	0.08014871906	0.14010261	inf	170880108	170880255	170899935	170899935	NA	missing	327819.8	NA	0.9042	NA	NA	NA	NA	NA	NA	NA	NA	NA	NA	4183924
7	40386	23379935	NA	23339557	391917	2.01202	390510	19248	56167.0	mappable	0.085575	6.0	edge	0.003151420571	4.841443e-05	0.00277731502	0.08171178	0.0817602	40386	40386	23379865	23379935	0.15179254	1	340262.1	17.7183	0.9858367	NA	NA	0.0	1.00601	1.00601	1	1	1:1	2	neutral	4183924
7	23379936	23390020	NA	10085	151	2.4315887	149	0	25.0	mappable	NA	NA	identical	0.047171270503	0.5	0.15795128094	0.15037681	0.65037681	23379936	23380006	23389994	23390046	NA	missing	414580.0	NA	1.1423	NA	NA	NA	NA	NA	NA	NA	NA	NA	NA	4183924
7	23390020	57999988	NA	34609971	462956	2.01202	461389	24531	66345.0	mappable	0.08215	6.0	self	0.00027158024	3.831711e-05	0.00102348413	0.07985727	0.07989558	23389994	23390046	57999988	57999988	0.14417095	1	340262.1	17.7183	0.9858367	NA	NA	0.0	1.00601	1.00601	1	1	1:1	2	neutral	4183924
7	61749999	61789997	NA	39999	2318	2.4466002	2270	0	289.0	mappable	NA	5.0	NA	0.003657196888	0.02083333333	0.15585128094	0.13082433	0.15165766	61749999	61750000	61789990	61790004	NA	missing	404250.0	NA	1.147898	NA	NA	NA	NA	NA	NA	NA	NA	NA	NA	4183924
7	61789997	70674990	NA	8884997	89088	2.01202	88378	4607	13012.0	mappable	0.078725	6.0	NA	0.003395691592	0.00018807598	0.00358872706	0.08664408	0.08683215	61789990	61790004	70669979	70674990	0.17465412	1	340262.1	17.7183	0.9858367	NA	NA	0.0	1.00601	1.00601	1	1	1:1	2	neutral	4183924
7	70674991	70700002	NA	25012	361	1.8285016	361	0	64.0	mappable	NA	NA	NA	NA	inf	0.06694871906	0.13688942	inf	70674991	70680002	70699968	70700036	NA	missing	288112.5	NA	0.9174	NA	NA	NA	NA	NA	NA	NA	NA	NA	NA	4183924
7	70700002	71940053	NA	1240052	20126	2.01202	20027	993	2979.0	mappable	0.07298289	6.0	NA	0.006793665181	0.00091575092	0.00524871906	0.09880462	0.09972037	70699968	70700036	71939973	71940133	0.14006429	1	340262.1	17.7183	0.9858367	NA	NA	0.0	1.00601	1.00601	1	1	1:1	2	neutral	4183924
7	71940053	72229988	NA	289936	618	2.1884733	617	52	79.0	mappable	0.086625	8.0	NA	0.000784783095	0.01886792453	0.06215128094	0.11022092	0.12908885	71939973	71940133	72229988	72229988	0.34008029	1	407431.5	21.57404	1.0516387	NA	NA	0.0	1.09423663	1.0942366	1	1	1:1	2	neutral	4183924
7	72750118	74139961	NA	1389844	10258	2.01202	10206	421	1550.0	mappable	0.08607143	6.0	self	0.003693834819	0.0021141649	0.01315128094	0.09800803	0.10012219	72750118	72750118	74139961	74139961	0.24577645	1	340262.1	17.7183	0.9858367	NA	NA	0.0	1.00601	1.00601	1	1	1:1	2	neutral	4183924
7	75160045	76059952	NA	899908	8419	2.01202	8366	276	1454.0	mappable	0.08605517	6.0	self	0.013756334819	0.00303951368	0.01145128094	0.10111521	0.10415472	75160045	75160045	76059952	76059952	0.23663025	1	340262.1	17.7183	0.9858367	NA	NA	0.0	1.00601	1.00601	1	1	1:1	2	neutral	4183924
7	76810004	110860146	NA	34050145	441454	2.01202	440026	18867	62292.0	mappable	0.08215	6.0	self	1.4937966e-05	4.927322e-05	0.00431298227	0.07993235	0.07998163	76810004	76810004	110859998	110860146	0.15088167	1	340262.1	17.7183	0.9858367	NA	NA	0.0	1.00601	1.00601	1	1	1:1	2	neutral	4183924
7	110860147	110940041	NA	79895	1019	1.824772	1011	56	147.0	mappable	0.10152955	1.0	NA	0.023435682645	0.015625	0.05874871906	0.12280624	0.13843124	110860147	110860295	110939971	110940041	0.18346347	1	298921.2	16.151879	0.9160092	NA	NA	0.0	0.91238602	0.912386	1	1	1:1	2	neutral	4183924
7	110940042	112100027	NA	1159986	15740	2.1884733	15703	547	2186.0	mappable	0.07416667	8.0	NA	0.006793665181	0.00171232877	0.05565128094	0.09927689	0.10098922	110940042	110940112	112099935	112100119	0.21606188	1	407431.5	21.57404	1.0516387	NA	NA	0.0	1.09423663	1.0942366	1	1	1:1	2	neutral	4183924
7	112100027	112109945	NA	9919	160	2.4691308	160	0	34.0	mappable	NA	NA	NA	NA	inf	0.17195128094	0.15064802	inf	112099935	112100119	112109800	112109945	NA	missing	422676.7	NA	1.1563	NA	NA	NA	NA	NA	NA	NA	NA	NA	NA	4183924
7	112109946	112470051	NA	360106	4545	2.1426397	4541	178	651.0	mappable	0.10711429	4.0	NA	0.025484219852	0.00549450549	0.07510181999	0.10835374	0.11384824	112109946	112110091	112469968	112470051	0.18502063	1	390155.8	21.483611	1.0345467	NA	NA	0.0	1.07131985	1.0713199	1	1	1:1	2	neutral	4183924
7	112470052	119200009	NA	6729958	86666	2.01202	86467	3494	11827.0	mappable	0.078725	6.0	NA	0.003368665181	0.00027078256	0.00534871906	0.088175	0.08844578	112470052	112470135	119199979	119200039	0.12950542	1	340262.1	17.7183	0.9858367	NA	NA	0.0	1.00601	1.00601	1	1	1:1	2	neutral	4183924
7	119200009	119209999	NA	9991	166	2.2090176	166	0	28.0	mappable	NA	NA	NA	NA	inf	0.07495128094	0.15052971	inf	119199979	119200039	119209997	119209999	NA	missing	363286.7	NA	1.0593	NA	NA	NA	NA	NA	NA	NA	NA	NA	NA	4183924
7	119210000	159119808	NA	39909809	539385	2.01202	537318	24622	80043.0	mappable	0.085575	6.0	edge	0.003481334819	3.747143e-05	0.00334871906	0.07920717	0.07924464	119210000	119210002	159119808	159119808	0.15134999	1	340262.1	17.7183	0.9858367	NA	NA	0.0	1.00601	1.00601	1	1	1:1	2	neutral	4183924
8	170012	319995	NA	149984	2494	1.824772	2492	5	434.0	mappable	0.14913382	1.0	edge	0.05232986423	0.14285714286	0.05394871906	0.11631661	0.25917375	170012	170012	309926	319995	NA	missing	298921.2	16.151879	0.9160092	NA	NA	NA	NA	NA	NA	NA	NA	NA	NA	4183924
8	319996	6919904	NA	6599914	191131	2.01202	189999	11879	27210.0	mappable	0.08215	6.0	self	0.002229770246	7.685804e-05	0.00275103789	0.08828457	0.08836143	319996	330065	6919904	6919904	0.14258643	1	340262.1	17.7183	0.9858367	NA	NA	0.0	1.00601	1.00601	1	1	1:1	2	neutral	4183924
8	8100000	11859985	NA	3759986	79361	2.01202	79093	4972	11294.0	mappable	0.08215	6.0	self	5.6334819e-05	0.00019083969	0.01035128094	0.09156547	0.09175631	8100000	8100000	11859985	11859985	0.11842382	1	340262.1	17.7183	0.9858367	NA	NA	0.0	1.00601	1.00601	1	1	1:1	2	neutral	4183924
8	12580042	43789991	NA	31209956	520269	2.01202	518696	23191	74502.0	mappable	0.08215	6.0	self	0.001597108123	4.038283e-05	0.00067689557	0.08033579	0.08037618	12580042	12580042	43789991	43789991	0.1625341	1	340262.1	17.7183	0.9858367	NA	NA	0.0	1.00601	1.00601	1	1	1:1	2	neutral	4183924
8	46880007	118611305	NA	71731305	966721	2.01202	963627	45991	134212.0	mappable	0.08215	6.0	NA	0.000266899116	2.037324e-05	0.00699771543	0.07663981	0.07666018	46880007	46880007	118611225	118611305	0.14391243	1	340262.1	17.7183	0.9858367	NA	NA	0.0	1.00601	1.00601	1	1	1:1	2	neutral	4183924
8	118611306	118611604	CTX	299	8	2.6758805	8	0	0.0	mappable	NA	NA	NA	NA	inf	0.24905128094	0.24319061	inf	118611306	118611318	118611546	118611604	NA	missing	455166.0	NA	1.2334	NA	NA	NA	NA	NA	NA	NA	NA	NA	NA	4183924
8	118611605	118620055	CTX	8451	127	2.6758805	127	10	14.0	mappable	0.08463553	NA	NA	0.002541861134	0.1	0.24905128094	0.15331655	0.25331655	118611605	118611634	118619927	118620183	NA	missing	455166.0	26.867438	1.2334	NA	NA	NA	NA	NA	NA	NA	NA	NA	NA	4183924
8	118620055	129152260	NA	10532210	155772	3.0027218	155310	6546	22499.0	mappable	0.27789362	9.0	NA	0.195207294696	0.00014269406	0.37046285169	0.08573276	0.08587546	118619927	118620183	129152259	129152260	0.82745577	2	463187.2	29.410344	1.3552839	16.76958	0.6633418	0.3266837	1.01089079	1.991831	2	1	2:1	3	gain	4183924
8	129152261	129152270	CTX	10	0	0.0	0	0	NA	mappable	NA	NA	NA	NA	inf	0.98434871906	0.60205999	inf	129152261	129152261	129152270	129152270	NA	missing	NA	NA	0.0	NA	NA	0.0	0.0	0.0	0	0	NA	0	homozygousDel	4183924
8	129152271	145139976	CTX	15987710	253805	3.0027218	252840	12923	37474.0	mappable	0.270525	9.0	NA	0.185905297196	7.201498e-05	0.34801450585	0.08357549	0.08364751	129152271	129152300	145139945	145139976	0.84406762	2	463187.2	29.410344	1.3552839	16.76958	0.6633418	0.3266837	1.01089079	1.991831	2	1	2:1	3	gain	4183924
8	145139977	145159997	NA	20021	325	2.6614	324	0	51.0	mappable	NA	NA	NA	0.017906334819	1.0	0.24365128094	0.13996559	1.13996559	145139977	145140008	145159977	145159997	NA	missing	324310.7	NA	1.228	NA	NA	NA	NA	NA	NA	NA	NA	NA	NA	4183924
8	145159998	146289988	NA	1129991	11524	3.0027218	11465	347	1801.0	mappable	0.25375	9.0	edge	0.174581334819	0.00246305419	0.37365128094	0.09946349	0.10192655	145159998	145160018	146289988	146289988	0.78969387	2	463187.2	29.410344	1.3552839	16.76958	0.6633418	0.3266837	1.01089079	1.991831	2	1	2:1	3	gain	4183924
9	200101	12829959	NA	12629867	249138	2.01202	248399	12971	34648.0	mappable	0.08274167	6.0	edge	0.000538505612	7.293946e-05	0.00654517067	0.08478048	0.08485342	200101	200101	12829872	12829959	0.14697678	1	340262.1	17.7183	0.9858367	NA	NA	0.0	1.00601	1.00601	1	1	1:1	2	neutral	4183924
9	12829960	12839793	NA	9834	187	2.2790068	187	0	38.0	mappable	NA	NA	NA	NA	inf	0.10105128094	0.15078905	inf	12829960	12830047	12839564	12840022	NA	missing	406708.9	NA	1.0854	NA	NA	NA	NA	NA	NA	NA	NA	NA	NA	4183924
9	12839793	38769828	NA	25930038	396222	2.01202	395075	19431	55108.0	mappable	0.08215	6.0	NA	0.000653674075	4.859559e-05	0.00450124795	0.08120798	0.08125658	12839564	12840022	38769828	38769828	0.15999873	1	340262.1	17.7183	0.9858367	NA	NA	0.0	1.00601	1.00601	1	1	1:1	2	neutral	4183924
9	66840048	66849972	NA	9925	540	2.1884733	500	0	25.0	mappable	NA	8.0	NA	0.024935788469	0.025	0.08735128094	0.15063813	0.17563813	66840048	66840048	66849972	66849972	NA	missing	407431.5	NA	1.0516387	NA	NA	NA	NA	NA	NA	NA	NA	NA	NA	4183924
9	68410004	68419976	NA	9973	1130	2.1884733	1050	0	303.0	mappable	NA	8.0	NA	0.021690634878	0.0125	0.05435128094	0.15055919	0.16305919	68410004	68410004	68419976	68419976	NA	missing	407431.5	NA	1.0516387	NA	NA	NA	NA	NA	NA	NA	NA	NA	NA	4183924
9	71030093	141019791	NA	69989709	961298	2.01202	958060	41857	141951.0	mappable	0.08215	6.0	edge	0.002842175975	2.21759e-05	0.00027152489	0.07674409	0.07676626	71030093	71030093	141019791	141019791	0.15194328	1	340262.1	17.7183	0.9858367	NA	NA	0.0	1.00601	1.00601	1	1	1:1	2	neutral	4183924
10	130013	764929	NA	634917	11323	2.1426397	11233	94	1820.0	mappable	0.1044625	4.0	edge	0.051431334819	0.00552486188	0.03325128094	0.10375484	0.10927971	130013	130013	759835	770023	0.27042976	1	390155.8	21.483611	1.0345467	NA	NA	0.0	1.07131985	1.0713199	1	1	1:1	2	neutral	4183924
10	764929	789967	NA	25039	308	2.1884733	306	13	68.0	mappable	0.06639038	8.0	NA	0.017076998515	0.06666666667	0.12265128094	0.13687484	0.20354151	759835	770023	779815	789967	NA	missing	407431.5	21.57404	1.0516387	NA	NA	NA	NA	NA	NA	NA	NA	NA	NA	4183924
10	789968	12280000	NA	11490033	194543	2.01202	193537	10653	28791.0	mappable	0.085575	6.0	self	0.003481334819	8.577065e-05	0.01005128094	0.08527374	0.08535951	789968	800120	12279957	12280043	0.16002585	1	340262.1	17.7183	0.9858367	NA	NA	0.0	1.00601	1.00601	1	1	1:1	2	neutral	4183924
10	12280000	12319998	NA	39999	412	2.3680353	412	2	69.0	mappable	0.29230769	NA	identical	0.210214027126	0.5	0.13425128094	0.13082433	0.63082433	12279957	12280043	12299890	12340106	NA	missing	331205.7	18.088927	1.1186	NA	NA	NA	NA	NA	NA	NA	NA	NA	NA	4183924
10	12319998	38840018	NA	26520022	372784	2.01202	371458	17131	54026.0	mappable	0.08215	6.0	self	0.001387959311	5.417999e-05	0.00581883588	0.0811011	0.08115528	12299890	12340106	38809991	38840018	0.16732139	1	340262.1	17.7183	0.9858367	NA	NA	0.0	1.00601	1.00601	1	1	1:1	2	neutral	4183924
10	39119997	39129998	NA	10002	759	2.01202	756	0	160.0	mappable	NA	6.0	self	0.019127809053	0.33333333333	0.01304871906	0.15051173	0.48384506	39119997	39120000	39129993	39130003	NA	missing	340262.1	NA	0.9858367	NA	NA	NA	NA	NA	NA	NA	NA	NA	NA	4183924
10	39129998	39149984	NA	19987	1264	2.2358334	1261	0	234.0	mappable	NA	NA	NA	0.418314149155	0.33333333333	0.08495128094	0.13998961	0.47332295	39129993	39130003	39149984	39149984	NA	missing	418028.4	NA	1.0693	NA	NA	NA	NA	NA	NA	NA	NA	NA	NA	4183924
10	42410000	42459996	NA	49997	1848	2.2237663	1848	0	233.0	mappable	NA	NA	NA	NA	inf	0.08045128094	0.12812666	inf	42410000	42410000	42459951	42460041	NA	missing	411559.8	NA	1.0648	NA	NA	NA	NA	NA	NA	NA	NA	NA	NA	4183924
10	42459996	46159967	NA	3699972	41773	2.01202	41707	1127	6234.0	mappable	0.089	6.0	NA	0.010331334819	0.00083822297	0.00384871906	0.09166288	0.0925011	42459951	42460041	46159967	46159967	0.1225891	1	340262.1	17.7183	0.9858367	NA	NA	0.0	1.00601	1.00601	1	1	1:1	2	neutral	4183924
10	48310177	48659961	NA	349785	5555	2.01202	5540	276	816.0	mappable	0.068725	6.0	self	0.013110331848	0.00343642612	0.03334871906	0.10860057	0.112037	48310177	48310177	48659961	48659961	0.17078247	1	340262.1	17.7183	0.9858367	NA	NA	0.0	1.00601	1.00601	1	1	1:1	2	neutral	4183924
10	49390096	50060015	NA	669920	10943	2.0558995	10938	8	1690.0	mappable	0.043375	NA	NA	0.241314668152	0.07692307692	0.01785128094	0.10333979	0.18026287	49390096	49390096	50059891	50060139	NA	missing	325171.3	18.501994	1.0022	NA	NA	NA	NA	NA	NA	NA	NA	NA	NA	4183924
10	50060015	50079934	NA	19920	309	2.2326155	309	0	34.0	mappable	NA	NA	NA	NA	inf	0.08375128094	0.1400371	inf	50059891	50060139	50079853	50079934	NA	missing	398401.5	NA	1.0681	NA	NA	NA	NA	NA	NA	NA	NA	NA	NA	4183924
10	50079935	65329916	NA	15249982	210850	2.01202	210210	9795	30018.0	mappable	0.08215	6.0	NA	5.6334819e-05	9.583134e-05	0.00245128094	0.0838142	0.08391003	50079935	50080016	65329638	65329916	0.149044	1	340262.1	17.7183	0.9858367	NA	NA	0.0	1.00601	1.00601	1	1	1:1	2	neutral	4183924
10	65329917	65339980	NA	10064	100	1.7818421	100	0	16.0	mappable	NA	NA	NA	NA	inf	0.08434871906	0.15041081	inf	65329917	65330195	65339907	65340053	NA	missing	331994.3	NA	0.9	NA	NA	NA	NA	NA	NA	NA	NA	NA	NA	4183924
10	65339980	135439925	NA	70099953	988966	2.01202	985480	43765	145264.0	mappable	0.085575	6.0	edge	0.002716226635	2.116402e-05	0.00621913796	0.0767374	0.07675857	65339907	65340053	135439925	135439925	0.15482749	1	340262.1	17.7183	0.9858367	NA	NA	0.0	1.00601	1.00601	1	1	1:1	2	neutral	4183924
11	190010	48899996	NA	48709995	694907	2.01202	691908	35927	98797.0	mappable	0.08215	6.0	edge	0.001445380576	2.569043e-05	0.00748340356	0.07831554	0.07834123	190010	190010	48899996	48899996	0.16573845	1	340262.1	17.7183	0.9858367	NA	NA	0.0	1.00601	1.00601	1	1	1:1	2	neutral	4183924
11	48899997	50170092	NA	1270096	0	0.0	0	0	NA	mappable	NA	NA	NA	NA	inf	0.98434871906	0.09863632	inf	48899997	48899997	50170092	50170092	NA	missing	NA	NA	0.0	NA	NA	0.0	0.0	0.0	0	0	NA	0	homozygousDel	4183924
11	50170093	51579984	NA	1409892	18787	2.01202	18563	1136	2521.0	mappable	0.07793929	6.0	NA	0.001267049104	0.00073529412	0.01605128094	0.09790889	0.09864419	50170093	50170093	51579984	51579984	0.11337435	1	340262.1	17.7183	0.9858367	NA	NA	0.0	1.00601	1.00601	1	1	1:1	2	neutral	4183924
11	54792817	83019959	NA	28227147	370190	2.01202	368679	16065	53959.0	mappable	0.08215	6.0	self	0.000705091575	5.6899e-05	0.001740953	0.08080619	0.08086309	54792817	54792817	83019913	83020005	0.15746134	1	340262.1	17.7183	0.9858367	NA	NA	0.0	1.00601	1.00601	1	1	1:1	2	neutral	4183924
11	83019959	83029982	NA	10024	134	2.4449966	131	0	24.0	mappable	NA	NA	identical	0.039747547169	0.33333333333	0.16295128094	0.15047583	0.48380917	83019913	83020005	83029950	83029982	NA	missing	348551.7	NA	1.1473	NA	NA	NA	NA	NA	NA	NA	NA	NA	NA	4183924
11	83029983	89349940	NA	6319958	84863	2.01202	84609	3619	12044.0	mappable	0.08215	6.0	self	5.6334819e-05	0.00025819778	0.00144871906	0.08852894	0.08878713	83029983	83030015	89349940	89349940	0.15513435	1	340262.1	17.7183	0.9858367	NA	NA	0.0	1.00601	1.00601	1	1	1:1	2	neutral	4183924
11	89850037	95855858	NA	6005822	86836	2.01202	86573	4178	11998.0	mappable	0.08059474	6.0	NA	5.6334819e-05	0.00022517451	0.01124871906	0.08881811	0.08904328	89850037	89850037	95855829	95855858	0.15499618	1	340262.1	17.7183	0.9858367	NA	NA	0.0	1.00601	1.00601	1	1	1:1	2	neutral	4183924
11	95855859	95856272	DEL	414	5	1.7325011	5	0	3.0	mappable	NA	NA	NA	NA	inf	0.10274871906	0.23005728	inf	95855859	95855941	95856249	95856272	NA	missing	300524.3	NA	0.8816	NA	NA	NA	NA	NA	NA	NA	NA	NA	NA	4183924
11	95856273	95856714	DEL	442	7	1.7325011	7	0	2.0	mappable	NA	NA	NA	NA	inf	0.10274871906	0.22758559	inf	95856273	95856384	95856694	95856714	NA	missing	300524.3	NA	0.8816	NA	NA	NA	NA	NA	NA	NA	NA	NA	NA	4183924
11	95856715	95857297	DEL	583	10	1.7325011	10	0	3.0	mappable	NA	NA	NA	NA	inf	0.10274871906	0.21769058	inf	95856715	95856775	95857260	95857297	NA	missing	300524.3	NA	0.8816	NA	NA	NA	NA	NA	NA	NA	NA	NA	NA	4183924
11	95857298	95857346	DUP	49	2	1.7325011	2	0	1.0	mappable	NA	NA	NA	NA	inf	0.10274871906	0.35620719	inf	95857298	95857311	95857332	95857346	NA	missing	300524.3	NA	0.8816	NA	NA	NA	NA	NA	NA	NA	NA	NA	NA	4183924
11	95857347	95858003	DEL	657	10	1.824772	9	0	2.0	mappable	NA	1.0	NA	0.037906334819	1.0	0.10274871906	0.21368093	1.21368093	95857347	95857349	95857913	95858003	NA	missing	298921.2	NA	0.9160092	NA	NA	NA	NA	NA	NA	NA	NA	NA	NA	4183924
11	95858004	95858253	DEL	250	7	1.7325011	7	0	1.0	mappable	NA	NA	NA	NA	inf	0.10274871906	0.25107383	inf	95858004	95858068	95858234	95858253	NA	missing	300524.3	NA	0.8816	NA	NA	NA	NA	NA	NA	NA	NA	NA	NA	4183924
11	95858254	95859547	INV	1294	26	1.7325011	26	0	4.0	mappable	NA	NA	NA	NA	inf	0.10274871906	0.19346809	inf	95858254	95858326	95859406	95859547	NA	missing	300524.3	NA	0.8816	NA	NA	NA	NA	NA	NA	NA	NA	NA	NA	4183924
11	95859548	95859753	DEL	206	4	1.7325011	4	0	2.0	mappable	NA	NA	NA	NA	inf	0.10274871906	0.26019643	inf	95859548	95859558	95859661	95859753	NA	missing	300524.3	NA	0.8816	NA	NA	NA	NA	NA	NA	NA	NA	NA	NA	4183924
11	95859754	95859905	DEL	152	1	1.7325011	1	0	0.0	mappable	NA	NA	NA	NA	inf	0.10274871906	0.27594095	inf	95859754	95859898	95859898	95859905	NA	missing	300524.3	NA	0.8816	NA	NA	NA	NA	NA	NA	NA	NA	NA	NA	4183924
11	95859906	95859907	INV	2	0	0.0	0	0	NA	mappable	NA	NA	NA	NA	inf	0.98434871906	2.0	inf	95859906	95859906	95859907	95859907	NA	missing	NA	NA	0.0	NA	NA	0.0	0.0	0.0	0	0	NA	0	homozygousDel	4183924
11	95859908	95860191	DEL	284	8	1.9810834	8	0	0.0	mappable	NA	NA	NA	NA	inf	0.01004871906	0.24540639	inf	95859908	95859929	95860086	95860191	NA	missing	362033.2	NA	0.9743	NA	NA	NA	NA	NA	NA	NA	NA	NA	NA	4183924
11	95860192	134939862	DUP	39079675	577145	2.01202	575034	27284	83458.0	mappable	0.08215	6.0	edge	0.002063309413	3.401939e-05	0.00449920447	0.07930241	0.07933643	95860192	95860243	134939862	134939862	0.15030582	1	340262.1	17.7183	0.9858367	NA	NA	0.0	1.00601	1.00601	1	1	1:1	2	neutral	4183924
12	160107	20240014	NA	20079908	274758	2.4466002	273494	13699	39481.0	mappable	0.1027	5.0	edge	0.019468439119	6.683598e-05	0.17483870551	0.08244278	0.08250962	160107	160107	20239931	20240097	0.51992489	2	404250.0	23.018211	1.147898	17.27995	0.5873221	0.1746442	1.00965786	1.4369423	sub	1	sub:1	sub	sub	4183924
12	20240014	20259994	NA	19981	374	2.1884733	373	15	55.0	mappable	0.02369444	8.0	NA	0.058399220737	0.0625	0.08315128094	0.13999386	0.20249386	20239931	20240097	20259962	20260026	NA	missing	407431.5	21.57404	1.0516387	NA	NA	NA	NA	NA	NA	NA	NA	NA	NA	4183924
12	20259994	21230026	NA	970034	14429	2.4466002	14400	680	2042.0	mappable	0.09046667	5.0	NA	0.007752556862	0.00141043724	0.15765602139	0.10056479	0.10197523	20259962	20260026	21229997	21230026	0.41157295	2	404250.0	23.018211	1.147898	17.27995	0.5873221	0.1746442	1.00965786	1.4369423	sub	1	sub:1	sub	sub	4183924
12	21230027	21239986	NA	9960	184	2.0781566	184	0	30.0	mappable	NA	NA	NA	NA	inf	0.02615128094	0.15058053	inf	21230027	21230056	21239971	21239986	NA	missing	365732.0	NA	1.0105	NA	NA	NA	NA	NA	NA	NA	NA	NA	NA	4183924
12	21239987	23609958	NA	2369972	32407	2.4466002	32319	1009	4651.0	mappable	0.10775714	5.0	NA	0.027209275995	0.00091157703	0.16845128094	0.09444459	0.09535616	21239987	21240002	23609904	23609958	0.52888866	2	404250.0	23.018211	1.147898	17.27995	0.5873221	0.1746442	1.00965786	1.4369423	sub	1	sub:1	sub	sub	4183924
12	23609959	23665066	NA	55108	787	2.1884733	787	4	116.0	mappable	0.0627197	8.0	NA	0.019373968212	0.25	0.10885128094	0.12698434	0.37698434	23609959	23610013	23659969	23665066	NA	missing	407431.5	21.57404	1.0516387	NA	NA	NA	NA	NA	NA	NA	NA	NA	NA	4183924
12	23665067	30444989	NA	6779923	97636	2.4466002	97324	4908	13988.0	mappable	0.1062	5.0	NA	0.023523001485	0.00019157088	0.16835128094	0.08813354	0.08832511	23665067	23670164	30439978	30450000	0.53527803	2	404250.0	23.018211	1.147898	17.27995	0.5873221	0.1746442	1.00965786	1.4369423	sub	1	sub:1	sub	sub	4183924
12	30444989	30459954	NA	14966	199	2.1426397	199	35	24.0	mappable	0.11695957	4.0	NA	0.034865909287	0.02857142857	0.05105128094	0.14420233	0.17277376	30439978	30450000	30459895	30460013	0.62721725	2	390155.8	21.483611	1.0345467	18.50477	0.5655694	0.1311388	0.9308283	1.2118114	1	1	1:1	2	mixDH	4183924
12	30459954	34439994	NA	3980041	47836	2.4466002	47609	3348	6704.0	mappable	0.10016364	5.0	NA	0.017181334819	0.00027972028	0.19075128094	0.09122277	0.09150249	30459895	30460013	34439925	34439994	0.50482107	2	404250.0	23.018211	1.147898	17.27995	0.5873221	0.1746442	1.00965786	1.4369423	sub	1	sub:1	sub	sub	4183924
12	34439995	34550010	NA	110016	2726	2.1426397	2725	196	390.0	mappable	0.12655	4.0	NA	0.046928953866	0.00507614213	0.06145128094	0.11942185	0.12449799	34439995	34440064	34549991	34550029	0.43066625	2	390155.8	21.483611	1.0345467	18.50477	0.5655694	0.1311388	0.9308283	1.2118114	1	1	1:1	2	mixDH	4183924
12	34550010	34819969	NA	269960	6976	2.4466002	6969	358	844.0	mappable	0.14335	5.0	NA	0.046331334819	0.00273972603	0.19795128094	0.11085008	0.11358981	34549991	34550029	34819969	34819969	0.41884486	2	404250.0	23.018211	1.147898	17.27995	0.5873221	0.1746442	1.00965786	1.4369423	sub	1	sub:1	sub	sub	4183924
12	38000003	48060031	NA	10060030	145525	2.4466002	144921	5556	20077.0	mappable	0.099275	5.0	NA	0.013317314984	0.00016233766	0.18010538917	0.08597664	0.08613898	38000003	38000003	48059971	48060031	0.52751029	2	404250.0	23.018211	1.147898	17.27995	0.5873221	0.1746442	1.00965786	1.4369423	sub	1	sub:1	sub	sub	4183924
12	48060032	48110003	NA	49972	639	2.7498921	639	26	79.0	mappable	0.25462274	NA	NA	0.172529072774	0.03846153846	0.27665128094	0.12813258	0.16659412	48060032	48060092	48109971	48110003	NA	missing	464784.3	27.894808	1.261	NA	NA	NA	NA	NA	NA	NA	NA	NA	NA	4183924
12	48110004	94129961	NA	46019959	600639	2.4466002	598772	26864	84981.0	mappable	0.1027	5.0	NA	0.022645308638	3.480561e-05	0.16551776463	0.07856769	0.0786025	48110004	48110036	94129895	94129961	0.52766033	2	404250.0	23.018211	1.147898	17.27995	0.5873221	0.1746442	1.00965786	1.4369423	sub	1	sub:1	sub	sub	4183924
12	94129962	94150030	NA	20069	278	2.6769532	278	1	37.0	mappable	0.26027397	NA	NA	0.178180307421	1.0	0.24945128094	0.13993176	1.13993176	94129962	94130028	94149933	94150127	NA	missing	412291.7	25.980028	1.2338	NA	NA	NA	NA	NA	NA	NA	NA	NA	NA	4183924
12	94150030	115244981	NA	21094954	287296	2.4466002	286251	12331	41895.0	mappable	0.099275	5.0	NA	0.020213689339	7.476077e-05	0.16292150746	0.08220171	0.08227647	94149933	94150127	115239827	115244981	0.51709157	2	404250.0	23.018211	1.147898	17.27995	0.5873221	0.1746442	1.00965786	1.4369423	sub	1	sub:1	sub	sub	4183924
12	115244982	115259973	NA	14992	171	2.0738661	164	0	32.0	mappable	NA	NA	NA	0.209016255454	0.14285714286	0.02455128094	0.1441763	0.28703344	115244982	115250136	115259940	115260006	NA	missing	296106.0	NA	1.0089	NA	NA	NA	NA	NA	NA	NA	NA	NA	NA	4183924
12	115259973	120839960	NA	5579988	79310	2.4466002	79066	3976	11853.0	mappable	0.1062	5.0	NA	0.024031334819	0.00023696682	0.15405128094	0.08923858	0.08947555	115259940	115260006	120839920	120840000	0.50976999	2	404250.0	23.018211	1.147898	17.27995	0.5873221	0.1746442	1.00965786	1.4369423	sub	1	sub:1	sub	sub	4183924
12	120839960	120850001	NA	10042	125	3.0027218	125	10	20.0	mappable	0.23262368	9.0	NA	0.150530019029	0.1	0.33745128094	0.15044654	0.25044654	120839920	120840000	120849984	120850018	NA	missing	463187.2	29.410344	1.3552839	NA	NA	NA	NA	NA	NA	NA	NA	NA	NA	4183924
12	120850001	122829983	NA	1979984	20811	2.4466002	20727	601	3408.0	mappable	0.13675395	5.0	NA	0.053070495403	0.00145985401	0.19885892113	0.09561574	0.0970756	120849984	120850018	122829967	122829983	0.57101277	2	404250.0	23.018211	1.147898	17.27995	0.5873221	0.1746442	1.00965786	1.4369423	sub	1	sub:1	sub	sub	4183924
12	122829984	122859984	NA	30001	425	2.8080824	424	0	75.0	mappable	NA	NA	NA	0.557906334819	1.0	0.29835128094	0.13447437	1.13447437	122829984	122830000	122859921	122859984	NA	missing	405333.5	NA	1.2827	NA	NA	NA	NA	NA	NA	NA	NA	NA	NA	4183924
12	122859985	125640119	NA	2780135	33719	2.4466002	33565	943	5561.0	mappable	0.11335	5.0	NA	0.027456334819	0.00091157703	0.17695128094	0.09342859	0.09434017	122859985	122860048	125639947	125640291	0.5222323	2	404250.0	23.018211	1.147898	17.27995	0.5873221	0.1746442	1.00965786	1.4369423	sub	1	sub:1	sub	sub	4183924
12	125640119	125649971	NA	9853	160	2.9292897	160	0	25.0	mappable	NA	NA	NA	NA	inf	0.34355128094	0.1507574	inf	125639947	125640291	125649940	125650002	NA	missing	366822.0	NA	1.3279	NA	NA	NA	NA	NA	NA	NA	NA	NA	NA	4183924
12	125649971	133819926	NA	8169956	133897	2.4466002	133136	6676	20386.0	mappable	0.1027	5.0	edge	0.020606334819	0.00013446282	0.13985128094	0.08710082	0.08723528	125649940	125650002	133819926	133819926	0.48532185	2	404250.0	23.018211	1.147898	17.27995	0.5873221	0.1746442	1.00965786	1.4369423	sub	1	sub:1	sub	sub	4183924
13	19450038	107720778	NA	88270748	1250158	2.01202	1245934	60044	176390.0	mappable	0.08215	6.0	edge	0.000282509244	1.556057e-05	0.00337962407	0.07577069	0.07578625	19450038	19450038	107720593	107720778	0.1523852	1	340262.1	17.7183	0.9858367	NA	NA	0.0	1.00601	1.00601	1	1	1:1	2	neutral	4183924
13	107720779	110000027	CTX	2279249	36733	1.028519	36641	1415	5202.0	mappable	0.619875	7.0	NA	0.537781334819	0.00066445183	0.36854871906	0.0946964	0.09536085	107720779	107720830	109999926	110000027	0.94240746	2	217786.5	17.432067	0.6190748	17.2617	0.9848979	0.9697959	0.01553276	1.0129862	1	0	1:0	1	LOH	4183924
13	110000028	110010035	NA	10008	196	1.1682968	196	0	29.0	mappable	NA	NA	NA	NA	inf	0.31314871906	0.15050193	inf	110000028	110000129	110009901	110010035	NA	missing	233900.0	NA	0.6712	NA	NA	NA	NA	NA	NA	NA	NA	NA	NA	4183924
13	110010036	115099984	NA	5089951	80599	1.028519	79976	3748	12782.0	mappable	0.65755	7.0	edge	0.582864986669	0.00022909507	0.3733576162	0.08976975	0.08999884	110010036	110010170	115099984	115099984	0.94621294	2	217786.5	17.432067	0.6190748	17.2617	0.9848979	0.9697959	0.01553276	1.0129862	1	0	1:0	1	LOH	4183924
14	20330060	50788699	NA	30458649	418410	2.01202	417003	18413	59440.0	mappable	0.08215	6.0	edge	0.000613391429	5.045663e-05	0.00612090762	0.08044939	0.08049985	20330060	20330060	50779993	50788699	0.14690858	1	340262.1	17.7183	0.9858367	NA	NA	0.0	1.00601	1.00601	1	1	1:1	2	neutral	4183924
14	50788700	50788942	INV	243	0	0.0	0	0	NA	mappable	NA	NA	NA	NA	inf	0.98434871906	0.2523719	inf	50788700	50788700	50788942	50788942	NA	missing	NA	NA	0.0	NA	NA	0.0	0.0	0.0	0	0	NA	0	homozygousDel	4183924
14	50788943	106068406	INV	55279470	789092	2.01202	786400	33920	114949.0	mappable	0.08215	6.0	NA	0.001300723859	2.73142e-05	0.00348910289	0.07775977	0.07778708	50788943	50790031	106009942	106068406	0.14982636	1	340262.1	17.7183	0.9858367	NA	NA	0.0	1.00601	1.00601	1	1	1:1	2	neutral	4183924
14	106068407	106069427	DEL	1021	0	0.0	0	0	NA	mappable	NA	NA	NA	NA	inf	0.98434871906	0.20008469	inf	106068407	106068407	106069427	106069427	NA	missing	NA	NA	0.0	NA	NA	0.0	0.0	0.0	0	0	NA	0	homozygousDel	4183924
14	106069428	106327084	DEL	257657	1265	1.1076932	1253	102	180.0	mappable	0.53425	NA	NA	0.448731334819	0.00877192982	0.33574871906	0.11126508	0.12003701	106069428	106250082	106327083	106327084	0.86678759	2	178085.5	13.806124	0.6486	13.47248	0.9321946	0.8643893	0.07510754	1.0325856	1	0	1:0	1	LOH	4183924
14	106327085	106327087	INV	3	2	1.2736829	2	0	0.0	mappable	NA	NA	NA	NA	inf	0.27384871906	1.26185951	inf	106327085	106327085	106327087	106327087	NA	missing	158694.3	NA	0.7105	NA	NA	NA	NA	NA	NA	NA	NA	NA	NA	4183924
14	106327088	106380223	INV	53136	1086	0.7781271	1084	34	152.0	mappable	0.17805	NA	NA	0.085681334819	0.02857142857	0.45864871906	0.12740962	0.15598105	106327088	106327090	106349982	106380223	0.35740263	2	125647.7	7.538861	0.5257	11.72769	0.6811666	0.3623331	0.24809295	0.5300342	sub	0	sub:0	sub	sub	4183924
14	106380224	107090005	CTX	709782	7183	1.028519	6933	400	960.0	mappable	0.68495	7.0	NA	0.579976742009	0.00153846154	0.38523577183	0.10289645	0.10443491	106380224	106400108	107079996	107090005	0.99045949	2	217786.5	17.432067	0.6190748	17.2617	0.9848979	0.9697959	0.01553276	1.0129862	1	0	1:0	1	LOH	4183924
14	107090006	107259908	NA	169903	2916	2.01202	2818	228	417.0	mappable	0.089	6.0	edge	0.006906334819	0.00306748466	0.01155128094	0.11511221	0.11817969	107090006	107100015	107259908	107259908	0.284617	1	340262.1	17.7183	0.9858367	NA	NA	0.0	1.00601	1.00601	1	1	1:1	2	neutral	4183924
15	20850000	20859924	NA	9925	165	2.01202	140	0	19.0	mappable	NA	6.0	edge	0.020562349856	0.04	0.03065128094	0.15063813	0.19063813	20850000	20850000	20859924	20859924	NA	missing	340262.1	NA	0.9858367	NA	NA	NA	NA	NA	NA	NA	NA	NA	NA	4183924
15	22480079	23069956	NA	589878	4052	2.01202	4017	141	632.0	mappable	0.08382368	6.0	self	0.001730019029	0.00568181818	0.00174871906	0.10432937	0.11001119	22480079	22480079	23069956	23069956	0.12173828	1	340262.1	17.7183	0.9858367	NA	NA	0.0	1.00601	1.00601	1	1	1:1	2	neutral	4183924
15	23710146	24329926	NA	619781	10356	2.01202	10304	419	1557.0	mappable	0.07514891	6.0	NA	0.003954534747	0.00212314225	0.00744871906	0.10394255	0.10606569	23710146	23710146	24329926	24329926	0.2213865	1	340262.1	17.7183	0.9858367	NA	NA	0.0	1.00601	1.00601	1	1	1:1	2	neutral	4183924
15	24329927	24830091	NA	500165	0	0.0	0	0	NA	mappable	NA	NA	NA	NA	inf	0.98434871906	0.10564099	inf	24329927	24329927	24830091	24830091	NA	missing	NA	NA	0.0	NA	NA	0.0	0.0	0.0	0	0	NA	0	homozygousDel	4183924
15	24830092	28529988	NA	3699898	57385	2.01202	57174	2272	8392.0	mappable	0.09016618	6.0	NA	0.009823864609	0.00040273862	0.00485831565	0.091663	0.09206574	24830092	24830092	28529988	28529988	0.18388984	1	340262.1	17.7183	0.9858367	NA	NA	0.0	1.00601	1.00601	1	1	1:1	2	neutral	4183924
15	29100034	29119985	NA	19952	301	2.1835426	301	0	39.0	mappable	NA	NA	NA	NA	inf	0.06545128094	0.14001439	inf	29100034	29100034	29119964	29120006	NA	missing	284872.8	NA	1.0498	NA	NA	NA	NA	NA	NA	NA	NA	NA	NA	4183924
15	29119985	30369914	NA	1249930	17981	2.01202	17944	742	2654.0	mappable	0.08645921	6.0	NA	0.002634112596	0.00128369705	0.00574871906	0.09874877	0.10003247	29119964	29120006	30369914	30369914	0.12237889	1	340262.1	17.7183	0.9858367	NA	NA	0.0	1.00601	1.00601	1	1	1:1	2	neutral	4183924
15	31160110	45149954	NA	13989845	175973	2.01202	175438	7962	25251.0	mappable	0.082675	6.0	self	0.000317557524	0.0001176886	0.00871190387	0.08425353	0.08437122	31160110	31160110	45059853	45240055	0.16407131	1	340262.1	17.7183	0.9858367	NA	NA	0.0	1.00601	1.00601	1	1	1:1	2	neutral	4183924
15	45149954	45314956	NA	165003	136	2.4466002	136	2	18.0	mappable	0.07670455	5.0	identical	0.005389119727	0.5	0.13745128094	0.11539261	0.61539261	45059853	45240055	45249892	45314956	NA	missing	404250.0	23.018211	1.147898	NA	NA	NA	NA	NA	NA	NA	NA	NA	NA	4183924
15	45314957	57590016	NA	12275060	170555	2.01202	170087	6479	24253.0	mappable	0.08215	6.0	NA	5.6334819e-05	0.00014394703	0.01685128094	0.08492848	0.08507243	45314957	45380021	57589954	57590016	0.15933468	1	340262.1	17.7183	0.9858367	NA	NA	0.0	1.00601	1.00601	1	1	1:1	2	neutral	4183924
15	57590017	57599976	NA	9960	154	1.7957863	154	0	16.0	mappable	NA	NA	NA	NA	inf	0.07914871906	0.15058053	inf	57590017	57590079	57599933	57599976	NA	missing	265184.3	NA	0.9052	NA	NA	NA	NA	NA	NA	NA	NA	NA	NA	4183924
15	57599977	82479795	NA	24879820	343310	2.01202	342247	12294	51034.0	mappable	0.08215	6.0	NA	6.8902204e-05	7.487272e-05	0.00801321884	0.08140514	0.08148001	57599977	57600020	82479795	82479795	0.16852327	1	340262.1	17.7183	0.9858367	NA	NA	0.0	1.00601	1.00601	1	1	1:1	2	neutral	4183924
15	83211507	102399920	NA	19188414	295855	2.01202	294820	14650	42721.0	mappable	0.085575	6.0	edge	0.002684544116	6.375925e-05	0.00112004184	0.08266604	0.0827298	83211507	83211507	102399920	102399920	0.15861648	1	340262.1	17.7183	0.9858367	NA	NA	0.0	1.00601	1.00601	1	1	1:1	2	neutral	4183924
16	100010	3605553	NA	3505544	52942	2.01202	52630	2461	8415.0	mappable	0.085575	6.0	edge	0.004543501889	0.00036062027	0.00141644601	0.09199121	0.09235183	100010	100010	3605552	3605553	0.16902067	1	340262.1	17.7183	0.9858367	NA	NA	0.0	1.00601	1.00601	1	1	1:1	2	neutral	4183924
16	3605554	3856296	NA	250743	4122	1.0028434	4116	31	558.0	mappable	0.48246071	NA	identical	0.636592049104	0.02702702703	0.37484871906	0.11150852	0.13853554	3605554	3605589	3856296	3856296	0.92775837	2	181321.3	13.865743	0.6095	14.59724	0.9314145	0.862829	0.0687805	0.9340629	1	0	1:0	1	LOH	4183924
16	3856297	10109973	DEL	6253679	143786	2.01202	143245	7807	20951.0	mappable	0.085575	6.0	self	0.003735485547	0.00011980352	0.01245178056	0.08858858	0.08870838	3856297	3856360	10109906	10110040	0.14748075	1	340262.1	17.7183	0.9858367	NA	NA	0.0	1.00601	1.00601	1	1	1:1	2	neutral	4183924
16	10109973	10129983	NA	20011	428	2.1426397	428	21	63.0	mappable	0.13474783	4.0	NA	0.052654160906	0.04761904762	0.05235128094	0.13997265	0.1875917	10109906	10110040	10129958	10130008	NA	missing	390155.8	21.483611	1.0345467	NA	NA	NA	NA	NA	NA	NA	NA	NA	NA	4183924
16	10129983	10139879	NA	9897	219	1.8673845	216	18	41.0	mappable	0.14499113	NA	NA	0.062897463851	0.04761904762	0.05244871906	0.15068438	0.19830343	10129958	10130008	10139756	10139879	NA	missing	299447.5	16.524695	0.9319	NA	NA	NA	NA	NA	NA	NA	NA	NA	NA	4183924
16	10139880	10929944	NA	790065	14642	2.01202	14595	1087	2173.0	mappable	0.07943529	6.0	self	0.002743665181	0.00088183422	0.01885128094	0.10208451	0.10296634	10139880	10140003	10929883	10929944	0.13183933	1	340262.1	17.7183	0.9858367	NA	NA	0.0	1.00601	1.00601	1	1	1:1	2	neutral	4183924
16	10929945	10989951	NA	60007	1114	2.1884733	1111	82	170.0	mappable	0.08526731	8.0	NA	0.005444796357	0.01176470588	0.05355128094	0.12600137	0.13776608	10929945	10930006	10989852	10989951	0.16175957	1	407431.5	21.57404	1.0516387	NA	NA	0.0	1.09423663	1.0942366	1	1	1:1	2	neutral	4183924
16	10989952	11010026	NA	20075	425	1.8535532	424	9	64.0	mappable	0.198075	2.0	NA	0.116406334819	0.1	0.04384871906	0.13992754	0.23992754	10989952	10990051	11009985	11010067	NA	missing	299130.4	16.351542	0.9267421	NA	NA	NA	NA	NA	NA	NA	NA	NA	NA	4183924
16	11010026	16289940	NA	5279917	80477	2.01202	80146	3267	12134.0	mappable	0.085575	6.0	self	0.00624353783	0.00027800945	0.01345811892	0.08955725	0.08983526	11009985	11010067	16289940	16289940	0.1669755	1	340262.1	17.7183	0.9858367	NA	NA	0.0	1.00601	1.00601	1	1	1:1	2	neutral	4183924
16	16870104	18169896	NA	1299795	20453	2.01202	20350	1216	2920.0	mappable	0.08611019	6.0	self	0.004443967495	0.00075815011	0.00214223092	0.09847437	0.09923252	16870104	16870104	18169896	18169896	0.10441456	1	340262.1	17.7183	0.9858367	NA	NA	0.0	1.00601	1.00601	1	1	1:1	2	neutral	4183924
16	18800044	25500018	NA	6699977	77195	2.01202	76800	3661	11543.0	mappable	0.083975	6.0	NA	0.00314204755	0.00024654832	0.01499065007	0.08820005	0.0884466	18800044	18800044	25499947	25500089	0.16986823	1	340262.1	17.7183	0.9858367	NA	NA	0.0	1.00601	1.00601	1	1	1:1	2	neutral	4183924
16	25500018	25519984	NA	19967	345	1.8193842	345	0	57.0	mappable	NA	NA	NA	NA	inf	0.07034871906	0.14000377	inf	25499947	25500089	25519962	25519984	NA	missing	332196.6	NA	0.914	NA	NA	NA	NA	NA	NA	NA	NA	NA	NA	4183924
16	25519985	29039945	NA	3519961	47504	2.01202	47327	2207	7076.0	mappable	0.07793929	6.0	NA	0.003368665181	0.00041946309	0.01325128094	0.09196617	0.09238563	25519985	25520007	29039945	29039945	0.12975183	1	340262.1	17.7183	0.9858367	NA	NA	0.0	1.00601	1.00601	1	1	1:1	2	neutral	4183924
16	29670028	31959970	NA	2289943	17557	2.01202	17516	360	2913.0	mappable	0.085575	6.0	self	0.006906334819	0.00249376559	0.01515128094	0.09466613	0.0971599	29670028	29670028	31959970	31959970	0.1939292	1	340262.1	17.7183	0.9858367	NA	NA	0.0	1.00601	1.00601	1	1	1:1	2	neutral	4183924
16	32520030	32649899	NA	129870	3042	2.01202	2885	0	484.0	mappable	NA	6.0	self	0.03561368776	0.00636942675	0.02385128094	0.11773911	0.12410854	32520030	32520030	32649899	32649899	NA	missing	340262.1	NA	0.9858367	NA	NA	NA	NA	NA	NA	NA	NA	NA	NA	4183924
16	33590105	34919992	NA	1329888	9915	2.01202	9886	21	1448.0	mappable	0.07261667	6.0	self	0.001304675669	0.02	0.01415453853	0.09831453	0.11831453	33590105	33590105	34919967	34920017	NA	missing	340262.1	17.7183	0.9858367	NA	NA	NA	NA	NA	NA	NA	NA	NA	NA	4183924
16	34919992	34989991	NA	70000	854	1.824772	854	3	118.0	mappable	0.13701579	1.0	NA	0.054922124292	0.33333333333	0.08904871906	0.12426167	0.45759501	34919967	34920017	34989953	34989991	NA	missing	298921.2	16.151879	0.9160092	NA	NA	NA	NA	NA	NA	NA	NA	NA	NA	4183924
16	34989992	35279959	NA	289968	4659	2.0591174	4657	7	645.0	mappable	0.02461651	NA	NA	0.059987533106	0.11111111111	0.01905128094	0.11021996	0.22133107	34989992	34990030	35279959	35279959	NA	missing	373540.6	18.677032	1.0034	NA	NA	NA	NA	NA	NA	NA	NA	NA	NA	4183924
16	46450014	46640183	NA	190170	2079	2.1884733	2078	3	275.0	mappable	0.04704423	8.0	NA	0.023433257896	0.25	0.10315128094	0.11404505	0.36404505	46450014	46450014	46639889	46640477	NA	missing	407431.5	21.57404	1.0516387	NA	NA	NA	NA	NA	NA	NA	NA	NA	NA	4183924
16	46640183	46819866	NA	179684	1660	2.0733297	1651	4	243.0	mappable	0.26898929	NA	NA	0.186473001485	0.07692307692	0.02435128094	0.11457968	0.19150275	46639889	46640477	46819696	46820036	NA	missing	317793.1	20.656551	1.0087	NA	NA	NA	NA	NA	NA	NA	NA	NA	NA	4183924
16	46819866	47450043	NA	630178	5946	2.1884733	5926	26	846.0	mappable	0.064775	8.0	NA	0.032685213824	0.02173913043	0.05347250529	0.10381305	0.12555218	46819696	46820036	47449993	47450093	NA	missing	407431.5	21.57404	1.0516387	NA	NA	NA	NA	NA	NA	NA	NA	NA	NA	4183924
16	47450043	85540005	NA	38089967	610352	2.01202	608527	26299	89727.0	mappable	0.08215	6.0	NA	0.000713911746	3.555682e-05	0.00242782849	0.07941895	0.0794545	47449993	47450093	85539996	85540005	0.15252422	1	340262.1	17.7183	0.9858367	NA	NA	0.0	1.00601	1.00601	1	1	1:1	2	neutral	4183924
16	85540006	85560002	NA	19997	404	1.8697979	395	0	67.0	mappable	NA	NA	NA	0.339856334819	0.11111111111	0.05154871906	0.13998254	0.25109365	85540006	85540015	85559992	85560012	NA	missing	220320.2	NA	0.9328	NA	NA	NA	NA	NA	NA	NA	NA	NA	NA	4183924
16	85560002	90109969	NA	4549971	82787	2.01202	82337	4009	12964.0	mappable	0.092425	6.0	edge	0.010471943942	0.00022426553	7.613762e-05	0.09042644	0.0906507	85559992	85560012	90109969	90109969	0.1708404	1	340262.1	17.7183	0.9858367	NA	NA	0.0	1.00601	1.00601	1	1	1:1	2	neutral	4183924
17	20080	18239982	NA	18219905	232398	2.01202	231416	11955	35228.0	mappable	0.085575	6.0	edge	0.005480490759	7.729767e-05	0.00118995952	0.08292214	0.08299943	20080	20080	18239982	18239982	0.17561763	1	340262.1	17.7183	0.9858367	NA	NA	0.0	1.00601	1.00601	1	1	1:1	2	neutral	4183924
17	18750212	21150010	NA	2399799	18595	2.01202	18540	653	2726.0	mappable	0.07371667	6.0	self	0.006793665181	0.00141242938	0.01325128094	0.09436418	0.09577661	18750212	18750212	21149995	21150010	0.17452654	1	340262.1	17.7183	0.9858367	NA	NA	0.0	1.00601	1.00601	1	1	1:1	2	neutral	4183924
17	21150011	21180039	NA	30029	263	2.1830063	263	1	34.0	mappable	0.0	NA	NA	0.082093665181	1.0	0.06525128094	0.1344622	1.1344622	21150011	21150026	21179930	21180148	NA	missing	254742.2	12.737108	1.0496	NA	NA	NA	NA	NA	NA	NA	NA	NA	NA	4183924
17	21180039	22239986	NA	1059948	6961	1.9848376	6386	58	1128.0	mappable	0.10213571	NA	NA	0.071981334819	0.00157977883	0.00864871906	0.09992225	0.10150203	21179930	21180148	22239986	22239986	0.49855902	2	342436.2	19.024235	0.9757	17.22103	0.5732334	0.1464669	0.84706234	1.1377753	1	1	1:1	2	mixDH	4183924
17	25390040	43599975	NA	18209936	202348	2.01202	201592	8614	30502.0	mappable	0.08215	6.0	self	0.000229952748	0.00010672359	0.00436092472	0.08292485	0.08303157	25390040	25390040	43489889	43599975	0.17036912	1	340262.1	17.7183	0.9858367	NA	NA	0.0	1.00601	1.00601	1	1	1:1	2	neutral	4183924
17	43599976	44279982	NA	680007	8739	3.0027218	8665	2224	961.0	mappable	0.256825	9.0	NA	0.181581334819	0.00043516101	0.35525128094	0.10322479	0.10365995	43599976	43710062	44279982	44279982	0.78903737	2	463187.2	29.410344	1.3552839	16.76958	0.6633418	0.3266837	1.01089079	1.991831	2	1	2:1	3	gain	4183924
17	44790026	48279983	NA	3489958	37786	3.0027218	37641	1679	5779.0	mappable	0.2600875	9.0	NA	0.179811890374	0.00054824561	0.36915128094	0.09201842	0.09256667	44790026	44790026	48279936	48279983	0.76371659	2	463187.2	29.410344	1.3552839	16.76958	0.6633418	0.3266837	1.01089079	1.991831	2	1	2:1	3	gain	4183924
17	48279984	48299914	NA	19931	280	2.7126182	280	7	48.0	mappable	0.18627619	NA	NA	0.104182525295	0.14285714286	0.26275128094	0.14002929	0.28288643	48279984	48280031	48299823	48299914	NA	missing	359804.7	21.845283	1.2471	NA	NA	NA	NA	NA	NA	NA	NA	NA	NA	4183924
17	48299915	66405045	NA	18105134	217679	3.0027218	216969	9269	31742.0	mappable	0.27395	9.0	NA	0.193873826679	0.00010021044	0.3827494498	0.08295349	0.0830537	48299915	48300006	66399988	66410102	0.8309986	2	463187.2	29.410344	1.3552839	16.76958	0.6633418	0.3266837	1.01089079	1.991831	2	1	2:1	3	gain	4183924
17	66405045	81109940	NA	14704896	220404	2.01202	219335	10747	34082.0	mappable	0.085575	6.0	edge	0.006552008529	8.463101e-05	0.00167886597	0.08399905	0.08408368	66399988	66410102	81109940	81109940	0.17609193	1	340262.1	17.7183	0.9858367	NA	NA	0.0	1.00601	1.00601	1	1	1:1	2	neutral	4183924
18	130031	14119956	NA	13989926	212679	2.01202	211989	11156	30925.0	mappable	0.085575	6.0	edge	0.003481334819	8.441668e-05	0.00044871906	0.0842535	0.08433792	130031	130031	14119956	14119956	0.15481026	1	340262.1	17.7183	0.9858367	NA	NA	0.0	1.00601	1.00601	1	1	1:1	2	neutral	4183924
18	14119957	14910026	NA	790070	0	0.0	0	0	NA	mappable	NA	NA	NA	NA	inf	0.98434871906	0.10208446	inf	14119957	14119957	14910026	14910026	NA	missing	NA	NA	0.0	NA	NA	0.0	0.0	0.0	0	0	NA	0	homozygousDel	4183924
18	14910027	14929888	NA	19862	364	1.8535532	364	1	52.0	mappable	0.16129032	2.0	NA	0.079196657399	1.0	0.06354871906	0.14007836	1.14007836	14910027	14910027	14929888	14929888	NA	missing	299130.4	16.351542	0.9267421	NA	NA	NA	NA	NA	NA	NA	NA	NA	NA	4183924
18	18540053	20319987	NA	1779935	19444	2.01202	19378	652	3025.0	mappable	0.071875	6.0	NA	0.013643665181	0.00139275766	0.01065128094	0.09632337	0.09771613	18540053	18540053	20319973	20319987	0.19602738	1	340262.1	17.7183	0.9858367	NA	NA	0.0	1.00601	1.00601	1	1	1:1	2	neutral	4183924
18	20319988	20330061	NA	10074	129	2.258895	129	0	21.0	mappable	NA	NA	NA	NA	inf	0.09355128094	0.15039461	inf	20319988	20320002	20329997	20330125	NA	missing	391715.0	NA	1.0779	NA	NA	NA	NA	NA	NA	NA	NA	NA	NA	4183924
18	20330061	58830038	NA	38499980	551167	2.01202	549589	21932	78926.0	mappable	0.08215	6.0	NA	0.000103518561	4.25369e-05	0.00156300497	0.07937026	0.0794128	20329997	20330125	58829919	58830157	0.15470325	1	340262.1	17.7183	0.9858367	NA	NA	0.0	1.00601	1.00601	1	1	1:1	2	neutral	4183924
18	58830038	58850068	NA	20031	321	1.7780879	321	0	59.0	mappable	NA	NA	NA	NA	inf	0.08574871906	0.13995853	inf	58829919	58830157	58849865	58850068	NA	missing	346964.6	NA	0.8986	NA	NA	NA	NA	NA	NA	NA	NA	NA	NA	4183924
18	58850069	60745952	NA	1895884	27204	2.01202	27106	1467	3953.0	mappable	0.08032845	6.0	NA	5.6334819e-05	0.00063897764	0.00454871906	0.09590284	0.09654182	58850069	58850272	60745813	60745952	0.1340202	1	340262.1	17.7183	0.9858367	NA	NA	0.0	1.00601	1.00601	1	1	1:1	2	neutral	4183924
18	60745953	64780034	CTX	4034082	61756	2.01202	61522	3465	8442.0	mappable	0.078725	6.0	NA	0.002726218381	0.00027034334	0.00674617698	0.09114188	0.09141222	60745953	60746059	64779992	64780076	0.1437172	1	340262.1	17.7183	0.9858367	NA	NA	0.0	1.00601	1.00601	1	1	1:1	2	neutral	4183924
18	64780034	64790001	NA	9968	157	1.7976634	157	0	31.0	mappable	NA	NA	NA	NA	inf	0.07844871906	0.15056739	inf	64779992	64780076	64789970	64790032	NA	missing	349321.0	NA	0.9059	NA	NA	NA	NA	NA	NA	NA	NA	NA	NA	4183924
18	64790001	78009968	NA	13219968	218488	2.01202	217521	10514	32039.0	mappable	0.085575	6.0	edge	0.003481334819	8.71156e-05	0.00175128094	0.08454438	0.08463149	64789970	64790032	78009968	78009968	0.16058344	1	340262.1	17.7183	0.9858367	NA	NA	0.0	1.00601	1.00601	1	1	1:1	2	neutral	4183924
19	260137	9280016	NA	9019881	106403	2.01202	105671	5330	17073.0	mappable	0.089	6.0	edge	0.008629013565	0.00016498928	0.01055738227	0.08656256	0.08672755	260137	260137	9279965	9280016	0.19460298	1	340262.1	17.7183	0.9858367	NA	NA	0.0	1.00601	1.00601	1	1	1:1	2	neutral	4183924
19	9280017	9305010	NA	24994	328	2.4466002	325	5	51.0	mappable	0.11473333	5.0	identical	0.00884244593	0.125	0.18605128094	0.13689915	0.26189915	9280017	9280068	9299985	9305010	NA	missing	404250.0	23.018211	1.147898	NA	NA	NA	NA	NA	NA	NA	NA	NA	NA	4183924
19	9305011	24491617	NA	15186608	148118	2.01202	147269	8336	22367.0	mappable	0.085575	6.0	self	0.002894554624	0.00010887316	0.01565029321	0.08383531	0.08394418	9305011	9310036	24491610	24491624	0.19074236	1	340262.1	17.7183	0.9858367	NA	NA	0.0	1.00601	1.00601	1	1	1:1	2	neutral	4183924
19	24491617	24569972	NA	78356	2000	2.1884733	1743	19	123.0	mappable	0.07525882	8.0	NA	0.000415069758	0.00362318841	0.11985128094	0.12301821	0.12664139	24491610	24491624	24569972	24569972	NA	missing	407431.5	21.57404	1.0516387	NA	NA	NA	NA	NA	NA	NA	NA	NA	NA	4183924
19	27750002	43209995	NA	15459994	197547	2.01202	196695	7947	29906.0	mappable	0.085575	6.0	NA	0.003481334819	0.00011364928	0.00144871906	0.08374495	0.0838586	27750002	27750002	43209995	43209995	0.17733221	1	340262.1	17.7183	0.9858367	NA	NA	0.0	1.00601	1.00601	1	1	1:1	2	neutral	4183924
19	43209996	43800005	NA	590010	0	0.0	0	0	NA	mappable	NA	NA	NA	NA	inf	0.98434871906	0.10432761	inf	43209996	43209996	43800005	43800005	NA	missing	NA	NA	0.0	NA	NA	0.0	0.0	0.0	0	0	NA	0	homozygousDel	4183924
19	43800006	59089999	NA	15289998	162561	2.01202	161738	7594	25494.0	mappable	0.085575	6.0	edge	0.00408574571	0.00011880718	0.00607067181	0.08380093	0.08391973	43800006	43800006	59089999	59089999	0.19067379	1	340262.1	17.7183	0.9858367	NA	NA	0.0	1.00601	1.00601	1	1	1:1	2	neutral	4183924
20	60479	16199996	NA	16139519	252897	2.01202	252075	12489	36361.0	mappable	0.08215	6.0	edge	0.000116029808	7.512584e-05	0.00967876212	0.0835279	0.08360303	60479	60479	16199972	16200020	0.14900765	1	340262.1	17.7183	0.9858367	NA	NA	0.0	1.00601	1.00601	1	1	1:1	2	neutral	4183924
20	16199996	16209992	NA	9997	178	2.3637447	178	0	30.0	mappable	NA	NA	NA	NA	inf	0.13265128094	0.1505199	inf	16199972	16200020	16209984	16210000	NA	missing	376856.0	NA	1.117	NA	NA	NA	NA	NA	NA	NA	NA	NA	NA	4183924
20	16209992	25729738	NA	9519747	147390	2.01202	146946	5862	21474.0	mappable	0.089	6.0	NA	0.006906334819	0.00015857913	0.01664871906	0.086272	0.08643058	16209984	16210000	25729738	25729738	0.13451132	1	340262.1	17.7183	0.9858367	NA	NA	0.0	1.00601	1.00601	1	1	1:1	2	neutral	4183924
20	29810057	39240018	NA	9429962	123345	2.01202	122937	3514	18427.0	mappable	0.089	6.0	NA	0.006906334819	0.00025497195	0.01035128094	0.08632291	0.08657788	29810057	29810057	39239916	39240120	0.18452805	1	340262.1	17.7183	0.9858367	NA	NA	0.0	1.00601	1.00601	1	1	1:1	2	neutral	4183924
20	39240018	39249816	NA	9799	140	2.34551	140	0	16.0	mappable	NA	NA	NA	NA	inf	0.12585128094	0.15084755	inf	39239916	39240120	39249265	39250367	NA	missing	413076.7	NA	1.1102	NA	NA	NA	NA	NA	NA	NA	NA	NA	NA	4183924
20	39249816	62909989	NA	23660176	374076	2.01202	372703	16214	55896.0	mappable	0.085575	6.0	edge	0.004929959371	5.686665e-05	4.336436e-05	0.08164612	0.08170299	39249265	39250367	62909989	62909989	0.15837377	1	340262.1	17.7183	0.9858367	NA	NA	0.0	1.00601	1.00601	1	1	1:1	2	neutral	4183924
21	10720001	10799996	NA	79996	3109	2.01202	2981	0	334.0	mappable	NA	6.0	edge	0.019881334819	0.0078125	0.02975128094	0.1227925	0.130605	10720001	10720001	10799976	10800016	NA	missing	340262.1	NA	0.9858367	NA	NA	NA	NA	NA	NA	NA	NA	NA	NA	4183924
21	10799996	11014966	NA	214971	1713	2.1426397	1573	0	237.0	mappable	NA	4.0	NA	0.025631334819	0.00714285714	0.06245128094	0.11290643	0.12004929	10799976	10800016	10859932	11170000	NA	missing	390155.8	NA	1.0345467	NA	NA	NA	NA	NA	NA	NA	NA	NA	NA	4183924
21	11014966	11179964	NA	164999	291	1.9716979	270	0	60.0	mappable	NA	NA	NA	0.216364369867	0.04761904762	0.01354871906	0.11539284	0.16301189	10859932	11170000	11179964	11179964	NA	missing	1666298.0	NA	0.9708	NA	NA	NA	NA	NA	NA	NA	NA	NA	NA	4183924
21	15410077	45820001	NA	30409927	475722	2.01202	473574	23310	67796.0	mappable	0.078725	6.0	self	0.001736216346	3.928193e-05	0.00351167167	0.08045687	0.08049615	15410077	15410077	45819977	45820001	0.16292504	1	340262.1	17.7183	0.9858367	NA	NA	0.0	1.00601	1.00601	1	1	1:1	2	neutral	4183924
21	45820002	45830008	NA	10007	296	1.4541532	287	13	56.0	mappable	0.21673125	NA	identical	0.110412584819	0.04545454545	0.20654871906	0.15050356	0.19595811	45820002	45820026	45829996	45830020	NA	missing	207990.0	11.199462	0.7778	NA	NA	NA	NA	NA	NA	NA	NA	NA	NA	4183924
21	45830008	48099931	NA	2269925	40296	2.01202	39939	2085	6598.0	mappable	0.092425	6.0	edge	0.008510576692	0.00040966817	0.00692809501	0.09472292	0.09513259	45829996	45830020	48099931	48099931	0.21672159	1	340262.1	17.7183	0.9858367	NA	NA	0.0	1.00601	1.00601	1	1	1:1	2	neutral	4183924
22	16850007	22764487	NA	5914481	56320	2.01202	56013	2908	8773.0	mappable	0.089125	6.0	edge	0.006906334819	0.00031104199	0.01195128094	0.0889054	0.08921645	16850007	16850007	22764487	22764487	0.17791752	1	340262.1	17.7183	0.9858367	NA	NA	0.0	1.00601	1.00601	1	1	1:1	2	neutral	4183924
22	22764488	23236152	ITX	471666	6642	0.7359952	6629	105	1071.0	mappable	0.339025	NA	NA	0.41544736046	0.00854700855	0.4743602969	0.1061154	0.11466241	22764488	22764503	23236146	23236152	0.51203246	2	162944.1	11.406087	0.5099884	15.6774	0.8716258	0.7432517	0.09448277	0.6415124	sub	0	sub:0	sub	sub	4183924
22	23236153	23247287	ITX	11135	159	0.3316442	159	6	22.0	mappable	0.79343986	NA	NA	0.711346194959	0.16666666667	0.62514871906	0.14877837	0.31544504	23236153	23236159	23239965	23247287	NA	missing	108308.9	9.659126	0.3592	NA	NA	NA	NA	NA	NA	NA	NA	NA	NA	4183924
22	23247288	23513567	CTX	266280	3995	4.0995308	3989	323	511.0	mappable	0.45286028	NA	NA	0.367915209278	0.00303951368	0.77995128094	0.11097188	0.11401139	23247288	23250053	23509998	23513567	0.9021006	2	507336.0	36.700901	1.7643	14.10974	0.7578222	0.5156444	0.99281535	3.1067154	3	1	3:1	4	gain	4183924
22	23513568	23515543	CTX	1976	0	0.0	0	0	NA	mappable	NA	NA	NA	NA	inf	0.98434871906	0.18267564	inf	23513568	23513568	23515543	23515543	NA	missing	NA	NA	0.0	NA	NA	0.0	0.0	0.0	0	0	NA	0	homozygousDel	4183924
22	23515544	49600010	CTX	26084469	361968	2.01202	360396	17897	55076.0	mappable	0.089	6.0	NA	0.006453768232	5.136634e-05	0.0034219405	0.08117974	0.08123111	23515544	23520021	49599987	49600010	0.17617364	1	340262.1	17.7183	0.9858367	NA	NA	0.0	1.00601	1.00601	1	1	1:1	2	neutral	4183924
22	49600011	49620049	NA	20039	477	1.8555855	477	2	89.0	mappable	0.38352941	NA	NA	0.301435746583	0.5	0.05684871906	0.13995289	0.63995289	49600011	49600034	49619948	49620150	NA	missing	291219.7	20.145548	0.9275	NA	NA	NA	NA	NA	NA	NA	NA	NA	NA	4183924
22	49620049	51179984	NA	1559936	26369	2.01202	26206	1322	4276.0	mappable	0.089	6.0	edge	0.008629567142	0.00067340067	0.01547396667	0.09721453	0.09788793	49619948	49620150	51179984	51179984	0.15781143	1	340262.1	17.7183	0.9858367	NA	NA	0.0	1.00601	1.00601	1	1	1:1	2	neutral	4183924
23	2700027	58499983	NA	55799958	490637	2.01202	489166	18842	67985.0	mappable	0.08215	6.0	edge	5.5432878e-05	4.923198e-05	0.00221681421	0.07771892	0.07776815	2700027	2700027	58499983	58499983	0.15701149	1	340262.1	17.7183	0.9858367	NA	NA	0.0	1.00601	1.00601	1	1	1:1	2	neutral	4183924
23	61750000	63625034	NA	1875035	19351	2.01202	19318	349	2471.0	mappable	0.12131071	6.0	NA	0.028048001485	0.00261780105	0.00074871906	0.09597626	0.09859406	61750000	61750000	63619978	63630090	0.15450171	1	340262.1	17.7183	0.9858367	NA	NA	0.0	1.00601	1.00601	1	1	1:1	2	neutral	4183924
23	63625034	63639975	NA	14942	126	2.2913421	126	0	15.0	mappable	NA	NA	NA	NA	inf	0.10565128094	0.14422641	inf	63619978	63630090	63639893	63640057	NA	missing	346463.3	NA	1.09	NA	NA	NA	NA	NA	NA	NA	NA	NA	NA	4183924
23	63639975	88459980	NA	24820006	226284	2.01202	225679	8617	30124.0	mappable	0.08215	6.0	NA	0.003411849027	0.00010843635	0.00475907596	0.08141665	0.08152509	63639893	63640057	88459980	88459980	0.17367853	1	340262.1	17.7183	0.9858367	NA	NA	0.0	1.00601	1.00601	1	1	1:1	2	neutral	4183924
23	88990017	89349936	NA	359920	1089	2.01202	1089	14	159.0	mappable	0.06023929	6.0	NA	0.021854379467	0.07142857143	0.01924871906	0.10835811	0.17978668	88990017	88990017	89349936	89349936	NA	missing	340262.1	17.7183	0.9858367	NA	NA	NA	NA	NA	NA	NA	NA	NA	NA	4183924
23	89349937	90140198	NA	790262	0	0.0	0	0	NA	mappable	NA	NA	NA	NA	inf	0.98434871906	0.10208263	inf	89349937	89349937	90140198	90140198	NA	missing	NA	NA	0.0	NA	NA	0.0	0.0	0.0	0	0	NA	0	homozygousDel	4183924
23	90140199	91529952	NA	1389754	5103	2.01202	5101	228	700.0	mappable	0.069475	6.0	NA	0.012618665181	0.00434782609	0.00574871906	0.09800848	0.1023563	90140199	90140199	91529952	91529952	0.10646034	1	340262.1	17.7183	0.9858367	NA	NA	0.0	1.00601	1.00601	1	1	1:1	2	neutral	4183924
23	91529953	92379999	NA	850047	0	0.0	0	0	NA	mappable	NA	NA	NA	NA	inf	0.98434871906	0.10153736	inf	91529953	91529953	92379999	92379999	NA	missing	NA	NA	0.0	NA	NA	0.0	0.0	0.0	0	0	NA	0	homozygousDel	4183924
23	92380000	118340023	NA	25960024	237336	2.01202	236722	7325	32661.0	mappable	0.085575	6.0	NA	0.003481334819	0.00012597632	0.01334871906	0.08120248	0.08132846	92380000	92380000	118339977	118340069	0.17434407	1	340262.1	17.7183	0.9858367	NA	NA	0.0	1.00601	1.00601	1	1	1:1	2	neutral	4183924
23	118340023	118349947	NA	9925	174	2.2891968	174	0	24.0	mappable	NA	NA	NA	NA	inf	0.10485128094	0.15063813	inf	118339977	118340069	118349814	118349947	NA	missing	345798.0	NA	1.0892	NA	NA	NA	NA	NA	NA	NA	NA	NA	NA	4183924
23	118349948	154929639	NA	36579694	329578	2.01202	328625	11854	45474.0	mappable	0.08215	6.0	edge	0.001725567325	7.80823e-05	0.00704595492	0.07960345	0.07968153	118349948	118350081	154929639	154929639	0.16294385	1	340262.1	17.7183	0.9858367	NA	NA	0.0	1.00601	1.00601	1	1	1:1	2	neutral	4183924
