#chromosome	start	end	crest	length	tcnNbrOfLoci	tcnMean	tcnNbrOfSNPs	tcnNbrOfHets	dhNbrOfLoci	map	dhMax	cluster	neighbour	distDH	errorSNP	distTcn	errorLength	totalError	minStart	maxStart	minStop	maxStop	area	peaks	meanCovT	meanCovB	tcnMeanRaw	AF	BAF	dhMean	c1Mean	c2Mean	A	B	genotype	TCN	GNL	PID
1	840009	12839977	NA	11999970	171230	1.99898371	170327	7743	20848.0	mappable	0.085575	4.0	edge	0.00467290104	0.00011566042	0.00171864789	0.08504657	0.08516223	840009	840009	12839977	12839977	0.1549645	1	348124.1	18.08869	0.9513104	NA	NA	0.0	0.99949185412	0.99949185	1	1	1:1	2	neutral	4175837
1	13780016	105360009	NA	91580002	1190180	1.99898371	1186092	49695	130354.0	mappable	0.08215	4.0	NA	0.00052099247	1.859427e-05	0.00058953642	0.07561857	0.07563717	13780016	13780016	105359994	105360009	0.14559265	1	348124.1	18.08869	0.9513104	NA	NA	0.0	0.99949185412	0.99949185	1	1	1:1	2	neutral	4175837
1	105360010	105385334	NA	25325	303	2.50958176	303	0	35.0	mappable	NA	NA	NA	NA	inf	0.08336036721	0.13672152	inf	105360010	105360025	105379982	105385334	NA	missing	393538.9	NA	1.0339	NA	NA	NA	NA	NA	NA	NA	NA	NA	NA	4175837
1	105385335	120529963	NA	15144631	201410	1.99898371	200852	8434	21410.0	mappable	0.08215	4.0	NA	0.00058119548	0.00011120996	0.00136041686	0.08384935	0.08396056	105385335	105390687	120529963	120529963	0.12616789	1	348124.1	18.08869	0.9513104	NA	NA	0.0	0.99949185412	0.99949185	1	1	1:1	2	neutral	4175837
1	121220004	121229986	NA	9983	177	2.03044941	177	0	17.0	mappable	NA	NA	NA	NA	inf	0.00586036721	0.15054281	inf	121220004	121220004	121229986	121229986	NA	missing	374620.0	NA	0.9564	NA	NA	NA	NA	NA	NA	NA	NA	NA	NA	4175837
1	144010127	144019970	NA	9844	155	1.89258294	92	0	19.0	mappable	NA	NA	NA	0.19884067705	0.01587301587	0.01643963279	0.15077238	0.1666454	144010127	144010127	144019970	144019970	NA	missing	1037514.0	NA	0.9341	NA	NA	NA	NA	NA	NA	NA	NA	NA	NA	4175837
1	144920087	145739956	NA	819870	6359	1.99898371	5791	124	754.0	mappable	0.082525	4.0	self	0.01519345161	0.00144508671	0.00463963279	0.10180689	0.10325198	144920087	144920087	145739956	145739956	0.18859712	1	348124.1	18.08869	0.9513104	NA	NA	0.0	0.99949185412	0.99949185	1	1	1:1	2	neutral	4175837
1	146540101	147829895	NA	1289795	11654	1.99898371	11623	189	1250.0	mappable	0.08905	4.0	self	0.01364430349	0.00454545455	0.00276036721	0.09852843	0.10307388	146540101	146540101	147829895	147829895	0.26027887	1	348124.1	18.08869	0.9513104	NA	NA	0.0	0.99949185412	0.99949185	1	1	1:1	2	neutral	4175837
1	149815060	167509992	NA	17694936	223460	1.99898371	222719	10246	24826.0	mappable	0.08215	4.0	NA	3.620947e-05	9.101666e-05	0.00081536274	0.0830674	0.08315842	149815060	149815060	167509966	167510018	0.15381594	1	348124.1	18.08869	0.9513104	NA	NA	0.0	0.99949185412	0.99949185	1	1	1:1	2	neutral	4175837
1	167509992	167520021	NA	10030	165	2.86383059	165	0	15.0	mappable	NA	NA	NA	NA	inf	0.14066036721	0.15046606	inf	167509966	167510018	167519988	167520021	NA	missing	376171.7	NA	1.0912	NA	NA	NA	NA	NA	NA	NA	NA	NA	NA	4175837
1	167520022	249209945	NA	81689934	1118923	1.99898371	1115189	48913	120820.0	mappable	0.085575	4.0	edge	0.00285046263	1.89948e-05	0.00060998555	0.07609292	0.07611191	167520022	167520055	249209945	249209945	0.16036814	1	348124.1	18.08869	0.9513104	NA	NA	0.0	0.99949185412	0.99949185	1	1	1:1	2	neutral	4175837
2	20016	41739993	NA	41719983	639035	1.99898371	636806	30431	69204.0	mappable	0.08215	4.0	edge	5.469784e-05	3.062131e-05	0.006023565	0.07900693	0.07903755	20016	20016	41739940	41739993	0.15248165	1	348124.1	18.08869	0.9513104	NA	NA	0.0	0.99949185412	0.99949185	1	1	1:1	2	neutral	4175837
2	41739994	41750014	NA	10021	189	1.48269294	189	0	21.0	mappable	NA	NA	NA	NA	inf	0.08273963279	0.15048072	inf	41739994	41740047	41749964	41750014	NA	missing	327660.0	NA	0.8678	NA	NA	NA	NA	NA	NA	NA	NA	NA	NA	4175837
2	41750015	42245041	NA	495027	10009	1.99898371	9983	468	1047.0	mappable	0.07935	4.0	NA	0.00348069651	0.0020242915	0.00553963279	0.10572418	0.10774848	41750015	41750065	42239996	42250086	0.08799524	1	348124.1	18.08869	0.9513104	NA	NA	0.0	0.99949185412	0.99949185	1	1	1:1	2	neutral	4175837
2	42245041	42270019	NA	24979	379	2.28516235	379	0	36.0	mappable	NA	NA	NA	NA	inf	0.04706036721	0.13690727	inf	42239996	42250086	42269997	42270019	NA	missing	323251.4	NA	0.9976	NA	NA	NA	NA	NA	NA	NA	NA	NA	NA	4175837
2	42270020	58088119	NA	15818100	259950	1.99898371	259182	13343	27134.0	mappable	0.08215	4.0	NA	5.569651e-05	7.08667e-05	0.00456036721	0.08362927	0.08370013	42270020	42270042	58088091	58088119	0.14136329	1	348124.1	18.08869	0.9513104	NA	NA	0.0	0.99949185412	0.99949185	1	1	1:1	2	neutral	4175837
2	58088120	58162065	DUP	73946	988	2.99810264	987	92	85.0	mappable	0.08035	6.0	identical	0.00403069651	0.01075268817	0.17206036721	0.12365384	0.13440653	58088120	58088222	58162020	58162065	0.60329509	2	415610.0	23.76076	1.1129186	17.76601	0.6645654	0.3291309	1.0056672181	1.99243542	2	1	2:1	3	gain	4175837
2	58162066	87059860	DUP	28897797	399164	1.99898371	398045	17759	42194.0	mappable	0.08215	4.0	self	0.00136056978	5.297452e-05	0.00642221648	0.08069574	0.08074871	58162066	58162091	87059860	87059860	0.1331654	1	348124.1	18.08869	0.9513104	NA	NA	0.0	0.99949185412	0.99949185	1	1	1:1	2	neutral	4175837
2	88330099	89094923	NA	764825	9463	1.99898371	9442	466	1098.0	mappable	0.0786	4.0	self	0.00690569651	0.00205338809	0.01286036721	0.10232916	0.10438255	88330099	88330099	89059837	89130009	0.12476057	1	348124.1	18.08869	0.9513104	NA	NA	0.0	0.99949185412	0.99949185	1	1	1:1	2	neutral	4175837
2	89094923	89229990	NA	135068	2404	0.24684059	2403	47	282.0	mappable	0.16015	NA	NA	0.07794430349	0.02083333333	0.28263963279	0.11734798	0.13818132	89059837	89130009	89229990	89229990	0.25610009	1	253913.5	14.1063	0.6679	NA	NA	0.0	0.12342029412	0.12342029	0	0	0:0	0	LOH	4175837
2	89840102	90239998	NA	399897	914	1.99898371	903	0	99.0	mappable	NA	4.0	NA	0.02340569651	0.09090909091	0.01256036721	0.10747332	0.19838242	89840102	89840102	90239998	90239998	NA	missing	348124.1	NA	0.9513104	NA	NA	NA	NA	NA	NA	NA	NA	NA	NA	4175837
2	95440078	95466884	DEL	26807	0	0.0	0	0	NA	mappable	NA	NA	NA	NA	inf	0.95053963279	0.13595895	inf	95440078	95440078	95466884	95466884	NA	missing	NA	NA	0.0	NA	NA	0.0	0.0	0.0	0	0	NA	0	homozygousDel	4175837
2	95466885	95580144	DEL	113260	0	0.0	0	0	NA	mappable	NA	NA	NA	NA	inf	0.95053963279	0.11912364	inf	95466885	95466885	95580144	95580144	NA	missing	NA	NA	0.0	NA	NA	0.0	0.0	0.0	0	0	NA	0	homozygousDel	4175837
2	95580145	96239991	NA	659847	4442	2.03354059	4427	33	538.0	mappable	0.282839286	NA	NA	0.16640144635	0.02083333333	0.00636036721	0.10345663	0.12428996	95580145	95580145	96239991	96239991	NA	missing	328430.3	18.24613	0.9569	NA	NA	NA	NA	NA	NA	NA	NA	NA	NA	4175837
2	96239992	96740020	NA	500029	0	0.0	0	0	NA	mappable	NA	NA	NA	NA	inf	0.95053963279	0.10564318	inf	96239992	96239992	96740020	96740020	NA	missing	NA	NA	0.0	NA	NA	0.0	0.0	0.0	0	0	NA	0	homozygousDel	4175837
2	96740021	100839538	NA	4099518	41047	1.99898371	40971	1034	4631.0	mappable	0.09585	4.0	NA	0.00679430349	0.0009009009	0.00936036721	0.09104556	0.09194647	96740021	96740021	100839430	100839538	0.12013438	1	348124.1	18.08869	0.9513104	NA	NA	0.0	0.99949185412	0.99949185	1	1	1:1	2	neutral	4175837
2	100839539	101761391	DUP	921853	14006	2.99810264	13978	393	1587.0	mappable	0.093855769	6.0	identical	0.00633853426	0.00237529691	0.17496036721	0.10093783	0.10331312	100839539	100839557	101761257	101761391	0.5778499	2	415610.0	23.76076	1.1129186	17.76601	0.6645654	0.3291309	1.0056672181	1.99243542	2	1	2:1	3	gain	4175837
2	101761392	132189994	DUP	30428608	393251	1.99898371	392216	16932	42200.0	mappable	0.08215	4.0	NA	0.00047497579	5.566069e-05	0.00670450162	0.080454	0.08050966	101761392	101761436	132189994	132189994	0.14811534	1	348124.1	18.08869	0.9513104	NA	NA	0.0	0.99949185412	0.99949185	1	1	1:1	2	neutral	4175837
2	132189995	133009999	NA	820005	0	0.0	0	0	NA	mappable	NA	NA	NA	NA	inf	0.95053963279	0.10180566	inf	132189995	132189995	133009999	133009999	NA	missing	NA	NA	0.0	NA	NA	0.0	0.0	0.0	0	0	NA	0	homozygousDel	4175837
2	133010000	147590123	NA	14580129	205988	1.99898371	205353	8424	21415.0	mappable	0.084255882	4.0	NA	0.00040016395	0.00011038746	0.00569864468	0.08404244	0.08415283	133010000	133010000	147589916	147590330	0.13375833	1	348124.1	18.08869	0.9513104	NA	NA	0.0	0.99949185412	0.99949185	1	1	1:1	2	neutral	4175837
2	147590123	147599998	NA	9876	140	2.68392412	140	0	18.0	mappable	NA	NA	NA	NA	inf	0.11156036721	0.15071918	inf	147589916	147590330	147599891	147599998	NA	missing	399726.7	NA	1.0621	NA	NA	NA	NA	NA	NA	NA	NA	NA	NA	4175837
2	147599999	174693154	NA	27093161	358877	1.99898371	357663	16668	36954.0	mappable	0.08215	4.0	NA	0.0005325969	5.592528e-05	0.00532868254	0.08099978	0.0810557	147599999	147600106	174693124	174693154	0.16569514	1	348124.1	18.08869	0.9513104	NA	NA	0.0	0.99949185412	0.99949185	1	1	1:1	2	neutral	4175837
2	174693155	174844564	DEL	151410	2315	1.11546118	2313	81	267.0	mappable	0.289394737	NA	identical	0.20718904034	0.01204819277	0.14213963279	0.11622433	0.12827252	174693155	174693160	174844362	174844564	0.66845821	2	294586.3	18.19503	0.8084	17.33618	1.0271166	1.0	0.0	1.11546118	1	0	1:0	1	LOH	4175837
2	174844565	203922110	DEL	29077549	371545	1.99898371	370532	13457	38388.0	mappable	0.08215	4.0	self	0.00159159727	6.91085e-05	0.00654129254	0.08066662	0.08073573	174844565	174844681	203922075	203922110	0.16155874	1	348124.1	18.08869	0.9513104	NA	NA	0.0	0.99949185412	0.99949185	1	1	1:1	2	neutral	4175837
2	203922111	203992609	DEL	70499	655	1.10371471	655	35	67.0	mappable	0.191553571	NA	identical	0.10934787492	0.02857142857	0.14403963279	0.12418261	0.15275403	203922111	203922279	203992579	203992609	NA	missing	305770.9	17.75444	0.8065	NA	NA	NA	NA	NA	NA	NA	NA	NA	NA	4175837
2	203992610	214857653	DEL	10865044	146316	1.99898371	145844	6440	15182.0	mappable	0.081903571	4.0	self	0.00030819238	0.00014467593	0.00686036721	0.08556812	0.0857128	203992610	203992707	214857542	214857653	0.15583147	1	348124.1	18.08869	0.9513104	NA	NA	0.0	0.99949185412	0.99949185	1	1	1:1	2	neutral	4175837
2	214857654	214858678	DEL	1025	22	1.63612534	20	0	1.0	mappable	NA	1.0	identical	0.01086789657	0.5	0.09583963279	0.19997184	0.69997184	214857654	214857708	214858621	214858678	NA	missing	331465.9	NA	0.8926178	NA	NA	NA	NA	NA	NA	NA	NA	NA	NA	4175837
2	214858679	229940031	DEL	15081355	215010	1.99898371	214081	9839	22922.0	mappable	0.078725	4.0	self	0.00047149107	9.286776e-05	0.00474802267	0.08387058	0.08396345	214858679	214858699	229939971	229940091	0.16150569	1	348124.1	18.08869	0.9513104	NA	NA	0.0	0.99949185412	0.99949185	1	1	1:1	2	neutral	4175837
2	229940031	231889932	NA	1949902	27746	1.02643529	27629	821	3165.0	mappable	0.119161111	NA	identical	0.04789430349	0.00106609808	0.15653963279	0.09571682	0.09678291	229939971	229940091	231889860	231890004	0.61245673	2	288625.2	17.31751	0.794	17.29342	0.9782365	0.956473	0.02233882353	1.00409647	1	0	1:0	1	LOH	4175837
2	231889932	242999969	NA	11110040	174702	1.99898371	174030	7910	20547.0	mappable	0.085575	4.0	edge	0.00328330113	0.00011653653	0.00822662919	0.08545051	0.08556705	231889860	231890004	242999969	242999969	0.14118139	1	348124.1	18.08869	0.9513104	NA	NA	0.0	0.99949185412	0.99949185	1	1	1:1	2	neutral	4175837
3	100074	23544007	NA	23443935	372803	2.99810264	371564	18030	39447.0	mappable	0.1027	6.0	edge	0.02234429052	5.189683e-05	0.16131276271	0.0816903	0.0817422	100074	100074	23543952	23544007	0.52669478	2	415610.0	23.76076	1.1129186	17.76601	0.6645654	0.3291309	1.0056672181	1.99243542	2	1	2:1	3	gain	4175837
3	23544008	23591439	DEL	47432	745	1.29660412	745	0	82.0	mappable	NA	NA	NA	NA	inf	0.11283963279	0.12875338	inf	23544008	23544200	23591251	23591439	NA	missing	317823.8	NA	0.8377	NA	NA	NA	NA	NA	NA	NA	NA	NA	NA	4175837
3	23591440	39530003	DEL	15938564	231555	2.99810264	230886	10905	24093.0	mappable	0.1027	6.0	NA	0.02049430349	8.640802e-05	0.16226036721	0.08359101	0.08367742	23591440	23591465	39529991	39530003	0.55758242	2	415610.0	23.76076	1.1129186	17.76601	0.6645654	0.3291309	1.0056672181	1.99243542	2	1	2:1	3	gain	4175837
3	39530004	39540053	NA	10050	200	2.45594058	199	0	26.0	mappable	NA	2.0	NA	0.01303239873	1.0	0.07726036721	0.15043354	1.15043354	39530004	39530016	39539967	39540139	NA	missing	364291.5	NA	1.0252235	NA	NA	NA	NA	NA	NA	NA	NA	NA	NA	4175837
3	39540053	45260047	NA	5719995	72668	2.99810264	72402	3045	7698.0	mappable	0.106125	6.0	NA	0.02049430349	0.00030202356	0.16496036721	0.08909645	0.08939848	39539967	39540139	45259939	45260155	0.508204	2	415610.0	23.76076	1.1129186	17.76601	0.6645654	0.3291309	1.0056672181	1.99243542	2	1	2:1	3	gain	4175837
3	45260047	45269996	NA	9950	127	2.45594058	126	19	17.0	mappable	0.13454329	2.0	NA	0.05039527752	0.05	0.05216036721	0.15059696	0.20059696	45259939	45260155	45269970	45270022	NA	missing	364291.5	20.07508	1.0252235	NA	NA	NA	NA	NA	NA	NA	NA	NA	NA	4175837
3	45269996	49998006	NA	4728011	47825	2.99810264	47686	1642	5662.0	mappable	0.110425	6.0	NA	0.03114430349	0.00056148231	0.16576036721	0.0902006	0.09076208	45269970	45270022	49969766	49998006	0.5325053	2	415610.0	23.76076	1.1129186	17.76601	0.6645654	0.3291309	1.0056672181	1.99243542	2	1	2:1	3	gain	4175837
3	49998007	50088091	INV	90085	763	0.92071706	763	1	97.0	mappable	0.266666666	NA	NA	0.18446097016	1.0	0.17363963279	0.12151407	1.12151407	49998007	50000117	50087974	50088091	NA	missing	280024.6	17.73489	0.7769	NA	NA	NA	NA	NA	NA	NA	NA	NA	NA	4175837
3	50088092	66919964	INV	16831873	244145	2.99810264	243477	10770	26655.0	mappable	0.106125	6.0	NA	0.02391930349	8.742787e-05	0.16076036721	0.08331704	0.08340447	50088092	50088118	66919905	66919964	0.53905514	2	415610.0	23.76076	1.1129186	17.76601	0.6645654	0.3291309	1.0056672181	1.99243542	2	1	2:1	3	gain	4175837
3	66919965	66930068	NA	10104	199	2.414376	199	9	30.0	mappable	0.362251078	3.0	NA	0.28004538059	0.11111111111	0.06196036721	0.15034611	0.26145722	66919965	66920024	66929988	66930068	NA	missing	388501.2	25.67023	1.0185004	NA	NA	NA	NA	NA	NA	NA	NA	NA	NA	4175837
3	66930069	90499969	NA	23569903	330740	2.99810264	329784	13807	34069.0	mappable	0.106125	6.0	NA	0.02349375544	6.773691e-05	0.15965904654	0.08166451	0.08173225	66930069	66930149	90499969	90499969	0.55601616	2	415610.0	23.76076	1.1129186	17.76601	0.6645654	0.3291309	1.0056672181	1.99243542	2	1	2:1	3	gain	4175837
3	93570175	97789984	NA	4219810	58798	2.99810264	58641	2890	5906.0	mappable	0.10375	6.0	NA	0.02472644635	0.00032819166	0.16116036721	0.09087296	0.09120115	93570175	93570175	97789961	97790007	0.55376972	2	415610.0	23.76076	1.1129186	17.76601	0.6645654	0.3291309	1.0056672181	1.99243542	2	1	2:1	3	gain	4175837
3	97789984	97799965	NA	9982	223	2.45594058	220	75	17.0	mappable	0.125727564	2.0	NA	0.04164430349	0.01282051282	0.06366036721	0.15054445	0.16336496	97789961	97790007	97799865	97799965	0.56663155	2	364291.5	20.07508	1.0252235	16.90432	0.6318066	0.2636131	0.90426121215	1.55167937	sub	1	sub:1	sub	sub	4175837
3	97799966	133839949	NA	36039984	487344	2.99810264	485694	23128	50942.0	mappable	0.10955	6.0	NA	0.02734430349	4.035838e-05	0.16206036721	0.07967145	0.07971181	97799966	97800066	133839850	133839949	0.56399401	2	415610.0	23.76076	1.1129186	17.76601	0.6645654	0.3291309	1.0056672181	1.99243542	2	1	2:1	3	gain	4175837
3	133839950	133849981	NA	10032	156	2.45594058	146	0	18.0	mappable	NA	2.0	NA	0.00240504901	0.1	0.06266036721	0.15046281	0.25046281	133839950	133840049	133849961	133850001	NA	missing	364291.5	NA	1.0252235	NA	NA	NA	NA	NA	NA	NA	NA	NA	NA	4175837
3	133849981	165740003	NA	31890023	427461	2.99810264	426136	19150	44490.0	mappable	0.106125	6.0	NA	0.02391930349	4.884005e-05	0.16096036721	0.08023557	0.08028441	133849961	133850001	165739846	165740003	0.55192601	2	415610.0	23.76076	1.1129186	17.76601	0.6645654	0.3291309	1.0056672181	1.99243542	2	1	2:1	3	gain	4175837
3	165740004	165749997	NA	9994	170	3.74110647	160	22	22.0	mappable	0.252297341	NA	NA	0.20273695055	0.03125	0.28256036721	0.15052481	0.18177481	165740004	165740161	165749988	165749997	NA	missing	445750.0	27.3418	1.2331	NA	NA	NA	NA	NA	NA	NA	NA	NA	NA	4175837
3	165749998	187455681	NA	21705684	291661	2.99810264	290825	11921	31364.0	mappable	0.106125	6.0	NA	0.02391930349	7.838834e-05	0.16216036721	0.08206283	0.08214122	165749998	165750007	187455657	187455681	0.53506515	2	415610.0	23.76076	1.1129186	17.76601	0.6645654	0.3291309	1.0056672181	1.99243542	2	1	2:1	3	gain	4175837
3	187455682	188729907	INV	1274226	19349	0.97079412	19263	623	2121.0	mappable	0.100163636	NA	NA	0.0209283944	0.00141043724	0.16553963279	0.09861354	0.10002398	187455682	187455743	188729905	188729907	0.66879242	2	292613.3	17.5568	0.785	17.73338	0.9999152	0.9998303	8.235294e-05	0.97071176	1	0	1:0	1	LOH	4175837
3	188729908	188730116	INV	209	6	1.28794882	6	0	2.0	mappable	NA	NA	NA	NA	inf	0.11423963279	0.25949225	inf	188729908	188729918	188730001	188730116	NA	missing	324188.5	NA	0.8363	NA	NA	NA	NA	NA	NA	NA	NA	NA	NA	4175837
3	188730117	197779892	INV	9049777	133770	2.99810264	133215	7527	14544.0	mappable	0.106125	6.0	edge	0.02609905405	0.00012373175	0.16095256576	0.08654468	0.08666841	188730117	188730296	197779892	197779892	0.56310717	2	415610.0	23.76076	1.1129186	17.76601	0.6645654	0.3291309	1.0056672181	1.99243542	2	1	2:1	3	gain	4175837
4	50084	362024	NA	311941	2993	1.74682099	2956	52	348.0	mappable	0.178905488	5.0	edge	0.11729985905	0.01123595506	0.03273963279	0.10958355	0.12081951	50084	50084	361948	362024	0.28936867	1	507093.5	26.70179	0.9105229	NA	NA	0.0	0.87341049382	0.87341049	1	1	1:1	2	neutral	4175837
4	362025	521679	DEL	159655	1774	1.02458059	1763	8	224.0	mappable	0.101462681	NA	NA	0.01768654487	0.05263157895	0.15683963279	0.11570995	0.16834153	362025	362119	521623	521679	NA	missing	287472.9	15.62197	0.7937	NA	NA	NA	NA	NA	NA	NA	NA	NA	NA	4175837
4	521680	8939952	DEL	8418276	140213	1.99898371	139266	7097	16676.0	mappable	0.089	4.0	self	0.00573843096	0.00012431626	0.00927407564	0.08693727	0.08706159	521680	521694	8939952	8939952	0.1491861	1	348124.1	18.08869	0.9513104	NA	NA	0.0	0.99949185412	0.99949185	1	1	1:1	2	neutral	4175837
4	9800043	28510007	NA	18709972	293018	1.99898371	292054	14395	30459.0	mappable	0.078725	4.0	NA	8.355036e-05	6.511688e-05	0.00231196623	0.0827907	0.08285581	9800043	9800043	28509904	28510007	0.13818193	1	348124.1	18.08869	0.9513104	NA	NA	0.0	0.99949185412	0.99949185	1	1	1:1	2	neutral	4175837
4	28510008	28519989	NA	9982	193	1.51916882	193	0	28.0	mappable	NA	NA	NA	NA	inf	0.07683963279	0.15054445	inf	28510008	28510111	28519935	28520043	NA	missing	334596.7	NA	0.8737	NA	NA	NA	NA	NA	NA	NA	NA	NA	NA	4175837
4	28519989	49089961	NA	20569973	305427	1.99898371	304565	15234	31148.0	mappable	0.078725	4.0	NA	5.569651e-05	6.21311e-05	0.00063963279	0.08232473	0.08238686	28519935	28520043	49089961	49089961	0.13980929	1	348124.1	18.08869	0.9513104	NA	NA	0.0	0.99949185412	0.99949185	1	1	1:1	2	neutral	4175837
4	52680652	71545069	NA	18864419	273768	1.99898371	272866	14103	27464.0	mappable	0.08215	4.0	self	0.00116939018	6.664445e-05	0.00018205382	0.08275007	0.08281671	52680652	52680652	71539989	71545069	0.14716797	1	348124.1	18.08869	0.9513104	NA	NA	0.0	0.99949185412	0.99949185	1	1	1:1	2	neutral	4175837
4	71545070	71564983	NA	19914	150	2.94234647	150	2	19.0	mappable	0.263888889	NA	identical	0.18168319238	0.5	0.15336036721	0.14004136	0.64004136	71545070	71550150	71559951	71564983	NA	missing	321296.0	18.96539	1.1039	NA	NA	NA	NA	NA	NA	NA	NA	NA	NA	4175837
4	71564984	110614936	NA	39049963	514985	1.99898371	513447	23921	52662.0	mappable	0.08215	4.0	NA	0.00014266651	3.928038e-05	0.00022034799	0.07930586	0.07934514	71564984	71570016	110609791	110620081	0.15002234	1	348124.1	18.08869	0.9513104	NA	NA	0.0	0.99949185412	0.99949185	1	1	1:1	2	neutral	4175837
4	110614936	110640208	NA	25273	288	2.34636765	288	0	34.0	mappable	NA	NA	NA	NA	inf	0.05696036721	0.13674924	inf	110609791	110620081	110639937	110640479	NA	missing	341189.2	NA	1.0075	NA	NA	NA	NA	NA	NA	NA	NA	NA	NA	4175837
4	110640208	138034601	NA	27394396	369880	1.99898371	368800	18643	36916.0	mappable	0.078725	4.0	NA	0.00320662367	5.07048e-05	0.0004309816	0.08094748	0.08099819	110639937	110640479	138034572	138034601	0.14098859	1	348124.1	18.08869	0.9513104	NA	NA	0.0	0.99949185412	0.99949185	1	1	1:1	2	neutral	4175837
4	138034602	138065929	DEL	31328	503	1.19892294	497	0	64.0	mappable	NA	NA	identical	0.08783218228	0.16666666667	0.12863963279	0.13391215	0.30057881	138034602	138034641	138065917	138065929	NA	missing	325561.7	NA	0.8219	NA	NA	NA	NA	NA	NA	NA	NA	NA	NA	4175837
4	138065930	153242715	DEL	15176787	193450	1.99898371	192875	7363	20066.0	mappable	0.078725	4.0	self	0.00096606526	0.00012597632	0.00064507399	0.08383859	0.08396457	138065930	138066025	153242715	153242715	0.15639193	1	348124.1	18.08869	0.9513104	NA	NA	0.0	0.99949185412	0.99949185	1	1	1:1	2	neutral	4175837
4	153242716	190799944	CTX	37557233	567259	1.99898371	564841	27764	58811.0	mappable	0.08215	4.0	edge	0.0001777682	3.313453e-05	0.00211003678	0.07948308	0.07951622	153242716	153243284	190799944	190799944	0.15565575	1	348124.1	18.08869	0.9513104	NA	NA	0.0	0.99949185412	0.99949185	1	1	1:1	2	neutral	4175837
5	50017	394981	NA	344965	4011	2.99810264	3957	351	472.0	mappable	0.144584091	6.0	edge	0.06851930349	0.0024691358	0.17856036721	0.10871875	0.11118789	50017	50017	389955	394981	0.40394232	2	415610.0	23.76076	1.1129186	17.76601	0.6645654	0.3291309	1.0056672181	1.99243542	2	1	2:1	3	gain	4175837
5	394982	410061	NA	15080	176	2.45594058	174	9	25.0	mappable	0.055467742	2.0	NA	0.01781468268	0.09090909091	0.05166036721	0.1440886	0.23499769	394982	400008	409955	410167	NA	missing	364291.5	20.07508	1.0252235	NA	NA	NA	NA	NA	NA	NA	NA	NA	NA	4175837
5	410061	4460011	NA	4049951	71959	2.99810264	71478	3946	8524.0	mappable	0.106125	6.0	NA	0.0231310496	0.0002258866	0.16779673931	0.09111836	0.09134425	409955	410167	4459946	4460011	0.5669323	2	415610.0	23.76076	1.1129186	17.76601	0.6645654	0.3291309	1.0056672181	1.99243542	2	1	2:1	3	gain	4175837
5	4460012	4469990	NA	9979	148	2.45594058	147	1	19.0	mappable	0.0	2.0	NA	0.0306975293	0.5	0.04656036721	0.15054936	0.65054936	4460012	4460077	4469894	4470086	NA	missing	364291.5	20.07508	1.0252235	NA	NA	NA	NA	NA	NA	NA	NA	NA	NA	4175837
5	4469990	21485089	NA	17015101	253078	2.99810264	252212	13292	26733.0	mappable	0.109302941	6.0	NA	0.0262826835	7.063145e-05	0.16290167345	0.08326286	0.0833335	4469894	4470086	21449937	21485089	0.55930404	2	415610.0	23.76076	1.1129186	17.76601	0.6645654	0.3291309	1.0056672181	1.99243542	2	1	2:1	3	gain	4175837
5	21539978	44619999	NA	23080023	330388	2.99810264	329515	12984	34390.0	mappable	0.1027	6.0	NA	0.02226080959	7.216569e-05	0.16349268043	0.08176568	0.08183784	21539978	21540018	44619991	44619999	0.56370677	2	415610.0	23.76076	1.1129186	17.76601	0.6645654	0.3291309	1.0056672181	1.99243542	2	1	2:1	3	gain	4175837
5	44620000	44639993	NA	19994	298	3.38438471	297	0	41.0	mappable	NA	NA	NA	0.19557208127	1.0	0.22486036721	0.13998466	1.13998466	44620000	44620008	44639972	44640014	NA	missing	443973.0	NA	1.1754	NA	NA	NA	NA	NA	NA	NA	NA	NA	NA	4175837
5	44639993	46399990	NA	1759998	28560	2.99810264	28471	542	2779.0	mappable	0.092148529	6.0	NA	0.01502812702	0.00158478605	0.16736036721	0.09639882	0.0979836	44639972	44640014	46399990	46399990	0.50605601	2	415610.0	23.76076	1.1129186	17.76601	0.6645654	0.3291309	1.0056672181	1.99243542	2	1	2:1	3	gain	4175837
5	49470005	68829703	NA	19359701	256687	2.99810264	255862	11288	26597.0	mappable	0.106125	6.0	NA	0.02203010467	8.256275e-05	0.1650973648	0.08262225	0.08270482	49470005	49470005	68829703	68829703	0.56470527	2	415610.0	23.76076	1.1129186	17.76601	0.6645654	0.3291309	1.0056672181	1.99243542	2	1	2:1	3	gain	4175837
5	70750153	74629990	NA	3879838	52537	2.99810264	52436	2167	5606.0	mappable	0.1027	6.0	NA	0.02049430349	0.00044091711	0.16266036721	0.09137609	0.091817	70750153	70750153	74629947	74629990	0.56488884	2	415610.0	23.76076	1.1129186	17.76601	0.6645654	0.3291309	1.0056672181	1.99243542	2	1	2:1	3	gain	4175837
5	74629991	74649982	NA	19992	259	3.39736765	259	0	32.0	mappable	NA	NA	NA	NA	inf	0.22696036721	0.13998608	inf	74629991	74630034	74649961	74649982	NA	missing	415402.8	NA	1.1775	NA	NA	NA	NA	NA	NA	NA	NA	NA	NA	4175837
5	74649983	82740024	NA	8090042	107616	2.99810264	107294	4228	11760.0	mappable	0.106125	6.0	NA	0.02391930349	0.00021978022	0.16266036721	0.08715464	0.08737442	74649983	74650004	82739973	82740024	0.55974219	2	415610.0	23.76076	1.1129186	17.76601	0.6645654	0.3291309	1.0056672181	1.99243542	2	1	2:1	3	gain	4175837
5	82740025	82754992	NA	14968	145	2.41313706	145	0	16.0	mappable	NA	NA	NA	NA	inf	0.06776036721	0.14420033	inf	82740025	82740076	82749967	82760017	NA	missing	411852.0	NA	1.0183	NA	NA	NA	NA	NA	NA	NA	NA	NA	NA	4175837
5	82754992	112839993	NA	30085004	415547	2.99810264	414317	18873	41809.0	mappable	0.106125	6.0	NA	0.02341058651	4.974629e-05	0.16382781951	0.08050706	0.08055681	82749967	82760017	112839925	112840061	0.56987228	2	415610.0	23.76076	1.1129186	17.76601	0.6645654	0.3291309	1.0056672181	1.99243542	2	1	2:1	3	gain	4175837
5	112839993	112860001	NA	20009	337	2.45594058	336	34	34.0	mappable	0.158621429	2.0	NA	0.06700144635	0.02857142857	0.07896036721	0.13997406	0.16854549	112839925	112840061	112859995	112860007	0.60636224	2	364291.5	20.07508	1.0252235	16.90432	0.6318066	0.2636131	0.90426121215	1.55167937	sub	1	sub:1	sub	sub	4175837
5	112860001	122009986	NA	9149986	150672	2.99810264	150272	7181	15184.0	mappable	0.10955	6.0	NA	0.02629332392	0.00013190872	0.16473221732	0.08648522	0.08661713	112859995	112860007	122009960	122009986	0.54642339	2	415610.0	23.76076	1.1129186	17.76601	0.6645654	0.3291309	1.0056672181	1.99243542	2	1	2:1	3	gain	4175837
5	122009987	122030025	NA	20039	311	2.45594058	310	51	19.0	mappable	0.0855125	2.0	NA	0.00128805349	0.01923076923	0.10516036721	0.13995289	0.15918366	122009987	122010013	122029984	122030066	0.46704144	2	364291.5	20.07508	1.0252235	16.90432	0.6318066	0.2636131	0.90426121215	1.55167937	sub	1	sub:1	sub	sub	4175837
5	122030025	139489916	NA	17459893	226506	2.99810264	225972	10070	24266.0	mappable	0.10955	6.0	NA	0.02875674309	9.431293e-05	0.16331467262	0.08313401	0.08322833	122029984	122030066	139489748	139489916	0.54886868	2	415610.0	23.76076	1.1129186	17.76601	0.6645654	0.3291309	1.0056672181	1.99243542	2	1	2:1	3	gain	4175837
5	139489917	140565010	NA	1075094	13051	1.99898371	13008	664	1434.0	mappable	0.084175	4.0	self	0.00104319651	0.00141442716	0.00746036721	0.09982017	0.10123459	139489917	139490085	140559914	140565010	0.12387803	1	348124.1	18.08869	0.9513104	NA	NA	0.0	0.99949185412	0.99949185	1	1	1:1	2	neutral	4175837
5	140565011	159640018	NA	19075008	271846	2.99810264	270994	12515	29728.0	mappable	0.1027	6.0	NA	0.02049430349	7.48111e-05	0.16276036721	0.08269527	0.08277008	140565011	140570107	159639975	159640018	0.54933343	2	415610.0	23.76076	1.1129186	17.76601	0.6645654	0.3291309	1.0056672181	1.99243542	2	1	2:1	3	gain	4175837
5	159640019	159670066	NA	30048	332	2.45594058	330	15	42.0	mappable	0.067657407	2.0	NA	0.01365926794	0.05882352941	0.07916036721	0.13445395	0.19327748	159640019	159640062	159669975	159670066	NA	missing	364291.5	20.07508	1.0252235	NA	NA	NA	NA	NA	NA	NA	NA	NA	NA	4175837
5	159670067	180689979	NA	21019915	290780	2.99810264	289725	14754	31496.0	mappable	0.099275	6.0	edge	0.01537741873	6.325911e-05	0.16536923612	0.08221908	0.08228234	159670067	159670158	180689979	180689979	0.52275155	2	415610.0	23.76076	1.1129186	17.76601	0.6645654	0.3291309	1.0056672181	1.99243542	2	1	2:1	3	gain	4175837
6	201976	31349996	NA	31148025	466932	2.00838769	464552	22817	51217.0	mappable	0.34245	NA	edge	0.26247025668	3.969041e-05	0.00229187822	0.08034504	0.08038473	201976	201976	31349980	31350012	0.8826111	2	347816.3	23.18775	0.9528315	17.36605	0.9888449	0.9776898	0.02240373824	1.98598395	2	0	2:0	2	cnLOH	4175837
6	31349996	31370004	NA	20009	387	1.41716	375	80	50.0	mappable	0.188062756	NA	NA	0.08455676684	0.01086956522	0.09333963279	0.13997406	0.15084363	31349980	31350012	31359989	31380019	0.81968621	2	342176.0	21.12369	0.8572	18.99042	0.9387747	0.8775494	0.08676605978	1.33039394	sub	0	sub:0	sub	sub	4175837
6	31370004	32579979	NA	1209977	19501	1.98801312	18426	1559	2104.0	mappable	0.339025	NA	NA	0.25045230755	0.00037965072	0.00100377822	0.09897782	0.09935747	31359989	31380019	32579951	32580007	0.8922439	2	326509.1	21.76728	0.9495359	16.35879	0.9921468	0.9842936	0.01561221745	1.97240091	2	0	2:0	2	cnLOH	4175837
6	32579979	32590005	NA	10027	803	1.49753059	712	185	46.0	mappable	0.396790762	NA	NA	0.28731573206	0.00362318841	0.08033963279	0.15047095	0.15409414	32579951	32580007	32589983	32590005	0.96574601	2	356341.4	24.54796	0.8702	19.48115	1.178584	1.0	0.0	1.49753059	sub	0	sub:0	sub	sub	4175837
6	32590006	34480019	NA	1890014	35549	2.00324706	34471	3180	3623.0	mappable	0.332175	NA	NA	0.23626930349	0.00023485204	0.00146036721	0.09592342	0.09615827	32590006	32590028	34479974	34480019	0.7189892	2	320164.6	20.45496	0.952	15.9994	0.9080597	0.8161195	0.18417908497	1.81906797	2	0	2:0	2	cnLOH	4175837
6	34480020	34510032	NA	30013	446	2.45594058	446	1	46.0	mappable	0.071428572	2.0	NA	0.01077712508	1.0	0.06906036721	0.13446915	1.13446915	34480020	34480065	34509999	34510032	NA	missing	364291.5	20.07508	1.0252235	NA	NA	NA	NA	NA	NA	NA	NA	NA	NA	4175837
6	34510033	58019982	NA	23509953	335450	1.99898371	333111	14564	36549.0	mappable	0.085575	4.0	self	0.0043933805	5.91611e-05	0.00045751384	0.08167676	0.08173593	34510033	34510066	58019982	58019982	0.14087629	1	348124.1	18.08869	0.9513104	NA	NA	0.0	0.99949185412	0.99949185	1	1	1:1	2	neutral	4175837
6	58610011	58769997	NA	159987	572	1.99898371	572	2	66.0	mappable	0.029411765	4.0	self	0.0527939318	0.5	0.01106036721	0.11568989	0.61568989	58610011	58610011	58769997	58769997	NA	missing	348124.1	18.08869	0.9513104	NA	NA	NA	NA	NA	NA	NA	NA	NA	NA	4175837
6	61890002	61949996	NA	59995	1094	2.45594058	1069	22	103.0	mappable	0.049911364	2.0	NA	0.00781248531	0.02127659574	0.06406036721	0.12600366	0.14728026	61890002	61890002	61919992	61949996	NA	missing	364291.5	20.07508	1.0252235	NA	NA	NA	NA	NA	NA	NA	NA	NA	NA	4175837
6	61949997	136590011	NA	74640025	1028613	1.99898371	1025324	49807	105110.0	mappable	0.08215	4.0	NA	0.0007118888	1.883487e-05	0.00065626762	0.07647176	0.07649059	61949997	61980001	136589883	136590011	0.15064908	1	348124.1	18.08869	0.9513104	NA	NA	0.0	0.99949185412	0.99949185	1	1	1:1	2	neutral	4175837
6	136590012	136609973	NA	19962	348	2.47681529	348	0	35.0	mappable	NA	NA	NA	NA	inf	0.07806036721	0.14000731	inf	136590012	136590140	136609908	136609973	NA	missing	378629.5	NA	1.0286	NA	NA	NA	NA	NA	NA	NA	NA	NA	NA	4175837
6	136609974	137490019	NA	880046	11700	1.99898371	11656	426	1239.0	mappable	0.087597222	4.0	NA	0.00252208127	0.00212765957	0.00216036721	0.10128008	0.10340774	136609974	136610039	137489967	137490071	0.16062186	1	348124.1	18.08869	0.9513104	NA	NA	0.0	0.99949185412	0.99949185	1	1	1:1	2	neutral	4175837
6	137490019	137509947	NA	19929	263	2.42302882	263	0	22.0	mappable	NA	NA	NA	NA	inf	0.06936036721	0.14003071	inf	137489967	137490071	137509894	137509947	NA	missing	358475.0	NA	1.0199	NA	NA	NA	NA	NA	NA	NA	NA	NA	NA	4175837
6	137509948	170899935	NA	33389992	495837	1.99898371	493871	22387	53904.0	mappable	0.08215	4.0	edge	0.00106643537	4.10627e-05	0.00089448185	0.08002269	0.08006375	137509948	137510001	170899935	170899935	0.1548313	1	348124.1	18.08869	0.9513104	NA	NA	0.0	0.99949185412	0.99949185	1	1	1:1	2	neutral	4175837
7	40386	38232982	NA	38192600	591980	1.99898371	590042	29882	62747.0	mappable	0.08215	4.0	edge	0.00127223272	3.142875e-05	0.00083629562	0.07940671	0.07943813	40386	40386	38232962	38233002	0.14772603	1	348124.1	18.08869	0.9513104	NA	NA	0.0	0.99949185412	0.99949185	1	1	1:1	2	neutral	4175837
7	38232982	38423704	NA	190723	2000	0.70248	1991	152	192.0	mappable	0.105488095	NA	identical	0.02394104262	0.00621118012	0.20893963279	0.11401781	0.12022899	38232962	38233002	38423694	38423714	0.18459833	1	268193.2	14.19846	0.7416	NA	NA	0.0	0.35124	0.35124	sub	sub	sub:sub	sub	sub	4175837
7	38423704	44290018	NA	5866315	79200	1.99898371	78939	3386	8456.0	mappable	0.078725	4.0	self	0.00348069651	0.00027419797	0.00026036721	0.08895205	0.08922625	38423694	38423714	44289984	44290018	0.13508564	1	348124.1	18.08869	0.9513104	NA	NA	0.0	0.99949185412	0.99949185	1	1	1:1	2	neutral	4175837
7	44290019	44320022	NA	30004	398	2.39026235	397	3	42.0	mappable	0.161743254	NA	NA	0.07183716064	0.25	0.06406036721	0.13447306	0.38447306	44290019	44290053	44319979	44320065	NA	missing	295138.5	17.84558	1.0146	NA	NA	NA	NA	NA	NA	NA	NA	NA	NA	4175837
7	44320022	44339973	NA	19952	288	1.63612534	288	3	38.0	mappable	0.117405745	1.0	NA	0.03520004884	0.33333333333	0.05943963279	0.14001439	0.47334773	44319979	44320065	44339892	44339973	NA	missing	331465.9	17.87495	0.8926178	NA	NA	NA	NA	NA	NA	NA	NA	NA	NA	4175837
7	44339974	57999988	NA	13660015	180805	1.99898371	180179	9923	19385.0	mappable	0.078725	4.0	self	5.569651e-05	9.48047e-05	0.00166036721	0.08437588	0.08447069	44339974	44340055	57999988	57999988	0.11948758	1	348124.1	18.08869	0.9513104	NA	NA	0.0	0.99949185412	0.99949185	1	1	1:1	2	neutral	4175837
7	61530139	72229988	NA	10699853	114189	1.99898371	113304	4548	12966.0	mappable	0.08215	4.0	self	0.00026207897	0.00018406037	0.00066503453	0.08564912	0.08583318	61530139	61530139	72229988	72229988	0.15717576	1	348124.1	18.08869	0.9513104	NA	NA	0.0	0.99949185412	0.99949185	1	1	1:1	2	neutral	4175837
7	72750118	74139961	NA	1389844	10210	1.99898371	10163	272	1290.0	mappable	0.093336111	4.0	self	0.01250968811	0.00313479624	0.00573963279	0.09800803	0.10114282	72750118	72750118	74139961	74139961	0.23178204	1	348124.1	18.08869	0.9513104	NA	NA	0.0	0.99949185412	0.99949185	1	1	1:1	2	neutral	4175837
7	75160045	76059952	NA	899908	8402	1.99898371	8367	367	1085.0	mappable	0.091492857	4.0	self	0.00928716064	0.00248756219	0.00066036721	0.10111521	0.10360277	75160045	75160045	76059952	76059952	0.1761945	1	348124.1	18.08869	0.9513104	NA	NA	0.0	0.99949185412	0.99949185	1	1	1:1	2	neutral	4175837
7	76810004	84130031	NA	7320032	105328	1.99898371	105046	5089	10538.0	mappable	0.08215	4.0	NA	0.00123777854	0.00018618507	0.00195396801	0.08770615	0.08789233	76810004	76810004	84129991	84130071	0.14721608	1	348124.1	18.08869	0.9513104	NA	NA	0.0	0.99949185412	0.99949185	1	1	1:1	2	neutral	4175837
7	84130031	84139991	NA	9961	162	1.51422294	162	0	17.0	mappable	NA	NA	NA	NA	inf	0.07763963279	0.15057888	inf	84129991	84130071	84139974	84140008	NA	missing	361145.0	NA	0.8729	NA	NA	NA	NA	NA	NA	NA	NA	NA	NA	4175837
7	84139991	159119808	NA	74979831	982855	1.99898371	979215	41720	105865.0	mappable	0.08215	4.0	edge	0.00059564887	2.204683e-05	0.00047637008	0.0764526	0.07647465	84139974	84140008	159119808	159119808	0.14937392	1	348124.1	18.08869	0.9513104	NA	NA	0.0	0.99949185412	0.99949185	1	1	1:1	2	neutral	4175837
8	170012	579978	NA	409967	6957	2.99810264	6939	444	770.0	mappable	0.09585	6.0	edge	0.01364430349	0.00216450216	0.16766036721	0.10726651	0.10943101	170012	170012	579941	580015	0.4598812	2	415610.0	23.76076	1.1129186	17.76601	0.6645654	0.3291309	1.0056672181	1.99243542	2	1	2:1	3	gain	4175837
8	579978	589999	NA	10022	303	2.47125118	296	0	61.0	mappable	NA	NA	NA	0.07997518585	0.14285714286	0.07716036721	0.15047909	0.29333624	579941	580015	589993	590005	NA	missing	351482.2	NA	1.0277	NA	NA	NA	NA	NA	NA	NA	NA	NA	NA	4175837
8	589999	750010	NA	160012	3444	2.99810264	3429	32	499.0	mappable	0.147556034	6.0	NA	0.05161930349	0.02127659574	0.16726036721	0.11568838	0.13696498	589993	590005	749998	750022	NA	missing	415610.0	23.76076	1.1129186	NA	NA	NA	NA	NA	NA	NA	NA	NA	NA	4175837
8	750010	799948	NA	49939	1255	2.45594058	1250	85	161.0	mappable	0.0934	2.0	NA	0.01007691219	0.01111111111	0.11706036721	0.12814041	0.13925152	749998	750022	799871	800025	0.5803327	2	364291.5	20.07508	1.0252235	16.90432	0.6318066	0.2636131	0.90426121215	1.55167937	sub	1	sub:1	sub	sub	4175837
8	799948	2109947	NA	1310001	31646	2.99810264	31351	1776	4012.0	mappable	0.089	6.0	NA	0.00642588004	0.00048309179	0.15710837328	0.09841969	0.09890278	799871	800025	2109867	2110027	0.49294825	2	415610.0	23.76076	1.1129186	17.76601	0.6645654	0.3291309	1.0056672181	1.99243542	2	1	2:1	3	gain	4175837
8	2109947	2130011	NA	20065	555	2.45594058	551	52	41.0	mappable	0.08955	2.0	NA	0.00734430349	0.01785714286	0.11846036721	0.13993457	0.15779172	2109867	2110027	2129990	2130032	0.39166837	2	364291.5	20.07508	1.0252235	16.90432	0.6318066	0.2636131	0.90426121215	1.55167937	sub	1	sub:1	sub	sub	4175837
8	2130011	3860000	NA	1729991	52546	2.99810264	52156	3244	5524.0	mappable	0.091675	6.0	NA	0.00667032546	0.00027517887	0.15175293753	0.09651423	0.09678941	2129990	2130032	3859989	3860011	0.530847	2	415610.0	23.76076	1.1129186	17.76601	0.6645654	0.3291309	1.0056672181	1.99243542	2	1	2:1	3	gain	4175837
8	3860000	3870003	NA	10004	409	2.45594058	374	0	33.0	mappable	NA	2.0	NA	0.03725569651	0.02857142857	0.07836036721	0.15050846	0.17907989	3859989	3860011	3869989	3870003	NA	missing	364291.5	NA	1.0252235	NA	NA	NA	NA	NA	NA	NA	NA	NA	NA	4175837
8	3870004	4440024	NA	570021	23539	2.99810264	23476	646	2395.0	mappable	0.081941666	6.0	NA	0.00132236317	0.00141043724	0.15706036721	0.10459892	0.10600936	3870004	3870018	4439953	4440024	0.45071923	2	415610.0	23.76076	1.1129186	17.76601	0.6645654	0.3291309	1.0056672181	1.99243542	2	1	2:1	3	gain	4175837
8	4440025	4449985	NA	9961	349	2.59057059	349	32	36.0	mappable	0.18845	NA	NA	0.10624430349	0.03125	0.09646036721	0.15057888	0.18182888	4440025	4440096	4449960	4449985	NA	missing	434774.3	25.50118	1.047	NA	NA	NA	NA	NA	NA	NA	NA	NA	NA	4175837
8	4449986	5959995	NA	1510013	48366	2.99810264	48267	3229	4820.0	mappable	0.098085714	6.0	NA	0.01853185508	0.00030048077	0.15808289957	0.09743678	0.09773726	4449986	4450011	5959990	5959995	0.51220574	2	415610.0	23.76076	1.1129186	17.76601	0.6645654	0.3291309	1.0056672181	1.99243542	2	1	2:1	3	gain	4175837
8	5959996	5980037	NA	20042	675	2.45594058	672	11	63.0	mappable	0.196694671	2.0	NA	0.00263137678	0.07142857143	0.09096036721	0.13995078	0.21137935	5959996	5960001	5979964	5980037	NA	missing	364291.5	20.07508	1.0252235	NA	NA	NA	NA	NA	NA	NA	NA	NA	NA	4175837
8	5980038	6919904	NA	939868	23240	2.99810264	23168	897	2520.0	mappable	0.111263637	6.0	NA	0.0291401399	0.00103199174	0.17187346532	0.10079579	0.10182778	5980038	5980111	6919904	6919904	0.5355372	2	415610.0	23.76076	1.1129186	17.76601	0.6645654	0.3291309	1.0056672181	1.99243542	2	1	2:1	3	gain	4175837
8	8100000	11859985	NA	3759986	79290	2.99810264	79112	3291	8745.0	mappable	0.100685714	6.0	NA	0.01848912497	0.00028826751	0.1592151093	0.09156547	0.09185373	8100000	8100000	11859985	11859985	0.51448168	2	415610.0	23.76076	1.1129186	17.76601	0.6645654	0.3291309	1.0056672181	1.99243542	2	1	2:1	3	gain	4175837
8	12580042	15814044	NA	3234003	78527	2.99810264	78240	4721	7694.0	mappable	0.106125	6.0	NA	0.02049430349	0.00019968051	0.15386036721	0.09248602	0.0926857	12580042	12580042	15813933	15814044	0.53620324	2	415610.0	23.76076	1.1129186	17.76601	0.6645654	0.3291309	1.0056672181	1.99243542	2	1	2:1	3	gain	4175837
8	15814045	15814314	ITX	270	5	2.50278118	5	0	0.0	mappable	NA	NA	NA	NA	inf	0.08226036721	0.24762234	inf	15814045	15814068	15814295	15814314	NA	missing	401267.5	NA	1.0328	NA	NA	NA	NA	NA	NA	NA	NA	NA	NA	4175837
8	15814315	16302166	DEL	487852	10814	1.91236647	10810	193	1097.0	mappable	0.340120946	NA	NA	0.26066457376	0.00507614213	0.01323963279	0.10584204	0.11091818	15814315	15814342	16302145	16302166	0.92656413	2	360893.7	24.38471	0.9373	18.31757	1.0323202	1.0	0.0	1.91236647	2	0	2:0	2	cnLOH	4175837
8	16302167	27909980	DEL	11607815	207394	2.99810264	206802	9920	22413.0	mappable	0.09585	6.0	NA	0.01493496179	9.512938e-05	0.15965449144	0.08522028	0.08531541	16302167	16302220	27909958	27909980	0.51810598	2	415610.0	23.76076	1.1129186	17.76601	0.6645654	0.3291309	1.0056672181	1.99243542	2	1	2:1	3	gain	4175837
8	27909981	27920011	NA	10031	186	2.45594058	186	8	20.0	mappable	0.084157653	2.0	NA	0.00195195655	0.125	0.06696036721	0.15046443	0.27546443	27909981	27910003	27919970	27920052	NA	missing	364291.5	20.07508	1.0252235	NA	NA	NA	NA	NA	NA	NA	NA	NA	NA	4175837
8	27920011	28180036	NA	260026	4156	2.99810264	4150	153	473.0	mappable	0.0802	6.0	NA	0.00200569651	0.00628930818	0.15806036721	0.1111834	0.11747271	27919970	27920052	28179984	28180088	0.49677404	2	415610.0	23.76076	1.1129186	17.76601	0.6645654	0.3291309	1.0056672181	1.99243542	2	1	2:1	3	gain	4175837
8	28180036	28189954	NA	9919	167	2.414376	167	2	24.0	mappable	0.268253968	3.0	NA	0.18604827175	0.5	0.07556036721	0.15064802	0.65064802	28179984	28180088	28189898	28190010	NA	missing	388501.2	25.67023	1.0185004	NA	NA	NA	NA	NA	NA	NA	NA	NA	NA	4175837
8	28189954	39220003	NA	11030050	150703	2.99810264	150272	5114	16681.0	mappable	0.099275	6.0	NA	0.01706930349	0.00018034265	0.15796036721	0.08548859	0.08566893	28189898	28190010	39219991	39220003	0.5173725	2	415610.0	23.76076	1.1129186	17.76601	0.6645654	0.3291309	1.0056672181	1.99243542	2	1	2:1	3	gain	4175837
8	39220004	39230025	NA	10022	150	2.45594058	140	0	21.0	mappable	NA	2.0	NA	0.0532204359	0.1	0.04606036721	0.15047909	0.25047909	39220004	39220016	39229968	39230082	NA	missing	364291.5	NA	1.0252235	NA	NA	NA	NA	NA	NA	NA	NA	NA	NA	4175837
8	39230025	40619920	NA	1389896	21290	2.99810264	21207	1257	2072.0	mappable	0.106125	6.0	NA	0.02463349695	0.00074626866	0.17675295998	0.09800777	0.09875404	39229968	39230082	40619829	40619920	0.5190707	2	415610.0	23.76076	1.1129186	17.76601	0.6645654	0.3291309	1.0056672181	1.99243542	2	1	2:1	3	gain	4175837
8	40619921	40629997	NA	10077	172	2.45594058	170	0	17.0	mappable	NA	2.0	NA	0.0252017109	0.5	0.07416036721	0.15038975	0.65038975	40619921	40620012	40629934	40629997	NA	missing	364291.5	NA	1.0252235	NA	NA	NA	NA	NA	NA	NA	NA	NA	NA	4175837
8	40629998	42730017	NA	2100020	28530	2.99810264	28446	716	3337.0	mappable	0.109033621	6.0	NA	0.03076930349	0.00125	0.16666036721	0.09522915	0.09647915	40629998	40630061	42729962	42730072	0.50668894	2	415610.0	23.76076	1.1129186	17.76601	0.6645654	0.3291309	1.0056672181	1.99243542	2	1	2:1	3	gain	4175837
8	42730017	42740003	NA	9987	125	2.414376	123	0	15.0	mappable	NA	3.0	NA	0.21649560219	0.5	0.06736036721	0.15053626	0.65053626	42729962	42730072	42739991	42740003	NA	missing	388501.2	NA	1.0185004	NA	NA	NA	NA	NA	NA	NA	NA	NA	NA	4175837
8	42740004	43789991	NA	1049989	18080	2.99810264	18057	69	2031.0	mappable	0.132675	6.0	NA	0.05680903779	0.01086956522	0.16974458181	0.09999029	0.11085985	42740004	42740016	43789991	43789991	0.73464948	2	415610.0	23.76076	1.1129186	17.76601	0.6645654	0.3291309	1.0056672181	1.99243542	2	1	2:1	3	gain	4175837
8	46880007	101379953	NA	54499948	732159	2.99810264	730106	27369	76554.0	mappable	0.1027	6.0	NA	0.02113866162	3.398933e-05	0.16079409663	0.07782176	0.07785575	46880007	46880007	101379840	101379953	0.54053661	2	415610.0	23.76076	1.1129186	17.76601	0.6645654	0.3291309	1.0056672181	1.99243542	2	1	2:1	3	gain	4175837
8	101379954	101400014	NA	20061	283	2.53925706	283	37	29.0	mappable	0.188686487	NA	NA	0.10648078998	0.02702702703	0.08816036721	0.13993739	0.16696442	101379954	101380067	101399970	101400014	0.41218557	2	400475.3	22.52673	1.0387	18.34226	0.6580583	0.3161166	0.86827790441	1.67097915	sub	1	sub:1	sub	sub	4175837
8	101400015	104350062	NA	2950048	41678	2.99810264	41500	2096	4676.0	mappable	0.106146739	6.0	NA	0.02063942544	0.00043975374	0.16316036721	0.09305655	0.09349631	101400015	101400059	104349999	104350062	0.54023741	2	415610.0	23.76076	1.1129186	17.76601	0.6645654	0.3291309	1.0056672181	1.99243542	2	1	2:1	3	gain	4175837
8	104350063	104360026	NA	9964	169	3.50370412	168	0	24.0	mappable	NA	NA	NA	0.27779430349	1.0	0.24416036721	0.15057396	1.15057396	104350063	104350126	104359933	104360119	NA	missing	443776.7	NA	1.1947	NA	NA	NA	NA	NA	NA	NA	NA	NA	NA	4175837
8	104360026	120079999	NA	15719974	214850	2.99810264	214239	8455	21557.0	mappable	0.099275	6.0	NA	0.01706930349	0.00011030223	0.15986036721	0.08366067	0.08377097	104359933	104360119	120079987	120080011	0.5409699	2	415610.0	23.76076	1.1129186	17.76601	0.6645654	0.3291309	1.0056672181	1.99243542	2	1	2:1	3	gain	4175837
8	120079999	120100021	NA	20023	321	2.45594058	318	41	32.0	mappable	0.084175	2.0	NA	0.00196930349	0.02272727273	0.09966036721	0.13996418	0.16269145	120079987	120080011	120099984	120100021	0.50586123	2	364291.5	20.07508	1.0252235	16.90432	0.6318066	0.2636131	0.90426121215	1.55167937	sub	1	sub:1	sub	sub	4175837
8	120100022	137230095	NA	17130074	261133	2.99810264	260283	12510	28212.0	mappable	0.1027	6.0	NA	0.01788922753	7.48503e-05	0.15974094224	0.0832292	0.08330405	120100022	120100059	137229959	137230231	0.53535509	2	415610.0	23.76076	1.1129186	17.76601	0.6645654	0.3291309	1.0056672181	1.99243542	2	1	2:1	3	gain	4175837
8	137230095	137249912	NA	19818	324	2.45594058	322	8	32.0	mappable	0.092340398	2.0	NA	0.01433452088	0.1	0.10126036721	0.14010975	0.24010975	137229959	137230231	137249788	137249912	NA	missing	364291.5	20.07508	1.0252235	NA	NA	NA	NA	NA	NA	NA	NA	NA	NA	4175837
8	137249913	145974179	NA	8724267	132577	2.99810264	131954	5372	15342.0	mappable	0.09585	6.0	NA	0.01706930349	0.00016680567	0.16146036721	0.08674305	0.08690985	137249913	137250037	145974150	145974179	0.49499011	2	415610.0	23.76076	1.1129186	17.76601	0.6645654	0.3291309	1.0056672181	1.99243542	2	1	2:1	3	gain	4175837
8	145974180	145990606	DEL	16427	101	2.50834529	100	0	20.0	mappable	NA	NA	NA	0.64752403322	1.0	0.08316036721	0.14281857	1.14281857	145974180	145974196	145979931	145990606	NA	missing	364855.7	NA	1.0337	NA	NA	NA	NA	NA	NA	NA	NA	NA	NA	4175837
8	145990607	145990807	DEL	201	0	0.0	0	0	NA	mappable	NA	NA	NA	NA	inf	0.95053963279	0.26140197	inf	145990607	145990607	145990807	145990807	NA	missing	NA	NA	0.0	NA	NA	0.0	0.0	0.0	0	0	NA	0	homozygousDel	4175837
8	145990808	146289988	DEL	299181	3985	3.06537529	3979	38	458.0	mappable	0.3356	NA	edge	0.25339430349	0.02272727273	0.17326036721	0.10994654	0.13267381	145990808	146000095	146289988	146289988	0.41239926	2	369896.0	21.95679	1.1238	15.65878	0.7121316	0.4242631	0.88242479421	2.1829505	2	1	2:1	3	gain	4175837
9	200101	2449971	NA	2249871	49473	1.99898371	49339	2852	5167.0	mappable	0.078525	4.0	edge	0.00348069651	0.00033489618	0.00526036721	0.09478039	0.09511529	200101	200101	2449929	2449971	0.12531774	1	348124.1	18.08869	0.9513104	NA	NA	0.0	0.99949185412	0.99949185	1	1	1:1	2	neutral	4175837
9	2449972	2459983	NA	10012	203	1.43756176	203	0	37.0	mappable	NA	NA	NA	NA	inf	0.09003963279	0.1504954	inf	2449972	2450014	2459935	2460031	NA	missing	350162.2	NA	0.8605	NA	NA	NA	NA	NA	NA	NA	NA	NA	NA	4175837
9	2459983	8949977	NA	6489999	120599	1.99898371	120303	6123	12624.0	mappable	0.08215	4.0	NA	0.00071866168	0.00015578751	0.00393760043	0.08837909	0.08853488	2459935	2460031	8949915	8949977	0.1393673	1	348124.1	18.08869	0.9513104	NA	NA	0.0	0.99949185412	0.99949185	1	1	1:1	2	neutral	4175837
9	8949978	8959968	NA	9991	209	2.45594058	209	16	22.0	mappable	0.054567647	2.0	NA	0.02763804945	0.0625	0.06396036721	0.15052971	0.21302971	8949978	8950040	8959929	8960007	NA	missing	364291.5	20.07508	1.0252235	NA	NA	NA	NA	NA	NA	NA	NA	NA	NA	4175837
9	8959968	8979994	NA	20027	426	1.63612534	425	29	43.0	mappable	0.09955	1.0	NA	0.02186097016	0.03333333333	0.06073963279	0.13996136	0.17329469	8959929	8960007	8979983	8979994	NA	missing	331465.9	17.87495	0.8926178	NA	NA	NA	NA	NA	NA	NA	NA	NA	NA	4175837
9	8979995	19099999	NA	10120009	185603	1.99898371	185070	9848	18581.0	mappable	0.078725	4.0	NA	0.00231723187	9.632983e-05	0.00147677551	0.08594496	0.08604129	8979995	8980006	19089978	19099999	0.13741025	1	348124.1	18.08869	0.9513104	NA	NA	0.0	0.99949185412	0.99949185	1	1	1:1	2	neutral	4175837
9	19100000	19119983	NA	19984	163	2.41190059	163	0	23.0	mappable	NA	NA	NA	NA	inf	0.06756036721	0.13999173	inf	19100000	19110021	19119948	19119983	NA	missing	362051.7	NA	1.0181	NA	NA	NA	NA	NA	NA	NA	NA	NA	NA	4175837
9	19119984	19190000	NA	70017	922	1.74682099	919	33	117.0	mappable	0.227567242	5.0	NA	0.15423395867	0.02777777778	0.06363963279	0.12425897	0.15203675	19119984	19120019	19189978	19190000	NA	missing	507093.5	26.70179	0.9105229	NA	NA	NA	NA	NA	NA	NA	NA	NA	NA	4175837
9	19190001	21710052	NA	2520052	39885	1.99898371	39786	1619	4112.0	mappable	0.089239286	4.0	self	0.01021930349	0.00058241118	0.00013963279	0.09405116	0.09463357	19190001	19190023	21709997	21710052	0.14580055	1	348124.1	18.08869	0.9513104	NA	NA	0.0	0.99949185412	0.99949185	1	1	1:1	2	neutral	4175837
9	21710053	22140004	NA	429952	7095	0.99119588	7081	506	704.0	mappable	0.101821428	NA	identical	0.01961573206	0.00192307692	0.16223963279	0.10687291	0.10879599	21710053	21710108	22139993	22140004	0.65932644	2	296334.1	17.78004	0.7883	17.8837	0.9916837	0.9833674	0.00824305882	0.98295282	1	0	1:0	1	LOH	4175837
9	22140005	38769828	NA	16629825	240929	1.99898371	240229	10925	25345.0	mappable	0.083609091	4.0	self	0.00081474285	8.602891e-05	0.00210160789	0.08337756	0.08346359	22140005	22140016	38769828	38769828	0.1343944	1	348124.1	18.08869	0.9513104	NA	NA	0.0	0.99949185412	0.99949185	1	1	1:1	2	neutral	4175837
9	66840048	66849972	NA	9925	540	2.45594058	507	0	72.0	mappable	NA	2.0	NA	0.01931490703	0.0303030303	0.05356036721	0.15063813	0.18094116	66840048	66840048	66849972	66849972	NA	missing	364291.5	NA	1.0252235	NA	NA	NA	NA	NA	NA	NA	NA	NA	NA	4175837
9	68410004	68419976	NA	9973	1130	1.90556588	1050	0	261.0	mappable	NA	NA	NA	0.24505623468	0.0125	0.01433963279	0.15055919	0.16305919	68410004	68410004	68419976	68419976	NA	missing	2027232.0	NA	0.9362	NA	NA	NA	NA	NA	NA	NA	NA	NA	NA	4175837
9	71030093	141019791	NA	69989705	960104	1.99898371	956710	42270	106424.0	mappable	0.08215	4.0	edge	0.00092453011	2.190101e-05	0.00118460063	0.07674409	0.07676599	71030093	71030093	141019791	141019791	0.14939419	1	348124.1	18.08869	0.9513104	NA	NA	0.0	0.99949185412	0.99949185	1	1	1:1	2	neutral	4175837
10	130013	16019999	NA	15889989	267210	1.99898371	265801	12374	30018.0	mappable	0.08215	4.0	edge	0.00057316682	7.255315e-05	0.00092993796	0.0836064	0.08367895	130013	130013	16019989	16020009	0.15071956	1	348124.1	18.08869	0.9513104	NA	NA	0.0	0.99949185412	0.99949185	1	1	1:1	2	neutral	4175837
10	16019999	16049982	NA	29984	559	2.31792882	559	0	54.0	mappable	NA	NA	NA	NA	inf	0.05236036721	0.13448176	inf	16019989	16020009	16049960	16049982	NA	missing	381601.7	NA	1.0029	NA	NA	NA	NA	NA	NA	NA	NA	NA	NA	4175837
10	16049983	39149984	NA	23100006	317650	1.99898371	316734	13001	34950.0	mappable	0.08215	4.0	NA	0.00092086362	7.185457e-05	0.00103287315	0.0817615	0.08183336	16049983	16050005	39149984	39149984	0.16311842	1	348124.1	18.08869	0.9513104	NA	NA	0.0	0.99949185412	0.99949185	1	1	1:1	2	neutral	4175837
10	42410000	46159967	NA	3749968	43596	1.99898371	43457	2191	4732.0	mappable	0.07825	4.0	self	0.00395569651	0.00042918455	0.00206036721	0.0915816	0.09201079	42410000	42410000	46159967	46159967	0.13528372	1	348124.1	18.08869	0.9513104	NA	NA	0.0	0.99949185412	0.99949185	1	1	1:1	2	neutral	4175837
10	48310177	48659961	NA	349785	5563	1.99898371	5551	163	637.0	mappable	0.081686364	4.0	self	0.00451248531	0.00571428571	0.01116036721	0.10860057	0.11431486	48310177	48310177	48659961	48659961	0.09185686	1	348124.1	18.08869	0.9513104	NA	NA	0.0	0.99949185412	0.99949185	1	1	1:1	2	neutral	4175837
10	49390096	135439925	NA	86049838	1210627	1.99898371	1206556	55539	131601.0	mappable	0.08215	4.0	edge	0.00025542795	1.677627e-05	0.0003938513	0.07587636	0.07589314	49390096	49390096	135439925	135439925	0.14878081	1	348124.1	18.08869	0.9513104	NA	NA	0.0	0.99949185412	0.99949185	1	1	1:1	2	neutral	4175837
11	190010	439999	NA	249990	3477	4.00571118	3411	221	381.0	mappable	0.215725	NA	edge	0.11639430349	0.00348432056	0.32536036721	0.1115355	0.11501982	190010	190010	439946	439999	0.80148253	2	377127.6	23.346	1.2759	14.06174	0.7344291	0.4688582	1.06380033613	2.94191084	3	1	3:1	4	gain	4175837
11	440000	450059	NA	10060	159	4.97386765	156	0	15.0	mappable	NA	NA	NA	0.4991060682	0.33333333333	0.48196036721	0.1504173	0.48375064	440000	440053	449972	450059	NA	missing	325823.3	NA	1.4325	NA	NA	NA	NA	NA	NA	NA	NA	NA	NA	4175837
11	450060	849878	NA	399819	5338	4.25238706	5315	173	657.0	mappable	0.25075	NA	NA	0.18721930349	0.00510204082	0.36526036721	0.10747495	0.11257699	450060	450147	849587	849878	0.78426982	2	338002.1	21.12513	1.3158	12.22072	0.7391228	0.4782455	1.10935102941	3.14303603	3	1	3:1	4	gain	4175837
11	849879	870002	NA	20124	357	3.50741353	355	9	51.0	mappable	0.266127028	NA	NA	0.17047133052	0.09090909091	0.24476036721	0.13989311	0.2308022	849879	850170	869977	870002	NA	missing	326646.9	20.7142	1.1953	NA	NA	NA	NA	NA	NA	NA	NA	NA	NA	4175837
11	870003	12936728	NA	12066727	180864	4.0137538	180035	10147	19828.0	mappable	0.256825	NA	NA	0.17447352746	9.110787e-05	0.32666128503	0.08501764	0.08510874	870003	870028	12936664	12936728	0.81099409	2	451003.6	28.27187	1.2772009	16.79918	0.7495781	0.4991561	1.00513201471	3.00862178	3	1	3:1	4	gain	4175837
11	12936729	12938692	DEL	1964	27	3.44806294	27	0	6.0	mappable	NA	NA	NA	NA	inf	0.23516036721	0.18282239	inf	12936729	12936738	12938543	12938692	NA	missing	414891.2	NA	1.1857	NA	NA	NA	NA	NA	NA	NA	NA	NA	NA	4175837
11	12938693	13490012	DEL	551320	8556	4.06444353	8518	454	865.0	mappable	0.267473171	NA	NA	0.18257418154	0.00203252033	0.33486036721	0.10486286	0.10689538	12938693	12938744	13489990	13490012	0.82451559	2	470988.5	29.6267	1.2854	17.43168	0.7522838	0.5045675	1.00682867173	3.05761486	3	1	3:1	4	gain	4175837
11	13490013	13505007	NA	14995	153	3.42580647	150	17	15.0	mappable	0.310964081	NA	NA	0.21347607689	0.05	0.23156036721	0.1441733	0.1941733	13490013	13490035	13499997	13510017	NA	missing	467125.0	29.8441	1.1821	NA	NA	NA	NA	NA	NA	NA	NA	NA	NA	4175837
11	13505007	22650091	NA	9145085	123624	4.01003882	123161	6138	13166.0	mappable	0.2482	NA	NA	0.16434430349	0.00015151515	0.32606036721	0.08648811	0.08663963	13499997	13510017	22649987	22650091	0.80665056	2	473495.9	29.59349	1.2766	17.64528	0.7460198	0.4920396	1.01847044118	2.99156838	3	1	3:1	4	gain	4175837
11	22650092	22670175	NA	20084	294	3.43817118	293	0	42.0	mappable	NA	NA	NA	0.41779430349	1.0	0.23356036721	0.13992121	1.13992121	22650092	22650196	22669950	22670400	NA	missing	474534.8	NA	1.1841	NA	NA	NA	NA	NA	NA	NA	NA	NA	NA	4175837
11	22670175	27139964	NA	4469790	73288	3.9816	72942	3897	7233.0	mappable	0.249304311	NA	NA	0.16776930349	0.0002356823	0.32146036721	0.09053143	0.09076711	22669950	22670400	27139907	27140021	0.83131089	2	494797.4	30.92484	1.272	18.50579	0.7468842	0.4937684	1.00780588235	2.97379412	3	1	3:1	4	gain	4175837
11	27139964	27345015	NA	205052	2518	4.90648	2510	115	240.0	mappable	0.329268293	NA	NA	0.25991930349	0.0081300813	0.47106036721	0.11334251	0.12147259	27139907	27140021	27339988	27350042	0.86230726	2	530148.2	34.50171	1.4216	17.74137	0.7701122	0.5402244	1.12793979458	3.77854021	4	1	4:1	5	gain	4175837
11	27345015	48899996	NA	21554982	295607	3.99087353	294547	11768	31745.0	mappable	0.249975	NA	NA	0.16776930349	7.796055e-05	0.32296036721	0.08209669	0.08217465	27339988	27350042	48899996	48899996	0.82411181	2	473377.5	29.58609	1.2735	17.68381	0.746601	0.493202	1.01128345588	2.97959007	3	1	3:1	4	gain	4175837
11	48899997	50170092	NA	1270096	0	0.0	0	0	NA	mappable	NA	NA	NA	NA	inf	0.95053963279	0.09863632	inf	48899997	48899997	50170092	50170092	NA	missing	NA	NA	0.0	NA	NA	0.0	0.0	0.0	0	0	NA	0	homozygousDel	4175837
11	50170093	50980404	NA	810312	12951	4.06135235	12940	1	1217.0	mappable	0.37704918	NA	NA	0.03591251972	0.08333333333	0.33436036721	0.10189464	0.18522797	50170093	50170093	50769998	51190810	NA	missing	472148.2	32.50857	1.2849	NA	NA	NA	NA	NA	NA	NA	NA	NA	NA	4175837
11	50980404	51579984	NA	599581	5810	1.99898371	5809	2	584.0	mappable	0.565217391	4.0	NA	0.04026581512	0.33333333333	0.02336036721	0.10420143	0.43753476	50769998	51190810	51579984	51579984	NA	missing	348124.1	18.08869	0.9513104	NA	NA	NA	NA	NA	NA	NA	NA	NA	NA	4175837
11	54792817	54929094	NA	136278	2752	1.93895059	2752	0	255.0	mappable	NA	NA	NA	NA	inf	0.00893963279	0.11725946	inf	54792817	54792817	54929087	54929101	NA	missing	343201.1	NA	0.9416	NA	NA	NA	NA	NA	NA	NA	NA	NA	NA	4175837
11	54929094	55054985	NA	125892	2000	2.44961294	2000	0	201.0	mappable	NA	NA	NA	NA	inf	0.07366036721	0.11805102	inf	54929087	54929101	55029956	55054985	NA	missing	353916.5	NA	1.0242	NA	NA	NA	NA	NA	NA	NA	NA	NA	NA	4175837
11	55054986	55340015	NA	285030	5472	1.88207294	5472	0	543.0	mappable	NA	NA	NA	NA	inf	0.01813963279	0.11037068	inf	55054986	55080015	55339990	55340015	NA	missing	367951.5	NA	0.9324	NA	NA	NA	NA	NA	NA	NA	NA	NA	NA	4175837
11	55340016	55349983	NA	9968	333	2.55656765	333	0	27.0	mappable	NA	NA	NA	NA	inf	0.09096036721	0.15056739	inf	55340016	55340041	55349967	55349983	NA	missing	367850.0	NA	1.0415	NA	NA	NA	NA	NA	NA	NA	NA	NA	NA	4175837
11	55349984	75591161	NA	20241179	248539	1.99898371	247693	8417	28670.0	mappable	0.085575	4.0	NA	0.00358346128	0.0001079797	0.00242665379	0.08240358	0.08251156	55349984	55350000	75591108	75591161	0.15906925	1	348124.1	18.08869	0.9513104	NA	NA	0.0	0.99949185412	0.99949185	1	1	1:1	2	neutral	4175837
11	75591162	89310056	CTX	13718895	195901	1.99898371	195325	9617	20351.0	mappable	0.078725	4.0	NA	0.00348069651	9.810654e-05	0.00233963279	0.0843538	0.08445191	75591162	75591162	89279837	89340275	0.14847174	1	348124.1	18.08869	0.9513104	NA	NA	0.0	0.99949185412	0.99949185	1	1	1:1	2	neutral	4175837
11	89310056	89349940	NA	39885	201	2.39397176	201	0	16.0	mappable	NA	NA	NA	NA	inf	0.06466036721	0.13085958	inf	89279837	89340275	89349940	89349940	NA	missing	370548.0	NA	1.0152	NA	NA	NA	NA	NA	NA	NA	NA	NA	NA	4175837
11	89850037	92630018	NA	2779982	42370	1.99898371	42234	2156	4302.0	mappable	0.0841	4.0	NA	0.00013521258	0.00043630017	0.00173963279	0.09342894	0.09386524	89850037	89850037	92629988	92630048	0.13239299	1	348124.1	18.08869	0.9513104	NA	NA	0.0	0.99949185412	0.99949185	1	1	1:1	2	neutral	4175837
11	92630018	92649946	NA	19929	322	1.69969353	322	0	36.0	mappable	NA	NA	NA	NA	inf	0.04763963279	0.14003071	inf	92629988	92630048	92649881	92649946	NA	missing	330102.0	NA	0.9029	NA	NA	NA	NA	NA	NA	NA	NA	NA	NA	4175837
11	92649947	134939862	NA	42289923	621672	1.99898371	619640	28854	66656.0	mappable	0.08215	4.0	edge	0.00036382064	3.238027e-05	0.00119428074	0.07894588	0.07897826	92649947	92650012	134939862	134939862	0.15265582	1	348124.1	18.08869	0.9513104	NA	NA	0.0	0.99949185412	0.99949185	1	1	1:1	2	neutral	4175837
12	160107	21110084	NA	20949982	286446	1.99898371	285246	12028	31469.0	mappable	0.08215	4.0	edge	0.00301397244	7.560293e-05	0.00099965943	0.08223534	0.08231094	160107	160107	21109993	21110084	0.1526939	1	348124.1	18.08869	0.9513104	NA	NA	0.0	0.99949185412	0.99949185	1	1	1:1	2	neutral	4175837
12	21110085	21120024	NA	9940	352	2.61468176	352	0	31.0	mappable	NA	NA	NA	NA	inf	0.10036036721	0.15061341	inf	21110085	21110176	21119999	21120049	NA	missing	381850.0	NA	1.0509	NA	NA	NA	NA	NA	NA	NA	NA	NA	NA	4175837
12	21120024	26069995	NA	4949972	71123	1.99898371	70936	2814	7491.0	mappable	0.08275	4.0	NA	5.569651e-05	0.00033322226	0.00096036721	0.08993215	0.09026537	21119999	21120049	26069949	26070041	0.15821001	1	348124.1	18.08869	0.9513104	NA	NA	0.0	0.99949185412	0.99949185	1	1	1:1	2	neutral	4175837
12	26069995	26080021	NA	10027	178	2.73214647	178	0	19.0	mappable	NA	NA	NA	NA	inf	0.11936036721	0.15047095	inf	26069949	26070041	26079993	26080049	NA	missing	369311.2	NA	1.0699	NA	NA	NA	NA	NA	NA	NA	NA	NA	NA	4175837
12	26080021	27629993	NA	1549973	20761	1.99898371	20688	983	2208.0	mappable	0.083232692	4.0	NA	0.00336930349	0.0009469697	0.00086036721	0.09725823	0.0982052	26079993	26080049	27629933	27630053	0.18447689	1	348124.1	18.08869	0.9513104	NA	NA	0.0	0.99949185412	0.99949185	1	1	1:1	2	neutral	4175837
12	27629993	27639994	NA	10002	194	2.62148235	194	0	20.0	mappable	NA	NA	NA	NA	inf	0.10146036721	0.15051173	inf	27629933	27630053	27639968	27640020	NA	missing	370475.0	NA	1.052	NA	NA	NA	NA	NA	NA	NA	NA	NA	NA	4175837
12	27639994	34819969	NA	7179976	98265	1.99898371	97968	5151	10199.0	mappable	0.08215	4.0	NA	5.569651e-05	0.0001835536	0.00043963279	0.08781348	0.08799703	27639968	27640020	34819969	34819969	0.12719852	1	348124.1	18.08869	0.9513104	NA	NA	0.0	0.99949185412	0.99949185	1	1	1:1	2	neutral	4175837
12	38000003	40398848	NA	2398846	38435	1.99898371	38213	1408	3766.0	mappable	0.08065	4.0	self	0.00219736317	0.00061349693	0.00396036721	0.09436673	0.09498023	38000003	38000003	40398764	40398848	0.15874862	1	348124.1	18.08869	0.9513104	NA	NA	0.0	0.99949185412	0.99949185	1	1	1:1	2	neutral	4175837
12	40398849	40770576	ITX	371728	5910	0.99614176	5887	440	539.0	mappable	0.151073077	NA	identical	0.06601930349	0.00215982721	0.16143963279	0.10808539	0.11024522	40398849	40399149	40770472	40770576	0.6777733	2	304422.1	18.26532	0.7891	18.35318	0.989739	0.979478	0.01022141176	0.98592035	1	0	1:0	1	LOH	4175837
12	40770577	41148416	DUP	377840	6105	1.99898371	6074	432	642.0	mappable	0.074166667	4.0	NA	0.00803902984	0.00216450216	0.00246036721	0.10794814	0.11011264	40770577	40770596	41148365	41148416	0.12134954	1	348124.1	18.08869	0.9513104	NA	NA	0.0	0.99949185412	0.99949185	1	1	1:1	2	neutral	4175837
12	41148417	41148579	DEL	163	2	2.06445235	2	0	0.0	mappable	NA	NA	NA	NA	inf	0.01136036721	0.27215594	inf	41148417	41148439	41148504	41148579	NA	missing	387978.0	NA	0.9619	NA	NA	NA	NA	NA	NA	NA	NA	NA	NA	4175837
12	41148580	60000567	ITX	18851988	234651	2.99810264	233957	9465	25708.0	mappable	0.10955	6.0	NA	0.02734430349	9.843489e-05	0.16196036721	0.08275332	0.08285176	41148580	41148657	60000493	60000567	0.57581558	2	415610.0	23.76076	1.1129186	17.76601	0.6645654	0.3291309	1.0056672181	1.99243542	2	1	2:1	3	gain	4175837
12	60000568	110855042	DUP	50854482	694431	1.99898371	692191	31946	72899.0	mappable	0.08215	4.0	self	0.00099981986	2.925345e-05	5.513386e-05	0.07812539	0.07815465	60000568	60000599	110829949	110880135	0.14084873	1	348124.1	18.08869	0.9513104	NA	NA	0.0	0.99949185412	0.99949185	1	1	1:1	2	neutral	4175837
12	110855042	111190014	NA	334973	3041	0.99243235	3030	42	388.0	mappable	0.260459848	NA	identical	0.15958218228	0.01886792453	0.16203963279	0.10896994	0.12783787	110829949	110880135	111189988	111190040	0.53624691	2	269855.5	16.2731	0.7885	16.28159	1.0060804	1.0	0.0	0.99243235	1	0	1:0	1	LOH	4175837
12	111190014	133295011	NA	22105000	315718	1.99898371	314214	14834	36770.0	mappable	0.08215	4.0	self	0.00057120715	6.121075e-05	0.00101670093	0.08197437	0.08203558	111189988	111190040	133289992	133300030	0.16204103	1	348124.1	18.08869	0.9513104	NA	NA	0.0	0.99949185412	0.99949185	1	1	1:1	2	neutral	4175837
12	133295011	133681694	NA	386684	2338	2.45594058	2295	165	308.0	mappable	0.11565	2.0	NA	0.02730858921	0.00480769231	0.03546036721	0.107754	0.11256169	133289992	133300030	133499931	133681694	0.07915819	1	364291.5	20.07508	1.0252235	NA	NA	0.0	1.22797028971	1.22797029	1	1	1:1	2	neutral	4175837
12	133681695	133738220	DEL	56526	508	0.95533824	507	47	54.0	mappable	0.208892425	NA	NA	0.12668672774	0.02083333333	0.16803963279	0.12668951	0.14752284	133681695	133690035	133738087	133738220	0.62861561	2	288032.0	16.94306	0.7825	17.51151	0.9468104	0.8936209	0.05081401384	0.90452422	1	0	1:0	1	LOH	4175837
12	133738221	133819926	DEL	81706	1121	1.99898371	1118	76	135.0	mappable	0.1164	4.0	edge	0.03419430349	0.01265822785	0.00043963279	0.12256288	0.13522111	133738221	133738258	133819926	133819926	0.15388278	1	348124.1	18.08869	0.9513104	NA	NA	0.0	0.99949185412	0.99949185	1	1	1:1	2	neutral	4175837
13	19450038	21210000	NA	1759963	21134	1.99898371	21028	1314	2426.0	mappable	0.0753	4.0	edge	0.00690569651	0.00070422535	0.00176036721	0.09639895	0.09710318	19450038	19450038	21209969	21210031	0.17382338	1	348124.1	18.08869	0.9513104	NA	NA	0.0	0.99949185412	0.99949185	1	1	1:1	2	neutral	4175837
13	21210000	21229814	NA	19815	307	1.67805529	307	0	45.0	mappable	NA	NA	NA	NA	inf	0.05113963279	0.1401119	inf	21209969	21210031	21229628	21230000	NA	missing	366467.5	NA	0.8994	NA	NA	NA	NA	NA	NA	NA	NA	NA	NA	4175837
13	21229814	55390033	NA	34160224	468447	1.99898371	467035	19164	50542.0	mappable	0.078725	4.0	NA	0.00257532816	4.860031e-05	0.00010688752	0.07991748	0.07996608	21229628	21230000	55389993	55390073	0.15844219	1	348124.1	18.08869	0.9513104	NA	NA	0.0	0.99949185412	0.99949185	1	1	1:1	2	neutral	4175837
13	55390033	55400004	NA	9972	198	2.67217765	198	0	29.0	mappable	NA	NA	NA	NA	inf	0.10966036721	0.15056083	inf	55389993	55390073	55399977	55400031	NA	missing	370915.0	NA	1.0602	NA	NA	NA	NA	NA	NA	NA	NA	NA	NA	4175837
13	55400004	64277534	NA	8877531	123703	1.99898371	123376	5916	12340.0	mappable	0.08215	4.0	NA	5.569651e-05	0.0001601794	0.00103963279	0.08664863	0.08680881	55399977	55400031	64277481	64277534	0.13945685	1	348124.1	18.08869	0.9513104	NA	NA	0.0	0.99949185412	0.99949185	1	1	1:1	2	neutral	4175837
13	64277535	64421985	DEL	144451	484	1.11298824	484	5	57.0	mappable	0.094307328	NA	identical	0.01210163108	0.2	0.14253963279	0.11668461	0.31668461	64277535	64277621	64421968	64421985	NA	missing	321060.4	17.83669	0.808	NA	NA	NA	NA	NA	NA	NA	NA	NA	NA	4175837
13	64421986	69899898	DEL	5477916	79101	1.99898371	78900	4048	7696.0	mappable	0.0753	4.0	NA	0.0070217656	0.00023534949	0.0033363193	0.08934476	0.08958011	64421986	64421999	69899784	69899898	0.1070241	1	348124.1	18.08869	0.9513104	NA	NA	0.0	0.99949185412	0.99949185	1	1	1:1	2	neutral	4175837
13	69899899	69919978	NA	20080	272	1.50124	272	0	25.0	mappable	NA	NA	NA	NA	inf	0.07973963279	0.13992402	inf	69899899	69900013	69919944	69920012	NA	missing	360022.4	NA	0.8708	NA	NA	NA	NA	NA	NA	NA	NA	NA	NA	4175837
13	69919978	90699992	NA	20780017	303366	1.99898371	302293	15253	30202.0	mappable	0.08215	4.0	NA	0.00097406948	6.12595e-05	0.00093200899	0.08227509	0.08233635	69919944	69920012	90699935	90700049	0.14931527	1	348124.1	18.08869	0.9513104	NA	NA	0.0	0.99949185412	0.99949185	1	1	1:1	2	neutral	4175837
13	90699992	90880040	NA	180049	3000	1.00912471	2994	250	320.0	mappable	0.221125	NA	identical	0.13891930349	0.00390625	0.15933963279	0.11456046	0.11846671	90699935	90700049	90879983	90880040	0.70732712	2	306060.0	18.73109	0.7912	18.40296	1.0429265	1.0	0.0	1.00912471	1	0	1:0	1	LOH	4175837
13	90880041	115099984	NA	24219950	367332	1.99898371	365887	17744	39642.0	mappable	0.08215	4.0	edge	0.00226801365	5.211591e-05	0.00104532519	0.08153384	0.08158595	90880041	90880098	115099984	115099984	0.15034445	1	348124.1	18.08869	0.9513104	NA	NA	0.0	0.99949185412	0.99949185	1	1	1:1	2	neutral	4175837
14	20330060	22287180	NA	1957121	27499	1.99898371	27400	1077	3026.0	mappable	0.0920125	4.0	edge	0.01021930349	0.00085034014	0.00873963279	0.0956924	0.09654274	20330060	20330060	22287149	22287211	0.15057437	1	348124.1	18.08869	0.9513104	NA	NA	0.0	0.99949185412	0.99949185	1	1	1:1	2	neutral	4175837
14	22287180	22980034	NA	692857	11999	0.03596671	11950	699	1179.0	mappable	0.099275	NA	identical	0.01541959633	0.0013368984	0.31674861687	0.1030811	0.104418	22287149	22287211	22979980	22980088	0.22134528	1	233024.8	12.48347	0.633791	NA	NA	0.0	0.01798335588	0.01798336	0	0	0:0	0	LOH	4175837
14	22980034	67628074	NA	44648046	607816	1.99898371	605995	25992	63506.0	mappable	0.078725	4.0	self	0.00130899713	3.59557e-05	0.00055322689	0.07870268	0.07873864	22979980	22980088	67628060	67628074	0.16456906	1	348124.1	18.08869	0.9513104	NA	NA	0.0	0.99949185412	0.99949185	1	1	1:1	2	neutral	4175837
14	67628075	67826579	DEL	198505	2575	0.95162882	2566	4	304.0	mappable	0.457412931	NA	identical	0.12330378625	0.07692307692	0.16863963279	0.11364401	0.19056709	67628075	67628155	67826482	67826579	NA	missing	290962.2	19.73795	0.7819	NA	NA	NA	NA	NA	NA	NA	NA	NA	NA	4175837
14	67826580	106055973	DEL	38229399	556726	1.99898371	554918	24949	61570.0	mappable	0.08215	4.0	NA	0.0001619946	3.737479e-05	0.00037643957	0.07940233	0.0794397	67826580	67826605	106009942	106055973	0.14637846	1	348124.1	18.08869	0.9513104	NA	NA	0.0	0.99949185412	0.99949185	1	1	1:1	2	neutral	4175837
14	106055974	106112721	DEL	56748	0	0.0	0	0	NA	mappable	NA	NA	NA	NA	inf	0.95053963279	0.12664414	inf	106055974	106055974	106112721	106112721	NA	missing	NA	NA	0.0	NA	NA	0.0	0.0	0.0	0	0	NA	0	homozygousDel	4175837
14	106112722	106329464	DEL	216743	1823	0.51700941	1815	60	230.0	mappable	0.06295	NA	NA	0.02192108112	0.01470588235	0.23893963279	0.11283099	0.12753688	106112722	106250082	106329455	106329464	0.23269432	1	208342.7	11.02991	0.7116	NA	NA	0.0	0.25850470588	0.25850471	0	0	0:0	0	LOH	4175837
14	106329465	106380238	CTX	50774	531	0.06075176	521	21	70.0	mappable	0.094690517	NA	NA	0.00491930349	0.03225806452	0.31273963279	0.1279443	0.16020236	106329465	106329468	106349982	106380238	NA	missing	210035.2	11.45647	0.6378	NA	NA	NA	NA	NA	NA	NA	NA	NA	NA	4175837
14	106380239	106724943	CTX	344705	2110	1.02272588	2096	24	233.0	mappable	0.009782759	NA	NA	0.21206240694	0.02631578947	0.15713963279	0.10872518	0.13504097	106380239	106400108	106719873	106724943	NA	missing	295802.8	18.44417	0.7934	NA	NA	NA	NA	NA	NA	NA	NA	NA	NA	4175837
14	106724944	107259908	NA	534965	7971	1.99898371	7492	514	767.0	mappable	0.088551087	4.0	edge	0.01366930349	0.00100704935	0.00146036721	0.10510227	0.10610932	106724944	106730014	107259908	107259908	0.2813572	1	348124.1	18.08869	0.9513104	NA	NA	0.0	0.99949185412	0.99949185	1	1	1:1	2	neutral	4175837
15	20850000	20859924	NA	9925	165	1.99898371	138	0	20.0	mappable	NA	4.0	edge	0.01848415416	0.03703703704	0.00593963279	0.15063813	0.18767516	20850000	20850000	20859924	20859924	NA	missing	348124.1	NA	0.9513104	NA	NA	NA	NA	NA	NA	NA	NA	NA	NA	4175837
15	22480079	23069956	NA	589878	4048	1.99898371	4030	155	525.0	mappable	0.088444231	4.0	self	0.00623853426	0.00578034682	0.00473963279	0.10432937	0.11010972	22480079	22480079	23069956	23069956	0.09448262	1	348124.1	18.08869	0.9513104	NA	NA	0.0	0.99949185412	0.99949185	1	1	1:1	2	neutral	4175837
15	23710146	24329926	NA	619781	10360	1.99898371	10306	836	1017.0	mappable	0.082176515	4.0	NA	0.00189430349	0.00112359551	0.00533963279	0.10394255	0.10506614	23710146	23710146	24329926	24329926	0.13101534	1	348124.1	18.08869	0.9513104	NA	NA	0.0	0.99949185412	0.99949185	1	1	1:1	2	neutral	4175837
15	24329927	24830091	NA	500165	0	0.0	0	0	NA	mappable	NA	NA	NA	NA	inf	0.95053963279	0.10564099	inf	24329927	24329927	24830091	24830091	NA	missing	NA	NA	0.0	NA	NA	0.0	0.0	0.0	0	0	NA	0	homozygousDel	4175837
15	24830092	28529988	NA	3699898	57369	1.99898371	57167	2483	6268.0	mappable	0.081	4.0	NA	0.00161516357	0.00037257824	0.00156392465	0.091663	0.09203558	24830092	24830092	28529988	28529988	0.14646887	1	348124.1	18.08869	0.9513104	NA	NA	0.0	0.99949185412	0.99949185	1	1	1:1	2	neutral	4175837
15	29100034	30369914	NA	1269881	18259	1.99898371	18231	579	2105.0	mappable	0.08215	4.0	self	5.569651e-05	0.00164744646	0.00086036721	0.09863751	0.10028496	29100034	29100034	30369914	30369914	0.19527649	1	348124.1	18.08869	0.9513104	NA	NA	0.0	0.99949185412	0.99949185	1	1	1:1	2	neutral	4175837
15	31160110	35212812	NA	4052704	51082	1.99898371	50894	2274	5607.0	mappable	0.078459483	4.0	self	0.00253769027	0.00040633889	0.00081011554	0.09111429	0.09152063	31160110	31160110	35209819	35212812	0.16338505	1	348124.1	18.08869	0.9513104	NA	NA	0.0	0.99949185412	0.99949185	1	1	1:1	2	neutral	4175837
15	35212813	35273484	DUP	60672	413	2.99810264	412	31	36.0	mappable	0.068091666	6.0	identical	0.01490569651	0.03125	0.16886036721	0.12587528	0.15712528	35212813	35220053	35269743	35273484	NA	missing	415610.0	23.76076	1.1129186	NA	NA	NA	NA	NA	NA	NA	NA	NA	NA	4175837
15	35273485	82479795	DUP	47206320	638376	1.99898371	636447	26438	70394.0	mappable	0.08215	4.0	self	0.00019087246	3.525472e-05	0.00058912353	0.07845452	0.07848977	35273485	35280026	82479795	82479795	0.14993795	1	348124.1	18.08869	0.9513104	NA	NA	0.0	0.99949185412	0.99949185	1	1	1:1	2	neutral	4175837
15	83211507	102399920	NA	19188417	295704	1.99898371	294710	13266	32273.0	mappable	0.08215	4.0	edge	0.00024917421	7.013115e-05	0.00195776376	0.08266604	0.08273617	83211507	83211507	102399920	102399920	0.14016399	1	348124.1	18.08869	0.9513104	NA	NA	0.0	0.99949185412	0.99949185	1	1	1:1	2	neutral	4175837
16	100010	16289940	NA	16189938	297355	1.99898371	296179	13057	34174.0	mappable	0.08215	4.0	edge	0.00223781283	7.027407e-05	0.0004603407	0.08351221	0.08358248	100010	100010	16289940	16289940	0.18050091	1	348124.1	18.08869	0.9513104	NA	NA	0.0	0.99949185412	0.99949185	1	1	1:1	2	neutral	4175837
16	16870104	18169896	NA	1299793	20460	1.99898371	20356	929	2325.0	mappable	0.079366667	4.0	self	0.00030819238	0.00096805421	0.00423963279	0.09847438	0.09944244	16870104	16870104	18169896	18169896	0.17173954	1	348124.1	18.08869	0.9513104	NA	NA	0.0	0.99949185412	0.99949185	1	1	1:1	2	neutral	4175837
16	18800044	29039945	NA	10239902	125140	1.99898371	124513	5356	14609.0	mappable	0.085575	4.0	self	5.569651e-05	0.00016714023	0.00383963279	0.08588225	0.08604939	18800044	18800044	29039945	29039945	0.16648615	1	348124.1	18.08869	0.9513104	NA	NA	0.0	0.99949185412	0.99949185	1	1	1:1	2	neutral	4175837
16	29670028	31959970	NA	2289943	17497	1.99898371	17459	302	2121.0	mappable	0.095839706	4.0	self	0.01079724467	0.00294117647	0.01276036721	0.09466613	0.09760731	29670028	29670028	31959970	31959970	0.1879529	1	348124.1	18.08869	0.9513104	NA	NA	0.0	0.99949185412	0.99949185	1	1	1:1	2	neutral	4175837
16	32520030	32649899	NA	129870	3149	1.99898371	2787	0	395.0	mappable	NA	4.0	self	0.00755823888	0.00276243094	0.01266036721	0.11773911	0.12050154	32520030	32520030	32649899	32649899	NA	missing	348124.1	NA	0.9513104	NA	NA	NA	NA	NA	NA	NA	NA	NA	NA	4175837
16	33590105	35279959	NA	1689855	15431	1.99898371	15352	72	1689.0	mappable	0.076654545	4.0	self	0.02567842378	0.00662251656	0.00096036721	0.09667221	0.10329473	33590105	33590105	35279959	35279959	0.2075239	1	348124.1	18.08869	0.9513104	NA	NA	0.0	0.99949185412	0.99949185	1	1	1:1	2	neutral	4175837
16	46450014	90109969	NA	43659964	702570	1.99898371	700220	30116	78485.0	mappable	0.08215	4.0	edge	0.00069531502	3.080145e-05	0.00055603896	0.0788028	0.07883361	46450014	46450014	90109969	90109969	0.148006	1	348124.1	18.08869	0.9513104	NA	NA	0.0	0.99949185412	0.99949185	1	1	1:1	2	neutral	4175837
17	20080	18239982	NA	18219905	232168	1.99898371	231223	10551	26934.0	mappable	0.08215	4.0	edge	0.0019210455	8.698678e-05	0.00207043449	0.08292214	0.08300912	20080	20080	18239982	18239982	0.16708998	1	348124.1	18.08869	0.9513104	NA	NA	0.0	0.99949185412	0.99949185	1	1	1:1	2	neutral	4175837
17	18750212	22239986	NA	3489775	25800	1.99898371	25197	950	3127.0	mappable	0.077791667	4.0	self	0.00132236317	0.000643915	0.01336036721	0.09201874	0.09266266	18750212	18750212	22239986	22239986	0.1814363	1	348124.1	18.08869	0.9513104	NA	NA	0.0	0.99949185412	0.99949185	1	1	1:1	2	neutral	4175837
17	25390040	44279982	NA	18889943	210631	1.99898371	209822	8004	24797.0	mappable	0.08215	4.0	self	0.00336930349	0.0001134945	0.00103963279	0.08274339	0.08285688	25390040	25390040	44279982	44279982	0.18085804	1	348124.1	18.08869	0.9513104	NA	NA	0.0	0.99949185412	0.99949185	1	1	1:1	2	neutral	4175837
17	44790026	67590088	NA	22800066	272098	1.99898371	271081	13061	30799.0	mappable	0.085575	4.0	NA	0.00449403183	7.103786e-05	0.00126081008	0.08182457	0.08189561	44790026	44790026	67589958	67590218	0.15403508	1	348124.1	18.08869	0.9513104	NA	NA	0.0	0.99949185412	0.99949185	1	1	1:1	2	neutral	4175837
17	67590088	67614962	NA	24875	243	1.51731412	243	0	31.0	mappable	NA	NA	NA	NA	inf	0.07713963279	0.1369637	inf	67589958	67590218	67609882	67614962	NA	missing	343734.6	NA	0.8734	NA	NA	NA	NA	NA	NA	NA	NA	NA	NA	4175837
17	67614963	74814944	NA	7199982	106090	1.99898371	105657	4198	12284.0	mappable	0.08215	4.0	NA	5.569651e-05	0.00021593608	0.00103963279	0.087798	0.08801394	67614963	67620043	74799857	74830031	0.15113737	1	348124.1	18.08869	0.9513104	NA	NA	0.0	0.99949185412	0.99949185	1	1	1:1	2	neutral	4175837
17	74814944	74850013	NA	35070	345	2.48114294	345	0	44.0	mappable	NA	NA	NA	NA	inf	0.07876036721	0.13246832	inf	74799857	74830031	74849991	74850013	NA	missing	305252.0	NA	1.0293	NA	NA	NA	NA	NA	NA	NA	NA	NA	NA	4175837
17	74850014	81109940	NA	6259928	96469	1.99898371	95952	5054	11925.0	mappable	0.08215	4.0	edge	0.00156200816	0.00017950099	0.00721354906	0.08858292	0.08876243	74850014	74850036	81109940	81109940	0.15956025	1	348124.1	18.08869	0.9513104	NA	NA	0.0	0.99949185412	0.99949185	1	1	1:1	2	neutral	4175837
18	130031	14119956	NA	13989927	212563	1.99898371	211855	11701	23031.0	mappable	0.08215	4.0	edge	0.00077054319	8.059317e-05	5.94241e-05	0.0842535	0.0843341	130031	130031	14119956	14119956	0.14668969	1	348124.1	18.08869	0.9513104	NA	NA	0.0	0.99949185412	0.99949185	1	1	1:1	2	neutral	4175837
18	14119957	14910026	NA	790070	0	0.0	0	0	NA	mappable	NA	NA	NA	NA	inf	0.95053963279	0.10208446	inf	14119957	14119957	14910026	14910026	NA	missing	NA	NA	0.0	NA	NA	0.0	0.0	0.0	0	0	NA	0	homozygousDel	4175837
18	14910027	14929888	NA	19862	364	1.99898371	364	1	39.0	mappable	0.066666667	4.0	NA	0.01553902984	1.0	0.04073963279	0.14007836	1.14007836	14910027	14910027	14929888	14929888	NA	missing	348124.1	18.08869	0.9513104	NA	NA	NA	NA	NA	NA	NA	NA	NA	NA	4175837
18	18540053	60793460	NA	42253411	598989	1.99898371	597270	23564	63812.0	mappable	0.078725	4.0	NA	0.00191294959	3.955227e-05	0.00073911224	0.07894976	0.07898932	18540053	18540053	60793447	60793460	0.15362397	1	348124.1	18.08869	0.9513104	NA	NA	0.0	0.99949185412	0.99949185	1	1	1:1	2	neutral	4175837
18	60793461	60793465	CTX	5	0	0.0	0	0	NA	mappable	NA	NA	NA	NA	inf	0.95053963279	0.86135312	inf	60793461	60793461	60793465	60793465	NA	missing	NA	NA	0.0	NA	NA	0.0	0.0	0.0	0	0	NA	0	homozygousDel	4175837
18	60793466	78009968	CTX	17216503	279442	1.99898371	278220	14756	29661.0	mappable	0.08215	4.0	edge	0.00336930349	6.258606e-05	0.00046036721	0.08320406	0.08326665	60793466	60793494	78009968	78009968	0.16947384	1	348124.1	18.08869	0.9513104	NA	NA	0.0	0.99949185412	0.99949185	1	1	1:1	2	neutral	4175837
19	260137	1100018	NA	839882	11332	1.99898371	11257	448	1442.0	mappable	0.08215	4.0	edge	0.00336930349	0.00191204589	0.00253963279	0.10162691	0.10353895	260137	260137	1099962	1100074	0.17060708	1	348124.1	18.08869	0.9513104	NA	NA	0.0	0.99949185412	0.99949185	1	1	1:1	2	neutral	4175837
19	1100018	1109969	NA	9952	170	2.99810264	168	12	19.0	mappable	0.14630412	6.0	identical	0.0614236268	0.07142857143	0.18636036721	0.15059367	0.22202224	1099962	1100074	1109907	1110031	NA	missing	415610.0	23.76076	1.1129186	NA	NA	NA	NA	NA	NA	NA	NA	NA	NA	4175837
19	1109969	16452491	NA	15342525	168082	1.99898371	167201	6901	20908.0	mappable	0.089	4.0	self	0.00444172971	0.00012850167	0.00400378709	0.08378356	0.08391206	1109907	1110031	16452450	16452491	0.18511633	1	348124.1	18.08869	0.9513104	NA	NA	0.0	0.99949185412	0.99949185	1	1	1:1	2	neutral	4175837
19	16452492	16491932	INV	39441	365	1.99898371	362	28	42.0	mappable	0.08525	4.0	self	0.00096545734	0.03225806452	0.02376036721	0.130998	0.16325607	16452492	16452689	16491843	16491932	NA	missing	348124.1	18.08869	0.9513104	NA	NA	NA	NA	NA	NA	NA	NA	NA	NA	4175837
19	16491933	16570005	INV	78073	1089	1.08516765	1086	44	109.0	mappable	0.111727094	NA	identical	0.03028400938	0.02127659574	0.14703963279	0.12305772	0.14433431	16491933	16491972	16569986	16570024	0.62896612	2	267033.7	15.45549	0.8035	15.81057	0.8606463	0.7212927	0.15122208984	0.93394556	1	0	1:0	1	LOH	4175837
19	16570005	24479979	NA	7909975	72535	1.99898371	72218	3338	8436.0	mappable	0.08215	4.0	self	0.00156993114	0.00027359781	0.00441460999	0.08727815	0.08755175	16569986	16570024	24479956	24479979	0.19152637	1	348124.1	18.08869	0.9513104	NA	NA	0.0	0.99949185412	0.99949185	1	1	1:1	2	neutral	4175837
19	24479980	24569972	NA	89993	2335	2.45594058	2102	56	216.0	mappable	0.114448529	2.0	NA	0.01790312702	0.00346020761	0.08376036721	0.12152495	0.12498516	24479980	24480003	24569972	24569972	0.04166762	1	364291.5	20.07508	1.0252235	NA	NA	0.0	1.22797028971	1.22797029	1	1	1:1	2	neutral	4175837
19	27750002	43209995	NA	15459996	197547	1.99898371	196577	9620	22906.0	mappable	0.08215	4.0	NA	2.356253e-05	9.443762e-05	0.0020188824	0.08374495	0.08383939	27750002	27750002	43209995	43209995	0.16347339	1	348124.1	18.08869	0.9513104	NA	NA	0.0	0.99949185412	0.99949185	1	1	1:1	2	neutral	4175837
19	43209996	43800005	NA	590010	0	0.0	0	0	NA	mappable	NA	NA	NA	NA	inf	0.95053963279	0.10432761	inf	43209996	43209996	43800005	43800005	NA	missing	NA	NA	0.0	NA	NA	0.0	0.0	0.0	0	0	NA	0	homozygousDel	4175837
19	43800006	43820025	NA	20020	349	1.63612534	321	0	30.0	mappable	NA	1.0	NA	0.02813838881	0.03571428571	0.05083963279	0.1399663	0.17568058	43800006	43800006	43819978	43820025	NA	missing	331465.9	NA	0.8926178	NA	NA	NA	NA	NA	NA	NA	NA	NA	NA	4175837
19	43820026	59089999	NA	15269974	161802	1.99898371	161007	7298	19440.0	mappable	0.08215	4.0	edge	5.569651e-05	0.00012356357	0.00366036721	0.08380756	0.08393113	43820026	43820073	59089999	59089999	0.18257393	1	348124.1	18.08869	0.9513104	NA	NA	0.0	0.99949185412	0.99949185	1	1	1:1	2	neutral	4175837
20	60479	22960026	NA	22899554	359215	1.99898371	358174	17056	38760.0	mappable	0.085575	4.0	edge	0.00254912423	5.525778e-05	0.00124810965	0.08180355	0.08185881	60479	60479	22959962	22960026	0.14333934	1	348124.1	18.08869	0.9513104	NA	NA	0.0	0.99949185412	0.99949185	1	1	1:1	2	neutral	4175837
20	22960027	22969937	NA	9911	206	1.37264706	206	0	31.0	mappable	NA	NA	NA	NA	inf	0.10053963279	0.15066123	inf	22960027	22960091	22969837	22969937	NA	missing	318361.7	NA	0.85	NA	NA	NA	NA	NA	NA	NA	NA	NA	NA	4175837
20	22969938	25729738	NA	2759801	40661	1.99898371	40548	1928	4583.0	mappable	0.0841	4.0	NA	0.00336930349	0.0004899559	0.00456036721	0.09347484	0.09396479	22969938	22970038	25729738	25729738	0.155975	1	348124.1	18.08869	0.9513104	NA	NA	0.0	0.99949185412	0.99949185	1	1	1:1	2	neutral	4175837
20	29810057	62909989	NA	33099933	496574	1.99898371	494802	19274	57474.0	mappable	0.08215	4.0	edge	5.569651e-05	4.751948e-05	0.00256036721	0.08006301	0.08011053	29810057	29810057	62909989	62909989	0.1484017	1	348124.1	18.08869	0.9513104	NA	NA	0.0	0.99949185412	0.99949185	1	1	1:1	2	neutral	4175837
21	10720001	11179964	NA	459964	5106	1.99898371	4870	0	834.0	mappable	NA	4.0	edge	0.00810976627	0.00423728814	0.01263963279	0.10631986	0.11055715	10720001	10720001	11179964	11179964	NA	missing	348124.1	NA	0.9513104	NA	NA	NA	NA	NA	NA	NA	NA	NA	NA	4175837
21	15410077	48099931	NA	32689860	515720	1.99898371	513296	23698	55812.0	mappable	0.08215	4.0	edge	0.00024383476	3.828337e-05	0.00016973691	0.08012069	0.08015898	15410077	15410077	48099931	48099931	0.16050899	1	348124.1	18.08869	0.9513104	NA	NA	0.0	0.99949185412	0.99949185	1	1	1:1	2	neutral	4175837
22	16850007	27629960	NA	10779954	117949	1.99898371	117466	5153	13920.0	mappable	0.08215	4.0	edge	5.569651e-05	0.0001774308	0.00036036721	0.08560967	0.0857871	16850007	16850007	27629919	27630001	0.16081918	1	348124.1	18.08869	0.9513104	NA	NA	0.0	0.99949185412	0.99949185	1	1	1:1	2	neutral	4175837
22	27629960	27640041	NA	10082	181	1.49258471	181	0	17.0	mappable	NA	NA	NA	NA	inf	0.08113963279	0.15038166	inf	27629919	27630001	27639979	27640041	NA	missing	298997.1	NA	0.8694	NA	NA	NA	NA	NA	NA	NA	NA	NA	NA	4175837
22	27640042	51179984	NA	23539953	336789	1.99898371	335342	15520	40366.0	mappable	0.089	4.0	edge	0.00611301077	5.894489e-05	0.00096495666	0.08167063	0.08172957	27640042	27640104	51179984	51179984	0.1734505	1	348124.1	18.08869	0.9513104	NA	NA	0.0	0.99949185412	0.99949185	1	1	1:1	2	neutral	4175837
23	2700027	58499983	NA	55799958	490888	2.99810264	489556	16200	52343.0	mappable	0.112975	6.0	edge	0.032372937	5.704181e-05	0.16332188634	0.07771892	0.07777596	2700027	2700027	58499983	58499983	0.57988478	2	415610.0	23.76076	1.1129186	17.76601	0.6645654	0.3291309	1.0056672181	1.99243542	2	1	2:1	3	gain	4175837
23	61750000	84949098	NA	23199100	204399	2.99810264	203918	5014	21544.0	mappable	0.10955	6.0	NA	0.02462149915	0.00018198362	0.17268780277	0.08174087	0.08192285	61750000	61750000	84949035	84949098	0.58698674	2	415610.0	23.76076	1.1129186	17.76601	0.6645654	0.3291309	1.0056672181	1.99243542	2	1	2:1	3	gain	4175837
23	84949099	84957249	DEL	8151	161	2.22395706	161	0	13.0	mappable	NA	NA	NA	NA	inf	0.03716036721	0.15393187	inf	84949099	84949175	84957213	84957249	NA	missing	360657.5	NA	0.9877	NA	NA	NA	NA	NA	NA	NA	NA	NA	NA	4175837
23	84957250	88459980	DEL	3502731	41339	2.99810264	41184	1904	4073.0	mappable	0.112975	6.0	NA	0.03239601017	0.00048567266	0.16270869204	0.09199611	0.09248179	84957250	84957274	88459980	88459980	0.62768194	2	415610.0	23.76076	1.1129186	17.76601	0.6645654	0.3291309	1.0056672181	1.99243542	2	1	2:1	3	gain	4175837
23	88990017	89349936	NA	359920	1088	2.97264	1088	119	101.0	mappable	0.210275	NA	NA	0.12806930349	0.00840336134	0.15826036721	0.10835811	0.11676147	88990017	88990017	89349936	89349936	0.65634107	2	421300.4	25.01471	1.1088	18.07615	0.7161902	0.4323804	0.84366441176	2.12897559	2	1	2:1	3	gain	4175837
23	89349937	89462962	NA	113026	0	0.0	0	0	NA	mappable	NA	NA	NA	NA	inf	0.95053963279	0.11914481	inf	89349937	89349937	89462962	89462962	NA	missing	NA	NA	0.0	NA	NA	0.0	0.0	0.0	0	0	NA	0	homozygousDel	4175837
23	89462963	89696851	DEL	233889	0	0.0	0	0	NA	mappable	NA	NA	NA	NA	inf	0.95053963279	0.11213613	inf	89462963	89462963	89696851	89696851	NA	missing	NA	NA	0.0	NA	NA	0.0	0.0	0.0	0	0	NA	0	homozygousDel	4175837
23	89696852	90140198	DEL	443347	0	0.0	0	0	NA	mappable	NA	NA	NA	NA	inf	0.95053963279	0.10662074	inf	89696852	89696852	90140198	90140198	NA	missing	NA	NA	0.0	NA	NA	0.0	0.0	0.0	0	0	NA	0	homozygousDel	4175837
23	90140199	91529952	NA	1389754	5103	2.99810264	5097	80	504.0	mappable	0.1467	6.0	NA	0.05914430349	0.01162790698	0.16506036721	0.09800848	0.10963638	90140199	90140199	91529952	91529952	0.56326775	2	415610.0	23.76076	1.1129186	17.76601	0.6645654	0.3291309	1.0056672181	1.99243542	2	1	2:1	3	gain	4175837
23	91529953	92379999	NA	850047	0	0.0	0	0	NA	mappable	NA	NA	NA	NA	inf	0.95053963279	0.10153736	inf	91529953	91529953	92379999	92379999	NA	missing	NA	NA	0.0	NA	NA	0.0	0.0	0.0	0	0	NA	0	homozygousDel	4175837
23	92380000	139253208	NA	46873209	419426	2.99810264	418278	14331	44098.0	mappable	0.119825	6.0	NA	0.03761930349	6.460366e-05	0.16436036721	0.07848597	0.07855058	92380000	92380000	139253101	139253208	0.58804525	2	415610.0	23.76076	1.1129186	17.76601	0.6645654	0.3291309	1.0056672181	1.99243542	2	1	2:1	3	gain	4175837
23	139253209	139676448	DEL	423240	4100	2.02241235	4086	34	421.0	mappable	0.356810605	NA	NA	0.26205653293	0.02083333333	0.00456036721	0.1070027	0.12783604	139253209	139253212	139676053	139676448	0.93235109	2	356608.0	24.66216	0.9551	17.76272	1.0593379	1.0	0.0	2.02241235	2	0	2:0	2	cnLOH	4175837
23	139676449	154929639	DEL	15253191	143780	2.99810264	143224	6484	15167.0	mappable	0.119825	6.0	edge	0.03419430349	0.00014208582	0.16116036721	0.08381314	0.08395522	139676449	139676505	154929639	154929639	0.5776429	2	415610.0	23.76076	1.1129186	17.76601	0.6645654	0.3291309	1.0056672181	1.99243542	2	1	2:1	3	gain	4175837
