#chromosome	start	end	crest	length	tcnNbrOfLoci	tcnMean	tcnNbrOfSNPs	tcnNbrOfHets	dhNbrOfLoci	map	dhMax	cluster	neighbour	distDH	errorSNP	distTcn	errorLength	totalError	minStart	maxStart	minStop	maxStop	area	peaks	meanCovT	meanCovB	tcnMeanRaw	AF	BAF	dhMean	c1Mean	c2Mean	A	B	genotype	TCN	GNL	PID
1	840009	1289963	NA	449955	8436	2.007372	8361	67	325.0	mappable	0.04315	5.0	edge	0.04932675362	0.00704225352	0.04122285685	0.10649955	0.11354181	840009	840009	1289911	1290015	0.26946668	1	372873.5	19.41504	0.9937484	NA	NA	0.0	1.0036859	1.003686	1	1	1:1	2	neutral	4165314
1	1289963	1359943	NA	69981	1172	2.30497	1166	4	51.0	mappable	0.058819403	2.0	identical	0.70239824638	0.1	0.09087714315	0.1242647	0.2242647	1289911	1290015	1359839	1359943	NA	missing	282176.2	16.00311	1.1410741	NA	NA	NA	NA	NA	NA	NA	NA	NA	NA	4165314
1	1359944	12839977	NA	11480036	160098	2.007372	159252	2183	6140.0	mappable	0.075325	5.0	self	0.00325205553	0.00033014196	0.00539565182	0.0852783	0.08560845	1359944	1360048	12839977	12839977	0.18808024	1	372873.5	19.41504	0.9937484	NA	NA	0.0	1.0036859	1.003686	1	1	1:1	2	neutral	4165314
1	13781517	57869995	NA	44088482	544059	2.007372	542428	7412	20948.0	mappable	0.075325	5.0	self	0.00438370651	0.00011058277	0.01150138914	0.07875908	0.07886966	13781517	13781517	57869959	57870031	0.1695148	1	372873.5	19.41504	0.9937484	NA	NA	0.0	1.0036859	1.003686	1	1	1:1	2	neutral	4165314
1	57869995	57899983	NA	29989	441	2.337948	429	0	18.0	mappable	NA	NA	identical	0.14652324638	0.08333333333	0.16647714315	0.13447959	0.21781292	57869959	57870031	57899955	57900011	NA	missing	396263.7	NA	1.1574	NA	NA	NA	NA	NA	NA	NA	NA	NA	NA	4165314
1	57899983	61489946	NA	3589964	50714	2.007372	50607	817	1959.0	mappable	0.080008333	5.0	self	0.0021437592	0.00108225108	0.02142285685	0.09184618	0.09292843	57899955	57900011	61489862	61490030	0.15466907	1	372873.5	19.41504	0.9937484	NA	NA	0.0	1.0036859	1.003686	1	1	1:1	2	neutral	4165314
1	61489946	61545932	NA	55987	769	2.322077	766	4	33.0	mappable	0.070000874	3.0	identical	0.00991329208	0.14285714286	0.19687714315	0.12680053	0.26965768	61489862	61490030	61545852	61545932	NA	missing	417517.3	21.843	1.1495429	NA	NA	NA	NA	NA	NA	NA	NA	NA	NA	4165314
1	61545933	120529963	NA	58984034	773635	2.007372	771525	12076	30030.0	mappable	0.081175	5.0	NA	0.00019459892	7.049203e-05	0.0039344874	0.07747787	0.07754837	61545933	61546013	120529963	120529963	0.14973126	1	372873.5	19.41504	0.9937484	NA	NA	0.0	1.0036859	1.003686	1	1	1:1	2	neutral	4165314
1	121220004	121229986	NA	9983	172	1.932534	172	0	9.0	mappable	NA	NA	NA	NA	inf	0.03422285685	0.15054281	inf	121220004	121220004	121229986	121229986	NA	missing	316894.0	NA	0.9567	NA	NA	NA	NA	NA	NA	NA	NA	NA	NA	4165314
1	144010127	144019970	NA	9844	155	1.927484	121	0	6.0	mappable	NA	NA	NA	0.29671352098	0.02941176471	0.03672285685	0.15077238	0.18018415	144010127	144010127	144019970	144019970	NA	missing	1114428.0	NA	0.9542	NA	NA	NA	NA	NA	NA	NA	NA	NA	NA	4165314
1	144920087	145739956	NA	819870	6304	2.007372	5991	47	245.0	mappable	0.080915909	5.0	self	0.01458809816	0.00277777778	0.07067714315	0.10180689	0.10458467	144920087	144920087	145739956	145739956	0.12887326	1	372873.5	19.41504	0.9937484	NA	NA	0.0	1.0036859	1.003686	1	1	1:1	2	neutral	4165314
1	146540101	147829895	NA	1289795	11374	2.007372	11347	86	416.0	mappable	0.067511111	5.0	self	0.01715175362	0.00884955752	0.00572285685	0.09852843	0.10737798	146540101	146540101	147829895	147829895	0.11276783	1	372873.5	19.41504	0.9937484	NA	NA	0.0	1.0036859	1.003686	1	1	1:1	2	neutral	4165314
1	149815060	153586731	NA	3771672	42592	2.007372	42432	478	1687.0	mappable	0.081175	5.0	self	0.00624824638	0.00156739812	0.00432285685	0.0915467	0.0931141	149815060	149815060	153586719	153586731	0.15874028	1	372873.5	19.41504	0.9937484	NA	NA	0.0	1.0036859	1.003686	1	1	1:1	2	neutral	4165314
1	153586732	153588801	CTX	2070	40	1.903446	37	0	2.0	mappable	NA	NA	identical	0.1861751824	0.33333333333	0.04862285685	0.18156374	0.51489708	153586732	153586745	153588759	153588801	NA	missing	484853.0	NA	0.9423	NA	NA	NA	NA	NA	NA	NA	NA	NA	NA	4165314
1	153588802	179534972	CTX	25946172	333080	2.007372	332081	4672	13039.0	mappable	0.07825	5.0	self	0.00420510841	0.00017633574	0.01298784124	0.08120502	0.08138136	153588802	153588843	179529937	179540007	0.16866376	1	372873.5	19.41504	0.9937484	NA	NA	0.0	1.0036859	1.003686	1	1	1:1	2	neutral	4165314
1	179534972	179570046	NA	35075	433	2.320654	433	1	19.0	mappable	0.333333333	1.0	identical	0.25255657971	1.0	0.19367714315	0.13246651	1.13246651	179529937	179540007	179569921	179570046	NA	missing	452365.0	28.96824	1.1488386	NA	NA	NA	NA	NA	NA	NA	NA	NA	NA	4165314
1	179570047	219870032	NA	40299994	545603	2.007372	544241	7819	21232.0	mappable	0.07825	5.0	NA	0.00085601907	0.0001089206	0.00473248161	0.07916316	0.07927208	179570047	179570172	219869929	219870135	0.16814332	1	372873.5	19.41504	0.9937484	NA	NA	0.0	1.0036859	1.003686	1	1	1:1	2	neutral	4165314
1	219870032	219890006	NA	19975	338	2.274924	338	0	15.0	mappable	NA	NA	NA	NA	inf	0.13527714315	0.1399981	inf	219869929	219870135	219889989	219890006	NA	missing	398490.5	NA	1.1262	NA	NA	NA	NA	NA	NA	NA	NA	NA	NA	4165314
1	219890007	228409960	NA	8519954	105032	2.007372	104683	1459	4088.0	mappable	0.075325	5.0	NA	0.00039824638	0.00055309735	0.00132285685	0.08687186	0.08742496	219890007	219890024	228409909	228410011	0.17738206	1	372873.5	19.41504	0.9937484	NA	NA	0.0	1.0036859	1.003686	1	1	1:1	2	neutral	4165314
1	228409960	228469989	NA	60030	865	2.322077	855	21	46.0	mappable	0.090466667	3.0	identical	0.01255935749	0.03225806452	0.12767714315	0.12599698	0.15825505	228409909	228410011	228469904	228470074	NA	missing	417517.3	21.843	1.1495429	NA	NA	NA	NA	NA	NA	NA	NA	NA	NA	4165314
1	228469989	249209945	NA	20739958	292073	2.007372	290971	4685	11245.0	mappable	0.081175	5.0	edge	0.00033767897	0.00017280111	0.01215288175	0.08228452	0.08245732	228469904	228470074	249209945	249209945	0.17592674	1	372873.5	19.41504	0.9937484	NA	NA	0.0	1.0036859	1.003686	1	1	1:1	2	neutral	4165314
2	20016	208151	NA	188136	2602	2.007372	2592	7	111.0	mappable	0.100307937	5.0	edge	0.03177234186	0.05882352941	0.00052285685	0.11414602	0.17296955	20016	20016	208143	208151	NA	missing	372873.5	19.41504	0.9937484	NA	NA	NA	NA	NA	NA	NA	NA	NA	NA	4165314
2	208152	209181	DEL	1030	22	1.755582	22	0	1.0	mappable	NA	NA	NA	NA	inf	0.12182285685	0.19983157	inf	208152	208201	209071	209181	NA	missing	325336.2	NA	0.8691	NA	NA	NA	NA	NA	NA	NA	NA	NA	NA	4165314
2	209182	7900041	DEL	7690860	125080	2.007372	124330	2129	4808.0	mappable	0.0724	5.0	NA	0.00545175362	0.00034734283	0.02057714315	0.08743279	0.08778013	209182	209189	7899987	7900095	0.15903412	1	372873.5	19.41504	0.9937484	NA	NA	0.0	1.0036859	1.003686	1	1	1:1	2	neutral	4165314
2	7900041	7919961	NA	19921	284	2.22503	284	0	20.0	mappable	NA	NA	NA	NA	inf	0.11057714315	0.14003639	inf	7899987	7900095	7919909	7919961	NA	missing	404594.5	NA	1.1015	NA	NA	NA	NA	NA	NA	NA	NA	NA	NA	4165314
2	7919962	24110001	NA	16190044	237033	2.007372	236370	3601	9028.0	mappable	0.075325	5.0	NA	0.00508750057	0.00023452158	0.00679868595	0.08351218	0.0837467	7919962	7920014	24109976	24110001	0.15365575	1	372873.5	19.41504	0.9937484	NA	NA	0.0	1.0036859	1.003686	1	1	1:1	2	neutral	4165314
2	24110002	24240046	NA	130045	776	2.322077	775	21	27.0	mappable	0.03925	3.0	identical	0.04187119807	0.04545454545	0.12957714315	0.11772565	0.16318019	24110002	24110027	24239993	24240046	NA	missing	417517.3	21.843	1.1495429	NA	NA	NA	NA	NA	NA	NA	NA	NA	NA	4165314
2	24240047	24579973	NA	339927	3626	2.007372	3617	15	143.0	mappable	0.061675	5.0	self	0.02607675362	0.04166666667	0.02647714315	0.10884433	0.150511	24240047	24240100	24579935	24579973	NA	missing	372873.5	19.41504	0.9937484	NA	NA	NA	NA	NA	NA	NA	NA	NA	NA	4165314
2	24579974	24670034	NA	90061	1015	2.322077	1014	22	23.0	mappable	0.063405555	3.0	identical	0.01866425362	0.04347826087	0.12717714315	0.12151691	0.16499517	24579974	24580012	24669950	24670034	NA	missing	417517.3	21.843	1.1495429	NA	NA	NA	NA	NA	NA	NA	NA	NA	NA	4165314
2	24670035	34119939	NA	9449905	130761	2.007372	130261	1641	5159.0	mappable	0.081175	5.0	self	0.00093924778	0.00046707146	0.00852180378	0.08631156	0.08677863	24670035	24670119	34119868	34119939	0.15555368	1	372873.5	19.41504	0.9937484	NA	NA	0.0	1.0036859	1.003686	1	1	1:1	2	neutral	4165314
2	34119940	34189080	NA	69141	1029	2.320654	1027	4	28.0	mappable	0.627449138	1.0	identical	0.26966170792	0.16666666667	0.16907714315	0.12439935	0.29106602	34119940	34120011	34189079	34189081	NA	missing	452365.0	28.96824	1.1488386	NA	NA	NA	NA	NA	NA	NA	NA	NA	NA	4165314
2	34189080	38934982	NA	4745903	81942	2.007372	81746	1171	3197.0	mappable	0.081175	5.0	self	0.00252675362	0.0007315289	0.00012285685	0.09017844	0.09090996	34189079	34189081	38919957	38934982	0.1640906	1	372873.5	19.41504	0.9937484	NA	NA	0.0	1.0036859	1.003686	1	1	1:1	2	neutral	4165314
2	38934983	38980022	NA	45040	492	2.715284	492	10	17.0	mappable	0.326875	NA	identical	0.24609824638	0.1	0.35327714315	0.12937515	0.22937515	38934983	38950008	38979980	38980064	NA	missing	524290.5	32.08364	1.3442	NA	NA	NA	NA	NA	NA	NA	NA	NA	NA	4165314
2	38980022	71090055	NA	32110035	485103	2.007372	483835	7227	18713.0	mappable	0.081175	5.0	self	0.00253888499	0.0001177163	0.0023612489	0.08020365	0.08032137	38979980	38980064	71089998	71090112	0.15369032	1	372873.5	19.41504	0.9937484	NA	NA	0.0	1.0036859	1.003686	1	1	1:1	2	neutral	4165314
2	71090055	71149969	NA	59915	760	2.322077	753	10	18.0	mappable	0.064056818	3.0	identical	0.02658553741	0.05882352941	0.13997714315	0.12601894	0.18484247	71089998	71090112	71149918	71149969	NA	missing	417517.3	21.843	1.1495429	NA	NA	NA	NA	NA	NA	NA	NA	NA	NA	4165314
2	71149970	87059860	NA	15909891	220867	2.007372	220404	3338	8452.0	mappable	0.081175	5.0	self	0.00010743109	0.00026308866	0.0011007947	0.08360009	0.08386317	71149970	71150021	87059860	87059860	0.14707735	1	372873.5	19.41504	0.9937484	NA	NA	0.0	1.0036859	1.003686	1	1	1:1	2	neutral	4165314
2	88330099	89229990	NA	899892	11752	2.007372	11721	130	459.0	mappable	0.085876087	5.0	self	0.00332324638	0.00621118012	0.01117714315	0.10111534	0.10732652	88330099	88330099	89229990	89229990	0.19713917	1	372873.5	19.41504	0.9937484	NA	NA	0.0	1.0036859	1.003686	1	1	1:1	2	neutral	4165314
2	89840102	90239998	NA	399897	909	2.002224	893	33	26.0	mappable	0.537750641	NA	NA	0.44945145151	0.02040816327	0.00027714315	0.10747332	0.12788149	89840102	89840102	90239998	90239998	0.63943424	2	523142.2	38.36376	0.9912	26.12806	0.7333333	0.46666667	0.5339264	1.468298	sub	sub	sub:sub	sub	sub	4165314
2	95580145	96239991	NA	659847	4440	2.007372	4422	37	158.0	mappable	0.091981373	5.0	NA	0.01600023296	0.01818181818	0.00127714315	0.10345663	0.12163845	95580145	95580145	96239991	96239991	0.25009441	1	372873.5	19.41504	0.9937484	NA	NA	0.0	1.0036859	1.003686	1	1	1:1	2	neutral	4165314
2	96239992	96740020	NA	500029	0	0.0	0	0	NA	mappable	NA	NA	NA	NA	inf	0.99092285685	0.10564318	inf	96239992	96239992	96740020	96740020	NA	missing	NA	NA	0.0	NA	NA	0.0	0.0	0.0	0	0	NA	0	homozygousDel	4165314
2	96740021	132189994	NA	35449980	440540	2.007372	439455	6424	16852.0	mappable	0.07825	5.0	NA	0.000424776	0.00013317353	0.00122359478	0.0797471	0.07988027	96740021	96740021	132189994	132189994	0.15439957	1	372873.5	19.41504	0.9937484	NA	NA	0.0	1.0036859	1.003686	1	1	1:1	2	neutral	4165314
2	132189995	133009999	NA	820005	0	0.0	0	0	NA	mappable	NA	NA	NA	NA	inf	0.99092285685	0.10180566	inf	132189995	132189995	133009999	133009999	NA	missing	NA	NA	0.0	NA	NA	0.0	0.0	0.0	0	0	NA	0	homozygousDel	4165314
2	133010000	133045002	NA	35003	2370	2.320654	2364	0	96.0	mappable	NA	1.0	NA	0.28682696259	0.16666666667	0.14677714315	0.13249253	0.29915919	133010000	133010000	133039972	133045002	NA	missing	452365.0	NA	1.1488386	NA	NA	NA	NA	NA	NA	NA	NA	NA	NA	4165314
2	133045003	212769970	NA	79724977	1031721	2.007372	1029151	12777	39942.0	mappable	0.081175	5.0	self	0.00023744142	6.515931e-05	0.00040184915	0.07619475	0.07625991	133045003	133050033	212769933	212769970	0.15849906	1	372873.5	19.41504	0.9937484	NA	NA	0.0	1.0036859	1.003686	1	1	1:1	2	neutral	4165314
2	212769971	212790006	NA	20036	328	2.322077	320	0	15.0	mappable	NA	3.0	identical	0.00220675796	0.125	0.16917714315	0.13995501	0.26495501	212769971	212770008	212789953	212790059	NA	missing	417517.3	NA	1.1495429	NA	NA	NA	NA	NA	NA	NA	NA	NA	NA	4165314
2	212790006	219750062	NA	6960057	96476	2.007372	96200	1337	3690.0	mappable	0.081175	5.0	self	0.00039824638	0.0006199628	0.00342285685	0.08798686	0.08860682	212789953	212790059	219749923	219750062	0.17087251	1	372873.5	19.41504	0.9937484	NA	NA	0.0	1.0036859	1.003686	1	1	1:1	2	neutral	4165314
2	219750063	219779986	NA	29924	339	2.322077	338	0	17.0	mappable	NA	3.0	identical	0.0368703052	1.0	0.13997714315	0.1345079	1.1345079	219750063	219750202	219779917	219780055	NA	missing	417517.3	NA	1.1495429	NA	NA	NA	NA	NA	NA	NA	NA	NA	NA	4165314
2	219779986	228449999	NA	8670015	123149	2.007372	122794	2117	4866.0	mappable	0.07825	5.0	self	0.00279137742	0.00040453074	0.00122900715	0.08677692	0.08718145	219779917	219780055	228449963	228450035	0.15608871	1	372873.5	19.41504	0.9937484	NA	NA	0.0	1.0036859	1.003686	1	1	1:1	2	neutral	4165314
2	228449999	228479999	NA	30001	584	2.322077	578	23	22.0	mappable	0.094804546	3.0	identical	0.02225733729	0.03448275862	0.15007714315	0.13447437	0.16895713	228449963	228450035	228479986	228479999	NA	missing	417517.3	21.843	1.1495429	NA	NA	NA	NA	NA	NA	NA	NA	NA	NA	4165314
2	228480000	242999969	NA	14519971	220138	2.007372	219271	3298	8534.0	mappable	0.07825	5.0	edge	0.00322201173	0.00024009604	0.00979808411	0.08406351	0.08430361	228480000	228480013	242999969	242999969	0.1830343	1	372873.5	19.41504	0.9937484	NA	NA	0.0	1.0036859	1.003686	1	1	1:1	2	neutral	4165314
3	100074	4899945	NA	4799874	88898	2.007372	88675	1546	3459.0	mappable	0.075325	5.0	edge	0.00466635227	0.00056529112	0.00462133087	0.09011215	0.09067744	100074	100074	4899860	4899945	0.16994546	1	372873.5	19.41504	0.9937484	NA	NA	0.0	1.0036859	1.003686	1	1	1:1	2	neutral	4165314
3	4899946	4930014	NA	30069	539	2.322077	532	10	24.0	mappable	0.082042442	3.0	identical	0.0884963233	0.05882352941	0.13447714315	0.13444484	0.19326837	4899946	4900031	4929942	4930086	NA	missing	417517.3	21.843	1.1495429	NA	NA	NA	NA	NA	NA	NA	NA	NA	NA	4165314
3	4930014	26846790	NA	21916785	328250	2.007372	327432	4501	12662.0	mappable	0.07825	5.0	NA	0.00128877354	0.00018800526	0.00984241237	0.08201584	0.08220385	4929942	4930086	26846735	26846790	0.14761057	1	372873.5	19.41504	0.9937484	NA	NA	0.0	1.0036859	1.003686	1	1	1:1	2	neutral	4165314
3	26846791	26847867	DEL	1077	14	2.0806	14	0	0.0	mappable	NA	NA	NA	NA	inf	0.03907714315	0.19855447	inf	26846791	26846791	26847525	26847867	NA	missing	336998.9	NA	1.03	NA	NA	NA	NA	NA	NA	NA	NA	NA	NA	4165314
3	26847868	29510025	DEL	2662158	38403	2.007372	38302	438	1476.0	mappable	0.07825	5.0	NA	0.00039824638	0.00185528757	0.01142285685	0.09370243	0.09555771	26847868	26847954	29509988	29510062	0.17064398	1	372873.5	19.41504	0.9937484	NA	NA	0.0	1.0036859	1.003686	1	1	1:1	2	neutral	4165314
3	29510025	29529982	NA	19958	378	2.30497	378	1	24.0	mappable	0.75	2.0	identical	0.66922324638	1.0	0.14227714315	0.14001014	1.14001014	29509988	29510062	29529956	29530008	NA	missing	282176.2	16.00311	1.1410741	NA	NA	NA	NA	NA	NA	NA	NA	NA	NA	4165314
3	29529982	42600012	NA	13070031	177285	2.007372	176840	2256	6841.0	mappable	0.0841	5.0	NA	0.00427915245	0.00037023325	0.00850003315	0.08460323	0.08497346	29529956	29530008	42599854	42600170	0.16655494	1	372873.5	19.41504	0.9937484	NA	NA	0.0	1.0036859	1.003686	1	1	1:1	2	neutral	4165314
3	42600012	42660032	NA	60021	752	2.181802	752	0	30.0	mappable	NA	NA	NA	NA	inf	0.08917714315	0.1259987	inf	42599854	42600170	42659954	42660032	NA	missing	402606.7	NA	1.0801	NA	NA	NA	NA	NA	NA	NA	NA	NA	NA	4165314
3	42660033	75275091	NA	32615064	441861	2.007372	440662	6252	17014.0	mappable	0.081175	5.0	NA	0.00012675028	0.00013421017	0.00639374294	0.0801313	0.08026551	42660033	42660111	75275083	75275099	0.16419762	1	372873.5	19.41504	0.9937484	NA	NA	0.0	1.0036859	1.003686	1	1	1:1	2	neutral	4165314
3	75275091	76070001	NA	794911	2000	2.30497	1974	3	62.0	mappable	0.197704959	2.0	identical	0.69653863099	0.03448275862	0.19347714315	0.10203856	0.13652132	75275083	75275099	76069955	76070001	NA	missing	282176.2	16.00311	1.1410741	NA	NA	NA	NA	NA	NA	NA	NA	NA	NA	4165314
3	76070002	90499969	NA	14429972	202168	2.007372	201646	3203	7947.0	mappable	0.081175	5.0	self	0.00085289738	0.00026845638	0.01312469271	0.08409522	0.08436367	76070002	76070048	90499969	90499969	0.14633299	1	372873.5	19.41504	0.9937484	NA	NA	0.0	1.0036859	1.003686	1	1	1:1	2	neutral	4165314
3	93570175	114458371	NA	20888198	286630	2.007372	286008	4563	11097.0	mappable	0.0841	5.0	NA	0.0022632512	0.00019286403	0.00517530705	0.08224975	0.08244261	93570175	93570175	114458355	114458371	0.14189518	1	372873.5	19.41504	0.9937484	NA	NA	0.0	1.0036859	1.003686	1	1	1:1	2	neutral	4165314
3	114458372	114460219	DEL	1848	12	1.859814	12	0	0.0	mappable	NA	NA	NA	NA	inf	0.07022285685	0.18430209	inf	114458372	114458647	114460116	114460219	NA	missing	311983.8	NA	0.9207	NA	NA	NA	NA	NA	NA	NA	NA	NA	NA	4165314
3	114460220	138310001	DEL	23849785	303435	2.007372	302558	4143	11943.0	mappable	0.07825	5.0	NA	0.00385843088	0.00019920319	0.01091644361	0.08160776	0.08180696	114460220	114460271	138309944	138310001	0.17717553	1	372873.5	19.41504	0.9937484	NA	NA	0.0	1.0036859	1.003686	1	1	1:1	2	neutral	4165314
3	138310002	138339958	NA	29957	371	2.322077	370	11	16.0	mappable	0.079028947	3.0	identical	3.333257e-05	0.08333333333	0.19337714315	0.13449351	0.21782685	138310002	138310059	138339907	138339958	NA	missing	417517.3	21.843	1.1495429	NA	NA	NA	NA	NA	NA	NA	NA	NA	NA	4165314
3	138339959	157769960	NA	19430006	260640	2.007372	260068	3960	10304.0	mappable	0.081175	5.0	self	0.00039939308	0.00022065313	0.00208536337	0.08260441	0.08282506	138339959	138340010	157769809	157769960	0.14874238	1	372873.5	19.41504	0.9937484	NA	NA	0.0	1.0036859	1.003686	1	1	1:1	2	neutral	4165314
3	157769961	157840006	NA	70046	692	2.322077	690	20	26.0	mappable	0.075300676	3.0	identical	0.0096511126	0.04545454545	0.15037714315	0.12425436	0.1697089	157769961	157770112	157839955	157840057	NA	missing	417517.3	21.843	1.1495429	NA	NA	NA	NA	NA	NA	NA	NA	NA	NA	4165314
3	157840006	191027196	NA	33187195	449276	2.007372	448046	6874	17323.0	mappable	0.081175	5.0	self	0.00336511459	0.00012339585	0.00306327017	0.08005084	0.08017423	157839955	157840057	191027184	191027208	0.15970068	1	372873.5	19.41504	0.9937484	NA	NA	0.0	1.0036859	1.003686	1	1	1:1	2	neutral	4165314
3	191027196	191049979	NA	22784	453	2.322077	447	16	16.0	mappable	0.055605441	3.0	identical	0.0197602728	0.04545454545	0.17427714315	0.13816226	0.1836168	191027184	191027208	191049944	191049979	NA	missing	417517.3	21.843	1.1495429	NA	NA	NA	NA	NA	NA	NA	NA	NA	NA	4165314
3	191049980	196380002	NA	5330025	76592	2.007372	76226	1153	2924.0	mappable	0.075325	5.0	self	0.00240544026	0.00065832785	0.00740373601	0.08950263	0.09016096	191049980	191050015	196379993	196380002	0.20188081	1	372873.5	19.41504	0.9937484	NA	NA	0.0	1.0036859	1.003686	1	1	1:1	2	neutral	4165314
3	196380003	196500022	NA	120020	1338	2.322077	1336	13	53.0	mappable	0.17055946	3.0	identical	0.07692912873	0.06666666667	0.14757714315	0.11853316	0.18519983	196380003	196380012	196499921	196500022	NA	missing	417517.3	21.843	1.1495429	NA	NA	NA	NA	NA	NA	NA	NA	NA	NA	4165314
3	196500023	197779892	NA	1279871	16533	2.007372	16434	183	608.0	mappable	0.06655	5.0	edge	0.0118525174	0.00354609929	0.01917266121	0.09858255	0.10212865	196500023	196500124	197779892	197779892	0.17149069	1	372873.5	19.41504	0.9937484	NA	NA	0.0	1.0036859	1.003686	1	1	1:1	2	neutral	4165314
4	50084	8939952	NA	8889872	143496	2.007372	142736	2097	5542.0	mappable	0.0724	5.0	edge	0.00541182538	0.0003500175	0.00855646871	0.08664111	0.08699112	50084	50084	8939952	8939952	0.1822098	1	372873.5	19.41504	0.9937484	NA	NA	0.0	1.0036859	1.003686	1	1	1:1	2	neutral	4165314
4	9800097	12649991	NA	2849895	51320	2.007372	51150	947	1920.0	mappable	0.081175	5.0	self	0.00039824638	0.00089525515	0.01062285685	0.0932728	0.09416806	9800097	9800097	12649978	12649991	0.15206971	1	372873.5	19.41504	0.9937484	NA	NA	0.0	1.0036859	1.003686	1	1	1:1	2	neutral	4165314
4	12649992	12670015	NA	20024	541	2.322077	538	0	24.0	mappable	NA	3.0	identical	0.06687675362	0.33333333333	0.15827714315	0.13996347	0.47329681	12649992	12650005	12669984	12670015	NA	missing	417517.3	NA	1.1495429	NA	NA	NA	NA	NA	NA	NA	NA	NA	NA	4165314
4	12670016	28781143	NA	16111128	240340	2.007372	239720	4305	9264.0	mappable	0.081175	5.0	NA	0.00039824638	0.00020304569	0.00442285685	0.08353677	0.08373981	12670016	12670047	28781031	28781143	0.14403123	1	372873.5	19.41504	0.9937484	NA	NA	0.0	1.0036859	1.003686	1	1	1:1	2	neutral	4165314
4	28781144	28865726	DEL	84583	1153	1.108778	1153	0	48.0	mappable	NA	NA	NA	NA	inf	0.44202285685	0.12218904	inf	28781144	28781220	28865715	28865726	NA	missing	187060.2	NA	0.5489	NA	NA	NA	NA	NA	NA	NA	NA	NA	NA	4165314
4	28865727	49089961	DEL	20224237	295133	2.007372	294494	4606	11523.0	mappable	0.07825	5.0	NA	0.00109910825	0.00019065777	0.01344633399	0.08240768	0.08259834	28865727	28865879	49089961	49089961	0.15623025	1	372873.5	19.41504	0.9937484	NA	NA	0.0	1.0036859	1.003686	1	1	1:1	2	neutral	4165314
4	52680112	87785042	NA	35104935	479625	2.007372	478397	8197	18429.0	mappable	0.081175	5.0	self	0.00067259121	0.0001061008	0.00346201696	0.079792	0.0798981	52680112	52680112	87779952	87785042	0.16281533	1	372873.5	19.41504	0.9937484	NA	NA	0.0	1.0036859	1.003686	1	1	1:1	2	neutral	4165314
4	87785043	87830040	NA	44998	444	2.499346	443	11	22.0	mappable	0.081871622	NA	identical	0.00177662476	0.08333333333	0.24637714315	0.12938642	0.21271975	87785043	87790133	87829967	87830113	NA	missing	458987.3	24.81012	1.2373	NA	NA	NA	NA	NA	NA	NA	NA	NA	NA	4165314
4	87830040	116580007	NA	28749968	372771	2.007372	371916	5210	14474.0	mappable	0.081175	5.0	self	0.00039824638	0.00016488046	0.00177714315	0.08071984	0.08088472	87829967	87830113	116579989	116580007	0.16291732	1	372873.5	19.41504	0.9937484	NA	NA	0.0	1.0036859	1.003686	1	1	1:1	2	neutral	4165314
4	116580008	116609929	NA	29922	419	2.322077	417	11	19.0	mappable	0.081371052	3.0	identical	0.03954586543	0.07692307692	0.14427714315	0.13450877	0.21143185	116580008	116580026	116609846	116609929	NA	missing	417517.3	21.843	1.1495429	NA	NA	NA	NA	NA	NA	NA	NA	NA	NA	4165314
4	116609930	134173556	NA	17563628	228778	2.007372	228286	3753	9006.0	mappable	0.07825	5.0	NA	0.00054079998	0.00023557126	0.00240403773	0.08310449	0.08334006	116609930	116610013	134173478	134173556	0.14599209	1	372873.5	19.41504	0.9937484	NA	NA	0.0	1.0036859	1.003686	1	1	1:1	2	neutral	4165314
4	134173557	134176798	DEL	3242	39	1.351582	39	0	0.0	mappable	NA	NA	NA	NA	inf	0.32182285685	0.17148734	inf	134173557	134173578	134176783	134176798	NA	missing	229721.4	NA	0.6691	NA	NA	NA	NA	NA	NA	NA	NA	NA	NA	4165314
4	134176799	176558755	DEL	42381957	571118	2.007372	569664	8847	22088.0	mappable	0.07825	5.0	NA	0.00283455869	9.707795e-05	0.00694659045	0.07893611	0.07903319	134176799	134177013	176558515	176558755	0.15374376	1	372873.5	19.41504	0.9937484	NA	NA	0.0	1.0036859	1.003686	1	1	1:1	2	neutral	4165314
4	176558756	189250005	CTX	12691251	199106	2.007372	198383	3743	7743.0	mappable	0.081175	5.0	self	0.00139372891	0.00022391402	0.02662083797	0.08475535	0.08497926	176558756	176558774	189249998	189250012	0.17730772	1	372873.5	19.41504	0.9937484	NA	NA	0.0	1.0036859	1.003686	1	1	1:1	2	neutral	4165314
4	189250005	189270021	NA	20017	430	2.322077	422	11	21.0	mappable	0.135673203	3.0	identical	0.01645706991	0.05263157895	0.19107714315	0.13996841	0.19259999	189249998	189250012	189269995	189270047	NA	missing	417517.3	21.843	1.1495429	NA	NA	NA	NA	NA	NA	NA	NA	NA	NA	4165314
4	189270021	190659987	NA	1389967	27432	2.007372	27097	371	1055.0	mappable	0.10165	5.0	self	0.01502324638	0.00141643059	0.02427714315	0.09800742	0.09942385	189269995	189270047	190659958	190659987	0.21676408	1	372873.5	19.41504	0.9937484	NA	NA	0.0	1.0036859	1.003686	1	1	1:1	2	neutral	4165314
4	190659988	190670011	NA	10024	380	2.637918	349	0	23.0	mappable	NA	NA	identical	0.37255094317	0.03225806452	0.31497714315	0.15047583	0.1827339	190659988	190660017	190669998	190670011	NA	missing	1118135.0	NA	1.3059	NA	NA	NA	NA	NA	NA	NA	NA	NA	NA	4165314
4	190670012	190799944	NA	129933	2557	2.007372	2465	24	100.0	mappable	0.041506383	5.0	edge	0.04347675362	0.00862068966	0.00332285685	0.11773426	0.12635495	190670012	190670025	190799944	190799944	NA	missing	372873.5	19.41504	0.9937484	NA	NA	NA	NA	NA	NA	NA	NA	NA	NA	4165314
5	50017	2030015	NA	1979999	30055	2.007372	29702	660	1207.0	mappable	0.06655	5.0	edge	0.01422675362	0.00098716683	0.02057714315	0.09561569	0.09660286	50017	50017	2029967	2030015	0.19866607	1	372873.5	19.41504	0.9937484	NA	NA	0.0	1.0036859	1.003686	1	1	1:1	2	neutral	4165314
5	2030016	2049969	NA	19954	345	2.322077	339	0	17.0	mappable	NA	3.0	identical	0.01022958844	0.16666666667	0.23497714315	0.14001298	0.30667964	2030016	2030064	2049922	2049969	NA	missing	417517.3	NA	1.1495429	NA	NA	NA	NA	NA	NA	NA	NA	NA	NA	4165314
5	2049970	16750003	NA	14700037	232476	2.007372	231833	3315	9013.0	mappable	0.07825	5.0	self	0.00277506085	0.00025265285	0.01073880328	0.08400073	0.08425338	2049970	2050017	16749984	16750003	0.17219222	1	372873.5	19.41504	0.9937484	NA	NA	0.0	1.0036859	1.003686	1	1	1:1	2	neutral	4165314
5	16750004	16780010	NA	30007	444	2.320654	437	4	18.0	mappable	0.35099155	1.0	identical	0.24657909744	0.09090909091	0.13767714315	0.13447176	0.22538085	16750004	16750023	16779979	16780010	NA	missing	452365.0	28.96824	1.1488386	NA	NA	NA	NA	NA	NA	NA	NA	NA	NA	4165314
5	16780011	29780109	NA	13000099	183200	2.007372	182700	3211	7091.0	mappable	0.075325	5.0	self	0.00252675362	0.00026946915	0.02647714315	0.08463094	0.08490041	16780011	16780042	29779916	29780109	0.16262858	1	372873.5	19.41504	0.9937484	NA	NA	0.0	1.0036859	1.003686	1	1	1:1	2	neutral	4165314
5	29780110	29799949	NA	19840	422	2.322077	419	7	24.0	mappable	0.049503572	3.0	identical	0.02187397584	0.1	0.15527714315	0.14009404	0.24009404	29780110	29780303	29799883	29799949	NA	missing	417517.3	21.843	1.1495429	NA	NA	NA	NA	NA	NA	NA	NA	NA	NA	4165314
5	29799950	46399990	NA	16600042	229725	2.007372	229164	3208	8962.0	mappable	0.081175	5.0	self	0.00097564091	0.00026532237	0.00337584107	0.08338655	0.08365187	29799950	29800016	46399990	46399990	0.1628509	1	372873.5	19.41504	0.9937484	NA	NA	0.0	1.0036859	1.003686	1	1	1:1	2	neutral	4165314
5	49470005	56074914	NA	6604910	89144	2.007372	88913	1482	3398.0	mappable	0.07825	5.0	self	0.00252675362	0.00058377116	0.00337714315	0.08828031	0.08886409	49470005	49470005	56069815	56074914	0.16742597	1	372873.5	19.41504	0.9937484	NA	NA	0.0	1.0036859	1.003686	1	1	1:1	2	neutral	4165314
5	56074915	56120059	NA	45145	481	2.301992	479	0	21.0	mappable	NA	NA	identical	0.15731848447	0.5	0.14867714315	0.12934704	0.62934704	56074915	56080014	56119967	56120059	NA	missing	411976.5	NA	1.1396	NA	NA	NA	NA	NA	NA	NA	NA	NA	NA	4165314
5	56120060	68829703	NA	12709644	162714	2.007372	162312	2294	6463.0	mappable	0.0958	5.0	self	0.01209824638	0.00037091988	0.00962285685	0.08474784	0.08511876	56120060	56120152	68829703	68829703	0.16614813	1	372873.5	19.41504	0.9937484	NA	NA	0.0	1.0036859	1.003686	1	1	1:1	2	neutral	4165314
5	70750153	76370038	NA	5619888	75845	2.007372	75639	1004	2874.0	mappable	0.08995	5.0	self	0.00750043646	0.00082644628	0.00640546216	0.08919767	0.09002412	70750153	70750153	76369974	76370038	0.17631599	1	372873.5	19.41504	0.9937484	NA	NA	0.0	1.0036859	1.003686	1	1	1:1	2	neutral	4165314
5	76370039	76390096	NA	20058	283	2.556714	281	4	15.0	mappable	0.058765059	NA	identical	0.02158486173	0.16666666667	0.27477714315	0.1399395	0.30660617	76370039	76370103	76389953	76390239	NA	missing	450443.4	24.39902	1.2657	NA	NA	NA	NA	NA	NA	NA	NA	NA	NA	4165314
5	76390096	124466154	NA	48076062	676464	2.007372	675099	9879	26486.0	mappable	0.07825	5.0	self	0.00154778075	8.893632e-05	0.00076587673	0.07837354	0.07846248	76389953	76390239	124466147	124466154	0.1517751	1	372873.5	19.41504	0.9937484	NA	NA	0.0	1.0036859	1.003686	1	1	1:1	2	neutral	4165314
5	124466155	145820027	CTX	21353880	274581	2.007372	273999	3752	10445.0	mappable	0.081175	5.0	self	0.00268685066	0.00023073373	0.00351394946	0.08214229	0.08237302	124466155	124466233	145819982	145820027	0.14662758	1	372873.5	19.41504	0.9937484	NA	NA	0.0	1.0036859	1.003686	1	1	1:1	2	neutral	4165314
5	145820028	145850012	NA	29985	395	2.29876	395	12	19.0	mappable	0.242817975	NA	identical	0.16204122126	0.08333333333	0.14707714315	0.13448133	0.21781466	145820028	145820073	145849917	145850012	NA	missing	404155.2	22.53274	1.138	NA	NA	NA	NA	NA	NA	NA	NA	NA	NA	4165314
5	145850013	152486625	NA	6636614	95245	2.007372	95057	1570	3636.0	mappable	0.075325	5.0	NA	0.00574125874	0.00056882821	0.01195963673	0.0882534	0.08882223	145850013	145850108	152486606	152486625	0.15596422	1	372873.5	19.41504	0.9937484	NA	NA	0.0	1.0036859	1.003686	1	1	1:1	2	neutral	4165314
5	152486626	152487981	DEL	1356	23	2.016364	23	0	0.0	mappable	NA	NA	NA	NA	inf	0.00727714315	0.19221267	inf	152486626	152486653	152487934	152487981	NA	missing	342207.1	NA	0.9982	NA	NA	NA	NA	NA	NA	NA	NA	NA	NA	4165314
5	152487982	174897407	DEL	22409428	318801	2.007372	317878	5401	12269.0	mappable	0.081175	5.0	NA	0.00096032426	0.00015812777	0.00508152605	0.08190812	0.08206625	152487982	152488092	174897380	174897407	0.15050715	1	372873.5	19.41504	0.9937484	NA	NA	0.0	1.0036859	1.003686	1	1	1:1	2	neutral	4165314
5	174897408	174897592	ITX	185	6	1.751744	6	0	1.0	mappable	NA	NA	NA	NA	inf	0.12372285685	0.26555553	inf	174897408	174897432	174897585	174897592	NA	missing	324664.0	NA	0.8672	NA	NA	NA	NA	NA	NA	NA	NA	NA	NA	4165314
5	174897593	174902812	DEL	5220	94	2.113324	94	0	1.0	mappable	NA	NA	NA	NA	inf	0.05527714315	0.1619455	inf	174897593	174897884	174902681	174902812	NA	missing	428566.0	NA	1.0462	NA	NA	NA	NA	NA	NA	NA	NA	NA	NA	4165314
5	174902813	180689979	DEL	5787167	66633	2.007372	66348	1000	2630.0	mappable	0.075325	5.0	edge	0.00837675362	0.00077821012	0.02617714315	0.08902965	0.08980786	174902813	174902856	180689979	180689979	0.20718958	1	372873.5	19.41504	0.9937484	NA	NA	0.0	1.0036859	1.003686	1	1	1:1	2	neutral	4165314
6	201976	247810	NA	45835	934	2.007372	934	18	46.0	mappable	0.030614286	5.0	edge	0.05016246791	0.05555555556	0.01997714315	0.12916424	0.18471979	201976	201976	247796	247810	NA	missing	372873.5	19.41504	0.9937484	NA	NA	NA	NA	NA	NA	NA	NA	NA	NA	4165314
6	247811	390036	NA	142226	2000	2.666198	1877	7	89.0	mappable	0.187002778	NA	identical	0.0068204686	0.00769230769	0.32897714315	0.11683727	0.12452958	247811	247825	389968	390036	NA	missing	727439.0	42.58179	1.3199	NA	NA	NA	NA	NA	NA	NA	NA	NA	NA	4165314
6	390037	880037	NA	490001	8147	2.007372	8094	140	314.0	mappable	0.084577632	5.0	self	0.00332324638	0.00518134715	0.06487714315	0.10580653	0.11098788	390037	390105	879996	880037	0.1998097	1	372873.5	19.41504	0.9937484	NA	NA	0.0	1.0036859	1.003686	1	1	1:1	2	neutral	4165314
6	880038	910002	NA	29965	598	2.322077	597	15	30.0	mappable	0.09272149	3.0	identical	0.01189543414	0.0625	0.15777714315	0.13449003	0.19699003	880038	880079	909996	910002	NA	missing	417517.3	21.843	1.1495429	NA	NA	NA	NA	NA	NA	NA	NA	NA	NA	4165314
6	910003	20209990	NA	19299992	284050	2.007372	282941	4650	10987.0	mappable	0.07825	5.0	self	0.00347599962	0.00017364126	0.00748804475	0.08263747	0.08281111	910003	910009	20209946	20209990	0.15242546	1	372873.5	19.41504	0.9937484	NA	NA	0.0	1.0036859	1.003686	1	1	1:1	2	neutral	4165314
6	20209991	20275000	NA	65010	1045	2.322077	1044	6	38.0	mappable	0.147855556	3.0	identical	0.08142602416	0.14285714286	0.14117714315	0.12509089	0.26794804	20209991	20210035	20269974	20280026	NA	missing	417517.3	21.843	1.1495429	NA	NA	NA	NA	NA	NA	NA	NA	NA	NA	4165314
6	20275000	24349984	NA	4074985	61876	2.007372	61614	765	2459.0	mappable	0.092875	5.0	self	0.01209824638	0.00097370983	0.00317714315	0.09108147	0.09205518	20269974	20280026	24349967	24349984	0.18969703	1	372873.5	19.41504	0.9937484	NA	NA	0.0	1.0036859	1.003686	1	1	1:1	2	neutral	4165314
6	24349985	24419986	NA	70002	922	2.322077	918	16	43.0	mappable	0.049559677	3.0	identical	0.04265901169	0.05	0.14817714315	0.12426136	0.17426136	24349985	24350002	24419962	24419986	NA	missing	417517.3	21.843	1.1495429	NA	NA	NA	NA	NA	NA	NA	NA	NA	NA	4165314
6	24419987	29939990	NA	5520005	75942	2.007372	75453	1296	3026.0	mappable	0.081175	5.0	self	0.00156824638	0.00056022409	0.02821272294	0.08930071	0.08986094	24419987	24420011	29939978	29940002	0.21167258	1	372873.5	19.41504	0.9937484	NA	NA	0.0	1.0036859	1.003686	1	1	1:1	2	neutral	4165314
6	29939990	29959982	NA	19993	782	2.635696	691	39	18.0	mappable	0.115792683	NA	identical	0.30036227077	0.00769230769	0.31387714315	0.13998537	0.14767768	29939978	29940002	29959964	29960000	0.29703542	1	487946.5	26.77755	1.3048	NA	NA	0.0	1.317848	1.317848	sub	sub	sub:sub	sub	sub	4165314
6	29959982	32439982	NA	2480001	36341	2.007372	36102	1043	1431.0	mappable	0.081175	5.0	self	0.00039824638	0.0007800312	0.00332285685	0.0941535	0.09493353	29959964	29960000	32429961	32439982	0.29017203	1	372873.5	19.41504	0.9937484	NA	NA	0.0	1.0036859	1.003686	1	1	1:1	2	neutral	4165314
6	32439983	32565004	NA	125023	4690	2.911005	3988	167	136.0	mappable	0.285925	NA	identical	0.47609278032	0.00115074799	0.45016887023	0.1181207	0.11927144	32439983	32450004	32559997	32565004	0.4557826	2	503977.0	31.49856	1.4410917	17.31282	0.625	0.25	1.091627	1.819378	2	1	2:1	3	gain	4165314
6	32565005	36839976	NA	4274976	67075	2.007372	66455	1688	2488.0	mappable	0.0841	5.0	self	0.00416282389	0.00043327556	0.00255191387	0.09079566	0.09122893	32565005	32570012	36839950	36840002	0.24700305	1	372873.5	19.41504	0.9937484	NA	NA	0.0	1.0036859	1.003686	1	1	1:1	2	neutral	4165314
6	36839976	36864995	NA	25020	297	2.322077	296	10	19.0	mappable	0.121217857	3.0	identical	0.04557324638	0.09090909091	0.19417714315	0.1368851	0.22779419	36839950	36840002	36859980	36864995	NA	missing	417517.3	21.843	1.1495429	NA	NA	NA	NA	NA	NA	NA	NA	NA	NA	4165314
6	36864996	42490081	NA	5625086	81560	2.007372	81331	1182	3207.0	mappable	0.081175	5.0	self	0.00039824638	0.00070871722	0.02162285685	0.08919237	0.08990108	36864996	36870011	42489912	42490081	0.17107796	1	372873.5	19.41504	0.9937484	NA	NA	0.0	1.0036859	1.003686	1	1	1:1	2	neutral	4165314
6	42490082	42539771	NA	49690	660	2.322077	658	33	22.0	mappable	0.04585	3.0	identical	0.03211150972	0.02857142857	0.15807714315	0.12819964	0.15677107	42490082	42490251	42539537	42540005	0.09359194	1	417517.3	21.843	1.1495429	NA	NA	0.0	1.1610383	1.161038	1	1	1:1	2	neutral	4165314
6	42539771	57845022	NA	15305252	216989	2.007372	215641	2832	8489.0	mappable	0.075325	5.0	self	0.00252675362	0.00023923445	0.00652285685	0.08379587	0.08403511	42539537	42540005	57689985	58000059	0.16267006	1	372873.5	19.41504	0.9937484	NA	NA	0.0	1.0036859	1.003686	1	1	1:1	2	neutral	4165314
6	57845022	58019982	NA	174961	504	2.322077	498	7	15.0	mappable	0.045066667	3.0	NA	0.03227030201	0.07692307692	0.15277714315	0.11483249	0.19175557	57689985	58000059	58019982	58019982	NA	missing	417517.3	21.843	1.1495429	NA	NA	NA	NA	NA	NA	NA	NA	NA	NA	4165314
6	58610011	58769997	NA	159987	569	2.007372	569	5	18.0	mappable	0.059072222	5.0	self	0.0217045314	0.2	0.00812285685	0.11568989	0.31568989	58610011	58610011	58769997	58769997	NA	missing	372873.5	19.41504	0.9937484	NA	NA	NA	NA	NA	NA	NA	NA	NA	NA	4165314
6	61890002	63513294	NA	1623295	22310	2.007372	22244	400	801.0	mappable	0.0958	5.0	self	0.01094665482	0.00214592275	0.00641127012	0.09694387	0.0990898	61890002	61890002	63513290	63513294	0.13368546	1	372873.5	19.41504	0.9937484	NA	NA	0.0	1.0036859	1.003686	1	1	1:1	2	neutral	4165314
6	63513295	63609980	NA	96686	2000	2.322077	1999	61	77.0	mappable	0.081332258	3.0	identical	0.00514743993	0.01612903226	0.13647714315	0.12076551	0.13689455	63513295	63513299	63609945	63610015	0.13880139	1	417517.3	21.843	1.1495429	NA	NA	0.0	1.1610383	1.161038	1	1	1:1	2	neutral	4165314
6	63609980	73969995	NA	10360016	149180	2.007372	148696	2497	5694.0	mappable	0.0724	5.0	self	0.00837675362	0.0003354579	0.00557714315	0.08582025	0.08615571	63609945	63610015	73969974	73970016	0.16294733	1	372873.5	19.41504	0.9937484	NA	NA	0.0	1.0036859	1.003686	1	1	1:1	2	neutral	4165314
6	73969995	74200013	NA	230019	2179	2.322077	2171	45	92.0	mappable	0.076654545	3.0	identical	0.00332324638	0.01886792453	0.14127714315	0.11228768	0.1311556	73969974	73970016	74199992	74200013	0.18596287	1	417517.3	21.843	1.1495429	NA	NA	0.0	1.1610383	1.161038	1	1	1:1	2	neutral	4165314
6	74200014	78919993	NA	4719980	63836	2.007372	63685	1037	2456.0	mappable	0.0958	5.0	self	0.01502324638	0.00084175084	0.00152285685	0.09021058	0.09105233	74200014	74200035	78919985	78920001	0.1772865	1	372873.5	19.41504	0.9937484	NA	NA	0.0	1.0036859	1.003686	1	1	1:1	2	neutral	4165314
6	78919993	79057031	NA	137039	2000	2.842746	1999	3	88.0	mappable	0.131746429	NA	identical	0.67590181781	0.25	0.41637714315	0.11720425	0.36720425	78919985	78920001	79056949	79057113	NA	missing	334963.9	19.01147	1.4073	NA	NA	NA	NA	NA	NA	NA	NA	NA	NA	4165314
6	79057031	108439946	NA	29382918	395018	2.007372	394139	6113	15399.0	mappable	0.081175	5.0	self	0.00054983641	0.00014302059	0.00227383849	0.08061761	0.08076063	79056949	79057113	108439882	108440010	0.14771849	1	372873.5	19.41504	0.9937484	NA	NA	0.0	1.0036859	1.003686	1	1	1:1	2	neutral	4165314
6	108439946	108509971	NA	70026	870	2.322077	867	8	25.0	mappable	0.055117593	3.0	identical	0.02458872257	0.09090909091	0.14527714315	0.12425754	0.21516663	108439882	108440010	108509920	108510022	NA	missing	417517.3	21.843	1.1495429	NA	NA	NA	NA	NA	NA	NA	NA	NA	NA	4165314
6	108509971	165340006	NA	56830040	786961	2.007372	784672	12023	30410.0	mappable	0.081175	5.0	self	0.00073156404	6.987144e-05	0.00312637304	0.0776393	0.07770917	108509920	108510022	165339973	165340039	0.14455488	1	372873.5	19.41504	0.9937484	NA	NA	0.0	1.0036859	1.003686	1	1	1:1	2	neutral	4165314
6	165340006	165449950	NA	109945	2025	3.239474	2009	23	85.0	mappable	0.280838889	NA	identical	0.26072324638	0.02564102564	0.61277714315	0.11942849	0.14506952	165339973	165340039	165449899	165449950	NA	missing	547726.8	35.21101	1.6037	NA	NA	NA	NA	NA	NA	NA	NA	NA	NA	4165314
6	165449951	165710043	NA	260093	4308	2.007372	4303	67	171.0	mappable	0.113807576	5.0	self	0.03549824638	0.01388888889	0.00117714315	0.11118111	0.12506999	165449951	165450002	165709983	165710103	0.12200331	1	372873.5	19.41504	0.9937484	NA	NA	0.0	1.0036859	1.003686	1	1	1:1	2	neutral	4165314
6	165710043	165749981	NA	39939	617	2.606002	617	1	25.0	mappable	0.170731707	NA	identical	0.08995495369	1.0	0.29917714315	0.13084287	1.13084287	165709983	165710103	165749960	165750002	NA	missing	424579.0	24.8534	1.2901	NA	NA	NA	NA	NA	NA	NA	NA	NA	NA	4165314
6	165749981	170899935	NA	5149956	83446	2.007372	82765	1500	3219.0	mappable	0.081175	5.0	edge	4.030245e-05	0.00045850527	0.03630579761	0.08970167	0.09016018	165749960	165750002	170899935	170899935	0.20326054	1	372873.5	19.41504	0.9937484	NA	NA	0.0	1.0036859	1.003686	1	1	1:1	2	neutral	4165314
7	40386	19530011	NA	19489627	323859	2.007372	322810	5125	12723.0	mappable	0.07825	5.0	edge	0.00371162972	0.00016196955	0.00935331056	0.08258933	0.0827513	40386	40386	19529994	19530028	0.16027644	1	372873.5	19.41504	0.9937484	NA	NA	0.0	1.0036859	1.003686	1	1	1:1	2	neutral	4165314
7	19530011	19550011	NA	20001	535	2.322077	530	20	20.0	mappable	0.0499	3.0	identical	0.02435175362	0.04	0.15887714315	0.13997971	0.17997971	19529994	19530028	19549983	19550039	NA	missing	417517.3	21.843	1.1495429	NA	NA	NA	NA	NA	NA	NA	NA	NA	NA	4165314
7	19550011	27119984	NA	7569974	113444	2.007372	113172	1806	4368.0	mappable	0.0841	5.0	self	0.00624824638	0.00048123195	0.00012285685	0.08752024	0.08800147	19549983	19550039	27119930	27120038	0.16583719	1	372873.5	19.41504	0.9937484	NA	NA	0.0	1.0036859	1.003686	1	1	1:1	2	neutral	4165314
7	27119984	27339994	NA	220011	2822	2.322077	2802	30	110.0	mappable	0.099567424	3.0	identical	0.00332324638	0.02	0.13717714315	0.11269373	0.13269373	27119930	27120038	27339954	27339994	NA	missing	417517.3	21.843	1.1495429	NA	NA	NA	NA	NA	NA	NA	NA	NA	NA	4165314
7	27339995	38209990	NA	10869998	142063	2.007372	141532	2207	5444.0	mappable	0.07825	5.0	self	0.00187509183	0.00036523009	0.00971334839	0.08556571	0.08593094	27339995	27340035	38209964	38209990	0.18067631	1	372873.5	19.41504	0.9937484	NA	NA	0.0	1.0036859	1.003686	1	1	1:1	2	neutral	4165314
7	38209991	38389913	NA	179923	2155	2.262804	2151	8	95.0	mappable	0.153405442	NA	identical	0.0937007974	0.08333333333	0.12927714315	0.11456709	0.19790042	38209991	38210017	38369783	38389913	NA	missing	343566.9	18.30799	1.1202	NA	NA	NA	NA	NA	NA	NA	NA	NA	NA	4165314
7	38389914	53460007	NA	15070096	211528	2.007372	211065	3587	8267.0	mappable	0.07825	5.0	self	0.00106557971	0.00024691358	0.0016191877	0.08387437	0.08412129	38389914	38410044	53459997	53460007	0.14553899	1	372873.5	19.41504	0.9937484	NA	NA	0.0	1.0036859	1.003686	1	1	1:1	2	neutral	4165314
7	53460008	53589991	NA	129984	2199	1.03424	2193	17	98.0	mappable	0.756177778	NA	identical	0.66966213527	0.04347826087	0.47892285685	0.11773034	0.1612086	53460008	53460018	53589971	53590011	NA	missing	176739.2	12.0504	0.512	NA	NA	NA	NA	NA	NA	NA	NA	NA	NA	4165314
7	53589991	57999988	NA	4409998	42635	2.007372	42552	711	1688.0	mappable	0.081175	5.0	self	0.00252675362	0.00125944584	0.04787714315	0.09061112	0.09187056	53589971	53590011	57999988	57999988	0.14163387	1	372873.5	19.41504	0.9937484	NA	NA	0.0	1.0036859	1.003686	1	1	1:1	2	neutral	4165314
7	61530139	64575025	NA	3044887	28931	2.007372	28758	389	1103.0	mappable	0.073790517	5.0	self	0.009893995	0.00177935943	0.03667714315	0.09285932	0.09463868	61530139	61530139	64469928	64575025	0.16749397	1	372873.5	19.41504	0.9937484	NA	NA	0.0	1.0036859	1.003686	1	1	1:1	2	neutral	4165314
7	64740036	72229988	NA	7489953	82635	2.007372	82297	1376	3176.0	mappable	0.075325	5.0	self	0.00477596599	0.00058343057	0.01375505082	0.087579	0.08816243	64740036	64740078	72229988	72229988	0.19150052	1	372873.5	19.41504	0.9937484	NA	NA	0.0	1.0036859	1.003686	1	1	1:1	2	neutral	4165314
7	72750118	74139961	NA	1389844	10092	2.007372	10033	49	392.0	mappable	0.0724	5.0	self	0.00039824638	0.00925925926	0.04867714315	0.09800803	0.10726729	72750118	72750118	74139961	74139961	0.42589524	2	372873.5	19.41504	0.9937484	18.57521	0.520687	0.04137403	0.9621594	1.045212	1	1	1:1	2	mixDH	4165314
7	75160045	76059952	NA	899908	8379	2.007372	8341	113	322.0	mappable	0.087476316	5.0	self	0.00039824638	0.00662251656	0.03787714315	0.10111521	0.10773773	75160045	75160045	76059952	76059952	0.1843186	1	372873.5	19.41504	0.9937484	NA	NA	0.0	1.0036859	1.003686	1	1	1:1	2	neutral	4165314
7	76810004	94279838	NA	17469836	234068	2.007372	233501	3059	9047.0	mappable	0.0841	5.0	self	0.00277370142	0.00027578599	0.0058759435	0.08313118	0.08340696	76810004	76810004	94279661	94279838	0.1641222	1	372873.5	19.41504	0.9937484	NA	NA	0.0	1.0036859	1.003686	1	1	1:1	2	neutral	4165314
7	94279839	94310009	NA	30171	320	2.322077	318	5	15.0	mappable	0.102453571	3.0	identical	0.00671253209	0.14285714286	0.14897714315	0.1344007	0.27725784	94279839	94280016	94309987	94310009	NA	missing	417517.3	21.843	1.1495429	NA	NA	NA	NA	NA	NA	NA	NA	NA	NA	4165314
7	94310010	101059940	NA	6749931	73919	2.007372	73615	965	2979.0	mappable	0.0724	5.0	self	0.00545175362	0.00078802206	0.01497714315	0.08815838	0.08894641	94310010	94310032	101059868	101059940	0.18204406	1	372873.5	19.41504	0.9937484	NA	NA	0.0	1.0036859	1.003686	1	1	1:1	2	neutral	4165314
7	101059941	101100031	NA	40091	688	2.322077	680	20	21.0	mappable	0.034680263	3.0	identical	0.04478709845	0.03571428571	0.17177714315	0.13079597	0.16651026	101059941	101060013	101099951	101100111	NA	missing	417517.3	21.843	1.1495429	NA	NA	NA	NA	NA	NA	NA	NA	NA	NA	4165314
7	101100031	103840056	NA	2740026	29899	2.007372	29782	439	1131.0	mappable	0.075325	5.0	self	0.00039824638	0.00179856115	0.02667714315	0.09352018	0.09531874	101099951	101100111	103839997	103840115	0.19204769	1	372873.5	19.41504	0.9937484	NA	NA	0.0	1.0036859	1.003686	1	1	1:1	2	neutral	4165314
7	103840056	103869900	NA	29845	389	2.322077	389	21	22.0	mappable	0.0532125	3.0	identical	0.02756425362	0.04761904762	0.14707714315	0.13454241	0.18216145	103839997	103840115	103869773	103870027	NA	missing	417517.3	21.843	1.1495429	NA	NA	NA	NA	NA	NA	NA	NA	NA	NA	4165314
7	103869900	146250012	NA	42380115	546413	2.007372	545027	7979	21276.0	mappable	0.081175	5.0	self	0.00137616149	0.00010678057	0.00120402227	0.0789363	0.07904308	103869773	103870027	146249990	146250034	0.15955316	1	372873.5	19.41504	0.9937484	NA	NA	0.0	1.0036859	1.003686	1	1	1:1	2	neutral	4165314
7	146250012	146270016	NA	20005	326	2.322077	326	3	16.0	mappable	0.0325	3.0	identical	0.04827675362	0.33333333333	0.15497714315	0.13997689	0.47331022	146249990	146250034	146269946	146270086	NA	missing	417517.3	21.843	1.1495429	NA	NA	NA	NA	NA	NA	NA	NA	NA	NA	4165314
7	146270016	159119808	NA	12849798	186295	2.007372	185195	3035	7140.0	mappable	0.081175	5.0	edge	0.00017134964	0.00024183797	0.02085073933	0.08469106	0.0849329	146269946	146270086	159119808	159119808	0.18808712	1	372873.5	19.41504	0.9937484	NA	NA	0.0	1.0036859	1.003686	1	1	1:1	2	neutral	4165314
8	170012	3732653	NA	3562643	90088	2.007372	89352	1368	3457.0	mappable	0.075325	5.0	edge	0.00781510914	0.00047528517	0.05125014955	0.09189269	0.09236798	170012	170012	3732642	3732653	0.17747612	1	372873.5	19.41504	0.9937484	NA	NA	0.0	1.0036859	1.003686	1	1	1:1	2	neutral	4165314
8	3732654	3737380	DEL	4727	211	1.587922	211	0	9.0	mappable	NA	NA	NA	NA	inf	0.20482285685	0.16384432	inf	3732654	3732719	3737380	3737380	NA	missing	281227.0	NA	0.7861	NA	NA	NA	NA	NA	NA	NA	NA	NA	NA	4165314
8	3737381	3740002	DEL	2622	69	1.587922	69	0	0.0	mappable	NA	NA	NA	NA	inf	0.20482285685	0.17611134	inf	3737381	3737429	3739974	3740030	NA	missing	281227.0	NA	0.7861	NA	NA	NA	NA	NA	NA	NA	NA	NA	NA	4165314
8	3740002	6919904	NA	3179906	98896	2.007372	98718	1478	3856.0	mappable	0.07825	5.0	NA	0.00208731498	0.00060386473	0.03485642037	0.09259022	0.09319409	3739974	3740030	6919904	6919904	0.18059222	1	372873.5	19.41504	0.9937484	NA	NA	0.0	1.0036859	1.003686	1	1	1:1	2	neutral	4165314
8	8100000	11859977	NA	3759978	78191	2.007372	77801	1468	3012.0	mappable	0.081175	5.0	self	0.00332324638	0.00053821313	0.00697714315	0.09156548	0.09210369	8100000	8100000	11859977	11859977	0.16182799	1	372873.5	19.41504	0.9937484	NA	NA	0.0	1.0036859	1.003686	1	1	1:1	2	neutral	4165314
8	12580042	16741749	NA	4161708	96899	2.007372	96677	1535	3768.0	mappable	0.081175	5.0	NA	0.00039824638	0.00056915196	0.02097714315	0.09095563	0.09152478	12580042	12580042	16741732	16741749	0.17530066	1	372873.5	19.41504	0.9937484	NA	NA	0.0	1.0036859	1.003686	1	1	1:1	2	neutral	4165314
8	16741750	16743421	DEL	1672	30	1.750936	30	0	0.0	mappable	NA	NA	NA	NA	inf	0.12412285685	0.18678742	inf	16741750	16741862	16743383	16743421	NA	missing	303051.2	NA	0.8668	NA	NA	NA	NA	NA	NA	NA	NA	NA	NA	4165314
8	16743422	20999988	DEL	4256568	87113	2.007372	86812	1420	3385.0	mappable	0.081175	5.0	NA	0.00169333644	0.00058105752	0.00147602277	0.09082133	0.09140239	16743422	16743423	20999974	21000002	0.1644334	1	372873.5	19.41504	0.9937484	NA	NA	0.0	1.0036859	1.003686	1	1	1:1	2	neutral	4165314
8	20999988	21020024	NA	20037	363	2.322077	362	7	16.0	mappable	0.076697903	3.0	identical	0.00447516632	0.125	0.14247714315	0.1399543	0.2649543	20999974	21000002	21019970	21020024	NA	missing	417517.3	21.843	1.1495429	NA	NA	NA	NA	NA	NA	NA	NA	NA	NA	4165314
8	21020025	43082198	NA	22062178	311869	2.007372	310981	4409	12215.0	mappable	0.081175	5.0	self	0.00071410441	0.00018878611	0.0028043735	0.08198377	0.08217256	21020025	21020079	43082196	43082198	0.16080209	1	372873.5	19.41504	0.9937484	NA	NA	0.0	1.0036859	1.003686	1	1	1:1	2	neutral	4165314
8	43082199	43150001	NA	67803	2000	2.65832	1978	6	74.0	mappable	0.109003252	NA	identical	0.65531491304	0.03571428571	0.32507714315	0.12461788	0.16033216	43082199	43082201	43149947	43150055	NA	missing	498020.4	27.11444	1.316	NA	NA	NA	NA	NA	NA	NA	NA	NA	NA	4165314
8	43150001	43755034	NA	605034	11252	2.007372	11249	18	435.0	mappable	0.122125	5.0	self	0.04134824638	0.04761904762	0.05972285685	0.10413056	0.15174961	43149947	43150055	43749993	43755034	NA	missing	372873.5	19.41504	0.9937484	NA	NA	NA	NA	NA	NA	NA	NA	NA	NA	4165314
8	43755035	43789991	NA	34957	1500	2.322077	1489	14	65.0	mappable	0.0362	3.0	NA	0.03862675362	0.04	0.11257714315	0.13250918	0.17250918	43755035	43760076	43789991	43789991	NA	missing	417517.3	21.843	1.1495429	NA	NA	NA	NA	NA	NA	NA	NA	NA	NA	4165314
8	46880007	63029982	NA	16149979	222264	2.007372	221719	3404	8613.0	mappable	0.07825	5.0	self	0.00182632031	0.00025322867	0.00744781452	0.08352464	0.08377787	46880007	46880007	63029913	63029982	0.14466375	1	372873.5	19.41504	0.9937484	NA	NA	0.0	1.0036859	1.003686	1	1	1:1	2	neutral	4165314
8	63029983	63060062	NA	30080	527	2.322077	518	0	20.0	mappable	NA	3.0	identical	0.03130175362	0.11111111111	0.16897714315	0.13444007	0.24555118	63029983	63030052	63059999	63060062	NA	missing	417517.3	NA	1.1495429	NA	NA	NA	NA	NA	NA	NA	NA	NA	NA	4165314
8	63060063	77580054	NA	14519992	191970	2.007372	191514	2587	7397.0	mappable	0.075325	5.0	self	0.00313691629	0.00032862307	0.00377558874	0.0840635	0.08439213	63060063	63060126	77579999	77580054	0.17352973	1	372873.5	19.41504	0.9937484	NA	NA	0.0	1.0036859	1.003686	1	1	1:1	2	neutral	4165314
8	77580055	77630007	NA	49953	584	2.322077	576	0	21.0	mappable	NA	3.0	identical	0.00093998892	0.125	0.15407714315	0.12813709	0.25313709	77580055	77580110	77629962	77630052	NA	missing	417517.3	NA	1.1495429	NA	NA	NA	NA	NA	NA	NA	NA	NA	NA	4165314
8	77630007	103229994	NA	25599993	332895	2.007372	332161	4439	13166.0	mappable	0.081175	5.0	self	0.00069227305	0.00019331142	0.00188416879	0.08126897	0.08146228	77629962	77630052	103229919	103230069	0.15337317	1	372873.5	19.41504	0.9937484	NA	NA	0.0	1.0036859	1.003686	1	1	1:1	2	neutral	4165314
8	103229994	103260001	NA	30008	415	2.324212	414	0	17.0	mappable	NA	NA	identical	0.54885287601	1.0	0.15967714315	0.13447132	1.13447132	103229919	103230069	103259974	103260001	NA	missing	417816.2	NA	1.1506	NA	NA	NA	NA	NA	NA	NA	NA	NA	NA	4165314
8	103260002	121982984	NA	18722983	251748	2.007372	251171	3421	9821.0	mappable	0.07825	5.0	NA	0.00252675362	0.00025012506	0.00137714315	0.08278726	0.08303738	103260002	103260029	121982930	121982984	0.16881967	1	372873.5	19.41504	0.9937484	NA	NA	0.0	1.0036859	1.003686	1	1	1:1	2	neutral	4165314
8	121982985	121987071	INV	4087	75	1.686902	75	0	1.0	mappable	NA	NA	NA	NA	inf	0.15582285685	0.16671075	inf	121982985	121983079	121987063	121987071	NA	missing	290577.8	NA	0.8351	NA	NA	NA	NA	NA	NA	NA	NA	NA	NA	4165314
8	121987072	121991019	INV	3948	75	1.711546	74	0	1.0	mappable	NA	NA	NA	0.01013233729	1.0	0.14362285685	0.16740736	1.16740736	121987072	121987170	121991002	121991019	NA	missing	299672.2	NA	0.8473	NA	NA	NA	NA	NA	NA	NA	NA	NA	NA	4165314
8	121991020	121991578	INV	559	7	1.789316	7	0	0.0	mappable	NA	NA	NA	NA	inf	0.10512285685	0.21913715	inf	121991020	121991121	121991553	121991578	NA	missing	327966.0	NA	0.8858	NA	NA	NA	NA	NA	NA	NA	NA	NA	NA	4165314
8	121991579	146289988	INV	24298414	367061	2.007372	365771	5686	14045.0	mappable	0.081175	5.0	edge	0.00238638538	0.00014334862	0.00958247419	0.08151833	0.08166168	121991579	121991587	146289988	146289988	0.15601982	1	372873.5	19.41504	0.9937484	NA	NA	0.0	1.0036859	1.003686	1	1	1:1	2	neutral	4165314
9	200101	11152962	NA	10952865	212017	2.007372	211604	2821	8155.0	mappable	0.081175	5.0	edge	0.00169864836	0.00030921459	0.00218575001	0.08552562	0.08583484	200101	200101	11152906	11152962	0.16549793	1	372873.5	19.41504	0.9937484	NA	NA	0.0	1.0036859	1.003686	1	1	1:1	2	neutral	4165314
9	11152963	11161161	DEL	8199	166	1.283104	165	0	7.0	mappable	NA	NA	identical	0.71922324638	1.0	0.35572285685	0.15383157	1.15383157	11152963	11152969	11161055	11161161	NA	missing	221838.8	NA	0.6352	NA	NA	NA	NA	NA	NA	NA	NA	NA	NA	4165314
9	11161162	33645001	DEL	22483844	364299	2.007372	363539	5586	14084.0	mappable	0.081175	5.0	self	0.00054903438	0.00015757958	3.444691e-05	0.08189208	0.08204966	11161162	11161180	33479993	33645001	0.16608062	1	372873.5	19.41504	0.9937484	NA	NA	0.0	1.0036859	1.003686	1	1	1:1	2	neutral	4165314
9	33645002	33850021	NA	205020	366	2.322077	365	2	17.0	mappable	0.0	3.0	identical	0.08170175362	0.33333333333	0.15227714315	0.11334395	0.44667729	33645002	33810010	33849997	33850021	NA	missing	417517.3	21.843	1.1495429	NA	NA	NA	NA	NA	NA	NA	NA	NA	NA	4165314
9	33850022	38769828	NA	4919808	56404	2.007372	56222	743	2151.0	mappable	0.075325	5.0	self	0.00611189262	0.00108108108	0.00453491628	0.08996782	0.0910489	33850022	33850046	38769828	38769828	0.18466811	1	372873.5	19.41504	0.9937484	NA	NA	0.0	1.0036859	1.003686	1	1	1:1	2	neutral	4165314
9	66840048	66849972	NA	9925	540	1.073832	535	0	18.0	mappable	NA	NA	NA	0.02607675362	0.2	0.45932285685	0.15063813	0.35063813	66840048	66840048	66849972	66849972	NA	missing	365803.3	NA	0.5316	NA	NA	NA	NA	NA	NA	NA	NA	NA	NA	4165314
9	68410004	68419976	NA	9973	1130	1.927282	1027	0	35.0	mappable	NA	NA	NA	0.6403970382	0.00970873786	0.03682285685	0.15055919	0.16026793	68410004	68410004	68419976	68419976	NA	missing	2587146.0	NA	0.9541	NA	NA	NA	NA	NA	NA	NA	NA	NA	NA	4165314
9	71030093	114355022	NA	43324931	582531	2.007372	580955	8651	22596.0	mappable	0.081175	5.0	self	0.00089933174	9.778039e-05	0.00040737073	0.07883733	0.07893511	71030093	71030093	114349889	114355022	0.16791641	1	372873.5	19.41504	0.9937484	NA	NA	0.0	1.0036859	1.003686	1	1	1:1	2	neutral	4165314
9	114355023	114399985	NA	44963	445	2.322077	441	4	15.0	mappable	0.007462687	3.0	identical	0.06101554673	0.125	0.16367714315	0.12939581	0.25439581	114355023	114360156	114399968	114399985	NA	missing	417517.3	21.843	1.1495429	NA	NA	NA	NA	NA	NA	NA	NA	NA	NA	4165314
9	114399986	132979980	NA	18579997	247347	2.007372	246508	3338	9576.0	mappable	0.081175	5.0	self	0.00153412419	0.00023940627	0.00598067926	0.08282518	0.08306458	114399986	114400003	132979925	132980035	0.1718703	1	372873.5	19.41504	0.9937484	NA	NA	0.0	1.0036859	1.003686	1	1	1:1	2	neutral	4165314
9	132979980	133044949	NA	64970	886	2.322077	884	4	26.0	mappable	0.041210665	3.0	identical	0.01964598439	0.16666666667	0.12557714315	0.12509784	0.29176451	132979925	132980035	133039875	133044949	NA	missing	417517.3	21.843	1.1495429	NA	NA	NA	NA	NA	NA	NA	NA	NA	NA	4165314
9	133044950	139519959	NA	6475010	96148	2.007372	95623	1445	3650.0	mappable	0.0724	5.0	self	0.00746213433	0.00050761421	0.0022815395	0.08839212	0.08889974	133044950	133050024	139519914	139520004	0.18065003	1	372873.5	19.41504	0.9937484	NA	NA	0.0	1.0036859	1.003686	1	1	1:1	2	neutral	4165314
9	139519959	139544937	NA	24979	406	2.322077	398	9	15.0	mappable	0.104903205	3.0	identical	0.01498695605	0.05882352941	0.15017714315	0.13690727	0.1957308	139519914	139520004	139539856	139544937	NA	missing	417517.3	21.843	1.1495429	NA	NA	NA	NA	NA	NA	NA	NA	NA	NA	4165314
9	139544938	141019791	NA	1474854	18944	2.007372	18764	262	758.0	mappable	0.0724	5.0	edge	0.00545175362	0.00226244344	0.01047714315	0.09759839	0.09986084	139544938	139550019	141019791	141019791	0.21511344	1	372873.5	19.41504	0.9937484	NA	NA	0.0	1.0036859	1.003686	1	1	1:1	2	neutral	4165314
10	130013	21750020	NA	21620009	350172	2.007372	348653	5630	13404.0	mappable	0.07825	5.0	edge	0.00227192827	0.0001398797	0.02020154373	0.08208205	0.08222193	130013	130013	21749980	21750020	0.18282173	1	372873.5	19.41504	0.9937484	NA	NA	0.0	1.0036859	1.003686	1	1	1:1	2	neutral	4165314
10	21750021	21870050	NA	120030	989	2.320654	985	0	39.0	mappable	NA	1.0	identical	0.26298670792	0.25	0.16187714315	0.11853232	0.36853232	21750021	21750061	21849983	21890117	NA	missing	452365.0	NA	1.1488386	NA	NA	NA	NA	NA	NA	NA	NA	NA	NA	4165314
10	21870050	39149984	NA	17279937	224325	2.007372	223498	3064	8678.0	mappable	0.07825	5.0	self	2.667051e-05	0.00025700334	0.01384345275	0.0831857	0.0834427	21849983	21890117	39149984	39149984	0.15035781	1	372873.5	19.41504	0.9937484	NA	NA	0.0	1.0036859	1.003686	1	1	1:1	2	neutral	4165314
10	42410000	45630147	NA	3220148	37877	2.007372	37719	364	1448.0	mappable	0.0724	5.0	self	0.00837675362	0.00191570881	0.00527714315	0.09251252	0.09442823	42410000	42410000	45589989	45670305	0.22278492	1	372873.5	19.41504	0.9937484	NA	NA	0.0	1.0036859	1.003686	1	1	1:1	2	neutral	4165314
10	45630147	45730041	NA	99895	772	2.322077	768	23	35.0	mappable	0.074535714	3.0	identical	0.00224818219	0.03703703704	0.20807714315	0.12042299	0.15746002	45589989	45670305	45729907	45730175	NA	missing	417517.3	21.843	1.1495429	NA	NA	NA	NA	NA	NA	NA	NA	NA	NA	4165314
10	45730041	46159967	NA	429927	4494	2.007372	4492	57	193.0	mappable	0.112360714	5.0	self	0.04014110352	0.01694915254	0.00352285685	0.10687339	0.12382254	45729907	45730175	46159967	46159967	0.06739941	1	372873.5	19.41504	0.9937484	NA	NA	0.0	1.0036859	1.003686	1	1	1:1	2	neutral	4165314
10	48310177	48659961	NA	349786	5471	2.007372	5460	69	234.0	mappable	0.063625	5.0	self	0.02131368511	0.0125	0.00277558944	0.10860055	0.12110055	48310177	48310177	48659961	48659961	0.08749472	1	372873.5	19.41504	0.9937484	NA	NA	0.0	1.0036859	1.003686	1	1	1:1	2	neutral	4165314
10	49390096	91579939	NA	42189847	569724	2.007372	568360	8672	22263.0	mappable	0.081175	5.0	self	0.00157308446	9.964129e-05	0.00262020995	0.07895653	0.07905618	49390096	49390096	91579812	91580066	0.15238899	1	372873.5	19.41504	0.9937484	NA	NA	0.0	1.0036859	1.003686	1	1	1:1	2	neutral	4165314
10	91579939	91600141	NA	20203	359	2.322077	358	8	22.0	mappable	0.120113899	3.0	identical	0.03933714581	0.11111111111	0.14557714315	0.13983783	0.25094894	91579812	91580066	91599997	91600141	NA	missing	417517.3	21.843	1.1495429	NA	NA	NA	NA	NA	NA	NA	NA	NA	NA	4165314
10	91600142	102124844	NA	10524705	131364	2.007372	130931	1785	5161.0	mappable	0.0724	5.0	self	0.0058803492	0.00045085663	8.929869e-05	0.08573654	0.0861874	91600142	91600286	102119689	102124844	0.200234	1	372873.5	19.41504	0.9937484	NA	NA	0.0	1.0036859	1.003686	1	1	1:1	2	neutral	4165314
10	102124845	102209995	NA	85151	691	2.322077	689	1	26.0	mappable	0.028571428	3.0	identical	0.04935538923	0.33333333333	0.13437714315	0.122117	0.45545034	102124845	102130000	102199935	102209995	NA	missing	417517.3	21.843	1.1495429	NA	NA	NA	NA	NA	NA	NA	NA	NA	NA	4165314
10	102209996	135439925	NA	33229931	487018	2.007372	485145	7671	18845.0	mappable	0.07825	5.0	edge	0.00252675362	0.00010477787	0.0001914531	0.08004489	0.08014967	102209996	102220056	135439925	135439925	0.16183095	1	372873.5	19.41504	0.9937484	NA	NA	0.0	1.0036859	1.003686	1	1	1:1	2	neutral	4165314
11	190010	43165056	NA	42975052	612461	2.007372	610154	10366	23927.0	mappable	0.07825	5.0	edge	0.00369430261	7.890791e-05	0.0037735373	0.0788737	0.0789526	190010	190010	43159976	43165056	0.18247088	1	372873.5	19.41504	0.9937484	NA	NA	0.0	1.0036859	1.003686	1	1	1:1	2	neutral	4165314
11	43165057	43200083	NA	35027	467	2.322077	466	30	19.0	mappable	0.061772222	3.0	identical	0.0190045314	0.03225806452	0.22637714315	0.13248385	0.16474191	43165057	43170137	43199996	43200170	NA	missing	417517.3	21.843	1.1495429	NA	NA	NA	NA	NA	NA	NA	NA	NA	NA	4165314
11	43200083	48899996	NA	5699916	67476	2.007372	67077	721	2618.0	mappable	0.0724	5.0	NA	0.00837675362	0.00089285714	0.00910095128	0.08911659	0.09000945	43199996	43200170	48899996	48899996	0.17220289	1	372873.5	19.41504	0.9937484	NA	NA	0.0	1.0036859	1.003686	1	1	1:1	2	neutral	4165314
11	48899997	50170092	NA	1270096	0	0.0	0	0	NA	mappable	NA	NA	NA	NA	inf	0.99092285685	0.09863632	inf	48899997	48899997	50170092	50170092	NA	missing	NA	NA	0.0	NA	NA	0.0	0.0	0.0	0	0	NA	0	homozygousDel	4165314
11	50170093	51469986	NA	1299895	17413	2.007372	17297	386	650.0	mappable	0.069475	5.0	NA	0.00545175362	0.00199203187	0.03272285685	0.09847383	0.10046587	50170093	50170093	51369973	51469986	0.13223726	1	372873.5	19.41504	0.9937484	NA	NA	0.0	1.0036859	1.003686	1	1	1:1	2	neutral	4165314
11	51469987	51579984	NA	109998	1138	3.01586	1123	0	46.0	mappable	NA	NA	NA	0.03964389855	0.06666666667	0.50207714315	0.11942353	0.1860902	51469987	51570000	51579984	51579984	NA	missing	480792.0	NA	1.493	NA	NA	NA	NA	NA	NA	NA	NA	NA	NA	4165314
11	54793872	89349940	NA	34556069	448234	2.007372	446716	6453	17419.0	mappable	0.075325	5.0	self	0.00545175362	0.00012545477	0.00062285685	0.07986444	0.07998989	54793872	54793872	89349940	89349940	0.18153053	1	372873.5	19.41504	0.9937484	NA	NA	0.0	1.0036859	1.003686	1	1	1:1	2	neutral	4165314
11	89850068	91482239	NA	1632172	24650	2.007372	24610	122	1038.0	mappable	0.060491667	5.0	self	0.02300175362	0.00617283951	0.00132285685	0.09690692	0.10307976	89850068	89850068	91482222	91482239	0.16474361	1	372873.5	19.41504	0.9937484	NA	NA	0.0	1.0036859	1.003686	1	1	1:1	2	neutral	4165314
11	91482240	91489594	ITX	7355	147	1.34936	147	1	6.0	mappable	0.777777778	NA	NA	0.69700102416	1.0	0.32292285685	0.15570855	1.15570855	91482240	91482271	91489440	91489594	NA	missing	210243.0	18.68827	0.668	NA	NA	NA	NA	NA	NA	NA	NA	NA	NA	4165314
11	91489595	91489785	DEL	191	4	1.34936	4	0	1.0	mappable	NA	NA	NA	NA	inf	0.32292285685	0.26394177	inf	91489595	91489637	91489713	91489785	NA	missing	210243.0	NA	0.668	NA	NA	NA	NA	NA	NA	NA	NA	NA	NA	4165314
11	91489786	105440094	ITX	13950310	199894	2.007372	199403	2961	7532.0	mappable	0.075325	5.0	NA	0.00615504157	0.00028968714	0.00056555101	0.08426803	0.08455771	91489786	91489826	105439937	105440251	0.17101385	1	372873.5	19.41504	0.9937484	NA	NA	0.0	1.0036859	1.003686	1	1	1:1	2	neutral	4165314
11	105440094	105490043	NA	49950	611	2.322077	609	7	20.0	mappable	0.089796739	3.0	identical	0.0140775942	0.11111111111	0.13327714315	0.1281378	0.23924891	105439937	105440251	105489998	105490043	NA	missing	417517.3	21.843	1.1495429	NA	NA	NA	NA	NA	NA	NA	NA	NA	NA	4165314
11	105490044	134569965	NA	29079924	420456	2.007372	419250	5963	16232.0	mappable	0.0841	5.0	NA	0.00301107378	0.00013948947	0.01001650184	0.08066624	0.08080573	105490044	105490089	134569865	134569965	0.16597881	1	372873.5	19.41504	0.9937484	NA	NA	0.0	1.0036859	1.003686	1	1	1:1	2	neutral	4165314
11	134569966	134599991	NA	30026	540	2.326838	540	0	19.0	mappable	NA	NA	NA	NA	inf	0.16097714315	0.1344635	inf	134569966	134570066	134599973	134599991	NA	missing	437614.4	NA	1.1519	NA	NA	NA	NA	NA	NA	NA	NA	NA	NA	4165314
11	134599992	134939862	NA	339871	5336	2.007372	5282	93	191.0	mappable	0.062405645	5.0	edge	0.02228727994	0.00680272109	0.00222285685	0.10884574	0.11564846	134599992	134600010	134939862	134939862	0.20109437	1	372873.5	19.41504	0.9937484	NA	NA	0.0	1.0036859	1.003686	1	1	1:1	2	neutral	4165314
12	160107	7820084	NA	7659980	109463	2.007372	108952	1660	4180.0	mappable	0.075325	5.0	edge	0.00270459793	0.00046061723	0.00556443985	0.08745498	0.0879156	160107	160107	7769951	7870217	0.19586953	1	372873.5	19.41504	0.9937484	NA	NA	0.0	1.0036859	1.003686	1	1	1:1	2	neutral	4165314
12	7820084	8185921	NA	365838	903	2.477732	901	26	38.0	mappable	0.064775	NA	identical	0.02570175362	0.03571428571	0.23567714315	0.10822016	0.14393444	7769951	7870217	8185918	8185924	NA	missing	474217.1	26.14656	1.2266	NA	NA	NA	NA	NA	NA	NA	NA	NA	NA	4165314
12	8185921	26970005	NA	18784085	252718	2.007372	252052	3661	9790.0	mappable	0.075325	5.0	self	0.00441546405	0.000231107	0.00274215554	0.08277115	0.08300226	8185918	8185924	26969975	26970005	0.17052073	1	372873.5	19.41504	0.9937484	NA	NA	0.0	1.0036859	1.003686	1	1	1:1	2	neutral	4165314
12	26970006	26999959	NA	29954	432	2.322077	427	2	20.0	mappable	0.444980695	3.0	identical	0.04774718985	0.14285714286	0.16617714315	0.13449482	0.27735196	26970006	26970036	26999897	26999959	NA	missing	417517.3	21.843	1.1495429	NA	NA	NA	NA	NA	NA	NA	NA	NA	NA	4165314
12	26999960	29944310	NA	2944351	39384	2.007372	39242	664	1622.0	mappable	0.0724	5.0	NA	0.00545175362	0.00124069479	0.00512285685	0.09306863	0.09430932	26999960	27000022	29944287	29944310	0.17556696	1	372873.5	19.41504	0.9937484	NA	NA	0.0	1.0036859	1.003686	1	1	1:1	2	neutral	4165314
12	29944311	29944736	DEL	426	13	2.480762	13	0	1.0	mappable	NA	NA	NA	NA	inf	0.23717714315	0.22897155	inf	29944311	29944337	29944736	29944736	NA	missing	436257.8	NA	1.2281	NA	NA	NA	NA	NA	NA	NA	NA	NA	NA	4165314
12	29944737	29945768	DEL	1032	39	2.480762	39	0	3.0	mappable	NA	NA	NA	NA	inf	0.23717714315	0.19977571	inf	29944737	29944747	29945742	29945768	NA	missing	436257.8	NA	1.2281	NA	NA	NA	NA	NA	NA	NA	NA	NA	NA	4165314
12	29945769	34819969	DEL	4874203	64469	2.007372	64277	1408	2471.0	mappable	0.07825	5.0	NA	0.00371503487	0.000625	0.00249498919	0.09002223	0.09064723	29945769	29945777	34819969	34819969	0.14931626	1	372873.5	19.41504	0.9937484	NA	NA	0.0	1.0036859	1.003686	1	1	1:1	2	neutral	4165314
12	38000003	40533409	NA	2533407	39904	2.007372	39757	674	1531.0	mappable	0.08995	5.0	NA	0.00624824638	0.0012180268	0.01737714315	0.09401745	0.09523547	38000003	38000003	40533351	40533409	0.16060692	1	372873.5	19.41504	0.9937484	NA	NA	0.0	1.0036859	1.003686	1	1	1:1	2	neutral	4165314
12	40533410	40539840	DEL	6431	96	1.481872	96	0	2.0	mappable	NA	NA	NA	NA	inf	0.25732285685	0.15809243	inf	40533410	40533435	40539825	40539840	NA	missing	250996.7	NA	0.7336	NA	NA	NA	NA	NA	NA	NA	NA	NA	NA	4165314
12	40539841	49559964	DEL	9020125	120991	2.007372	120650	2009	4614.0	mappable	0.081175	5.0	NA	0.00094839531	0.00042553191	0.00037455987	0.08656241	0.08698795	40539841	40539864	49559924	49559964	0.15936444	1	372873.5	19.41504	0.9937484	NA	NA	0.0	1.0036859	1.003686	1	1	1:1	2	neutral	4165314
12	49559965	49589997	NA	30033	399	2.43511	399	0	15.0	mappable	NA	NA	NA	NA	inf	0.21457714315	0.13446046	inf	49559965	49560005	49589975	49589997	NA	missing	447302.7	NA	1.2055	NA	NA	NA	NA	NA	NA	NA	NA	NA	NA	4165314
12	49589998	114979976	NA	65389987	853304	2.007372	850713	12706	33119.0	mappable	0.07825	5.0	NA	0.00242150318	6.53723e-05	0.00018244511	0.07703399	0.07709936	49589998	49590020	114969931	114979976	0.16464235	1	372873.5	19.41504	0.9937484	NA	NA	0.0	1.0036859	1.003686	1	1	1:1	2	neutral	4165314
12	114979977	115030036	NA	50060	575	2.291892	573	14	28.0	mappable	0.187692949	NA	identical	0.10866811817	0.0625	0.14367714315	0.12811175	0.19061175	114979977	114990022	115029970	115030036	NA	missing	373965.0	19.17769	1.1346	NA	NA	NA	NA	NA	NA	NA	NA	NA	NA	4165314
12	115030037	128559975	NA	13529943	185242	2.007372	184493	3135	7157.0	mappable	0.07825	5.0	self	0.00459850311	0.00025746653	0.01149663387	0.08442505	0.08468251	115030037	115030103	128559929	128560021	0.1571878	1	372873.5	19.41504	0.9937484	NA	NA	0.0	1.0036859	1.003686	1	1	1:1	2	neutral	4165314
12	128559975	128599953	NA	39979	852	2.30497	838	5	33.0	mappable	0.580379365	2.0	identical	0.6524454686	0.05263157895	0.13347714315	0.1308305	0.18346208	128559929	128560021	128599901	128599953	NA	missing	282176.2	16.00311	1.1410741	NA	NA	NA	NA	NA	NA	NA	NA	NA	NA	4165314
12	128599954	133819926	NA	5219976	81193	2.007372	80605	1291	3109.0	mappable	0.07825	5.0	edge	0.00048766995	0.00053219798	0.02029895168	0.08962336	0.09015555	128599954	128600006	133819926	133819926	0.19837012	1	372873.5	19.41504	0.9937484	NA	NA	0.0	1.0036859	1.003686	1	1	1:1	2	neutral	4165314
13	19450038	24949952	NA	5499916	69263	2.007372	69006	1047	2669.0	mappable	0.081175	5.0	edge	0.00152633184	0.00076687117	0.02810698737	0.08932169	0.09008856	19450038	19450038	24879896	25020008	0.19621164	1	372873.5	19.41504	0.9937484	NA	NA	0.0	1.0036859	1.003686	1	1	1:1	2	neutral	4165314
13	24949952	25100034	NA	150083	979	2.322077	977	5	33.0	mappable	0.0439	3.0	identical	0.03687675362	0.14285714286	0.18457714315	0.11631017	0.25916731	24879896	25020008	25099960	25100034	NA	missing	417517.3	21.843	1.1495429	NA	NA	NA	NA	NA	NA	NA	NA	NA	NA	4165314
13	25100035	88250013	NA	63149988	869286	2.007372	867015	13946	33731.0	mappable	0.081175	5.0	self	0.000851374	6.166369e-05	0.00649719317	0.07718348	0.07724515	25100035	25100109	88249981	88250013	0.16345905	1	372873.5	19.41504	0.9937484	NA	NA	0.0	1.0036859	1.003686	1	1	1:1	2	neutral	4165314
13	88250014	88259979	NA	9966	405	2.322077	404	2	21.0	mappable	0.103678929	3.0	identical	0.02156363099	0.33333333333	0.20687714315	0.15057068	0.48390401	88250014	88250046	88259929	88260029	NA	missing	417517.3	21.843	1.1495429	NA	NA	NA	NA	NA	NA	NA	NA	NA	NA	4165314
13	88259979	115099984	NA	26840008	399740	2.007372	397989	6333	15542.0	mappable	0.081175	5.0	edge	0.00225296558	0.00012370114	0.02142899861	0.08104423	0.08116793	88259929	88260029	115099984	115099984	0.15190254	1	372873.5	19.41504	0.9937484	NA	NA	0.0	1.0036859	1.003686	1	1	1:1	2	neutral	4165314
14	20330060	22469965	NA	2139906	30257	2.007372	30171	569	1131.0	mappable	0.087025	5.0	edge	0.00332324638	0.00152671756	0.01077714315	0.09510623	0.09663295	20330060	20330060	22469875	22469965	0.25309886	1	372873.5	19.41504	0.9937484	NA	NA	0.0	1.0036859	1.003686	1	1	1:1	2	neutral	4165314
14	22469966	22959965	NA	490000	7965	2.322077	7952	140	318.0	mappable	0.068478846	3.0	identical	0.00660175362	0.00653594771	0.19327714315	0.10580655	0.11234249	22469966	22470056	22959908	22959965	0.15553692	1	417517.3	21.843	1.1495429	NA	NA	0.0	1.1610383	1.161038	1	1	1:1	2	neutral	4165314
14	22959966	48130084	NA	25170122	335967	2.007372	335119	4914	13088.0	mappable	0.07825	5.0	self	0.00250483065	0.00017355085	0.00315752843	0.08134973	0.08152328	22959966	22960023	48129986	48130182	0.16403853	1	372873.5	19.41504	0.9937484	NA	NA	0.0	1.0036859	1.003686	1	1	1:1	2	neutral	4165314
14	48130084	48160037	NA	29954	534	2.351684	534	1	20.0	mappable	0.2	NA	identical	0.11922324638	1.0	0.17327714315	0.13449482	1.13449482	48129986	48130182	48159955	48160037	NA	missing	412562.0	24.75372	1.1642	NA	NA	NA	NA	NA	NA	NA	NA	NA	NA	4165314
14	48160038	59090096	NA	10930060	149057	2.007372	148679	2128	5811.0	mappable	0.08995	5.0	self	0.00924911429	0.0003990423	0.00049403901	0.08553662	0.08593566	48160038	48160120	59089901	59090096	0.15370344	1	372873.5	19.41504	0.9937484	NA	NA	0.0	1.0036859	1.003686	1	1	1:1	2	neutral	4165314
14	59090097	59129917	NA	39821	540	2.322077	528	0	23.0	mappable	NA	3.0	identical	0.02176805797	0.08333333333	0.14537714315	0.13087942	0.21421275	59090097	59090292	59129808	59130026	NA	missing	417517.3	NA	1.1495429	NA	NA	NA	NA	NA	NA	NA	NA	NA	NA	4165314
14	59129917	107259908	NA	48129999	674641	2.007372	672646	9803	26102.0	mappable	0.081175	5.0	edge	0.00086792227	8.476013e-05	0.00147652094	0.07836858	0.07845334	59129808	59130026	107259908	107259908	0.16390195	1	372873.5	19.41504	0.9937484	NA	NA	0.0	1.0036859	1.003686	1	1	1:1	2	neutral	4165314
15	20850000	20859924	NA	9925	162	2.50177	151	0	7.0	mappable	NA	NA	edge	0.37622742831	0.09090909091	0.24757714315	0.15063813	0.24154722	20850000	20850000	20859924	20859924	NA	missing	652946.0	NA	1.2385	NA	NA	NA	NA	NA	NA	NA	NA	NA	NA	4165314
15	22480079	23069956	NA	589878	3987	2.007372	3972	76	175.0	mappable	0.111692391	5.0	self	0.03838435749	0.01098901099	0.07027714315	0.10432937	0.11531838	22480079	22480079	23069956	23069956	0.14492474	1	372873.5	19.41504	0.9937484	NA	NA	0.0	1.0036859	1.003686	1	1	1:1	2	neutral	4165314
15	23710146	24329926	NA	619781	10043	2.007372	10026	126	410.0	mappable	0.087025	5.0	NA	0.01209824638	0.00699300699	0.05467714315	0.10394255	0.11093555	23710146	23710146	24329926	24329926	0.15652174	1	372873.5	19.41504	0.9937484	NA	NA	0.0	1.0036859	1.003686	1	1	1:1	2	neutral	4165314
15	24329927	24830091	NA	500165	0	0.0	0	0	NA	mappable	NA	NA	NA	NA	inf	0.99092285685	0.10564099	inf	24329927	24329927	24830091	24830091	NA	missing	NA	NA	0.0	NA	NA	0.0	0.0	0.0	0	0	NA	0	homozygousDel	4165314
15	24830092	28529988	NA	3699897	56194	2.007372	56021	898	2221.0	mappable	0.06655	5.0	NA	0.01422675362	0.00093370682	0.02267714315	0.091663	0.09259671	24830092	24830092	28529988	28529988	0.16694972	1	372873.5	19.41504	0.9937484	NA	NA	0.0	1.0036859	1.003686	1	1	1:1	2	neutral	4165314
15	29100034	30369914	NA	1269881	17963	2.007372	17919	120	719.0	mappable	0.069475	5.0	self	0.02007675362	0.00609756098	0.02617714315	0.09863751	0.10473507	29100034	29100034	30369914	30369914	0.29911527	1	372873.5	19.41504	0.9937484	NA	NA	0.0	1.0036859	1.003686	1	1	1:1	2	neutral	4165314
15	31160110	44930016	NA	13769909	170875	2.007372	170404	2230	6379.0	mappable	0.075325	5.0	self	0.00837675362	0.00037023325	0.00434468843	0.08433475	0.08470499	31160110	31160110	44929981	44930051	0.17081473	1	372873.5	19.41504	0.9937484	NA	NA	0.0	1.0036859	1.003686	1	1	1:1	2	neutral	4165314
15	44930016	44959993	NA	29978	416	2.322077	415	0	15.0	mappable	NA	3.0	identical	0.0038536767	1.0	0.16407714315	0.13448437	1.13448437	44929981	44930051	44959959	44959993	NA	missing	417517.3	NA	1.1495429	NA	NA	NA	NA	NA	NA	NA	NA	NA	NA	4165314
15	44959994	82479795	NA	37519804	506311	2.007372	504638	7013	19710.0	mappable	0.07825	5.0	self	0.00235366474	0.00011512779	0.00533146342	0.07948763	0.07960275	44959994	44960028	82479795	82479795	0.17093859	1	372873.5	19.41504	0.9937484	NA	NA	0.0	1.0036859	1.003686	1	1	1:1	2	neutral	4165314
15	83211507	102399920	NA	19188420	291160	2.007372	290311	4309	11279.0	mappable	0.07825	5.0	edge	0.00066170464	0.00019387359	0.00134532319	0.08266604	0.08285991	83211507	83211507	102399920	102399920	0.1643805	1	372873.5	19.41504	0.9937484	NA	NA	0.0	1.0036859	1.003686	1	1	1:1	2	neutral	4165314
16	100010	3179955	NA	3079946	45300	2.007372	44986	598	1797.0	mappable	0.07825	5.0	edge	0.00545175362	0.00109649123	0.01567714315	0.09278816	0.09388465	100010	100010	3179907	3179955	0.22785109	1	372873.5	19.41504	0.9937484	NA	NA	0.0	1.0036859	1.003686	1	1	1:1	2	neutral	4165314
16	3179956	3250003	NA	70048	1220	2.222808	1206	3	50.0	mappable	0.236266226	NA	identical	0.48852847894	0.05882352941	0.10947714315	0.12425404	0.18307757	3179956	3180004	3249991	3250003	NA	missing	552658.4	33.1595	1.1004	NA	NA	NA	NA	NA	NA	NA	NA	NA	NA	4165314
16	3250004	16289940	NA	13039939	246700	2.007372	245844	3899	9465.0	mappable	0.07825	5.0	self	0.00191201205	0.00021030494	0.0103734877	0.08461513	0.08482544	3250004	3250016	16289940	16289940	0.18200671	1	372873.5	19.41504	0.9937484	NA	NA	0.0	1.0036859	1.003686	1	1	1:1	2	neutral	4165314
16	16870104	18169896	NA	1299793	20174	2.007372	20094	421	760.0	mappable	0.075325	5.0	self	0.00545175362	0.00199600798	0.00272285685	0.09847438	0.10047039	16870104	16870104	18169896	18169896	0.15036924	1	372873.5	19.41504	0.9937484	NA	NA	0.0	1.0036859	1.003686	1	1	1:1	2	neutral	4165314
16	18800044	29039945	NA	10239902	123352	2.007372	122891	1797	4801.0	mappable	0.0841	5.0	self	0.00332324638	0.0004428698	0.00257714315	0.08588225	0.08632512	18800044	18800044	29039945	29039945	0.18787775	1	372873.5	19.41504	0.9937484	NA	NA	0.0	1.0036859	1.003686	1	1	1:1	2	neutral	4165314
16	29670028	31959970	NA	2289943	17269	2.007372	17212	166	695.0	mappable	0.0724	5.0	self	0.00837675362	0.00448430493	0.03747714315	0.09466613	0.09915044	29670028	29670028	31959970	31959970	0.21176727	1	372873.5	19.41504	0.9937484	NA	NA	0.0	1.0036859	1.003686	1	1	1:1	2	neutral	4165314
16	32520030	32649899	NA	129870	3146	2.928798	3006	0	138.0	mappable	NA	NA	NA	0.19096320148	0.00714285714	0.45897714315	0.11773911	0.12488197	32520030	32520030	32649899	32649899	NA	missing	547373.0	NA	1.4499	NA	NA	NA	NA	NA	NA	NA	NA	NA	NA	4165314
16	33590105	34044994	NA	454890	1169	2.593882	1129	0	51.0	mappable	NA	NA	NA	0.62755864568	0.025	0.29317714315	0.10641038	0.13141038	33590105	33590105	33899983	34044994	NA	missing	523354.6	NA	1.2841	NA	NA	NA	NA	NA	NA	NA	NA	NA	NA	4165314
16	34044995	35279959	NA	1234965	14165	2.007372	14153	32	571.0	mappable	0.045405509	5.0	self	0.0295381943	0.02272727273	0.04277714315	0.09883357	0.12156085	34044995	34190006	35279959	35279959	0.19565787	1	372873.5	19.41504	0.9937484	NA	NA	0.0	1.0036859	1.003686	1	1	1:1	2	neutral	4165314
16	46450014	79619997	NA	33169986	475069	2.007372	473591	6736	18547.0	mappable	0.07825	5.0	self	0.00025277252	0.00012174336	0.00530323852	0.08005324	0.08017498	46450014	46450014	79619974	79619997	0.15879019	1	372873.5	19.41504	0.9937484	NA	NA	0.0	1.0036859	1.003686	1	1	1:1	2	neutral	4165314
16	79619998	79639965	NA	19968	358	2.322077	354	0	18.0	mappable	NA	3.0	identical	0.01958863099	0.25	0.16527714315	0.14000306	0.39000306	79619998	79620021	79639883	79639965	NA	missing	417517.3	NA	1.1495429	NA	NA	NA	NA	NA	NA	NA	NA	NA	NA	4165314
16	79639966	85720071	NA	6080109	138727	2.007372	138342	2196	5382.0	mappable	0.0724	5.0	self	0.00811723212	0.00038744673	0.00217149393	0.08874821	0.08913566	79639966	79640048	85719986	85720156	0.15428363	1	372873.5	19.41504	0.9937484	NA	NA	0.0	1.0036859	1.003686	1	1	1:1	2	neutral	4165314
16	85720071	85750073	NA	30003	648	2.255128	647	5	25.0	mappable	0.621268902	NA	identical	0.53190007565	0.16666666667	0.12547714315	0.1344735	0.30114016	85719986	85720156	85749943	85750203	NA	missing	541929.0	30.96737	1.1164	NA	NA	NA	NA	NA	NA	NA	NA	NA	NA	4165314
16	85750073	90109969	NA	4359897	77772	2.007372	77338	1069	3063.0	mappable	0.0724	5.0	edge	0.01451866979	0.00066533599	0.01944065958	0.09067884	0.09134417	85749943	85750203	90109969	90109969	0.21531026	1	372873.5	19.41504	0.9937484	NA	NA	0.0	1.0036859	1.003686	1	1	1:1	2	neutral	4165314
17	20080	6126452	NA	6106373	69404	2.007372	68994	1065	2677.0	mappable	0.07825	5.0	edge	0.00252675362	0.0006779661	0.01467714315	0.08872373	0.08940169	20080	20080	6119998	6126452	0.22322601	1	372873.5	19.41504	0.9937484	NA	NA	0.0	1.0036859	1.003686	1	1	1:1	2	neutral	4165314
17	6126453	6128452	DEL	2000	0	0.0	0	0	NA	mappable	NA	NA	NA	NA	inf	0.99092285685	0.1823855	inf	6126453	6126453	6128452	6128452	NA	missing	NA	NA	0.0	NA	NA	0.0	0.0	0.0	0	0	NA	0	homozygousDel	4165314
17	6128453	18239982	DEL	12111531	158977	2.007372	158538	2279	6239.0	mappable	0.069475	5.0	NA	0.00953192003	0.00036791759	0.00066089128	0.08499832	0.08536623	6128453	6130124	18239982	18239982	0.15831343	1	372873.5	19.41504	0.9937484	NA	NA	0.0	1.0036859	1.003686	1	1	1:1	2	neutral	4165314
17	18750212	22239986	NA	3489776	25480	2.007372	25093	238	1007.0	mappable	0.087991667	5.0	self	0.00357440269	0.0016	0.01711034566	0.09201874	0.09361874	18750212	18750212	22239986	22239986	0.19031236	1	372873.5	19.41504	0.9937484	NA	NA	0.0	1.0036859	1.003686	1	1	1:1	2	neutral	4165314
17	25390040	44279982	NA	18889945	208133	2.007372	207466	2438	8121.0	mappable	0.075325	5.0	self	0.00444378261	0.00032206119	7.629143e-05	0.08274339	0.08306545	25390040	25390040	44279982	44279982	0.19775401	1	372873.5	19.41504	0.9937484	NA	NA	0.0	1.0036859	1.003686	1	1	1:1	2	neutral	4165314
17	44790026	45850001	NA	1059976	9397	2.007372	9348	107	349.0	mappable	0.051925	5.0	self	0.02007675362	0.00641025641	0.01047714315	0.09992206	0.10633232	44790026	44790026	45849976	45850026	0.12798649	1	372873.5	19.41504	0.9937484	NA	NA	0.0	1.0036859	1.003686	1	1	1:1	2	neutral	4165314
17	45850001	45879999	NA	29999	414	2.320654	413	1	18.0	mappable	0.0	1.0	identical	0.19700102416	0.5	0.16877714315	0.13447524	0.63447524	45849976	45850026	45879979	45880019	NA	missing	452365.0	28.96824	1.1488386	NA	NA	NA	NA	NA	NA	NA	NA	NA	NA	4165314
17	45879999	62200043	NA	16320045	195694	2.007372	195168	2389	7655.0	mappable	0.081175	5.0	self	0.00252675362	0.00034305317	0.00187714315	0.08347196	0.08381501	45879979	45880019	62199981	62200043	0.19079804	1	372873.5	19.41504	0.9937484	NA	NA	0.0	1.0036859	1.003686	1	1	1:1	2	neutral	4165314
17	62200044	62229932	NA	29889	377	2.512678	376	4	20.0	mappable	0.071237255	NA	identical	0.00907498393	0.2	0.25297714315	0.13452317	0.33452317	62200044	62200106	62229826	62230038	NA	missing	462392.3	24.57026	1.2439	NA	NA	NA	NA	NA	NA	NA	NA	NA	NA	4165314
17	62229932	81149937	NA	18920007	262948	2.007372	261638	3857	10255.0	mappable	0.07825	5.0	edge	0.00508443128	0.0001935359	0.0131127597	0.08273554	0.08292907	62229826	62230038	81149937	81149937	0.18222975	1	372873.5	19.41504	0.9937484	NA	NA	0.0	1.0036859	1.003686	1	1	1:1	2	neutral	4165314
18	130031	170037	NA	40007	569	2.254724	563	0	24.0	mappable	NA	NA	edge	0.41626253209	0.16666666667	0.12527714315	0.13082186	0.29748853	130031	130031	169956	170118	NA	missing	410868.7	NA	1.1162	NA	NA	NA	NA	NA	NA	NA	NA	NA	NA	4165314
18	170037	3335192	NA	3165156	46308	2.007372	46125	1088	1790.0	mappable	0.0841	5.0	NA	0.00039824638	0.00078678206	0.00987714315	0.09261898	0.09340577	169956	170118	3335101	3335192	0.19838755	1	372873.5	19.41504	0.9937484	NA	NA	0.0	1.0036859	1.003686	1	1	1:1	2	neutral	4165314
18	3335193	3336631	DEL	1439	30	1.884054	30	0	1.0	mappable	NA	NA	NA	NA	inf	0.05822285685	0.19064231	inf	3335193	3335199	3336579	3336631	NA	missing	323765.0	NA	0.9327	NA	NA	NA	NA	NA	NA	NA	NA	NA	NA	4165314
18	3336632	13379897	DEL	10043266	150406	2.007372	150017	2573	5772.0	mappable	0.07825	5.0	NA	0.00039824638	0.00033760972	0.01697714315	0.08598554	0.08632315	3336632	3336734	13379782	13379897	0.16598912	1	372873.5	19.41504	0.9937484	NA	NA	0.0	1.0036859	1.003686	1	1	1:1	2	neutral	4165314
18	13379898	13400055	NA	20158	284	2.322077	278	0	15.0	mappable	NA	3.0	identical	0.01750053411	0.16666666667	0.21827714315	0.13986929	0.30653595	13379898	13380013	13399956	13400154	NA	missing	417517.3	NA	1.1495429	NA	NA	NA	NA	NA	NA	NA	NA	NA	NA	4165314
18	13400055	14119956	NA	719902	10937	2.007372	10911	192	430.0	mappable	0.070380556	5.0	NA	0.00837675362	0.00458715596	0.01457714315	0.10278844	0.1073756	13399956	13400154	14119956	14119956	0.20818443	1	372873.5	19.41504	0.9937484	NA	NA	0.0	1.0036859	1.003686	1	1	1:1	2	neutral	4165314
18	14119957	14910026	NA	790070	0	0.0	0	0	NA	mappable	NA	NA	NA	NA	inf	0.99092285685	0.10208446	inf	14119957	14119957	14910026	14910026	NA	missing	NA	NA	0.0	NA	NA	0.0	0.0	0.0	0	0	NA	0	homozygousDel	4165314
18	14910027	14929888	NA	19862	358	2.007372	354	8	15.0	mappable	0.032620565	5.0	NA	0.04623311251	0.08333333333	0.07262285685	0.14007836	0.22341169	14910027	14910027	14929888	14929888	NA	missing	372873.5	19.41504	0.9937484	NA	NA	NA	NA	NA	NA	NA	NA	NA	NA	4165314
18	18540053	45049916	NA	26509865	361018	2.007372	360223	5792	14095.0	mappable	0.081175	5.0	NA	0.00039824638	0.00015181418	0.00300396582	0.08110292	0.08125473	18540053	18540053	45049777	45050055	0.15673397	1	372873.5	19.41504	0.9937484	NA	NA	0.0	1.0036859	1.003686	1	1	1:1	2	neutral	4165314
18	45049916	45080078	NA	30163	473	2.411274	473	0	24.0	mappable	NA	NA	NA	NA	inf	0.20277714315	0.13440416	inf	45049777	45050055	45079992	45080164	NA	missing	426607.2	NA	1.1937	NA	NA	NA	NA	NA	NA	NA	NA	NA	NA	4165314
18	45080078	73039956	NA	27959881	416836	2.007372	415517	7262	16046.0	mappable	0.07825	5.0	NA	0.00338802812	0.00011653653	0.00740494641	0.08085102	0.08096756	45079992	45080164	73039909	73040003	0.15557403	1	372873.5	19.41504	0.9937484	NA	NA	0.0	1.0036859	1.003686	1	1	1:1	2	neutral	4165314
18	73039956	73060054	NA	20099	364	2.322077	359	0	23.0	mappable	NA	3.0	identical	0.01309824638	0.2	0.19737714315	0.13991066	0.33991066	73039909	73040003	73059947	73060054	NA	missing	417517.3	NA	1.1495429	NA	NA	NA	NA	NA	NA	NA	NA	NA	NA	4165314
18	73060055	75319993	NA	2259939	37496	2.007372	37339	645	1450.0	mappable	0.081175	5.0	self	0.00039824638	0.00124688279	0.02997714315	0.09475147	0.09599835	73060055	73060162	75319984	75320002	0.19871013	1	372873.5	19.41504	0.9937484	NA	NA	0.0	1.0036859	1.003686	1	1	1:1	2	neutral	4165314
18	75319993	75369967	NA	49975	715	2.322077	712	24	22.0	mappable	0.033077778	3.0	identical	0.04769897584	0.03703703704	0.16287714315	0.12813187	0.16516891	75319984	75320002	75369893	75370041	NA	missing	417517.3	21.843	1.1495429	NA	NA	NA	NA	NA	NA	NA	NA	NA	NA	4165314
18	75369967	76270387	NA	900422	15851	2.007372	15801	207	589.0	mappable	0.091657051	5.0	self	0.01927168746	0.00389105058	0.06869383611	0.101111	0.10500205	75369893	75370041	76270376	76270398	0.17584703	1	372873.5	19.41504	0.9937484	NA	NA	0.0	1.0036859	1.003686	1	1	1:1	2	neutral	4165314
18	76270387	76329917	NA	59531	1285	2.34017	1262	9	37.0	mappable	0.116808333	NA	identical	0.50897324638	0.03125	0.16757714315	0.12609264	0.15734264	76270376	76270398	76329822	76329917	NA	missing	462753.7	25.34127	1.1585	NA	NA	NA	NA	NA	NA	NA	NA	NA	NA	4165314
18	76329918	78009968	NA	1680051	29845	2.007372	29477	436	1138.0	mappable	0.0724	5.0	edge	0.01130175362	0.00124378109	0.04547714315	0.09671145	0.09795524	76329918	76330013	78009968	78009968	0.24547529	1	372873.5	19.41504	0.9937484	NA	NA	0.0	1.0036859	1.003686	1	1	1:1	2	neutral	4165314
19	260137	23539977	NA	23279844	240403	2.007372	239160	3366	9459.0	mappable	0.0724	5.0	edge	0.00864773974	0.0002169668	0.02734347427	0.08172412	0.08194109	260137	260137	23539951	23539977	0.20988169	1	372873.5	19.41504	0.9937484	NA	NA	0.0	1.0036859	1.003686	1	1	1:1	2	neutral	4165314
19	23539978	23610008	NA	70031	707	2.322077	697	24	30.0	mappable	0.044287938	3.0	identical	0.03523823161	0.02941176471	0.17877714315	0.12425674	0.15366851	23539978	23540004	23599974	23620042	NA	missing	417517.3	21.843	1.1495429	NA	NA	NA	NA	NA	NA	NA	NA	NA	NA	4165314
19	23610008	24569972	NA	959965	12346	2.007372	12167	269	464.0	mappable	0.067975	5.0	self	0.01715175362	0.00223214286	0.00877714315	0.10064097	0.10287311	23599974	23620042	24569972	24569972	0.21272134	1	372873.5	19.41504	0.9937484	NA	NA	0.0	1.0036859	1.003686	1	1	1:1	2	neutral	4165314
19	27750002	27764469	NA	14468	777	2.007372	767	5	28.0	mappable	0.028055769	5.0	self	0.04107675362	0.06666666667	0.04157714315	0.14471175	0.21137842	27750002	27750002	27764465	27764473	NA	missing	372873.5	19.41504	0.9937484	NA	NA	NA	NA	NA	NA	NA	NA	NA	NA	4165314
19	27764469	27840009	NA	75541	2000	2.322077	1979	1	84.0	mappable	0.266666667	3.0	identical	0.07203606689	0.04545454545	0.13317714315	0.12341891	0.16887345	27764465	27764473	27839998	27840009	NA	missing	417517.3	21.843	1.1495429	NA	NA	NA	NA	NA	NA	NA	NA	NA	NA	4165314
19	27840010	43209995	NA	15369988	192465	2.007372	191788	2814	7528.0	mappable	0.075325	5.0	NA	0.0043055491	0.00028645087	0.01310232435	0.0837745	0.08406095	27840010	27840021	43209995	43209995	0.17257217	1	372873.5	19.41504	0.9937484	NA	NA	0.0	1.0036859	1.003686	1	1	1:1	2	neutral	4165314
19	43209996	43800005	NA	590010	0	0.0	0	0	NA	mappable	NA	NA	NA	NA	inf	0.99092285685	0.10432761	inf	43209996	43209996	43800005	43800005	NA	missing	NA	NA	0.0	NA	NA	0.0	0.0	0.0	0	0	NA	0	homozygousDel	4165314
19	43800006	59089999	NA	15289994	160500	2.007372	159741	2667	6129.0	mappable	0.075325	5.0	edge	0.00545175362	0.00029188558	0.02375806963	0.08380093	0.08409281	43800006	43800006	59089999	59089999	0.19553703	1	372873.5	19.41504	0.9937484	NA	NA	0.0	1.0036859	1.003686	1	1	1:1	2	neutral	4165314
20	60479	10009949	NA	9949473	152635	2.007372	152120	2677	5986.0	mappable	0.0841	5.0	edge	0.00556420276	0.00031328321	0.00083224198	0.08603561	0.08634889	60479	60479	10009886	10010012	0.15302393	1	372873.5	19.41504	0.9937484	NA	NA	0.0	1.0036859	1.003686	1	1	1:1	2	neutral	4165314
20	10009949	10029928	NA	19980	379	2.322077	378	6	15.0	mappable	0.111742797	3.0	identical	0.02953038923	0.14285714286	0.18147714315	0.13999456	0.28285171	10009886	10010012	10029826	10029928	NA	missing	417517.3	21.843	1.1495429	NA	NA	NA	NA	NA	NA	NA	NA	NA	NA	4165314
20	10029929	18030044	NA	8000117	126772	2.007372	126447	1846	4836.0	mappable	0.081175	5.0	self	0.00198005855	0.00046061723	0.0141274951	0.08721593	0.08767655	10029929	10030031	18029970	18030118	0.17194292	1	372873.5	19.41504	0.9937484	NA	NA	0.0	1.0036859	1.003686	1	1	1:1	2	neutral	4165314
20	18030044	18060019	NA	29976	519	2.392084	514	10	24.0	mappable	0.111903773	NA	identical	0.09994777468	0.06666666667	0.19327714315	0.13448524	0.20115191	18029970	18030118	18059991	18060019	NA	missing	462793.7	25.9715	1.1842	NA	NA	NA	NA	NA	NA	NA	NA	NA	NA	4165314
20	18060020	25729738	NA	7669719	113295	2.007372	113010	1594	4503.0	mappable	0.0841	5.0	self	0.00332324638	0.00053219798	0.00072285685	0.08744797	0.08798017	18060020	18060048	25729738	25729738	0.16305604	1	372873.5	19.41504	0.9937484	NA	NA	0.0	1.0036859	1.003686	1	1	1:1	2	neutral	4165314
20	29810089	31982048	NA	2171960	29342	2.007372	29217	233	1112.0	mappable	0.073790517	5.0	NA	0.01130175362	0.00279329609	0.00722285685	0.09500932	0.09780262	29810089	29810089	31981982	31982048	0.16176684	1	372873.5	19.41504	0.9937484	NA	NA	0.0	1.0036859	1.003686	1	1	1:1	2	neutral	4165314
20	31982049	31983800	DEL	1752	18	2.272702	18	0	0.0	mappable	NA	NA	NA	NA	inf	0.13417714315	0.18561852	inf	31982049	31982117	31983694	31983800	NA	missing	443687.5	NA	1.1251	NA	NA	NA	NA	NA	NA	NA	NA	NA	NA	4165314
20	31983801	42669998	DEL	10686198	145410	2.007372	145029	1660	5642.0	mappable	0.0724	5.0	NA	0.00837675362	0.0004899559	0.01222285685	0.08565587	0.08614583	31983801	31983823	42669993	42669998	0.16191106	1	372873.5	19.41504	0.9937484	NA	NA	0.0	1.0036859	1.003686	1	1	1:1	2	neutral	4165314
20	42669999	42700007	NA	30009	464	2.465208	464	1	20.0	mappable	0.714285714	NA	identical	0.63350896066	1.0	0.22947714315	0.13447089	1.13447089	42669999	42670004	42699976	42700038	NA	missing	478905.3	41.04902	1.2204	NA	NA	NA	NA	NA	NA	NA	NA	NA	NA	4165314
20	42700007	53860035	NA	11160033	164875	2.007372	164301	2097	6321.0	mappable	0.081175	5.0	NA	0.00089322953	0.00037439161	0.00193685384	0.08542687	0.08580126	42699976	42700038	53859977	53860035	0.18089235	1	372873.5	19.41504	0.9937484	NA	NA	0.0	1.0036859	1.003686	1	1	1:1	2	neutral	4165314
20	53860036	53880002	NA	19967	398	2.43006	398	0	19.0	mappable	NA	NA	NA	NA	inf	0.21207714315	0.14000377	inf	53860036	53860094	53879996	53880002	NA	missing	417632.9	NA	1.203	NA	NA	NA	NA	NA	NA	NA	NA	NA	NA	4165314
20	53880003	62909989	NA	9029987	151535	2.007372	150773	2097	5950.0	mappable	0.069475	5.0	edge	0.01040911574	0.00034977265	0.00044624946	0.08655651	0.08690628	53880003	53880009	62909989	62909989	0.17659451	1	372873.5	19.41504	0.9937484	NA	NA	0.0	1.0036859	1.003686	1	1	1:1	2	neutral	4165314
21	10720001	11179964	NA	459964	5042	1.595396	4820	0	175.0	mappable	NA	NA	edge	0.66729824638	0.0045045045	0.20112285685	0.10631986	0.11082436	10720001	10720001	11179964	11179964	NA	missing	814618.4	NA	0.7898	NA	NA	NA	NA	NA	NA	NA	NA	NA	NA	4165314
21	15410077	15469972	NA	59896	661	2.322077	661	9	37.0	mappable	0.065447436	3.0	NA	0.01532931773	0.11111111111	0.12357714315	0.12602258	0.23713369	15410077	15410077	15459942	15469972	NA	missing	417517.3	21.843	1.1495429	NA	NA	NA	NA	NA	NA	NA	NA	NA	NA	4165314
21	15469973	21459908	NA	5989936	93304	2.007372	92998	1360	3607.0	mappable	0.081175	5.0	self	0.00039824638	0.0006002401	0.00487714315	0.08883318	0.08943342	15469973	15480003	21459599	21459908	0.17773124	1	372873.5	19.41504	0.9937484	NA	NA	0.0	1.0036859	1.003686	1	1	1:1	2	neutral	4165314
21	21459909	21479960	NA	20052	345	2.322077	343	16	16.0	mappable	0.171677777	3.0	identical	0.0918454686	0.05555555556	0.15377714315	0.13994373	0.19549928	21459909	21460218	21479919	21479960	NA	missing	417517.3	21.843	1.1495429	NA	NA	NA	NA	NA	NA	NA	NA	NA	NA	4165314
21	21479961	33979989	NA	12500029	194666	2.007372	194012	2767	7659.0	mappable	0.07825	5.0	NA	0.00039824638	0.00029231219	0.01817714315	0.08483409	0.0851264	21479961	21480002	33979936	33980042	0.19315051	1	372873.5	19.41504	0.9937484	NA	NA	0.0	1.0036859	1.003686	1	1	1:1	2	neutral	4165314
21	33979989	34019978	NA	39990	424	2.434908	424	0	15.0	mappable	NA	NA	NA	NA	inf	0.21447714315	0.13082711	inf	33979936	33980042	34019926	34019978	NA	missing	447866.8	NA	1.2054	NA	NA	NA	NA	NA	NA	NA	NA	NA	NA	4165314
21	34019979	48050193	NA	14030220	216199	2.007372	215047	2928	8240.0	mappable	0.075325	5.0	NA	0.00486747053	0.00024509804	0.01455321751	0.08423878	0.08448388	34019979	34020031	48049998	48050388	0.19104173	1	372873.5	19.41504	0.9937484	NA	NA	0.0	1.0036859	1.003686	1	1	1:1	2	neutral	4165314
21	48050193	48099931	NA	49739	767	2.322077	762	3	31.0	mappable	0.092657248	3.0	edge	0.00537675362	0.125	0.15657714315	0.12818796	0.25318796	48049998	48050388	48099931	48099931	NA	missing	417517.3	21.843	1.1495429	NA	NA	NA	NA	NA	NA	NA	NA	NA	NA	4165314
22	16850007	51179984	NA	34329985	450398	2.007372	448591	6863	17512.0	mappable	0.07825	5.0	edge	0.00389758515	0.00011534025	0.00445113038	0.07989465	0.08000999	16850007	16850007	51179984	51179984	0.17927545	1	372873.5	19.41504	0.9937484	NA	NA	0.0	1.0036859	1.003686	1	1	1:1	2	neutral	4165314
23	2700089	37210090	NA	34510003	331240	2.007372	330668	4363	13027.0	mappable	0.07825	5.0	edge	0.00080553782	0.00020263425	0.02262347331	0.07987057	0.08007321	2700089	2700089	37209993	37210187	0.14276103	1	372873.5	19.41504	0.9937484	NA	NA	0.0	1.0036859	1.003686	1	1	1:1	2	neutral	4165314
23	37210090	37787456	NA	577368	4482	2.007678	4476	8	153.0	mappable	0.044386538	NA	identical	0.44985181781	0.07142857143	0.00297714315	0.10449795	0.17592652	37209993	37210187	37787439	37787456	NA	missing	347984.8	18.99843	0.9939	NA	NA	NA	NA	NA	NA	NA	NA	NA	NA	4165314
23	37787457	58499983	NA	20712527	150069	2.007372	149763	1741	5955.0	mappable	0.075325	5.0	self	0.00545175362	0.00048851979	0.00047714315	0.08229098	0.0827795	37787457	37787474	58499983	58499983	0.12992149	1	372873.5	19.41504	0.9937484	NA	NA	0.0	1.0036859	1.003686	1	1	1:1	2	neutral	4165314
23	61750000	80134390	NA	18384391	152486	2.007372	152221	1671	5917.0	mappable	0.08995	5.0	NA	0.00917324638	0.00051652893	0.01142285685	0.08287758	0.08339411	61750000	61750000	80134250	80134390	0.11832514	1	372873.5	19.41504	0.9937484	NA	NA	0.0	1.0036859	1.003686	1	1	1:1	2	neutral	4165314
23	80134391	80134404	CTX	14	0	0.0	0	0	NA	mappable	NA	NA	NA	NA	inf	0.99092285685	0.52529907	inf	80134391	80134391	80134404	80134404	NA	missing	NA	NA	0.0	NA	NA	0.0	0.0	0.0	0	0	NA	0	homozygousDel	4165314
23	80134405	88459980	CTX	8325576	90101	2.007372	89934	1652	3552.0	mappable	0.07825	5.0	NA	0.00039824638	0.00054975261	0.00317714315	0.08699768	0.08754743	80134405	80134566	88459980	88459980	0.15402759	1	372873.5	19.41504	0.9937484	NA	NA	0.0	1.0036859	1.003686	1	1	1:1	2	neutral	4165314
23	88990017	89349936	NA	359920	1078	2.007372	1078	26	41.0	mappable	0.119226282	5.0	NA	0.03844952843	0.03846153846	0.02367714315	0.10835811	0.14681965	88990017	88990017	89349936	89349936	NA	missing	372873.5	19.41504	0.9937484	NA	NA	NA	NA	NA	NA	NA	NA	NA	NA	4165314
23	89349937	90140198	NA	790262	0	0.0	0	0	NA	mappable	NA	NA	NA	NA	inf	0.99092285685	0.10208263	inf	89349937	89349937	90140198	90140198	NA	missing	NA	NA	0.0	NA	NA	0.0	0.0	0.0	0	0	NA	0	homozygousDel	4165314
23	90140199	91529952	NA	1389755	5017	2.007372	5013	84	184.0	mappable	0.063625	5.0	NA	0.01715175362	0.01136363636	0.01147714315	0.09800847	0.10937211	90140199	90140199	91529952	91529952	0.21155365	1	372873.5	19.41504	0.9937484	NA	NA	0.0	1.0036859	1.003686	1	1	1:1	2	neutral	4165314
23	91529953	92379999	NA	850047	0	0.0	0	0	NA	mappable	NA	NA	NA	NA	inf	0.99092285685	0.10153736	inf	91529953	91529953	92379999	92379999	NA	missing	NA	NA	0.0	NA	NA	0.0	0.0	0.0	0	0	NA	0	homozygousDel	4165314
23	92380000	94345300	NA	1965301	22192	2.007372	22158	438	797.0	mappable	0.0724	5.0	NA	0.00545175362	0.00211864407	0.00542285685	0.09566486	0.0977835	92380000	92380000	94345293	94345300	0.11756308	1	372873.5	19.41504	0.9937484	NA	NA	0.0	1.0036859	1.003686	1	1	1:1	2	neutral	4165314
23	94345301	94399904	CTX	54604	690	2.836686	689	0	20.0	mappable	NA	NA	identical	0.44303277019	1.0	0.41337714315	0.1270913	1.1270913	94345301	94345337	94399769	94400039	NA	missing	482602.4	NA	1.4043	NA	NA	NA	NA	NA	NA	NA	NA	NA	NA	4165314
23	94399904	145669310	NA	51269409	457405	2.007372	456629	5101	17914.0	mappable	0.075325	5.0	self	0.00703992361	0.00017015484	0.01025038219	0.07808963	0.07825979	94399769	94400039	145669218	145669310	0.15469512	1	372873.5	19.41504	0.9937484	NA	NA	0.0	1.0036859	1.003686	1	1	1:1	2	neutral	4165314
23	145669311	145919885	NA	250575	2383	3.62792	2374	68	83.0	mappable	0.1146	NA	identical	0.04502324638	0.01298701299	0.80507714315	0.11151453	0.12450154	145669311	145669403	145919603	145920167	0.22036442	1	344944.1	18.23357	1.796	NA	NA	0.0	1.81396	1.81396	2	2	2:2	4	gain	4165314
23	145919885	154929639	NA	9009755	76043	2.007372	75856	885	2991.0	mappable	0.069475	5.0	edge	0.01130175362	0.00093283582	0.00417714315	0.08656863	0.08750147	145919603	145920167	154929639	154929639	0.1907271	1	372873.5	19.41504	0.9937484	NA	NA	0.0	1.0036859	1.003686	1	1	1:1	2	neutral	4165314
