#chromosome	start	end	crest	length	tcnNbrOfLoci	tcnMean	tcnNbrOfSNPs	tcnNbrOfHets	dhNbrOfLoci	map	dhMax	cluster	neighbour	distDH	errorSNP	distTcn	errorLength	totalError	minStart	maxStart	minStop	maxStop	area	peaks	meanCovT	meanCovB	tcnMeanRaw	AF	BAF	dhMean	c1Mean	c2Mean	A	B	genotype	TCN	GNL	PID
1	840009	9913800	NA	9073795	134465	2.0044043	133536	5553	19287.0	mappable	0.07609677	2.0	edge	0.00029386112	0.00015429718	0.0110525921	0.08653036	0.08668466	840009	840009	9913790	9913800	0.16841615	1	438452.0	22.80908	1.0065743	NA	NA	0.0	1.00220217	1.0022022	1	1	1:1	2	neutral	4135813
1	9913801	10100220	DEL	186420	905	0.9024358	904	18	141.0	mappable	0.22900203	NA	identical	0.14976216875	0.05263157895	0.2117140855	0.11423221	0.16686379	9913801	9913807	10059936	10100220	NA	missing	345665.4	21.70378	0.796	NA	NA	NA	NA	NA	NA	NA	NA	NA	NA	4135813
1	10100221	12839977	DEL	2739757	36432	2.0044043	36273	1153	5460.0	mappable	0.07641037	2.0	self	6.216875e-05	0.00076219512	0.0217140855	0.0935208	0.094283	10100221	10100447	12839977	12839977	0.21710721	1	438452.0	22.80908	1.0065743	NA	NA	0.0	1.00220217	1.0022022	1	1	1:1	2	neutral	4135813
1	13780016	21900013	NA	8120002	111832	2.0044043	111368	5884	15409.0	mappable	0.07537315	2.0	self	0.00219175375	0.00015752993	0.0214771425	0.08713439	0.08729192	13780016	13780016	21899942	21900084	0.15507733	1	438452.0	22.80908	1.0065743	NA	NA	0.0	1.00220217	1.0022022	1	1	1:1	2	neutral	4135813
1	21900013	21910054	NA	10042	197	1.1504875	195	2	38.0	mappable	0.17948718	NA	identical	0.06497116459	0.25	0.1643140855	0.15044654	0.40044654	21899942	21900084	21909983	21910054	NA	missing	434142.0	25.60325	0.8434	NA	NA	NA	NA	NA	NA	NA	NA	NA	NA	4135813
1	21910055	54335927	NA	32425875	387756	2.0044043	385902	17139	55143.0	mappable	0.078725	2.0	self	0.0012916801	5.265098e-05	0.0085589201	0.08015826	0.08021091	21910055	21910126	54335876	54335927	0.17285186	1	438452.0	22.80908	1.0065743	NA	NA	0.0	1.00220217	1.0022022	1	1	1:1	2	neutral	4135813
1	54335928	54370234	DUP	34307	523	2.9370876	521	4	76.0	mappable	0.07740886	NA	identical	0.1490395497	0.16666666667	0.1770859145	0.13274734	0.29941401	54335928	54335969	54370228	54370234	NA	missing	514746.5	26.4114	1.1848	NA	NA	NA	NA	NA	NA	NA	NA	NA	NA	4135813
1	54370235	120529963	DUP	66159731	893001	2.0044043	889774	41347	124834.0	mappable	0.078725	2.0	self	0.00178875013	2.24346e-05	0.0036854178	0.07698392	0.07700636	54370235	54370264	120529963	120529963	0.15546681	1	438452.0	22.80908	1.0065743	NA	NA	0.0	1.00220217	1.0022022	1	1	1:1	2	neutral	4135813
1	121220004	121229986	NA	9983	177	1.5091775	177	1	24.0	mappable	0.04761905	3.0	NA	0.03104378364	1.0	0.0580140855	0.15054281	1.15054281	121220004	121220004	121229986	121229986	NA	missing	416438.5	21.94292	0.9119418	NA	NA	NA	NA	NA	NA	NA	NA	NA	NA	4135813
1	144010127	144019970	NA	9844	155	1.9197617	95	0	15.0	mappable	NA	NA	NA	0.23017201723	0.01666666667	0.0173140855	0.15077238	0.16743905	144010127	144010127	144019970	144019970	NA	missing	1313004.0	NA	0.9904	NA	NA	NA	NA	NA	NA	NA	NA	NA	NA	4135813
1	144920087	145739956	NA	819870	6371	2.0044043	5793	53	1016.0	mappable	0.08962195	2.0	self	0.01249558988	0.00158478605	0.0015140855	0.10180689	0.10339168	144920087	144920087	145739956	145739956	0.2487333	1	438452.0	22.80908	1.0065743	NA	NA	0.0	1.00220217	1.0022022	1	1	1:1	2	neutral	4135813
1	146540101	147829895	NA	1289795	11665	2.0044043	11638	317	1600.0	mappable	0.074875	2.0	self	0.00061283125	0.00290697674	0.0026140855	0.09852843	0.1014354	146540101	146540101	147829895	147829895	0.14638748	1	438452.0	22.80908	1.0065743	NA	NA	0.0	1.00220217	1.0022022	1	1	1:1	2	neutral	4135813
1	149815060	249149968	NA	99334922	1342986	2.0044043	1337706	60859	190099.0	mappable	0.078725	2.0	self	0.00035759809	1.511967e-05	0.0021129167	0.07528477	0.07529989	149815060	149815060	249149932	249150004	0.1651848	1	438452.0	22.80908	1.0065743	NA	NA	0.0	1.00220217	1.0022022	1	1	1:1	2	neutral	4135813
1	249149968	249209945	NA	59978	1123	2.4409041	1121	5	153.0	mappable	0.03816915	6.0	edge	0.03500591636	0.14285714286	0.1017859145	0.12600691	0.26886405	249149932	249150004	249209945	249209945	NA	missing	454612.5	23.92436	1.0899847	NA	NA	NA	NA	NA	NA	NA	NA	NA	NA	4135813
2	20016	87059860	NA	87039858	1311134	2.0044043	1306385	61383	184424.0	mappable	0.078725	2.0	edge	0.00010524236	1.51215e-05	0.0006949732	0.07582889	0.07584401	20016	20016	87059860	87059860	0.15904078	1	438452.0	22.80908	1.0065743	NA	NA	0.0	1.00220217	1.0022022	1	1	1:1	2	neutral	4135813
2	88330099	89229990	NA	899892	11874	2.0044043	11860	366	1796.0	mappable	0.09145	2.0	self	0.01278716875	0.00263157895	0.0210140855	0.10111534	0.10374692	88330099	88330099	89229990	89229990	0.23466836	1	438452.0	22.80908	1.0065743	NA	NA	0.0	1.00220217	1.0022022	1	1	1:1	2	neutral	4135813
2	89840102	90239998	NA	399897	914	2.0044043	909	2	215.0	mappable	0.140625	2.0	self	0.01564140268	0.14285714286	0.0075859145	0.10747332	0.25033047	89840102	89840102	90239998	90239998	NA	missing	438452.0	22.80908	1.0065743	NA	NA	NA	NA	NA	NA	NA	NA	NA	NA	4135813
2	95580145	96239991	NA	659847	4443	2.0044043	4439	21	625.0	mappable	0.0701625	2.0	NA	0.01296283125	0.04	0.0145859145	0.10345663	0.14345663	95580145	95580145	96239991	96239991	NA	missing	438452.0	22.80908	1.0065743	NA	NA	NA	NA	NA	NA	NA	NA	NA	NA	4135813
2	96239992	96740020	NA	500029	0	0.0	0	0	NA	mappable	NA	NA	NA	NA	inf	1.0077140855	0.10564318	inf	96239992	96239992	96740020	96740020	NA	missing	NA	NA	0.0	NA	NA	0.0	0.0	0.0	0	0	NA	0	homozygousDel	4135813
2	96740021	100930001	NA	4189981	42604	2.0044043	42461	1883	6006.0	mappable	0.07647308	2.0	NA	0.00218975433	0.00049358342	0.0030140855	0.09091524	0.09140882	96740021	96740021	100929948	100930054	0.14645881	1	438452.0	22.80908	1.0065743	NA	NA	0.0	1.00220217	1.0022022	1	1	1:1	2	neutral	4135813
2	100930001	100975050	NA	45050	709	2.4749997	709	0	85.0	mappable	NA	NA	NA	NA	inf	0.0887859145	0.12937247	inf	100929948	100930054	100969993	100975050	NA	missing	453120.8	NA	1.0965	NA	NA	NA	NA	NA	NA	NA	NA	NA	NA	4135813
2	100975051	126759954	NA	25784904	339269	2.0044043	338169	13906	47438.0	mappable	0.078925	2.0	NA	0.00045986837	6.664001e-05	0.0060077138	0.08123469	0.08130133	100975051	100980108	126759873	126760035	0.14796144	1	438452.0	22.80908	1.0065743	NA	NA	0.0	1.00220217	1.0022022	1	1	1:1	2	neutral	4135813
2	126759954	126769876	NA	9923	182	2.8214348	180	0	34.0	mappable	NA	NA	NA	0.05082434823	0.5	0.1549859145	0.15064142	0.65064142	126759873	126760035	126769709	126769876	NA	missing	472781.2	NA	1.1627	NA	NA	NA	NA	NA	NA	NA	NA	NA	NA	4135813
2	126769877	127150006	NA	380130	5661	2.029658	5656	12	846.0	mappable	0.13520161	NA	NA	0.05440410423	0.05882352941	0.0036859145	0.10789737	0.1667209	126769877	126770044	127149946	127150006	NA	missing	441561.8	24.97978	1.0114	NA	NA	NA	NA	NA	NA	NA	NA	NA	NA	4135813
2	127150007	127159990	NA	9984	185	1.4833163	185	0	33.0	mappable	NA	NA	NA	NA	inf	0.1007140855	0.15054117	inf	127150007	127150067	127159957	127159990	NA	missing	422060.0	NA	0.907	NA	NA	NA	NA	NA	NA	NA	NA	NA	NA	4135813
2	127159991	132189994	NA	5030006	59858	2.0044043	59683	2253	8245.0	mappable	0.0769	2.0	NA	0.00159665618	0.00041186161	0.0026788905	0.08983867	0.09025053	127159991	127160024	132189994	132189994	0.1427996	1	438452.0	22.80908	1.0065743	NA	NA	0.0	1.00220217	1.0022022	1	1	1:1	2	neutral	4135813
2	132189995	133009999	NA	820005	0	0.0	0	0	NA	mappable	NA	NA	NA	NA	inf	1.0077140855	0.10180566	inf	132189995	132189995	133009999	133009999	NA	missing	NA	NA	0.0	NA	NA	0.0	0.0	0.0	0	0	NA	0	homozygousDel	4135813
2	133010000	133024996	NA	14997	1227	1.4435281	1224	0	214.0	mappable	NA	7.0	NA	0.07489271477	0.33333333333	0.1090140855	0.1441713	0.47750464	133010000	133010000	133019989	133024996	NA	missing	417353.8	NA	0.8993969	NA	NA	NA	NA	NA	NA	NA	NA	NA	NA	4135813
2	133024997	163399998	NA	30375008	408183	2.0044043	406963	17386	57375.0	mappable	0.07486324	2.0	NA	0.00233391168	5.37461e-05	0.0029059198	0.08046223	0.08051598	133024997	133030004	163399981	163400015	0.15676411	1	438452.0	22.80908	1.0065743	NA	NA	0.0	1.00220217	1.0022022	1	1	1:1	2	neutral	4135813
2	163399998	163430030	NA	30033	453	1.6528706	453	0	61.0	mappable	NA	NA	NA	NA	inf	0.0683140855	0.13446046	inf	163399981	163400015	163429985	163430030	NA	missing	438411.2	NA	0.9394	NA	NA	NA	NA	NA	NA	NA	NA	NA	NA	4135813
2	163430031	192457581	NA	29027552	391287	2.0044043	390059	16267	55638.0	mappable	0.0753	2.0	NA	0.00088561777	5.715919e-05	0.0118208827	0.0806747	0.08073186	163430031	163430076	192457546	192457581	0.15003157	1	438452.0	22.80908	1.0065743	NA	NA	0.0	1.00220217	1.0022022	1	1	1:1	2	neutral	4135813
2	192457582	192458644	DEL	1063	25	1.6162385	25	0	3.0	mappable	NA	NA	NA	NA	inf	0.0753140855	0.19892727	inf	192457582	192457599	192458643	192458644	NA	missing	418380.0	NA	0.9324	NA	NA	NA	NA	NA	NA	NA	NA	NA	NA	4135813
2	192458645	230770020	DEL	38311380	512716	2.0044043	510768	21774	72760.0	mappable	0.07515	2.0	NA	0.00073056443	4.215496e-05	0.0073380422	0.07939258	0.07943474	192458645	192458747	230769992	230770020	0.1533855	1	438452.0	22.80908	1.0065743	NA	NA	0.0	1.00220217	1.0022022	1	1	1:1	2	neutral	4135813
2	230770021	230779941	NA	9921	112	3.2165382	111	0	20.0	mappable	NA	NA	identical	0.10501063813	1.0	0.2304859145	0.15064472	1.15064472	230770021	230770049	230779861	230779941	NA	missing	490454.3	NA	1.2382	NA	NA	NA	NA	NA	NA	NA	NA	NA	NA	4135813
2	230779942	242999969	NA	12220030	189628	2.0044043	188503	10117	26816.0	mappable	0.0753	2.0	edge	0.00182068573	8.895214e-05	0.0086907318	0.08495186	0.08504081	230779942	230780022	242999969	242999969	0.16372388	1	438452.0	22.80908	1.0065743	NA	NA	0.0	1.00220217	1.0022022	1	1	1:1	2	neutral	4135813
3	100074	75770003	NA	75669933	1095883	2.0044043	1091953	53806	152747.0	mappable	0.078725	2.0	edge	0.00103139338	1.732022e-05	0.0017455379	0.07641399	0.07643131	100074	100074	75769998	75770003	0.15943387	1	438452.0	22.80908	1.0065743	NA	NA	0.0	1.00220217	1.0022022	1	1	1:1	2	neutral	4135813
3	75770004	75779904	NA	9901	940	2.7507872	940	0	58.0	mappable	NA	NA	NA	NA	inf	0.1414859145	0.15067777	inf	75770004	75770009	75779769	75780039	NA	missing	176766.0	NA	1.1492	NA	NA	NA	NA	NA	NA	NA	NA	NA	NA	4135813
3	75779904	90330011	NA	14550111	204617	2.0044043	203963	10043	28793.0	mappable	0.0753	2.0	NA	0.00234064783	9.348415e-05	0.0019390641	0.08405294	0.08414643	75779769	75780039	90329986	90330011	0.13139184	1	438452.0	22.80908	1.0065743	NA	NA	0.0	1.00220217	1.0022022	1	1	1:1	2	neutral	4135813
3	90330012	90499969	NA	169958	3812	1.5513474	3797	3	933.0	mappable	0.2476612	NA	NA	0.13732587842	0.05555555556	0.0877140855	0.11510911	0.17066467	90330012	90330037	90499969	90499969	NA	missing	432145.2	23.81208	0.92	NA	NA	NA	NA	NA	NA	NA	NA	NA	NA	4135813
3	93570175	99090064	NA	5519890	78335	2.0044043	78072	4159	10821.0	mappable	0.07413077	2.0	NA	0.00336283125	0.00022614202	0.0078140855	0.08930083	0.08952697	93570175	93570175	99089971	99090157	0.15620699	1	438452.0	22.80908	1.0065743	NA	NA	0.0	1.00220217	1.0022022	1	1	1:1	2	neutral	4135813
3	99090064	99110014	NA	19951	344	2.3839428	344	0	44.0	mappable	NA	NA	NA	NA	inf	0.0713859145	0.1400151	inf	99089971	99090157	99109978	99110014	NA	missing	451943.2	NA	1.0791	NA	NA	NA	NA	NA	NA	NA	NA	NA	NA	4135813
3	99110015	133829995	NA	34719985	467663	2.0044043	466018	21917	64789.0	mappable	0.0753	2.0	NA	0.00150330661	4.244122e-05	0.0045948445	0.07984267	0.07988511	99110015	99110051	133829971	133830019	0.15774182	1	438452.0	22.80908	1.0065743	NA	NA	0.0	1.00220217	1.0022022	1	1	1:1	2	neutral	4135813
3	133829995	133849981	NA	19987	289	2.5409375	289	0	47.0	mappable	NA	NA	NA	NA	inf	0.1013859145	0.13998961	inf	133829971	133830019	133849961	133850001	NA	missing	465693.2	NA	1.1091	NA	NA	NA	NA	NA	NA	NA	NA	NA	NA	4135813
3	133849981	135370012	NA	1520032	21097	2.0044043	21034	1121	2816.0	mappable	0.07524756	2.0	NA	0.00378830295	0.00084459459	0.0050859145	0.09739151	0.09823611	133849961	133850001	135369917	135370107	0.11627531	1	438452.0	22.80908	1.0065743	NA	NA	0.0	1.00220217	1.0022022	1	1	1:1	2	neutral	4135813
3	135370012	135400028	NA	30017	390	1.582223	390	0	48.0	mappable	NA	NA	NA	NA	inf	0.0818140855	0.13446741	inf	135369917	135370107	135399957	135400099	NA	missing	419817.8	NA	0.9259	NA	NA	NA	NA	NA	NA	NA	NA	NA	NA	4135813
3	135400028	163010015	NA	27609989	368499	2.0044043	367215	17857	52058.0	mappable	0.0753	2.0	NA	0.00225116541	5.224387e-05	0.0025451152	0.08091045	0.08096269	135399957	135400099	163009756	163010274	0.14266343	1	438452.0	22.80908	1.0065743	NA	NA	0.0	1.00220217	1.0022022	1	1	1:1	2	neutral	4135813
3	163010015	163040078	NA	30064	434	2.2557304	434	0	66.0	mappable	NA	NA	NA	NA	inf	0.0468859145	0.13444701	inf	163009756	163010274	163039961	163040078	NA	missing	431036.8	NA	1.0546	NA	NA	NA	NA	NA	NA	NA	NA	NA	NA	4135813
3	163040079	183479925	NA	20439847	277566	2.0044043	276753	12971	39688.0	mappable	0.078725	2.0	NA	0.00041040211	7.254788e-05	0.001305569	0.08235577	0.08242831	163040079	163040196	183479843	183480007	0.14339659	1	438452.0	22.80908	1.0065743	NA	NA	0.0	1.00220217	1.0022022	1	1	1:1	2	neutral	4135813
3	183479925	183490061	NA	10137	156	2.5880359	156	0	17.0	mappable	NA	NA	NA	NA	inf	0.1103859145	0.15029296	inf	183479843	183480007	183489900	183490222	NA	missing	441401.7	NA	1.1181	NA	NA	NA	NA	NA	NA	NA	NA	NA	NA	4135813
3	183490061	197779892	NA	14289835	205282	2.0044043	204324	10037	29093.0	mappable	0.0747	2.0	edge	0.00110832882	9.095043e-05	0.0049091494	0.08414503	0.08423598	183489900	183490222	197779892	197779892	0.16954067	1	438452.0	22.80908	1.0065743	NA	NA	0.0	1.00220217	1.0022022	1	1	1:1	2	neutral	4135813
4	50084	8939952	NA	8889869	145835	2.0044043	144587	7651	20235.0	mappable	0.078725	2.0	edge	6.216875e-05	0.00011237218	0.0075140855	0.08664111	0.08675348	50084	50084	8939952	8939952	0.17183153	1	438452.0	22.80908	1.0065743	NA	NA	0.0	1.00220217	1.0022022	1	1	1:1	2	neutral	4135813
4	9800043	35359974	NA	25559934	401258	2.0044043	399742	19035	55966.0	mappable	0.078725	2.0	NA	0.00024312785	4.865943e-05	0.0006168243	0.08127643	0.08132509	9800043	9800043	35359931	35360017	0.14627611	1	438452.0	22.80908	1.0065743	NA	NA	0.0	1.00220217	1.0022022	1	1	1:1	2	neutral	4135813
4	35359974	35369992	NA	10019	156	2.4718598	156	0	24.0	mappable	NA	NA	NA	NA	inf	0.0881859145	0.15048398	inf	35359931	35360017	35369985	35369992	NA	missing	449196.7	NA	1.0959	NA	NA	NA	NA	NA	NA	NA	NA	NA	NA	4135813
4	35369993	35570001	NA	200009	3939	2.0044043	3937	22	587.0	mappable	0.08065	2.0	NA	0.00186283125	0.04166666667	0.0067140855	0.11357373	0.1552404	35369993	35370000	35569963	35570001	NA	missing	438452.0	22.80908	1.0065743	NA	NA	NA	NA	NA	NA	NA	NA	NA	NA	4135813
4	35570002	35590049	NA	20048	370	2.3289946	370	0	67.0	mappable	NA	NA	NA	NA	inf	0.0608859145	0.13994655	inf	35570002	35570040	35589959	35590139	NA	missing	471781.1	NA	1.0686	NA	NA	NA	NA	NA	NA	NA	NA	NA	NA	4135813
4	35590049	49089961	NA	13499915	193401	2.0044043	192836	8750	27540.0	mappable	0.0782	2.0	NA	0.00082607326	0.00010735373	0.0055897217	0.08443647	0.08454382	35589959	35590139	49089961	49089961	0.15254182	1	438452.0	22.80908	1.0065743	NA	NA	0.0	1.00220217	1.0022022	1	1	1:1	2	neutral	4135813
4	52680564	102309999	NA	49629438	681295	2.0044043	679061	33347	95880.0	mappable	0.07684808	2.0	NA	0.00053582557	2.810568e-05	0.0034170403	0.0782329	0.078261	52680564	52680564	102309939	102310059	0.15784653	1	438452.0	22.80908	1.0065743	NA	NA	0.0	1.00220217	1.0022022	1	1	1:1	2	neutral	4135813
4	102309999	102319994	NA	9996	158	1.4859329	158	0	21.0	mappable	NA	NA	NA	NA	inf	0.1002140855	0.15052154	inf	102309939	102310059	102319918	102319994	NA	missing	419675.6	NA	0.9075	NA	NA	NA	NA	NA	NA	NA	NA	NA	NA	4135813
4	102319995	190939997	NA	88620007	1239428	2.0044043	1234582	60521	174223.0	mappable	0.0753	2.0	edge	0.00081292389	1.529824e-05	0.0030561109	0.07575434	0.07576963	102319995	102320071	190939997	190939997	0.16383843	1	438452.0	22.80908	1.0065743	NA	NA	0.0	1.00220217	1.0022022	1	1	1:1	2	neutral	4135813
5	50017	4159991	NA	4109977	70986	2.0044043	70419	3763	10381.0	mappable	0.0799803	2.0	edge	0.00249696459	0.00023094688	0.0035187469	0.09103033	0.09126128	50017	50017	4159932	4160050	0.16786208	1	438452.0	22.80908	1.0065743	NA	NA	0.0	1.00220217	1.0022022	1	1	1:1	2	neutral	4135813
5	4159991	4180041	NA	20051	340	2.427378	340	0	45.0	mappable	NA	NA	NA	NA	inf	0.0796859145	0.13994443	inf	4159932	4160050	4179917	4180165	NA	missing	456635.6	NA	1.0874	NA	NA	NA	NA	NA	NA	NA	NA	NA	NA	4135813
5	4180041	46399990	NA	42219954	618053	2.0044043	615954	30535	86979.0	mappable	0.07802391	2.0	NA	0.00130635584	3.064289e-05	0.000427028	0.07895333	0.07898397	4179917	4180165	46399990	46399990	0.16259948	1	438452.0	22.80908	1.0065743	NA	NA	0.0	1.00220217	1.0022022	1	1	1:1	2	neutral	4135813
5	49470005	49559973	NA	89969	3024	1.5091775	2972	37	667.0	mappable	0.08929744	3.0	NA	0.00206280977	0.01123595506	0.0959140855	0.1215278	0.13276375	49470005	49470005	49549890	49559973	0.22585281	1	416438.5	21.94292	0.9119418	NA	NA	0.0	0.75458877	0.7545888	1	1	1:1	2	neutral	4135813
5	49559974	68829703	NA	19269730	253563	2.0044043	252762	11713	35899.0	mappable	0.07555	2.0	self	6.216875e-05	7.99105e-05	0.0008140855	0.0826452	0.08272511	49559974	49570057	68829703	68829703	0.15030063	1	438452.0	22.80908	1.0065743	NA	NA	0.0	1.00220217	1.0022022	1	1	1:1	2	neutral	4135813
5	70750153	140600060	NA	69849918	967247	2.0044043	964535	36669	137512.0	mappable	0.078725	2.0	self	0.0014922971	2.539296e-05	0.0031268101	0.07675258	0.07677798	70750153	70750153	140599944	140600176	0.14925809	1	438452.0	22.80908	1.0065743	NA	NA	0.0	1.00220217	1.0022022	1	1	1:1	2	neutral	4135813
5	140600060	140609996	NA	9937	217	2.9077819	202	0	26.0	mappable	NA	NA	identical	0.01187772487	0.06666666667	0.1714859145	0.15061835	0.21728502	140599944	140600176	140609969	140609996	NA	missing	487791.7	NA	1.1792	NA	NA	NA	NA	NA	NA	NA	NA	NA	NA	4135813
5	140609997	141879975	NA	1269979	17056	2.0044043	16968	897	2370.0	mappable	0.08016225	2.0	NA	0.00066216875	0.00101522843	0.0035140855	0.09863697	0.0996522	140609997	140610024	141879917	141879975	0.19078144	1	438452.0	22.80908	1.0065743	NA	NA	0.0	1.00220217	1.0022022	1	1	1:1	2	neutral	4135813
5	141879976	141904983	NA	25008	298	2.2756164	298	0	46.0	mappable	NA	NA	NA	NA	inf	0.0506859145	0.13689158	inf	141879976	141880034	141899949	141910017	NA	missing	442706.2	NA	1.0584	NA	NA	NA	NA	NA	NA	NA	NA	NA	NA	4135813
5	141904983	152170021	NA	10265044	149342	2.0044043	148915	5872	20819.0	mappable	0.07898889	2.0	NA	0.00079644926	0.00015875536	0.0038559384	0.08586921	0.08602796	141899949	141910017	152169974	152170021	0.15507072	1	438452.0	22.80908	1.0065743	NA	NA	0.0	1.00220217	1.0022022	1	1	1:1	2	neutral	4135813
5	152170022	152180047	NA	10026	188	2.9292378	187	6	23.0	mappable	0.23843749	NA	identical	0.04856363771	0.14285714286	0.1755859145	0.15047258	0.29332972	152170022	152170069	152179952	152180047	NA	missing	463746.0	24.6048	1.1833	NA	NA	NA	NA	NA	NA	NA	NA	NA	NA	4135813
5	152180048	180689979	NA	28509935	395520	2.0044043	394052	18140	55124.0	mappable	0.07937045	2.0	edge	0.00078427628	5.099959e-05	0.0039681295	0.08075926	0.08081026	152180048	152180143	180689979	180689979	0.15446187	1	438452.0	22.80908	1.0065743	NA	NA	0.0	1.00220217	1.0022022	1	1	1:1	2	neutral	4135813
6	201976	919988	NA	718013	12100	2.0044043	11830	579	1722.0	mappable	0.078725	2.0	edge	0.00336283125	0.0011778563	0.0189859145	0.10280847	0.10398632	201976	201976	919968	920008	0.19839245	1	438452.0	22.80908	1.0065743	NA	NA	0.0	1.00220217	1.0022022	1	1	1:1	2	neutral	4135813
6	919988	940015	NA	20028	437	1.5497774	437	0	68.0	mappable	NA	NA	NA	NA	inf	0.0880140855	0.13996065	inf	919968	920008	939999	940031	NA	missing	408921.4	NA	0.9197	NA	NA	NA	NA	NA	NA	NA	NA	NA	NA	4135813
6	940015	32220007	NA	31280001	464117	2.0044043	461772	24098	65479.0	mappable	0.07779167	2.0	NA	0.00011272227	3.781719e-05	0.0033235977	0.08032536	0.08036318	939999	940031	32219978	32220007	0.17604982	1	438452.0	22.80908	1.0065743	NA	NA	0.0	1.00220217	1.0022022	1	1	1:1	2	neutral	4135813
6	32220008	32239952	NA	19945	173	2.8292845	168	44	22.0	mappable	0.08233687	NA	identical	0.00909045157	0.02040816327	0.1564859145	0.14001936	0.16042752	32220008	32220037	32229859	32250045	0.3666703	2	445158.0	24.04139	1.1642	19.22822	0.5862721	0.1725441	1.17055403	1.6587305	sub	1	sub:1	sub	sub	4135813
6	32239952	58019982	NA	25780033	383164	2.0044043	378218	20122	53471.0	mappable	0.078725	2.0	self	0.00195477218	3.98915e-05	0.0004142478	0.08123559	0.08127548	32229859	32250045	58019982	58019982	0.1922956	1	438452.0	22.80908	1.0065743	NA	NA	0.0	1.00220217	1.0022022	1	1	1:1	2	neutral	4135813
6	58610011	58769997	NA	159987	572	1.5091775	572	17	96.0	mappable	0.05211567	3.0	NA	0.02654715961	0.05882352941	0.0531140855	0.11568989	0.17451342	58610011	58610011	58769997	58769997	NA	missing	416438.5	21.94292	0.9119418	NA	NA	NA	NA	NA	NA	NA	NA	NA	NA	4135813
6	61890002	132549993	NA	70659999	972674	2.0044043	969500	44315	137405.0	mappable	0.07621944	2.0	NA	0.00045613331	2.105751e-05	0.0021641012	0.07670361	0.07672467	61890002	61890002	132549968	132550018	0.14718553	1	438452.0	22.80908	1.0065743	NA	NA	0.0	1.00220217	1.0022022	1	1	1:1	2	neutral	4135813
6	132549993	132609923	NA	59931	997	2.3923158	997	0	141.0	mappable	NA	NA	NA	NA	inf	0.0729859145	0.12601589	inf	132549968	132550018	132609789	132609923	NA	missing	468889.1	NA	1.0807	NA	NA	NA	NA	NA	NA	NA	NA	NA	NA	4135813
6	132609924	170899935	NA	38290016	565501	2.0044043	562796	28998	80842.0	mappable	0.078725	2.0	edge	0.00019138125	3.154276e-05	0.000818978	0.07939512	0.07942666	132609924	132610058	170899935	170899935	0.16614826	1	438452.0	22.80908	1.0065743	NA	NA	0.0	1.00220217	1.0022022	1	1	1:1	2	neutral	4135813
7	40386	18419964	NA	18379586	311048	2.0044043	309824	14142	44149.0	mappable	0.078725	2.0	edge	0.0005124764	6.507875e-05	0.0013720983	0.08287888	0.08294396	40386	40386	18419923	18420005	0.14201435	1	438452.0	22.80908	1.0065743	NA	NA	0.0	1.00220217	1.0022022	1	1	1:1	2	neutral	4135813
7	18419964	18440031	NA	20068	314	2.8099218	314	4	57.0	mappable	0.20377425	NA	identical	0.12511141845	0.25	0.1527859145	0.13993246	0.38993246	18419923	18420005	18439921	18440031	NA	missing	483610.7	29.12957	1.1605	NA	NA	NA	NA	NA	NA	NA	NA	NA	NA	4135813
7	18440032	38220031	NA	19780003	280821	2.0044043	279802	14852	39210.0	mappable	0.078175	2.0	self	0.00060205461	6.3008e-05	0.0036766513	0.08251663	0.08257964	18440032	18440142	38219980	38220031	0.15627929	1	438452.0	22.80908	1.0065743	NA	NA	0.0	1.00220217	1.0022022	1	1	1:1	2	neutral	4135813
7	38220032	38411968	NA	191937	2000	1.1196118	1995	112	239.0	mappable	0.11252273	NA	identical	0.03843716875	0.00854700855	0.1702140855	0.11395834	0.12250535	38220032	38220083	38411968	38411968	0.08639554	1	334104.0	17.32476	0.8375	NA	NA	0.0	0.55980592	0.5598059	sub	sub	sub:sub	sub	sub	4135813
7	38411969	57724998	NA	19313033	257968	2.0044043	257117	12914	35742.0	mappable	0.07825	2.0	self	0.00041320479	7.264802e-05	0.0005540769	0.08263414	0.08270679	38411969	38411969	57509993	57940003	0.15734326	1	438452.0	22.80908	1.0065743	NA	NA	0.0	1.00220217	1.0022022	1	1	1:1	2	neutral	4135813
7	57724998	57999988	NA	274991	2919	1.5091775	2847	5	778.0	mappable	0.12379845	3.0	NA	0.01123531689	0.01298701299	0.1095140855	0.11068666	0.12367367	57509993	57940003	57999988	57999988	NA	missing	416438.5	21.94292	0.9119418	NA	NA	NA	NA	NA	NA	NA	NA	NA	NA	4135813
7	61530139	72229988	NA	10699850	114244	2.0044043	113357	5741	17844.0	mappable	0.07689265	2.0	self	0.00087997246	0.00015087508	0.0321357864	0.08564912	0.08579999	61530139	61530139	72229988	72229988	0.15901131	1	438452.0	22.80908	1.0065743	NA	NA	0.0	1.00220217	1.0022022	1	1	1:1	2	neutral	4135813
7	72750118	74139961	NA	1389844	10252	2.0044043	10190	192	1606.0	mappable	0.07892949	2.0	self	0.0052332858	0.00393700787	0.0175140855	0.09800803	0.10194504	72750118	72750118	74139961	74139961	0.23746029	1	438452.0	22.80908	1.0065743	NA	NA	0.0	1.00220217	1.0022022	1	1	1:1	2	neutral	4135813
7	75160045	76059952	NA	899908	8430	2.0044043	8384	446	1272.0	mappable	0.06564569	2.0	self	0.01340234738	0.00203252033	0.0227140855	0.10111521	0.10314773	75160045	75160045	76059952	76059952	0.17537285	1	438452.0	22.80908	1.0065743	NA	NA	0.0	1.00220217	1.0022022	1	1	1:1	2	neutral	4135813
7	76810004	97444995	NA	20634995	277358	2.0044043	276438	12500	39290.0	mappable	0.07556071	2.0	self	0.00053115249	7.451565e-05	0.0023973431	0.0823093	0.08238382	76810004	76810004	97439979	97444995	0.14743814	1	438452.0	22.80908	1.0065743	NA	NA	0.0	1.00220217	1.0022022	1	1	1:1	2	neutral	4135813
7	97444996	97470042	NA	25047	294	1.5091775	292	6	35.0	mappable	0.04365726	3.0	NA	0.02988463977	0.125	0.0785140855	0.13687052	0.26187052	97444996	97450012	97469981	97470042	NA	missing	416438.5	21.94292	0.9119418	NA	NA	NA	NA	NA	NA	NA	NA	NA	NA	4135813
7	97470043	97479990	NA	9948	232	2.4409041	229	0	32.0	mappable	NA	6.0	NA	0.03805859732	0.33333333333	0.1024859145	0.15060025	0.48393358	97470043	97470104	97479843	97479990	NA	missing	454612.5	NA	1.0899847	NA	NA	NA	NA	NA	NA	NA	NA	NA	NA	4135813
7	97479991	103420002	NA	5940013	59469	2.0044043	59128	1744	8878.0	mappable	0.0825	2.0	self	0.00308582582	0.00047961631	0.010364204	0.08888085	0.08936047	97479991	97480138	103419976	103420002	0.19071822	1	438452.0	22.80908	1.0065743	NA	NA	0.0	1.00220217	1.0022022	1	1	1:1	2	neutral	4135813
7	103420003	103430029	NA	10027	153	2.9088285	136	0	20.0	mappable	NA	NA	identical	0.00194060903	0.05882352941	0.1716859145	0.15047095	0.20929448	103420003	103420029	103429950	103430029	NA	missing	449876.0	NA	1.1794	NA	NA	NA	NA	NA	NA	NA	NA	NA	NA	4135813
7	103430030	143859979	NA	40429954	530783	2.0044043	528811	23612	75228.0	mappable	0.0753	2.0	self	0.00222650182	3.908999e-05	0.0035982537	0.07914861	0.0791877	103430030	103430109	143859933	143859979	0.16579515	1	438452.0	22.80908	1.0065743	NA	NA	0.0	1.00220217	1.0022022	1	1	1:1	2	neutral	4135813
7	143978862	158504994	NA	14526136	210570	2.0044043	209441	9052	30370.0	mappable	0.0753	2.0	self	0.00179794251	9.822218e-05	0.0001952262	0.08406135	0.08415957	143978862	144080248	158499941	158504994	0.16545535	1	438452.0	22.80908	1.0065743	NA	NA	0.0	1.00220217	1.0022022	1	1	1:1	2	neutral	4135813
7	158504995	158520056	NA	15062	185	1.3127154	180	1	28.0	mappable	0.10526316	NA	identical	0.64504681787	0.16666666667	0.1333140855	0.14410649	0.31077315	158504995	158510048	158519982	158520056	NA	missing	427351.7	23.6168	0.8744	NA	NA	NA	NA	NA	NA	NA	NA	NA	NA	4135813
7	158520057	159119808	NA	599752	10054	2.0044043	9912	204	1627.0	mappable	0.06600833	2.0	edge	0.00336283125	0.00289017341	0.0135140855	0.10419919	0.10708937	158520057	158520131	159119808	159119808	0.19770878	1	438452.0	22.80908	1.0065743	NA	NA	0.0	1.00220217	1.0022022	1	1	1:1	2	neutral	4135813
8	170012	2330320	NA	2160311	48445	2.0044043	47810	2607	7375.0	mappable	0.078725	2.0	edge	0.00113889661	0.00030854674	0.0050964696	0.09504435	0.0953529	170012	170012	2319990	2340650	0.17908252	1	438452.0	22.80908	1.0065743	NA	NA	0.0	1.00220217	1.0022022	1	1	1:1	2	neutral	4135813
8	2330320	2349984	NA	19665	248	2.8617301	247	2	34.0	mappable	0.24134871	NA	identical	0.16189956892	0.33333333333	0.1626859145	0.14021959	0.47355292	2319990	2340650	2349964	2350004	NA	missing	448042.0	27.80882	1.1704	NA	NA	NA	NA	NA	NA	NA	NA	NA	NA	4135813
8	2349984	4559996	NA	2210021	75918	2.0044043	75680	4223	10399.0	mappable	0.07704167	2.0	self	0.00278288198	0.00022416499	0.0009385895	0.09489634	0.0951205	2349964	2350004	4559987	4560005	0.16612054	1	438452.0	22.80908	1.0065743	NA	NA	0.0	1.00220217	1.0022022	1	1	1:1	2	neutral	4135813
8	4559996	4600008	NA	40013	1281	2.4409041	1277	54	196.0	mappable	0.08603039	6.0	NA	0.01118359732	0.01724137931	0.0582859145	0.13082001	0.14806139	4559987	4560005	4599991	4600008	0.1479366	1	454612.5	23.92436	1.0899847	NA	NA	0.0	1.22045207	1.2204521	1	1	1:1	2	neutral	4135813
8	4600009	4609995	NA	9987	382	1.5091775	345	0	51.0	mappable	NA	3.0	NA	0.00646164078	0.02702702703	0.1010140855	0.15053626	0.17756329	4600009	4600026	4609981	4609995	NA	missing	416438.5	NA	0.9119418	NA	NA	NA	NA	NA	NA	NA	NA	NA	NA	4135813
8	4609996	6919904	NA	2309915	67042	2.0044043	66845	3789	9186.0	mappable	0.07546935	2.0	self	0.00214018937	0.00025087807	0.0102438936	0.09461003	0.09486091	4609996	4610010	6919904	6919904	0.15471082	1	438452.0	22.80908	1.0065743	NA	NA	0.0	1.00220217	1.0022022	1	1	1:1	2	neutral	4135813
8	8100000	11859985	NA	3759987	79383	2.0044043	79149	3234	11013.0	mappable	0.0753	2.0	self	0.00295378826	0.00028835063	0.0021622306	0.09156546	0.09185382	8100000	8100000	11859985	11859985	0.17488772	1	438452.0	22.80908	1.0065743	NA	NA	0.0	1.00220217	1.0022022	1	1	1:1	2	neutral	4135813
8	12580042	24020002	NA	11439962	236054	2.0044043	235310	11432	32685.0	mappable	0.07805741	2.0	NA	5.83473e-05	8.213552e-05	0.0078413093	0.08529665	0.08537879	12580042	12580042	24019944	24020002	0.15561519	1	438452.0	22.80908	1.0065743	NA	NA	0.0	1.00220217	1.0022022	1	1	1:1	2	neutral	4135813
8	24020003	24029990	NA	9988	157	1.4451143	157	0	33.0	mappable	NA	NA	NA	NA	inf	0.1080140855	0.15053462	inf	24020003	24020061	24029905	24030075	NA	missing	427641.4	NA	0.8997	NA	NA	NA	NA	NA	NA	NA	NA	NA	NA	4135813
8	24029990	43679985	NA	19649998	281171	2.0044043	280269	11397	40076.0	mappable	0.0753	2.0	NA	0.0022760633	8.130742e-05	0.0049260056	0.08254903	0.08263034	24029905	24030075	43679913	43679985	0.16896697	1	438452.0	22.80908	1.0065743	NA	NA	0.0	1.00220217	1.0022022	1	1	1:1	2	neutral	4135813
8	43679986	43789991	NA	110006	3253	1.5091775	3232	47	644.0	mappable	0.0786049	3.0	NA	0.01198716875	0.01470588235	0.0840140855	0.11942279	0.13412867	43679986	43680058	43789991	43789991	0.18127326	1	416438.5	21.94292	0.9119418	NA	NA	0.0	0.75458877	0.7545888	1	1	1:1	2	neutral	4135813
8	46880007	106909899	NA	60029899	809828	2.0044043	807226	34634	115417.0	mappable	0.0753	2.0	NA	0.00198419824	2.685573e-05	0.0028594715	0.07740184	0.0774287	46880007	46880007	106909758	106909899	0.15794885	1	438452.0	22.80908	1.0065743	NA	NA	0.0	1.00220217	1.0022022	1	1	1:1	2	neutral	4135813
8	106909900	106920031	NA	10132	134	1.2865496	134	0	20.0	mappable	NA	NA	NA	NA	inf	0.1383140855	0.150301	inf	106909900	106910041	106919993	106920031	NA	missing	407361.7	NA	0.8694	NA	NA	NA	NA	NA	NA	NA	NA	NA	NA	4135813
8	106920032	146289988	NA	39369962	578667	2.0044043	576454	24275	80606.0	mappable	0.078725	2.0	edge	4.961949e-05	3.775294e-05	0.000642944	0.07926885	0.0793066	106920032	106920070	146289988	146289988	0.15241563	1	438452.0	22.80908	1.0065743	NA	NA	0.0	1.00220217	1.0022022	1	1	1:1	2	neutral	4135813
9	200101	4240015	NA	4039916	83706	2.0044043	83469	3991	11594.0	mappable	0.07212241	2.0	edge	0.00422004874	0.00023651845	0.0138680592	0.09113322	0.09136974	200101	200101	4239992	4240015	0.15750038	1	438452.0	22.80908	1.0065743	NA	NA	0.0	1.00220217	1.0022022	1	1	1:1	2	neutral	4135813
9	4240016	4279940	NA	39925	747	2.6304245	742	2	89.0	mappable	0.22293447	NA	NA	0.31632498926	0.14285714286	0.1184859145	0.13084719	0.27370434	4240016	4240039	4279816	4280064	NA	missing	472923.1	28.9177	1.1262	NA	NA	NA	NA	NA	NA	NA	NA	NA	NA	4135813
9	4279940	33010007	NA	28730070	496879	2.0044043	495494	23769	69691.0	mappable	0.07799412	2.0	NA	0.00084316546	3.975511e-05	0.0014477928	0.08072309	0.08076285	4279816	4280064	33009981	33010007	0.15053882	1	438452.0	22.80908	1.0065743	NA	NA	0.0	1.00220217	1.0022022	1	1	1:1	2	neutral	4135813
9	33010008	33020011	NA	10004	214	2.6539737	214	0	37.0	mappable	NA	NA	NA	NA	inf	0.1229859145	0.15050846	inf	33010008	33010034	33019981	33020011	NA	missing	463706.7	NA	1.1307	NA	NA	NA	NA	NA	NA	NA	NA	NA	NA	4135813
9	33020012	38769828	NA	5749819	63638	2.0044043	63406	2642	9017.0	mappable	0.08217652	2.0	NA	0.00132644718	0.00034794711	0.0111160098	0.08906669	0.08941463	33020012	33020042	38769828	38769828	0.17066979	1	438452.0	22.80908	1.0065743	NA	NA	0.0	1.00220217	1.0022022	1	1	1:1	2	neutral	4135813
9	66840048	66849972	NA	9925	540	2.0044043	505	0	150.0	mappable	NA	2.0	self	0.02601283125	0.02857142857	0.0242140855	0.15063813	0.17920955	66840048	66840048	66849972	66849972	NA	missing	438452.0	NA	1.0065743	NA	NA	NA	NA	NA	NA	NA	NA	NA	NA	4135813
9	68410004	68419976	NA	9973	1130	2.1714766	1039	0	276.0	mappable	NA	NA	NA	0.18550261347	0.01098901099	0.0307859145	0.15055919	0.1615482	68410004	68410004	68419976	68419976	NA	missing	3014730.0	NA	1.0385	NA	NA	NA	NA	NA	NA	NA	NA	NA	NA	4135813
9	71030093	141019791	NA	69989710	961771	2.0044043	957794	41231	136111.0	mappable	0.07721364	2.0	edge	0.00124812378	2.211998e-05	0.0047656573	0.07674409	0.07676621	71030093	71030093	141019791	141019791	0.16667952	1	438452.0	22.80908	1.0065743	NA	NA	0.0	1.00220217	1.0022022	1	1	1:1	2	neutral	4135813
10	130013	6229998	NA	6099986	108847	2.0044043	108066	5298	15739.0	mappable	0.0753	2.0	edge	6.216875e-05	0.00016450074	0.0061859145	0.08872967	0.08889417	130013	130013	6229969	6229998	0.18585182	1	438452.0	22.80908	1.0065743	NA	NA	0.0	1.00220217	1.0022022	1	1	1:1	2	neutral	4135813
10	6229999	6240052	NA	10054	176	2.7978856	161	0	27.0	mappable	NA	NA	identical	0.09874509557	0.06666666667	0.1504859145	0.15042704	0.21709371	6229999	6230028	6239969	6240052	NA	missing	440693.3	NA	1.1582	NA	NA	NA	NA	NA	NA	NA	NA	NA	NA	4135813
10	6240053	14549956	NA	8309905	135201	2.0044043	134585	7001	19008.0	mappable	0.07638895	2.0	NA	0.00148923677	0.00013128528	0.0105547353	0.08700797	0.08713925	6240053	6240136	14549912	14549956	0.15426771	1	438452.0	22.80908	1.0065743	NA	NA	0.0	1.00220217	1.0022022	1	1	1:1	2	neutral	4135813
10	14549957	14570047	NA	20091	290	2.3363211	290	0	40.0	mappable	NA	NA	NA	NA	inf	0.0622859145	0.13991628	inf	14549957	14550001	14569886	14570208	NA	missing	460153.5	NA	1.07	NA	NA	NA	NA	NA	NA	NA	NA	NA	NA	4135813
10	14570047	39149984	NA	24579945	341412	2.0044043	340131	15605	50472.0	mappable	0.078725	2.0	NA	0.00019755985	5.922066e-05	0.0085726845	0.08146315	0.08152237	14569886	14570208	39149984	39149984	0.14895405	1	438452.0	22.80908	1.0065743	NA	NA	0.0	1.00220217	1.0022022	1	1	1:1	2	neutral	4135813
10	42410000	42655064	NA	245065	3881	1.5091775	3855	170	737.0	mappable	0.0795	3.0	NA	0.00083716875	0.00510204082	0.1067140855	0.11171434	0.11681638	42410000	42410000	42519964	42655064	0.09187166	1	416438.5	21.94292	0.9119418	NA	NA	0.0	0.75458877	0.7545888	1	1	1:1	2	neutral	4135813
10	42655065	46149980	NA	3494916	39607	2.0044043	39445	2310	5609.0	mappable	0.0782	2.0	self	0.00032605763	0.00040453074	0.0056140855	0.09200975	0.09241428	42655065	42790165	46149945	46149980	0.16202361	1	438452.0	22.80908	1.0065743	NA	NA	0.0	1.00220217	1.0022022	1	1	1:1	2	neutral	4135813
10	46149981	46159967	NA	9987	141	2.4409041	138	0	27.0	mappable	NA	6.0	NA	0.04118355318	0.33333333333	0.0871859145	0.15053626	0.48386959	46149981	46150016	46159967	46159967	NA	missing	454612.5	NA	1.0899847	NA	NA	NA	NA	NA	NA	NA	NA	NA	NA	4135813
10	48310177	48659961	NA	349785	5562	2.0044043	5556	161	729.0	mappable	0.08984643	2.0	self	0.00894907351	0.00598802395	0.0300140855	0.10860057	0.1145886	48310177	48310177	48659961	48659961	0.17022364	1	438452.0	22.80908	1.0065743	NA	NA	0.0	1.00220217	1.0022022	1	1	1:1	2	neutral	4135813
10	49390096	105560160	NA	56170077	752501	2.0044043	749855	34651	105930.0	mappable	0.07876667	2.0	self	0.00034992712	2.681181e-05	0.0007433957	0.07769012	0.07771693	49390096	49390096	105559994	105560160	0.16388774	1	438452.0	22.80908	1.0065743	NA	NA	0.0	1.00220217	1.0022022	1	1	1:1	2	neutral	4135813
10	105560161	105569980	NA	9820	139	2.8952223	123	0	18.0	mappable	NA	NA	identical	0.01105558611	0.0625	0.1690859145	0.15081242	0.21331242	105560161	105560327	105569938	105569980	NA	missing	479712.5	NA	1.1768	NA	NA	NA	NA	NA	NA	NA	NA	NA	NA	4135813
10	105569981	135439925	NA	29869952	458962	2.0044043	456916	21421	64143.0	mappable	0.078725	2.0	edge	0.00186506231	4.261485e-05	0.0023543372	0.08054062	0.08058323	105569981	105570023	135439925	135439925	0.16591652	1	438452.0	22.80908	1.0065743	NA	NA	0.0	1.00220217	1.0022022	1	1	1:1	2	neutral	4135813
11	190010	30689911	NA	30499903	443690	2.0044043	441453	24413	60713.0	mappable	0.07779167	2.0	edge	5.921449e-05	3.752627e-05	0.0012472339	0.08044308	0.0804806	190010	190010	30689755	30689911	0.17497036	1	438452.0	22.80908	1.0065743	NA	NA	0.0	1.00220217	1.0022022	1	1	1:1	2	neutral	4135813
11	30689912	30699962	NA	10051	165	2.7931757	165	0	30.0	mappable	NA	NA	NA	NA	inf	0.1495859145	0.15043191	inf	30689912	30690068	30699924	30699962	NA	missing	469302.0	NA	1.1573	NA	NA	NA	NA	NA	NA	NA	NA	NA	NA	4135813
11	30699963	48683715	NA	17983756	249404	2.0044043	248525	9535	34885.0	mappable	0.07973333	2.0	NA	4.141067e-05	9.602458e-05	0.0043493074	0.08298689	0.08308292	30699963	30700001	48683686	48683715	0.15315444	1	438452.0	22.80908	1.0065743	NA	NA	0.0	1.00220217	1.0022022	1	1	1:1	2	neutral	4135813
11	48683716	48899996	NA	216281	2000	1.5091775	1953	34	496.0	mappable	0.09191111	3.0	NA	0.0030677243	0.01234567901	0.1135140855	0.11285059	0.12519627	48683716	48683745	48899996	48899996	0.31464856	1	416438.5	21.94292	0.9119418	NA	NA	0.0	0.75458877	0.7545888	1	1	1:1	2	neutral	4135813
11	48899997	50170092	NA	1270096	0	0.0	0	0	NA	mappable	NA	NA	NA	NA	inf	1.0077140855	0.09863632	inf	48899997	48899997	50170092	50170092	NA	missing	NA	NA	0.0	NA	NA	0.0	0.0	0.0	0	0	NA	0	homozygousDel	4135813
11	50170093	50370074	NA	199982	1443	2.0044043	1440	11	267.0	mappable	0.05590351	2.0	NA	0.02390088366	0.07142857143	0.0282140855	0.11357499	0.18500356	50170093	50170093	50369980	50370168	NA	missing	438452.0	22.80908	1.0065743	NA	NA	NA	NA	NA	NA	NA	NA	NA	NA	4135813
11	50370074	51469986	NA	1099913	15792	1.5091775	15790	55	3028.0	mappable	0.1002	3.0	NA	0.01361494652	0.01754385965	0.0790140855	0.09965639	0.11720025	50369980	50370168	51369973	51469986	0.44047824	2	416438.5	21.94292	0.9119418	22.9634	0.5851224	0.1702449	0.62612388	0.8830537	1	sub	1:sub	sub	sub	4135813
11	51469987	51579984	NA	109998	1141	1.1583372	1141	0	272.0	mappable	NA	NA	NA	NA	inf	0.1628140855	0.11942353	inf	51469987	51570000	51579984	51579984	NA	missing	421248.0	NA	0.8449	NA	NA	NA	NA	NA	NA	NA	NA	NA	NA	4135813
11	54793872	55054985	NA	261114	4749	1.5091775	4728	42	975.0	mappable	0.06702763	3.0	NA	0.01402052356	0.01587301587	0.1166140855	0.11114618	0.1270192	54793872	54793872	55029956	55054985	0.21034075	1	416438.5	21.94292	0.9119418	NA	NA	0.0	0.75458877	0.7545888	1	1	1:1	2	neutral	4135813
11	55054986	88410053	NA	33355072	444741	2.0044043	443141	17437	62860.0	mappable	0.078725	2.0	NA	0.00099106761	5.252929e-05	0.0004779946	0.08002752	0.08008005	55054986	55080015	88409979	88410127	0.16066003	1	438452.0	22.80908	1.0065743	NA	NA	0.0	1.00220217	1.0022022	1	1	1:1	2	neutral	4135813
11	88410053	88419993	NA	9941	145	2.5780929	145	0	19.0	mappable	NA	NA	NA	NA	inf	0.1084859145	0.15061176	inf	88409979	88410127	88419978	88419993	NA	missing	436290.0	NA	1.1162	NA	NA	NA	NA	NA	NA	NA	NA	NA	NA	4135813
11	88419994	89349940	NA	929947	5971	2.0044043	5963	26	886.0	mappable	0.10955	2.0	NA	0.02403716875	0.02941176471	0.0006140855	0.10087362	0.13028539	88419994	88420009	89349940	89349940	NA	missing	438452.0	22.80908	1.0065743	NA	NA	NA	NA	NA	NA	NA	NA	NA	NA	4135813
11	89850037	114504956	NA	24654921	357836	2.0044043	356521	15690	50350.0	mappable	0.07951346	2.0	NA	0.00030500765	5.880623e-05	0.0026034578	0.08144857	0.08150738	89850037	89850037	114499898	114510014	0.1596129	1	438452.0	22.80908	1.0065743	NA	NA	0.0	1.00220217	1.0022022	1	1	1:1	2	neutral	4135813
11	114504956	114520015	NA	15060	179	2.8214348	179	0	31.0	mappable	NA	NA	NA	NA	inf	0.1549859145	0.14410848	inf	114499898	114510014	114519961	114520015	NA	missing	476258.3	NA	1.1627	NA	NA	NA	NA	NA	NA	NA	NA	NA	NA	4135813
11	114520016	134939862	NA	20419851	306308	2.0044043	305073	13107	42599.0	mappable	0.0753	2.0	edge	0.0023679685	6.972528e-05	0.0008669523	0.08236056	0.08243028	114520016	114520070	134939862	134939862	0.16587058	1	438452.0	22.80908	1.0065743	NA	NA	0.0	1.00220217	1.0022022	1	1	1:1	2	neutral	4135813
12	160107	34409951	NA	34249847	467535	2.0044043	465339	23765	65758.0	mappable	0.078725	2.0	edge	0.00072877207	3.851932e-05	0.0011751431	0.07990541	0.07994393	160107	160107	34389874	34409951	0.15949855	1	438452.0	22.80908	1.0065743	NA	NA	0.0	1.00220217	1.0022022	1	1	1:1	2	neutral	4135813
12	34409952	34819969	NA	410018	9968	1.5091775	9958	55	2089.0	mappable	0.10864167	3.0	NA	0.02347906064	0.01538461538	0.0997140855	0.10726548	0.12265009	34409952	34430029	34819969	34819969	0.22931576	1	416438.5	21.94292	0.9119418	NA	NA	0.0	0.75458877	0.7545888	1	1	1:1	2	neutral	4135813
12	38000003	38350000	NA	349998	12661	1.5091775	12649	12	2768.0	mappable	0.0682	3.0	NA	0.00868489602	0.04166666667	0.1021140855	0.1085954	0.15026206	38000003	38000003	38349951	38350049	NA	missing	416438.5	21.94292	0.9119418	NA	NA	NA	NA	NA	NA	NA	NA	NA	NA	4135813
12	38350000	133819926	NA	95469939	1290799	2.0044043	1285656	54013	185574.0	mappable	0.078725	2.0	edge	0.00041585401	1.690446e-05	0.0005557143	0.07544738	0.07546428	38349951	38350049	133819926	133819926	0.15259761	1	438452.0	22.80908	1.0065743	NA	NA	0.0	1.00220217	1.0022022	1	1	1:1	2	neutral	4135813
13	19450038	19479989	NA	29952	180	2.4409041	163	0	30.0	mappable	NA	6.0	edge	0.01397949792	0.05882352941	0.0838859145	0.13449569	0.19331922	19450038	19450038	19459951	19479989	NA	missing	454612.5	NA	1.0899847	NA	NA	NA	NA	NA	NA	NA	NA	NA	NA	4135813
13	19479990	59399892	NA	39919906	541211	2.0044043	539225	24885	75870.0	mappable	0.078725	2.0	NA	0.00204628126	3.721484e-05	0.0014606939	0.07920602	0.07924324	19479990	19500028	59399642	59399892	0.16660801	1	438452.0	22.80908	1.0065743	NA	NA	0.0	1.00220217	1.0022022	1	1	1:1	2	neutral	4135813
13	59399893	59439995	NA	40103	587	1.6738033	587	0	91.0	mappable	NA	NA	NA	NA	inf	0.0643140855	0.13079228	inf	59399893	59400143	59439991	59439995	NA	missing	416294.9	NA	0.9434	NA	NA	NA	NA	NA	NA	NA	NA	NA	NA	4135813
13	59439996	115099984	NA	55660002	825522	2.0044043	822471	38225	117610.0	mappable	0.0753	2.0	edge	0.00150129321	2.422715e-05	0.0014060597	0.07772986	0.07775409	59439996	59440000	115099984	115099984	0.15759547	1	438452.0	22.80908	1.0065743	NA	NA	0.0	1.00220217	1.0022022	1	1	1:1	2	neutral	4135813
14	20330060	22510012	NA	2179954	31632	2.0044043	31473	1891	4470.0	mappable	0.0775931	2.0	edge	0.0012432093	0.00048780488	0.0090016676	0.09498541	0.09547321	20330060	20330060	22509996	22510028	0.15484339	1	438452.0	22.80908	1.0065743	NA	NA	0.0	1.00220217	1.0022022	1	1	1:1	2	neutral	4135813
14	22510012	22980034	NA	470023	7921	0.7079408	7866	617	895.0	mappable	0.07251786	NA	identical	0.00575548548	0.00148809524	0.2488799862	0.10614375	0.10763184	22509996	22510028	22979980	22980088	0.13684801	1	272996.3	14.19581	0.7588341	NA	NA	0.0	0.35397038	0.3539704	sub	sub	sub:sub	sub	sub	4135813
14	22980034	23990029	NA	1009996	11523	2.0044043	11484	325	1696.0	mappable	0.08759722	2.0	NA	0.00606494652	0.00274725275	0.0003859145	0.10027114	0.1030184	22979980	22980088	23989924	23990134	0.1747582	1	438452.0	22.80908	1.0065743	NA	NA	0.0	1.00220217	1.0022022	1	1	1:1	2	neutral	4135813
14	23990029	23999946	NA	9918	126	1.4398811	126	0	19.0	mappable	NA	NA	NA	NA	inf	0.1090140855	0.15064967	inf	23989924	23990134	23999876	23999946	NA	missing	418226.0	NA	0.8987	NA	NA	NA	NA	NA	NA	NA	NA	NA	NA	4135813
14	23999947	34660010	NA	10660066	147192	2.0044043	146777	6065	20710.0	mappable	0.077725	2.0	NA	0.00051700438	0.00015432099	0.00279518	0.08566883	0.08582315	23999947	24000017	34659909	34660010	0.17280919	1	438452.0	22.80908	1.0065743	NA	NA	0.0	1.00220217	1.0022022	1	1	1:1	2	neutral	4135813
14	34660011	34670042	NA	10032	177	2.6094919	174	0	18.0	mappable	NA	NA	identical	0.79739151657	0.33333333333	0.1144859145	0.15046281	0.48379614	34660011	34660112	34669979	34670105	NA	missing	447730.0	NA	1.1222	NA	NA	NA	NA	NA	NA	NA	NA	NA	NA	4135813
14	34670042	49639987	NA	14969947	204121	2.0044043	203423	8061	29643.0	mappable	0.07611944	2.0	self	0.00152995544	0.00011416828	0.0014272291	0.08390822	0.08402239	34669979	34670105	49639947	49640027	0.16196042	1	438452.0	22.80908	1.0065743	NA	NA	0.0	1.00220217	1.0022022	1	1	1:1	2	neutral	4135813
14	49639987	49650003	NA	10017	133	3.1197248	132	8	15.0	mappable	0.07320497	NA	identical	0.01467167858	0.11111111111	0.2119859145	0.15048725	0.26159836	49639947	49640027	49649980	49650026	NA	missing	481592.0	26.05268	1.2197	NA	NA	NA	NA	NA	NA	NA	NA	NA	NA	4135813
14	49650003	106330847	NA	56680849	805977	2.0044043	803081	35882	113320.0	mappable	0.078725	2.0	self	0.00015980316	2.578848e-05	0.0039968814	0.07765073	0.07767652	49649980	49650026	106330841	106330847	0.16283948	1	438452.0	22.80908	1.0065743	NA	NA	0.0	1.00220217	1.0022022	1	1	1:1	2	neutral	4135813
14	106330848	106370364	DEL	39517	318	0.2315449	315	32	42.0	mappable	0.09035278	NA	NA	0.02619893345	0.02857142857	0.3399140855	0.13097418	0.1595456	106330848	106330856	106349982	106370364	0.29416512	1	285713.8	15.37505	0.6678	NA	NA	0.0	0.11577247	0.1157725	0	0	0:0	0	LOH	4135813
14	106370365	106378132	DEL	7768	0	0.0	0	0	NA	mappable	NA	NA	NA	NA	inf	1.0077140855	0.1547589	inf	106370365	106370365	106378132	106378132	NA	missing	NA	NA	0.0	NA	NA	0.0	0.0	0.0	0	0	NA	0	homozygousDel	4135813
14	106378133	106382689	DEL	4557	0	0.0	0	0	NA	mappable	NA	NA	NA	NA	inf	1.0077140855	0.16455666	inf	106378133	106378133	106382689	106382689	NA	missing	NA	NA	0.0	NA	NA	0.0	0.0	0.0	0	0	NA	0	homozygousDel	4135813
14	106382690	107049989	DEL	667300	6775	1.2750366	6479	361	861.0	mappable	0.25645	NA	NA	0.19141216875	0.00152207002	0.1405140855	0.10336999	0.10489206	106382690	106400108	107039972	107060006	0.78595812	2	387932.7	24.11473	0.8672	22.49519	0.9328837	0.8657674	0.08557574	1.1894609	1	0	1:0	1	LOH	4135813
14	107049989	107259908	NA	209920	3305	2.2792796	3290	4	446.0	mappable	0.12737083	NA	edge	0.03571283125	0.05263157895	0.0513859145	0.1131255	0.16575708	107039972	107060006	107259908	107259908	NA	missing	462745.2	25.70807	1.0591	NA	NA	NA	NA	NA	NA	NA	NA	NA	NA	4135813
15	20850000	20859924	NA	9925	165	2.0044043	132	0	24.0	mappable	NA	2.0	edge	0.00103388389	0.0303030303	0.0166140855	0.15063813	0.18094116	20850000	20850000	20859924	20859924	NA	missing	438452.0	NA	1.0065743	NA	NA	NA	NA	NA	NA	NA	NA	NA	NA	4135813
15	22480079	23069956	NA	589878	4049	2.0044043	4000	216	608.0	mappable	0.08923362	2.0	self	0.00691216875	0.00377358491	0.0137140855	0.10432937	0.10810296	22480079	22480079	23069956	23069956	0.05327648	1	438452.0	22.80908	1.0065743	NA	NA	0.0	1.00220217	1.0022022	1	1	1:1	2	neutral	4135813
15	23710146	24329926	NA	619781	10352	2.0044043	10317	584	1374.0	mappable	0.07281154	2.0	NA	0.00343425983	0.00161550889	0.0082140855	0.10394255	0.10555805	23710146	23710146	24329926	24329926	0.15064156	1	438452.0	22.80908	1.0065743	NA	NA	0.0	1.00220217	1.0022022	1	1	1:1	2	neutral	4135813
15	24329927	24830091	NA	500165	0	0.0	0	0	NA	mappable	NA	NA	NA	NA	inf	1.0077140855	0.10564099	inf	24329927	24329927	24830091	24830091	NA	missing	NA	NA	0.0	NA	NA	0.0	0.0	0.0	0	0	NA	0	homozygousDel	4135813
15	24830092	28529988	NA	3699898	57408	2.0044043	57171	2625	7838.0	mappable	0.07793929	2.0	NA	0.00014422109	0.00034940601	0.0202510995	0.091663	0.09201241	24830092	24830092	28529988	28529988	0.15039358	1	438452.0	22.80908	1.0065743	NA	NA	0.0	1.00220217	1.0022022	1	1	1:1	2	neutral	4135813
15	29100034	30369914	NA	1269881	18284	2.0044043	18244	465	2593.0	mappable	0.08129167	2.0	self	0.00348716875	0.00198019802	0.0226140855	0.09863751	0.10061771	29100034	29100034	30369914	30369914	0.19025674	1	438452.0	22.80908	1.0065743	NA	NA	0.0	1.00220217	1.0022022	1	1	1:1	2	neutral	4135813
15	31160110	82479795	NA	51319691	690155	2.0044043	687760	27371	98012.0	mappable	0.0753	2.0	self	0.00114735028	3.359538e-05	0.0038708799	0.07808532	0.07811891	31160110	31160110	82479795	82479795	0.16702432	1	438452.0	22.80908	1.0065743	NA	NA	0.0	1.00220217	1.0022022	1	1	1:1	2	neutral	4135813
15	83211507	102399920	NA	19188418	295938	2.0044043	294678	14948	41246.0	mappable	0.0764	2.0	edge	0.00298183157	6.169793e-05	0.006292609	0.08266604	0.08272774	83211507	83211507	102399920	102399920	0.1486865	1	438452.0	22.80908	1.0065743	NA	NA	0.0	1.00220217	1.0022022	1	1	1:1	2	neutral	4135813
16	100010	16289940	NA	16189936	298206	2.0044043	296785	15238	41781.0	mappable	0.0782	2.0	edge	1.750516e-05	6.002761e-05	0.0113114581	0.08351221	0.08357224	100010	100010	16289940	16289940	0.16763385	1	438452.0	22.80908	1.0065743	NA	NA	0.0	1.00220217	1.0022022	1	1	1:1	2	neutral	4135813
16	16870104	18169896	NA	1299793	20463	2.0044043	20386	894	2892.0	mappable	0.0726	2.0	self	0.00336283125	0.00102986612	0.0227140855	0.09847438	0.09950425	16870104	16870104	18169896	18169896	0.1620754	1	438452.0	22.80908	1.0065743	NA	NA	0.0	1.00220217	1.0022022	1	1	1:1	2	neutral	4135813
16	18800044	29039945	NA	10239905	125274	2.0044043	124565	5707	17947.0	mappable	0.07973333	2.0	self	0.00068182231	0.00015586035	0.0090911932	0.08588225	0.08603811	18800044	18800044	29039945	29039945	0.16805773	1	438452.0	22.80908	1.0065743	NA	NA	0.0	1.00220217	1.0022022	1	1	1:1	2	neutral	4135813
16	29670028	31959970	NA	2289943	17550	2.0044043	17461	547	2687.0	mappable	0.0753	2.0	self	0.00336283125	0.00157232704	0.0131140855	0.09466613	0.09623846	29670028	29670028	31959970	31959970	0.18854583	1	438452.0	22.80908	1.0065743	NA	NA	0.0	1.00220217	1.0022022	1	1	1:1	2	neutral	4135813
16	32520030	32649899	NA	129870	3149	1.7135753	2826	0	704.0	mappable	NA	NA	NA	0.16448917691	0.00309597523	0.0567140855	0.11773911	0.12083509	32520030	32520030	32649899	32649899	NA	missing	680573.4	NA	0.951	NA	NA	NA	NA	NA	NA	NA	NA	NA	NA	4135813
16	33590105	35279959	NA	1689855	15427	2.0044043	15357	88	2989.0	mappable	0.08682669	2.0	self	0.00028783125	0.00632911392	0.0369140855	0.09667221	0.10300133	33590105	33590105	35279959	35279959	0.28899781	1	438452.0	22.80908	1.0065743	NA	NA	0.0	1.00220217	1.0022022	1	1	1:1	2	neutral	4135813
16	46450014	90109969	NA	43659966	703130	2.0044043	700443	30707	99285.0	mappable	0.078725	2.0	edge	0.00066383031	2.99455e-05	0.0020488391	0.0788028	0.07883275	46450014	46450014	90109969	90109969	0.16533825	1	438452.0	22.80908	1.0065743	NA	NA	0.0	1.00220217	1.0022022	1	1	1:1	2	neutral	4135813
17	20080	64980	NA	44901	741	1.6539173	722	2	111.0	mappable	0.13240418	NA	edge	0.34177466875	0.04761904762	0.0681140855	0.12941248	0.17703153	20080	20080	59957	64980	NA	missing	416770.7	23.59764	0.9396	NA	NA	NA	NA	NA	NA	NA	NA	NA	NA	4135813
17	64981	79929	NA	14949	219	2.4409041	211	9	44.0	mappable	0.11389773	6.0	NA	0.00066216875	0.05882352941	0.0965859145	0.14421938	0.20304291	64981	70004	79829	79929	NA	missing	454612.5	23.92436	1.0899847	NA	NA	NA	NA	NA	NA	NA	NA	NA	NA	4135813
17	79930	18239982	NA	18160056	231467	2.0044043	230269	11024	33195.0	mappable	0.0753	2.0	self	3.375158e-05	8.181967e-05	0.0085214831	0.08293846	0.08302028	79930	80030	18239982	18239982	0.17588272	1	438452.0	22.80908	1.0065743	NA	NA	0.0	1.00220217	1.0022022	1	1	1:1	2	neutral	4135813
17	18750212	22239986	NA	3489775	25834	2.0044043	25152	888	3900.0	mappable	0.07470185	2.0	self	2.711697e-05	0.00063694268	0.0006140855	0.09201874	0.09265569	18750212	18750212	22239986	22239986	0.18382528	1	438452.0	22.80908	1.0065743	NA	NA	0.0	1.00220217	1.0022022	1	1	1:1	2	neutral	4135813
17	25390040	39345018	NA	13954981	156701	1.9805778	156030	6437	22670.0	mappable	0.36035	NA	NA	0.2800376584	0.00014068655	0.0056928322	0.08426631	0.084407	25390040	25390040	39339991	39345018	0.9030214	2	435318.8	29.38402	1.0020213	21.84656	0.9633263	0.9266526	0.07263515	1.9079426	2	0	2:0	2	cnLOH	4135813
17	39345019	39450046	NA	105028	744	1.7282281	742	12	112.0	mappable	0.19211269	NA	NA	0.11556026905	0.07142857143	0.0539140855	0.1199011	0.19132967	39345019	39350046	39449939	39450153	NA	missing	426531.9	29.36599	0.9538	NA	NA	NA	NA	NA	NA	NA	NA	NA	NA	4135813
17	39450046	44279982	NA	4829937	53411	1.97	53142	1516	7907.0	mappable	0.38864286	NA	NA	0.30488716875	0.00056022409	0.0077140855	0.09007559	0.09063582	39449939	39450153	44279982	44279982	0.89146307	2	443835.3	30.44685	1.0	22.31898	0.9940802	0.9881605	0.01166195	1.9583381	2	0	2:0	2	cnLOH	4135813
17	44790026	48290021	NA	3499996	37943	1.9621503	37751	1798	5470.0	mappable	0.37306707	NA	NA	0.29272755336	0.00050251256	0.0092140855	0.09200088	0.0925034	44790026	44790026	48289981	48290061	0.92554141	2	433023.4	29.29276	0.9985	21.808	0.9699504	0.9399007	0.05896193	1.9031883	2	0	2:0	2	cnLOH	4135813
17	48290021	48310014	NA	19994	329	2.4833728	328	11	44.0	mappable	0.45525	NA	NA	0.17258716875	0.08333333333	0.0903859145	0.13998466	0.223318	48289981	48290061	48309995	48310033	NA	missing	456466.2	29.90641	1.0981	NA	NA	NA	NA	NA	NA	NA	NA	NA	NA	4135813
17	48310014	52880037	NA	4570024	65007	2.0003523	64804	2901	8899.0	mappable	0.35818571	NA	NA	0.2795190653	0.00032226877	0.0019140855	0.0904005	0.09072277	48309995	48310033	52879997	52880077	0.9233646	2	435856.5	29.0571	1.0058	21.79137	0.9385486	0.8770972	0.12292446	1.8774279	2	0	2:0	2	cnLOH	4135813
17	52880037	52904993	NA	24957	342	2.4367977	342	33	57.0	mappable	0.27965802	NA	NA	0.20099518761	0.0303030303	0.0814859145	0.13691918	0.16722221	52879997	52880077	52899955	52910031	0.90012359	2	459191.2	29.78538	1.0892	21.20013	0.8477066	0.6954132	0.37110815	2.0656895	2	sub	2:sub	sub	sub	4135813
17	52904993	81149937	NA	28244946	372732	1.9728646	370982	14866	53982.0	mappable	0.35615	NA	edge	0.27865058559	6.018296e-05	0.0071667018	0.08080322	0.0808634	52899955	52910031	81149937	81149937	0.90923906	2	435484.5	29.3952	1.0005474	21.88707	0.9644535	0.9289071	0.07012837	1.9027363	2	0	2:0	2	cnLOH	4135813
18	130031	14119956	NA	13989926	212694	2.0044043	211955	11107	29574.0	mappable	0.076725	2.0	edge	6.216875e-05	8.442381e-05	0.0014859145	0.0842535	0.08433793	130031	130031	14119956	14119956	0.16269908	1	438452.0	22.80908	1.0065743	NA	NA	0.0	1.00220217	1.0022022	1	1	1:1	2	neutral	4135813
18	14119957	14910026	NA	790070	0	0.0	0	0	NA	mappable	NA	NA	NA	NA	inf	1.0077140855	0.10208446	inf	14119957	14119957	14910026	14910026	NA	missing	NA	NA	0.0	NA	NA	0.0	0.0	0.0	0	0	NA	0	homozygousDel	4135813
18	14910027	14929888	NA	19862	364	2.0044043	361	30	43.0	mappable	0.05481087	2.0	NA	0.02385196169	0.0303030303	0.0235859145	0.14007836	0.17038139	14910027	14910027	14929888	14929888	NA	missing	438452.0	22.80908	1.0065743	NA	NA	NA	NA	NA	NA	NA	NA	NA	NA	4135813
18	18540053	63439995	NA	44899946	639278	2.0044043	637257	26031	89762.0	mappable	0.07825	2.0	self	0.00137424442	3.564808e-05	0.0030558721	0.07867756	0.0787132	18540053	18540053	63439983	63439995	0.15627928	1	438452.0	22.80908	1.0065743	NA	NA	0.0	1.00220217	1.0022022	1	1	1:1	2	neutral	4135813
18	63439996	63459967	NA	19972	328	2.4509272	325	0	57.0	mappable	NA	NA	identical	0.6346145497	0.33333333333	0.0841859145	0.14000023	0.47333356	63439996	63440008	63459925	63460009	NA	missing	444395.7	NA	1.0919	NA	NA	NA	NA	NA	NA	NA	NA	NA	NA	4135813
18	63459967	78009968	NA	14550002	239239	2.0044043	237979	12736	34034.0	mappable	0.0753	2.0	edge	0.00330775242	7.144899e-05	0.0053479855	0.08405298	0.08412443	63459925	63460009	78009968	78009968	0.15216705	1	438452.0	22.80908	1.0065743	NA	NA	0.0	1.00220217	1.0022022	1	1	1:1	2	neutral	4135813
19	260137	19579997	NA	19319861	214134	2.0044043	212627	9122	32621.0	mappable	0.0753	2.0	edge	8.214711e-05	9.408223e-05	0.0187249357	0.0826324	0.08272648	260137	260137	19579980	19580014	0.22066491	1	438452.0	22.80908	1.0065743	NA	NA	0.0	1.00220217	1.0022022	1	1	1:1	2	neutral	4135813
19	19579997	19589984	NA	9988	139	2.5027355	139	0	28.0	mappable	NA	NA	NA	NA	inf	0.0940859145	0.15053462	inf	19579980	19580014	19589946	19590022	NA	missing	446798.3	NA	1.1018	NA	NA	NA	NA	NA	NA	NA	NA	NA	NA	4135813
19	19589984	24569972	NA	4979991	42690	2.0044043	42129	2774	6595.0	mappable	0.07757647	2.0	NA	0.00073526609	0.00029985007	0.0376530407	0.08989689	0.09019674	19589946	19590022	24569972	24569972	0.20048054	1	438452.0	22.80908	1.0065743	NA	NA	0.0	1.00220217	1.0022022	1	1	1:1	2	neutral	4135813
19	27750002	43209995	NA	15459995	197748	2.0044043	196744	8832	29099.0	mappable	0.078725	2.0	NA	6.928683e-05	0.00010166734	0.0184928089	0.08374495	0.08384662	27750002	27750002	43209995	43209995	0.17039064	1	438452.0	22.80908	1.0065743	NA	NA	0.0	1.00220217	1.0022022	1	1	1:1	2	neutral	4135813
19	43209996	43800005	NA	590010	0	0.0	0	0	NA	mappable	NA	NA	NA	NA	inf	1.0077140855	0.10432761	inf	43209996	43209996	43800005	43800005	NA	missing	NA	NA	0.0	NA	NA	0.0	0.0	0.0	0	0	NA	0	homozygousDel	4135813
19	43800006	59089999	NA	15289998	162670	2.0044043	161680	6704	24670.0	mappable	0.07825	2.0	edge	0.00093390906	0.00012997141	0.0212153223	0.08380093	0.0839309	43800006	43800006	59089999	59089999	0.21063122	1	438452.0	22.80908	1.0065743	NA	NA	0.0	1.00220217	1.0022022	1	1	1:1	2	neutral	4135813
20	60479	25729738	NA	25669263	400458	2.0044043	399076	18495	55474.0	mappable	0.076725	2.0	edge	0.0008339499	5.03094e-05	0.0039256592	0.08125609	0.0813064	60479	60479	25729738	25729738	0.16780016	1	438452.0	22.80908	1.0065743	NA	NA	0.0	1.00220217	1.0022022	1	1	1:1	2	neutral	4135813
20	29810057	38849981	NA	9039929	117279	2.0044043	116899	2521	17655.0	mappable	0.07416667	2.0	NA	0.00286022566	0.00034470872	0.0055133922	0.08655056	0.08689527	29810057	29810057	38849887	38849981	0.17017348	1	438452.0	22.80908	1.0065743	NA	NA	0.0	1.00220217	1.0022022	1	1	1:1	2	neutral	4135813
20	38849982	38890046	NA	40065	653	1.5968758	653	0	97.0	mappable	NA	NA	NA	NA	inf	0.0790140855	0.13080398	inf	38849982	38850076	38889983	38890109	NA	missing	421938.7	NA	0.9287	NA	NA	NA	NA	NA	NA	NA	NA	NA	NA	4135813
20	38890046	62909989	NA	24019947	379749	2.0044043	377977	15322	53602.0	mappable	0.0753	2.0	edge	0.00094336984	5.850348e-05	0.004704476	0.08157362	0.08163213	38889983	38890109	62909989	62909989	0.16681711	1	438452.0	22.80908	1.0065743	NA	NA	0.0	1.00220217	1.0022022	1	1	1:1	2	neutral	4135813
21	10720001	11179964	NA	459964	5133	1.7025856	4731	0	1444.0	mappable	NA	NA	edge	0.06277580511	0.00248756219	0.0588140855	0.10631986	0.10880742	10720001	10720001	11179964	11179964	NA	missing	1089094.3	NA	0.9489	NA	NA	NA	NA	NA	NA	NA	NA	NA	NA	4135813
21	15410077	48099931	NA	32689862	516361	2.0044043	513463	24928	72802.0	mappable	0.0753	2.0	edge	0.00136410197	3.59389e-05	0.0017972872	0.08012069	0.08015663	15410077	15410077	48099931	48099931	0.17043831	1	438452.0	22.80908	1.0065743	NA	NA	0.0	1.00220217	1.0022022	1	1	1:1	2	neutral	4135813
22	16850007	23055683	NA	6205680	60077	2.0044043	59724	2775	9075.0	mappable	0.08215	2.0	edge	0.00435774984	0.00031969309	0.0072034025	0.08863222	0.08895191	16850007	16850007	23039996	23055683	0.25141494	1	438452.0	22.80908	1.0065743	NA	NA	0.0	1.00220217	1.0022022	1	1	1:1	2	neutral	4135813
22	23055684	23241808	DEL	186125	3090	1.0348347	3073	129	445.0	mappable	0.27150192	NA	identical	0.19093091875	0.00684931507	0.1864140855	0.11424712	0.12109643	23055684	23060004	23239965	23241808	0.69935979	2	357936.4	22.37103	0.8213	21.91577	1.0191642	1.0	0.0	1.0348347	1	0	1:0	1	LOH	4135813
22	23241809	36440064	DEL	13198257	171954	2.0044043	171175	7003	24482.0	mappable	0.07640758	2.0	NA	0.00116234061	0.00012850167	0.0092433916	0.08455285	0.08468135	23241809	23250053	36439980	36440064	0.18157032	1	438452.0	22.80908	1.0065743	NA	NA	0.0	1.00220217	1.0022022	1	1	1:1	2	neutral	4135813
22	36440065	36454950	NA	14886	188	2.5158184	188	0	31.0	mappable	NA	NA	NA	NA	inf	0.0965859145	0.14428277	inf	36440065	36440149	36449852	36460048	NA	missing	418624.0	NA	1.1043	NA	NA	NA	NA	NA	NA	NA	NA	NA	NA	4135813
22	36454950	51179984	NA	14725037	220527	2.0044043	219276	11033	31064.0	mappable	0.078725	2.0	edge	0.00030656186	8.140671e-05	0.0057845462	0.08399208	0.08407349	36449852	36460048	51179984	51179984	0.17774507	1	438452.0	22.80908	1.0065743	NA	NA	0.0	1.00220217	1.0022022	1	1	1:1	2	neutral	4135813
23	2700027	15319854	NA	12619828	123454	2.0044043	123016	5501	17333.0	mappable	0.07676048	2.0	edge	6.216875e-05	0.00016837851	0.0040140855	0.0847846	0.08495298	2700027	2700027	15319683	15319854	0.15241951	1	438452.0	22.80908	1.0065743	NA	NA	0.0	1.00220217	1.0022022	1	1	1:1	2	neutral	4135813
23	15319855	15350195	NA	30341	214	1.6167618	214	0	34.0	mappable	NA	NA	NA	NA	inf	0.0752140855	0.13432753	inf	15319855	15320026	15349998	15350392	NA	missing	424647.2	NA	0.9325	NA	NA	NA	NA	NA	NA	NA	NA	NA	NA	4135813
23	15350195	58379971	NA	43029778	364972	2.0044043	363840	11548	52183.0	mappable	0.0753	2.0	NA	7.603967e-05	7.886435e-05	0.0093060585	0.07886799	0.07894685	15349998	15350392	58379940	58380002	0.16849564	1	438452.0	22.80908	1.0065743	NA	NA	0.0	1.00220217	1.0022022	1	1	1:1	2	neutral	4135813
23	58379971	58499983	NA	120013	2121	1.4435281	2118	8	426.0	mappable	0.21320238	7.0	NA	0.13024669255	0.09090909091	0.1079140855	0.11853375	0.20944284	58379940	58380002	58499983	58499983	NA	missing	417353.8	25.06226	0.8993969	NA	NA	NA	NA	NA	NA	NA	NA	NA	NA	4135813
23	61750000	88459980	NA	26709981	245815	2.0044043	245072	8333	35071.0	mappable	0.07937045	2.0	self	0.00087116459	0.0001101807	0.0206140855	0.08106725	0.08117743	61750000	61750000	88459980	88459980	0.18068307	1	438452.0	22.80908	1.0065743	NA	NA	0.0	1.00220217	1.0022022	1	1	1:1	2	neutral	4135813
23	88990017	89349936	NA	359920	1089	2.0044043	1089	21	115.0	mappable	0.08266346	2.0	NA	0.00400063028	0.04761904762	0.0439140855	0.10835811	0.15597716	88990017	88990017	89349936	89349936	NA	missing	438452.0	22.80908	1.0065743	NA	NA	NA	NA	NA	NA	NA	NA	NA	NA	4135813
23	89349937	90140198	NA	790262	0	0.0	0	0	NA	mappable	NA	NA	NA	NA	inf	1.0077140855	0.10208263	inf	89349937	89349937	90140198	90140198	NA	missing	NA	NA	0.0	NA	NA	0.0	0.0	0.0	0	0	NA	0	homozygousDel	4135813
23	90140199	90220002	NA	79804	134	2.8339944	134	7	20.0	mappable	0.24881275	NA	NA	0.17014991797	0.14285714286	0.1573859145	0.12281864	0.26567578	90140199	90140199	90149998	90220002	NA	missing	481446.0	29.8038	1.1651	NA	NA	NA	NA	NA	NA	NA	NA	NA	NA	4135813
23	90220003	91529952	NA	1309950	4969	2.0044043	4959	160	682.0	mappable	0.065125	2.0	NA	0.00918783125	0.00588235294	0.0179140855	0.09841996	0.10430232	90220003	90290007	91529952	91529952	0.08789569	1	438452.0	22.80908	1.0065743	NA	NA	0.0	1.00220217	1.0022022	1	1	1:1	2	neutral	4135813
23	91529953	92379999	NA	850047	0	0.0	0	0	NA	mappable	NA	NA	NA	NA	inf	1.0077140855	0.10153736	inf	91529953	91529953	92379999	92379999	NA	missing	NA	NA	0.0	NA	NA	0.0	0.0	0.0	0	0	NA	0	homozygousDel	4135813
23	92380000	154929639	NA	62549643	567077	2.0044043	565094	20126	80614.0	mappable	0.0753	2.0	edge	0.00091750137	4.52325e-05	0.0103467768	0.07722455	0.07726979	92380000	92380000	154929639	154929639	0.16860894	1	438452.0	22.80908	1.0065743	NA	NA	0.0	1.00220217	1.0022022	1	1	1:1	2	neutral	4135813
