#chromosome	start	end	crest	length	tcnNbrOfLoci	tcnMean	tcnNbrOfSNPs	tcnNbrOfHets	dhNbrOfLoci	map	dhMax	cluster	neighbour	distDH	errorSNP	distTcn	errorLength	totalError	minStart	maxStart	minStop	maxStop	area	peaks	meanCovT	meanCovB	tcnMeanRaw	AF	BAF	dhMean	c1Mean	c2Mean	A	B	genotype	TCN	GNL	PID
1	840009	12839977	NA	11999969	171928	2.0058104	170951	7381	23644.0	mappable	0.08215	2.0	edge	0.00359515375	0.00011967449	0.00408131804	0.08504657	0.08516624	840009	840009	12839977	12839977	0.17350392	1	377371.4	19.63747	0.9977369	NA	NA	0.0	1.002905181	1.0029052	1	1	1:1	2	neutral	4169012
1	13780016	32419968	NA	18639957	235125	2.0058104	234053	11498	31680.0	mappable	0.085575	2.0	NA	0.00420913364	7.956082e-05	0.00024139119	0.08280924	0.0828888	13780016	13780016	32419934	32419968	0.1634831	1	377371.4	19.63747	0.9977369	NA	NA	0.0	1.002905181	1.0029052	1	1	1:1	2	neutral	4169012
1	32419969	32465051	NA	45083	248	2.373001	248	0	45.0	mappable	NA	NA	NA	NA	inf	0.05761868196	0.12936363	inf	32419969	32420003	32459962	32470140	NA	missing	338420.1	NA	1.0563	NA	NA	NA	NA	NA	NA	NA	NA	NA	NA	4169012
1	32465051	36949993	NA	4484943	53836	2.0058104	53703	1810	7216.0	mappable	0.085575	2.0	NA	0.00702015375	0.00051466804	0.00148131804	0.09051142	0.09102609	32459962	32470140	36949877	36949993	0.14741859	1	377371.4	19.63747	0.9977369	NA	NA	0.0	1.002905181	1.0029052	1	1	1:1	2	neutral	4169012
1	36949994	36960005	NA	10012	141	1.362904	141	0	30.0	mappable	NA	NA	NA	NA	inf	0.10348131804	0.1504954	inf	36949994	36950110	36959991	36960019	NA	missing	295755.7	NA	0.8952	NA	NA	NA	NA	NA	NA	NA	NA	NA	NA	4169012
1	36960005	120529963	NA	83569966	1104250	2.0058104	1100209	49343	136569.0	mappable	0.078725	2.0	NA	0.00084595165	1.87322e-05	0.00172687893	0.075998	0.07601673	36959991	36960019	120529963	120529963	0.14130253	1	377371.4	19.63747	0.9977369	NA	NA	0.0	1.002905181	1.0029052	1	1	1:1	2	neutral	4169012
1	121220004	121229986	NA	9983	177	2.4291683	176	11	16.0	mappable	0.08428413	1.0	NA	0.00719810022	0.08333333333	0.03921868196	0.15054281	0.23387614	121220004	121220004	121229986	121229986	NA	missing	627308.4	33.0828	1.0652581	NA	NA	NA	NA	NA	NA	NA	NA	NA	NA	4169012
1	144010127	144019970	NA	9844	155	2.3958351	94	0	18.0	mappable	NA	4.0	NA	0.2127267327	0.01639344262	0.03151868196	0.15077238	0.16716582	144010127	144010127	144019970	144019970	NA	missing	531457.8	NA	1.0599418	NA	NA	NA	NA	NA	NA	NA	NA	NA	NA	4169012
1	144920087	145739956	NA	819870	6375	2.0058104	5802	179	834.0	mappable	0.09691429	2.0	self	0.01488341768	0.00132978723	0.01691868196	0.10180689	0.10313668	144920087	144920087	145739956	145739956	0.28289437	1	377371.4	19.63747	0.9977369	NA	NA	0.0	1.002905181	1.0029052	1	1	1:1	2	neutral	4169012
1	146540101	147829895	NA	1289795	11678	2.0058104	11653	500	1412.0	mappable	0.07689265	2.0	self	0.0039857286	0.0019047619	0.00761868196	0.09852843	0.10043319	146540101	146540101	147829895	147829895	0.19369849	1	377371.4	19.63747	0.9977369	NA	NA	0.0	1.002905181	1.0029052	1	1	1:1	2	neutral	4169012
1	149815060	207239965	NA	57424910	761423	2.0058104	758710	36656	95322.0	mappable	0.078725	2.0	NA	0.00166368441	2.54007e-05	0.00516517439	0.07759405	0.07761945	149815060	149815060	207239930	207240000	0.14916042	1	377371.4	19.63747	0.9977369	NA	NA	0.0	1.002905181	1.0029052	1	1	1:1	2	neutral	4169012
1	207239965	207250002	NA	10038	136	3.016303	136	0	20.0	mappable	NA	NA	NA	NA	inf	0.16021868196	0.15045304	inf	207239930	207240000	207249950	207250002	NA	missing	406558.8	NA	1.1589	NA	NA	NA	NA	NA	NA	NA	NA	NA	NA	4169012
1	207250003	209840018	NA	2590016	35250	2.0058104	35135	1718	4236.0	mappable	0.07782727	2.0	NA	0.00667984625	0.00054555374	0.00311868196	0.09387675	0.0944223	207250003	207250055	209839933	209840018	0.1732249	1	377371.4	19.63747	0.9977369	NA	NA	0.0	1.002905181	1.0029052	1	1	1:1	2	neutral	4169012
1	209840019	209849990	NA	9972	159	1.6020932	155	9	19.0	mappable	0.15890135	6.0	NA	0.07041658232	0.07692307692	0.07418131804	0.15056083	0.22748391	209840019	209840104	209849960	209850020	NA	missing	1671625.1	83.58125	0.9333482	NA	NA	NA	NA	NA	NA	NA	NA	NA	NA	4169012
1	209849990	209859971	NA	9982	131	2.4291683	131	3	16.0	mappable	0.1010101	1.0	NA	0.01903025476	0.33333333333	0.10191868196	0.15054445	0.48387778	209849960	209850020	209859765	209860177	NA	missing	627308.4	33.0828	1.0652581	NA	NA	NA	NA	NA	NA	NA	NA	NA	NA	4169012
1	209859971	248530017	NA	38670047	541876	2.0058104	539709	26715	68370.0	mappable	0.08215	2.0	NA	0.00017015375	3.462364e-05	0.00048131804	0.07935024	0.07938486	209859765	209860177	248529987	248530017	0.15402699	1	377371.4	19.63747	0.9977369	NA	NA	0.0	1.002905181	1.0029052	1	1	1:1	2	neutral	4169012
1	248530018	248540009	NA	9992	170	2.692771	170	0	22.0	mappable	NA	NA	NA	NA	inf	0.10861868196	0.15052808	inf	248530018	248530048	248539990	248540028	NA	missing	411314.0	NA	1.1073	NA	NA	NA	NA	NA	NA	NA	NA	NA	NA	4169012
1	248540009	249209945	NA	669937	5528	2.0058104	5493	168	693.0	mappable	0.09977647	2.0	edge	0.02542456551	0.00492610837	0.00338131804	0.1033396	0.1082657	248539990	248540028	249209945	249209945	0.16698528	1	377371.4	19.63747	0.9977369	NA	NA	0.0	1.002905181	1.0029052	1	1	1:1	2	neutral	4169012
2	20016	87059860	NA	87039859	1311112	2.0058104	1306577	60176	164378.0	mappable	0.078725	2.0	edge	0.00218948428	1.545404e-05	0.00013447398	0.07582889	0.07584434	20016	20016	87059860	87059860	0.15357232	1	377371.4	19.63747	0.9977369	NA	NA	0.0	1.002905181	1.0029052	1	1	1:1	2	neutral	4169012
2	88330099	89149998	NA	819900	9785	2.0058104	9750	572	1262.0	mappable	0.078675	2.0	self	0.00030089888	0.00164744646	0.00188131804	0.10180662	0.10345406	88330099	88330099	89149954	89150042	0.1841555	1	377371.4	19.63747	0.9977369	NA	NA	0.0	1.002905181	1.0029052	1	1	1:1	2	neutral	4169012
2	89149998	89229990	NA	79993	2093	-0.313067	2092	86	268.0	mappable	0.08803889	NA	NA	0.00374515375	0.01149425287	0.37078131804	0.1227929	0.13428716	89149954	89150042	89229990	89229990	0.2002135	1	257626.1	13.7556	0.6279	NA	NA	0.0	0.0	-0.1565335	0	0	0:0	0	LOH	4169012
2	89840102	90239998	NA	399897	914	2.4291683	893	27	78.0	mappable	0.06526667	1.0	NA	0.00172853046	0.02083333333	0.07571868196	0.10747332	0.12830666	89840102	89840102	90239998	90239998	NA	missing	627308.4	33.0828	1.0652581	NA	NA	NA	NA	NA	NA	NA	NA	NA	NA	4169012
2	95580145	96239991	NA	659847	4446	2.0058104	4434	177	595.0	mappable	0.074625	2.0	NA	0.00927984625	0.00529100529	0.00801868196	0.10345663	0.10874764	95580145	95580145	96239991	96239991	0.15783914	1	377371.4	19.63747	0.9977369	NA	NA	0.0	1.002905181	1.0029052	1	1	1:1	2	neutral	4169012
2	96239992	96740020	NA	500029	0	0.0	0	0	NA	mappable	NA	NA	NA	NA	inf	0.99868131804	0.10564318	inf	96239992	96239992	96740020	96740020	NA	missing	NA	NA	0.0	NA	NA	0.0	0.0	0.0	0	0	NA	0	homozygousDel	4169012
2	96740021	132189994	NA	35449981	448490	2.0058104	447221	19531	56340.0	mappable	0.08215	2.0	NA	0.00177306459	4.807692e-05	0.00267875343	0.0797471	0.07979518	96740021	96740021	132189994	132189994	0.15092824	1	377371.4	19.63747	0.9977369	NA	NA	0.0	1.002905181	1.0029052	1	1	1:1	2	neutral	4169012
2	132189995	133009999	NA	820005	0	0.0	0	0	NA	mappable	NA	NA	NA	NA	inf	0.99868131804	0.10180566	inf	132189995	132189995	133009999	133009999	NA	missing	NA	NA	0.0	NA	NA	0.0	0.0	0.0	0	0	NA	0	homozygousDel	4169012
2	133010000	144310525	NA	11300526	165063	2.0058104	164456	7788	20073.0	mappable	0.078725	2.0	NA	0.00325484625	0.00011911852	0.00221868196	0.08536106	0.08548018	133010000	133010000	144310488	144310525	0.15400187	1	377371.4	19.63747	0.9977369	NA	NA	0.0	1.002905181	1.0029052	1	1	1:1	2	neutral	4169012
2	144310526	145969935	DEL	1659411	19457	1.0812029	19377	585	2415.0	mappable	0.20263214	NA	NA	0.1099220066	0.0015037594	0.14840976024	0.09679493	0.09829869	144310526	144310701	145969804	145970066	0.67076542	2	345245.2	20.71471	0.8502716	20.23729	0.9930807	0.9861614	0.007481173	1.0737218	1	0	1:0	1	LOH	4169012
2	145969935	146428956	NA	459022	6511	1.142827	6490	404	709.0	mappable	0.1006	NA	NA	0.01729515375	0.00235294118	0.13858131804	0.10633658	0.10868952	145969804	145970066	146428929	146428956	0.6948399	2	355427.4	21.52688	0.8601	20.59607	0.9986024	0.9972047	0.00159725	1.1412298	1	0	1:0	1	LOH	4169012
2	146428957	231760055	DEL	85331105	1135886	2.0058104	1131959	44877	139061.0	mappable	0.078725	2.0	NA	0.00191016394	2.049138e-05	0.00112776712	0.07591121	0.07593171	146428957	146429123	231759973	231760055	0.15260418	1	377371.4	19.63747	0.9977369	NA	NA	0.0	1.002905181	1.0029052	1	1	1:1	2	neutral	4169012
2	231760056	231780041	NA	19986	359	2.410621	359	0	33.0	mappable	NA	NA	NA	NA	inf	0.06361868196	0.13999032	inf	231760056	231760138	231779985	231780041	NA	missing	323308.4	NA	1.0623	NA	NA	NA	NA	NA	NA	NA	NA	NA	NA	4169012
2	231780042	237557982	NA	5777942	86169	2.0058104	85826	4265	11470.0	mappable	0.08112935	2.0	NA	0.00014795788	0.00021701389	0.00412865525	0.08903877	0.08925579	231780042	231780098	237557823	237557982	0.16431378	1	377371.4	19.63747	0.9977369	NA	NA	0.0	1.002905181	1.0029052	1	1	1:1	2	neutral	4169012
2	237557983	240825970	DEL	3267988	55012	1.016173	54788	2397	7383.0	mappable	0.13748088	NA	identical	0.04812015375	0.00038153377	0.15878131804	0.09242156	0.0928031	237557983	237558022	240825789	240825970	0.57818487	2	279420.0	16.55822	0.8399	16.58107	0.979848	0.9596961	0.020477889	0.9956951	1	0	1:0	1	LOH	4169012
2	240825971	241550091	DEL	724121	13285	2.0058104	13206	766	1797.0	mappable	0.0753	2.0	self	0.00667984625	0.00118343195	0.02178131804	0.10274392	0.10392736	240825971	240826091	241549982	241550091	0.17042412	1	377371.4	19.63747	0.9977369	NA	NA	0.0	1.002905181	1.0029052	1	1	1:1	2	neutral	4169012
2	241550092	241569965	NA	19874	420	2.3829158	411	33	58.0	mappable	0.17980682	9.0	NA	0.06182015375	0.02380952381	0.04751868196	0.14006981	0.16387933	241550092	241550201	241569925	241569965	NA	missing	377488.7	20.93083	1.0578813	NA	NA	NA	NA	NA	NA	NA	NA	NA	NA	4169012
2	241569966	241579954	NA	9989	196	1.3990882	189	11	33.0	mappable	0.080752	7.0	NA	0.00749890251	0.05555555556	0.08338131804	0.15053299	0.20608854	241569966	241570006	241579908	241580000	NA	missing	323118.4	16.95708	0.900971	NA	NA	NA	NA	NA	NA	NA	NA	NA	NA	4169012
2	241579954	242999969	NA	1420016	21931	2.0058104	21761	1288	3301.0	mappable	0.08215	2.0	edge	0.00017015375	0.00068587106	0.00468131804	0.09785944	0.09854531	241579908	241580000	242999969	242999969	0.16297453	1	377371.4	19.63747	0.9977369	NA	NA	0.0	1.002905181	1.0029052	1	1	1:1	2	neutral	4169012
3	100074	71237978	NA	71137912	1034173	2.0058104	1030720	47644	127760.0	mappable	0.08215	2.0	edge	0.00143018314	1.9571e-05	0.00200473623	0.07667502	0.07669459	100074	100074	71237937	71237978	0.15013556	1	377371.4	19.63747	0.9977369	NA	NA	0.0	1.002905181	1.0029052	1	1	1:1	2	neutral	4169012
3	71237979	71310919	DUP	72941	999	2.9183913	998	41	133.0	mappable	0.09224483	3.0	identical	0.01022758618	0.02380952381	0.16401868196	0.12380495	0.14761448	71237979	71238088	71310909	71310919	0.55815852	2	436970.9	24.74517	1.1432841	19.04938	0.6628238	0.3256476	0.984012096	1.9343792	2	1	2:1	3	gain	4169012
3	71310920	75519996	DUP	4209077	60058	2.0058104	59816	3150	7346.0	mappable	0.08215	2.0	NA	5.025303e-05	0.00029489826	0.00495979722	0.09088814	0.09118303	71310920	71311011	75279989	75760003	0.13332911	1	377371.4	19.63747	0.9977369	NA	NA	0.0	1.002905181	1.0029052	1	1	1:1	2	neutral	4169012
3	75519996	75780581	NA	260586	973	1.332808	973	0	68.0	mappable	NA	NA	NA	NA	inf	0.10828131804	0.11116422	inf	75279989	75760003	75780580	75780581	NA	missing	207599.9	NA	0.8904	NA	NA	NA	NA	NA	NA	NA	NA	NA	NA	4169012
3	75780582	76730028	NA	949447	11614	2.0058104	11592	173	1360.0	mappable	0.0847	2.0	NA	0.00219515375	0.00512820513	0.01858131804	0.10072153	0.10584973	75780582	75780583	76729996	76730060	0.26348864	1	377371.4	19.63747	0.9977369	NA	NA	0.0	1.002905181	1.0029052	1	1	1:1	2	neutral	4169012
3	76730028	76749994	NA	19967	316	2.285221	316	0	36.0	mappable	NA	NA	NA	NA	inf	0.04361868196	0.14000377	inf	76729996	76730060	76749976	76749994	NA	missing	413628.9	NA	1.0423	NA	NA	NA	NA	NA	NA	NA	NA	NA	NA	4169012
3	76749995	90190137	NA	13440148	191310	2.0058104	190767	7938	22657.0	mappable	0.078725	2.0	NA	0.00135604355	0.00011791062	0.01161282763	0.0844593	0.08457721	76749995	76750013	90189985	90190137	0.14514263	1	377371.4	19.63747	0.9977369	NA	NA	0.0	1.002905181	1.0029052	1	1	1:1	2	neutral	4169012
3	90190138	90330011	NA	139874	416	2.662048	416	0	41.0	mappable	NA	NA	NA	NA	inf	0.10371868196	0.1170017	inf	90190138	90190290	90329986	90330011	NA	missing	444393.3	NA	1.1024	NA	NA	NA	NA	NA	NA	NA	NA	NA	NA	4169012
3	90330012	90399949	NA	69938	1023	2.0058104	1021	2	103.0	mappable	0.05235137	2.0	NA	0.01241517234	0.25	0.02148131804	0.12427154	0.37427154	90330012	90330037	90399898	90399949	NA	missing	377371.4	19.63747	0.9977369	NA	NA	NA	NA	NA	NA	NA	NA	NA	NA	4169012
3	90399950	90499969	NA	100020	2789	2.3958351	2781	0	284.0	mappable	NA	4.0	NA	0.22843287753	0.125	0.06681868196	0.12040991	0.24540991	90399950	90400001	90499969	90499969	NA	missing	531457.8	NA	1.0599418	NA	NA	NA	NA	NA	NA	NA	NA	NA	NA	4169012
3	93570175	113949975	NA	20379802	286031	2.0058104	285042	15561	33463.0	mappable	0.078725	2.0	NA	0.00326701477	6.042296e-05	0.00600532712	0.08237016	0.08243059	93570175	93570175	113949883	113950067	0.14717246	1	377371.4	19.63747	0.9977369	NA	NA	0.0	1.002905181	1.0029052	1	1	1:1	2	neutral	4169012
3	113949975	113959999	NA	10025	189	2.94796	189	0	20.0	mappable	NA	NA	NA	NA	inf	0.14931868196	0.1504742	inf	113949883	113950067	113959988	113960010	NA	missing	372381.7	NA	1.148	NA	NA	NA	NA	NA	NA	NA	NA	NA	NA	4169012
3	113959999	197779892	NA	83819900	1133604	2.0058104	1129670	52647	140859.0	mappable	0.08215	2.0	edge	0.00076109978	1.767409e-05	0.00156634102	0.07598556	0.07600324	113959988	113960010	197779892	197779892	0.15100769	1	377371.4	19.63747	0.9977369	NA	NA	0.0	1.002905181	1.0029052	1	1	1:1	2	neutral	4169012
4	50084	8939952	NA	8889870	145661	2.0058104	144677	7365	19816.0	mappable	0.089	2.0	edge	0.00742583009	0.00011978917	0.00504055764	0.08664111	0.0867609	50084	50084	8939952	8939952	0.16076862	1	377371.4	19.63747	0.9977369	NA	NA	0.0	1.002905181	1.0029052	1	1	1:1	2	neutral	4169012
4	9800043	49089961	NA	39289923	598872	2.0058104	597058	28439	71928.0	mappable	0.078725	2.0	self	0.00104178624	3.305457e-05	0.00111508535	0.07927807	0.07931113	9800043	9800043	49089961	49089961	0.13917718	1	377371.4	19.63747	0.9977369	NA	NA	0.0	1.002905181	1.0029052	1	1	1:1	2	neutral	4169012
4	52680652	143590020	NA	90909375	1235382	2.0058104	1231314	59237	147570.0	mappable	0.078725	2.0	NA	0.00159265602	1.579704e-05	0.00152928142	0.0756489	0.0756647	52680652	52680652	143589971	143590069	0.14920355	1	377371.4	19.63747	0.9977369	NA	NA	0.0	1.002905181	1.0029052	1	1	1:1	2	neutral	4169012
4	143590020	143600060	NA	10041	219	2.516584	219	0	22.0	mappable	NA	NA	NA	NA	inf	0.08051868196	0.15044816	inf	143589971	143590069	143599994	143600060	NA	missing	428140.0	NA	1.0792	NA	NA	NA	NA	NA	NA	NA	NA	NA	NA	4169012
4	143600061	164679987	NA	21079929	282233	2.0058104	281404	12117	34191.0	mappable	0.08215	2.0	NA	0.00017953299	7.72499e-05	0.00169854069	0.08220518	0.08228243	143600061	143600127	164679896	164679987	0.14058486	1	377371.4	19.63747	0.9977369	NA	NA	0.0	1.002905181	1.0029052	1	1	1:1	2	neutral	4169012
4	164679988	164700014	NA	20027	298	2.60311	298	0	31.0	mappable	NA	NA	NA	NA	inf	0.09431868196	0.13996136	inf	164679988	164680079	164699998	164700014	NA	missing	445519.8	NA	1.093	NA	NA	NA	NA	NA	NA	NA	NA	NA	NA	4169012
4	164700015	190799944	NA	26099933	403065	2.0058104	401072	20485	49115.0	mappable	0.078725	2.0	edge	0.00239762214	4.448992e-05	0.006980213	0.08117693	0.08122142	164700015	164700031	190799944	190799944	0.16341391	1	377371.4	19.63747	0.9977369	NA	NA	0.0	1.002905181	1.0029052	1	1	1:1	2	neutral	4169012
5	50017	8010025	NA	7960010	133536	2.0058104	132748	8054	17100.0	mappable	0.08215	2.0	edge	0.00028182664	0.00011310938	0.01457391704	0.08724352	0.08735663	50017	50017	8009974	8010076	0.17090525	1	377371.4	19.63747	0.9977369	NA	NA	0.0	1.002905181	1.0029052	1	1	1:1	2	neutral	4169012
5	8010025	8029993	NA	19969	532	2.3829158	507	164	52.0	mappable	0.160125	9.0	identical	0.07552015375	0.00529100529	0.06101868196	0.14000235	0.14529336	8009974	8010076	8029975	8029993	0.31930761	1	377488.7	20.93083	1.0578813	NA	NA	0.0	1.191457875	1.1914579	1	1	1:1	2	neutral	4169012
5	8029994	23430006	NA	15400014	223203	2.0058104	222422	11157	26970.0	mappable	0.07883571	2.0	NA	0.00070351055	8.376612e-05	0.00672423592	0.08376462	0.08384839	8029994	8030012	23429966	23430046	0.1465895	1	377371.4	19.63747	0.9977369	NA	NA	0.0	1.002905181	1.0029052	1	1	1:1	2	neutral	4169012
5	23430006	23450003	NA	19998	303	2.280832	303	0	42.0	mappable	NA	NA	NA	NA	inf	0.04291868196	0.13998183	inf	23429966	23430046	23449995	23450011	NA	missing	417329.8	NA	1.0416	NA	NA	NA	NA	NA	NA	NA	NA	NA	NA	4169012
5	23450003	46399990	NA	22949988	331808	2.0058104	330719	14029	40048.0	mappable	0.078725	2.0	NA	0.00308129595	6.614632e-05	0.00529765429	0.08179293	0.08185908	23449995	23450011	46399990	46399990	0.15642566	1	377371.4	19.63747	0.9977369	NA	NA	0.0	1.002905181	1.0029052	1	1	1:1	2	neutral	4169012
5	49470005	68660011	NA	19190007	255391	2.0058104	254386	15141	30337.0	mappable	0.07951346	2.0	self	0.00287368064	6.193484e-05	0.00303523971	0.08266563	0.08272756	49470005	49470005	68659979	68660043	0.15093589	1	377371.4	19.63747	0.9977369	NA	NA	0.0	1.002905181	1.0029052	1	1	1:1	2	neutral	4169012
5	68660011	68689990	NA	29980	444	1.561663	441	1	67.0	mappable	0.07317073	NA	NA	0.15801022344	0.25	0.07178131804	0.1344835	0.3844835	68659979	68660043	68689969	68690011	NA	missing	371184.6	19.91722	0.9269	NA	NA	NA	NA	NA	NA	NA	NA	NA	NA	4169012
5	68689990	68829703	NA	139714	820	2.331619	815	0	113.0	mappable	NA	NA	NA	0.0406198041	0.2	0.05101868196	0.11701301	0.31701301	68689969	68690011	68829703	68829703	NA	missing	368227.7	NA	1.0497	NA	NA	NA	NA	NA	NA	NA	NA	NA	NA	4169012
5	70750153	101059994	NA	30309846	397657	2.0058104	396501	18017	48353.0	mappable	0.08215	2.0	NA	0.00129737108	5.215668e-05	0.00156570364	0.08047227	0.08052442	70750153	70750153	101059799	101060189	0.13686855	1	377371.4	19.63747	0.9977369	NA	NA	0.0	1.002905181	1.0029052	1	1	1:1	2	neutral	4169012
5	101059994	101089904	NA	29911	431	2.46517	431	0	60.0	mappable	NA	NA	NA	NA	inf	0.07231868196	0.13451357	inf	101059799	101060189	101089795	101090013	NA	missing	438291.0	NA	1.071	NA	NA	NA	NA	NA	NA	NA	NA	NA	NA	4169012
5	101089904	113040003	NA	11950100	181334	2.0058104	180873	7304	21666.0	mappable	0.07779167	2.0	NA	0.00363460087	0.000128783	0.00091807121	0.0850683	0.08519709	101089795	101090013	113039906	113040003	0.14707252	1	377371.4	19.63747	0.9977369	NA	NA	0.0	1.002905181	1.0029052	1	1	1:1	2	neutral	4169012
5	113040004	113049966	NA	9963	226	1.318387	226	0	24.0	mappable	NA	NA	NA	NA	inf	0.11058131804	0.1505756	inf	113040004	113040101	113049912	113050020	NA	missing	377270.0	NA	0.8881	NA	NA	NA	NA	NA	NA	NA	NA	NA	NA	4169012
5	113049966	132209992	NA	19160027	288035	2.0058104	287339	11359	34696.0	mappable	0.0753	2.0	NA	0.00667984625	8.295313e-05	0.00511868196	0.08267334	0.08275629	113049912	113050020	132209954	132209992	0.14711226	1	377371.4	19.63747	0.9977369	NA	NA	0.0	1.002905181	1.0029052	1	1	1:1	2	neutral	4169012
5	132209993	132324946	NA	114954	930	2.4291683	930	84	120.0	mappable	0.07162273	1.0	NA	0.01035711898	0.0119047619	0.06491868196	0.11897187	0.13087663	132209993	132210031	132289853	132360039	0.06775035	1	627308.4	33.0828	1.0652581	NA	NA	0.0	1.214584143	1.2145841	1	1	1:1	2	neutral	4169012
5	132324946	132399988	NA	75043	448	1.532194	448	0	67.0	mappable	NA	NA	NA	NA	inf	0.07648131804	0.12349163	inf	132289853	132360039	132399944	132400032	NA	missing	318016.0	NA	0.9222	NA	NA	NA	NA	NA	NA	NA	NA	NA	NA	4169012
5	132399988	180689979	NA	48289995	661836	2.0058104	659465	31958	83333.0	mappable	0.08215	2.0	edge	0.00017629751	2.913074e-05	0.00110045177	0.07835388	0.07838301	132399944	132400032	180689979	180689979	0.15062591	1	377371.4	19.63747	0.9977369	NA	NA	0.0	1.002905181	1.0029052	1	1	1:1	2	neutral	4169012
6	201976	58019982	NA	57818010	860209	2.0058104	852722	47366	107756.0	mappable	0.08215	2.0	edge	0.00024340603	1.823121e-05	0.00038279964	0.07756443	0.07758266	201976	201976	58019982	58019982	0.17922903	1	377371.4	19.63747	0.9977369	NA	NA	0.0	1.002905181	1.0029052	1	1	1:1	2	neutral	4169012
6	58610011	58769997	NA	159987	572	2.3958351	545	53	41.0	mappable	0.17576711	4.0	NA	0.26632804849	0.0125	0.04221868196	0.11568989	0.12818989	58610011	58610011	58769997	58769997	0.69816394	2	531457.8	32.3496	1.0599418	24.99017	0.8015121	0.6030243	0.475544164	1.9202909	2	sub	2:sub	sub	sub	4169012
6	61890002	75660003	NA	13770003	198640	2.0058104	197860	11028	23514.0	mappable	0.07825	2.0	NA	0.00468069321	8.469552e-05	0.00441139607	0.08433472	0.08441941	61890002	61890002	75659925	75660003	0.1149499	1	377371.4	19.63747	0.9977369	NA	NA	0.0	1.002905181	1.0029052	1	1	1:1	2	neutral	4169012
6	75660004	75680085	NA	20082	294	2.332246	294	0	42.0	mappable	NA	NA	NA	NA	inf	0.05111868196	0.13992261	inf	75660004	75660082	75679938	75680232	NA	missing	429683.4	NA	1.0498	NA	NA	NA	NA	NA	NA	NA	NA	NA	NA	4169012
6	75680085	95029972	NA	19349888	269626	2.0058104	268862	13116	32145.0	mappable	0.078725	2.0	NA	0.001747387	7.204611e-05	0.00328675668	0.08262475	0.0826968	75679938	75680232	95029945	95029972	0.14157473	1	377371.4	19.63747	0.9977369	NA	NA	0.0	1.002905181	1.0029052	1	1	1:1	2	neutral	4169012
6	95029973	95040005	NA	10033	177	2.729764	177	0	27.0	mappable	NA	NA	NA	NA	inf	0.11451868196	0.15046118	inf	95029973	95030000	95039956	95040054	NA	missing	480164.0	NA	1.1132	NA	NA	NA	NA	NA	NA	NA	NA	NA	NA	4169012
6	95040005	129669987	NA	34629985	461895	2.0058104	460451	21691	55536.0	mappable	0.07937045	2.0	NA	0.00324402997	4.322455e-05	0.00196332826	0.07985461	0.07989783	95039956	95040054	129669956	129669987	0.14979909	1	377371.4	19.63747	0.9977369	NA	NA	0.0	1.002905181	1.0029052	1	1	1:1	2	neutral	4169012
6	129669988	129690011	NA	20024	232	2.625682	232	0	23.0	mappable	NA	NA	NA	NA	inf	0.09791868196	0.13996347	inf	129669988	129670019	129689869	129690153	NA	missing	430335.6	NA	1.0966	NA	NA	NA	NA	NA	NA	NA	NA	NA	NA	4169012
6	129690011	170899935	NA	41209928	608434	2.0058104	605905	29781	76319.0	mappable	0.08215	2.0	edge	0.00129714465	3.095113e-05	0.00147149955	0.07906236	0.07909331	129689869	129690153	170899935	170899935	0.14045635	1	377371.4	19.63747	0.9977369	NA	NA	0.0	1.002905181	1.0029052	1	1	1:1	2	neutral	4169012
7	40386	46609980	NA	46569602	704067	2.0058104	701754	35985	87511.0	mappable	0.08215	2.0	edge	0.00016770684	2.611102e-05	0.00183145561	0.07851486	0.07854097	40386	40386	46609927	46609980	0.15338819	1	377371.4	19.63747	0.9977369	NA	NA	0.0	1.002905181	1.0029052	1	1	1:1	2	neutral	4169012
7	46609981	46630000	NA	20020	347	2.438836	347	0	43.0	mappable	NA	NA	NA	NA	inf	0.06811868196	0.1399663	inf	46609981	46610034	46629988	46630012	NA	missing	388293.6	NA	1.0668	NA	NA	NA	NA	NA	NA	NA	NA	NA	NA	4169012
7	46630000	57999988	NA	11369990	150727	2.0058104	150296	6992	18514.0	mappable	0.078725	2.0	NA	0.00233399383	0.00013471642	0.00369573682	0.08532886	0.08546358	46629988	46630012	57999988	57999988	0.17107865	1	377371.4	19.63747	0.9977369	NA	NA	0.0	1.002905181	1.0029052	1	1	1:1	2	neutral	4169012
7	61835088	71579950	NA	9744867	102333	2.0058104	101676	4168	13110.0	mappable	0.08215	2.0	NA	0.0019097716	0.00020729685	0.01300807773	0.0861467	0.086354	61835088	61870177	71579824	71579950	0.16560071	1	377371.4	19.63747	0.9977369	NA	NA	0.0	1.002905181	1.0029052	1	1	1:1	2	neutral	4169012
7	71579951	71589969	NA	10019	146	2.537902	146	0	18.0	mappable	NA	NA	NA	NA	inf	0.08391868196	0.15048398	inf	71579951	71580077	71589783	71590155	NA	missing	372653.8	NA	1.0826	NA	NA	NA	NA	NA	NA	NA	NA	NA	NA	4169012
7	71589969	72229988	NA	640020	6504	2.0058104	6478	98	933.0	mappable	0.07546935	2.0	NA	0.01010484625	0.00806451613	0.02058131804	0.10369272	0.11175723	71589783	71590155	72229988	72229988	0.18790513	1	377371.4	19.63747	0.9977369	NA	NA	0.0	1.002905181	1.0029052	1	1	1:1	2	neutral	4169012
7	72750118	74139961	NA	1389844	10228	2.0058104	10179	223	1576.0	mappable	0.10955	2.0	self	0.03099515375	0.00367647059	0.01128131804	0.09800803	0.1016845	72750118	72750118	74139961	74139961	0.21614481	1	377371.4	19.63747	0.9977369	NA	NA	0.0	1.002905181	1.0029052	1	1	1:1	2	neutral	4169012
7	75160045	76059952	NA	899908	8422	2.0058104	8388	283	1299.0	mappable	0.085575	2.0	self	0.00702015375	0.00315457413	0.00298131804	0.10111521	0.10426978	75160045	75160045	76059952	76059952	0.19158414	1	377371.4	19.63747	0.9977369	NA	NA	0.0	1.002905181	1.0029052	1	1	1:1	2	neutral	4169012
7	76810004	129342730	NA	52532732	683119	2.0058104	680700	28486	83489.0	mappable	0.078725	2.0	self	0.0010271642	3.235722e-05	0.00189463929	0.0779827	0.07801506	76810004	76810004	129342721	129342730	0.156449	1	377371.4	19.63747	0.9977369	NA	NA	0.0	1.002905181	1.0029052	1	1	1:1	2	neutral	4169012
7	129342731	129483734	DEL	141004	1860	0.945322	1846	28	252.0	mappable	0.11563704	NA	identical	0.02828867227	0.02380952381	0.17008131804	0.1169223	0.14073183	129342731	129343028	129483589	129483734	NA	missing	265941.2	15.85798	0.8286	NA	NA	NA	NA	NA	NA	NA	NA	NA	NA	4169012
7	129483735	159119808	DEL	29636078	404786	2.0058104	402686	21192	52481.0	mappable	0.078725	2.0	edge	1.289988e-05	4.293504e-05	0.00557380864	0.08057741	0.08062035	129483735	129483802	159119808	159119808	0.17014048	1	377371.4	19.63747	0.9977369	NA	NA	0.0	1.002905181	1.0029052	1	1	1:1	2	neutral	4169012
8	170012	6919904	NA	6749897	193616	2.0058104	192689	11236	23683.0	mappable	0.08215	2.0	edge	0.00247953521	8.222332e-05	0.01661851228	0.08815841	0.08824064	170012	170012	6919904	6919904	0.15859707	1	377371.4	19.63747	0.9977369	NA	NA	0.0	1.002905181	1.0029052	1	1	1:1	2	neutral	4169012
8	8100000	11859985	NA	3759988	79373	2.0058104	79126	5080	9958.0	mappable	0.08215	2.0	self	0.00011698295	0.00018772292	0.00075851667	0.09156546	0.09175319	8100000	8100000	11859985	11859985	0.13099984	1	377371.4	19.63747	0.9977369	NA	NA	0.0	1.002905181	1.0029052	1	1	1:1	2	neutral	4169012
8	12580042	43789991	NA	31209956	518621	2.0058104	516905	22578	64648.0	mappable	0.078725	2.0	self	0.00131042723	4.116243e-05	0.00783718909	0.08033579	0.08037696	12580042	12580042	43789991	43789991	0.14749703	1	377371.4	19.63747	0.9977369	NA	NA	0.0	1.002905181	1.0029052	1	1	1:1	2	neutral	4169012
8	46880007	59740359	NA	12860354	179032	2.0058104	178486	7588	21824.0	mappable	0.0753	2.0	self	0.00596514146	0.00012295586	0.00179147153	0.08468682	0.08480977	46880007	46880007	59740169	59740359	0.1560388	1	377371.4	19.63747	0.9977369	NA	NA	0.0	1.002905181	1.0029052	1	1	1:1	2	neutral	4169012
8	59740360	59896468	DEL	156109	2206	1.09204	2199	173	217.0	mappable	0.08990948	NA	identical	0.00792963651	0.00555555556	0.14668131804	0.11592728	0.12148284	59740360	59740360	59896220	59896468	0.64698421	2	350710.4	20.39014	0.852	20.51595	0.8981697	0.7963393	0.111202791	0.9808372	1	0	1:0	1	LOH	4169012
8	59896469	146289988	DEL	86393522	1207742	2.0058104	1203649	53799	147782.0	mappable	0.078725	2.0	edge	0.00257526003	1.727444e-05	0.00282221898	0.07585981	0.07587709	59896469	59896483	146289988	146289988	0.14551971	1	377371.4	19.63747	0.9977369	NA	NA	0.0	1.002905181	1.0029052	1	1	1:1	2	neutral	4169012
9	200621	11980023	NA	11779407	233302	2.0146893	232700	12167	27729.0	mappable	0.31505	NA	edge	0.23443135866	7.831467e-05	0.00047165236	0.08514347	0.08522179	200621	200621	11979988	11980058	0.85383651	2	393642.5	25.83279	0.999153	19.63597	0.9858604	0.9717208	0.02848695	1.9862024	2	0	2:0	2	cnLOH	4169012
9	11980023	12040000	NA	59978	1327	1.626244	1325	0	186.0	mappable	NA	NA	NA	0.03778792706	0.5	0.06148131804	0.12600691	0.62600691	11979988	11980058	12039962	12040000	NA	missing	405511.3	NA	0.9372	NA	NA	NA	NA	NA	NA	NA	NA	NA	NA	4169012
9	12040001	21962982	NA	9922983	167079	1.9400914	166529	7667	20455.0	mappable	0.31505	NA	NA	0.23021730404	0.00012169892	0.01142593106	0.08604985	0.08617155	12040001	12040039	21962954	21962982	0.83021385	2	390115.7	25.44233	0.9872554	19.69456	0.9855289	0.9710578	0.028075255	1.9120161	2	0	2:0	2	cnLOH	4169012
9	21962983	21977655	DEL	14673	258	0.538399	257	9	28.0	mappable	0.12194091	NA	NA	0.03241333557	0.1	0.23498131804	0.14449952	0.24449952	21962983	21963015	21977630	21977655	NA	missing	263524.8	14.37408	0.7637	NA	NA	NA	NA	NA	NA	NA	NA	NA	NA	4169012
9	21977656	38769828	DEL	16792174	243894	1.9860668	243110	11790	29675.0	mappable	0.311625	NA	NA	0.22856465678	7.952919e-05	0.0040933458	0.08332887	0.0834084	21977656	21977766	38769828	38769828	0.8121351	2	390415.8	25.3145	0.994588	19.5644	0.9659573	0.9319146	0.067611061	1.9184557	2	0	2:0	2	cnLOH	4169012
9	66840048	66849972	NA	9925	540	2.9183913	508	0	19.0	mappable	NA	3.0	NA	0.00032589888	0.03125	0.13531868196	0.15063813	0.18188813	66840048	66840048	66849972	66849972	NA	missing	436970.9	NA	1.1432841	NA	NA	NA	NA	NA	NA	NA	NA	NA	NA	4169012
9	68410004	68419976	NA	9973	1130	1.728445	1046	0	279.0	mappable	NA	NA	NA	0.20856965009	0.0119047619	0.04518131804	0.15055919	0.16246396	68410004	68410004	68419976	68419976	NA	missing	2197030.0	NA	0.9535	NA	NA	NA	NA	NA	NA	NA	NA	NA	NA	4169012
9	71030093	141019791	NA	69989707	961386	2.0058104	957762	43552	123279.0	mappable	0.08215	2.0	edge	0.00015512511	2.119947e-05	0.00172352959	0.07674409	0.07676529	71030093	71030093	141019791	141019791	0.15967287	1	377371.4	19.63747	0.9977369	NA	NA	0.0	1.002905181	1.0029052	1	1	1:1	2	neutral	4169012
10	130013	6845015	NA	6715003	118673	2.9183913	117916	6404	15434.0	mappable	0.099275	3.0	edge	0.01729515375	0.0001396453	0.14761868196	0.08818748	0.08832712	130013	130013	6839833	6850197	0.48901957	2	436970.9	24.74517	1.1432841	19.04938	0.6628238	0.3256476	0.984012096	1.9343792	2	1	2:1	3	gain	4169012
10	6845015	6874983	NA	29969	516	3.4214823	509	3	52.0	mappable	0.23976333	5.0	NA	0.02108470079	0.1	0.23021868196	0.13448829	0.23448829	6839833	6850197	6869933	6880033	NA	missing	482025.3	27.06007	1.2235219	NA	NA	NA	NA	NA	NA	NA	NA	NA	NA	4169012
10	6874983	9440028	NA	2565046	43655	2.9183913	43455	2309	5484.0	mappable	0.099275	3.0	NA	0.01729515375	0.00039856517	0.14761868196	0.09393838	0.09433694	6869933	6880033	9439990	9440066	0.51868326	2	436970.9	24.74517	1.1432841	19.04938	0.6628238	0.3256476	0.984012096	1.9343792	2	1	2:1	3	gain	4169012
10	9440028	9469928	NA	29901	492	2.4291683	485	1	76.0	mappable	0.01960784	1.0	NA	0.02994455213	0.125	0.05811868196	0.13451793	0.25951793	9439990	9440066	9469798	9470058	NA	missing	627308.4	33.0828	1.0652581	NA	NA	NA	NA	NA	NA	NA	NA	NA	NA	4169012
10	9469928	12709945	NA	3240018	49362	2.9183913	49133	2405	6129.0	mappable	0.09585	3.0	NA	0.01729515375	0.00037965072	0.16581868196	0.09247456	0.09285421	9469798	9470058	12709848	12709945	0.52547798	2	436970.9	24.74517	1.1432841	19.04938	0.6628238	0.3256476	0.984012096	1.9343792	2	1	2:1	3	gain	4169012
10	12709946	12729991	NA	20046	332	3.4214823	331	30	53.0	mappable	0.07165	5.0	NA	0.01467984625	0.03225806452	0.26141868196	0.13994796	0.17220602	12709946	12710043	12729960	12729991	NA	missing	482025.3	27.06007	1.2235219	NA	NA	NA	NA	NA	NA	NA	NA	NA	NA	4169012
10	12729992	16179998	NA	3450007	57533	2.9183913	57301	2577	7333.0	mappable	0.09585	3.0	NA	0.01729515375	0.00035599858	0.16011868196	0.0920888	0.0924448	12729992	12730023	16179982	16180014	0.53656136	2	436970.9	24.74517	1.1432841	19.04938	0.6628238	0.3256476	0.984012096	1.9343792	2	1	2:1	3	gain	4169012
10	16179998	16200037	NA	20040	338	3.4214823	337	19	48.0	mappable	0.04058846	5.0	NA	0.04139138471	0.05	0.21221868196	0.13995219	0.18995219	16179982	16180014	16199984	16200037	NA	missing	482025.3	27.06007	1.2235219	NA	NA	NA	NA	NA	NA	NA	NA	NA	NA	4169012
10	16200038	17700018	NA	1499981	26085	2.9183913	26001	1198	3362.0	mappable	0.11281447	3.0	NA	0.02757015375	0.0007800312	0.13721868196	0.09748245	0.09826248	16200038	16200091	17699889	17700147	0.5248119	2	436970.9	24.74517	1.1432841	19.04938	0.6628238	0.3256476	0.984012096	1.9343792	2	1	2:1	3	gain	4169012
10	17700018	17765051	NA	65034	1116	3.4214823	1109	30	166.0	mappable	0.07022361	5.0	NA	0.00569722777	0.02702702703	0.20501868196	0.12508673	0.15211375	17699889	17700147	17759976	17765051	NA	missing	482025.3	27.06007	1.2235219	NA	NA	NA	NA	NA	NA	NA	NA	NA	NA	4169012
10	17765052	32040000	NA	14274949	200909	2.9183913	200122	9542	25506.0	mappable	0.1027	3.0	NA	0.02072015375	9.682417e-05	0.14711868196	0.08415036	0.08424718	17765052	17770127	32039993	32040000	0.52163162	2	436970.9	24.74517	1.1432841	19.04938	0.6628238	0.3256476	0.984012096	1.9343792	2	1	2:1	3	gain	4169012
10	32040001	32070007	NA	30007	474	2.545426	474	3	57.0	mappable	0.36561116	NA	NA	0.28363131802	0.33333333333	0.08511868196	0.13447176	0.46780509	32040001	32040008	32069971	32070043	NA	missing	373282.2	25.45106	1.0838	NA	NA	NA	NA	NA	NA	NA	NA	NA	NA	4169012
10	32070007	38600358	NA	6530352	79234	2.9183913	79001	2447	10366.0	mappable	0.106125	3.0	NA	0.02414515375	0.00037313433	0.14501868196	0.08834418	0.08871732	32069971	32070043	38429948	38600358	0.51905756	2	436970.9	24.74517	1.1432841	19.04938	0.6628238	0.3256476	0.984012096	1.9343792	2	1	2:1	3	gain	4169012
10	42410000	46159967	NA	3749968	43629	2.9183913	43457	1562	5434.0	mappable	0.09585	3.0	NA	0.01387015375	0.00057670127	0.15091868196	0.0915816	0.09215831	42410000	42410000	46159967	46159967	0.50921297	2	436970.9	24.74517	1.1432841	19.04938	0.6628238	0.3256476	0.984012096	1.9343792	2	1	2:1	3	gain	4169012
10	48310177	48659961	NA	349785	5570	2.9183913	5559	212	725.0	mappable	0.12086014	3.0	NA	0.03103772132	0.00448430493	0.15691868196	0.10860057	0.11308488	48310177	48310177	48659961	48659961	0.4683461	2	436970.9	24.74517	1.1432841	19.04938	0.6628238	0.3256476	0.984012096	1.9343792	2	1	2:1	3	gain	4169012
10	49390096	58239988	NA	8849893	118550	2.9183913	118145	5559	13885.0	mappable	0.09956579	3.0	NA	0.01729515375	0.0001676727	0.14941868196	0.08666552	0.08683319	49390096	49390096	58239965	58240011	0.54573938	2	436970.9	24.74517	1.1432841	19.04938	0.6628238	0.3256476	0.984012096	1.9343792	2	1	2:1	3	gain	4169012
10	58239988	58260010	NA	20023	342	3.4214823	340	66	37.0	mappable	0.07699167	5.0	NA	0.00028682042	0.01470588235	0.24141868196	0.13996418	0.15467006	58239965	58240011	58259954	58260010	0.53957625	2	482025.3	27.06007	1.2235219	19.63544	0.6376295	0.275259	1.239844221	2.1816381	2	1	2:1	3	gain	4169012
10	58260011	70569980	NA	12309970	176401	2.9183913	175840	9801	20993.0	mappable	0.099275	3.0	NA	0.01729515375	9.650647e-05	0.15061868196	0.08491371	0.08501021	58260011	58260067	70559955	70580005	0.54344149	2	436970.9	24.74517	1.1432841	19.04938	0.6628238	0.3256476	0.984012096	1.9343792	2	1	2:1	3	gain	4169012
10	70569980	70594976	NA	24997	139	2.0058104	136	11	32.0	mappable	0.06387241	2.0	self	0.00088911927	0.07142857143	0.01941868196	0.13689753	0.2083261	70559955	70580005	70589946	70600006	NA	missing	377371.4	19.63747	0.9977369	NA	NA	NA	NA	NA	NA	NA	NA	NA	NA	4169012
10	70594976	86245051	NA	15650076	215782	2.9183913	215101	9608	27746.0	mappable	0.099275	3.0	NA	0.01387015375	9.719118e-05	0.15281868196	0.08368318	0.08378037	70589946	70600006	86239989	86250113	0.52342859	2	436970.9	24.74517	1.1432841	19.04938	0.6628238	0.3256476	0.984012096	1.9343792	2	1	2:1	3	gain	4169012
10	86245051	86284938	NA	39888	384	3.4214823	382	24	47.0	mappable	0.115675	5.0	NA	0.03545348708	0.03846153846	0.22451868196	0.13085865	0.16932019	86239989	86250113	86279874	86290002	NA	missing	482025.3	27.06007	1.2235219	NA	NA	NA	NA	NA	NA	NA	NA	NA	NA	4169012
10	86284938	89899961	NA	3615024	45617	2.9183913	45483	1910	5827.0	mappable	0.10955	3.0	NA	0.02414515375	0.00048923679	0.14731868196	0.09180387	0.09229311	86279874	86290002	89899887	89900035	0.4974481	2	436970.9	24.74517	1.1432841	19.04938	0.6628238	0.3256476	0.984012096	1.9343792	2	1	2:1	3	gain	4169012
10	89899961	89910084	NA	10124	147	3.4214823	134	0	22.0	mappable	NA	5.0	NA	0.01758135949	0.07692307692	0.25561868196	0.15031387	0.22723695	89899887	89900035	89909987	89910181	NA	missing	482025.3	NA	1.2235219	NA	NA	NA	NA	NA	NA	NA	NA	NA	NA	4169012
10	89910084	101490151	NA	11580068	150474	2.9183913	149911	6671	18910.0	mappable	0.099275	3.0	NA	0.02072015375	0.00013825522	0.15941868196	0.08523282	0.08537107	89909987	89910181	101489985	101490317	0.52415905	2	436970.9	24.74517	1.1432841	19.04938	0.6628238	0.3256476	0.984012096	1.9343792	2	1	2:1	3	gain	4169012
10	101490151	101509985	NA	19835	259	2.4291683	259	6	29.0	mappable	0.10987885	1.0	NA	0.0278989999	0.16666666667	0.05371868196	0.14009761	0.30676428	101489985	101490317	101509901	101510069	NA	missing	627308.4	33.0828	1.0652581	NA	NA	NA	NA	NA	NA	NA	NA	NA	NA	4169012
10	101509985	123840005	NA	22330021	314732	2.9183913	313710	12474	39835.0	mappable	0.099275	3.0	NA	0.01729515375	7.409603e-05	0.15311868196	0.08192531	0.0819994	101509901	101510069	123839986	123840024	0.51753776	2	436970.9	24.74517	1.1432841	19.04938	0.6628238	0.3256476	0.984012096	1.9343792	2	1	2:1	3	gain	4169012
10	123840005	123859986	NA	19982	439	2.4291683	439	5	65.0	mappable	0.11579091	1.0	NA	0.03381106284	0.2	0.07241868196	0.13999315	0.33999315	123839986	123840024	123859961	123859986	NA	missing	627308.4	33.0828	1.0652581	NA	NA	NA	NA	NA	NA	NA	NA	NA	NA	4169012
10	123859987	134310028	NA	10450042	168867	2.9183913	168142	9446	21713.0	mappable	0.09585	3.0	NA	0.01387015375	9.831875e-05	0.14461868196	0.08577431	0.08587263	123859987	123860012	134309986	134310028	0.48684669	2	436970.9	24.74517	1.1432841	19.04938	0.6628238	0.3256476	0.984012096	1.9343792	2	1	2:1	3	gain	4169012
10	134310029	134319930	NA	9902	202	2.4291683	198	14	36.0	mappable	0.0702708	1.0	NA	0.00772908868	0.05555555556	0.05261868196	0.15067611	0.20623167	134310029	134310071	134319786	134320074	NA	missing	627308.4	33.0828	1.0652581	NA	NA	NA	NA	NA	NA	NA	NA	NA	NA	4169012
10	134319930	135240001	NA	920072	16455	2.9183913	16255	601	2548.0	mappable	0.089	3.0	NA	0.02757015375	0.00124843945	0.14691868196	0.10095204	0.10220048	134319786	134320074	135229892	135250110	0.51156138	2	436970.9	24.74517	1.1432841	19.04938	0.6628238	0.3256476	0.984012096	1.9343792	2	1	2:1	3	gain	4169012
10	135240001	135390071	NA	150071	2225	1.989904	2221	0	169.0	mappable	NA	NA	NA	0.27711623218	0.25	0.00348131804	0.11631095	0.36631095	135229892	135250110	135379954	135390071	NA	missing	171612.6	NA	0.9952	NA	NA	NA	NA	NA	NA	NA	NA	NA	NA	4169012
10	135390072	135439925	NA	49854	687	2.9183913	684	70	70.0	mappable	0.066	3.0	edge	0.01497984625	0.01369863014	0.18291868196	0.12816059	0.14185922	135390072	135400189	135439925	135439925	0.45011603	2	436970.9	24.74517	1.1432841	19.04938	0.6628238	0.3256476	0.984012096	1.9343792	2	1	2:1	3	gain	4169012
11	190010	48814640	NA	48624637	693392	2.0058104	690308	36272	85511.0	mappable	0.078725	2.0	edge	0.00151632864	2.540973e-05	0.00032771639	0.0783233	0.07834871	190010	190010	48814624	48814656	0.15720009	1	377371.4	19.63747	0.9977369	NA	NA	0.0	1.002905181	1.0029052	1	1	1:1	2	neutral	4169012
11	48814640	48899996	NA	85357	1683	2.4291683	1634	18	130.0	mappable	0.05689159	1.0	NA	0.02037984625	0.01492537313	0.08731868196	0.12209101	0.13701639	48814624	48814656	48899996	48899996	NA	missing	627308.4	33.0828	1.0652581	NA	NA	NA	NA	NA	NA	NA	NA	NA	NA	4169012
11	48899997	50170092	NA	1270096	0	0.0	0	0	NA	mappable	NA	NA	NA	NA	inf	0.99868131804	0.09863632	inf	48899997	48899997	50170092	50170092	NA	missing	NA	NA	0.0	NA	NA	0.0	0.0	0.0	0	0	NA	0	homozygousDel	4169012
11	50170093	51579984	NA	1409892	18790	2.0058104	18744	115	1665.0	mappable	0.082525	2.0	NA	0.00012151292	0.00621118012	0.02031868196	0.09790889	0.10412008	50170093	50170093	51579984	51579984	0.18536226	1	377371.4	19.63747	0.9977369	NA	NA	0.0	1.002905181	1.0029052	1	1	1:1	2	neutral	4169012
11	54792817	89349940	NA	34557127	455734	2.0058104	454143	16417	58473.0	mappable	0.08215	2.0	self	1.132158e-05	5.553396e-05	0.00198269233	0.07986429	0.07991983	54792817	54792817	89349940	89349940	0.15798599	1	377371.4	19.63747	0.9977369	NA	NA	0.0	1.002905181	1.0029052	1	1	1:1	2	neutral	4169012
11	89850037	134939862	NA	45089828	664817	2.0058104	662282	32420	82666.0	mappable	0.078725	2.0	edge	0.00170813282	2.860903e-05	0.00097387975	0.07865872	0.07868732	89850037	89850037	134939862	134939862	0.14625247	1	377371.4	19.63747	0.9977369	NA	NA	0.0	1.002905181	1.0029052	1	1	1:1	2	neutral	4169012
12	160107	34819969	NA	34659868	478616	2.0058104	476617	23381	59914.0	mappable	0.078725	2.0	edge	0.00041277601	3.94011e-05	0.00424629805	0.07985064	0.07989004	160107	160107	34819969	34819969	0.16940379	1	377371.4	19.63747	0.9977369	NA	NA	0.0	1.002905181	1.0029052	1	1	1:1	2	neutral	4169012
12	38000003	38040007	NA	40005	2007	2.4291683	2003	0	178.0	mappable	NA	1.0	NA	0.00963938452	0.25	0.09591868196	0.13082248	0.38082248	38000003	38000003	38039915	38040099	NA	missing	627308.4	NA	1.0652581	NA	NA	NA	NA	NA	NA	NA	NA	NA	NA	4169012
12	38040007	100910015	NA	62870012	841281	2.0058104	838513	33445	104041.0	mappable	0.078725	2.0	NA	0.0016541482	2.761592e-05	0.00137571106	0.07720258	0.0772302	38039915	38040099	100909971	100910059	0.15386603	1	377371.4	19.63747	0.9977369	NA	NA	0.0	1.002905181	1.0029052	1	1	1:1	2	neutral	4169012
12	100910015	100919972	NA	9958	135	1.307728	135	0	15.0	mappable	NA	NA	NA	NA	inf	0.11228131804	0.15058381	inf	100909971	100910059	100919940	100920004	NA	missing	377155.0	NA	0.8864	NA	NA	NA	NA	NA	NA	NA	NA	NA	NA	4169012
12	100919972	133819926	NA	32899962	460353	2.0058104	458151	21145	60906.0	mappable	0.08215	2.0	edge	0.00064251348	4.283389e-05	0.00265000424	0.08009104	0.08013387	100919940	100920004	133819926	133819926	0.168832	1	377371.4	19.63747	0.9977369	NA	NA	0.0	1.002905181	1.0029052	1	1	1:1	2	neutral	4169012
13	19450038	36320028	NA	16869996	236627	2.0058104	235729	11613	29744.0	mappable	0.078725	2.0	edge	0.00160795345	7.993605e-05	0.00337582289	0.08330572	0.08338565	19450038	19450038	36319951	36320105	0.15806815	1	377371.4	19.63747	0.9977369	NA	NA	0.0	1.002905181	1.0029052	1	1	1:1	2	neutral	4169012
13	36320028	36330009	NA	9982	176	2.497774	176	0	24.0	mappable	NA	NA	NA	NA	inf	0.07751868196	0.15054445	inf	36319951	36320105	36329988	36330030	NA	missing	413644.0	NA	1.0762	NA	NA	NA	NA	NA	NA	NA	NA	NA	NA	4169012
13	36330009	115099984	NA	78769987	1131599	2.0058104	1127445	55643	137421.0	mappable	0.08215	2.0	edge	0.00010605292	1.672353e-05	0.00551068153	0.07624525	0.07626197	36329988	36330030	115099984	115099984	0.1538991	1	377371.4	19.63747	0.9977369	NA	NA	0.0	1.002905181	1.0029052	1	1	1:1	2	neutral	4169012
14	20330060	22439998	NA	2109939	30225	2.0058104	30079	1567	3834.0	mappable	0.081	2.0	edge	0.00017015375	0.00058377116	0.00968131804	0.09519834	0.09578211	20330060	20330060	22439995	22440001	0.18965056	1	377371.4	19.63747	0.9977369	NA	NA	0.0	1.002905181	1.0029052	1	1	1:1	2	neutral	4169012
14	22439998	22959965	NA	519968	8911	0.683236	8869	388	940.0	mappable	0.08336071	NA	NA	0.00139515375	0.0023255814	0.21188131804	0.10532933	0.10765491	22439995	22440001	22959908	22959965	0.1588566	1	296651.1	15.53887	0.7868	NA	NA	0.0	0.341618	0.341618	sub	sub	sub:sub	sub	sub	4169012
14	22959966	22989973	NA	30008	563	1.172923	563	19	53.0	mappable	0.13501667	NA	NA	0.05303682042	0.05263157895	0.13378131804	0.13447132	0.1871029	22959966	22960023	22989893	22989973	NA	missing	308432.8	17.27223	0.8649	NA	NA	NA	NA	NA	NA	NA	NA	NA	NA	4169012
14	22989974	43939898	NA	20949926	282903	2.0058104	281941	13250	34533.0	mappable	0.08215	2.0	NA	0.00263671767	7.036307e-05	0.00350451044	0.08223535	0.08230571	22989974	22990054	43939783	43939898	0.15273918	1	377371.4	19.63747	0.9977369	NA	NA	0.0	1.002905181	1.0029052	1	1	1:1	2	neutral	4169012
14	43939899	43950007	NA	10109	159	1.462597	159	0	22.0	mappable	NA	NA	NA	NA	inf	0.08758131804	0.15033804	inf	43939899	43940014	43949944	43950007	NA	missing	402887.0	NA	0.9111	NA	NA	NA	NA	NA	NA	NA	NA	NA	NA	4169012
14	43950008	106329468	NA	62379468	886794	2.0058104	883658	38331	111865.0	mappable	0.08215	2.0	NA	0.0007280665	2.411672e-05	1.834907e-05	0.07723628	0.07726039	43950008	43950071	106329468	106329468	0.16710352	1	377371.4	19.63747	0.9977369	NA	NA	0.0	1.002905181	1.0029052	1	1	1:1	2	neutral	4169012
14	106329469	106382691	ITX	53223	531	-0.403982	525	8	92.0	mappable	0.12854318	NA	NA	0.02259515375	0.07142857143	0.38528131804	0.12739046	0.19881904	106329469	106329469	106349982	106382691	NA	missing	194194.7	10.85602	0.6134	NA	NA	NA	NA	NA	NA	NA	NA	NA	NA	4169012
14	106382692	106382970	DEL	279	0	0.0	0	0	NA	mappable	NA	NA	NA	NA	inf	0.99868131804	0.24618047	inf	106382692	106382692	106382970	106382970	NA	missing	NA	NA	0.0	NA	NA	0.0	0.0	0.0	0	0	NA	0	homozygousDel	4169012
14	106382971	106880000	ITX	497030	3760	0.8261462	3690	217	420.0	mappable	0.215725	NA	NA	0.14158565898	0.00348432056	0.18908857868	0.10569164	0.10917596	106382971	106400108	106879998	106880000	0.76268473	2	296299.0	18.23379	0.8095927	18.24089	1.2089655	1.0	0.0	0.8261462	1	0	1:0	1	LOH	4169012
14	106880001	107259908	NA	379908	6336	2.0058104	6143	411	718.0	mappable	0.10504643	2.0	edge	0.01833086803	0.00165562914	0.01338131804	0.10790227	0.1095579	106880001	106880003	107259908	107259908	0.26740629	1	377371.4	19.63747	0.9977369	NA	NA	0.0	1.002905181	1.0029052	1	1	1:1	2	neutral	4169012
15	20850000	20859924	NA	9925	165	1.787383	136	0	5.0	mappable	NA	NA	edge	0.10906983989	0.03448275862	0.03578131804	0.15063813	0.18512088	20850000	20850000	20859924	20859924	NA	missing	1068422.0	NA	0.9629	NA	NA	NA	NA	NA	NA	NA	NA	NA	NA	4169012
15	22480079	23069956	NA	589878	4050	2.0058104	4016	212	543.0	mappable	0.09583971	2.0	self	0.01953338904	0.00406504065	0.00731868196	0.10432937	0.10839441	22480079	22480079	23069956	23069956	0.21127991	1	377371.4	19.63747	0.9977369	NA	NA	0.0	1.002905181	1.0029052	1	1	1:1	2	neutral	4169012
15	23710146	24029923	NA	319778	4518	2.0058104	4503	176	564.0	mappable	0.078175	2.0	self	0.00049651292	0.00523560209	0.02978131804	0.10936904	0.11460464	23710146	23710146	24029825	24030021	0.17166904	1	377371.4	19.63747	0.9977369	NA	NA	0.0	1.002905181	1.0029052	1	1	1:1	2	neutral	4169012
15	24029923	24049991	NA	20069	421	1.3990882	418	22	55.0	mappable	0.06744038	7.0	NA	0.01453946164	0.04	0.10438131804	0.13993176	0.17993176	24029825	24030021	24049968	24049991	NA	missing	323118.4	16.95708	0.900971	NA	NA	NA	NA	NA	NA	NA	NA	NA	NA	4169012
15	24049992	24070060	NA	20069	420	2.4291683	420	2	49.0	mappable	0.09761905	1.0	NA	0.01563920137	0.5	0.03901868196	0.13993176	0.63993176	24049992	24050015	24069970	24070060	NA	missing	627308.4	33.0828	1.0652581	NA	NA	NA	NA	NA	NA	NA	NA	NA	NA	4169012
15	24070061	24329926	NA	259866	5003	2.0058104	4963	409	597.0	mappable	0.10182381	2.0	NA	0.01996459819	0.00222717149	0.00508131804	0.11118889	0.11341606	24070061	24070151	24329926	24329926	0.12657786	1	377371.4	19.63747	0.9977369	NA	NA	0.0	1.002905181	1.0029052	1	1	1:1	2	neutral	4169012
15	24329927	24830091	NA	500165	0	0.0	0	0	NA	mappable	NA	NA	NA	NA	inf	0.99868131804	0.10564099	inf	24329927	24329927	24830091	24830091	NA	missing	NA	NA	0.0	NA	NA	0.0	0.0	0.0	0	0	NA	0	homozygousDel	4169012
15	24830092	28529988	NA	3699897	57403	2.0058104	57164	2683	7191.0	mappable	0.0753	2.0	NA	0.00667984625	0.00034223135	0.01998131804	0.091663	0.09200524	24830092	24830092	28529988	28529988	0.15075386	1	377371.4	19.63747	0.9977369	NA	NA	0.0	1.002905181	1.0029052	1	1	1:1	2	neutral	4169012
15	29100034	30369914	NA	1269881	18290	2.0058104	18239	751	2429.0	mappable	0.07935	2.0	self	0.00017015375	0.00124688279	0.01368131804	0.09863751	0.09988439	29100034	29100034	30369914	30369914	0.17226778	1	377371.4	19.63747	0.9977369	NA	NA	0.0	1.002905181	1.0029052	1	1	1:1	2	neutral	4169012
15	31160110	68220005	NA	37059898	506703	2.0058104	504980	23726	64432.0	mappable	0.08215	2.0	NA	0.00068636023	3.929427e-05	0.00070143083	0.07954388	0.07958317	31160110	31160110	68219986	68220005	0.16831408	1	377371.4	19.63747	0.9977369	NA	NA	0.0	1.002905181	1.0029052	1	1	1:1	2	neutral	4169012
15	68220006	68229994	NA	9989	174	1.245655	174	0	19.0	mappable	NA	NA	NA	NA	inf	0.12218131804	0.15053299	inf	68220006	68220025	68229978	68229994	NA	missing	319257.5	NA	0.8765	NA	NA	NA	NA	NA	NA	NA	NA	NA	NA	4169012
15	68229995	82479795	NA	14249801	183461	2.0058104	182755	7795	24049.0	mappable	0.08215	2.0	NA	0.00359515375	0.00011763322	0.00331868196	0.08415936	0.084277	68229995	68230011	82479795	82479795	0.15989568	1	377371.4	19.63747	0.9977369	NA	NA	0.0	1.002905181	1.0029052	1	1	1:1	2	neutral	4169012
15	83213963	102399920	NA	19185962	296029	2.0058104	295044	14141	37718.0	mappable	0.08215	2.0	edge	0.00032167822	6.611133e-05	0.00538968647	0.08266667	0.08273278	83213963	83213963	102399920	102399920	0.16856493	1	377371.4	19.63747	0.9977369	NA	NA	0.0	1.002905181	1.0029052	1	1	1:1	2	neutral	4169012
16	100010	16289940	NA	16189934	298156	2.0058104	296815	14217	39247.0	mappable	0.085575	2.0	edge	0.00499129923	6.428388e-05	0.00073858571	0.08351221	0.08357649	100010	100010	16289940	16289940	0.17138709	1	377371.4	19.63747	0.9977369	NA	NA	0.0	1.002905181	1.0029052	1	1	1:1	2	neutral	4169012
16	16870104	18169896	NA	1299793	20467	2.0058104	20399	793	2529.0	mappable	0.092425	2.0	self	0.01387015375	0.00116144019	0.00608131804	0.09847438	0.09963582	16870104	16870104	18169896	18169896	0.18255395	1	377371.4	19.63747	0.9977369	NA	NA	0.0	1.002905181	1.0029052	1	1	1:1	2	neutral	4169012
16	18800044	29039945	NA	10239902	125286	2.0058104	124732	5156	16741.0	mappable	0.085575	2.0	self	0.00388565287	0.00017513135	0.00218686915	0.08588225	0.08605738	18800044	18800044	29039945	29039945	0.1669724	1	377371.4	19.63747	0.9977369	NA	NA	0.0	1.002905181	1.0029052	1	1	1:1	2	neutral	4169012
16	29670028	31959970	NA	2289943	17548	2.0058104	17486	423	2597.0	mappable	0.08194167	2.0	self	0.00325484625	0.00206185567	0.00498131804	0.09466613	0.09672799	29670028	29670028	31959970	31959970	0.16994655	1	377371.4	19.63747	0.9977369	NA	NA	0.0	1.002905181	1.0029052	1	1	1:1	2	neutral	4169012
16	32520030	32649899	NA	129870	3149	2.0058104	2777	0	150.0	mappable	NA	2.0	self	0.02770402208	0.00268817204	0.01011868196	0.11773911	0.12042728	32520030	32520030	32649899	32649899	NA	missing	377371.4	NA	0.9977369	NA	NA	NA	NA	NA	NA	NA	NA	NA	NA	4169012
16	33590105	35279959	NA	1689855	15433	2.0058104	15366	84	1905.0	mappable	0.07777115	2.0	self	0.0007885419	0.00662251656	0.00898131804	0.09667221	0.10329473	33590105	33590105	35279959	35279959	0.32721009	1	377371.4	19.63747	0.9977369	NA	NA	0.0	1.002905181	1.0029052	1	1	1:1	2	neutral	4169012
16	46450014	61900062	NA	15450052	215558	2.0058104	214798	8524	27852.0	mappable	0.08215	2.0	NA	0.00046686401	0.00010771219	0.00352880827	0.08374821	0.08385592	46450014	46450014	61899993	61900131	0.14928882	1	377371.4	19.63747	0.9977369	NA	NA	0.0	1.002905181	1.0029052	1	1	1:1	2	neutral	4169012
16	61900062	61919934	NA	19873	248	1.356007	248	0	38.0	mappable	NA	NA	NA	NA	inf	0.10458131804	0.14007052	inf	61899993	61900131	61919720	61919934	NA	missing	380604.2	NA	0.8941	NA	NA	NA	NA	NA	NA	NA	NA	NA	NA	4169012
16	61919935	75159979	NA	13240045	167256	2.0058104	166501	7534	21749.0	mappable	0.08215	2.0	NA	0.00359515375	0.00012064181	0.00098131804	0.08453655	0.0846572	61919935	61920149	75149881	75170077	0.15847672	1	377371.4	19.63747	0.9977369	NA	NA	0.0	1.002905181	1.0029052	1	1	1:1	2	neutral	4169012
16	75159979	75180026	NA	20048	191	2.9183913	191	22	22.0	mappable	0.06936923	3.0	identical	0.01261061548	0.04545454545	0.14321868196	0.13994655	0.18540109	75149881	75170077	75179980	75180072	NA	missing	436970.9	24.74517	1.1432841	NA	NA	NA	NA	NA	NA	NA	NA	NA	NA	4169012
16	75180026	90109969	NA	14929949	320104	2.0058104	318986	16260	41577.0	mappable	0.08215	2.0	edge	0.00194407006	5.754733e-05	0.00124374806	0.08392181	0.08397936	75179980	75180072	90109969	90109969	0.16866216	1	377371.4	19.63747	0.9977369	NA	NA	0.0	1.002905181	1.0029052	1	1	1:1	2	neutral	4169012
17	20080	18239982	NA	18219904	232584	2.0058104	231525	11558	31351.0	mappable	0.085575	2.0	edge	0.00591081608	7.925814e-05	0.00519277325	0.08292214	0.08300139	20080	20080	18239982	18239982	0.16250354	1	377371.4	19.63747	0.9977369	NA	NA	0.0	1.002905181	1.0029052	1	1	1:1	2	neutral	4169012
17	18750212	22239986	NA	3489775	25819	2.0058104	25121	681	3679.0	mappable	0.09585	2.0	self	0.01044515375	0.00072516316	0.00208131804	0.09201874	0.09274391	18750212	18750212	22239986	22239986	0.18588842	1	377371.4	19.63747	0.9977369	NA	NA	0.0	1.002905181	1.0029052	1	1	1:1	2	neutral	4169012
17	25390040	44279982	NA	18889945	211070	2.0058104	210207	9492	28366.0	mappable	0.08215	2.0	self	0.00018732098	9.65717e-05	0.00122686929	0.08274339	0.08283996	25390040	25390040	44279982	44279982	0.17696146	1	377371.4	19.63747	0.9977369	NA	NA	0.0	1.002905181	1.0029052	1	1	1:1	2	neutral	4169012
17	44790026	56368665	NA	11578640	152006	2.0058104	151516	6025	19516.0	mappable	0.08215	2.0	self	0.00095491019	0.00015349194	0.00085100766	0.08523346	0.08538695	44790026	44790026	56368634	56368665	0.16053504	1	377371.4	19.63747	0.9977369	NA	NA	0.0	1.002905181	1.0029052	1	1	1:1	2	neutral	4169012
17	56368666	56370462	DEL	1797	31	1.6020932	30	0	4.0	mappable	NA	6.0	NA	0.06953530526	1.0	0.07488131804	0.18499035	1.18499035	56368666	56368825	56370450	56370462	NA	missing	1671625.1	NA	0.9333482	NA	NA	NA	NA	NA	NA	NA	NA	NA	NA	4169012
17	56370463	56376569	DEL	6107	90	1.486423	90	0	10.0	mappable	NA	NA	NA	NA	inf	0.08378131804	0.15902994	inf	56370463	56370855	56376508	56376569	NA	missing	344867.5	NA	0.9149	NA	NA	NA	NA	NA	NA	NA	NA	NA	NA	4169012
17	56376570	56416260	DEL	39691	593	0.934036	589	0	91.0	mappable	NA	NA	NA	0.08962955224	0.25	0.17188131804	0.13091983	0.38091983	56376570	56376644	56416241	56416260	NA	missing	236486.5	NA	0.8268	NA	NA	NA	NA	NA	NA	NA	NA	NA	NA	4169012
17	56416261	81149937	DEL	24733682	323545	2.0058104	321870	14613	43994.0	mappable	0.085575	2.0	edge	0.00326442788	6.139866e-05	0.0040048449	0.08143331	0.08149471	56416261	56416290	81149937	81149937	0.16955514	1	377371.4	19.63747	0.9977369	NA	NA	0.0	1.002905181	1.0029052	1	1	1:1	2	neutral	4169012
18	130031	14119956	NA	13989932	212722	2.0058104	212069	11346	26553.0	mappable	0.078725	2.0	edge	0.00151211431	8.334028e-05	0.00378243593	0.0842535	0.08433684	130031	130031	14119956	14119956	0.15366932	1	377371.4	19.63747	0.9977369	NA	NA	0.0	1.002905181	1.0029052	1	1	1:1	2	neutral	4169012
18	14119957	14910026	NA	790070	0	0.0	0	0	NA	mappable	NA	NA	NA	NA	inf	0.99868131804	0.10208446	inf	14119957	14119957	14910026	14910026	NA	missing	NA	NA	0.0	NA	NA	0.0	0.0	0.0	0	0	NA	0	homozygousDel	4169012
18	14910027	14929888	NA	19862	364	1.918426	363	0	52.0	mappable	NA	NA	NA	0.18631283668	1.0	0.01488131804	0.14007836	1.14007836	14910027	14910027	14929888	14929888	NA	missing	363167.5	NA	0.9838	NA	NA	NA	NA	NA	NA	NA	NA	NA	NA	4169012
18	18540053	20413424	NA	1873373	20455	2.0058104	20369	915	2669.0	mappable	0.08190357	2.0	self	0.00636521006	0.000999001	0.01041687902	0.09598215	0.09698116	18540053	18540053	20413356	20413424	0.17770699	1	377371.4	19.63747	0.9977369	NA	NA	0.0	1.002905181	1.0029052	1	1	1:1	2	neutral	4169012
18	20413425	21729997	INV	1316573	16590	2.9183913	16548	457	2210.0	mappable	0.092875	3.0	NA	0.00797015375	0.00200400802	0.16391868196	0.09838474	0.10038875	20413425	20413453	21729963	21729997	0.46945013	2	436970.9	24.74517	1.1432841	19.04938	0.6628238	0.3256476	0.984012096	1.9343792	2	1	2:1	3	gain	4169012
18	21729998	21731527	NA	1530	27	3.783124	27	0	6.0	mappable	NA	NA	NA	NA	inf	0.28251868196	0.18904814	inf	21729998	21730032	21731431	21731527	NA	missing	466838.8	NA	1.2812	NA	NA	NA	NA	NA	NA	NA	NA	NA	NA	4169012
18	21731528	21856591	INV	125064	2008	3.783751	2006	74	246.0	mappable	0.05485714	NA	NA	0.02572627482	0.01315789474	0.28261868196	0.1181174	0.13127529	21731528	21731776	21856566	21856616	0.41529202	2	482265.3	27.30596	1.2813	18.75935	0.6405619	0.2811237	1.360024389	2.4237266	sub	sub	sub:sub	sub	sub	4169012
18	21856591	25470040	NA	3613450	51976	2.9183913	51796	2489	6262.0	mappable	0.109075	3.0	NA	0.02414515375	0.00037467216	0.14891868196	0.09180652	0.09218119	21856566	21856616	25469977	25470040	0.52151274	2	436970.9	24.74517	1.1432841	19.04938	0.6628238	0.3256476	0.984012096	1.9343792	2	1	2:1	3	gain	4169012
18	25470041	25489951	NA	19911	339	2.4291683	305	0	31.0	mappable	NA	1.0	NA	0.02609742648	0.02941176471	0.07701868196	0.14004349	0.16945525	25470041	25470104	25489808	25490094	NA	missing	627308.4	NA	1.0652581	NA	NA	NA	NA	NA	NA	NA	NA	NA	NA	4169012
18	25489951	32329949	NA	6839999	96687	2.9183913	96391	4527	11220.0	mappable	0.09585	3.0	NA	0.01387015375	0.00020733983	0.15341868196	0.08808413	0.08829147	25489808	25490094	32329872	32330026	0.53713089	2	436970.9	24.74517	1.1432841	19.04938	0.6628238	0.3256476	0.984012096	1.9343792	2	1	2:1	3	gain	4169012
18	32329949	32350064	NA	20116	290	3.4214823	290	2	32.0	mappable	0.02083333	5.0	NA	0.06114651292	0.5	0.23321868196	0.13989873	0.63989873	32329872	32330026	32349993	32350064	NA	missing	482025.3	27.06007	1.2235219	NA	NA	NA	NA	NA	NA	NA	NA	NA	NA	4169012
18	32350065	37610066	NA	5260002	71003	2.9183913	70765	3095	8627.0	mappable	0.10308182	3.0	NA	0.02072015375	0.00030003	0.15121868196	0.08957912	0.08987915	32350065	32350136	37609985	37610147	0.54392692	2	436970.9	24.74517	1.1432841	19.04938	0.6628238	0.3256476	0.984012096	1.9343792	2	1	2:1	3	gain	4169012
18	37610066	37620049	NA	9984	149	3.4214823	143	0	19.0	mappable	NA	5.0	NA	0.05802984625	0.16666666667	0.24671868196	0.15054117	0.31720784	37609985	37610147	37619996	37620049	NA	missing	482025.3	NA	1.2235219	NA	NA	NA	NA	NA	NA	NA	NA	NA	NA	4169012
18	37620050	41070017	NA	3449968	50712	2.9183913	50569	2296	5927.0	mappable	0.1027	3.0	NA	0.02072015375	0.0004100041	0.14771868196	0.09208887	0.09249887	37620050	37620103	41069982	41070017	0.52569702	2	436970.9	24.74517	1.1432841	19.04938	0.6628238	0.3256476	0.984012096	1.9343792	2	1	2:1	3	gain	4169012
18	41070018	41090011	NA	19994	340	3.4214823	340	16	40.0	mappable	0.06218571	5.0	NA	0.01979413197	0.0625	0.21221868196	0.13998466	0.20248466	41070018	41070053	41089997	41090011	NA	missing	482025.3	27.06007	1.2235219	NA	NA	NA	NA	NA	NA	NA	NA	NA	NA	4169012
18	41090012	41110059	NA	20048	312	2.4291683	310	6	38.0	mappable	0.18182744	1.0	NA	0.00732740723	0.125	0.09541868196	0.13994655	0.26494655	41090012	41090026	41109999	41110119	NA	missing	627308.4	33.0828	1.0652581	NA	NA	NA	NA	NA	NA	NA	NA	NA	NA	4169012
18	41110059	44840003	NA	3729945	51707	2.9183913	51578	2294	6206.0	mappable	0.1027	3.0	NA	0.01729515375	0.00041271151	0.16701868196	0.09161401	0.09202672	41109999	41110119	44839994	44840012	0.52320074	2	436970.9	24.74517	1.1432841	19.04938	0.6628238	0.3256476	0.984012096	1.9343792	2	1	2:1	3	gain	4169012
18	44840003	44875015	NA	35013	475	2.3829158	474	29	74.0	mappable	0.16677855	9.0	NA	0.0824874974	0.03333333333	0.07861868196	0.13248891	0.16582224	44839994	44840012	44869974	44880056	NA	missing	377488.7	20.93083	1.0578813	NA	NA	NA	NA	NA	NA	NA	NA	NA	NA	4169012
18	44875015	48139877	NA	3264863	49345	2.9183913	49172	2030	6463.0	mappable	0.106125	3.0	NA	0.02072015375	0.00045392646	0.15751868196	0.09242746	0.09288139	44869974	44880056	48139738	48139877	0.5391955	2	436970.9	24.74517	1.1432841	19.04938	0.6628238	0.3256476	0.984012096	1.9343792	2	1	2:1	3	gain	4169012
18	48139878	48159986	NA	20109	311	2.4291683	278	0	44.0	mappable	NA	1.0	NA	0.00704308155	0.0303030303	0.09361868196	0.13990364	0.17020667	48139878	48140017	48159944	48159986	NA	missing	627308.4	NA	1.0652581	NA	NA	NA	NA	NA	NA	NA	NA	NA	NA	4169012
18	48159987	54060024	NA	5900039	85256	2.9183913	84975	4093	10244.0	mappable	0.11243382	3.0	NA	0.0304317296	0.00022862369	0.17467639403	0.08891935	0.08914797	48159987	48160029	54059991	54060024	0.55434996	2	436970.9	24.74517	1.1432841	19.04938	0.6628238	0.3256476	0.984012096	1.9343792	2	1	2:1	3	gain	4169012
18	54060025	54070002	NA	9978	139	2.44636	139	0	20.0	mappable	NA	NA	NA	NA	inf	0.06931868196	0.150551	inf	54060025	54060058	54069999	54070005	NA	missing	463520.0	NA	1.068	NA	NA	NA	NA	NA	NA	NA	NA	NA	NA	4169012
18	54070002	57570019	NA	3500018	52999	2.9183913	52805	2272	6752.0	mappable	0.10955	3.0	NA	0.02757015375	0.000405515	0.16861868196	0.09200084	0.09240636	54069999	54070005	57569986	57570019	0.50369167	2	436970.9	24.74517	1.1432841	19.04938	0.6628238	0.3256476	0.984012096	1.9343792	2	1	2:1	3	gain	4169012
18	57570020	57629946	NA	59927	678	2.4291683	677	36	93.0	mappable	0.08497895	1.0	NA	0.00721752217	0.02702702703	0.08041868196	0.12601665	0.15304368	57570020	57570053	57629886	57629946	0.51148988	2	627308.4	33.0828	1.0652581	29.35004	0.5752748	0.1505496	1.031728938	1.3974393	sub	1	sub:1	sub	sub	4169012
18	57629947	62169941	NA	4539995	67890	2.9183913	67673	3336	8387.0	mappable	0.1034	3.0	NA	0.02072015375	0.00028145229	0.15961868196	0.09043938	0.09072084	57629947	57630007	62169825	62169941	0.52525315	2	436970.9	24.74517	1.1432841	19.04938	0.6628238	0.3256476	0.984012096	1.9343792	2	1	2:1	3	gain	4169012
18	62169942	62199965	NA	30024	567	3.780616	567	60	56.0	mappable	0.08734773	NA	NA	0.00536788102	0.01666666667	0.28211868196	0.13446437	0.15113104	62169942	62170058	62199922	62200008	0.60233805	2	506704.8	29.03136	1.2808	19.7177	0.654945	0.30989	1.304520361	2.4760956	sub	sub	sub:sub	sub	sub	4169012
18	62199965	67230058	NA	5030094	79913	2.9183913	79626	4047	9582.0	mappable	0.1027	3.0	NA	0.02072015375	0.00023073373	0.14591868196	0.08983857	0.0900693	62199922	62200008	67229894	67230058	0.52760957	2	436970.9	24.74517	1.1432841	19.04938	0.6628238	0.3256476	0.984012096	1.9343792	2	1	2:1	3	gain	4169012
18	67230059	67239979	NA	9921	196	2.150416	196	0	30.0	mappable	NA	NA	NA	NA	inf	0.02211868196	0.15064472	inf	67230059	67230223	67239956	67240002	NA	missing	443495.7	NA	1.0208	NA	NA	NA	NA	NA	NA	NA	NA	NA	NA	4169012
18	67239979	70120003	NA	2880025	44661	2.9183913	44513	2171	5415.0	mappable	0.09634167	3.0	NA	0.01044515375	0.00043122035	0.14681868196	0.09320685	0.09363807	67239956	67240002	70119953	70120053	0.51150629	2	436970.9	24.74517	1.1432841	19.04938	0.6628238	0.3256476	0.984012096	1.9343792	2	1	2:1	3	gain	4169012
18	70120003	70130004	NA	10002	220	2.3829158	220	19	24.0	mappable	0.15605714	9.0	NA	0.07407729661	0.05263157895	0.04541868196	0.15051173	0.20314331	70119953	70120053	70129986	70130022	NA	missing	377488.7	20.93083	1.0578813	NA	NA	NA	NA	NA	NA	NA	NA	NA	NA	4169012
18	70130004	78009968	NA	7879965	134034	2.9183913	133182	7000	16967.0	mappable	0.1027	3.0	edge	0.02072015375	0.00012735609	0.14611868196	0.08729905	0.0874264	70129986	70130022	78009968	78009968	0.52373335	2	436970.9	24.74517	1.1432841	19.04938	0.6628238	0.3256476	0.984012096	1.9343792	2	1	2:1	3	gain	4169012
19	260137	24569972	NA	24309838	256825	2.0058104	255041	12239	36773.0	mappable	0.089	2.0	edge	0.00769766965	7.13165e-05	0.00562302426	0.08151608	0.0815874	260137	260137	24569972	24569972	0.2049301	1	377371.4	19.63747	0.9977369	NA	NA	0.0	1.002905181	1.0029052	1	1	1:1	2	neutral	4169012
19	27750002	41800415	NA	14050415	182620	2.0058104	181764	7953	24455.0	mappable	0.085575	2.0	self	0.00394337432	0.00011352026	0.00667941299	0.08423142	0.08434494	27750002	27750002	41800186	41800415	0.16600632	1	377371.4	19.63747	0.9977369	NA	NA	0.0	1.002905181	1.0029052	1	1	1:1	2	neutral	4169012
19	41800416	42926618	DUP	1126203	12852	2.9183913	12815	254	1861.0	mappable	0.12072105	3.0	identical	0.04127015375	0.00343642612	0.14581868196	0.09948746	0.10292389	41800416	41800418	42926507	42926618	0.56710393	2	436970.9	24.74517	1.1432841	19.04938	0.6628238	0.3256476	0.984012096	1.9343792	2	1	2:1	3	gain	4169012
19	42926619	43209995	DUP	283377	2403	2.0058104	2395	0	349.0	mappable	NA	2.0	NA	0.00818932901	0.125	0.00508131804	0.11042181	0.23542181	42926619	42926659	43209995	43209995	NA	missing	377371.4	NA	0.9977369	NA	NA	NA	NA	NA	NA	NA	NA	NA	NA	4169012
19	43209996	43800005	NA	590010	0	0.0	0	0	NA	mappable	NA	NA	NA	NA	inf	0.99868131804	0.10432761	inf	43209996	43209996	43800005	43800005	NA	missing	NA	NA	0.0	NA	NA	0.0	0.0	0.0	0	0	NA	0	homozygousDel	4169012
19	43800006	45719979	NA	1919974	23318	2.0058104	23220	897	3289.0	mappable	0.0857875	2.0	NA	0.00359515375	0.00100502513	0.00408131804	0.09581915	0.09682417	43800006	43800006	45699932	45740026	0.15939846	1	377371.4	19.63747	0.9977369	NA	NA	0.0	1.002905181	1.0029052	1	1	1:1	2	neutral	4169012
19	45719979	59089999	NA	13370022	139368	3.9518046	138679	6297	19860.0	mappable	0.229425	NA	edge	0.14579529809	0.00014314343	0.30942146739	0.08448622	0.08462937	45699932	45740026	59089999	59089999	0.78169724	2	408761.9	25.30431	1.3081028	15.57439	0.7470783	0.4941567	0.999496974	2.9523076	3	1	3:1	4	gain	4169012
20	60479	9499924	NA	9439446	146841	2.0058104	146328	7298	18828.0	mappable	0.078725	2.0	edge	0.00017015375	0.00012802458	0.00438131804	0.08631751	0.08644553	60479	60479	9499798	9499924	0.16125471	1	377371.4	19.63747	0.9977369	NA	NA	0.0	1.002905181	1.0029052	1	1	1:1	2	neutral	4169012
20	9499925	9509993	NA	10069	195	2.453257	195	0	30.0	mappable	NA	NA	NA	NA	inf	0.07041868196	0.15040271	inf	9499925	9500051	9509947	9509993	NA	missing	384762.0	NA	1.0691	NA	NA	NA	NA	NA	NA	NA	NA	NA	NA	4169012
20	9509994	25729738	NA	16219751	253375	2.0058104	252622	12942	31211.0	mappable	0.078725	2.0	NA	0.00173697424	7.301935e-05	0.00682341059	0.08350295	0.08357597	9509994	9510040	25729738	25729738	0.14420561	1	377371.4	19.63747	0.9977369	NA	NA	0.0	1.002905181	1.0029052	1	1	1:1	2	neutral	4169012
20	29810057	62909989	NA	33099939	497667	2.0058104	495506	19905	66252.0	mappable	0.08215	2.0	edge	0.00158097739	4.53227e-05	0.000995112	0.08006301	0.08010833	29810057	29810057	62909989	62909989	0.15193334	1	377371.4	19.63747	0.9977369	NA	NA	0.0	1.002905181	1.0029052	1	1	1:1	2	neutral	4169012
21	10720001	11014966	NA	294966	4842	2.4291683	4324	0	645.0	mappable	NA	1.0	edge	0.01219182104	0.00193050193	0.03911868196	0.1100704	0.1120009	10720001	10720001	10859932	11170000	NA	missing	627308.4	NA	1.0652581	NA	NA	NA	NA	NA	NA	NA	NA	NA	NA	4169012
21	11014966	11179964	NA	164999	291	1.6020932	247	0	48.0	mappable	NA	6.0	NA	0.12431724933	0.02272727273	0.05948131804	0.11539284	0.13812011	10859932	11170000	11179964	11179964	NA	missing	1671625.1	NA	0.9333482	NA	NA	NA	NA	NA	NA	NA	NA	NA	NA	4169012
21	15410077	18769965	NA	3359889	53348	2.0058104	53117	2380	6403.0	mappable	0.0782	2.0	NA	0.00325484625	0.00038299502	0.00388131804	0.092251	0.09263399	15410077	15410077	18769871	18770059	0.1783241	1	377371.4	19.63747	0.9977369	NA	NA	0.0	1.002905181	1.0029052	1	1	1:1	2	neutral	4169012
21	18769965	18779984	NA	10020	198	2.440717	198	0	26.0	mappable	NA	NA	NA	NA	inf	0.06841868196	0.15048235	inf	18769871	18770059	18779912	18780056	NA	missing	394230.0	NA	1.0671	NA	NA	NA	NA	NA	NA	NA	NA	NA	NA	4169012
21	18779984	29194349	NA	10414369	171929	2.0058104	171232	7568	20640.0	mappable	0.07973333	2.0	NA	0.00130660942	0.00012099214	0.00391146304	0.08579246	0.08591345	18779912	18780056	29194327	29194349	0.14168319	1	377371.4	19.63747	0.9977369	NA	NA	0.0	1.002905181	1.0029052	1	1	1:1	2	neutral	4169012
21	29194350	29232676	DEL	38327	447	0.964759	447	9	51.0	mappable	0.17932436	NA	identical	0.09734451272	0.11111111111	0.16698131804	0.13135363	0.24246474	29194350	29194377	29219779	29232676	NA	missing	352188.9	20.31859	0.8317	NA	NA	NA	NA	NA	NA	NA	NA	NA	NA	4169012
21	29232677	48099931	DEL	18867256	290485	2.0058104	288751	14042	38087.0	mappable	0.08215	2.0	edge	0.00138065153	6.339144e-05	0.00176810255	0.08274933	0.08281272	29232677	29320074	48099931	48099931	0.17251278	1	377371.4	19.63747	0.9977369	NA	NA	0.0	1.002905181	1.0029052	1	1	1:1	2	neutral	4169012
22	16850007	17289954	NA	439948	1108	2.4291683	1008	0	106.0	mappable	NA	1.0	edge	0.00262495173	0.01	0.08601868196	0.10668389	0.11668389	16850007	16850007	17289899	17289954	NA	missing	627308.4	NA	1.0652581	NA	NA	NA	NA	NA	NA	NA	NA	NA	NA	4169012
22	17289955	51179984	NA	33890036	454320	2.0058104	452289	20745	62124.0	mappable	0.085575	2.0	edge	0.00457524453	4.390587e-05	0.00025675055	0.07995408	0.07999799	17289955	17290010	51179984	51179984	0.16790528	1	377371.4	19.63747	0.9977369	NA	NA	0.0	1.002905181	1.0029052	1	1	1:1	2	neutral	4169012
23	2700027	33478324	NA	30778298	297975	2.9183913	296992	12968	36795.0	mappable	0.099275	3.0	edge	0.01729515375	7.167945e-05	0.13061868196	0.08040068	0.08047236	2700027	2700027	33478324	33478324	0.48267993	2	436970.9	24.74517	1.1432841	19.04938	0.6628238	0.3256476	0.984012096	1.9343792	2	1	2:1	3	gain	4169012
23	33478325	33481265	DEL	2941	23	2.265784	23	0	2.0	mappable	NA	NA	NA	NA	inf	0.04051868196	0.1735796	inf	33478325	33478348	33480872	33481265	NA	missing	418527.7	NA	1.0392	NA	NA	NA	NA	NA	NA	NA	NA	NA	NA	4169012
23	33481266	58499983	DEL	25018718	193007	2.9183913	192483	5066	24140.0	mappable	0.1027	3.0	NA	0.02072015375	0.0001789549	0.13331868196	0.08137854	0.08155749	33481266	33481364	58499983	58499983	0.52930268	2	436970.9	24.74517	1.1432841	19.04938	0.6628238	0.3256476	0.984012096	1.9343792	2	1	2:1	3	gain	4169012
23	61750000	77680045	NA	15930046	128486	2.9183913	128177	1771	16338.0	mappable	0.085575	3.0	NA	0.00359515375	0.00048076923	0.12371868196	0.0835937	0.08407447	61750000	61750000	77679999	77680045	0.47934245	2	436970.9	24.74517	1.1432841	19.04938	0.6628238	0.3256476	0.984012096	1.9343792	2	1	2:1	3	gain	4169012
23	77680046	77690053	NA	10008	130	3.421972	130	0	17.0	mappable	NA	NA	NA	NA	inf	0.22491868196	0.15050193	inf	77680046	77680092	77689990	77690053	NA	missing	486817.8	NA	1.2236	NA	NA	NA	NA	NA	NA	NA	NA	NA	NA	4169012
23	77690054	82944969	NA	5254916	55480	2.9183913	55324	2475	6733.0	mappable	0.08686204	3.0	NA	0.00793682042	0.00038008362	0.12431868196	0.08958472	0.0899648	77690054	77690117	82939933	82944969	0.4893808	2	436970.9	24.74517	1.1432841	19.04938	0.6628238	0.3256476	0.984012096	1.9343792	2	1	2:1	3	gain	4169012
23	82944970	82969930	NA	24961	206	2.255752	205	0	41.0	mappable	NA	NA	NA	0.33737499246	1.0	0.03891868196	0.13691702	1.13691702	82944970	82950006	82969852	82969930	NA	missing	432472.1	NA	1.0376	NA	NA	NA	NA	NA	NA	NA	NA	NA	NA	4169012
23	82969931	83649939	NA	680009	6180	2.9183913	6155	129	764.0	mappable	0.08724038	3.0	NA	0.01189515375	0.00649350649	0.11261868196	0.10322477	0.10971828	82969931	82970009	83649863	83649939	0.53735594	2	436970.9	24.74517	1.1432841	19.04938	0.6628238	0.3256476	0.984012096	1.9343792	2	1	2:1	3	gain	4169012
23	83649940	83659906	NA	9967	161	2.0058104	161	3	21.0	mappable	0.1172043	2.0	self	0.03522445108	0.33333333333	0.01101868196	0.15056903	0.48390237	83649940	83650016	83659765	83660047	NA	missing	377371.4	19.63747	0.9977369	NA	NA	NA	NA	NA	NA	NA	NA	NA	NA	4169012
23	83659906	88459980	NA	4800075	55187	2.9183913	54993	2265	6664.0	mappable	0.099275	3.0	NA	0.01387015375	0.00040666938	0.12081868196	0.09011191	0.09051858	83659765	83660047	88459980	88459980	0.51983731	2	436970.9	24.74517	1.1432841	19.04938	0.6628238	0.3256476	0.984012096	1.9343792	2	1	2:1	3	gain	4169012
23	88990017	89349936	NA	359920	1088	2.9183913	1088	65	121.0	mappable	0.13369231	3.0	NA	0.05171246144	0.01538461538	0.12391868196	0.10835811	0.12374273	88990017	88990017	89349936	89349936	0.47219021	2	436970.9	24.74517	1.1432841	19.04938	0.6628238	0.3256476	0.984012096	1.9343792	2	1	2:1	3	gain	4169012
23	89349937	90140198	NA	790262	0	0.0	0	0	NA	mappable	NA	NA	NA	NA	inf	0.99868131804	0.10208263	inf	89349937	89349937	90140198	90140198	NA	missing	NA	NA	0.0	NA	NA	0.0	0.0	0.0	0	0	NA	0	homozygousDel	4169012
23	90140199	91529952	NA	1389754	5103	2.9183913	5083	228	626.0	mappable	0.08601762	3.0	NA	0.00631523572	0.00403225806	0.11741868196	0.09800848	0.10204074	90140199	90140199	91529952	91529952	0.48467511	2	436970.9	24.74517	1.1432841	19.04938	0.6628238	0.3256476	0.984012096	1.9343792	2	1	2:1	3	gain	4169012
23	91529953	92379999	NA	850047	0	0.0	0	0	NA	mappable	NA	NA	NA	NA	inf	0.99868131804	0.10153736	inf	91529953	91529953	92379999	92379999	NA	missing	NA	NA	0.0	NA	NA	0.0	0.0	0.0	0	0	NA	0	homozygousDel	4169012
23	92380000	149730065	NA	57350066	524652	2.9183913	522959	18268	64617.0	mappable	0.099275	3.0	NA	0.01729515375	5.009769e-05	0.12821868196	0.07759971	0.07764981	92380000	92380000	149729923	149730207	0.50720308	2	436970.9	24.74517	1.1432841	19.04938	0.6628238	0.3256476	0.984012096	1.9343792	2	1	2:1	3	gain	4169012
23	149730065	149750074	NA	20010	182	2.3829158	182	15	21.0	mappable	0.1723564	9.0	NA	0.0903765491	0.06666666667	0.04681868196	0.13997336	0.20664002	149729923	149730207	149749998	149750074	NA	missing	377488.7	20.93083	1.0578813	NA	NA	NA	NA	NA	NA	NA	NA	NA	NA	4169012
23	149750075	154929639	NA	5179565	42567	2.9183913	42363	1796	5442.0	mappable	0.1118	3.0	edge	0.02757015375	0.0005	0.13711868196	0.08966841	0.09016841	149750075	149750151	154929639	154929639	0.65672118	2	436970.9	24.74517	1.1432841	19.04938	0.6628238	0.3256476	0.984012096	1.9343792	2	1	2:1	3	gain	4169012
