#chromosome	start	end	crest	length	tcnNbrOfLoci	tcnMean	tcnNbrOfSNPs	tcnNbrOfHets	dhNbrOfLoci	map	dhMax	cluster	neighbour	distDH	errorSNP	distTcn	errorLength	totalError	minStart	maxStart	minStop	maxStop	area	peaks	meanCovT	meanCovB	tcnMeanRaw	AF	BAF	dhMean	c1Mean	c2Mean	A	B	genotype	TCN	GNL	PID
1	840009	12839977	NA	11999970	169662	2.0017845	168798	2271	6601.0	mappable	0.063625	5.0	edge	0.002277496687	0.00031897927	0.0084483877	0.08504657	0.08536555	840009	840009	12839977	12839977	0.17803342	1	876115.3	44.91739	0.9941131	NA	NA	0.0	1.0008923	1.0008923	1	1	1:1	2	neutral	4171908
1	13780016	35100002	NA	21319988	263765	2.0017845	263000	3819	10236.0	mappable	0.0607	5.0	self	0.002531228964	0.00021815009	0.00473666633	0.08215002	0.08236817	13780016	13780016	35099993	35100011	0.14210164	1	876115.3	44.91739	0.9941131	NA	NA	0.0	1.0008923	1.0008923	1	1	1:1	2	neutral	4171908
1	35100002	35120004	NA	20003	342	0.1269217	338	0	19.0	mappable	NA	NA	identical	0.007788194011	0.25	0.28942118361	0.1399783	0.3899783	35099993	35100011	35119991	35120017	NA	missing	604234.8	NA	0.7053	NA	NA	NA	NA	NA	NA	NA	NA	NA	NA	4171908
1	35120004	54470012	NA	19350009	230720	2.0017845	230138	2719	8842.0	mappable	0.0607	5.0	NA	0.000151156974	0.0003029385	0.00462118361	0.08262472	0.08292766	35119991	35120017	54469989	54470035	0.13964253	1	876115.3	44.91739	0.9941131	NA	NA	0.0	1.0008923	1.0008923	1	1	1:1	2	neutral	4171908
1	54470012	54489945	NA	19934	303	2.7216194	303	0	15.0	mappable	NA	NA	NA	NA	inf	0.11027881639	0.14002716	inf	54469989	54470035	54489794	54490096	NA	missing	857239.1	NA	1.105	NA	NA	NA	NA	NA	NA	NA	NA	NA	NA	4171908
1	54489945	120529963	NA	66040024	876736	2.0017845	874540	12757	33958.0	mappable	0.0607	5.0	NA	0.001264400649	6.687621e-05	0.00218716007	0.07699167	0.07705854	54489794	54490096	120529963	120529963	0.12995636	1	876115.3	44.91739	0.9941131	NA	NA	0.0	1.0008923	1.0008923	1	1	1:1	2	neutral	4171908
1	121220004	121229986	NA	9983	173	2.0017845	170	0	9.0	mappable	NA	5.0	self	0.056944794967	0.33333333333	0.02237881639	0.15054281	0.48387614	121220004	121220004	121229986	121229986	NA	missing	876115.3	NA	0.9941131	NA	NA	NA	NA	NA	NA	NA	NA	NA	NA	4171908
1	144010127	144019970	NA	9844	155	2.1075128	119	0	5.0	mappable	NA	NA	NA	0.262674074979	0.02777777778	0.01567881639	0.15077238	0.17855016	144010127	144010127	144019970	144019970	NA	missing	2575322.0	NA	1.0104	NA	NA	NA	NA	NA	NA	NA	NA	NA	NA	4171908
1	144920087	145739956	NA	819870	6301	2.0017845	5977	34	228.0	mappable	0.0413625	5.0	self	0.017701156974	0.00279329609	0.00387881639	0.10180689	0.10460019	144920087	144920087	145739956	145739956	0.16305071	1	876115.3	44.91739	0.9941131	NA	NA	0.0	1.0008923	1.0008923	1	1	1:1	2	neutral	4171908
1	146540101	147829895	NA	1289795	11312	2.0017845	11294	108	408.0	mappable	0.059464706	5.0	self	0.003994431261	0.00793650794	0.00357881639	0.09852843	0.10646493	146540101	146540101	147829895	147829895	0.15991726	1	876115.3	44.91739	0.9941131	NA	NA	0.0	1.0008923	1.0008923	1	1	1:1	2	neutral	4171908
1	149815060	150468501	NA	653442	5932	2.0017845	5909	124	230.0	mappable	0.054080263	5.0	self	0.000740509693	0.00680272109	0.02332118361	0.103532	0.11033472	149815060	149815060	150468432	150468501	0.06722127	1	876115.3	44.91739	0.9941131	NA	NA	0.0	1.0008923	1.0008923	1	1	1:1	2	neutral	4171908
1	150468502	229590022	CTX	79121525	1040480	2.0017845	1037808	15024	40589.0	mappable	0.0607	5.0	NA	0.00049663979	5.650995e-05	0.00022052205	0.07622658	0.07628309	150468502	150468504	229589998	229590046	0.12911114	1	876115.3	44.91739	0.9941131	NA	NA	0.0	1.0008923	1.0008923	1	1	1:1	2	neutral	4171908
1	229590022	229640007	NA	49986	722	1.4706855	722	0	33.0	mappable	NA	NA	NA	NA	inf	0.08242118361	0.12812927	inf	229589998	229590046	229639959	229640055	NA	missing	843524.2	NA	0.9123	NA	NA	NA	NA	NA	NA	NA	NA	NA	NA	4171908
1	229640007	249209945	NA	19569941	277063	2.0017845	276037	4523	10784.0	mappable	0.0607	5.0	edge	0.000636890422	0.00018021265	0.00649939398	0.0825691	0.08274931	229639959	229640055	249209945	249209945	0.13316029	1	876115.3	44.91739	0.9941131	NA	NA	0.0	1.0008923	1.0008923	1	1	1:1	2	neutral	4171908
2	20016	26657476	NA	26637462	393772	2.0017845	392309	6305	15224.0	mappable	0.063625	5.0	edge	0.002516045594	0.00012873326	0.00698191869	0.08108014	0.08120887	20016	20016	26657450	26657476	0.14389118	1	876115.3	44.91739	0.9941131	NA	NA	0.0	1.0008923	1.0008923	1	1	1:1	2	neutral	4171908
2	26657477	76020003	CTX	49362530	741699	2.0017845	739970	10245	28688.0	mappable	0.0607	5.0	NA	0.001288521263	8.351428e-05	0.00744670566	0.07825671	0.07834023	26657477	26657691	76019994	76020012	0.13749903	1	876115.3	44.91739	0.9941131	NA	NA	0.0	1.0008923	1.0008923	1	1	1:1	2	neutral	4171908
2	76020003	76050115	NA	30113	488	2.5314151	488	0	31.0	mappable	NA	NA	NA	NA	inf	0.08097881639	0.13442578	inf	76019994	76020012	76049921	76050309	NA	missing	894354.6	NA	1.0757	NA	NA	NA	NA	NA	NA	NA	NA	NA	NA	4171908
2	76050115	87059860	NA	11009747	157857	2.0017845	157542	2968	6072.0	mappable	0.0607	5.0	NA	0.000102059701	0.00030459945	0.00050289617	0.0854983	0.0858029	76049921	76050309	87059860	87059860	0.13072788	1	876115.3	44.91739	0.9941131	NA	NA	0.0	1.0008923	1.0008923	1	1	1:1	2	neutral	4171908
2	88330099	88882558	NA	552460	7348	2.0017845	7320	132	292.0	mappable	0.060272222	5.0	NA	0.003395096368	0.00625	0.00377881639	0.10484647	0.11109647	88330099	88330099	88882553	88882558	0.14347212	1	876115.3	44.91739	0.9941131	NA	NA	0.0	1.0008923	1.0008923	1	1	1:1	2	neutral	4171908
2	88882559	88886358	DEL	3800	49	1.895237	49	0	5.0	mappable	NA	NA	NA	NA	inf	0.01702118361	0.16818335	inf	88882559	88882585	88886253	88886358	NA	missing	856251.1	NA	0.9777	NA	NA	NA	NA	NA	NA	NA	NA	NA	NA	4171908
2	88886359	89160194	DEL	273836	2859	2.0017845	2845	12	118.0	mappable	0.028083333	5.0	NA	0.020323843026	0.03846153846	0.01417881639	0.11072387	0.14918541	88886359	88886370	89160192	89160194	NA	missing	876115.3	44.91739	0.9941131	NA	NA	NA	NA	NA	NA	NA	NA	NA	NA	4171908
2	89160195	89229990	DEL	69796	1598	1.2973595	1595	0	67.0	mappable	NA	NA	NA	0.515215056588	0.33333333333	0.10912118361	0.12429419	0.45762752	89160195	89160196	89229990	89229990	NA	missing	752874.8	NA	0.8856	NA	NA	NA	NA	NA	NA	NA	NA	NA	NA	4171908
2	89229991	89416831	NA	186841	0	0.0	0	0	NA	mappable	NA	NA	NA	NA	inf	0.99472118361	0.11421098	inf	89229991	89229991	89416831	89416831	NA	missing	NA	NA	0.0	NA	NA	0.0	0.0	0.0	0	0	NA	0	homozygousDel	4171908
2	89840102	90239998	NA	399897	906	2.0017845	899	0	36.0	mappable	NA	5.0	NA	0.023963146509	0.14285714286	0.04272118361	0.10747332	0.25033047	89840102	89840102	90239998	90239998	NA	missing	876115.3	NA	0.9941131	NA	NA	NA	NA	NA	NA	NA	NA	NA	NA	4171908
2	95580145	96239991	NA	659847	4385	2.0017845	4373	23	180.0	mappable	0.04687418	5.0	NA	0.017398843026	0.02857142857	0.01337881639	0.10345663	0.13202806	95580145	95580145	96239991	96239991	NA	missing	876115.3	44.91739	0.9941131	NA	NA	NA	NA	NA	NA	NA	NA	NA	NA	4171908
2	96239992	96740020	NA	500029	0	0.0	0	0	NA	mappable	NA	NA	NA	NA	inf	0.99472118361	0.10564318	inf	96239992	96239992	96740020	96740020	NA	missing	NA	NA	0.0	NA	NA	0.0	0.0	0.0	0	0	NA	0	homozygousDel	4171908
2	96740021	119524986	NA	22784968	272009	2.0017845	271461	3708	10698.0	mappable	0.0607	5.0	NA	0.001746684516	0.00023496241	0.0028210797	0.08182777	0.08206274	96740021	96740021	119524973	119524986	0.12497034	1	876115.3	44.91739	0.9941131	NA	NA	0.0	1.0008923	1.0008923	1	1	1:1	2	neutral	4171908
2	119524987	125176425	CTX	5651439	81632	2.0017845	81474	1002	3183.0	mappable	0.062535256	5.0	self	0.000151156974	0.00086206897	0.00627881639	0.08916555	0.09002762	119524987	119524993	125176233	125176425	0.14461322	1	876115.3	44.91739	0.9941131	NA	NA	0.0	1.0008923	1.0008923	1	1	1:1	2	neutral	4171908
2	125176426	128535126	DUP	3358701	51204	2.0017845	51133	771	2013.0	mappable	0.056158117	5.0	self	0.005698843026	0.00118764846	0.00077881639	0.09225317	0.09344082	125176426	125176433	128535096	128535126	0.0984688	1	876115.3	44.91739	0.9941131	NA	NA	0.0	1.0008923	1.0008923	1	1	1:1	2	neutral	4171908
2	128535127	132189994	DUP	3654868	37369	2.0017845	37290	640	1443.0	mappable	0.0607	5.0	NA	0.000151156974	0.00139082058	0.00387881639	0.09173728	0.0931281	128535127	128535132	132189994	132189994	0.15510663	1	876115.3	44.91739	0.9941131	NA	NA	0.0	1.0008923	1.0008923	1	1	1:1	2	neutral	4171908
2	132189995	133009999	NA	820005	0	0.0	0	0	NA	mappable	NA	NA	NA	NA	inf	0.99472118361	0.10180566	inf	132189995	132189995	133009999	133009999	NA	missing	NA	NA	0.0	NA	NA	0.0	0.0	0.0	0	0	NA	0	homozygousDel	4171908
2	133010000	134791856	NA	1781857	26968	2.0017845	26892	365	1005.0	mappable	0.0586	5.0	NA	0.001485206662	0.0022675737	0.02257881639	0.09631615	0.09858372	133010000	133010000	134791854	134791856	0.1811575	1	876115.3	44.91739	0.9941131	NA	NA	0.0	1.0008923	1.0008923	1	1	1:1	2	neutral	4171908
2	134791857	134793994	DEL	2138	35	1.5544274	35	0	1.0	mappable	NA	NA	NA	NA	inf	0.06952118361	0.18079838	inf	134791857	134791895	134793939	134793994	NA	missing	780200.0	NA	0.9252	NA	NA	NA	NA	NA	NA	NA	NA	NA	NA	4171908
2	134793995	134804973	DEL	10979	103	1.5544274	103	0	5.0	mappable	NA	NA	NA	NA	inf	0.06952118361	0.14900399	inf	134793995	134794007	134799928	134810018	NA	missing	780200.0	NA	0.9252	NA	NA	NA	NA	NA	NA	NA	NA	NA	NA	4171908
2	134804973	139104473	NA	4299501	56726	2.0017845	56594	741	2203.0	mappable	0.0607	5.0	NA	0.000151156974	0.00114547537	0.01287881639	0.09076165	0.09190713	134799928	134810018	139104448	139104473	0.1471006	1	876115.3	44.91739	0.9941131	NA	NA	0.0	1.0008923	1.0008923	1	1	1:1	2	neutral	4171908
2	139104474	139105565	DEL	1092	16	1.6505032	16	0	1.0	mappable	NA	NA	NA	NA	inf	0.05472118361	0.19816191	inf	139104474	139104475	139105533	139105565	NA	missing	850913.0	NA	0.94	NA	NA	NA	NA	NA	NA	NA	NA	NA	NA	4171908
2	139105566	139824439	DEL	718874	10173	2.0017845	10145	197	417.0	mappable	0.060560714	5.0	NA	0.001646065248	0.00444444444	0.00827881639	0.10279933	0.10724378	139105566	139105594	139824417	139824439	0.12682306	1	876115.3	44.91739	0.9941131	NA	NA	0.0	1.0008923	1.0008923	1	1	1:1	2	neutral	4171908
2	139824440	217870037	CTX	78045603	1016074	2.0017845	1013530	13749	39568.0	mappable	0.057775	5.0	NA	0.001322372165	6.137605e-05	0.01281529326	0.07628401	0.07634539	139824440	139824457	217869996	217870078	0.13903543	1	876115.3	44.91739	0.9941131	NA	NA	0.0	1.0008923	1.0008923	1	1	1:1	2	neutral	4171908
2	217870037	217889998	NA	19962	351	1.7569657	351	0	15.0	mappable	NA	NA	NA	NA	inf	0.03832118361	0.14000731	inf	217869996	217870078	217889952	217889998	NA	missing	859097.7	NA	0.9564	NA	NA	NA	NA	NA	NA	NA	NA	NA	NA	4171908
2	217889999	242999969	NA	25109974	369840	2.0017845	368687	5809	14253.0	mappable	0.0607	5.0	edge	0.001336749297	0.00014363689	0.00796228519	0.08136115	0.08150479	217889999	217890045	242999969	242999969	0.14197477	1	876115.3	44.91739	0.9941131	NA	NA	0.0	1.0008923	1.0008923	1	1	1:1	2	neutral	4171908
3	100074	2069961	NA	1969890	37714	2.0017845	37601	546	1407.0	mappable	0.061772222	5.0	edge	0.003824686112	0.00151745068	0.00886455477	0.09564946	0.09716691	100074	100074	2069893	2069961	0.12848419	1	876115.3	44.91739	0.9941131	NA	NA	0.0	1.0008923	1.0008923	1	1	1:1	2	neutral	4171908
3	2069962	2071374	NA	1413	20	-0.7890449	20	0	0.0	mappable	NA	NA	NA	NA	inf	0.43052118361	0.19112153	inf	2069962	2070030	2071293	2071374	NA	missing	529071.1	NA	0.5642	NA	NA	NA	NA	NA	NA	NA	NA	NA	NA	4171908
3	2071375	2197090	DEL	125716	2098	-1.1817875	2096	2	82.0	mappable	0.386792453	NA	NA	0.7093445532	0.25	0.49102118361	0.11806509	0.36806509	2071375	2071688	2197028	2197090	NA	missing	458862.7	31.81737	0.5037	NA	NA	NA	NA	NA	NA	NA	NA	NA	NA	4171908
3	2197091	22877140	DEL	20680053	317476	2.0017845	316657	4784	12407.0	mappable	0.0607	5.0	self	0.000597502682	0.00017847582	0.00206981185	0.08229865	0.08247712	2197091	2197138	22877131	22877140	0.12952693	1	876115.3	44.91739	0.9941131	NA	NA	0.0	1.0008923	1.0008923	1	1	1:1	2	neutral	4171908
3	22877141	22889055	DUP	11915	217	5.029108	214	0	6.0	mappable	NA	3.0	identical	0.39141252061	0.33333333333	0.44717881639	0.14770513	0.48103846	22877141	22877190	22888839	22889055	NA	missing	1315107.1	NA	1.4604569	NA	NA	NA	NA	NA	NA	NA	NA	NA	NA	4171908
3	22889056	75276092	DUP	52387043	721222	2.0017845	719644	9823	28196.0	mappable	0.0607	5.0	self	0.000982523588	8.77116e-05	7.107754e-05	0.07799489	0.0780826	22889056	22889100	75276091	75276092	0.12519103	1	876115.3	44.91739	0.9941131	NA	NA	0.0	1.0008923	1.0008923	1	1	1:1	2	neutral	4171908
3	75276093	76070001	NA	793909	2000	6.2588992	1984	10	72.0	mappable	0.021266667	NA	identical	0.033445920948	0.03846153846	0.65517881639	0.10204803	0.14050957	75276093	75276094	76069955	76070001	NA	missing	759565.8	37.97829	1.6499	NA	NA	NA	NA	NA	NA	NA	NA	NA	NA	4171908
3	76070002	90499969	NA	14429970	202602	2.0017845	202115	3182	7892.0	mappable	0.059842857	5.0	self	0.001304255203	0.00027255383	0.00500398634	0.08409522	0.08436777	76070002	76070048	90499969	90499969	0.12601356	1	876115.3	44.91739	0.9941131	NA	NA	0.0	1.0008923	1.0008923	1	1	1:1	2	neutral	4171908
3	93570175	96899997	NA	3329823	47321	2.0017845	47227	839	1812.0	mappable	0.0607	5.0	NA	0.000151156974	0.00107181136	0.00712118361	0.09230621	0.09337802	93570175	93570175	96899962	96900032	0.15176947	1	876115.3	44.91739	0.9941131	NA	NA	0.0	1.0008923	1.0008923	1	1	1:1	2	neutral	4171908
3	96899997	96919982	NA	19986	276	2.4639023	276	0	16.0	mappable	NA	NA	NA	NA	inf	0.07057881639	0.13999032	inf	96899962	96900032	96919877	96919982	NA	missing	931873.9	NA	1.0653	NA	NA	NA	NA	NA	NA	NA	NA	NA	NA	4171908
3	96919983	137530010	NA	40610033	535186	2.0017845	534022	8070	20864.0	mappable	0.0607	5.0	NA	1.7144374e-05	0.00010829543	0.00141790916	0.07912853	0.07923683	96919983	96920088	137529978	137530010	0.12819761	1	876115.3	44.91739	0.9941131	NA	NA	0.0	1.0008923	1.0008923	1	1	1:1	2	neutral	4171908
3	137530011	137549962	NA	19952	290	2.4450766	290	0	17.0	mappable	NA	NA	NA	NA	inf	0.06767881639	0.14001439	inf	137530011	137530043	137549914	137550010	NA	missing	913032.5	NA	1.0624	NA	NA	NA	NA	NA	NA	NA	NA	NA	NA	4171908
3	137549962	185499959	NA	47950002	639418	2.0017845	637982	9345	24759.0	mappable	0.0607	5.0	NA	0.00156305754	9.275577e-05	0.00098603796	0.07838518	0.07847793	137549914	137550010	185499912	185500006	0.13930112	1	876115.3	44.91739	0.9941131	NA	NA	0.0	1.0008923	1.0008923	1	1	1:1	2	neutral	4171908
3	185499959	185530028	NA	30070	265	2.3704231	265	0	17.0	mappable	NA	NA	NA	NA	inf	0.05617881639	0.13444441	inf	185499912	185500006	185529985	185530028	NA	missing	892175.5	NA	1.0509	NA	NA	NA	NA	NA	NA	NA	NA	NA	NA	4171908
3	185530029	197779892	NA	12249866	177635	2.0017845	177003	2411	6844.0	mappable	0.063625	5.0	edge	0.003878777743	0.00032862307	0.00076591972	0.08493917	0.08526779	185530029	185530072	197779892	197779892	0.16000907	1	876115.3	44.91739	0.9941131	NA	NA	0.0	1.0008923	1.0008923	1	1	1:1	2	neutral	4171908
4	50084	70007	NA	19924	459	1.166473	420	0	21.0	mappable	NA	1.0	edge	0.693929417844	0.02564102564	0.17472118361	0.14003426	0.16567528	50084	50084	69964	70050	NA	missing	915415.0	NA	0.8654376	NA	NA	NA	NA	NA	NA	NA	NA	NA	NA	4171908
4	70007	8910070	NA	8840066	142334	2.0017845	141679	2324	5577.0	mappable	0.063625	5.0	self	0.003207644355	0.00033568312	0.00274528256	0.08667154	0.08700722	69964	70050	8909990	8910150	0.16985756	1	876115.3	44.91739	0.9941131	NA	NA	0.0	1.0008923	1.0008923	1	1	1:1	2	neutral	4171908
4	8910070	8939952	NA	29883	615	3.0061461	605	0	15.0	mappable	NA	2.0	NA	0.015465509693	0.1	0.08307881639	0.13452579	0.23452579	8909990	8910150	8939952	8939952	NA	missing	1013868.9	NA	1.1488299	NA	NA	NA	NA	NA	NA	NA	NA	NA	NA	4171908
4	9800097	49089961	NA	39289869	588481	2.0017845	587298	8897	22997.0	mappable	0.057775	5.0	self	0.002905094502	9.920635e-05	0.00119052552	0.07927808	0.07937729	9800097	9800097	49089961	49089961	0.11350907	1	876115.3	44.91739	0.9941131	NA	NA	0.0	1.0008923	1.0008923	1	1	1:1	2	neutral	4171908
4	52680112	131940014	NA	79259910	1058408	2.0017845	1056220	17132	41083.0	mappable	0.0607	5.0	self	0.000386352312	5.175983e-05	0.00011072148	0.07621926	0.07627102	52680112	52680112	131939983	131940014	0.12774024	1	876115.3	44.91739	0.9941131	NA	NA	0.0	1.0008923	1.0008923	1	1	1:1	2	neutral	4171908
4	131940015	132360018	NA	420004	5310	-0.1256021	5310	18	205.0	mappable	0.040525	NA	identical	0.020023843026	0.05555555556	0.32832118361	0.10706613	0.16262169	131940015	131940046	132359973	132360063	NA	missing	917063.2	46.41645	0.6664	NA	NA	NA	NA	NA	NA	NA	NA	NA	NA	4171908
4	132360018	190799944	NA	58439932	825223	2.0017845	822667	13760	31797.0	mappable	0.0607	5.0	edge	0.000623981194	6.128953e-05	0.00155454744	0.07751802	0.07757931	132359973	132360063	190799944	190799944	0.1329663	1	876115.3	44.91739	0.9941131	NA	NA	0.0	1.0008923	1.0008923	1	1	1:1	2	neutral	4171908
5	50017	46399990	NA	46349977	677850	2.0017845	676042	9974	26251.0	mappable	0.057775	5.0	edge	0.001381352362	8.487523e-05	0.00343143514	0.07853589	0.07862076	50017	50017	46399990	46399990	0.13638369	1	876115.3	44.91739	0.9941131	NA	NA	0.0	1.0008923	1.0008923	1	1	1:1	2	neutral	4171908
5	49470005	49559973	NA	89969	3022	1.3953251	2975	16	100.0	mappable	0.065715123	4.0	NA	0.004442593026	0.01587301587	0.12762118361	0.1215278	0.13740081	49470005	49470005	49549890	49559973	NA	missing	845609.7	44.59458	0.9006911	NA	NA	NA	NA	NA	NA	NA	NA	NA	NA	4171908
5	49559974	68829703	NA	19269732	250442	2.0017845	249939	3722	9658.0	mappable	0.0607	5.0	self	0.001487535334	0.00023668639	0.00051513738	0.0826452	0.08288188	49559974	49570057	68829703	68829703	0.12504493	1	876115.3	44.91739	0.9941131	NA	NA	0.0	1.0008923	1.0008923	1	1	1:1	2	neutral	4171908
5	70750153	80400000	NA	9649849	128803	2.0017845	128471	1824	4953.0	mappable	0.063625	5.0	NA	0.001597392621	0.00046382189	0.0036045821	0.08619919	0.08666301	70750153	70750153	80399926	80400074	0.12024683	1	876115.3	44.91739	0.9941131	NA	NA	0.0	1.0008923	1.0008923	1	1	1:1	2	neutral	4171908
5	80400000	80429990	NA	29991	493	2.3392634	493	0	18.0	mappable	NA	NA	NA	NA	inf	0.05137881639	0.13447872	inf	80399926	80400074	80429930	80430050	NA	missing	897392.3	NA	1.0461	NA	NA	NA	NA	NA	NA	NA	NA	NA	NA	4171908
5	80429990	150160051	NA	69730066	962380	2.0017845	960729	12179	37554.0	mappable	0.0607	5.0	NA	0.000704416012	7.230658e-05	0.00148770914	0.07675988	0.07683219	80429930	80430050	150159877	150160225	0.12459152	1	876115.3	44.91739	0.9941131	NA	NA	0.0	1.0008923	1.0008923	1	1	1:1	2	neutral	4171908
5	150160051	150229968	NA	69918	828	3.243545	827	0	27.0	mappable	NA	NA	identical	0.532671495957	1.0	0.19067881639	0.12427473	1.12427473	150159877	150160225	150229931	150230005	NA	missing	885406.2	NA	1.1854	NA	NA	NA	NA	NA	NA	NA	NA	NA	NA	4171908
5	150229968	180689979	NA	30460013	418192	2.0017845	417172	6382	16260.0	mappable	0.0607	5.0	edge	0.001207055692	0.00013509862	0.00011699359	0.08044919	0.08058428	150229931	150230005	180689979	180689979	0.13755094	1	876115.3	44.91739	0.9941131	NA	NA	0.0	1.0008923	1.0008923	1	1	1:1	2	neutral	4171908
6	201976	6110006	NA	5908031	92053	2.0017845	91593	1542	3555.0	mappable	0.0607	5.0	edge	0.000151156974	0.0004995005	0.00147881639	0.08891163	0.08941113	201976	201976	6109985	6110027	0.13323937	1	876115.3	44.91739	0.9941131	NA	NA	0.0	1.0008923	1.0008923	1	1	1:1	2	neutral	4171908
6	6110006	6129910	NA	19905	378	2.6164552	378	0	18.0	mappable	NA	NA	NA	NA	inf	0.09407881639	0.14004775	inf	6109985	6110027	6129797	6129910	NA	missing	933716.6	NA	1.0888	NA	NA	NA	NA	NA	NA	NA	NA	NA	NA	4171908
6	6129911	32425032	NA	26295124	380797	2.0017845	379084	6995	14787.0	mappable	0.063625	5.0	NA	0.002670056262	0.00011483693	0.00511845013	0.08114153	0.08125636	6129911	6130024	32425020	32425044	0.16294097	1	876115.3	44.91739	0.9941131	NA	NA	0.0	1.0008923	1.0008923	1	1	1:1	2	neutral	4171908
6	32425032	32509998	NA	84967	2000	3.9342526	1776	81	63.0	mappable	0.462282463	NA	NA	0.427201156974	0.00327868852	0.29707881639	0.12214028	0.12541896	32425020	32425044	32509985	32509998	0.43452015	2	935263.2	56.9926	1.2918	35.97694	0.733133	0.466266	1.0499223	2.8843304	3	1	3:1	4	gain	4171908
6	32509999	32644991	NA	134993	8081	1.3953251	7593	277	268.0	mappable	0.07825	4.0	NA	0.014776156974	0.00130718954	0.09412118361	0.1173535	0.11866069	32509999	32510012	32639973	32650009	0.37610364	2	845609.7	44.59458	0.9006911	46.65302	0.614674	0.2293479	0.5376551	0.85767	1	sub	1:sub	sub	sub	4171908
6	32644991	58019982	NA	25374994	360965	2.0017845	359298	4820	13909.0	mappable	0.0607	5.0	self	0.001025440368	0.00015415446	0.00170657005	0.08131105	0.0814652	32639973	32650009	58019982	58019982	0.15463284	1	876115.3	44.91739	0.9941131	NA	NA	0.0	1.0008923	1.0008923	1	1	1:1	2	neutral	4171908
6	58610011	58769997	NA	159987	569	2.0017845	569	5	18.0	mappable	0.013390447	5.0	self	0.047158395871	0.2	0.03382118361	0.11568989	0.31568989	58610011	58610011	58769997	58769997	NA	missing	876115.3	44.91739	0.9941131	NA	NA	NA	NA	NA	NA	NA	NA	NA	NA	4171908
6	61890002	62200003	NA	310002	3356	2.0017845	3346	59	147.0	mappable	0.079325	5.0	self	0.013990740307	0.01449275362	0.04072118361	0.10963759	0.12413035	61890002	61890002	62199984	62200022	0.14704969	1	876115.3	44.91739	0.9941131	NA	NA	0.0	1.0008923	1.0008923	1	1	1:1	2	neutral	4171908
6	62200003	62220009	NA	20007	518	0.3716555	507	0	19.0	mappable	NA	NA	identical	0.027515509693	0.09090909091	0.25172118361	0.13997548	0.23088457	62199984	62200022	62219898	62220009	NA	missing	709062.7	NA	0.743	NA	NA	NA	NA	NA	NA	NA	NA	NA	NA	4171908
6	62220010	107970004	NA	45749997	628032	2.0017845	626762	9666	24348.0	mappable	0.0607	5.0	NA	0.000672636003	9.144111e-05	0.00173267904	0.0785939	0.07868534	62220010	62220121	107969977	107970031	0.13355323	1	876115.3	44.91739	0.9941131	NA	NA	0.0	1.0008923	1.0008923	1	1	1:1	2	neutral	4171908
6	107970004	108010024	NA	40021	637	2.4243035	637	0	34.0	mappable	NA	NA	NA	NA	inf	0.06447881639	0.13081754	inf	107969977	107970031	108009986	108010062	NA	missing	874484.6	NA	1.0592	NA	NA	NA	NA	NA	NA	NA	NA	NA	NA	4171908
6	108010024	161179921	NA	53169902	729787	2.0017845	727955	9827	28653.0	mappable	0.0607	5.0	NA	0.001513679691	8.577065e-05	0.00114906579	0.07792985	0.07801562	108009986	108010062	161179797	161180045	0.13004	1	876115.3	44.91739	0.9941131	NA	NA	0.0	1.0008923	1.0008923	1	1	1:1	2	neutral	4171908
6	161179921	161304319	NA	124399	1422	1.3953251	1375	53	38.0	mappable	0.04581701	4.0	NA	0.010201765104	0.01	0.10002118361	0.11817108	0.12817108	161179797	161180045	161289932	161304319	0.22992401	1	845609.7	44.59458	0.9006911	NA	NA	0.0	0.6976625	0.6976625	sub	sub	sub:sub	sub	sub	4171908
6	161304320	161304817	CTX	498	0	0.0	0	0	NA	mappable	NA	NA	NA	NA	inf	0.99472118361	0.22321424	inf	161304320	161304320	161304817	161304817	NA	missing	NA	NA	0.0	NA	NA	0.0	0.0	0.0	0	0	NA	0	homozygousDel	4171908
6	161304818	161310097	DEL	5280	0	0.0	0	0	NA	mappable	NA	NA	NA	NA	inf	0.99472118361	0.16172957	inf	161304818	161304818	161310097	161310097	NA	missing	NA	NA	0.0	NA	NA	0.0	0.0	0.0	0	0	NA	0	homozygousDel	4171908
6	161310098	161312443	DEL	2346	0	0.0	0	0	NA	mappable	NA	NA	NA	NA	inf	0.99472118361	0.17863543	inf	161310098	161310098	161312443	161312443	NA	missing	NA	NA	0.0	NA	NA	0.0	0.0	0.0	0	0	NA	0	homozygousDel	4171908
6	161312444	170899935	CTX	9587493	154284	2.0017845	153449	2777	5889.0	mappable	0.0607	5.0	edge	4.7705053e-05	0.00027685493	0.00407968352	0.08623395	0.0865108	161312444	161320060	170899935	170899935	0.13341987	1	876115.3	44.91739	0.9941131	NA	NA	0.0	1.0008923	1.0008923	1	1	1:1	2	neutral	4171908
7	40386	4609943	NA	4569559	85409	2.0017845	85030	999	3280.0	mappable	0.0607	5.0	edge	0.002065779616	0.0007256894	0.01166868914	0.0904011	0.09112679	40386	40386	4609870	4609943	0.15559659	1	876115.3	44.91739	0.9941131	NA	NA	0.0	1.0008923	1.0008923	1	1	1:1	2	neutral	4171908
7	4650016	6115011	NA	1464997	15059	2.0017845	15029	191	559.0	mappable	0.048259259	5.0	NA	0.011630566251	0.00452488688	0.0149145829	0.09764449	0.10216938	4650016	4650057	6089976	6115011	0.08749347	1	876115.3	44.91739	0.9941131	NA	NA	0.0	1.0008923	1.0008923	1	1	1:1	2	neutral	4171908
7	6115012	6165005	NA	49994	298	1.2421808	298	0	19.0	mappable	NA	NA	NA	NA	inf	0.11762118361	0.12812737	inf	6115012	6140047	6159921	6170089	NA	missing	758087.5	NA	0.8771	NA	NA	NA	NA	NA	NA	NA	NA	NA	NA	4171908
7	6165005	57958735	NA	51793741	739498	2.0017845	737805	11188	28688.0	mappable	0.0607	5.0	NA	0.000486830813	7.763372e-05	0.0049594922	0.0780449	0.07812253	6159921	6170089	57958727	57958735	0.11886195	1	876115.3	44.91739	0.9941131	NA	NA	0.0	1.0008923	1.0008923	1	1	1:1	2	neutral	4171908
7	57958736	57999988	NA	41253	2000	1.3953251	1981	1	83.0	mappable	0.292929293	4.0	NA	0.000700815128	0.05	0.14222118361	0.13044433	0.18044433	57958736	57958744	57999988	57999988	NA	missing	845609.7	44.59458	0.9006911	NA	NA	NA	NA	NA	NA	NA	NA	NA	NA	4171908
7	61530139	72229988	NA	10699853	112496	2.0017845	112023	1715	4317.0	mappable	0.057775	5.0	self	0.002321911	0.00045703839	0.02228117774	0.08564912	0.08610615	61530139	61530139	72229988	72229988	0.15680807	1	876115.3	44.91739	0.9941131	NA	NA	0.0	1.0008923	1.0008923	1	1	1:1	2	neutral	4171908
7	72750118	74139961	NA	1389844	10127	2.0017845	10070	115	419.0	mappable	0.060355769	5.0	self	0.00080338848	0.00581395349	0.00902118361	0.09800803	0.10382198	72750118	72750118	74139961	74139961	0.3211537	1	876115.3	44.91739	0.9941131	NA	NA	0.0	1.0008923	1.0008923	1	1	1:1	2	neutral	4171908
7	75160045	76059952	NA	899908	8347	2.0017845	8324	59	299.0	mappable	0.082719231	5.0	self	0.007930003128	0.01219512195	0.01622118361	0.10111521	0.11331033	75160045	75160045	76059952	76059952	0.23049028	1	876115.3	44.91739	0.9941131	NA	NA	0.0	1.0008923	1.0008923	1	1	1:1	2	neutral	4171908
7	76810004	95911212	NA	19101214	255244	2.0017845	254698	3472	9999.0	mappable	0.0607	5.0	NA	0.000105462471	0.00024888004	0.00481398744	0.0826885	0.08293738	76810004	76810004	95911205	95911212	0.12929454	1	876115.3	44.91739	0.9941131	NA	NA	0.0	1.0008923	1.0008923	1	1	1:1	2	neutral	4171908
7	95911213	95911323	INV	111	1	1.7537199	1	0	0.0	mappable	NA	NA	NA	NA	inf	0.03882118361	0.29435937	inf	95911213	95911322	95911322	95911323	NA	missing	861151.7	NA	0.9559	NA	NA	NA	NA	NA	NA	NA	NA	NA	NA	4171908
7	95911324	95912502	DEL	1179	9	1.7537199	9	0	2.0	mappable	NA	NA	NA	NA	inf	0.03882118361	0.19601409	inf	95911324	95911403	95912452	95912502	NA	missing	861151.7	NA	0.9559	NA	NA	NA	NA	NA	NA	NA	NA	NA	NA	4171908
7	95912503	95913245	DEL	743	8	1.7537199	8	0	1.0	mappable	NA	NA	NA	NA	inf	0.03882118361	0.20970475	inf	95912503	95912582	95913131	95913245	NA	missing	861151.7	NA	0.9559	NA	NA	NA	NA	NA	NA	NA	NA	NA	NA	4171908
7	95913246	125550978	INV	29637737	370799	2.0017845	369823	5315	14384.0	mappable	0.057775	5.0	NA	0.001539865916	0.00015895724	0.00253395165	0.08057715	0.08073611	95913246	95913265	125549997	125550978	0.15542262	1	876115.3	44.91739	0.9941131	NA	NA	0.0	1.0008923	1.0008923	1	1	1:1	2	neutral	4171908
7	125550979	125751969	DEL	200991	3030	-1.1610143	3030	2	117.0	mappable	0.266666667	NA	identical	0.206117823641	0.5	0.48782118361	0.11352818	0.61352818	125550979	125560073	125751832	125751969	NA	missing	465877.7	29.50558	0.5069	NA	NA	NA	NA	NA	NA	NA	NA	NA	NA	4171908
7	125751970	152009927	DEL	26257961	335289	2.0017845	334425	5089	12754.0	mappable	0.0607	5.0	self	0.001049233574	0.00016798253	0.00045403079	0.08114824	0.08131623	125751970	125751989	152009816	152010038	0.14326998	1	876115.3	44.91739	0.9941131	NA	NA	0.0	1.0008923	1.0008923	1	1	1:1	2	neutral	4171908
7	152009927	152134990	NA	125064	1505	1.166473	1494	1	60.0	mappable	0.3	1.0	identical	0.612996336804	0.08333333333	0.07402118361	0.1181174	0.20145073	152009816	152010038	152109975	152160005	NA	missing	915415.0	50.30626	0.8654376	NA	NA	NA	NA	NA	NA	NA	NA	NA	NA	4171908
7	152134990	159119808	NA	6984819	108341	2.0017845	107525	1651	4299.0	mappable	0.063625	5.0	edge	0.003076156974	0.00040535063	0.00877868262	0.08796703	0.08837238	152109975	152160005	159119808	159119808	0.1768954	1	876115.3	44.91739	0.9941131	NA	NA	0.0	1.0008923	1.0008923	1	1	1:1	2	neutral	4171908
8	170012	1789993	NA	1619982	34861	2.0017845	34509	512	1338.0	mappable	0.063625	5.0	edge	0.000151156974	0.00115740741	0.01592118361	0.09695773	0.09811513	170012	170012	1789984	1790002	0.21582042	1	876115.3	44.91739	0.9941131	NA	NA	0.0	1.0008923	1.0008923	1	1	1:1	2	neutral	4171908
8	1789993	1820007	NA	30015	820	1.166473	807	8	33.0	mappable	0.054191216	1.0	identical	0.678412268085	0.04761904762	0.04242118361	0.13446828	0.18208733	1789984	1790002	1819973	1820041	NA	missing	915415.0	50.30626	0.8654376	NA	NA	NA	NA	NA	NA	NA	NA	NA	NA	4171908
8	1820007	6919904	NA	5099904	154316	2.0017845	153744	2462	5959.0	mappable	0.0607	5.0	self	0.000433564906	0.00032959789	0.00475484221	0.08975839	0.09008799	1819973	1820041	6919904	6919904	0.13664092	1	876115.3	44.91739	0.9941131	NA	NA	0.0	1.0008923	1.0008923	1	1	1:1	2	neutral	4171908
8	8100000	11859977	NA	3759981	78139	2.0017845	77807	1377	3066.0	mappable	0.063087025	5.0	self	0.003561664822	0.00058513751	0.00863000722	0.09156547	0.09215061	8100000	8100000	11859977	11859977	0.1405526	1	876115.3	44.91739	0.9941131	NA	NA	0.0	1.0008923	1.0008923	1	1	1:1	2	neutral	4171908
8	12580042	29590453	NA	17010413	315795	2.0017845	315006	4919	12078.0	mappable	0.0607	5.0	self	0.000107241971	0.00017519271	0.0051441344	0.08326424	0.08343943	12580042	12580042	29590429	29590453	0.13839573	1	876115.3	44.91739	0.9941131	NA	NA	0.0	1.0008923	1.0008923	1	1	1:1	2	neutral	4171908
8	29590454	29617784	DUP	27331	355	5.029108	351	0	16.0	mappable	NA	3.0	identical	0.217618915147	0.25	0.50297881639	0.13570132	0.38570132	29590454	29590549	29617769	29617784	NA	missing	1315107.1	NA	1.4604569	NA	NA	NA	NA	NA	NA	NA	NA	NA	NA	4171908
8	29617785	39230025	DUP	9612242	128827	2.0017845	128586	1511	5039.0	mappable	0.0607	5.0	self	0.000980701198	0.00057077626	0.00247667709	0.08622012	0.0867909	29617785	29617986	39229968	39230082	0.14980068	1	876115.3	44.91739	0.9941131	NA	NA	0.0	1.0008923	1.0008923	1	1	1:1	2	neutral	4171908
8	39230025	39390008	NA	159984	2277	8.2888266	2274	1	81.0	mappable	0.011764706	NA	identical	0.585639392268	0.25	0.96787881639	0.11569007	0.36569007	39229968	39230082	39389944	39390072	NA	missing	903770.8	45.72017	1.9626	NA	NA	NA	NA	NA	NA	NA	NA	NA	NA	4171908
8	39390008	43746918	NA	4356911	63230	2.0017845	63118	541	2473.0	mappable	0.062159483	5.0	self	0.002538182291	0.00153139357	0.00097881639	0.0906829	0.0922143	39389944	39390072	43746918	43746918	0.16577707	1	876115.3	44.91739	0.9941131	NA	NA	0.0	1.0008923	1.0008923	1	1	1:1	2	neutral	4171908
8	43746919	43789942	NA	43024	1547	1.2941137	1543	1	37.0	mappable	0.5	NA	NA	0.273401156974	0.2	0.10962118361	0.12993042	0.32993042	43746919	43746919	43789942	43789942	NA	missing	852455.4	63.93415	0.8851	NA	NA	NA	NA	NA	NA	NA	NA	NA	NA	4171908
8	46880007	94583340	NA	47703339	639072	2.0017845	637808	8768	25157.0	mappable	0.0607	5.0	self	8.8034674e-05	9.968102e-05	0.00691868889	0.07840804	0.07850773	46880007	46880007	94583331	94583340	0.14254046	1	876115.3	44.91739	0.9941131	NA	NA	0.0	1.0008923	1.0008923	1	1	1:1	2	neutral	4171908
8	94583341	120110012	CTX	25526673	338576	2.0017845	337828	4658	13216.0	mappable	0.060576106	5.0	self	0.000622993817	0.00018497965	0.01135863569	0.08128263	0.08146761	94583341	94583354	120109996	120110012	0.13419939	1	876115.3	44.91739	0.9941131	NA	NA	0.0	1.0008923	1.0008923	1	1	1:1	2	neutral	4171908
8	120110013	120150003	NA	39991	559	3.0061461	558	12	22.0	mappable	0.064054234	2.0	NA	0.003505391142	0.07692307692	0.08067881639	0.1308268	0.20774988	120110013	120110029	120149959	120150003	NA	missing	1013868.9	57.08697	1.1488299	NA	NA	NA	NA	NA	NA	NA	NA	NA	NA	4171908
8	120150004	120175055	NA	25052	307	0.611196	306	10	20.0	mappable	0.060901205	NA	NA	0.006118722544	0.09090909091	0.21482118361	0.13686782	0.22777692	120150004	120150048	120169942	120180168	NA	missing	709122.8	37.295	0.7799	NA	NA	NA	NA	NA	NA	NA	NA	NA	NA	4171908
8	120175055	146214955	NA	26039905	391147	2.0017845	389953	6143	15088.0	mappable	0.063625	5.0	self	0.00286654707	0.00013629549	0.00960322588	0.08118787	0.08132417	120169942	120180168	146209899	146220011	0.15984668	1	876115.3	44.91739	0.9941131	NA	NA	0.0	1.0008923	1.0008923	1	1	1:1	2	neutral	4171908
8	146214955	146289988	NA	75034	780	3.0061461	779	13	35.0	mappable	0.029516667	2.0	edge	0.029273843026	0.07142857143	0.08547881639	0.12349295	0.19492152	146209899	146220011	146289988	146289988	NA	missing	1013868.9	57.08697	1.1488299	NA	NA	NA	NA	NA	NA	NA	NA	NA	NA	4171908
9	200101	38769828	NA	38569739	635251	2.0017845	634004	9202	24536.0	mappable	0.0607	5.0	edge	0.000695066872	9.570294e-05	0.00305912452	0.07936204	0.07945774	200101	200101	38769828	38769828	0.11959858	1	876115.3	44.91739	0.9941131	NA	NA	0.0	1.0008923	1.0008923	1	1	1:1	2	neutral	4171908
9	66840048	66849972	NA	9925	540	2.0017845	521	0	22.0	mappable	NA	5.0	self	0.006886422241	0.05263157895	0.05162118361	0.15063813	0.2032697	66840048	66840048	66849972	66849972	NA	missing	876115.3	NA	0.9941131	NA	NA	NA	NA	NA	NA	NA	NA	NA	NA	4171908
9	68410004	68419976	NA	9973	1129	2.1776222	1028	0	53.0	mappable	NA	NA	NA	0.60609092878	0.0099009901	0.02647881639	0.15055919	0.16046018	68410004	68410004	68419976	68419976	NA	missing	5711712.0	NA	1.0212	NA	NA	NA	NA	NA	NA	NA	NA	NA	NA	4171908
9	71030093	141019791	NA	69989706	948758	2.0017845	946013	13946	37222.0	mappable	0.0607	5.0	edge	0.001092393269	5.991253e-05	0.00324248999	0.07674409	0.076804	71030093	71030093	141019791	141019791	0.13990734	1	876115.3	44.91739	0.9941131	NA	NA	0.0	1.0008923	1.0008923	1	1	1:1	2	neutral	4171908
10	130013	38269996	NA	38139989	569241	2.0017845	567260	8902	22043.0	mappable	0.063625	5.0	edge	0.001088252	9.188643e-05	0.00499433558	0.07941298	0.07950486	130013	130013	38269985	38270007	0.14397853	1	876115.3	44.91739	0.9941131	NA	NA	0.0	1.0008923	1.0008923	1	1	1:1	2	neutral	4171908
10	38269996	39149984	NA	879989	7628	1.166473	7574	0	342.0	mappable	NA	1.0	NA	0.685606878525	0.01851851852	0.15122118361	0.10128056	0.11979908	38269985	38270007	39149984	39149984	NA	missing	915415.0	NA	0.8654376	NA	NA	NA	NA	NA	NA	NA	NA	NA	NA	4171908
10	42410000	42500009	NA	90010	3003	1.3953251	2995	48	104.0	mappable	0.064635294	4.0	NA	0.015433509915	0.01785714286	0.08592118361	0.12152294	0.13938009	42410000	42410000	42499976	42500009	0.25086858	1	845609.7	44.59458	0.9006911	NA	NA	0.0	0.6976625	0.6976625	sub	sub	sub:sub	sub	sub	4171908
10	42500010	42509982	NA	9973	440	2.0017845	431	0	18.0	mappable	NA	5.0	self	0.008016884263	0.11111111111	0.00332118361	0.15055919	0.2616703	42500010	42500043	42509953	42509982	NA	missing	876115.3	NA	0.9941131	NA	NA	NA	NA	NA	NA	NA	NA	NA	NA	4171908
10	42845055	46159967	NA	3314913	38386	2.0017845	38200	476	1522.0	mappable	0.06655	5.0	self	0.008926156974	0.00151057402	0.00587881639	0.0923338	0.09384438	42845055	42870139	46159967	46159967	0.12055955	1	876115.3	44.91739	0.9941131	NA	NA	0.0	1.0008923	1.0008923	1	1	1:1	2	neutral	4171908
10	48310177	48659961	NA	349785	5475	2.0017845	5468	44	214.0	mappable	0.062266667	5.0	self	0.009076156974	0.01960784314	0.02167881639	0.10860057	0.12820842	48310177	48310177	48659961	48659961	0.15788888	1	876115.3	44.91739	0.9941131	NA	NA	0.0	1.0008923	1.0008923	1	1	1:1	2	neutral	4171908
10	49390096	94137645	NA	44747557	604304	2.0017845	602912	9596	23383.0	mappable	0.0607	5.0	self	3.811226e-06	9.100837e-05	0.000624665	0.07869274	0.07878375	49390096	49390096	94119943	94137645	0.12105524	1	876115.3	44.91739	0.9941131	NA	NA	0.0	1.0008923	1.0008923	1	1	1:1	2	neutral	4171908
10	94137646	98671693	CTX	4534048	56048	2.0017845	55874	704	2152.0	mappable	0.063242308	5.0	self	0.003076156974	0.00113895216	0.00337881639	0.09044712	0.09158607	94137646	94140072	98671665	98671693	0.10248951	1	876115.3	44.91739	0.9941131	NA	NA	0.0	1.0008923	1.0008923	1	1	1:1	2	neutral	4171908
10	98671694	98861439	DUP	189746	2551	5.029108	2550	20	98.0	mappable	0.38092003	3.0	identical	0.322381380098	0.04761904762	0.49557881639	0.11406599	0.16168504	98671694	98671774	98861271	98861439	NA	missing	1315107.1	86.45517	1.4604569	NA	NA	NA	NA	NA	NA	NA	NA	NA	NA	4171908
10	98861440	135439925	DUP	36578489	529677	2.0017845	527929	7752	20402.0	mappable	0.0607	5.0	edge	0.000761771822	0.00010526316	0.00048249456	0.0796036	0.07970886	98861440	98861529	135439925	135439925	0.14630172	1	876115.3	44.91739	0.9941131	NA	NA	0.0	1.0008923	1.0008923	1	1	1:1	2	neutral	4171908
11	190010	48899996	NA	48709991	682023	2.0017845	679493	10778	26181.0	mappable	0.0607	5.0	edge	0.000417748581	7.514277e-05	0.00040577122	0.07831554	0.07839069	190010	190010	48899996	48899996	0.13479164	1	876115.3	44.91739	0.9941131	NA	NA	0.0	1.0008923	1.0008923	1	1	1:1	2	neutral	4171908
11	48899997	50170092	NA	1270096	0	0.0	0	0	NA	mappable	NA	NA	NA	NA	inf	0.99472118361	0.09863632	inf	48899997	48899997	50170092	50170092	NA	missing	NA	NA	0.0	NA	NA	0.0	0.0	0.0	0	0	NA	0	homozygousDel	4171908
11	50170093	50719999	NA	549907	10741	2.0017845	10690	220	379.0	mappable	0.054660821	5.0	NA	0.005848843026	0.0036900369	0.04642118361	0.10488321	0.10857325	50170093	50170093	50719994	50719999	0.05889436	1	876115.3	44.91739	0.9941131	NA	NA	0.0	1.0008923	1.0008923	1	1	1:1	2	neutral	4171908
11	51340378	51579984	NA	239607	1706	3.7829981	1697	7	77.0	mappable	0.039022222	NA	NA	0.016552790394	0.0625	0.27377881639	0.11191747	0.17441747	51340378	51340402	51579984	51579984	NA	missing	1020198.7	52.25408	1.2685	NA	NA	NA	NA	NA	NA	NA	NA	NA	NA	4171908
11	54792817	55359987	NA	567173	10746	2.0017845	10720	97	377.0	mappable	0.053900794	5.0	self	0.001366665382	0.0081300813	0.0389800148	0.10463847	0.11276855	54792817	54792817	55359951	55360023	0.1934339	1	876115.3	44.91739	0.9941131	NA	NA	0.0	1.0008923	1.0008923	1	1	1:1	2	neutral	4171908
11	55359987	55474236	NA	114250	2000	6.3439394	2000	16	66.0	mappable	0.111181701	NA	identical	0.050632858005	0.0625	0.66827881639	0.11903462	0.18153462	55359951	55360023	55474227	55474245	NA	missing	904251.2	49.10062	1.663	NA	NA	NA	NA	NA	NA	NA	NA	NA	NA	4171908
11	55474236	83028921	NA	27554688	351478	2.0017845	350535	3509	13701.0	mappable	0.057775	5.0	self	0.001805157807	0.00022461815	0.00272355531	0.08091992	0.08114453	55474227	55474245	83028897	83028921	0.156234	1	876115.3	44.91739	0.9941131	NA	NA	0.0	1.0008923	1.0008923	1	1	1:1	2	neutral	4171908
11	83028922	89349940	CTX	6321019	83113	2.0017845	82969	931	3240.0	mappable	0.059929348	5.0	self	0.000183517445	0.00093023256	0.00156314857	0.08852799	0.08945822	83028922	83028958	89349940	89349940	0.14994337	1	876115.3	44.91739	0.9941131	NA	NA	0.0	1.0008923	1.0008923	1	1	1:1	2	neutral	4171908
11	89850037	134939862	NA	45089829	653442	2.0017845	651806	9438	25277.0	mappable	0.0607	5.0	edge	0.000268959936	9.030161e-05	0.00172050823	0.07865872	0.07874902	89850037	89850037	134939862	134939862	0.12901072	1	876115.3	44.91739	0.9941131	NA	NA	0.0	1.0008923	1.0008923	1	1	1:1	2	neutral	4171908
12	160107	34374994	NA	34214894	459316	2.0017845	457939	6987	17750.0	mappable	0.0607	5.0	edge	0.000707388578	0.00011956002	0.00354864488	0.07991011	0.08002967	160107	160107	34369959	34374994	0.13795792	1	876115.3	44.91739	0.9941131	NA	NA	0.0	1.0008923	1.0008923	1	1	1:1	2	neutral	4171908
12	34374995	34819969	NA	444975	10063	1.3953251	10058	190	393.0	mappable	0.065303767	4.0	NA	0.004754924097	0.00512820513	0.07702118361	0.10659069	0.1117189	34374995	34380030	34819969	34819969	0.09184266	1	845609.7	44.59458	0.9006911	NA	NA	0.0	0.6976625	0.6976625	sub	sub	sub:sub	sub	sub	4171908
12	38000003	42102965	NA	4102963	63750	2.0017845	63523	923	2409.0	mappable	0.058902778	5.0	NA	0.000151156974	0.00086956522	0.01522118361	0.09104054	0.09191011	38000003	38000003	42102838	42102965	0.12441176	1	876115.3	44.91739	0.9941131	NA	NA	0.0	1.0008923	1.0008923	1	1	1:1	2	neutral	4171908
12	42102966	42102967	INV	2	0	0.0	0	0	NA	mappable	NA	NA	NA	NA	inf	0.99472118361	2.0	inf	42102966	42102966	42102967	42102967	NA	missing	NA	NA	0.0	NA	NA	0.0	0.0	0.0	0	0	NA	0	homozygousDel	4171908
12	42102968	42117555	INV	14588	175	1.3953251	172	0	4.0	mappable	NA	4.0	NA	0.004569458409	0.33333333333	0.09852118361	0.14458708	0.47792041	42102968	42102987	42117440	42117555	NA	missing	845609.7	NA	0.9006911	NA	NA	NA	NA	NA	NA	NA	NA	NA	NA	4171908
12	42117556	42119207	INV	1652	24	1.3953251	23	0	2.0	mappable	NA	4.0	NA	0.000548843026	1.0	0.10962118361	0.18709077	1.18709077	42117556	42117718	42119127	42119207	NA	missing	845609.7	NA	0.9006911	NA	NA	NA	NA	NA	NA	NA	NA	NA	NA	4171908
12	42119208	65571870	INV	23452663	290070	3.0061461	289378	4035	11134.0	mappable	0.1192	2.0	NA	0.058706507695	0.00021155067	0.15873601293	0.08168851	0.08190006	42119208	42119239	65571864	65571870	0.583011	2	1013868.9	57.08697	1.1488299	43.85426	0.6564432	0.3128865	1.0327818	1.9733643	2	1	2:1	3	gain	4171908
12	65571871	65579333	INV	7463	77	0.534595	77	0	2.0	mappable	NA	NA	NA	NA	inf	0.22662118361	0.15545403	inf	65571871	65571878	65579246	65579333	NA	missing	717899.0	NA	0.7681	NA	NA	NA	NA	NA	NA	NA	NA	NA	NA	4171908
12	65579334	65598537	INV	19204	246	2.961809	246	0	14.0	mappable	NA	NA	NA	NA	inf	0.14727881639	0.14055684	inf	65579334	65579459	65598489	65598537	NA	missing	1035924.1	NA	1.142	NA	NA	NA	NA	NA	NA	NA	NA	NA	NA	4171908
12	65598538	65598576	INV	39	0	0.0	0	0	NA	mappable	NA	NA	NA	NA	inf	0.99472118361	0.37840072	inf	65598538	65598538	65598576	65598576	NA	missing	NA	NA	0.0	NA	NA	0.0	0.0	0.0	0	0	NA	0	homozygousDel	4171908
12	65598577	82751818	INV	17153245	231661	3.0061461	231128	3150	8985.0	mappable	0.11177268	2.0	NA	0.049456097406	0.00027151778	0.16055427104	0.08322245	0.08349396	65598577	65598645	82751769	82751818	0.57873512	2	1013868.9	57.08697	1.1488299	43.85426	0.6564432	0.3128865	1.0327818	1.9733643	2	1	2:1	3	gain	4171908
12	82751819	82751978	INV	160	7	2.2646098	7	0	0.0	mappable	NA	NA	NA	NA	inf	0.03987881639	0.2731521	inf	82751819	82751867	82751962	82751978	NA	missing	968258.3	NA	1.0346	NA	NA	NA	NA	NA	NA	NA	NA	NA	NA	4171908
12	82751979	133819926	INV	51067951	699737	2.0017845	697340	9372	26987.0	mappable	0.0607	5.0	edge	0.000852023658	8.496899e-05	0.00149473281	0.07810695	0.07819192	82751979	82752031	133819926	133819926	0.14748889	1	876115.3	44.91739	0.9941131	NA	NA	0.0	1.0008923	1.0008923	1	1	1:1	2	neutral	4171908
13	19450038	36399468	NA	16949432	232789	2.0017845	232147	3465	9099.0	mappable	0.0607	5.0	edge	0.000151156974	0.00024348673	0.00051984978	0.08328221	0.08352569	19450038	19450038	36399326	36399468	0.14490179	1	876115.3	44.91739	0.9941131	NA	NA	0.0	1.0008923	1.0008923	1	1	1:1	2	neutral	4171908
13	36399469	36399912	INV	444	8	1.9309409	8	0	1.0	mappable	NA	NA	NA	NA	inf	0.01152118361	0.22741704	inf	36399469	36399658	36399906	36399912	NA	missing	869188.9	NA	0.9832	NA	NA	NA	NA	NA	NA	NA	NA	NA	NA	4171908
13	36399913	36402587	INV	2675	51	2.0017845	50	0	2.0	mappable	NA	5.0	NA	0.049054590152	1.0	0.02052118361	0.17566475	1.17566475	36399913	36399972	36402586	36402587	NA	missing	876115.3	NA	0.9941131	NA	NA	NA	NA	NA	NA	NA	NA	NA	NA	4171908
13	36402588	36402611	INV	24	1	1.8692706	1	0	0.0	mappable	NA	NA	NA	NA	inf	0.02102118361	0.43620858	inf	36402588	36402590	36402590	36402611	NA	missing	872180.0	NA	0.9737	NA	NA	NA	NA	NA	NA	NA	NA	NA	NA	4171908
13	36402612	41121727	INV	4719116	67991	2.0017845	67817	1078	2584.0	mappable	0.060275758	5.0	NA	0.000151156974	0.00079872204	0.00067881639	0.09021165	0.09101037	36402612	36402629	41121713	41121727	0.11722356	1	876115.3	44.91739	0.9941131	NA	NA	0.0	1.0008923	1.0008923	1	1	1:1	2	neutral	4171908
13	41121728	41124900	DEL	3173	31	0.9266884	31	0	1.0	mappable	NA	NA	NA	NA	inf	0.16622118361	0.17194492	inf	41121728	41121825	41124802	41124900	NA	missing	728818.0	NA	0.8285	NA	NA	NA	NA	NA	NA	NA	NA	NA	NA	4171908
13	41124901	68192255	DEL	27067355	354124	2.0017845	353372	5123	13599.0	mappable	0.057775	5.0	NA	0.001986208983	0.00017021277	0.00316740358	0.08100429	0.0811745	41124901	41124957	68192147	68192255	0.12355084	1	876115.3	44.91739	0.9941131	NA	NA	0.0	1.0008923	1.0008923	1	1	1:1	2	neutral	4171908
13	68192256	83739776	DUP	15547525	222214	2.0017845	221744	3423	8661.0	mappable	0.0607	5.0	self	0.001258980819	0.00025687131	0.00038698059	0.0837164	0.08397327	68192256	68192503	83739731	83739776	0.13088114	1	876115.3	44.91739	0.9941131	NA	NA	0.0	1.0008923	1.0008923	1	1	1:1	2	neutral	4171908
13	83739777	89415396	DUP	5675621	81481	2.0017845	81290	1295	3149.0	mappable	0.059421703	5.0	NA	0.000741766581	0.00067294751	0.00313368591	0.08914107	0.08981402	83739777	83739887	89415341	89415396	0.10026548	1	876115.3	44.91739	0.9941131	NA	NA	0.0	1.0008923	1.0008923	1	1	1:1	2	neutral	4171908
13	89415397	89415407	ITX	11	0	0.0	0	0	NA	mappable	NA	NA	NA	NA	inf	0.99472118361	0.57812965	inf	89415397	89415397	89415407	89415407	NA	missing	NA	NA	0.0	NA	NA	0.0	0.0	0.0	0	0	NA	0	homozygousDel	4171908
13	89415408	89435400	DEL	19993	302	-0.2528377	299	1	9.0	mappable	0.0	NA	NA	0.40231187126	0.25	0.34792118361	0.13998537	0.38998537	89415408	89415440	89435301	89435400	NA	missing	585217.3	29.26086	0.6468	NA	NA	NA	NA	NA	NA	NA	NA	NA	NA	4171908
13	89435401	115099984	ITX	25664589	383121	2.0017845	381660	5668	14949.0	mappable	0.0607	5.0	edge	0.000485161995	0.00014027213	0.00090300711	0.08125696	0.08139723	89435401	89435517	115099984	115099984	0.14970714	1	876115.3	44.91739	0.9941131	NA	NA	0.0	1.0008923	1.0008923	1	1	1:1	2	neutral	4171908
14	20330060	20469725	NA	139666	2000	5.029108	1979	53	81.0	mappable	0.336099016	3.0	edge	0.275550172722	0.01351351351	0.45757881639	0.1170164	0.13052991	20330060	20330060	20469659	20469725	0.39642431	2	1315107.1	86.45517	1.4604569	44.7464	0.7967262	0.5934523	1.0222861	4.0068218	4	1	4:1	5	gain	4171908
14	20469726	97040048	NA	76570329	1053660	2.0017845	1051135	15419	40600.0	mappable	0.0607	5.0	NA	0.000506914998	5.572893e-05	0.00195938958	0.0763642	0.07641993	20469726	20469792	97039963	97040048	0.14004625	1	876115.3	44.91739	0.9941131	NA	NA	0.0	1.0008923	1.0008923	1	1	1:1	2	neutral	4171908
14	97040049	97069938	NA	29890	430	2.4541649	430	0	23.0	mappable	NA	NA	NA	NA	inf	0.06907881639	0.13452274	inf	97040049	97040134	97069820	97070056	NA	missing	872536.5	NA	1.0638	NA	NA	NA	NA	NA	NA	NA	NA	NA	NA	4171908
14	97069938	106212001	NA	9142064	132366	2.0017845	131947	1668	5208.0	mappable	0.0607	5.0	NA	0.000151156974	0.00047915668	0.00642118361	0.0864899	0.08696905	97069820	97070056	106009942	106212001	0.13379965	1	876115.3	44.91739	0.9941131	NA	NA	0.0	1.0008923	1.0008923	1	1	1:1	2	neutral	4171908
14	106212002	106239272	DUP	27271	0	0.0	0	0	NA	mappable	NA	NA	NA	NA	inf	0.99472118361	0.13573052	inf	106212002	106212002	106239272	106239272	NA	missing	NA	NA	0.0	NA	NA	0.0	0.0	0.0	0	0	NA	0	homozygousDel	4171908
14	106239273	106326230	DUP	86958	1053	1.0195185	1044	46	38.0	mappable	0.20516371	NA	NA	0.156173379196	0.01818181818	0.15192118361	0.12189153	0.14007335	106239273	106250082	106326227	106326230	0.5540377	2	709893.0	41.41378	0.8428	41.85565	0.9474526	0.8949053	0.053573	0.9659454	1	0	1:0	1	LOH	4171908
14	106326231	106326625	ITX	395	51	1.166473	49	0	3.0	mappable	NA	1.0	NA	0.605509180914	0.5	0.09982118361	0.231865	0.731865	106326231	106326231	106326624	106326625	NA	missing	915415.0	NA	0.8654376	NA	NA	NA	NA	NA	NA	NA	NA	NA	NA	4171908
14	106326626	106329466	ITX	2841	699	1.166473	696	1	33.0	mappable	0.707317073	1.0	NA	0.612324586926	0.25	0.09982118361	0.17433473	0.42433473	106326626	106326628	106329455	106329466	NA	missing	915415.0	50.30626	0.8654376	NA	NA	NA	NA	NA	NA	NA	NA	NA	NA	4171908
14	106329467	106330468	CTX	1002	181	0.7488182	179	0	4.0	mappable	NA	NA	NA	0.382308299831	0.5	0.19362118361	0.20062863	0.70062863	106329467	106329468	106330467	106330468	NA	missing	662658.0	NA	0.8011	NA	NA	NA	NA	NA	NA	NA	NA	NA	NA	4171908
14	106330469	106370541	DEL	40073	343	-0.2041506	340	6	12.0	mappable	0.117772068	NA	NA	0.033691992751	0.11111111111	0.34042118361	0.13080151	0.24191263	106330469	106330477	106349982	106370541	NA	missing	540842.5	31.53214	0.6543	NA	NA	NA	NA	NA	NA	NA	NA	NA	NA	4171908
14	106370542	106725203	CTX	354662	2041	-0.8734359	2032	43	79.0	mappable	0.169340955	NA	NA	0.115501156974	0.01923076923	0.44352118361	0.1084829	0.12771367	106370542	106400108	106719873	106725203	0.77195076	2	481381.7	27.97218	0.5512	43.39763	0.1678377	0.6643246	0.0	-0.8734359	-1	0	-1:0	-1	LOH	4171908
14	106725204	106804973	DEL	79770	876	-1.2830566	874	0	31.0	mappable	NA	NA	NA	0.424299641823	0.5	0.50662118361	0.12282327	0.62282327	106725204	106730014	106779888	106804973	NA	missing	423706.6	NA	0.4881	NA	NA	NA	NA	NA	NA	NA	NA	NA	NA	4171908
14	106804974	107259908	NA	454935	6837	2.0017845	6752	57	248.0	mappable	0.0649	5.0	edge	0.005272343415	0.00704225352	0.00227881639	0.10640958	0.11345183	106804974	106830059	107259908	107259908	0.25400175	1	876115.3	44.91739	0.9941131	NA	NA	0.0	1.0008923	1.0008923	1	1	1:1	2	neutral	4171908
15	20850000	20859924	NA	9925	165	8.0155297	147	0	4.0	mappable	NA	NA	edge	0.286363589581	0.05555555556	0.92577881639	0.15063813	0.20619368	20850000	20850000	20859924	20859924	NA	missing	2702848.0	NA	1.9205	NA	NA	NA	NA	NA	NA	NA	NA	NA	NA	4171908
15	22480079	23069956	NA	589878	3994	2.0017845	3975	107	151.0	mappable	0.072122414	5.0	self	0.015570601419	0.00793650794	0.03152118361	0.10432937	0.11226588	22480079	22480079	23069956	23069956	0.1301918	1	876115.3	44.91739	0.9941131	NA	NA	0.0	1.0008923	1.0008923	1	1	1:1	2	neutral	4171908
15	23710146	24329926	NA	619781	10158	2.0017845	10135	256	381.0	mappable	0.06360431	5.0	NA	0.004209490307	0.00358422939	0.01032118361	0.10394255	0.10752678	23710146	23710146	24329926	24329926	0.10749265	1	876115.3	44.91739	0.9941131	NA	NA	0.0	1.0008923	1.0008923	1	1	1:1	2	neutral	4171908
15	24329927	24830091	NA	500165	0	0.0	0	0	NA	mappable	NA	NA	NA	NA	inf	0.99472118361	0.10564099	inf	24329927	24329927	24830091	24830091	NA	missing	NA	NA	0.0	NA	NA	0.0	0.0	0.0	0	0	NA	0	homozygousDel	4171908
15	24830092	28529988	NA	3699897	56364	2.0017845	56222	820	2172.0	mappable	0.064874675	5.0	NA	0.003076156974	0.00103950104	0.01412118361	0.091663	0.0927025	24830092	24830092	28529988	28529988	0.14677612	1	876115.3	44.91739	0.9941131	NA	NA	0.0	1.0008923	1.0008923	1	1	1:1	2	neutral	4171908
15	29100034	30369914	NA	1269881	18055	2.0017845	18020	293	749.0	mappable	0.063478571	5.0	self	0.001610639733	0.00304878049	0.00972118361	0.09863751	0.10168629	29100034	29100034	30369914	30369914	0.10892096	1	876115.3	44.91739	0.9941131	NA	NA	0.0	1.0008923	1.0008923	1	1	1:1	2	neutral	4171908
15	31160110	82479795	NA	51319689	678314	2.0017845	676453	8957	26083.0	mappable	0.0607	5.0	self	0.000922829187	9.243853e-05	0.00097105004	0.07808532	0.07817776	31160110	31160110	82479795	82479795	0.14722178	1	876115.3	44.91739	0.9941131	NA	NA	0.0	1.0008923	1.0008923	1	1	1:1	2	neutral	4171908
15	83211507	83259850	NA	48344	702	2.0017845	702	11	27.0	mappable	0.023228846	5.0	self	0.037319996872	0.09090909091	0.00107881639	0.12852604	0.21943513	83211507	83211507	83259832	83259868	NA	missing	876115.3	44.91739	0.9941131	NA	NA	NA	NA	NA	NA	NA	NA	NA	NA	4171908
15	83259850	83451126	NA	191277	2000	0.6981836	1995	34	79.0	mappable	0.061166667	NA	identical	0.001403008826	0.02564102564	0.20142118361	0.11399062	0.13963164	83259832	83259868	83451106	83451126	0.1499351	1	851321.8	43.92584	0.7933	NA	NA	0.0	0.3490918	0.3490918	sub	sub	sub:sub	sub	sub	4171908
15	83451127	102399920	NA	18948795	288978	2.0017845	288136	4215	11183.0	mappable	0.057775	5.0	edge	0.001629755622	0.0001977457	0.00505748533	0.08272803	0.08292578	83451127	83451147	102399920	102399920	0.15148734	1	876115.3	44.91739	0.9941131	NA	NA	0.0	1.0008923	1.0008923	1	1	1:1	2	neutral	4171908
16	100010	1345128	NA	1245119	19892	2.0017845	19696	211	759.0	mappable	0.063625	5.0	edge	0.011851156974	0.00245700246	0.01332118361	0.09877591	0.10123291	100010	100010	1345120	1345128	0.18538803	1	876115.3	44.91739	0.9941131	NA	NA	0.0	1.0008923	1.0008923	1	1	1:1	2	neutral	4171908
16	1345129	1348602	DEL	3474	38	1.4070677	38	0	2.0	mappable	NA	NA	NA	NA	inf	0.09222118361	0.17003359	inf	1345129	1345203	1348555	1348602	NA	missing	685920.0	NA	0.9025	NA	NA	NA	NA	NA	NA	NA	NA	NA	NA	4171908
16	1348603	1369969	DEL	21367	383	1.4622465	377	2	9.0	mappable	0.466666667	NA	NA	0.185518142926	0.125	0.08372118361	0.13905211	0.26405211	1348603	1348607	1369926	1369969	NA	missing	757123.8	55.52241	0.911	NA	NA	NA	NA	NA	NA	NA	NA	NA	NA	4171908
16	1369970	10584993	NA	9215025	184936	2.0017845	184358	2556	7303.0	mappable	0.0607	5.0	self	0.000673831388	0.00031908105	0.01146462458	0.08644702	0.0867661	1369970	1370013	10569950	10600036	0.14950815	1	876115.3	44.91739	0.9941131	NA	NA	0.0	1.0008923	1.0008923	1	1	1:1	2	neutral	4171908
16	10584993	10630020	NA	45028	627	2.5852955	623	0	22.0	mappable	NA	NA	identical	0.667514200452	0.25	0.08927881639	0.12937837	0.37937837	10569950	10600036	10629978	10630062	NA	missing	819601.4	NA	1.084	NA	NA	NA	NA	NA	NA	NA	NA	NA	NA	4171908
16	10630020	16289940	NA	5659922	86962	2.0017845	86710	1252	3312.0	mappable	0.063625	5.0	self	0.003434106043	0.00066489362	0.0097086862	0.08915695	0.08982184	10629978	10630062	16289940	16289940	0.16094774	1	876115.3	44.91739	0.9941131	NA	NA	0.0	1.0008923	1.0008923	1	1	1:1	2	neutral	4171908
16	16870104	18169896	NA	1299793	20227	2.0017845	20160	369	788.0	mappable	0.063625	5.0	self	0.000151156974	0.00229357798	0.00682118361	0.09847438	0.10076796	16870104	16870104	18169896	18169896	0.13778672	1	876115.3	44.91739	0.9941131	NA	NA	0.0	1.0008923	1.0008923	1	1	1:1	2	neutral	4171908
16	18800044	29039945	NA	10239902	123064	2.0017845	122678	1503	4852.0	mappable	0.0607	5.0	NA	0.003076156974	0.00052938062	0.01052118361	0.08588225	0.08641163	18800044	18800044	29039945	29039945	0.16781872	1	876115.3	44.91739	0.9941131	NA	NA	0.0	1.0008923	1.0008923	1	1	1:1	2	neutral	4171908
16	29039946	29233765	NA	193820	0	0.0	0	0	NA	mappable	NA	NA	NA	NA	inf	0.99472118361	0.11386696	inf	29039946	29039946	29233765	29233765	NA	missing	NA	NA	0.0	NA	NA	0.0	0.0	0.0	0	0	NA	0	homozygousDel	4171908
16	29670028	31959970	NA	2289943	17336	2.0017845	17285	173	691.0	mappable	0.053436207	5.0	NA	0.004204877509	0.00446428571	0.02042118361	0.09466613	0.09913042	29670028	29670028	31959970	31959970	0.16583766	1	876115.3	44.91739	0.9941131	NA	NA	0.0	1.0008923	1.0008923	1	1	1:1	2	neutral	4171908
16	32520030	32649899	NA	129870	3143	5.029108	2998	0	125.0	mappable	NA	3.0	NA	0.292085590936	0.00689655172	0.44377881639	0.11773911	0.12463566	32520030	32520030	32649899	32649899	NA	missing	1315107.1	NA	1.4604569	NA	NA	NA	NA	NA	NA	NA	NA	NA	NA	4171908
16	33590105	35279959	NA	1689855	15336	2.0017845	15285	45	610.0	mappable	0.066441667	5.0	self	0.020243804033	0.01041666667	0.01802118361	0.09667221	0.10708888	33590105	33590105	35279959	35279959	0.0296208	1	876115.3	44.91739	0.9941131	NA	NA	0.0	1.0008923	1.0008923	1	1	1:1	2	neutral	4171908
16	46450014	46549953	NA	99940	1218	1.3953251	1216	1	56.0	mappable	0.098901099	4.0	NA	0.036829773326	0.33333333333	0.08352118361	0.12041828	0.45375161	46450014	46450014	46549876	46550030	NA	missing	845609.7	44.59458	0.9006911	NA	NA	NA	NA	NA	NA	NA	NA	NA	NA	4171908
16	46549953	70785338	NA	24235391	318646	2.0017845	317711	4297	12380.0	mappable	0.0607	5.0	NA	0.000528759704	0.0001911315	0.00381973247	0.08153078	0.08172191	46549876	46550030	70785266	70785338	0.12380271	1	876115.3	44.91739	0.9941131	NA	NA	0.0	1.0008923	1.0008923	1	1	1:1	2	neutral	4171908
16	70785339	70786139	INV	801	12	2.4749381	12	0	0.0	mappable	NA	NA	NA	NA	inf	0.07227881639	0.20734717	inf	70785339	70785355	70786014	70786139	NA	missing	879133.0	NA	1.067	NA	NA	NA	NA	NA	NA	NA	NA	NA	NA	4171908
16	70786140	70787375	CTX	1236	23	2.4749381	22	0	0.0	mappable	NA	NA	NA	0.504668548278	1.0	0.07227881639	0.19471423	1.19471423	70786140	70786167	70787331	70787375	NA	missing	879133.0	NA	1.067	NA	NA	NA	NA	NA	NA	NA	NA	NA	NA	4171908
16	70787376	70787958	INV	583	7	2.4749381	7	0	1.0	mappable	NA	NA	NA	NA	inf	0.07227881639	0.21769058	inf	70787376	70787380	70787937	70787958	NA	missing	879133.0	NA	1.067	NA	NA	NA	NA	NA	NA	NA	NA	NA	NA	4171908
16	70787959	70929899	CTX	141941	1571	2.0017845	1556	19	60.0	mappable	0.059466837	5.0	NA	0.02725166072	0.02941176471	0.02867881639	0.11685702	0.14626879	70787959	70787968	70929797	70929899	NA	missing	876115.3	44.91739	0.9941131	NA	NA	NA	NA	NA	NA	NA	NA	NA	NA	4171908
16	70929900	71200012	NA	270113	3743	3.0061461	3674	0	158.0	mappable	NA	2.0	identical	0.057121745209	0.01449275362	0.16897881639	0.11084506	0.12533781	70929900	70930002	71199994	71200030	NA	missing	1013868.9	NA	1.1488299	NA	NA	NA	NA	NA	NA	NA	NA	NA	NA	4171908
16	71200012	88222001	NA	17021993	336029	2.0017845	335175	4835	13203.0	mappable	0.063625	5.0	self	0.001878482616	0.00017577782	0.00291101038	0.08326084	0.08343662	71199994	71200030	88109975	88222001	0.13759014	1	876115.3	44.91739	0.9941131	NA	NA	0.0	1.0008923	1.0008923	1	1	1:1	2	neutral	4171908
16	88222002	90109969	DEL	1887970	31252	2.0017845	30991	452	1147.0	mappable	0.059389605	5.0	edge	0.001895118205	0.00140252454	0.01575745649	0.0959306	0.09733313	88222002	88320012	90109969	90109969	0.2066931	1	876115.3	44.91739	0.9941131	NA	NA	0.0	1.0008923	1.0008923	1	1	1:1	2	neutral	4171908
17	20080	160024	NA	139945	2745	2.0017845	2680	40	109.0	mappable	0.078002612	5.0	edge	0.017701156974	0.00952380952	0.00852118361	0.11699669	0.1265205	20080	20080	159958	160090	0.27312301	1	876115.3	44.91739	0.9941131	NA	NA	0.0	1.0008923	1.0008923	1	1	1:1	2	neutral	4171908
17	160024	169916	NA	9893	366	1.166473	355	3	16.0	mappable	0.099474324	1.0	identical	0.583015316266	0.07142857143	0.12552118361	0.150691	0.22211958	159958	160090	169804	170028	NA	missing	915415.0	50.30626	0.8654376	NA	NA	NA	NA	NA	NA	NA	NA	NA	NA	4171908
17	169916	18239982	NA	18070071	225956	2.0017845	225251	3086	8804.0	mappable	0.0607	5.0	self	0.003006931942	0.00026378264	0.0137108285	0.08296311	0.0832269	169804	170028	18239982	18239982	0.15388064	1	876115.3	44.91739	0.9941131	NA	NA	0.0	1.0008923	1.0008923	1	1	1:1	2	neutral	4171908
17	18750212	21239991	NA	2489782	20661	2.0017845	20564	168	743.0	mappable	0.049	5.0	self	0.006432551299	0.00377358491	0.00902783866	0.09412833	0.09790192	18750212	18750212	21239978	21240004	0.10556976	1	876115.3	44.91739	0.9941131	NA	NA	0.0	1.0008923	1.0008923	1	1	1:1	2	neutral	4171908
17	21239991	21910005	NA	670015	3694	2.252625	3440	14	135.0	mappable	0.059063235	NA	NA	0.260269917954	0.00373134328	0.03803263339	0.1033387	0.10707004	21239978	21240004	21799998	22020012	NA	missing	1233056.2	65.51709	1.0327538	NA	NA	NA	NA	NA	NA	NA	NA	NA	NA	4171908
17	21910005	22100002	NA	189998	344	4.0822614	344	0	15.0	mappable	NA	NA	NA	NA	inf	0.31987881639	0.11405354	inf	21799998	22020012	22029957	22170047	NA	missing	1220370.0	NA	1.3146	NA	NA	NA	NA	NA	NA	NA	NA	NA	NA	4171908
17	22100002	22239986	NA	139985	821	2.0017845	821	4	36.0	mappable	0.003141667	5.0	NA	0.057407176359	0.25	0.03362118361	0.11699387	0.36699387	22029957	22170047	22239986	22239986	NA	missing	876115.3	44.91739	0.9941131	NA	NA	NA	NA	NA	NA	NA	NA	NA	NA	4171908
17	25390040	44279982	NA	18889944	208230	2.0017845	207689	2367	8157.0	mappable	0.063625	5.0	self	0.003076156974	0.00034387895	0.00860287933	0.08274339	0.08308727	25390040	25390040	44279982	44279982	0.16295487	1	876115.3	44.91739	0.9941131	NA	NA	0.0	1.0008923	1.0008923	1	1	1:1	2	neutral	4171908
17	44790026	64410733	NA	19620709	231264	2.0017845	230686	3098	9108.0	mappable	0.0607	5.0	NA	0.000151156974	0.00027203482	0.00572118361	0.08255636	0.0828284	44790026	44790026	64410629	64410733	0.15178153	1	876115.3	44.91739	0.9941131	NA	NA	0.0	1.0008923	1.0008923	1	1	1:1	2	neutral	4171908
17	64410734	64486824	DEL	76091	1216	-1.1947707	1216	0	50.0	mappable	NA	NA	NA	NA	inf	0.49302118361	0.12333925	inf	64410734	64410824	64486735	64486824	NA	missing	438382.8	NA	0.5017	NA	NA	NA	NA	NA	NA	NA	NA	NA	NA	4171908
17	64486825	79880013	DEL	15393189	217996	2.0017845	217095	3109	8502.0	mappable	0.063625	5.0	NA	0.003734099617	0.00024937656	0.00595444339	0.08376687	0.08401624	64486825	64486828	79879980	79880046	0.15279309	1	876115.3	44.91739	0.9941131	NA	NA	0.0	1.0008923	1.0008923	1	1	1:1	2	neutral	4171908
17	79880013	79905029	NA	25017	291	2.3996354	291	0	15.0	mappable	NA	NA	NA	NA	inf	0.06067881639	0.13688672	inf	79879980	79880046	79899987	79905029	NA	missing	856752.1	NA	1.0554	NA	NA	NA	NA	NA	NA	NA	NA	NA	NA	4171908
17	79905030	81149937	NA	1244909	18861	2.0017845	18625	298	698.0	mappable	0.049	5.0	edge	0.006321437066	0.00187265918	0.01712663401	0.0987771	0.10064975	79905030	79910072	81149937	81149937	0.18486359	1	876115.3	44.91739	0.9941131	NA	NA	0.0	1.0008923	1.0008923	1	1	1:1	2	neutral	4171908
18	130031	12060126	NA	11930098	180522	3.0061461	180043	3397	6892.0	mappable	0.1309	2.0	edge	0.071598480245	0.00025799794	0.15738306352	0.08507705	0.08533505	130031	130031	12059973	12060279	0.5978219	2	1013868.9	57.08697	1.1488299	43.85426	0.6564432	0.3128865	1.0327818	1.9733643	2	1	2:1	3	gain	4171908
18	12060126	12110046	NA	49921	644	3.8901097	643	28	27.0	mappable	0.242625	NA	NA	0.182541541589	0.03448275862	0.29027881639	0.12814468	0.16262744	12059973	12060279	12109982	12110046	NA	missing	1023968.2	62.2914	1.285	NA	NA	NA	NA	NA	NA	NA	NA	NA	NA	4171908
18	12110047	14119956	NA	2009910	28146	3.0061461	28070	494	1014.0	mappable	0.133514706	2.0	NA	0.067426156974	0.00175438596	0.14807881639	0.09551692	0.0972713	12110047	12110111	14119956	14119956	0.54117053	2	1013868.9	57.08697	1.1488299	43.85426	0.6564432	0.3128865	1.0327818	1.9733643	2	1	2:1	3	gain	4171908
18	14119957	14910026	NA	790070	0	0.0	0	0	NA	mappable	NA	NA	NA	NA	inf	0.99472118361	0.10208446	inf	14119957	14119957	14910026	14910026	NA	missing	NA	NA	0.0	NA	NA	0.0	0.0	0.0	0	0	NA	0	homozygousDel	4171908
18	14910027	14929888	NA	19862	360	3.0061461	360	11	9.0	mappable	0.123692119	2.0	NA	0.063143276386	0.09090909091	0.10887881639	0.14007836	0.23098745	14910027	14910027	14929888	14929888	NA	missing	1013868.9	57.08697	1.1488299	NA	NA	NA	NA	NA	NA	NA	NA	NA	NA	4171908
18	18540053	60789708	NA	42249657	590480	3.0061461	589164	8520	22861.0	mappable	0.122125	2.0	NA	0.062593781008	0.00010166734	0.16116351528	0.07895016	0.07905183	18540053	18540053	60789676	60789708	0.57376941	2	1013868.9	57.08697	1.1488299	43.85426	0.6564432	0.3128865	1.0327818	1.9733643	2	1	2:1	3	gain	4171908
18	60789709	60789712	CTX	4	0	0.0	0	0	NA	mappable	NA	NA	NA	NA	inf	0.99472118361	1.0	inf	60789709	60789709	60789712	60789712	NA	missing	NA	NA	0.0	NA	NA	0.0	0.0	0.0	0	0	NA	0	homozygousDel	4171908
18	60789713	74269997	CTX	13480287	209110	3.0061461	208627	3579	8054.0	mappable	0.122125	2.0	NA	0.063968678706	0.00024618415	0.15818415903	0.08444395	0.08469014	60789713	60789852	74269950	74270044	0.54659164	2	1013868.9	57.08697	1.1488299	43.85426	0.6564432	0.3128865	1.0327818	1.9733643	2	1	2:1	3	gain	4171908
18	74269997	74290017	NA	20021	353	2.0017845	352	12	16.0	mappable	0.129766667	5.0	self	0.071288656974	0.07692307692	0.04087881639	0.13996559	0.21688867	74269950	74270044	74289990	74290044	NA	missing	876115.3	44.91739	0.9941131	NA	NA	NA	NA	NA	NA	NA	NA	NA	NA	4171908
18	74290017	78009968	NA	3719952	65000	3.0061461	64424	1191	2509.0	mappable	0.110425	2.0	edge	0.046951156974	0.00056593096	0.13727881639	0.09163025	0.09219618	74289990	74290044	78009968	78009968	0.50639088	2	1013868.9	57.08697	1.1488299	43.85426	0.6564432	0.3128865	1.0327818	1.9733643	2	1	2:1	3	gain	4171908
19	260137	6889991	NA	6629855	80206	2.0017845	79847	1024	3127.0	mappable	0.0607	5.0	edge	0.000426102744	0.0007230658	0.02510346424	0.08825913	0.08898219	260137	260137	6889977	6889991	0.19948766	1	876115.3	44.91739	0.9941131	NA	NA	0.0	1.0008923	1.0008923	1	1	1:1	2	neutral	4171908
19	6889992	7119018	NA	229027	2000	-0.052896	1978	30	91.0	mappable	0.065447436	NA	identical	0.011105394262	0.01923076923	0.31712118361	0.112327	0.13155777	6889992	6890006	7119018	7119018	NA	missing	821822.4	42.8953	0.6776	NA	NA	NA	NA	NA	NA	NA	NA	NA	NA	4171908
19	7119019	24569972	NA	17450955	171401	2.0017845	170520	2633	6637.0	mappable	0.0607	5.0	self	0.000714664903	0.00028457598	0.03088676899	0.08313657	0.08342114	7119019	7119019	24569972	24569972	0.18963534	1	876115.3	44.91739	0.9941131	NA	NA	0.0	1.0008923	1.0008923	1	1	1:1	2	neutral	4171908
19	27750002	27969985	NA	219984	6533	1.3953828	6494	1	261.0	mappable	0.142857143	NA	NA	0.278715550913	0.025	0.09402118361	0.11269486	0.13769486	27750002	27750002	27969953	27970017	NA	missing	909893.1	51.99389	0.9007	NA	NA	NA	NA	NA	NA	NA	NA	NA	NA	4171908
19	27969985	43209995	NA	15240013	188866	2.0017845	188361	2570	7413.0	mappable	0.063147472	5.0	NA	0.001855311708	0.00032520325	0.01476554151	0.08381752	0.08414272	27969953	27970017	43209995	43209995	0.14918285	1	876115.3	44.91739	0.9941131	NA	NA	0.0	1.0008923	1.0008923	1	1	1:1	2	neutral	4171908
19	43209996	43800005	NA	590010	0	0.0	0	0	NA	mappable	NA	NA	NA	NA	inf	0.99472118361	0.10432761	inf	43209996	43209996	43800005	43800005	NA	missing	NA	NA	0.0	NA	NA	0.0	0.0	0.0	0	0	NA	0	homozygousDel	4171908
19	43800006	59089999	NA	15289995	160410	2.0017845	159671	2322	6316.0	mappable	0.06655	5.0	edge	0.004376687846	0.00032669062	0.02654085321	0.08380093	0.08412762	43800006	43800006	59089999	59089999	0.18540952	1	876115.3	44.91739	0.9941131	NA	NA	0.0	1.0008923	1.0008923	1	1	1:1	2	neutral	4171908
20	60479	25729738	NA	25669263	394342	2.0017845	393451	5361	15324.0	mappable	0.0607	5.0	edge	6.0703521e-05	0.00015994882	0.00064907209	0.08125609	0.08141604	60479	60479	25729738	25729738	0.13054182	1	876115.3	44.91739	0.9941131	NA	NA	0.0	1.0008923	1.0008923	1	1	1:1	2	neutral	4171908
20	29810057	29886847	NA	76791	2000	1.166473	1982	4	85.0	mappable	0.008416667	1.0	NA	0.71784722439	0.04545454545	0.12412118361	0.12323884	0.16869339	29810057	29810057	29886817	29886847	NA	missing	915415.0	50.30626	0.8654376	NA	NA	NA	NA	NA	NA	NA	NA	NA	NA	4171908
20	29886848	62909989	NA	33023144	490191	2.0017845	488530	6453	19062.0	mappable	0.063625	5.0	edge	0.003097670893	0.00012324378	0.00275327457	0.08007375	0.08019699	29886848	29886878	62909989	62909989	0.16489375	1	876115.3	44.91739	0.9941131	NA	NA	0.0	1.0008923	1.0008923	1	1	1:1	2	neutral	4171908
21	10720001	11179964	NA	459965	5074	0.1082628	4768	0	172.0	mappable	NA	NA	edge	0.541714337023	0.00326797386	0.29229548396	0.10631984	0.10958781	10720001	10720001	11179964	11179964	NA	missing	1851369.0	NA	0.7024257	NA	NA	NA	NA	NA	NA	NA	NA	NA	NA	4171908
21	15410077	48099931	NA	32689863	508286	2.0017845	506386	7462	19587.0	mappable	0.0607	5.0	edge	0.000312578656	0.00010681478	0.00163566089	0.08012069	0.08022751	15410077	15410077	48099931	48099931	0.15344607	1	876115.3	44.91739	0.9941131	NA	NA	0.0	1.0008923	1.0008923	1	1	1:1	2	neutral	4171908
22	16850007	17289954	NA	439948	1213	0.8572281	1207	0	52.0	mappable	NA	NA	edge	0.450115097784	0.16666666667	0.17692118361	0.10668389	0.27335055	16850007	16850007	17289899	17289954	NA	missing	804698.2	NA	0.8178	NA	NA	NA	NA	NA	NA	NA	NA	NA	NA	4171908
22	17289955	51179984	NA	33890030	449527	2.0017845	448010	6437	17609.0	mappable	0.0607	5.0	edge	0.001166166382	0.00012572291	0.00429927903	0.07995408	0.08007981	17289955	17290010	51179984	51179984	0.14893653	1	876115.3	44.91739	0.9941131	NA	NA	0.0	1.0008923	1.0008923	1	1	1:1	2	neutral	4171908
23	2700089	58499983	NA	55799895	486170	3.0061461	485391	6086	18838.0	mappable	0.122125	2.0	edge	0.061357580863	0.00014566642	0.15523108741	0.07771892	0.07786459	2700089	2700089	58499983	58499983	0.52851384	2	1013868.9	57.08697	1.1488299	43.85426	0.6564432	0.3128865	1.0327818	1.9733643	2	1	2:1	3	gain	4171908
23	61750000	88459980	NA	26709982	242708	3.0061461	242374	2197	9568.0	mappable	0.116275	2.0	NA	0.055949330745	0.00039510075	0.13082556928	0.08106725	0.08146235	61750000	61750000	88459980	88459980	0.55370259	2	1013868.9	57.08697	1.1488299	43.85426	0.6564432	0.3128865	1.0327818	1.9733643	2	1	2:1	3	gain	4171908
23	88990017	89349936	NA	359920	1048	2.9566157	1047	3	49.0	mappable	0.006241667	NA	NA	0.056712731915	0.25	0.14647881639	0.10835811	0.35835811	88990017	88990017	89349936	89349936	NA	missing	1030718.0	51.5359	1.1412	NA	NA	NA	NA	NA	NA	NA	NA	NA	NA	4171908
23	89349937	90140198	NA	790262	0	0.0	0	0	NA	mappable	NA	NA	NA	NA	inf	0.99472118361	0.10208263	inf	89349937	89349937	90140198	90140198	NA	missing	NA	NA	0.0	NA	NA	0.0	0.0	0.0	0	0	NA	0	homozygousDel	4171908
23	90140199	91529952	NA	1389754	4973	3.0061461	4969	62	202.0	mappable	0.124614516	2.0	NA	0.064281011343	0.01515151515	0.13037881639	0.09800848	0.11315999	90140199	90140199	91529952	91529952	0.68577809	2	1013868.9	57.08697	1.1488299	43.85426	0.6564432	0.3128865	1.0327818	1.9733643	2	1	2:1	3	gain	4171908
23	91529953	92379999	NA	850047	0	0.0	0	0	NA	mappable	NA	NA	NA	NA	inf	0.99472118361	0.10153736	inf	91529953	91529953	92379999	92379999	NA	missing	NA	NA	0.0	NA	NA	0.0	0.0	0.0	0	0	NA	0	homozygousDel	4171908
23	92380000	140974988	NA	48594992	429412	3.0061461	428794	5230	16675.0	mappable	0.1192	2.0	NA	0.058461592166	0.00017099863	0.15113557331	0.078326	0.078497	92380000	92380000	140969898	140974988	0.53034114	2	1013868.9	57.08697	1.1488299	43.85426	0.6564432	0.3128865	1.0327818	1.9733643	2	1	2:1	3	gain	4171908
23	140974989	141000311	NA	25323	422	3.6648507	415	8	17.0	mappable	0.166278092	NA	NA	0.581427879698	0.06666666667	0.25557881639	0.13672259	0.20338926	140974989	140980079	140999836	141000786	NA	missing	1003342.1	55.39451	1.2503	NA	NA	NA	NA	NA	NA	NA	NA	NA	NA	4171908
23	141000311	145677020	NA	4676710	52513	3.0061461	52426	998	2034.0	mappable	0.129632692	2.0	NA	0.067426156974	0.00092165899	0.14277881639	0.09026467	0.09118633	140999836	141000786	145676989	145677020	0.47822614	2	1013868.9	57.08697	1.1488299	43.85426	0.6564432	0.3128865	1.0327818	1.9733643	2	1	2:1	3	gain	4171908
23	145677021	145919885	NA	242865	2324	8.8003657	2309	69	96.0	mappable	0.077384859	NA	NA	0.011969014117	0.0119047619	1.04667881639	0.11179558	0.12370034	145677021	145677052	145919603	145920167	0.49307651	2	1022208.8	56.36478	2.0414	24.88268	0.5774032	0.1548064	3.7190064	5.0813593	5	4	5:4	9	gain	4171908
23	145919885	154929639	NA	9009755	76319	3.0061461	76142	1020	3073.0	mappable	0.115754798	2.0	edge	0.055726156974	0.00083542189	0.15427881639	0.08656863	0.08740405	145919603	145920167	154929639	154929639	0.54910704	2	1013868.9	57.08697	1.1488299	43.85426	0.6564432	0.3128865	1.0327818	1.9733643	2	1	2:1	3	gain	4171908
