#chromosome	start	end	crest	length	tcnNbrOfLoci	tcnMean	tcnNbrOfSNPs	tcnNbrOfHets	dhNbrOfLoci	map	dhMax	cluster	neighbour	distDH	errorSNP	distTcn	errorLength	totalError	minStart	maxStart	minStop	maxStop	area	peaks	meanCovT	meanCovB	tcnMeanRaw	AF	BAF	dhMean	c1Mean	c2Mean	A	B	genotype	TCN	GNL	PID
1	840009	12839977	NA	11999970	171783	2.00201628	170919	7398	23985.0	mappable	0.085575	7.0	edge	0.003000267183	0.00012103607	0.00819141223	0.08504657	0.08516761	840009	840009	12839977	12839977	0.15872852	1	355126.57	18.438181	1.0116517	NA	NA	0.0	1.001008141	1.00100814	1	1	1:1	2	neutral	4111326
1	13780016	42189989	NA	28409976	355437	2.00201628	354126	14523	48271.0	mappable	0.08215	7.0	NA	0.000190551076	6.315524e-05	0.00495740889	0.08077579	0.08083894	13780016	13780016	42189933	42190045	0.15682405	1	355126.57	18.438181	1.0116517	NA	NA	0.0	1.001008141	1.00100814	1	1	1:1	2	neutral	4111326
1	42189989	42209998	NA	20010	287	1.82354344	287	0	41.0	mappable	NA	NA	NA	NA	inf	0.06742202935	0.13997336	inf	42189933	42190045	42209995	42210001	NA	missing	315016.71	NA	0.9467	NA	NA	NA	NA	NA	NA	NA	NA	NA	NA	4111326
1	42209998	60330049	NA	18120052	232001	2.00201628	231282	8993	29799.0	mappable	0.08088333	7.0	NA	3.6190857e-05	0.00010297601	0.00202202935	0.0829494	0.08305238	42209995	42210001	60329966	60330049	0.12687155	1	355126.57	18.438181	1.0116517	NA	NA	0.0	1.001008141	1.00100814	1	1	1:1	2	neutral	4111326
1	60330050	60349977	NA	19928	269	2.155475	269	0	33.0	mappable	NA	NA	NA	NA	inf	0.05337797065	0.14003142	inf	60330050	60330133	60349953	60350001	NA	missing	383475.12	NA	1.0675	NA	NA	NA	NA	NA	NA	NA	NA	NA	NA	4111326
1	60349977	112859988	NA	52510015	707664	2.00201628	705369	32180	84950.0	mappable	0.08215	7.0	NA	0.002241182405	2.900653e-05	0.00117777798	0.0779846	0.07801361	60349953	60350001	112859974	112860002	0.13987105	1	355126.57	18.438181	1.0116517	NA	NA	0.0	1.001008141	1.00100814	1	1	1:1	2	neutral	4111326
1	112859988	112869935	NA	9948	159	2.26676	159	0	19.0	mappable	NA	NA	NA	NA	inf	0.09387797065	0.15060025	inf	112859974	112860002	112869773	112870097	NA	missing	364430.0	NA	1.108	NA	NA	NA	NA	NA	NA	NA	NA	NA	NA	4111326
1	112869935	120529963	NA	7660029	97347	2.00201628	97054	3805	12206.0	mappable	0.08215	7.0	NA	3.6190857e-05	0.00024402147	0.00682202935	0.08745494	0.08769897	112869773	112870097	120529963	120529963	0.13953197	1	355126.57	18.438181	1.0116517	NA	NA	0.0	1.001008141	1.00100814	1	1	1:1	2	neutral	4111326
1	121220004	121229986	NA	9983	177	1.8308682	176	10	22.0	mappable	0.14556667	1.0	NA	0.052830475809	0.09090909091	0.04942202935	0.15054281	0.2414519	121220004	121220004	121229986	121229986	NA	missing	341611.54	18.726577	0.9493657	NA	NA	NA	NA	NA	NA	NA	NA	NA	NA	4111326
1	144010127	144019970	NA	9844	155	2.07414078	103	0	19.0	mappable	NA	NA	NA	0.222034984309	0.01923076923	0.02377797065	0.15077238	0.17000315	144010127	144010127	144019970	144019970	NA	missing	1047580.0	NA	1.0379	NA	NA	NA	NA	NA	NA	NA	NA	NA	NA	4111326
1	144920087	145739956	NA	819870	6372	2.00201628	5802	170	941.0	mappable	0.066	7.0	self	0.014677698032	0.00135135135	0.00792202935	0.10180689	0.10315824	144920087	144920087	145739956	145739956	0.15621549	1	355126.57	18.438181	1.0116517	NA	NA	0.0	1.001008141	1.00100814	1	1	1:1	2	neutral	4111326
1	146540101	147829895	NA	1289795	11658	2.00201628	11632	395	1436.0	mappable	0.080875	7.0	self	0.005264762286	0.00237529691	0.00912202935	0.09852843	0.10090372	146540101	146540101	147829895	147829895	0.12947565	1	355126.57	18.438181	1.0116517	NA	NA	0.0	1.001008141	1.00100814	1	1	1:1	2	neutral	4111326
1	149815060	248560013	NA	98744957	1338374	2.00201628	1333755	61985	167326.0	mappable	0.08215	7.0	self	0.000458845776	1.501434e-05	0.00112240988	0.07530913	0.07532415	149815060	149815060	248559970	248560013	0.15417058	1	355126.57	18.438181	1.0116517	NA	NA	0.0	1.001008141	1.00100814	1	1	1:1	2	neutral	4111326
1	248560014	248859670	NA	299657	1804	2.15284098	1792	20	221.0	mappable	0.07991742	8.0	edge	0.002790310644	0.03125	0.06217797065	0.10993268	0.14118268	248560014	248560057	248859326	248859670	NA	missing	446729.24	23.108004	1.0665414	NA	NA	NA	NA	NA	NA	NA	NA	NA	NA	4111326
2	20016	10819954	NA	10799939	174395	2.00201628	173632	8397	22946.0	mappable	0.085575	7.0	edge	0.003388809143	0.00010917031	0.01232202935	0.08559988	0.08570905	20016	20016	10819905	10820003	0.1545755	1	355126.57	18.438181	1.0116517	NA	NA	0.0	1.001008141	1.00100814	1	1	1:1	2	neutral	4111326
2	10819954	10835013	NA	15060	162	1.77518256	162	0	31.0	mappable	NA	NA	NA	NA	inf	0.08502202935	0.14410848	inf	10819905	10820003	10829981	10835013	NA	missing	332511.2	NA	0.9291	NA	NA	NA	NA	NA	NA	NA	NA	NA	NA	4111326
2	10835014	87059860	NA	76224856	1135972	2.00201628	1132691	52138	139688.0	mappable	0.08215	7.0	NA	0.000235321399	1.8045e-05	0.0016759508	0.07638323	0.07640127	10835014	10840046	87059860	87059860	0.14369831	1	355126.57	18.438181	1.0116517	NA	NA	0.0	1.001008141	1.00100814	1	1	1:1	2	neutral	4111326
2	88330099	88431738	NA	101640	1493	2.00201628	1491	89	218.0	mappable	0.06543333	7.0	self	0.016752857524	0.01098901099	0.01017797065	0.1202421	0.13123112	88330099	88330099	88431717	88431738	0.10369141	1	355126.57	18.438181	1.0116517	NA	NA	0.0	1.001008141	1.00100814	1	1	1:1	2	neutral	4111326
2	88431739	89229990	INV	798253	10389	0.86783831	10361	241	1407.0	mappable	0.613025	NA	NA	0.530798567507	0.00371747212	0.41523222282	0.10200706	0.10572453	88431739	88431770	89229990	89229990	0.96163522	2	207392.06	16.130493	0.5988898	17.50375	1.026729	1.0	0.0	0.86783831	1	0	1:0	1	LOH	4111326
2	89229991	89544262	NA	314272	0	0.0	0	0	NA	mappable	NA	NA	NA	NA	inf	1.01412202935	0.1095191	inf	89229991	89229991	89544262	89544262	NA	missing	NA	NA	0.0	NA	NA	0.0	0.0	0.0	0	0	NA	0	homozygousDel	4111326
2	89840102	89976492	NA	136391	444	2.15284098	440	0	56.0	mappable	NA	8.0	NA	0.045270790013	0.25	0.03457797065	0.11725124	0.36725124	89840102	89840102	89889991	89976492	NA	missing	446729.24	NA	1.0665414	NA	NA	NA	NA	NA	NA	NA	NA	NA	NA	4111326
2	89976493	90239998	INV	263506	470	2.02852767	470	2	56.0	mappable	0.18333333	NA	NA	0.101147142476	0.5	0.00717797065	0.11106498	0.61106498	89976493	90100200	90239998	90239998	NA	missing	362815.86	21.466605	1.0213	NA	NA	NA	NA	NA	NA	NA	NA	NA	NA	4111326
2	95580145	96239991	NA	659847	4441	2.00201628	4434	27	643.0	mappable	0.06030227	7.0	NA	0.006813809143	0.02941176471	0.00057797065	0.10345663	0.1328684	95580145	95580145	96239991	96239991	NA	missing	355126.57	18.438181	1.0116517	NA	NA	NA	NA	NA	NA	NA	NA	NA	NA	4111326
2	96239992	96740020	NA	500029	0	0.0	0	0	NA	mappable	NA	NA	NA	NA	inf	1.01412202935	0.10564318	inf	96239992	96239992	96740020	96740020	NA	missing	NA	NA	0.0	NA	NA	0.0	0.0	0.0	0	0	NA	0	homozygousDel	4111326
2	96740021	132189994	NA	35449977	448223	2.00201628	446976	19040	56317.0	mappable	0.08215	7.0	NA	0.001381771033	4.929265e-05	0.00577204173	0.0797471	0.07979639	96740021	96740021	132189994	132189994	0.14810039	1	355126.57	18.438181	1.0116517	NA	NA	0.0	1.001008141	1.00100814	1	1	1:1	2	neutral	4111326
2	132189995	133009999	NA	820005	0	0.0	0	0	NA	mappable	NA	NA	NA	NA	inf	1.01412202935	0.10180566	inf	132189995	132189995	133009999	133009999	NA	missing	NA	NA	0.0	NA	NA	0.0	0.0	0.0	0	0	NA	0	homozygousDel	4111326
2	133010000	135050005	NA	2040006	30824	2.00201628	30723	1014	3826.0	mappable	0.0838	7.0	NA	0.001186190857	0.00089686099	0.00282202935	0.0954192	0.09631606	133010000	133010000	135049996	135050014	0.14055594	1	355126.57	18.438181	1.0116517	NA	NA	0.0	1.001008141	1.00100814	1	1	1:1	2	neutral	4111326
2	135050005	135059989	NA	9985	166	2.27582767	166	0	26.0	mappable	NA	NA	NA	NA	inf	0.09717797065	0.15053953	inf	135049996	135050014	135059937	135059989	NA	missing	380011.1	NA	1.1113	NA	NA	NA	NA	NA	NA	NA	NA	NA	NA	4111326
2	135059990	152570004	NA	17510020	238079	2.00201628	237422	9599	28486.0	mappable	0.08215	7.0	NA	0.000379288461	9.75039e-05	0.00380698833	0.08311972	0.08321723	135059990	135060042	152569979	152570029	0.14686833	1	355126.57	18.438181	1.0116517	NA	NA	0.0	1.001008141	1.00100814	1	1	1:1	2	neutral	4111326
2	152570004	152924956	NA	354953	4685	1.01625128	4673	139	613.0	mappable	0.56089167	6.0	NA	0.482888809143	0.00662251656	0.35682202935	0.10847594	0.11509845	152569979	152570029	152919908	152930004	0.97529098	2	231650.53	18.00257	0.6529018	17.93376	0.9892525	0.97850502	0.010922152	1.00532913	1	0	1:0	1	LOH	4111326
2	152924956	152936728	NA	11773	119	1.63944233	117	9	17.0	mappable	0.61263864	NA	NA	0.528895627325	0.09090909091	0.13442202935	0.14789405	0.23880314	152919908	152930004	152936654	152936728	NA	missing	289615.0	23.391981	0.8797	NA	NA	NA	NA	NA	NA	NA	NA	NA	NA	4111326
2	152936729	152940024	INV	3296	45	1.63944233	45	0	9.0	mappable	NA	NA	NA	NA	inf	0.13442202935	0.17113763	inf	152936729	152936835	152939947	152940101	NA	missing	289615.0	NA	0.8797	NA	NA	NA	NA	NA	NA	NA	NA	NA	NA	4111326
2	152940024	158769921	NA	5829899	76189	2.00201628	75941	3653	8964.0	mappable	0.078725	7.0	NA	0.002480846603	0.00025634453	0.00200020336	0.08898761	0.08924395	152939947	152940101	158769786	158770056	0.12833116	1	355126.57	18.438181	1.0116517	NA	NA	0.0	1.001008141	1.00100814	1	1	1:1	2	neutral	4111326
2	158769921	158790002	NA	20082	359	2.19092133	354	0	39.0	mappable	NA	NA	identical	0.531431116835	0.2	0.06627797065	0.13992261	0.33992261	158769786	158770056	158789970	158790034	NA	missing	358754.6	NA	1.0804	NA	NA	NA	NA	NA	NA	NA	NA	NA	NA	4111326
2	158790002	183887160	NA	25097168	337748	2.00201628	336627	14775	40695.0	mappable	0.08215	7.0	self	0.000630603363	6.290891e-05	0.00773577322	0.08136358	0.08142649	158789970	158790034	183887131	183887160	0.1558707	1	355126.57	18.438181	1.0116517	NA	NA	0.0	1.001008141	1.00100814	1	1	1:1	2	neutral	4111326
2	183887161	203216213	CTX	19329053	244048	1.01625128	243352	8987	29518.0	mappable	0.56165	6.0	NA	0.476038809143	0.00010327378	0.35932202935	0.08263006	0.08273333	183887161	183887236	203216110	203216213	0.96460381	2	231650.53	18.00257	0.6529018	17.93376	0.9892525	0.97850502	0.010922152	1.00532913	1	0	1:0	1	LOH	4111326
2	203216214	203219940	INV	3727	30	1.487765	27	0	2.0	mappable	NA	NA	NA	0.001495705695	0.33333333333	0.18962202935	0.16858006	0.5019134	203216214	203216422	203219845	203219940	NA	missing	289118.6	NA	0.8245	NA	NA	NA	NA	NA	NA	NA	NA	NA	NA	4111326
2	203219941	219559923	NA	16339983	219340	2.00201628	218616	9552	26939.0	mappable	0.08215	7.0	NA	3.6190857e-05	9.73236e-05	0.00267797065	0.08346582	0.08356315	203219941	203220036	219559837	219559923	0.16459314	1	355126.57	18.438181	1.0116517	NA	NA	0.0	1.001008141	1.00100814	1	1	1:1	2	neutral	4111326
2	219559924	219579992	NA	20069	253	1.82162	253	0	31.0	mappable	NA	NA	NA	NA	inf	0.06812202935	0.13993176	inf	219559924	219560010	219579939	219579992	NA	missing	337103.76	NA	0.946	NA	NA	NA	NA	NA	NA	NA	NA	NA	NA	4111326
2	219579993	228790025	NA	9210033	132762	2.00201628	132375	6009	16504.0	mappable	0.08081429	7.0	NA	3.6190857e-05	0.00015637217	0.00147797065	0.08644994	0.08660632	219579993	219580046	228789987	228790025	0.15169641	1	355126.57	18.438181	1.0116517	NA	NA	0.0	1.001008141	1.00100814	1	1	1:1	2	neutral	4111326
2	228790026	228800033	NA	10008	128	2.24395344	128	0	16.0	mappable	NA	NA	NA	NA	inf	0.08557797065	0.15050193	inf	228790026	228790064	228799977	228800033	NA	missing	376757.0	NA	1.0997	NA	NA	NA	NA	NA	NA	NA	NA	NA	NA	4111326
2	228800034	242999969	NA	14199939	218812	2.00201628	217885	11458	29243.0	mappable	0.08215	7.0	edge	0.000409798309	8.074935e-05	0.00713152517	0.08417728	0.08425803	228800034	228800090	242999969	242999969	0.1472884	1	355126.57	18.438181	1.0116517	NA	NA	0.0	1.001008141	1.00100814	1	1	1:1	2	neutral	4111326
3	100074	62329956	NA	62229891	896932	2.00201628	893934	41950	110218.0	mappable	0.08215	7.0	edge	0.000795933032	2.224793e-05	0.0026727207	0.07724661	0.07726886	100074	100074	62329816	62330096	0.15047322	1	355126.57	18.438181	1.0116517	NA	NA	0.0	1.001008141	1.00100814	1	1	1:1	2	neutral	4111326
3	62329956	62339990	NA	10035	136	2.19421867	136	0	21.0	mappable	NA	NA	NA	NA	inf	0.06747797065	0.15045792	inf	62329816	62330096	62339979	62339990	NA	missing	381852.86	NA	1.0816	NA	NA	NA	NA	NA	NA	NA	NA	NA	NA	4111326
3	62339991	90499969	NA	28159980	405052	2.00201628	403842	19600	47941.0	mappable	0.07960603	7.0	NA	0.001025531319	4.805382e-05	0.00668159948	0.08081741	0.08086546	62339991	62340002	90499969	90499969	0.14184158	1	355126.57	18.438181	1.0116517	NA	NA	0.0	1.001008141	1.00100814	1	1	1:1	2	neutral	4111326
3	93570175	97960008	NA	4389835	61486	2.00201628	61302	2862	7003.0	mappable	0.07898889	7.0	NA	0.004380131744	0.00032840722	0.00632882764	0.09063827	0.09096667	93570175	93570175	97959982	97960034	0.14510716	1	355126.57	18.438181	1.0116517	NA	NA	0.0	1.001008141	1.00100814	1	1	1:1	2	neutral	4111326
3	97960008	97970016	NA	10009	289	1.66417233	289	0	38.0	mappable	NA	NA	NA	NA	inf	0.12542202935	0.1505003	inf	97959982	97960034	97969984	97970016	NA	missing	327876.67	NA	0.8887	NA	NA	NA	NA	NA	NA	NA	NA	NA	NA	4111326
3	97970017	181539989	NA	83569979	1128175	2.00201628	1124685	53956	135794.0	mappable	0.08215	7.0	NA	0.000615347525	1.740765e-05	0.00068104057	0.075998	0.07601541	97970017	97970049	181539947	181539989	0.14931435	1	355126.57	18.438181	1.0116517	NA	NA	0.0	1.001008141	1.00100814	1	1	1:1	2	neutral	4111326
3	181539990	181550035	NA	10046	143	2.296436	143	0	20.0	mappable	NA	NA	NA	NA	inf	0.10467797065	0.15044003	inf	181539990	181540032	181549889	181550181	NA	missing	363313.33	NA	1.1188	NA	NA	NA	NA	NA	NA	NA	NA	NA	NA	4111326
3	181550035	197779892	NA	16229864	229816	2.00201628	228818	11588	29319.0	mappable	0.08215	7.0	edge	0.000365490163	7.945336e-05	0.00563282323	0.08349982	0.08357927	181549889	181550181	197779892	197779892	0.14755849	1	355126.57	18.438181	1.0116517	NA	NA	0.0	1.001008141	1.00100814	1	1	1:1	2	neutral	4111326
4	50084	8939952	NA	8889869	145507	2.00201628	144596	7234	19763.0	mappable	0.085575	7.0	edge	0.003388809143	0.00012280486	0.01062202935	0.08664111	0.08676391	50084	50084	8939952	8939952	0.15702665	1	355126.57	18.438181	1.0116517	NA	NA	0.0	1.001008141	1.00100814	1	1	1:1	2	neutral	4111326
4	9800043	22560022	NA	12759980	204338	2.00201628	203707	9828	24275.0	mappable	0.0841	7.0	NA	0.003403650257	9.561144e-05	0.00402500383	0.08472737	0.08482298	9800043	9800043	22559964	22560080	0.13379626	1	355126.57	18.438181	1.0116517	NA	NA	0.0	1.001008141	1.00100814	1	1	1:1	2	neutral	4111326
4	22560022	22570064	NA	10043	183	2.25329589	183	0	22.0	mappable	NA	NA	NA	NA	inf	0.08897797065	0.15044491	inf	22559964	22560080	22569923	22570064	NA	missing	390446.25	NA	1.1031	NA	NA	NA	NA	NA	NA	NA	NA	NA	NA	4111326
4	22570065	49075015	NA	26504953	394173	2.00201628	393094	16458	47050.0	mappable	0.08215	7.0	NA	0.00063317081	5.702555e-05	0.00443771814	0.08110379	0.08116082	22570065	22570206	49069999	49080031	0.15986267	1	355126.57	18.438181	1.0116517	NA	NA	0.0	1.001008141	1.00100814	1	1	1:1	2	neutral	4111326
4	49075015	49089961	NA	14947	196	2.32721111	196	3	39.0	mappable	0.13233914	2.0	NA	0.050152950557	0.33333333333	0.11587797065	0.14422139	0.47755472	49069999	49080031	49089961	49089961	NA	missing	392861.43	22.297541	1.13	NA	NA	NA	NA	NA	NA	NA	NA	NA	NA	4111326
4	52680112	184599945	NA	131919850	1814570	2.00201628	1809017	85730	215165.0	mappable	0.08215	7.0	self	0.00178607491	1.095518e-05	0.00130920532	0.07414249	0.07415344	52680112	52680112	184599886	184600004	0.14728312	1	355126.57	18.438181	1.0116517	NA	NA	0.0	1.001008141	1.00100814	1	1	1:1	2	neutral	4111326
4	184599945	184603153	NA	3209	63	1.19073022	62	0	9.0	mappable	NA	NA	NA	0.035460867966	1.0	0.29772202935	0.17170465	1.17170465	184599886	184600004	184603123	184603153	NA	missing	271697.14	NA	0.7164	NA	NA	NA	NA	NA	NA	NA	NA	NA	NA	4111326
4	184603154	184603447	CTX	294	4	1.19073022	4	1	0.0	mappable	0.12	NA	NA	0.037813809143	1.0	0.29772202935	0.24391219	1.24391219	184603154	184603201	184603297	184603447	NA	missing	271697.14	15.21504	0.7164	NA	NA	NA	NA	NA	NA	NA	NA	NA	NA	4111326
4	184603448	185256626	CTX	653179	10678	1.01625128	10630	451	1480.0	mappable	0.5548	6.0	NA	0.472613809143	0.00200400802	0.36402202935	0.10353511	0.10553912	184603448	184603460	185256542	185256626	0.93373473	2	231650.53	18.00257	0.6529018	17.93376	0.9892525	0.97850502	0.010922152	1.00532913	1	0	1:0	1	LOH	4111326
4	185256627	185463212	INV	206586	3225	0.03501489	3220	119	417.0	mappable	0.160925	NA	NA	0.082163809143	0.00806451613	0.71832202935	0.11327348	0.121338	185256627	185256704	185463017	185463212	0.04463048	1	103472.14	5.173607	0.2958	NA	NA	0.0	0.017507444	0.01750744	0	0	0:0	0	LOH	4111326
4	185463213	185464968	INV	1756	23	0.590066	23	0	5.0	mappable	NA	NA	NA	NA	inf	0.51632202935	0.18556186	inf	185463213	185463269	185464945	185464968	NA	missing	186185.71	NA	0.4978	NA	NA	NA	NA	NA	NA	NA	NA	NA	NA	4111326
4	185464969	185464992	INV	24	0	0.0	0	0	NA	mappable	NA	NA	NA	NA	inf	1.01412202935	0.43620858	inf	185464969	185464969	185464992	185464992	NA	missing	NA	NA	0.0	NA	NA	0.0	0.0	0.0	0	0	NA	0	homozygousDel	4111326
4	185464993	190129082	INV	4664092	75674	1.01625128	75245	4893	9609.0	mappable	0.592475	6.0	NA	0.504679999708	0.0001879346	0.36440393859	0.09028055	0.09046849	185464993	185465047	190129065	190129082	0.93301711	2	231650.53	18.00257	0.6529018	17.93376	0.9892525	0.97850502	0.010922152	1.00532913	1	0	1:0	1	LOH	4111326
4	190129083	190939997	CTX	810915	16314	2.00201628	15807	517	2535.0	mappable	0.08531136	7.0	edge	0.013663809143	0.0009765625	0.00252202935	0.10188907	0.10286563	190129083	190129151	190939997	190939997	0.23334242	1	355126.57	18.438181	1.0116517	NA	NA	0.0	1.001008141	1.00100814	1	1	1:1	2	neutral	4111326
5	50017	46399990	NA	46349974	689289	2.00201628	686871	31599	84031.0	mappable	0.08215	7.0	edge	0.00052147406	2.939707e-05	0.00647652913	0.07853589	0.07856528	50017	50017	46399990	46399990	0.14626328	1	355126.57	18.438181	1.0116517	NA	NA	0.0	1.001008141	1.00100814	1	1	1:1	2	neutral	4111326
5	49470005	68829703	NA	19359700	256470	2.00201628	255636	13162	30854.0	mappable	0.08185833	7.0	self	3.073898e-05	7.144899e-05	0.0018260883	0.08262225	0.0826937	49470005	49470005	68829703	68829703	0.15646576	1	355126.57	18.438181	1.0116517	NA	NA	0.0	1.001008141	1.00100814	1	1	1:1	2	neutral	4111326
5	70750153	119879983	NA	49129833	693387	2.00201628	691467	32974	81792.0	mappable	0.08215	7.0	self	0.000499651166	2.865822e-05	0.00354619475	0.07827759	0.07830625	70750153	70750153	119879963	119879983	0.14337413	1	355126.57	18.438181	1.0116517	NA	NA	0.0	1.001008141	1.00100814	1	1	1:1	2	neutral	4111326
5	119879984	119881243	NA	1260	24	1.07834611	23	0	2.0	mappable	NA	NA	NA	0.211931456202	1.0	0.33862202935	0.19418969	1.19418969	119879984	119880004	119881191	119881243	NA	missing	245868.0	NA	0.6755	NA	NA	NA	NA	NA	NA	NA	NA	NA	NA	4111326
5	119881244	128924153	DEL	9042913	132090	1.01625128	131739	5150	15543.0	mappable	0.571925	6.0	NA	0.48611415597	0.00018178513	0.35789120037	0.08654878	0.08673056	119881244	119881282	128924018	128924153	0.95317674	2	231650.53	18.00257	0.6529018	17.93376	0.9892525	0.97850502	0.010922152	1.00532913	1	0	1:0	1	LOH	4111326
5	128924154	180689979	DEL	51765829	704309	2.00201628	702014	33667	88545.0	mappable	0.08215	7.0	edge	0.000704707219	2.780713e-05	0.00173795886	0.07804727	0.07807507	128924154	128924180	180689979	180689979	0.13688675	1	355126.57	18.438181	1.0116517	NA	NA	0.0	1.001008141	1.00100814	1	1	1:1	2	neutral	4111326
6	201976	54809890	NA	54607923	811926	2.00201628	805922	44649	102377.0	mappable	0.078725	7.0	edge	0.001221012864	1.974295e-05	0.00325680222	0.07781312	0.07783286	201976	201976	54809764	54810016	0.15391126	1	355126.57	18.438181	1.0116517	NA	NA	0.0	1.001008141	1.00100814	1	1	1:1	2	neutral	4111326
6	54809890	54819942	NA	10053	145	2.20356111	145	0	21.0	mappable	NA	NA	NA	NA	inf	0.07087797065	0.15042866	inf	54809764	54810016	54819810	54820074	NA	missing	376677.8	NA	1.085	NA	NA	NA	NA	NA	NA	NA	NA	NA	NA	4111326
6	54819942	58019982	NA	3200044	47206	2.00201628	45844	1261	5966.0	mappable	0.088	7.0	NA	0.003307753673	0.00038124285	0.0041608528	0.0925512	0.09293244	54819810	54820074	58019982	58019982	0.14064868	1	355126.57	18.438181	1.0116517	NA	NA	0.0	1.001008141	1.00100814	1	1	1:1	2	neutral	4111326
6	58610011	58769997	NA	159987	572	1.960108	572	4	60.0	mappable	0.02351259	NA	NA	0.058673601227	0.25	0.01772202935	0.11568989	0.36568989	58610011	58610011	58769997	58769997	NA	missing	364335.61	20.170776	0.9964	NA	NA	NA	NA	NA	NA	NA	NA	NA	NA	4111326
6	61890002	64540051	NA	2650050	36939	2.00201628	36841	1021	4402.0	mappable	0.07416667	7.0	NA	0.006116128301	0.00089365505	0.00802696765	0.09373131	0.09462496	61890002	61890002	64539975	64540051	0.14925701	1	355126.57	18.438181	1.0116517	NA	NA	0.0	1.001008141	1.00100814	1	1	1:1	2	neutral	4111326
6	64540052	64555016	NA	14965	157	2.23351189	157	0	16.0	mappable	NA	NA	NA	NA	inf	0.08177797065	0.14420334	inf	64540052	64540128	64549964	64560068	NA	missing	388684.0	NA	1.0959	NA	NA	NA	NA	NA	NA	NA	NA	NA	NA	4111326
6	64555016	170899935	NA	106344933	1501358	2.00201628	1496197	74088	181589.0	mappable	0.08215	7.0	edge	0.000654541323	1.261846e-05	0.00038443833	0.07500701	0.07501962	64549964	64560068	170899935	170899935	0.14655373	1	355126.57	18.438181	1.0116517	NA	NA	0.0	1.001008141	1.00100814	1	1	1:1	2	neutral	4111326
7	40386	4079999	NA	4039614	75070	2.00201628	74669	3637	10472.0	mappable	0.085575	7.0	edge	0.004379856691	0.00024764735	0.00391342138	0.09113367	0.09138132	40386	40386	4079985	4079999	0.16526458	1	355126.57	18.438181	1.0116517	NA	NA	0.0	1.001008141	1.00100814	1	1	1:1	2	neutral	4111326
7	4080000	4081475	NA	1476	40	1.26244722	40	0	2.0	mappable	NA	NA	NA	NA	inf	0.27162202935	0.18997904	inf	4080000	4080014	4081469	4081475	NA	missing	236413.3	NA	0.7425	NA	NA	NA	NA	NA	NA	NA	NA	NA	NA	4111326
7	4081476	4142995	CTX	61520	1400	1.01625128	1395	37	170.0	mappable	0.55669737	6.0	NA	0.472484861774	0.02380952381	0.34082202935	0.12571684	0.14952636	4081476	4081477	4142991	4142995	0.99567159	2	231650.53	18.00257	0.6529018	17.93376	0.9892525	0.97850502	0.010922152	1.00532913	1	0	1:0	1	LOH	4111326
7	4142996	51529999	CTX	47387014	700430	2.00201628	698419	35208	85490.0	mappable	0.078725	7.0	NA	0.002414227683	2.6868e-05	0.00223135886	0.07843756	0.07846443	4142996	4143010	51529994	51530004	0.13238482	1	355126.57	18.438181	1.0116517	NA	NA	0.0	1.001008141	1.00100814	1	1	1:1	2	neutral	4111326
7	51529999	51550037	NA	20039	317	1.76336711	317	0	43.0	mappable	NA	NA	NA	NA	inf	0.08932202935	0.13995289	inf	51529994	51530004	51549996	51550078	NA	missing	317374.31	NA	0.9248	NA	NA	NA	NA	NA	NA	NA	NA	NA	NA	4111326
7	51550037	51559952	NA	9916	198	2.24999856	198	0	27.0	mappable	NA	NA	NA	NA	inf	0.08777797065	0.15065298	inf	51549996	51550078	51559900	51560004	NA	missing	368278.3	NA	1.1019	NA	NA	NA	NA	NA	NA	NA	NA	NA	NA	4111326
7	51559952	57999988	NA	6440037	77435	2.00201628	77159	4354	9234.0	mappable	0.0799803	7.0	NA	0.002815736312	0.00021602938	0.01132202935	0.08842266	0.08863869	51559900	51560004	57999988	57999988	0.15657574	1	355126.57	18.438181	1.0116517	NA	NA	0.0	1.001008141	1.00100814	1	1	1:1	2	neutral	4111326
7	61530139	69490062	NA	7959926	76473	2.00201628	75770	3259	9463.0	mappable	0.078725	7.0	NA	0.001947859605	0.00025239778	0.0071117499	0.08724358	0.08749598	61530139	61530139	69489883	69490062	0.17096394	1	355126.57	18.438181	1.0116517	NA	NA	0.0	1.001008141	1.00100814	1	1	1:1	2	neutral	4111326
7	69490063	69510016	NA	19954	228	2.17306078	228	0	23.0	mappable	NA	NA	NA	NA	inf	0.05977797065	0.14001298	inf	69490063	69490242	69509973	69510059	NA	missing	375780.63	NA	1.0739	NA	NA	NA	NA	NA	NA	NA	NA	NA	NA	4111326
7	69510016	72229988	NA	2719973	37484	2.00201628	37356	1364	5012.0	mappable	0.08410776	7.0	NA	0.003388809143	0.00067069081	0.00562202935	0.09356655	0.09423724	69509973	69510059	72229988	72229988	0.16290987	1	355126.57	18.438181	1.0116517	NA	NA	0.0	1.001008141	1.00100814	1	1	1:1	2	neutral	4111326
7	72750118	74139961	NA	1389844	10240	2.00201628	10220	128	1505.0	mappable	0.104275	7.0	self	0.017226309143	0.00675675676	0.01142202935	0.09800803	0.10476479	72750118	72750118	74139961	74139961	0.21975596	1	355126.57	18.438181	1.0116517	NA	NA	0.0	1.001008141	1.00100814	1	1	1:1	2	neutral	4111326
7	75160045	76059952	NA	899908	8415	2.00201628	8381	231	1295.0	mappable	0.08844423	7.0	self	0.006813809143	0.00377358491	0.00862202935	0.10111521	0.10488879	75160045	75160045	76059952	76059952	0.20201692	1	355126.57	18.438181	1.0116517	NA	NA	0.0	1.001008141	1.00100814	1	1	1:1	2	neutral	4111326
7	76810004	77200062	NA	390059	5116	2.00201628	5102	44	656.0	mappable	0.08718409	7.0	NA	0.001640736312	0.01724137931	0.00237797065	0.10768127	0.12492265	76810004	76810004	77199964	77200160	0.22803135	1	355126.57	18.438181	1.0116517	NA	NA	0.0	1.001008141	1.00100814	1	1	1:1	2	neutral	4111326
7	77200062	77220034	NA	19973	274	2.25521933	274	0	42.0	mappable	NA	NA	NA	NA	inf	0.08967797065	0.13999952	inf	77199964	77200160	77219908	77220160	NA	missing	397662.49	NA	1.1038	NA	NA	NA	NA	NA	NA	NA	NA	NA	NA	4111326
7	77220034	159119808	NA	81899782	1083882	2.00201628	1079735	49394	133889.0	mappable	0.08215	7.0	edge	0.000789785511	1.867762e-05	2.606482e-05	0.0760822	0.07610088	77219908	77220160	159119808	159119808	0.15027474	1	355126.57	18.438181	1.0116517	NA	NA	0.0	1.001008141	1.00100814	1	1	1:1	2	neutral	4111326
8	170012	6855012	NA	6685008	192280	2.00201628	191285	10246	23662.0	mappable	0.078725	7.0	edge	1.6889211e-05	8.896006e-05	0.01067004786	0.0882126	0.08830156	170012	170012	6829993	6880031	0.17308391	1	355126.57	18.438181	1.0116517	NA	NA	0.0	1.001008141	1.00100814	1	1	1:1	2	neutral	4111326
8	6855012	6900025	NA	45014	595	2.15284098	586	59	63.0	mappable	0.05413333	8.0	NA	0.021661190857	0.01470588235	0.05297797065	0.12938212	0.14408801	6829993	6880031	6899995	6900055	0.19048503	1	446729.24	23.108004	1.0665414	NA	NA	0.0	1.07642049	1.07642049	1	1	1:1	2	neutral	4111326
8	6900025	6919904	NA	19880	559	1.8308682	556	75	66.0	mappable	0.136475	1.0	NA	0.052363809143	0.01282051282	0.04672202935	0.14006554	0.15288605	6899995	6900055	6919904	6919904	0.08541734	1	341611.54	18.726577	0.9493657	NA	NA	0.0	0.915434098	0.9154341	1	1	1:1	2	neutral	4111326
8	8100000	9404011	NA	1304012	28720	2.00201628	28617	1916	3515.0	mappable	0.07898889	7.0	self	0.000845533807	0.0004952947	0.00525432163	0.09845172	0.09894701	8100000	8100000	9403940	9404082	0.12522017	1	355126.57	18.438181	1.0116517	NA	NA	0.0	1.001008141	1.00100814	1	1	1:1	2	neutral	4111326
8	9404011	9419949	NA	15939	314	1.8308682	313	13	35.0	mappable	0.16414682	1.0	NA	0.081960623815	0.07142857143	0.07552202935	0.14326367	0.21469224	9403940	9404082	9419887	9419949	NA	missing	341611.54	18.726577	0.9493657	NA	NA	NA	NA	NA	NA	NA	NA	NA	NA	4111326
8	9419950	9620024	NA	200075	3405	2.15284098	3399	212	377.0	mappable	0.0774375	8.0	NA	0.005554587084	0.00458715596	0.04947797065	0.11357066	0.11815782	9419950	9420012	9619909	9620139	0.11311024	1	446729.24	23.108004	1.0665414	NA	NA	0.0	1.07642049	1.07642049	1	1	1:1	2	neutral	4111326
8	9620024	9629942	NA	9919	193	1.84814622	192	2	22.0	mappable	0.18131868	4.0	NA	0.044243333714	0.33333333333	0.09702202935	0.15064802	0.48398136	9619909	9620139	9629869	9629942	NA	missing	331607.92	17.793266	0.9556537	NA	NA	NA	NA	NA	NA	NA	NA	NA	NA	4111326
8	9629943	11859985	NA	2230044	46749	2.00201628	46609	2885	5970.0	mappable	0.085575	7.0	self	0.003104624069	0.00033057851	0.00421381313	0.09483779	0.09516836	9629943	9630016	11859985	11859985	0.14702556	1	355126.57	18.438181	1.0116517	NA	NA	0.0	1.001008141	1.00100814	1	1	1:1	2	neutral	4111326
8	12580042	43789991	NA	31209954	520284	2.00201628	518710	23182	64986.0	mappable	0.08215	7.0	NA	0.000326864671	4.039751e-05	0.00708146016	0.08033579	0.08037619	12580042	12580042	43789991	43789991	0.14545639	1	355126.57	18.438181	1.0116517	NA	NA	0.0	1.001008141	1.00100814	1	1	1:1	2	neutral	4111326
8	46880007	46894990	NA	14984	429	2.22774156	429	0	50.0	mappable	NA	NA	NA	NA	inf	0.07967797065	0.14418431	inf	46880007	46880007	46889920	46900060	NA	missing	381493.3	NA	1.0938	NA	NA	NA	NA	NA	NA	NA	NA	NA	NA	4111326
8	46894990	59644983	NA	12750000	176864	2.00201628	176465	6736	21554.0	mappable	0.07779167	7.0	NA	0.00287214653	0.00014015417	0.00210820462	0.08473142	0.08487158	46889920	46900060	59639897	59650069	0.15863675	1	355126.57	18.438181	1.0116517	NA	NA	0.0	1.001008141	1.00100814	1	1	1:1	2	neutral	4111326
8	59644983	62029838	NA	2384856	32794	1.01625128	32739	1040	3972.0	mappable	0.571925	6.0	identical	0.482888809143	0.00091324201	0.35762202935	0.09440432	0.09531756	59639897	59650069	62029405	62029838	0.95396978	2	231650.53	18.00257	0.6529018	17.93376	0.9892525	0.97850502	0.010922152	1.00532913	1	0	1:0	1	LOH	4111326
8	62029839	73050041	NA	11020206	147609	2.00201628	147185	6917	17975.0	mappable	0.08334167	7.0	NA	0.001337970566	0.00013622122	0.00054685304	0.08549329	0.08562951	62029839	62030272	73049986	73050096	0.13610416	1	355126.57	18.438181	1.0116517	NA	NA	0.0	1.001008141	1.00100814	1	1	1:1	2	neutral	4111326
8	73050041	73080035	NA	29995	314	1.78315111	314	0	46.0	mappable	NA	NA	NA	NA	inf	0.08212202935	0.13447698	inf	73049986	73050096	73079943	73080035	NA	missing	350070.12	NA	0.932	NA	NA	NA	NA	NA	NA	NA	NA	NA	NA	4111326
8	73080036	128783256	NA	55703229	758546	2.00201628	756141	34353	91111.0	mappable	0.08215	7.0	NA	0.000412210268	2.720496e-05	0.00014588881	0.07772648	0.07775368	73080036	73080128	128779931	128783256	0.13747126	1	355126.57	18.438181	1.0116517	NA	NA	0.0	1.001008141	1.00100814	1	1	1:1	2	neutral	4111326
8	128783257	129278296	CTX	495040	8157	1.00827778	8094	479	1031.0	mappable	0.50685	NA	identical	0.565088809143	0.00184501845	0.36412202935	0.10572397	0.10756899	128783257	128790022	129278286	129278296	0.96476013	2	220640.09	17.267485	0.65	17.15762	1.0006109	1.0	0.0	1.00827778	1	0	1:0	1	LOH	4111326
8	129278297	134790062	CTX	5511766	85801	2.00201628	85535	3923	10576.0	mappable	0.0838	7.0	NA	0.000555475809	0.00023872046	0.00142202935	0.0893093	0.08954803	129278297	129278311	134789979	134790062	0.15665734	1	355126.57	18.438181	1.0116517	NA	NA	0.0	1.001008141	1.00100814	1	1	1:1	2	neutral	4111326
8	134790063	134809986	NA	19924	339	2.17690767	339	0	47.0	mappable	NA	NA	NA	NA	inf	0.06117797065	0.14003426	inf	134790063	134790146	134809888	134810084	NA	missing	379374.54	NA	1.0753	NA	NA	NA	NA	NA	NA	NA	NA	NA	NA	4111326
8	134809986	146289988	NA	11480007	177177	2.00201628	176393	9118	22921.0	mappable	0.08215	7.0	edge	0.000425544135	0.0001009897	0.00717161931	0.08527832	0.08537931	134809888	134810084	146289988	146289988	0.1516375	1	355126.57	18.438181	1.0116517	NA	NA	0.0	1.001008141	1.00100814	1	1	1:1	2	neutral	4111326
9	200101	38769828	NA	38569734	645544	2.00201628	643649	31226	77048.0	mappable	0.08215	7.0	edge	0.001160882308	3.019233e-05	0.00497371614	0.07936204	0.07939223	200101	200101	38769828	38769828	0.15062827	1	355126.57	18.438181	1.0116517	NA	NA	0.0	1.001008141	1.00100814	1	1	1:1	2	neutral	4111326
9	66840048	66849972	NA	9925	540	2.00201628	498	0	38.0	mappable	NA	7.0	self	0.023628051322	0.02380952381	0.02987797065	0.15063813	0.17444765	66840048	66840048	66849972	66849972	NA	missing	355126.57	NA	1.0116517	NA	NA	NA	NA	NA	NA	NA	NA	NA	NA	4111326
9	68410004	68419976	NA	9973	1130	1.92411211	1053	0	310.0	mappable	NA	NA	NA	0.171756796808	0.01298701299	0.03082202935	0.15055919	0.16354621	68410004	68410004	68419976	68419976	NA	missing	2188488.0	NA	0.9833	NA	NA	NA	NA	NA	NA	NA	NA	NA	NA	4111326
9	71030093	115154978	NA	44124895	602444	2.00201628	600535	29165	74983.0	mappable	0.08215	7.0	self	0.000457095834	3.218124e-05	0.00534617068	0.07875538	0.07878756	71030093	71030093	115149919	115154978	0.14432659	1	355126.57	18.438181	1.0116517	NA	NA	0.0	1.001008141	1.00100814	1	1	1:1	2	neutral	4111326
9	115154979	115169996	NA	15018	168	2.40634711	168	18	21.0	mappable	0.25223889	NA	identical	0.170052698032	0.05555555556	0.14467797065	0.14415032	0.19970588	115154979	115160038	115169974	115169996	NA	missing	382746.0	21.028516	1.1588	NA	NA	NA	NA	NA	NA	NA	NA	NA	NA	4111326
9	115169997	141019791	NA	25849798	358541	2.00201628	357077	14897	48168.0	mappable	0.08215	7.0	edge	0.000814855059	6.112096e-05	0.00436268104	0.08122273	0.08128385	115169997	115170019	141019791	141019791	0.14487818	1	355126.57	18.438181	1.0116517	NA	NA	0.0	1.001008141	1.00100814	1	1	1:1	2	neutral	4111326
10	130013	8959975	NA	8829965	155121	2.00201628	154212	8259	20604.0	mappable	0.08215	7.0	edge	0.000256534746	0.00010908694	0.00776639149	0.08667773	0.08678682	130013	130013	8959925	8959975	0.17003763	1	355126.57	18.438181	1.0116517	NA	NA	0.0	1.001008141	1.00100814	1	1	1:1	2	neutral	4111326
10	8959976	8979999	NA	20024	325	1.81612444	325	0	44.0	mappable	NA	NA	NA	NA	inf	0.07012202935	0.13996347	inf	8959976	8960026	8979949	8980049	NA	missing	351435.25	NA	0.944	NA	NA	NA	NA	NA	NA	NA	NA	NA	NA	4111326
10	8979999	39149984	NA	30169990	430242	2.00201628	428642	21058	54456.0	mappable	0.08215	7.0	NA	4.5965827e-05	4.413452e-05	0.00578853866	0.08049388	0.08053801	8979949	8980049	39149984	39149984	0.1392474	1	355126.57	18.438181	1.0116517	NA	NA	0.0	1.001008141	1.00100814	1	1	1:1	2	neutral	4111326
10	42410000	46159967	NA	3749968	43627	2.00201628	43540	2321	5458.0	mappable	0.078725	7.0	self	0.003461190857	0.00041528239	0.00412202935	0.0915816	0.09199689	42410000	42410000	46159967	46159967	0.10230788	1	355126.57	18.438181	1.0116517	NA	NA	0.0	1.001008141	1.00100814	1	1	1:1	2	neutral	4111326
10	48310177	48629810	NA	319634	4965	2.00201628	4958	133	641.0	mappable	0.09564423	7.0	self	0.009013809143	0.00714285714	0.01412202935	0.10937292	0.11651578	48310177	48310177	48629574	48629810	0.12668083	1	355126.57	18.438181	1.0116517	NA	NA	0.0	1.001008141	1.00100814	1	1	1:1	2	neutral	4111326
10	48629811	48659961	NA	30151	592	1.84814622	564	0	88.0	mappable	NA	4.0	NA	0.008738822436	0.03571428571	0.05152202935	0.13440934	0.17012363	48629811	48630047	48659961	48659961	NA	missing	331607.92	NA	0.9556537	NA	NA	NA	NA	NA	NA	NA	NA	NA	NA	4111326
10	49390096	93809988	NA	44419898	610862	2.00201628	609073	29158	75044.0	mappable	0.08215	7.0	NA	9.639724e-06	3.231331e-05	0.00432321947	0.07872558	0.07875789	49390096	49390096	93809940	93810036	0.12706555	1	355126.57	18.438181	1.0116517	NA	NA	0.0	1.001008141	1.00100814	1	1	1:1	2	neutral	4111326
10	93809988	93820026	NA	10039	125	1.71995222	125	0	15.0	mappable	NA	NA	NA	NA	inf	0.10512202935	0.15045142	inf	93809940	93810036	93819984	93820026	NA	missing	327085.0	NA	0.909	NA	NA	NA	NA	NA	NA	NA	NA	NA	NA	4111326
10	93820027	98345875	NA	4525849	55359	2.00201628	55146	2690	7182.0	mappable	0.0838	7.0	NA	0.001622293536	0.00034447124	0.00100104549	0.0904578	0.09080227	93820027	93820069	98345823	98345875	0.16334551	1	355126.57	18.438181	1.0116517	NA	NA	0.0	1.001008141	1.00100814	1	1	1:1	2	neutral	4111326
10	98345876	98350941	DEL	5066	69	1.30009178	68	0	7.0	mappable	NA	NA	NA	0.148583039912	1.0	0.25792202935	0.16251401	1.16251401	98345876	98345880	98350939	98350941	NA	missing	268633.38	NA	0.7562	NA	NA	NA	NA	NA	NA	NA	NA	NA	NA	4111326
10	98350942	99065015	INV	714075	9503	0.63072157	9456	361	1237.0	mappable	0.585625	NA	NA	0.386894790702	0.00245098039	0.50152623854	0.10285042	0.1053014	98350942	98351005	99059992	99070038	0.69680016	2	174115.68	13.265956	0.5125958	17.16915	1.0848741	1.0	0.0	0.63072157	sub	0	sub:0	sub	sub	4111326
10	99065015	99125471	NA	60457	614	1.8308682	611	68	83.0	mappable	0.1570619	1.0	NA	0.074875713905	0.01408450704	0.06782202935	0.12591587	0.14000037	99059992	99070038	99125440	99125471	0.42527678	2	341611.54	18.726577	0.9493657	18.188	0.5686523	0.1373047	0.789740696	1.0411275	1	1	1:1	2	mixDH	4111326
10	99125472	114830017	INV	15704547	215217	2.00201628	214410	10182	27448.0	mappable	0.0810625	7.0	NA	6.1468353e-05	9.100009e-05	0.00624819643	0.08366563	0.08375663	99125472	99125537	114829992	114830042	0.15308069	1	355126.57	18.438181	1.0116517	NA	NA	0.0	1.001008141	1.00100814	1	1	1:1	2	neutral	4111326
10	114830017	114849957	NA	19941	399	1.69110056	399	0	53.0	mappable	NA	NA	NA	NA	inf	0.11562202935	0.14002219	inf	114829992	114830042	114849868	114849957	NA	missing	304681.57	NA	0.8985	NA	NA	NA	NA	NA	NA	NA	NA	NA	NA	4111326
10	114849958	135439925	NA	20589969	318902	2.00201628	317639	15304	41744.0	mappable	0.08215	7.0	edge	9.8052502e-05	6.03646e-05	0.00596829403	0.08231998	0.08238034	114849958	114850047	135439925	135439925	0.16242053	1	355126.57	18.438181	1.0116517	NA	NA	0.0	1.001008141	1.00100814	1	1	1:1	2	neutral	4111326
11	190010	14999938	NA	14809932	215636	2.98410916	214657	12026	27549.0	mappable	0.263675	3.0	edge	0.182747384242	7.690533e-05	0.35166131249	0.08396284	0.08403974	190010	190010	14999877	14999938	0.83313134	2	478885.44	30.187326	1.3690652	17.68045	0.664345	0.32868999	1.001631174	1.98247798	2	1	2:1	3	gain	4111326
11	14999939	15030103	NA	30165	277	3.20622522	277	0	34.0	mappable	NA	NA	NA	NA	inf	0.43577797065	0.13440329	inf	14999939	15000000	15029978	15030228	NA	missing	512467.32	NA	1.4499	NA	NA	NA	NA	NA	NA	NA	NA	NA	NA	4111326
11	15030103	48899996	NA	33869898	478949	2.98410916	477133	20832	58494.0	mappable	0.26754048	3.0	NA	0.185233895846	4.415401e-05	0.35036507826	0.07995682	0.08000098	15029978	15030228	48899996	48899996	0.83686406	2	478885.44	30.187326	1.3690652	17.68045	0.664345	0.32868999	1.001631174	1.98247798	2	1	2:1	3	gain	4111326
11	48899997	50170092	NA	1270096	0	0.0	0	0	NA	mappable	NA	NA	NA	NA	inf	1.01412202935	0.09863632	inf	48899997	48899997	50170092	50170092	NA	missing	NA	NA	0.0	NA	NA	0.0	0.0	0.0	0	0	NA	0	homozygousDel	4111326
11	50170093	51369973	NA	1199881	17654	2.98410916	17620	22	1980.0	mappable	0.23482368	3.0	NA	0.140180223284	0.01785714286	0.35187797065	0.09903706	0.11689421	50170093	50170093	51369973	51369973	NA	missing	478885.44	30.187326	1.3690652	NA	NA	NA	NA	NA	NA	NA	NA	NA	NA	4111326
11	54792817	64845019	NA	10052204	129383	2.98410916	128925	4504	16653.0	mappable	0.26111154	3.0	NA	0.180170694967	0.00020153164	0.35643626038	0.08598079	0.08618233	54792817	54792817	64839965	64845019	0.840725	2	478885.44	30.187326	1.3690652	17.68045	0.664345	0.32868999	1.001631174	1.98247798	2	1	2:1	3	gain	4111326
11	64845020	64899947	NA	54928	645	2.67178244	639	18	95.0	mappable	0.02809695	NA	NA	0.041842288418	0.04166666667	0.24127797065	0.1270224	0.16868907	64845020	64850074	64899852	64899947	NA	missing	422524.36	25.621827	1.2554	NA	NA	NA	NA	NA	NA	NA	NA	NA	NA	4111326
11	64899948	89349940	NA	24449994	325541	2.98410916	324464	13337	41964.0	mappable	0.25995566	3.0	NA	0.180119958079	6.937699e-05	0.35550899255	0.08148853	0.08155791	64899948	64900043	89349940	89349940	0.82339348	2	478885.44	30.187326	1.3690652	17.68045	0.664345	0.32868999	1.001631174	1.98247798	2	1	2:1	3	gain	4111326
11	89850037	114179969	NA	24329934	352408	2.98410916	351339	16412	42166.0	mappable	0.27256667	3.0	NA	0.190950721204	5.720497e-05	0.35749315532	0.08151212	0.08156932	89850037	89850037	114179937	114179969	0.86027943	2	478885.44	30.187326	1.3690652	17.68045	0.664345	0.32868999	1.001631174	1.98247798	2	1	2:1	3	gain	4111326
11	114179970	114189958	NA	9989	145	3.24799144	145	0	17.0	mappable	NA	NA	NA	NA	inf	0.45097797065	0.15053299	inf	114179970	114180002	114189891	114189958	NA	missing	493961.0	NA	1.4651	NA	NA	NA	NA	NA	NA	NA	NA	NA	NA	4111326
11	114189959	134939862	NA	20749905	311751	2.98410916	310587	15034	39898.0	mappable	0.26019394	3.0	edge	0.175614430013	6.173602e-05	0.35236888616	0.08228217	0.08234391	114189959	114190026	134939862	134939862	0.82776062	2	478885.44	30.187326	1.3690652	17.68045	0.664345	0.32868999	1.001631174	1.98247798	2	1	2:1	3	gain	4111326
12	160107	29519984	NA	29359882	406069	2.00201628	404351	19160	50542.0	mappable	0.078725	7.0	edge	0.003713928305	4.789731e-05	0.00336676411	0.08062129	0.08066919	160107	160107	29519951	29520017	0.16097244	1	355126.57	18.438181	1.0116517	NA	NA	0.0	1.001008141	1.00100814	1	1	1:1	2	neutral	4111326
12	29519984	29545009	NA	25026	276	1.76638967	276	0	39.0	mappable	NA	NA	NA	NA	inf	0.08822202935	0.13688186	inf	29519951	29520017	29539932	29545009	NA	missing	368936.59	NA	0.9259	NA	NA	NA	NA	NA	NA	NA	NA	NA	NA	4111326
12	29545010	34819969	NA	5274960	71996	2.00201628	71791	2905	8990.0	mappable	0.081175	7.0	NA	3.6190857e-05	0.00032154341	0.00212202935	0.08956268	0.08988423	29545010	29550087	34819969	34819969	0.14179758	1	355126.57	18.438181	1.0116517	NA	NA	0.0	1.001008141	1.00100814	1	1	1:1	2	neutral	4111326
12	38000003	38936031	NA	936029	19129	2.00201628	19114	11	2209.0	mappable	0.23875833	7.0	self	0.017419524191	0.03846153846	0.01542202935	0.1008258	0.13928733	38000003	38000003	38935922	38936031	NA	missing	355126.57	18.438181	1.0116517	NA	NA	NA	NA	NA	NA	NA	NA	NA	NA	4111326
12	38936032	49419526	CTX	10483496	143254	2.98410916	142819	6415	17432.0	mappable	0.26025	3.0	NA	0.178606309143	0.0001459854	0.37390728711	0.08575735	0.08590333	38936032	38936062	49419522	49419526	0.84367317	2	478885.44	30.187326	1.3690652	17.68045	0.664345	0.32868999	1.001631174	1.98247798	2	1	2:1	3	gain	4111326
12	49419527	49420800	DEL	1274	16	2.83912211	16	0	5.0	mappable	NA	NA	NA	NA	inf	0.30217797065	0.19388958	inf	49419527	49419657	49420629	49420800	NA	missing	430477.67	NA	1.3163	NA	NA	NA	NA	NA	NA	NA	NA	NA	NA	4111326
12	49420801	133819926	DEL	84399129	1140382	2.98410916	1136152	52640	143946.0	mappable	0.263675	3.0	edge	0.184473914919	1.758427e-05	0.35473645974	0.07595689	0.07597448	49420801	49420924	133819926	133819926	0.83967857	2	478885.44	30.187326	1.3690652	17.68045	0.664345	0.32868999	1.001631174	1.98247798	2	1	2:1	3	gain	4111326
13	19450038	24719985	NA	5269949	68447	2.00201628	68209	3898	8649.0	mappable	0.081	7.0	edge	0.000510655379	0.0002417795	0.01147499149	0.08956818	0.08980996	19450038	19450038	24719928	24719985	0.16050824	1	355126.57	18.438181	1.0116517	NA	NA	0.0	1.001008141	1.00100814	1	1	1:1	2	neutral	4111326
13	24719986	24730023	NA	10038	161	2.21565133	161	0	19.0	mappable	NA	NA	NA	NA	inf	0.07527797065	0.15045304	inf	24719986	24720043	24729954	24730092	NA	missing	354443.0	NA	1.0894	NA	NA	NA	NA	NA	NA	NA	NA	NA	NA	4111326
13	24730023	30698073	NA	5968051	86236	2.00201628	85878	4928	10951.0	mappable	0.07799412	7.0	NA	0.003461190857	0.00018917896	0.00582202935	0.08885402	0.0890432	24729954	24730092	30698059	30698073	0.13954405	1	355126.57	18.438181	1.0116517	NA	NA	0.0	1.001008141	1.00100814	1	1	1:1	2	neutral	4111326
13	30698074	30789775	CTX	91702	1312	0.99041722	1310	55	144.0	mappable	0.66642273	NA	identical	0.584781990961	0.01754385965	0.37062202935	0.12132488	0.13886874	30698074	30698194	30779994	30789775	0.95073127	2	225702.22	17.153369	0.6435	17.72855	0.9641788	0.92835765	0.035477911	0.95493931	1	0	1:0	1	LOH	4111326
13	30789776	30802632	CTX	12857	222	2.00201628	222	6	27.0	mappable	0.10848911	7.0	self	0.026302923975	0.16666666667	0.04682202935	0.14651729	0.31318395	30789776	30790008	30802545	30802632	NA	missing	355126.57	18.438181	1.0116517	NA	NA	NA	NA	NA	NA	NA	NA	NA	NA	4111326
13	30802633	31405811	DEL	603179	8598	1.01625128	8572	321	1210.0	mappable	0.619875	6.0	identical	0.472613809143	0.00288184438	0.35522202935	0.10415459	0.10703643	30802633	30802739	31405751	31405811	0.9418796	2	231650.53	18.00257	0.6529018	17.93376	0.9892525	0.97850502	0.010922152	1.00532913	1	0	1:0	1	LOH	4111326
13	31405812	38216510	DEL	6810700	98548	2.00201628	98288	4708	11882.0	mappable	0.07576786	7.0	self	0.006665576065	0.00020128824	0.00436963867	0.08810817	0.08830945	31405812	31405929	38216423	38216510	0.1587421	1	355126.57	18.438181	1.0116517	NA	NA	0.0	1.001008141	1.00100814	1	1	1:1	2	neutral	4111326
13	38216511	58439956	CTX	20223446	265294	1.01625128	264539	11058	32760.0	mappable	0.57535	6.0	NA	0.493163809143	8.46525e-05	0.36022202935	0.08240787	0.08249253	38216511	38216529	58439887	58440025	0.9388562	2	231650.53	18.00257	0.6529018	17.93376	0.9892525	0.97850502	0.010922152	1.00532913	1	0	1:0	1	LOH	4111326
13	58439956	58450054	NA	10099	187	0.77169411	187	0	31.0	mappable	NA	NA	NA	NA	inf	0.45022202935	0.15035418	inf	58439887	58440025	58449939	58450054	NA	missing	218235.6	NA	0.5639	NA	NA	NA	NA	NA	NA	NA	NA	NA	NA	4111326
13	58450055	93819946	NA	35369898	511768	1.01625128	510158	26065	59181.0	mappable	0.565075	6.0	NA	0.484205444207	3.613761e-05	0.36056875404	0.07975748	0.07979362	58450055	58450170	93819872	93820020	0.95278884	2	231650.53	18.00257	0.6529018	17.93376	0.9892525	0.97850502	0.010922152	1.00532913	1	0	1:0	1	LOH	4111326
13	93819946	93829940	NA	9995	161	0.81538378	161	0	16.0	mappable	NA	NA	NA	NA	inf	0.43432202935	0.15052317	inf	93819872	93820020	93829866	93829940	NA	missing	221536.2	NA	0.5798	NA	NA	NA	NA	NA	NA	NA	NA	NA	NA	4111326
13	93829941	115099984	NA	21270051	326770	1.01625128	325366	15890	41705.0	mappable	0.565075	6.0	edge	0.477500377519	5.782352e-05	0.36321116727	0.08216144	0.08221926	93829941	93830015	115099984	115099984	0.94162538	2	231650.53	18.00257	0.6529018	17.93376	0.9892525	0.97850502	0.010922152	1.00532913	1	0	1:0	1	LOH	4111326
14	20330060	22330028	NA	1999969	28318	2.00201628	28171	1488	3571.0	mappable	0.07611944	7.0	edge	0.003461190857	0.0006116208	0.00367797065	0.09554956	0.09616118	20330060	20330060	22329961	22330095	0.18870639	1	355126.57	18.438181	1.0116517	NA	NA	0.0	1.001008141	1.00100814	1	1	1:1	2	neutral	4111326
14	22330028	22999973	NA	669946	11560	2.373099	11497	753	1109.0	mappable	0.08566071	NA	NA	0.002713809143	0.0012254902	0.13257797065	0.10333949	0.10456498	22329961	22330095	22999943	23000003	0.21550829	1	326766.52	17.299404	1.1467	NA	NA	0.0	1.1865495	1.1865495	1	1	1:1	2	neutral	4111326
14	22999973	23040016	NA	40044	747	1.84814622	736	50	79.0	mappable	0.06182685	4.0	NA	0.027121905143	0.01639344262	0.05452202935	0.13081045	0.14720389	22999943	23000003	23039924	23040108	0.31233409	1	331607.92	17.793266	0.9556537	NA	NA	0.0	0.924073111	0.92407311	1	1	1:1	2	neutral	4111326
14	23040016	106211021	NA	83171012	1166814	2.00201628	1163082	49451	145945.0	mappable	0.08215	7.0	self	0.001516652803	1.880335e-05	0.00039150846	0.07601794	0.07603675	23039924	23040108	106009942	106211021	0.14115214	1	355126.57	18.438181	1.0116517	NA	NA	0.0	1.001008141	1.00100814	1	1	1:1	2	neutral	4111326
14	106211022	106326507	DEL	115486	1091	0.20290411	1079	101	167.0	mappable	0.16435	NA	NA	0.071961190857	0.00884955752	0.65722202935	0.11892474	0.1277743	106211022	106250082	106326507	106326507	0.13576953	1	112703.5	5.635175	0.3569	NA	NA	0.0	0.101452056	0.10145206	0	0	0:0	0	LOH	4111326
14	106326508	106329006	DEL	2499	592	0.81703244	590	0	94.0	mappable	NA	NA	NA	0.064552939578	0.5	0.43372202935	0.17719288	0.67719288	106326508	106326515	106329006	106329006	NA	missing	172225.71	NA	0.5804	NA	NA	NA	NA	NA	NA	NA	NA	NA	NA	4111326
14	106329007	106329128	CTX	122	42	0.81703244	42	0	4.0	mappable	NA	NA	NA	NA	inf	0.43372202935	0.28856959	inf	106329007	106329008	106329127	106329128	NA	missing	172225.71	NA	0.5804	NA	NA	NA	NA	NA	NA	NA	NA	NA	NA	4111326
14	106329129	106330465	CTX	1337	278	0.62853489	278	4	44.0	mappable	0.59151667	NA	NA	0.509330475809	0.25	0.50232202935	0.19258947	0.44258947	106329129	106329129	106330460	106330465	NA	missing	155801.38	12.514369	0.5118	NA	NA	NA	NA	NA	NA	NA	NA	NA	NA	4111326
14	106330466	106360366	CTX	29901	350	0.01770389	344	9	45.0	mappable	0.4178	NA	NA	0.332188809143	0.06666666667	0.72462202935	0.13451793	0.2011846	106330466	106330467	106349982	106360366	NA	missing	99228.69	6.946009	0.2895	NA	NA	NA	NA	NA	NA	NA	NA	NA	NA	4111326
14	106360367	106995026	CTX	634660	5696	0.77558606	5525	314	618.0	mappable	0.5822	NA	NA	0.442084221514	0.00206185567	0.44880561432	0.10375799	0.10581984	106360367	106400108	106989996	106995026	0.91761576	2	208560.44	16.307953	0.5653164	18.64774	1.0646554	1.0	0.0	0.77558606	1	0	1:0	1	LOH	4111326
14	106995027	107259908	NA	264882	4370	2.00201628	4105	304	545.0	mappable	0.05958947	7.0	edge	0.013736190857	0.00175746924	0.00507797065	0.11101866	0.11277612	106995027	107000057	107259908	107259908	0.28990671	1	355126.57	18.438181	1.0116517	NA	NA	0.0	1.001008141	1.00100814	1	1	1:1	2	neutral	4111326
15	20850000	20859924	NA	9925	165	2.08952833	139	0	27.0	mappable	NA	NA	edge	0.237434123649	0.03846153846	0.02937797065	0.15063813	0.18909966	20850000	20850000	20859924	20859924	NA	missing	1144782.0	NA	1.0435	NA	NA	NA	NA	NA	NA	NA	NA	NA	NA	4111326
15	22480079	23069956	NA	589878	4053	2.00201628	4019	177	577.0	mappable	0.089025	7.0	self	0.009594906704	0.00473933649	0.00822202935	0.10432937	0.10906871	22480079	22480079	23069956	23069956	0.13217058	1	355126.57	18.438181	1.0116517	NA	NA	0.0	1.001008141	1.00100814	1	1	1:1	2	neutral	4111326
15	23710146	24329926	NA	619781	10357	2.00201628	10308	593	1272.0	mappable	0.0754	7.0	NA	0.009586190857	0.0015576324	0.02922202935	0.10394255	0.10550018	23710146	23710146	24329926	24329926	0.17993596	1	355126.57	18.438181	1.0116517	NA	NA	0.0	1.001008141	1.00100814	1	1	1:1	2	neutral	4111326
15	24329927	24830091	NA	500165	0	0.0	0	0	NA	mappable	NA	NA	NA	NA	inf	1.01412202935	0.10564099	inf	24329927	24329927	24830091	24830091	NA	missing	NA	NA	0.0	NA	NA	0.0	0.0	0.0	0	0	NA	0	homozygousDel	4111326
15	24830092	28529988	NA	3699897	57368	2.00201628	57108	3025	7144.0	mappable	0.0811913	7.0	NA	0.000154718234	0.000304414	0.02222202935	0.091663	0.09196742	24830092	24830092	28529988	28529988	0.1748755	1	355126.57	18.438181	1.0116517	NA	NA	0.0	1.001008141	1.00100814	1	1	1:1	2	neutral	4111326
15	29100034	30369914	NA	1269881	18282	2.00201628	18248	718	2342.0	mappable	0.08545	7.0	self	0.004413809143	0.00132978723	0.01582202935	0.09863751	0.0999673	29100034	29100034	30369914	30369914	0.14715799	1	355126.57	18.438181	1.0116517	NA	NA	0.0	1.001008141	1.00100814	1	1	1:1	2	neutral	4111326
15	31160110	82479795	NA	51319690	690031	2.00201628	687685	30786	87930.0	mappable	0.08215	7.0	self	0.000983940965	3.01823e-05	0.00068270058	0.07808532	0.0781155	31160110	31160110	82479795	82479795	0.14726887	1	355126.57	18.438181	1.0116517	NA	NA	0.0	1.001008141	1.00100814	1	1	1:1	2	neutral	4111326
15	83211507	102399920	NA	19188414	295875	2.00201628	294904	13206	37794.0	mappable	0.08215	7.0	edge	6.1120301e-05	7.053678e-05	0.00795271764	0.08266604	0.08273658	83211507	83211507	102399920	102399920	0.14170546	1	355126.57	18.438181	1.0116517	NA	NA	0.0	1.001008141	1.00100814	1	1	1:1	2	neutral	4111326
16	100010	16289940	NA	16189936	298173	2.00201628	296973	14591	39561.0	mappable	0.08215	7.0	edge	0.003440097046	6.333122e-05	0.00335514905	0.08351221	0.08357554	100010	100010	16289940	16289940	0.15694864	1	355126.57	18.438181	1.0116517	NA	NA	0.0	1.001008141	1.00100814	1	1	1:1	2	neutral	4111326
16	16870104	18169896	NA	1299793	20438	2.00201628	20322	1350	2548.0	mappable	0.07935	7.0	self	0.007036190857	0.00068212824	0.00122202935	0.09847438	0.09915651	16870104	16870104	18169896	18169896	0.15558348	1	355126.57	18.438181	1.0116517	NA	NA	0.0	1.001008141	1.00100814	1	1	1:1	2	neutral	4111326
16	18800044	29039945	NA	10239902	125169	2.00201628	124619	6067	16702.0	mappable	0.08215	7.0	self	6.525977e-06	0.00015112589	0.00274622464	0.08588225	0.08603338	18800044	18800044	29039945	29039945	0.16821378	1	355126.57	18.438181	1.0116517	NA	NA	0.0	1.001008141	1.00100814	1	1	1:1	2	neutral	4111326
16	29670028	31959970	NA	2289943	17553	2.00201628	17502	526	2604.0	mappable	0.08194167	7.0	self	0.002541586921	0.00173310225	0.02432202935	0.09466613	0.09639923	29670028	29670028	31959970	31959970	0.19386514	1	355126.57	18.438181	1.0116517	NA	NA	0.0	1.001008141	1.00100814	1	1	1:1	2	neutral	4111326
16	32520030	32649899	NA	129870	3039	2.00201628	2883	0	364.0	mappable	NA	7.0	self	0.027580258654	0.00641025641	0.00447797065	0.11773911	0.12414937	32520030	32520030	32649899	32649899	NA	missing	355126.57	NA	1.0116517	NA	NA	NA	NA	NA	NA	NA	NA	NA	NA	4111326
16	33590105	35210002	NA	1619898	13925	2.00201628	13912	35	1777.0	mappable	0.06252845	7.0	NA	0.004011190857	0.02083333333	0.02482202935	0.09695808	0.11779141	33590105	33590105	35209995	35210002	0.47876627	2	355126.57	18.438181	1.0116517	17.74345	0.5266595	0.05331905	0.947635342	1.05438094	1	1	1:1	2	mixDH	4111326
16	35210003	35220044	NA	10042	337	2.23433622	337	0	37.0	mappable	NA	NA	NA	NA	inf	0.08207797065	0.15044654	inf	35210003	35210010	35219996	35220092	NA	missing	405958.6	NA	1.0962	NA	NA	NA	NA	NA	NA	NA	NA	NA	NA	4111326
16	35220044	35279959	NA	59916	1165	1.8308682	1164	0	141.0	mappable	NA	1.0	NA	0.079104131723	1.0	0.07122202935	0.12601875	1.12601875	35219996	35220092	35279959	35279959	NA	missing	341611.54	NA	0.9493657	NA	NA	NA	NA	NA	NA	NA	NA	NA	NA	4111326
16	46450014	50144794	NA	3694781	44778	2.00201628	44605	2235	5825.0	mappable	0.08215	7.0	self	3.6190857e-05	0.00041528239	0.00097797065	0.09167139	0.09208667	46450014	46450014	50139894	50144794	0.10298712	1	355126.57	18.438181	1.0116517	NA	NA	0.0	1.001008141	1.00100814	1	1	1:1	2	neutral	4111326
16	50144795	50179969	CTX	35175	448	1.00470567	442	16	68.0	mappable	0.57607045	NA	NA	0.139188809143	0.04545454545	0.36542202935	0.13243049	0.17788503	50144795	50150005	50179888	50180050	NA	missing	218686.55	16.461046	0.6487	NA	NA	NA	NA	NA	NA	NA	NA	NA	NA	4111326
16	50179969	50859464	NA	679497	9425	1.01625128	9401	291	1358.0	mappable	0.569175	6.0	NA	0.486446745651	0.00317460317	0.36901458107	0.10323056	0.10640516	50179888	50180050	50859423	50859464	0.96362412	2	231650.53	18.00257	0.6529018	17.93376	0.9892525	0.97850502	0.010922152	1.00532913	1	0	1:0	1	LOH	4111326
16	50859465	50859705	CTX	241	4	0.98437211	4	0	0.0	mappable	NA	NA	NA	NA	inf	0.37282202935	0.25275218	inf	50859465	50859479	50859679	50859705	NA	missing	216954.4	NA	0.6413	NA	NA	NA	NA	NA	NA	NA	NA	NA	NA	4111326
16	50859706	50859755	CTX	50	1	0.98437211	1	0	0.0	mappable	NA	NA	NA	NA	inf	0.37282202935	0.35436764	inf	50859706	50859722	50859722	50859755	NA	missing	216954.4	NA	0.6413	NA	NA	NA	NA	NA	NA	NA	NA	NA	NA	4111326
16	50859756	51380028	INV	520273	8469	2.00201628	8443	303	1156.0	mappable	0.08782672	7.0	NA	0.008647142476	0.00303951368	0.01612202935	0.10532464	0.10836415	50859756	50859874	51379991	51380065	0.15863314	1	355126.57	18.438181	1.0116517	NA	NA	0.0	1.001008141	1.00100814	1	1	1:1	2	neutral	4111326
16	51380028	51400010	NA	19983	335	2.12250167	335	0	41.0	mappable	NA	NA	NA	NA	inf	0.04137797065	0.13999244	inf	51379991	51380065	51399996	51400024	NA	missing	348347.0	NA	1.0555	NA	NA	NA	NA	NA	NA	NA	NA	NA	NA	4111326
16	51400010	56429954	NA	5029945	75500	2.00201628	75292	3515	9686.0	mappable	0.081	7.0	NA	0.002452857524	0.00026860059	0.01292202935	0.08983874	0.09010734	51399996	51400024	56419987	56429954	0.12147973	1	355126.57	18.438181	1.0116517	NA	NA	0.0	1.001008141	1.00100814	1	1	1:1	2	neutral	4111326
16	56429955	56589981	DEL	160027	2140	1.01625128	2134	90	269.0	mappable	0.59444286	6.0	identical	0.530378094857	0.01041666667	0.36022202935	0.11568748	0.12610414	56429955	56430119	56589962	56590000	0.92952095	2	231650.53	18.00257	0.6529018	17.93376	0.9892525	0.97850502	0.010922152	1.00532913	1	0	1:0	1	LOH	4111326
16	56589981	56839965	NA	249985	3283	2.00201628	3268	220	426.0	mappable	0.06457414	7.0	self	0.016715602622	0.00425531915	0.00342202935	0.11153568	0.115791	56589962	56590000	56839820	56839965	0.15428287	1	355126.57	18.438181	1.0116517	NA	NA	0.0	1.001008141	1.00100814	1	1	1:1	2	neutral	4111326
16	56839966	58599233	INV	1759268	26312	1.01625128	26220	1441	3610.0	mappable	0.599325	6.0	NA	0.513713809143	0.00065274151	0.36012202935	0.0964016	0.09705434	56839966	56840027	58599215	58599233	0.97078098	2	231650.53	18.00257	0.6529018	17.93376	0.9892525	0.97850502	0.010922152	1.00532913	1	0	1:0	1	LOH	4111326
16	58599234	58600729	INV	1496	23	1.14566667	21	0	3.0	mappable	NA	NA	NA	0.039209962989	0.5	0.31412202935	0.18962928	0.68962928	58599234	58599270	58600593	58600729	NA	missing	251877.35	NA	0.7	NA	NA	NA	NA	NA	NA	NA	NA	NA	NA	4111326
16	58600730	60175246	INV	1574517	20954	1.01625128	20845	1316	2516.0	mappable	0.558225	6.0	NA	0.469188809143	0.00070175439	0.36102202935	0.09715115	0.0978529	58600730	58600743	60175223	60175246	0.96830817	2	231650.53	18.00257	0.6529018	17.93376	0.9892525	0.97850502	0.010922152	1.00532913	1	0	1:0	1	LOH	4111326
16	60175247	69401851	DEL	9226605	120128	2.00201628	119688	5741	14697.0	mappable	0.085575	7.0	self	3.6190857e-05	0.00016178612	0.00492202935	0.08644025	0.08660204	60175247	60175248	69401770	69401851	0.13306449	1	355126.57	18.438181	1.0116517	NA	NA	0.0	1.001008141	1.00100814	1	1	1:1	2	neutral	4111326
16	69401852	69575892	DEL	174041	1961	1.06570633	1957	89	289.0	mappable	0.48859783	NA	NA	0.399996417838	0.01075268817	0.34322202935	0.11488266	0.12563535	69401852	69401891	69575854	69575892	0.95728243	2	230132.59	17.643498	0.6709	17.33829	0.9612863	0.92257266	0.041257404	1.02444893	1	0	1:0	1	LOH	4111326
16	69575893	69584938	DEL	9046	52	1.322074	52	0	10.0	mappable	NA	NA	NA	NA	inf	0.24992202935	0.15217151	inf	69575893	69575992	69579851	69590025	NA	missing	278010.0	NA	0.7642	NA	NA	NA	NA	NA	NA	NA	NA	NA	NA	4111326
16	69584938	85724490	NA	16139558	309735	2.00201628	308813	14790	39509.0	mappable	0.08215	7.0	NA	0.001070196389	6.364562e-05	0.00403222355	0.08352789	0.08359154	69579851	69590025	85724465	85724490	0.15496291	1	355126.57	18.438181	1.0116517	NA	NA	0.0	1.001008141	1.00100814	1	1	1:1	2	neutral	4111326
16	85724491	85941712	CTX	217222	4204	1.01625128	4177	283	572.0	mappable	0.585625	6.0	identical	0.506863809143	0.00322580645	0.36012202935	0.11281073	0.11603653	85724491	85724525	85941558	85941712	0.94860755	2	231650.53	18.00257	0.6529018	17.93376	0.9892525	0.97850502	0.010922152	1.00532913	1	0	1:0	1	LOH	4111326
16	85941713	90109969	CTX	4168259	75414	2.00201628	75053	3809	10696.0	mappable	0.08215	7.0	edge	0.004258131685	0.00023980815	0.0056722256	0.09094624	0.09118605	85941713	85941751	90109969	90109969	0.15418572	1	355126.57	18.438181	1.0116517	NA	NA	0.0	1.001008141	1.00100814	1	1	1:1	2	neutral	4111326
17	20080	7223772	NA	7203693	85452	2.00201628	85008	3842	11998.0	mappable	0.08215	7.0	edge	0.003388809143	0.00023331778	0.00712202935	0.08779514	0.08802845	20080	20080	7223671	7223772	0.19022289	1	355126.57	18.438181	1.0116517	NA	NA	0.0	1.001008141	1.00100814	1	1	1:1	2	neutral	4111326
17	7223773	7715300	DEL	491528	4909	1.01625128	4879	299	724.0	mappable	0.6096	6.0	identical	0.534263809143	0.00303951368	0.36562202935	0.10578141	0.10882092	7223773	7223773	7715256	7715300	0.90615246	2	231650.53	18.00257	0.6529018	17.93376	0.9892525	0.97850502	0.010922152	1.00532913	1	0	1:0	1	LOH	4111326
17	7715301	18239982	DEL	10524684	142222	2.00201628	141743	6219	18557.0	mappable	0.078725	7.0	self	0.00267937392	0.0001492983	0.00926213285	0.08573655	0.08588585	7715301	7715302	18239982	18239982	0.15736476	1	355126.57	18.438181	1.0116517	NA	NA	0.0	1.001008141	1.00100814	1	1	1:1	2	neutral	4111326
17	18750212	22239986	NA	3489775	25838	2.00201628	25197	1004	3687.0	mappable	0.08005	7.0	self	0.001155475809	0.00060790274	0.00487797065	0.09201874	0.09262665	18750212	18750212	22239986	22239986	0.16323613	1	355126.57	18.438181	1.0116517	NA	NA	0.0	1.001008141	1.00100814	1	1	1:1	2	neutral	4111326
17	25390040	44279982	NA	18889947	211071	2.00201628	210296	9895	28795.0	mappable	0.08215	7.0	self	0.000199599575	9.372071e-05	0.00483897057	0.08274339	0.08283711	25390040	25390040	44279982	44279982	0.16224777	1	355126.57	18.438181	1.0116517	NA	NA	0.0	1.001008141	1.00100814	1	1	1:1	2	neutral	4111326
17	44790026	81109940	NA	36319919	476047	2.00201628	474110	20647	63594.0	mappable	0.08215	7.0	edge	0.002516859914	4.427914e-05	0.0034183858	0.07963604	0.07968032	44790026	44790026	81109940	81109940	0.16939706	1	355126.57	18.438181	1.0116517	NA	NA	0.0	1.001008141	1.00100814	1	1	1:1	2	neutral	4111326
18	130031	14119956	NA	13989927	212670	2.00201628	212001	10519	26631.0	mappable	0.08215	7.0	edge	0.000499728581	8.938947e-05	0.00214426568	0.0842535	0.08434289	130031	130031	14119956	14119956	0.15238864	1	355126.57	18.438181	1.0116517	NA	NA	0.0	1.001008141	1.00100814	1	1	1:1	2	neutral	4111326
18	14119957	14910026	NA	790070	0	0.0	0	0	NA	mappable	NA	NA	NA	NA	inf	1.01412202935	0.10208446	inf	14119957	14119957	14910026	14910026	NA	missing	NA	NA	0.0	NA	NA	0.0	0.0	0.0	0	0	NA	0	homozygousDel	4111326
18	14910027	14929888	NA	19862	364	1.84814622	364	1	42.0	mappable	0.09677419	4.0	NA	0.014588002691	1.0	0.05742202935	0.14007836	1.14007836	14910027	14910027	14929888	14929888	NA	missing	331607.92	17.793266	0.9556537	NA	NA	NA	NA	NA	NA	NA	NA	NA	NA	4111326
18	18540053	60757873	NA	42217830	598450	2.00201628	596650	26816	73346.0	mappable	0.08215	7.0	NA	0.001589433338	3.494549e-05	0.00229409886	0.07895355	0.0789885	18540053	18540053	60757831	60757873	0.15205982	1	355126.57	18.438181	1.0116517	NA	NA	0.0	1.001008141	1.00100814	1	1	1:1	2	neutral	4111326
18	60757874	60757874	CTX	1	0	0.0	0	0	NA	mappable	NA	NA	NA	NA	inf	1.01412202935	inf	inf	60757874	60757874	60757874	60757874	NA	missing	NA	NA	0.0	NA	NA	0.0	0.0	0.0	0	0	NA	0	homozygousDel	4111326
18	60757875	60988405	CTX	230531	3490	2.00201628	3481	166	428.0	mappable	0.06255714	7.0	NA	0.017632619429	0.00571428571	0.01307797065	0.11226746	0.11798174	60757875	60757905	60988297	60988405	0.1063657	1	355126.57	18.438181	1.0116517	NA	NA	0.0	1.001008141	1.00100814	1	1	1:1	2	neutral	4111326
18	60988406	60988418	CTX	13	0	0.0	0	0	NA	mappable	NA	NA	NA	NA	inf	1.01412202935	0.54047631	inf	60988406	60988406	60988418	60988418	NA	missing	NA	NA	0.0	NA	NA	0.0	0.0	0.0	0	0	NA	0	homozygousDel	4111326
18	60988419	61540008	CTX	551590	7806	2.00201628	7791	74	1017.0	mappable	0.09001818	7.0	NA	0.00160926778	0.01123595506	0.00122202935	0.10485897	0.11609493	60988419	60988563	61539984	61540008	0.24282224	1	355126.57	18.438181	1.0116517	NA	NA	0.0	1.001008141	1.00100814	1	1	1:1	2	neutral	4111326
18	61540009	61560010	NA	20002	317	2.25302111	317	0	43.0	mappable	NA	NA	NA	NA	inf	0.08887797065	0.13997901	inf	61540009	61540033	61559958	61560010	NA	missing	381932.65	NA	1.103	NA	NA	NA	NA	NA	NA	NA	NA	NA	NA	4111326
18	61560011	73849999	NA	12289990	195822	2.00201628	195222	9518	23262.0	mappable	0.078725	7.0	NA	0.003892526073	9.883376e-05	0.0017085998	0.08492215	0.08502099	61560011	61560063	73849987	73849999	0.15402369	1	355126.57	18.438181	1.0116517	NA	NA	0.0	1.001008141	1.00100814	1	1	1:1	2	neutral	4111326
18	73850000	73859946	NA	9947	209	2.22416944	209	0	15.0	mappable	NA	NA	NA	NA	inf	0.07837797065	0.15060189	inf	73850000	73850012	73859875	73859946	NA	missing	369651.1	NA	1.0925	NA	NA	NA	NA	NA	NA	NA	NA	NA	NA	4111326
18	73859947	78009968	NA	4150026	72825	2.00201628	72279	4277	9733.0	mappable	0.08215	7.0	edge	0.001939826326	0.00020733983	0.00783475712	0.0909724	0.09117974	73859947	73860018	78009968	78009968	0.16300337	1	355126.57	18.438181	1.0116517	NA	NA	0.0	1.001008141	1.00100814	1	1	1:1	2	neutral	4111326
19	260137	10329617	NA	10069482	118579	1.96907125	117876	5987	17528.0	mappable	0.73879286	NA	edge	0.659246287499	0.00014949918	0.01445998969	0.08597164	0.08612114	260137	260137	10319988	10329617	0.96721096	2	307475.66	26.355057	0.999662	15.54689	0.9982133	0.99642662	0.003518115	1.96555314	2	0	2:0	2	cnLOH	4111326
19	10329618	10338644	DEL	9027	137	0.38618089	132	0	30.0	mappable	NA	NA	NA	0.081518333714	0.2	0.59052202935	0.15220664	0.35220664	10329618	10330012	10338632	10338644	NA	missing	130031.4	NA	0.4236	NA	NA	NA	NA	NA	NA	NA	NA	NA	NA	4111326
19	10338645	14700005	DEL	4361364	39081	1.96692469	38936	1157	5849.0	mappable	0.72615379	NA	NA	0.643646638168	0.00076804916	0.01524123305	0.09067684	0.09144489	10338645	10338676	14689975	14700005	0.94917607	2	317287.1	27.085484	0.9988808	16.05553	0.9935051	0.98701029	0.012774886	1.9541498	2	0	2:0	2	cnLOH	4111326
19	14700006	24569972	NA	9869967	99052	2.00201628	98261	5459	13389.0	mappable	0.089	7.0	self	0.006813809143	0.00016	0.00592202935	0.08607847	0.08623847	14700006	14710036	24569972	24569972	0.56029319	2	355126.57	18.438181	1.0116517	17.74345	0.5266595	0.05331905	0.947635342	1.05438094	1	1	1:1	2	mixDH	4111326
19	27750002	43209995	NA	15459996	197801	2.00201628	196882	8641	26623.0	mappable	0.08215	7.0	NA	0.000446726038	0.00010460251	0.01287196944	0.08374495	0.08384955	27750002	27750002	43209995	43209995	0.16760736	1	355126.57	18.438181	1.0116517	NA	NA	0.0	1.001008141	1.00100814	1	1	1:1	2	neutral	4111326
19	43209996	43800005	NA	590010	0	0.0	0	0	NA	mappable	NA	NA	NA	NA	inf	1.01412202935	0.10432761	inf	43209996	43209996	43800005	43800005	NA	missing	NA	NA	0.0	NA	NA	0.0	0.0	0.0	0	0	NA	0	homozygousDel	4111326
19	43800006	54691204	NA	10891202	115560	2.00201628	115054	4944	16320.0	mappable	0.08215	7.0	NA	0.000741496202	0.00018348624	0.01526180955	0.08555542	0.08573891	43800006	43800006	54691189	54691204	0.19105433	1	355126.57	18.438181	1.0116517	NA	NA	0.0	1.001008141	1.00100814	1	1	1:1	2	neutral	4111326
19	54691205	54704063	DEL	12859	260	1.16187856	259	3	38.0	mappable	0.78334419	NA	NA	0.701699920254	0.25	0.30822202935	0.14651488	0.39651488	54691205	54691205	54703938	54704063	NA	missing	232648.04	20.356703	0.7059	NA	NA	NA	NA	NA	NA	NA	NA	NA	NA	4111326
19	54704064	54719978	DEL	15915	155	1.67763644	155	1	16.0	mappable	0.11764706	NA	NA	0.035460867966	1.0	0.12052202935	0.14328598	1.14328598	54704064	54704205	54709944	54730012	NA	missing	300942.9	16.817397	0.8936	NA	NA	NA	NA	NA	NA	NA	NA	NA	NA	4111326
19	54719978	59089999	NA	4370022	46756	2.00201628	46543	2414	6410.0	mappable	0.085575	7.0	edge	0.003388809143	0.00038066235	0.01962202935	0.09066508	0.09104574	54709944	54730012	59089999	59089999	0.16372174	1	355126.57	18.438181	1.0116517	NA	NA	0.0	1.001008141	1.00100814	1	1	1:1	2	neutral	4111326
20	60479	25729738	NA	25669265	400362	2.00201628	399085	18438	50094.0	mappable	0.08215	7.0	edge	0.000927782099	5.07228e-05	0.00505756719	0.08125609	0.08130682	60479	60479	25729738	25729738	0.14407957	1	355126.57	18.438181	1.0116517	NA	NA	0.0	1.001008141	1.00100814	1	1	1:1	2	neutral	4111326
20	29810057	42925344	NA	13115288	179995	2.00201628	179450	6581	23867.0	mappable	0.08215	7.0	NA	3.6190857e-05	0.00014033118	0.00107797065	0.08458539	0.08472572	29810057	29810057	42925328	42925344	0.1600241	1	355126.57	18.438181	1.0116517	NA	NA	0.0	1.001008141	1.00100814	1	1	1:1	2	neutral	4111326
20	42925345	42930027	DEL	4683	94	1.749903	94	1	13.0	mappable	0.73333333	NA	NA	0.651147142476	1.0	0.09422202935	0.16402562	1.16402562	42925345	42925483	42929980	42930027	NA	missing	296544.0	25.70048	0.9199	NA	NA	NA	NA	NA	NA	NA	NA	NA	NA	4111326
20	42930028	44209002	NA	1278975	19348	1.01625128	19309	957	2542.0	mappable	0.585625	6.0	NA	0.500013809143	0.00100401606	0.36542202935	0.09858746	0.09959147	42930028	42930075	44208941	44209002	0.93229487	2	231650.53	18.00257	0.6529018	17.93376	0.9892525	0.97850502	0.010922152	1.00532913	1	0	1:0	1	LOH	4111326
20	44209003	44960007	DEL	751005	10546	2.00201628	10492	452	1462.0	mappable	0.10047717	7.0	NA	0.01508337436	0.00197628458	0.01172202935	0.10246708	0.10444337	44209003	44209019	44959996	44960018	0.20661639	1	355126.57	18.438181	1.0116517	NA	NA	0.0	1.001008141	1.00100814	1	1	1:1	2	neutral	4111326
20	44960007	44980001	NA	19995	328	2.15025422	328	0	46.0	mappable	NA	NA	NA	NA	inf	0.05147797065	0.13998396	inf	44959996	44960018	44979921	44980001	NA	missing	321048.05	NA	1.0656	NA	NA	NA	NA	NA	NA	NA	NA	NA	NA	4111326
20	44980002	50020028	NA	5040029	74167	2.00201628	73919	3388	10081.0	mappable	0.089	7.0	NA	0.005997445006	0.0002750275	0.0017390895	0.08982708	0.09010211	44980002	44980082	50019973	50020083	0.15544141	1	355126.57	18.438181	1.0116517	NA	NA	0.0	1.001008141	1.00100814	1	1	1:1	2	neutral	4111326
20	50020028	50039995	NA	19968	347	1.80540811	347	0	56.0	mappable	NA	NA	NA	NA	inf	0.07402202935	0.14000306	inf	50019973	50020083	50039976	50039995	NA	missing	334667.08	NA	0.9401	NA	NA	NA	NA	NA	NA	NA	NA	NA	NA	4111326
20	50039996	62909989	NA	12869996	212617	2.00201628	211729	10154	28076.0	mappable	0.08215	7.0	edge	0.000526941212	9.05633e-05	0.00437659084	0.08468294	0.0847735	50039996	50040015	62909989	62909989	0.14695259	1	355126.57	18.438181	1.0116517	NA	NA	0.0	1.001008141	1.00100814	1	1	1:1	2	neutral	4111326
21	10720001	11179964	NA	459964	5133	2.01804022	4789	0	661.0	mappable	NA	NA	edge	0.101222472822	0.00290697674	0.00336127476	0.10631986	0.10922683	10720001	10720001	11179964	11179964	NA	missing	967939.46	NA	1.0174833	NA	NA	NA	NA	NA	NA	NA	NA	NA	NA	4111326
21	15410077	48099931	NA	32689859	516234	2.00201628	513795	26287	64613.0	mappable	0.08215	7.0	edge	0.000447276694	3.481167e-05	0.00365185129	0.08012069	0.08015551	15410077	15410077	48099931	48099931	0.15638436	1	355126.57	18.438181	1.0116517	NA	NA	0.0	1.001008141	1.00100814	1	1	1:1	2	neutral	4111326
22	16850007	23050000	NA	6199994	60457	2.00201628	60109	3221	8129.0	mappable	0.089	7.0	edge	0.003388809143	0.00028019053	0.00357797065	0.08863741	0.0889176	16850007	16850007	23039996	23060004	0.18297161	1	355126.57	18.438181	1.0116517	NA	NA	0.0	1.001008141	1.00100814	1	1	1:1	2	neutral	4111326
22	23050000	23245009	NA	195010	3091	0.97118278	3078	127	397.0	mappable	0.62280784	NA	identical	0.546630475809	0.00714285714	0.37762202935	0.11380974	0.1209526	23039996	23060004	23239965	23250053	0.96867131	2	216490.09	16.838118	0.6365	17.19196	1.0002378	1.0	0.0	0.97118278	1	0	1:0	1	LOH	4111326
22	23245009	51179984	NA	27934977	392762	2.00201628	391030	18837	53768.0	mappable	0.08215	7.0	edge	0.000833386978	4.861685e-05	0.0045667656	0.08085522	0.08090384	23239965	23250053	51179984	51179984	0.14982824	1	355126.57	18.438181	1.0116517	NA	NA	0.0	1.001008141	1.00100814	1	1	1:1	2	neutral	4111326
23	2700027	7622155	NA	4922129	50600	0.02594722	50434	2461	6082.0	mappable	0.140375	NA	edge	0.058188809143	0.00038095238	0.72162202935	0.08996507	0.09034602	2700027	2700027	7619988	7622155	0.17969462	1	101175.47	5.518662	0.2925	NA	NA	0.0	0.012973611	0.01297361	0	0	0:0	0	LOH	4111326
23	7622156	58499983	CTX	50877829	439923	1.01625128	438818	15313	54209.0	mappable	0.585625	6.0	NA	0.504366091699	6.090876e-05	0.36090492022	0.07812337	0.07818428	7622156	7680179	58499983	58499983	0.93836825	2	231650.53	18.00257	0.6529018	17.93376	0.9892525	0.97850502	0.010922152	1.00532913	1	0	1:0	1	LOH	4111326
23	61750000	88459980	NA	26709981	245729	1.01625128	245169	8345	29219.0	mappable	0.578775	6.0	NA	0.489738809143	0.00011229646	0.36192202935	0.08106725	0.08117954	61750000	61750000	88459980	88459980	0.95638045	2	231650.53	18.00257	0.6529018	17.93376	0.9892525	0.97850502	0.010922152	1.00532913	1	0	1:0	1	LOH	4111326
23	88990017	89349936	NA	359920	1087	1.01625128	1087	81	118.0	mappable	0.52282976	6.0	NA	0.440643571048	0.01234567901	0.37882202935	0.10835811	0.12070379	88990017	88990017	89349936	89349936	0.97175772	2	231650.53	18.00257	0.6529018	17.93376	0.9892525	0.97850502	0.010922152	1.00532913	1	0	1:0	1	LOH	4111326
23	89349937	90140198	NA	790262	0	0.0	0	0	NA	mappable	NA	NA	NA	NA	inf	1.01412202935	0.10208263	inf	89349937	89349937	90140198	90140198	NA	missing	NA	NA	0.0	NA	NA	0.0	0.0	0.0	0	0	NA	0	homozygousDel	4111326
23	90140199	91529952	NA	1389754	5103	1.01625128	5096	207	639.0	mappable	0.53425	6.0	NA	0.452063809143	0.0046728972	0.36932202935	0.09800848	0.10268137	90140199	90140199	91529952	91529952	0.96922018	2	231650.53	18.00257	0.6529018	17.93376	0.9892525	0.97850502	0.010922152	1.00532913	1	0	1:0	1	LOH	4111326
23	91529953	92379999	NA	850047	0	0.0	0	0	NA	mappable	NA	NA	NA	NA	inf	1.01412202935	0.10153736	inf	91529953	91529953	92379999	92379999	NA	missing	NA	NA	0.0	NA	NA	0.0	0.0	0.0	0	0	NA	0	homozygousDel	4111326
23	92380000	154929639	NA	62549640	566637	1.01625128	565022	21044	68429.0	mappable	0.585625	6.0	edge	0.500013809143	4.413257e-05	0.36222202935	0.07722455	0.07726869	92380000	92380000	154929639	154929639	0.93865835	2	231650.53	18.00257	0.6529018	17.93376	0.9892525	0.97850502	0.010922152	1.00532913	1	0	1:0	1	LOH	4111326
