#chromosome	start	end	crest	length	tcnNbrOfLoci	tcnMean	tcnNbrOfSNPs	tcnNbrOfHets	dhNbrOfLoci	map	dhMax	cluster	neighbour	distDH	errorSNP	distTcn	errorLength	totalError	minStart	maxStart	minStop	maxStop	area	peaks	meanCovT	meanCovB	tcnMeanRaw	AF	BAF	dhMean	c1Mean	c2Mean	A	B	genotype	TCN	GNL	PID
1	840009	2400026	NA	1560018	21032	1.4691727	20925	616	2311.0	mappable	0.1027	7.0	edge	0.02064569369	0.00138312586	0.10118441629	0.09721418	0.0985973	840009	840009	2399921	2400026	0.43149344	2	356799.2	18.80585	0.9203759	19.38334	0.6130586	0.2261173	0.56848369	0.900689	1	sub	1:sub	sub	sub	4177601
1	2400027	5220021	NA	2819995	45464	0.4686667	45257	1817	4867.0	mappable	0.092425	NA	NA	0.01379569369	0.00049455984	0.22338441629	0.09333904	0.0938336	2400027	2400132	5219988	5220054	0.17242296	1	263315.3	13.79271	0.7703	NA	NA	0.0	0.23433333	0.2343333	0	0	0:0	0	LOH	4177601
1	5220021	6790022	NA	1570002	25540	1.2193333	25325	1156	2736.0	mappable	0.0958	NA	NA	0.01722069369	0.00072992701	0.11078441629	0.09717071	0.09790063	5219988	5220054	6789994	6790050	0.4342805	2	306957.7	17.15352	0.8829	17.38349	0.7839546	0.5679092	0.26343137	0.955902	1	0	1:0	1	LOH	4177601
1	6790022	6824997	NA	34976	457	0.74	456	0	63.0	mappable	NA	NA	NA	0.66050112847	1.0	0.18268441629	0.1325023	1.1325023	6789994	6790050	6819985	6824997	NA	missing	286370.2	NA	0.811	NA	NA	NA	NA	NA	NA	NA	NA	NA	NA	4177601
1	6824998	6849995	NA	24998	248	1.7973333	248	1	25.0	mappable	0.03225806	NA	NA	0.04637124179	1.0	0.02408441629	0.13689699	1.13689699	6824998	6830010	6849885	6850105	NA	missing	314341.3	16.22407	0.9696	NA	NA	NA	NA	NA	NA	NA	NA	NA	NA	4177601
1	6849995	8740000	NA	1890006	26353	1.2206667	26200	1131	2725.0	mappable	0.1027	NA	NA	0.02407069369	0.0007788162	0.11058441629	0.09592345	0.09670226	6849885	6850105	8739982	8740000	0.42589948	2	314443.6	17.60884	0.8831	17.8034	0.7893829	0.5787657	0.25709333	0.9635733	1	0	1:0	1	LOH	4177601
1	8740001	12839977	NA	4099977	52203	1.9556807	52015	1262	5663.0	mappable	0.09585	1.0	self	0.01722069369	0.00069013112	0.00241558371	0.0910449	0.09173503	8740001	8740019	12839977	12839977	0.22399679	1	371502.6	19.26093	0.9933521	NA	NA	0.0	0.97784033	0.9778403	1	1	1:1	2	neutral	4177601
1	13780016	28860076	NA	15080063	188849	1.9556807	188053	9304	19551.0	mappable	0.08215	1.0	NA	0.00226073047	9.90099e-05	0.00037968254	0.08387102	0.08397003	13780016	13780016	28859939	28860076	0.16057468	1	371502.6	19.26093	0.9933521	NA	NA	0.0	0.97784033	0.9778403	1	1	1:1	2	neutral	4177601
1	28860077	28915031	NA	54955	242	2.3966667	242	0	27.0	mappable	NA	NA	NA	NA	inf	0.06581558371	0.12701668	inf	28860077	28860214	28909991	28920071	NA	missing	353522.4	NA	1.0595	NA	NA	NA	NA	NA	NA	NA	NA	NA	NA	4177601
1	28915031	120529963	NA	91614946	1203034	1.9556807	1199026	50914	113666.0	mappable	0.078725	1.0	NA	0.00113690127	1.820764e-05	0.00017127061	0.075617	0.07563521	28909991	28920071	120529963	120529963	0.14613146	1	371502.6	19.26093	0.9933521	NA	NA	0.0	0.97784033	0.9778403	1	1	1:1	2	neutral	4177601
1	121220004	121229986	NA	9983	177	2.0573333	177	0	25.0	mappable	NA	NA	NA	NA	inf	0.01491558371	0.15054281	inf	121220004	121220004	121229986	121229986	NA	missing	374298.0	NA	1.0086	NA	NA	NA	NA	NA	NA	NA	NA	NA	NA	4177601
1	144010127	144019970	NA	9844	155	2.1946667	94	0	17.0	mappable	NA	NA	NA	0.23786712226	0.01639344262	0.03551558371	0.15077238	0.16716582	144010127	144010127	144019970	144019970	NA	missing	1150740.0	NA	1.0292	NA	NA	NA	NA	NA	NA	NA	NA	NA	NA	4177601
1	144920087	145739956	NA	819870	6348	1.9556807	5806	138	624.0	mappable	0.08939697	1.0	self	0.01580532672	0.00147058824	0.00571558371	0.10180689	0.10327748	144920087	144920087	145739956	145739956	0.19870017	1	371502.6	19.26093	0.9933521	NA	NA	0.0	0.97784033	0.9778403	1	1	1:1	2	neutral	4177601
1	146540101	147829895	NA	1289795	11632	1.9556807	11585	355	1133.0	mappable	0.08118816	1.0	self	0.00037930631	0.00248756219	0.00091558371	0.09852843	0.10101599	146540101	146540101	147829895	147829895	0.25983911	1	371502.6	19.26093	0.9933521	NA	NA	0.0	0.97784033	0.9778403	1	1	1:1	2	neutral	4177601
1	149815060	249209945	NA	99394891	1343483	1.9556807	1338772	62034	128691.0	mappable	0.078725	1.0	edge	0.00220579926	1.498307e-05	9.378924e-05	0.0752823	0.07529729	149815060	149815060	249209945	249209945	0.13992029	1	371502.6	19.26093	0.9933521	NA	NA	0.0	0.97784033	0.9778403	1	1	1:1	2	neutral	4177601
2	20016	8239968	NA	8219955	135003	1.9556807	134357	6448	13663.0	mappable	0.08215	1.0	edge	0.00502046079	0.00014100395	0.00169889448	0.08706744	0.08720845	20016	20016	8239927	8239968	0.15240911	1	371502.6	19.26093	0.9933521	NA	NA	0.0	0.97784033	0.9778403	1	1	1:1	2	neutral	4177601
2	8239969	8260032	NA	20064	275	2.516	275	0	20.0	mappable	NA	NA	NA	NA	inf	0.08371558371	0.13993528	inf	8239969	8240010	8259962	8260032	NA	missing	395985.4	NA	1.0774	NA	NA	NA	NA	NA	NA	NA	NA	NA	NA	4177601
2	8260033	87059860	NA	78799843	1175314	1.9556807	1171885	52832	110927.0	mappable	0.078725	1.0	NA	0.00129268058	1.777462e-05	0.00011778253	0.07624366	0.07626143	8260033	8260103	87059860	87059860	0.14085398	1	371502.6	19.26093	0.9933521	NA	NA	0.0	0.97784033	0.9778403	1	1	1:1	2	neutral	4177601
2	88330099	89156139	NA	826041	9872	1.9556807	9837	396	1009.0	mappable	0.0862	1.0	self	0.00757069369	0.00232018561	0.00658441629	0.10175086	0.10407104	88330099	88330099	89156124	89156154	0.2010462	1	371502.6	19.26093	0.9933521	NA	NA	0.0	0.97784033	0.9778403	1	1	1:1	2	neutral	4177601
2	89156139	89229990	NA	73852	2000	1.0386667	2000	3	163.0	mappable	0.11583333	NA	NA	0.03720402702	0.33333333333	0.13788441629	0.12366787	0.4570012	89156124	89156154	89229990	89229990	NA	missing	311243.2	17.42962	0.8558	NA	NA	NA	NA	NA	NA	NA	NA	NA	NA	4177601
2	89840102	90239998	NA	399897	914	1.9556807	906	0	69.0	mappable	NA	1.0	self	0.03185008553	0.125	0.02838441629	0.10747332	0.23247332	89840102	89840102	90239998	90239998	NA	missing	371502.6	NA	0.9933521	NA	NA	NA	NA	NA	NA	NA	NA	NA	NA	4177601
2	95580145	96239991	NA	659847	4440	1.9556807	4415	139	482.0	mappable	0.07485577	1.0	NA	0.00332863064	0.00609756098	0.00721558371	0.10345663	0.10955419	95580145	95580145	96239991	96239991	0.1561074	1	371502.6	19.26093	0.9933521	NA	NA	0.0	0.97784033	0.9778403	1	1	1:1	2	neutral	4177601
2	96239992	96740020	NA	500029	0	0.0	0	0	NA	mappable	NA	NA	NA	NA	inf	0.99368441629	0.10564318	inf	96239992	96239992	96740020	96740020	NA	missing	NA	NA	0.0	NA	NA	0.0	0.0	0.0	0	0	NA	0	homozygousDel	4177601
2	96740021	132189994	NA	35449974	448367	1.9556807	447210	16574	43412.0	mappable	0.078725	1.0	NA	0.00081684591	5.63984e-05	0.00094044628	0.0797471	0.0798035	96740021	96740021	132189994	132189994	0.15499894	1	371502.6	19.26093	0.9933521	NA	NA	0.0	0.97784033	0.9778403	1	1	1:1	2	neutral	4177601
2	132189995	133009999	NA	820005	0	0.0	0	0	NA	mappable	NA	NA	NA	NA	inf	0.99368441629	0.10180566	inf	132189995	132189995	133009999	133009999	NA	missing	NA	NA	0.0	NA	NA	0.0	0.0	0.0	0	0	NA	0	homozygousDel	4177601
2	133010000	242999969	NA	109989979	1503710	1.9556807	1498520	67965	141147.0	mappable	0.08215	1.0	edge	0.00204115968	1.36711e-05	0.00067809829	0.07487048	0.07488415	133010000	133010000	242999969	242999969	0.15164819	1	371502.6	19.26093	0.9933521	NA	NA	0.0	0.97784033	0.9778403	1	1	1:1	2	neutral	4177601
3	100074	22770023	NA	22669950	361523	2.5781773	360247	17618	33704.0	mappable	0.089	4.0	edge	0.01037069369	5.292686e-05	0.11101558371	0.08185222	0.08190515	100074	100074	22769984	22770023	0.40931355	2	409255.6	22.47432	1.0867266	18.82974	0.6381182	0.2762363	0.93299558	1.6451818	sub	1	sub:1	sub	sub	4177601
3	22770024	22810003	NA	39980	305	3.3786667	305	11	33.0	mappable	0.046525	NA	NA	0.03210430631	0.09090909091	0.21311558371	0.1308302	0.22173929	22770024	22770063	22809919	22810087	NA	missing	452094.4	23.41203	1.2068	NA	NA	NA	NA	NA	NA	NA	NA	NA	NA	4177601
3	22810003	29000113	NA	6190113	94470	2.5781773	94185	4539	8588.0	mappable	0.08382368	4.0	NA	0.00556080145	0.00020729685	0.1098747136	0.08864645	0.08885375	22809919	22810087	28999966	29000260	0.39081888	2	409255.6	22.47432	1.0867266	18.82974	0.6381182	0.2762363	0.93299558	1.6451818	sub	1	sub:1	sub	sub	4177601
3	29000113	29010001	NA	9889	154	1.9556807	145	17	22.0	mappable	0.10892195	1.0	self	0.0060686902	0.03846153846	0.01421558371	0.15069763	0.18915917	28999966	29000260	29009992	29010010	NA	missing	371502.6	19.26093	0.9933521	NA	NA	NA	NA	NA	NA	NA	NA	NA	NA	4177601
3	29010001	31310028	NA	2300028	36514	2.5781773	36431	1802	3229.0	mappable	0.08976071	4.0	NA	0.01012902702	0.00053050398	0.10601558371	0.09463773	0.09516824	29009992	29010010	31309996	31310060	0.4247852	2	409255.6	22.47432	1.0867266	18.82974	0.6381182	0.2762363	0.93299558	1.6451818	sub	1	sub:1	sub	sub	4177601
3	31310028	31329993	NA	19966	324	3.39151	324	21	30.0	mappable	0.12529706	3.0	NA	0.04666775251	0.04761904762	0.22151558371	0.14000447	0.18762352	31309996	31310060	31329971	31330015	NA	missing	450801.0	26.54927	1.2087265	NA	NA	NA	NA	NA	NA	NA	NA	NA	NA	4177601
3	31329993	40400016	NA	9070025	122584	2.5781773	122205	5482	11717.0	mappable	0.092425	4.0	NA	0.01313722611	0.00017061935	0.11318577395	0.08653261	0.08670323	31329971	31330015	40399974	40400016	0.38709313	2	409255.6	22.47432	1.0867266	18.82974	0.6381182	0.2762363	0.93299558	1.6451818	sub	1	sub:1	sub	sub	4177601
3	40400017	40420036	NA	20020	292	2.3273333	290	0	32.0	mappable	NA	NA	NA	0.16299748795	0.5	0.05541558371	0.1399663	0.6399663	40400017	40400059	40419970	40420102	NA	missing	403326.0	NA	1.0491	NA	NA	NA	NA	NA	NA	NA	NA	NA	NA	4177601
3	40420036	47924906	NA	7504873	92841	2.5781773	92515	3867	8990.0	mappable	0.092425	4.0	NA	0.01524319463	0.00023849273	0.11259881203	0.08756799	0.08780648	40419970	40420102	47919812	47930000	0.42162151	2	409255.6	22.47432	1.0867266	18.82974	0.6381182	0.2762363	0.93299558	1.6451818	sub	1	sub:1	sub	sub	4177601
3	47924906	90499969	NA	42575069	592890	1.9556807	591025	25967	55263.0	mappable	0.078725	1.0	self	0.00051402859	3.592986e-05	0.00039329644	0.07891568	0.07895161	47919812	47930000	90499969	90499969	0.15178294	1	371502.6	19.26093	0.9933521	NA	NA	0.0	0.97784033	0.9778403	1	1	1:1	2	neutral	4177601
3	93570175	197779892	NA	104209725	1419021	1.9556807	1414298	67001	131919.0	mappable	0.078725	1.0	edge	0.00156547641	1.394311e-05	0.00167614025	0.07508941	0.07510335	93570175	93570175	197779892	197779892	0.14106891	1	371502.6	19.26093	0.9933521	NA	NA	0.0	0.97784033	0.9778403	1	1	1:1	2	neutral	4177601
4	50084	8939952	NA	8889872	145092	1.9556807	144071	7483	15371.0	mappable	0.078725	1.0	edge	0.00223188274	0.00011760555	0.00097611979	0.08664111	0.08675871	50084	50084	8939952	8939952	0.14853908	1	371502.6	19.26093	0.9933521	NA	NA	0.0	0.97784033	0.9778403	1	1	1:1	2	neutral	4177601
4	9800043	49089961	NA	39289925	598660	1.9556807	596740	27105	55273.0	mappable	0.078725	1.0	self	0.00156390568	3.445543e-05	0.00180001863	0.07927807	0.07931253	9800043	9800043	49089961	49089961	0.15137925	1	371502.6	19.26093	0.9933521	NA	NA	0.0	0.97784033	0.9778403	1	1	1:1	2	neutral	4177601
4	52680112	84360023	NA	31679922	443622	1.9556807	442169	21753	40473.0	mappable	0.078725	1.0	NA	0.00084477526	4.310159e-05	0.00065549797	0.08026627	0.08030938	52680112	52680112	84359963	84360023	0.14014643	1	371502.6	19.26093	0.9933521	NA	NA	0.0	0.97784033	0.9778403	1	1	1:1	2	neutral	4177601
4	84360024	84370026	NA	10003	143	2.6566667	143	0	15.0	mappable	NA	NA	NA	NA	inf	0.10481558371	0.1505101	inf	84360024	84360084	84369985	84370026	NA	missing	399220.0	NA	1.0985	NA	NA	NA	NA	NA	NA	NA	NA	NA	NA	4177601
4	84370027	174400001	NA	90029979	1210056	1.9556807	1206444	53920	109923.0	mappable	0.078725	1.0	NA	0.00043021113	1.738224e-05	1.806489e-05	0.07568905	0.07570643	84370027	84370068	174399995	174400001	0.14552747	1	371502.6	19.26093	0.9933521	NA	NA	0.0	0.97784033	0.9778403	1	1	1:1	2	neutral	4177601
4	174400002	174409930	NA	9929	195	0.8746667	183	14	21.0	mappable	0.10655093	NA	identical	0.03997069369	0.03846153846	0.16248441629	0.15063153	0.18909307	174400002	174400008	174409853	174409930	NA	missing	319046.7	18.23124	0.8312	NA	NA	NA	NA	NA	NA	NA	NA	NA	NA	4177601
4	174409931	190799944	NA	16390015	266557	1.9556807	265079	14884	25631.0	mappable	0.08215	1.0	edge	0.0034669614	6.112096e-05	0.0025865254	0.08345046	0.08351158	174409931	174410008	190799944	190799944	0.14666955	1	371502.6	19.26093	0.9933521	NA	NA	0.0	0.97784033	0.9778403	1	1	1:1	2	neutral	4177601
5	50017	33070034	NA	33020022	503257	1.9556807	501502	24030	47163.0	mappable	0.078725	1.0	edge	2.967043e-05	3.878224e-05	0.00275832306	0.08007419	0.08011297	50017	50017	33069984	33070084	0.14302918	1	371502.6	19.26093	0.9933521	NA	NA	0.0	0.97784033	0.9778403	1	1	1:1	2	neutral	4177601
5	33070034	33089989	NA	19956	320	1.4253333	320	0	26.0	mappable	NA	NA	NA	NA	inf	0.07988441629	0.14001156	inf	33069984	33070084	33089951	33090027	NA	missing	368527.5	NA	0.9138	NA	NA	NA	NA	NA	NA	NA	NA	NA	NA	4177601
5	33089989	46399990	NA	13310002	185491	1.9556807	184927	8108	17193.0	mappable	0.07937045	1.0	NA	0.00352069369	0.00011532695	0.00358441629	0.0845094	0.08462472	33089951	33090027	46399990	46399990	0.1490415	1	371502.6	19.26093	0.9933521	NA	NA	0.0	0.97784033	0.9778403	1	1	1:1	2	neutral	4177601
5	49470005	68829703	NA	19359701	256672	1.9556807	255802	11222	23650.0	mappable	0.078725	1.0	self	2.150036e-05	8.269931e-05	0.00077862602	0.08262225	0.08270495	49470005	49470005	68829703	68829703	0.13704016	1	371502.6	19.26093	0.9933521	NA	NA	0.0	0.97784033	0.9778403	1	1	1:1	2	neutral	4177601
5	70750153	97549968	NA	26799821	350501	1.9556807	349568	14760	32058.0	mappable	0.08215	1.0	NA	0.00443045798	6.372268e-05	0.001114885	0.08105133	0.08111506	70750153	70750153	97549869	97550067	0.13448553	1	371502.6	19.26093	0.9933521	NA	NA	0.0	0.97784033	0.9778403	1	1	1:1	2	neutral	4177601
5	97549968	97559980	NA	10013	187	2.5526667	187	0	17.0	mappable	NA	NA	NA	NA	inf	0.08921558371	0.15049377	inf	97549869	97550067	97559950	97559980	NA	missing	392431.2	NA	1.0829	NA	NA	NA	NA	NA	NA	NA	NA	NA	NA	4177601
5	97559981	134160108	NA	36600131	539888	1.9556807	538336	25454	48719.0	mappable	0.078725	1.0	NA	0.00194228738	3.703018e-05	0.00033023453	0.0796009	0.07963793	97559981	97560011	134149970	134170246	0.15108646	1	371502.6	19.26093	0.9933521	NA	NA	0.0	0.97784033	0.9778403	1	1	1:1	2	neutral	4177601
5	134160108	134200040	NA	39933	263	1.5746667	263	0	41.0	mappable	NA	NA	NA	NA	inf	0.05748441629	0.13084472	inf	134149970	134170246	134199999	134200040	NA	missing	352846.7	NA	0.9362	NA	NA	NA	NA	NA	NA	NA	NA	NA	NA	4177601
5	134200041	180689979	NA	46489947	639278	1.9556807	637125	29734	61597.0	mappable	0.08215	1.0	edge	0.00172778412	3.136271e-05	0.00041966942	0.07852247	0.07855384	134200041	134200082	180689979	180689979	0.14050138	1	371502.6	19.26093	0.9933521	NA	NA	0.0	0.97784033	0.9778403	1	1	1:1	2	neutral	4177601
6	202331	30080014	NA	29877685	445134	1.9556807	443249	21877	43096.0	mappable	0.08215	1.0	edge	0.00288033761	4.208577e-05	0.00096523757	0.0805394	0.08058149	202331	202331	30079993	30080014	0.15871805	1	371502.6	19.26093	0.9933521	NA	NA	0.0	0.97784033	0.9778403	1	1	1:1	2	neutral	4177601
6	30080015	30089954	NA	9940	225	2.7853333	225	0	26.0	mappable	NA	NA	NA	NA	inf	0.12411558371	0.15061341	inf	30080015	30080036	30089904	30090004	NA	missing	399131.7	NA	1.1178	NA	NA	NA	NA	NA	NA	NA	NA	NA	NA	4177601
6	30089954	32480041	NA	2390089	36921	1.9556807	36343	3372	3507.0	mappable	0.085575	1.0	NA	0.00648660738	0.00025316456	0.00134273899	0.09439023	0.0946434	30089904	30090004	32459999	32500083	0.23640653	1	371502.6	19.26093	0.9933521	NA	NA	0.0	0.97784033	0.9778403	1	1	1:1	2	neutral	4177601
6	32480041	32590005	NA	109965	5586	2.5781773	5112	392	536.0	mappable	0.07281154	4.0	NA	0.00305515315	0.00115473441	0.06011558371	0.11942662	0.12058136	32459999	32500083	32589983	32590005	0.41120833	2	409255.6	22.47432	1.0867266	18.82974	0.6381182	0.2762363	0.93299558	1.6451818	sub	1	sub:1	sub	sub	4177601
6	32590006	32600001	NA	9996	889	1.4691727	760	187	71.0	mappable	0.08299615	7.0	NA	0.01263415523	0.00316455696	0.06138441629	0.15052154	0.15368609	32590006	32590028	32599999	32600003	0.37934957	2	356799.2	18.80585	0.9203759	19.38334	0.6130586	0.2261173	0.56848369	0.900689	1	sub	1:sub	sub	sub	4177601
6	32600001	32644991	NA	44991	3816	2.5781773	3701	219	296.0	mappable	0.062425	4.0	NA	0.01314967668	0.00299401198	0.07611558371	0.12938829	0.13238231	32599999	32600003	32639973	32650009	0.30371723	1	409255.6	22.47432	1.0867266	NA	NA	0.0	1.28908867	1.2890887	1	1	1:1	2	neutral	4177601
6	32644991	58019982	NA	25374994	366963	1.9556807	364069	18188	35356.0	mappable	0.078725	1.0	self	0.00129720352	4.743608e-05	0.00019878883	0.08131105	0.08135848	32639973	32650009	58019982	58019982	0.14983308	1	371502.6	19.26093	0.9933521	NA	NA	0.0	0.97784033	0.9778403	1	1	1:1	2	neutral	4177601
6	58610011	58769997	NA	159987	572	1.4691727	571	42	44.0	mappable	0.08130276	7.0	NA	0.0026734539	0.02325581395	0.05878441629	0.11568989	0.1389457	58610011	58610011	58769997	58769997	0.12195314	1	356799.2	18.80585	0.9203759	NA	NA	0.0	0.73458633	0.7345863	1	1	1:1	2	neutral	4177601
6	61890002	78869976	NA	16979979	243099	1.9556807	242150	14328	21580.0	mappable	0.07799412	1.0	self	0.00050980818	6.546645e-05	0.00015450284	0.0832732	0.08333866	61890002	61890002	78869949	78870003	0.13223062	1	371502.6	19.26093	0.9933521	NA	NA	0.0	0.97784033	0.9778403	1	1	1:1	2	neutral	4177601
6	78869976	78889752	NA	19777	366	2.5781773	366	19	28.0	mappable	0.12825357	4.0	NA	0.04962426512	0.05263157895	0.07031558371	0.14013909	0.19277066	78869949	78870003	78889491	78889752	NA	missing	409255.6	22.47432	1.0867266	NA	NA	NA	NA	NA	NA	NA	NA	NA	NA	4177601
6	78889753	78923695	NA	33943	522	1.4691727	515	32	38.0	mappable	0.11845714	7.0	NA	0.03766236036	0.02564102564	0.05738441629	0.13288307	0.15852409	78889753	78890014	78923659	78923731	NA	missing	356799.2	18.80585	0.9203759	NA	NA	NA	NA	NA	NA	NA	NA	NA	NA	4177601
6	78923695	163600045	NA	84676360	1175492	1.9556807	1171942	49692	109369.0	mappable	0.078725	1.0	NA	0.00254723249	1.878358e-05	0.00116738236	0.07594325	0.07596203	78923659	78923731	163599976	163600114	0.1389099	1	371502.6	19.26093	0.9933521	NA	NA	0.0	0.97784033	0.9778403	1	1	1:1	2	neutral	4177601
6	163600045	163610030	NA	9986	162	1.21	162	0	20.0	mappable	NA	NA	NA	NA	inf	0.11218441629	0.1505379	inf	163599976	163600114	163609964	163610096	NA	missing	319878.0	NA	0.8815	NA	NA	NA	NA	NA	NA	NA	NA	NA	NA	4177601
6	163610030	170899935	NA	7289910	119138	1.9556807	118421	5678	12037.0	mappable	0.0795131	1.0	edge	0.00311511824	0.00015637217	0.00098384804	0.08772903	0.08788541	163609964	163610096	170899935	170899935	0.14929564	1	371502.6	19.26093	0.9933521	NA	NA	0.0	0.97784033	0.9778403	1	1	1:1	2	neutral	4177601
7	40386	38242238	NA	38201859	592153	1.9556807	590176	30827	55211.0	mappable	0.08215	1.0	edge	0.00174610964	3.048595e-05	0.0020824975	0.0794056	0.07943609	40386	40386	38242166	38242238	0.14846428	1	371502.6	19.26093	0.9933521	NA	NA	0.0	0.97784033	0.9778403	1	1	1:1	2	neutral	4177601
7	38242239	38432183	NA	189945	2000	1.1226667	1998	133	181.0	mappable	0.08580278	NA	identical	0.00849569369	0.00740740741	0.12528441629	0.11405615	0.12146356	38242239	38242311	38432176	38432183	0.26388998	1	314859.7	16.89491	0.8684	NA	NA	0.0	0.56133333	0.5613333	sub	sub	sub:sub	sub	sub	4177601
7	38432184	50559999	NA	12127818	168560	1.9556807	168011	8865	16013.0	mappable	0.078725	1.0	NA	0.00135225674	0.00010622477	0.00184378969	0.08499131	0.08509754	38432184	38432191	50559998	50560000	0.13543184	1	371502.6	19.26093	0.9933521	NA	NA	0.0	0.97784033	0.9778403	1	1	1:1	2	neutral	4177601
7	50559999	50584981	NA	24983	406	2.358	406	0	47.0	mappable	NA	NA	NA	NA	inf	0.06001558371	0.1369051	inf	50559998	50560000	50579952	50590010	NA	missing	381719.2	NA	1.0537	NA	NA	NA	NA	NA	NA	NA	NA	NA	NA	4177601
7	50584981	57999988	NA	7415009	91610	1.9556807	91291	5784	8388.0	mappable	0.08215	1.0	NA	0.00350206427	0.00016385384	0.00531893872	0.08763467	0.08779853	50579952	50590010	57999988	57999988	0.1275524	1	371502.6	19.26093	0.9933521	NA	NA	0.0	0.97784033	0.9778403	1	1	1:1	2	neutral	4177601
7	61770004	62105003	NA	335001	6725	1.4691727	6483	80	634.0	mappable	0.07852857	7.0	NA	0.00058345835	0.00310559006	0.0918695464	0.10896922	0.11207481	61770004	61780016	62099965	62110041	0.16588908	1	356799.2	18.80585	0.9203759	NA	NA	0.0	0.73458633	0.7345863	1	1	1:1	2	neutral	4177601
7	62105003	72229988	NA	10124986	104559	1.9556807	104003	4157	10533.0	mappable	0.08215	1.0	self	0.00395014002	0.00021217908	0.01045765532	0.08594234	0.08615452	62099965	62110041	72229988	72229988	0.15842325	1	371502.6	19.26093	0.9933521	NA	NA	0.0	0.97784033	0.9778403	1	1	1:1	2	neutral	4177601
7	72750118	74139961	NA	1389844	10204	1.9556807	10160	282	1131.0	mappable	0.08420227	1.0	self	0.01627069369	0.00306748466	0.00818441629	0.09800803	0.10107551	72750118	72750118	74139961	74139961	0.23051741	1	371502.6	19.26093	0.9933521	NA	NA	0.0	0.97784033	0.9778403	1	1	1:1	2	neutral	4177601
7	75160045	76059952	NA	899908	8412	1.9556807	8386	319	927.0	mappable	0.085575	1.0	self	0.00694569369	0.00289855072	0.00648441629	0.10111521	0.10401376	75160045	75160045	76059952	76059952	0.25102945	1	371502.6	19.26093	0.9933521	NA	NA	0.0	0.97784033	0.9778403	1	1	1:1	2	neutral	4177601
7	76810004	115634988	NA	38824989	502964	1.9556807	501303	19869	46912.0	mappable	0.078725	1.0	NA	0.00151113412	4.644682e-05	0.00056593624	0.07933208	0.07937853	76810004	76810004	115629901	115634988	0.14513715	1	371502.6	19.26093	0.9933521	NA	NA	0.0	0.97784033	0.9778403	1	1	1:1	2	neutral	4177601
7	115634989	115659984	NA	24996	266	1.574	266	1	17.0	mappable	0.60869565	NA	NA	0.53006634586	1.0	0.05758441629	0.13689807	1.13689807	115634989	115640076	115659965	115659984	NA	missing	375819.3	30.22894	0.9361	NA	NA	NA	NA	NA	NA	NA	NA	NA	NA	4177601
7	115659985	159119808	NA	43459830	585350	1.9556807	582934	27731	56830.0	mappable	0.078725	1.0	edge	0.00146105401	3.3173e-05	9.667681e-05	0.07882339	0.07885656	115659985	115660004	159119808	159119808	0.15565069	1	371502.6	19.26093	0.9933521	NA	NA	0.0	0.97784033	0.9778403	1	1	1:1	2	neutral	4177601
8	170012	459986	NA	289975	4286	3.4153333	4271	265	433.0	mappable	0.18220357	NA	edge	0.10079013813	0.00357142857	0.21861558371	0.11021975	0.11379117	170012	170012	459967	460005	0.70579307	2	437903.8	26.08789	1.2123	18.06087	0.726569	0.4531379	0.93385816	2.4814752	sub	1	sub:1	sub	sub	4177601
8	459986	470048	NA	10063	259	2.4940733	259	20	23.0	mappable	0.23681523	5.0	NA	0.15818592357	0.05	0.09461558371	0.15041244	0.20041244	459967	460005	469986	470048	NA	missing	412638.9	24.77922	1.074111	NA	NA	NA	NA	NA	NA	NA	NA	NA	NA	4177601
8	470049	964990	NA	494942	10504	3.39151	10439	516	1264.0	mappable	0.112975	3.0	NA	0.03777069369	0.0017211704	0.21201558371	0.10572557	0.10744674	470049	470111	959980	970000	0.65103245	2	450801.0	26.54927	1.2087265	18.64777	0.7113091	0.4226181	0.97909817	2.4124118	sub	1	sub:1	sub	sub	4177601
8	964990	980000	NA	15011	254	2.4940733	254	14	42.0	mappable	0.19992685	5.0	NA	0.12129754554	0.07142857143	0.12441558371	0.14415731	0.21558588	959980	970000	979979	980021	NA	missing	412638.9	24.77922	1.074111	NA	NA	NA	NA	NA	NA	NA	NA	NA	NA	4177601
8	980000	3019992	NA	2039996	50614	3.39151	50129	2429	5334.0	mappable	0.140375	3.0	NA	0.05594499101	0.0003431709	0.21409774082	0.09541923	0.0957624	979979	980021	3019968	3020016	0.65723465	2	450801.0	26.54927	1.2087265	18.64777	0.7113091	0.4226181	0.97909817	2.4124118	sub	1	sub:1	sub	sub	4177601
8	3019992	3029991	NA	10000	253	2.5781773	253	4	22.0	mappable	0.07952331	4.0	NA	0.0008940045	0.25	0.09081558371	0.150515	0.400515	3019968	3020016	3029959	3030023	NA	missing	409255.6	22.47432	1.0867266	NA	NA	NA	NA	NA	NA	NA	NA	NA	NA	4177601
8	3029991	6919904	NA	3889917	127159	3.39151	126726	7997	11612.0	mappable	0.1482	3.0	NA	0.07175203035	0.00011862396	0.21410285477	0.09136046	0.09147909	3029959	3030023	6919904	6919904	0.66500191	2	450801.0	26.54927	1.2087265	18.64777	0.7113091	0.4226181	0.97909817	2.4124118	sub	1	sub:1	sub	sub	4177601
8	8100000	8760018	NA	660019	14772	3.4566667	14727	806	1435.0	mappable	0.18315	NA	NA	0.10700819369	0.00117508813	0.22481558371	0.10345462	0.10462971	8100000	8100000	8759986	8760018	0.58328164	2	444680.0	26.04875	1.2185	18.24703	0.7016021	0.4032042	1.03146201	2.4252047	sub	1	sub:1	sub	sub	4177601
8	8760019	8790014	NA	29996	671	3.1446667	670	50	64.0	mappable	0.25417766	NA	NA	0.17477069369	0.01960784314	0.17801558371	0.13447654	0.15408438	8760019	8760051	8789989	8790039	0.58064982	2	424069.6	25.21495	1.1717	18.09634	0.7349724	0.4699448	0.83342342	2.3112432	sub	1	sub:1	sub	sub	4177601
8	8790014	11459978	NA	2669965	56218	3.39151	56023	2183	5472.0	mappable	0.126675	3.0	NA	0.03708977351	0.00042052145	0.22498906018	0.09368388	0.0941044	8789989	8790039	11459927	11460029	0.66236586	2	450801.0	26.54927	1.2087265	18.64777	0.7113091	0.4226181	0.97909817	2.4124118	sub	1	sub:1	sub	sub	4177601
8	11459978	11495038	NA	35061	557	3.0673333	555	2	54.0	mappable	0.18	NA	NA	0.80957347147	0.25	0.16641558371	0.13247157	0.38247157	11459927	11460029	11489988	11495038	NA	missing	428063.4	25.25574	1.1601	NA	NA	NA	NA	NA	NA	NA	NA	NA	NA	4177601
8	11495039	11517575	NA	22537	382	3.7646667	382	0	35.0	mappable	NA	NA	NA	NA	inf	0.27101558371	0.13831251	inf	11495039	11500089	11517573	11517577	NA	missing	447553.4	NA	1.2647	NA	NA	NA	NA	NA	NA	NA	NA	NA	NA	4177601
8	11517575	11859985	NA	342411	6664	3.39151	6660	344	640.0	mappable	0.11510192	3.0	NA	0.03381684754	0.00287356322	0.22481558371	0.10878215	0.11165571	11517573	11517577	11859985	11859985	0.57679337	2	450801.0	26.54927	1.2087265	18.64777	0.7113091	0.4226181	0.97909817	2.4124118	sub	1	sub:1	sub	sub	4177601
8	12580042	43789991	NA	31209954	520259	3.39151	518762	22636	49409.0	mappable	0.154075	3.0	NA	0.07497823476	4.144219e-05	0.21422049569	0.08033579	0.08037724	12580042	12580042	43789991	43789991	0.66070119	2	450801.0	26.54927	1.2087265	18.64777	0.7113091	0.4226181	0.97909817	2.4124118	sub	1	sub:1	sub	sub	4177601
8	46880007	62259982	NA	15379978	213766	1.9556807	213241	7894	20159.0	mappable	0.08215	1.0	NA	0.00672086889	0.00011877895	0.00200133946	0.08377121	0.08388999	46880007	46880007	62259926	62260038	0.15522498	1	371502.6	19.26093	0.9933521	NA	NA	0.0	0.97784033	0.9778403	1	1	1:1	2	neutral	4177601
8	62259982	62269985	NA	10004	157	2.7706667	157	0	16.0	mappable	NA	NA	NA	NA	inf	0.12191558371	0.15050846	inf	62259926	62260038	62269952	62270018	NA	missing	415670.0	NA	1.1156	NA	NA	NA	NA	NA	NA	NA	NA	NA	NA	4177601
8	62269985	146289988	NA	84020012	1174086	1.9556807	1170129	51035	110079.0	mappable	0.078725	1.0	edge	0.0024028206	1.818612e-05	0.00073969311	0.07597563	0.07599382	62269952	62270018	146289988	146289988	0.14858671	1	371502.6	19.26093	0.9933521	NA	NA	0.0	0.97784033	0.9778403	1	1	1:1	2	neutral	4177601
9	200101	30670020	NA	30469923	546580	1.9556807	545286	23082	49656.0	mappable	0.08215	1.0	edge	0.00304405018	4.102396e-05	0.00039726674	0.08044767	0.08048869	200101	200101	30669959	30670020	0.14567141	1	371502.6	19.26093	0.9933521	NA	NA	0.0	0.97784033	0.9778403	1	1	1:1	2	neutral	4177601
9	30670021	30689999	NA	19979	327	1.5173333	327	0	26.0	mappable	NA	NA	NA	NA	inf	0.06608441629	0.13999527	inf	30670021	30670082	30689993	30690005	NA	missing	369220.1	NA	0.9276	NA	NA	NA	NA	NA	NA	NA	NA	NA	NA	4177601
9	30689999	38769828	NA	8079831	98595	1.9556807	98296	4547	9489.0	mappable	0.078725	1.0	NA	0.00064107333	0.00020635576	0.00286505782	0.08716156	0.08736792	30689993	30690005	38769828	38769828	0.13136	1	371502.6	19.26093	0.9933521	NA	NA	0.0	0.97784033	0.9778403	1	1	1:1	2	neutral	4177601
9	66840048	66849972	NA	9925	540	1.4691727	504	0	42.0	mappable	NA	7.0	NA	0.00749825779	0.02777777778	0.06398441629	0.15063813	0.1784159	66840048	66840048	66849972	66849972	NA	missing	356799.2	NA	0.9203759	NA	NA	NA	NA	NA	NA	NA	NA	NA	NA	4177601
9	68410004	68419976	NA	9973	1130	2.0033333	1044	0	227.0	mappable	NA	NA	NA	0.19073014643	0.01162790698	0.00681558371	0.15055919	0.1621871	68410004	68410004	68419976	68419976	NA	missing	2269296.0	NA	1.0005	NA	NA	NA	NA	NA	NA	NA	NA	NA	NA	4177601
9	71030093	71050040	NA	19948	279	2.5781773	273	25	20.0	mappable	0.12993889	4.0	NA	0.04751513813	0.03225806452	0.06291558371	0.14001723	0.17227529	71030093	71030093	71049862	71050040	NA	missing	409255.6	22.47432	1.0867266	NA	NA	NA	NA	NA	NA	NA	NA	NA	NA	4177601
9	71050041	109610026	NA	38559992	520263	1.9556807	518593	23715	49673.0	mappable	0.08215	1.0	NA	0.00260982143	3.939334e-05	0.00230691106	0.07936319	0.07940258	71050041	71050219	109609994	109610058	0.14271325	1	371502.6	19.26093	0.9933521	NA	NA	0.0	0.97784033	0.9778403	1	1	1:1	2	neutral	4177601
9	109610026	109630012	NA	19987	227	2.398	227	0	19.0	mappable	NA	NA	NA	NA	inf	0.06601558371	0.13998961	inf	109609994	109610058	109629960	109630064	NA	missing	370638.6	NA	1.0597	NA	NA	NA	NA	NA	NA	NA	NA	NA	NA	4177601
9	109630012	131970004	NA	22339999	307541	1.9556807	306388	13190	29928.0	mappable	0.078725	1.0	NA	0.0014064379	6.972042e-05	0.00127628761	0.08192314	0.08199286	109629960	109630064	131969982	131970026	0.15579031	1	371502.6	19.26093	0.9933521	NA	NA	0.0	0.97784033	0.9778403	1	1	1:1	2	neutral	4177601
9	131970004	131979978	NA	9975	164	2.9133333	164	0	15.0	mappable	NA	NA	NA	NA	inf	0.14331558371	0.15055592	inf	131969982	131970026	131979951	131980005	NA	missing	358945.0	NA	1.137	NA	NA	NA	NA	NA	NA	NA	NA	NA	NA	4177601
9	131979978	141019791	NA	9039814	131934	1.9556807	131167	6506	14149.0	mappable	0.085575	1.0	edge	0.00694569369	0.00013749484	0.00031558371	0.08655063	0.08668813	131979951	131980005	141019791	141019791	0.16875518	1	371502.6	19.26093	0.9933521	NA	NA	0.0	0.97784033	0.9778403	1	1	1:1	2	neutral	4177601
10	130013	35369971	NA	35239962	545083	1.9556807	542874	23820	53092.0	mappable	0.08215	1.0	edge	0.0045239334	3.841869e-05	0.00011420918	0.07977437	0.07981279	130013	130013	35369918	35369971	0.14552986	1	371502.6	19.26093	0.9933521	NA	NA	0.0	0.97784033	0.9778403	1	1	1:1	2	neutral	4177601
10	35369972	35380017	NA	10046	124	1.18	124	0	15.0	mappable	NA	NA	NA	NA	inf	0.11668441629	0.15044003	inf	35369972	35370025	35379919	35380017	NA	missing	324228.3	NA	0.877	NA	NA	NA	NA	NA	NA	NA	NA	NA	NA	4177601
10	35380018	38600358	NA	3220342	32942	1.9556807	32827	2109	3038.0	mappable	0.08234091	1.0	NA	0.00096057474	0.00044964029	0.00797086823	0.09251215	0.09296179	35380018	35380116	38429948	38600358	0.1480608	1	371502.6	19.26093	0.9933521	NA	NA	0.0	0.97784033	0.9778403	1	1	1:1	2	neutral	4177601
10	42410000	42655064	NA	245065	3881	1.4691727	3876	16	400.0	mappable	0.02607647	7.0	NA	0.0369175416	0.04761904762	0.04478441629	0.11171434	0.15933339	42410000	42410000	42519964	42655064	NA	missing	356799.2	18.80585	0.9203759	NA	NA	NA	NA	NA	NA	NA	NA	NA	NA	4177601
10	42655065	42845055	NA	189991	943	1.134	937	0	120.0	mappable	NA	NA	NA	0.28931674632	0.16666666667	0.12358441629	0.11405388	0.28072055	42655065	42790165	42819971	42870139	NA	missing	435382.4	NA	0.8701	NA	NA	NA	NA	NA	NA	NA	NA	NA	NA	4177601
10	42845055	46159967	NA	3314913	38769	1.9556807	38703	1594	3791.0	mappable	0.089	1.0	self	0.01379569369	0.00060240964	0.00081558371	0.0923338	0.09293621	42819971	42870139	46159967	46159967	0.1783999	1	371502.6	19.26093	0.9933521	NA	NA	0.0	0.97784033	0.9778403	1	1	1:1	2	neutral	4177601
10	48310177	48659961	NA	349785	5566	1.9556807	5553	225	542.0	mappable	0.0782	1.0	self	0.00042930631	0.00420168067	0.00841558371	0.10860057	0.11280225	48310177	48310177	48659961	48659961	0.09196648	1	371502.6	19.26093	0.9933521	NA	NA	0.0	0.97784033	0.9778403	1	1	1:1	2	neutral	4177601
10	49390096	135439925	NA	86049837	1210722	1.9556807	1206419	55118	117026.0	mappable	0.08215	1.0	edge	0.00247269914	1.68302e-05	0.00096087232	0.07587637	0.0758932	49390096	49390096	135439925	135439925	0.14999196	1	371502.6	19.26093	0.9933521	NA	NA	0.0	0.97784033	0.9778403	1	1	1:1	2	neutral	4177601
11	190010	48899996	NA	48709992	694433	1.9556807	691636	32229	66126.0	mappable	0.08215	1.0	edge	0.00296984306	2.855103e-05	0.00106153013	0.07831554	0.0783441	190010	190010	48899996	48899996	0.15922838	1	371502.6	19.26093	0.9933521	NA	NA	0.0	0.97784033	0.9778403	1	1	1:1	2	neutral	4177601
11	48899997	50170092	NA	1270096	0	0.0	0	0	NA	mappable	NA	NA	NA	NA	inf	0.99368441629	0.09863632	inf	48899997	48899997	50170092	50170092	NA	missing	NA	NA	0.0	NA	NA	0.0	0.0	0.0	0	0	NA	0	homozygousDel	4177601
11	50170093	51579984	NA	1409892	18804	1.4691727	18619	1116	1687.0	mappable	0.08805556	7.0	NA	0.00899565739	0.00076863951	0.0524129634	0.09790889	0.09867753	50170093	50170093	51579984	51579984	0.11116849	1	356799.2	18.80585	0.9203759	NA	NA	0.0	0.73458633	0.7345863	1	1	1:1	2	neutral	4177601
11	54792817	89349940	NA	34557126	455241	1.9556807	453711	17472	44849.0	mappable	0.08215	1.0	self	0.00547462378	5.263158e-05	0.00035770997	0.07986429	0.07991693	54792817	54792817	89349940	89349940	0.14137681	1	371502.6	19.26093	0.9933521	NA	NA	0.0	0.97784033	0.9778403	1	1	1:1	2	neutral	4177601
11	89850037	134939862	NA	45089831	664243	1.9556807	661974	30332	63247.0	mappable	0.078725	1.0	edge	0.00095523113	3.067485e-05	0.0012329422	0.07865872	0.07868939	89850037	89850037	134939862	134939862	0.14205198	1	371502.6	19.26093	0.9933521	NA	NA	0.0	0.97784033	0.9778403	1	1	1:1	2	neutral	4177601
12	160107	34819969	NA	34659864	478268	1.9556807	476370	23519	45400.0	mappable	0.078725	1.0	edge	0.00058596114	3.934375e-05	0.00076236042	0.07985064	0.07988998	160107	160107	34819969	34819969	0.16057658	1	371502.6	19.26093	0.9933521	NA	NA	0.0	0.97784033	0.9778403	1	1	1:1	2	neutral	4177601
12	38000003	38474997	NA	474995	15824	1.4691727	15663	573	1386.0	mappable	0.081	7.0	NA	0.00237069369	0.00136239782	0.06598441629	0.1060583	0.1074207	38000003	38000003	38449988	38474997	0.10573455	1	356799.2	18.80585	0.9203759	NA	NA	0.0	0.73458633	0.7345863	1	1	1:1	2	neutral	4177601
12	38474998	38520033	NA	45036	284	2.5781773	284	19	30.0	mappable	0.08126123	4.0	NA	0.00263191818	0.05263157895	0.08621558371	0.12937622	0.1820078	38474998	38500007	38509999	38530067	NA	missing	409255.6	22.47432	1.0867266	NA	NA	NA	NA	NA	NA	NA	NA	NA	NA	4177601
12	38520033	42899990	NA	4379958	59892	1.9556807	59648	3259	5366.0	mappable	0.08375	1.0	NA	0.0032099794	0.0002854696	0.00201558371	0.09065162	0.09093709	38509999	38530067	42899938	42899990	0.15264602	1	371502.6	19.26093	0.9933521	NA	NA	0.0	0.97784033	0.9778403	1	1	1:1	2	neutral	4177601
12	42899991	42920001	NA	20011	273	2.408	273	0	23.0	mappable	NA	NA	NA	NA	inf	0.06751558371	0.13997265	inf	42899991	42900043	42919987	42920001	NA	missing	378382.4	NA	1.0612	NA	NA	NA	NA	NA	NA	NA	NA	NA	NA	4177601
12	42920002	73760098	NA	30840098	395165	1.9556807	393890	16646	37814.0	mappable	0.08215	1.0	NA	0.00346862454	5.580046e-05	0.00169199914	0.08039133	0.08044713	42920002	42920016	73759963	73760098	0.14779201	1	371502.6	19.26093	0.9933521	NA	NA	0.0	0.97784033	0.9778403	1	1	1:1	2	neutral	4177601
12	73760099	73769991	NA	9893	160	1.3886667	160	0	19.0	mappable	NA	NA	NA	NA	inf	0.08538441629	0.150691	inf	73760099	73760234	73769971	73769991	NA	missing	376502.9	NA	0.9083	NA	NA	NA	NA	NA	NA	NA	NA	NA	NA	4177601
12	73769992	133819926	NA	60049939	830853	1.9556807	827755	35358	81411.0	mappable	0.078725	1.0	edge	0.0020259535	2.600577e-05	0.000182393	0.0774004	0.07742641	73769992	73770012	133819926	133819926	0.15047731	1	371502.6	19.26093	0.9933521	NA	NA	0.0	0.97784033	0.9778403	1	1	1:1	2	neutral	4177601
13	19450038	95860001	NA	76409972	1071370	1.9556807	1067915	49753	98131.0	mappable	0.078725	1.0	edge	0.0009910553	1.879523e-05	0.0001726619	0.07637302	0.07639182	19450038	19450038	95859974	95860028	0.14878812	1	371502.6	19.26093	0.9933521	NA	NA	0.0	0.97784033	0.9778403	1	1	1:1	2	neutral	4177601
13	95860001	95869954	NA	9954	225	1.326	225	0	24.0	mappable	NA	NA	NA	NA	inf	0.09478441629	0.15059038	inf	95859974	95860028	95869887	95869954	NA	missing	343435.0	NA	0.8989	NA	NA	NA	NA	NA	NA	NA	NA	NA	NA	4177601
13	95869955	115099984	NA	19230032	295994	1.9556807	294725	13831	28855.0	mappable	0.078725	1.0	edge	0.00131986405	6.623833e-05	0.00031346992	0.08265536	0.0827216	95869955	95870022	115099984	115099984	0.15933133	1	371502.6	19.26093	0.9933521	NA	NA	0.0	0.97784033	0.9778403	1	1	1:1	2	neutral	4177601
14	20330060	22259983	NA	1929924	27086	1.9556807	26963	1268	2750.0	mappable	0.08645921	1.0	edge	0.00796355083	0.00071890726	0.00628441629	0.09578492	0.09650383	20330060	20330060	22259964	22259983	0.19239704	1	371502.6	19.26093	0.9933521	NA	NA	0.0	0.97784033	0.9778403	1	1	1:1	2	neutral	4177601
14	22259984	22409994	NA	150011	2594	1.4691727	2581	301	206.0	mappable	0.09288824	7.0	NA	0.01665451722	0.00318471338	0.08848441629	0.11631485	0.11949957	22259984	22260003	22409985	22410003	0.1358909	1	356799.2	18.80585	0.9203759	NA	NA	0.0	0.73458633	0.7345863	1	1	1:1	2	neutral	4177601
14	22409994	22999973	NA	589981	10150	0.2329093	10126	468	859.0	mappable	0.08307763	NA	NA	0.01184116407	0.00203252033	0.25874799264	0.104328	0.10636052	22409985	22410003	22999943	23000003	0.17109486	1	252502.4	13.17404	0.7349364	NA	NA	0.0	0.11645467	0.1164547	0	0	0:0	0	LOH	4177601
14	22999973	28859993	NA	5860021	77243	1.9556807	76999	3720	7149.0	mappable	0.07576786	1.0	NA	0.00332930631	0.00025227043	0.00248441629	0.08895818	0.08921045	22999943	23000003	28859982	28860004	0.1395993	1	371502.6	19.26093	0.9933521	NA	NA	0.0	0.97784033	0.9778403	1	1	1:1	2	neutral	4177601
14	28859993	28884969	NA	24977	332	1.4673333	332	0	36.0	mappable	NA	NA	NA	NA	inf	0.07358441629	0.13690835	inf	28859982	28860004	28879891	28890047	NA	missing	368278.6	NA	0.9201	NA	NA	NA	NA	NA	NA	NA	NA	NA	NA	4177601
14	28884969	80106036	NA	51221074	701642	1.9556807	699429	29588	66031.0	mappable	0.078725	1.0	NA	0.00216236235	3.144753e-05	0.00113835544	0.07809378	0.07812523	28879891	28890047	80105997	80106036	0.15015794	1	371502.6	19.26093	0.9933521	NA	NA	0.0	0.97784033	0.9778403	1	1	1:1	2	neutral	4177601
14	80106037	80106179	INV	143	2	2.0133333	2	0	0.0	mappable	NA	NA	NA	NA	inf	0.00831558371	0.27933463	inf	80106037	80106076	80106116	80106179	NA	missing	348768.3	NA	1.002	NA	NA	NA	NA	NA	NA	NA	NA	NA	NA	4177601
14	80106180	80115178	INV	8999	6	2.1806667	6	0	0.0	mappable	NA	NA	NA	NA	inf	0.03341558371	0.15225858	inf	80106180	80106197	80115088	80115178	NA	missing	371423.2	NA	1.0271	NA	NA	NA	NA	NA	NA	NA	NA	NA	NA	4177601
14	80115179	106130012	INV	26014844	387724	1.9556807	386356	17410	37492.0	mappable	0.078725	1.0	NA	0.00142051779	5.325664e-05	0.00042048731	0.08119245	0.08124571	80115179	80115240	106009942	106250082	0.14088596	1	371502.6	19.26093	0.9933521	NA	NA	0.0	0.97784033	0.9778403	1	1	1:1	2	neutral	4177601
14	106130012	106330370	NA	200359	1987	0.5046667	1977	71	200.0	mappable	0.10181364	NA	NA	0.02066842096	0.01234567901	0.21798441629	0.11355747	0.12590315	106009942	106250082	106330370	106330370	0.18756818	1	264076.1	13.65911	0.7757	NA	NA	0.0	0.25233333	0.2523333	0	0	0:0	0	LOH	4177601
14	106330371	106346895	CTX	16525	311	-0.222	310	0	38.0	mappable	NA	NA	NA	0.12137069369	1.0	0.32698441629	0.1427311	1.1427311	106330371	106330376	106346795	106346895	NA	missing	228756.1	NA	0.6667	NA	NA	NA	NA	NA	NA	NA	NA	NA	NA	4177601
14	106346896	106724943	CTX	378048	2166	0.954	2127	150	205.0	mappable	0.08440985	NA	NA	0.0137828149	0.00529100529	0.15058441629	0.10794351	0.11323451	106346896	106346915	106719873	106724943	0.51457537	2	300612.5	17.17786	0.8431	17.82781	0.9208346	0.8416692	0.07552381	0.8784762	1	0	1:0	1	LOH	4177601
14	106724944	107249955	NA	525012	7734	1.9556807	7624	303	664.0	mappable	0.0871	1.0	self	0.01364275251	0.00242130751	0.01718441629	0.10525213	0.10767344	106724944	106730014	107249905	107249955	0.20376887	1	371502.6	19.26093	0.9933521	NA	NA	0.0	0.97784033	0.9778403	1	1	1:1	2	neutral	4177601
14	107249956	107259908	NA	9953	245	1.3326667	241	5	21.0	mappable	0.03775	NA	edge	0.05425430631	0.11111111111	0.09378441629	0.15059203	0.26170314	107249956	107250006	107259908	107259908	NA	missing	359678.9	17.98394	0.8999	NA	NA	NA	NA	NA	NA	NA	NA	NA	NA	4177601
15	20850000	20859924	NA	9925	165	1.942	137	0	3.0	mappable	NA	NA	edge	0.16581160621	0.03571428571	0.00238441629	0.15063813	0.18635241	20850000	20850000	20859924	20859924	NA	missing	959026.0	NA	0.9913	NA	NA	NA	NA	NA	NA	NA	NA	NA	NA	4177601
15	22480079	23069956	NA	589878	4052	1.9556807	4029	161	466.0	mappable	0.09872727	1.0	self	0.02156424208	0.00543478261	0.01521558371	0.10432937	0.10976415	22480079	22480079	23069956	23069956	0.2725157	1	371502.6	19.26093	0.9933521	NA	NA	0.0	0.97784033	0.9778403	1	1	1:1	2	neutral	4177601
15	23710146	24329926	NA	619781	10357	1.9556807	10317	558	933.0	mappable	0.07792661	1.0	NA	0.00070815246	0.0016722408	0.01138441629	0.10394255	0.10561479	23710146	23710146	24329926	24329926	0.14226546	1	371502.6	19.26093	0.9933521	NA	NA	0.0	0.97784033	0.9778403	1	1	1:1	2	neutral	4177601
15	24329927	24830091	NA	500165	0	0.0	0	0	NA	mappable	NA	NA	NA	NA	inf	0.99368441629	0.10564099	inf	24329927	24329927	24830091	24830091	NA	missing	NA	NA	0.0	NA	NA	0.0	0.0	0.0	0	0	NA	0	homozygousDel	4177601
15	24830092	28529988	NA	3699899	57379	1.9556807	57156	2734	5472.0	mappable	0.078725	1.0	NA	0.00048347098	0.00033818059	0.00510202203	0.091663	0.09200118	24830092	24830092	28529988	28529988	0.17160086	1	371502.6	19.26093	0.9933521	NA	NA	0.0	0.97784033	0.9778403	1	1	1:1	2	neutral	4177601
15	29100034	30369914	NA	1269881	18251	1.9556807	18214	660	1902.0	mappable	0.07793929	1.0	self	0.00340073488	0.00143472023	0.01418441629	0.09863751	0.10007223	29100034	29100034	30369914	30369914	0.12823631	1	371502.6	19.26093	0.9933521	NA	NA	0.0	0.97784033	0.9778403	1	1	1:1	2	neutral	4177601
15	31160110	82479795	NA	51319695	689953	1.9556807	687664	30262	66315.0	mappable	0.078725	1.0	self	0.00148549426	3.072385e-05	0.00090902428	0.07808532	0.07811604	31160110	31160110	82479795	82479795	0.14841114	1	371502.6	19.26093	0.9933521	NA	NA	0.0	0.97784033	0.9778403	1	1	1:1	2	neutral	4177601
15	83211507	102399920	NA	19188418	295764	1.9556807	294744	14633	28684.0	mappable	0.078725	1.0	edge	0.00031639728	6.388552e-05	0.00252141673	0.08266604	0.08272992	83211507	83211507	102399920	102399920	0.14935022	1	371502.6	19.26093	0.9933521	NA	NA	0.0	0.97784033	0.9778403	1	1	1:1	2	neutral	4177601
16	100010	16289940	NA	16189935	297663	1.9556807	296539	13470	29983.0	mappable	0.08215	1.0	edge	0.00130745544	6.852601e-05	0.00200410029	0.08351221	0.08358074	100010	100010	16289940	16289940	0.16167842	1	371502.6	19.26093	0.9933521	NA	NA	0.0	0.97784033	0.9778403	1	1	1:1	2	neutral	4177601
16	16870104	18169896	NA	1299793	20463	1.9556807	20360	972	1990.0	mappable	0.0841	1.0	self	0.00694569369	0.00093023256	0.00638441629	0.09847438	0.09940462	16870104	16870104	18169896	18169896	0.16751227	1	371502.6	19.26093	0.9933521	NA	NA	0.0	0.97784033	0.9778403	1	1	1:1	2	neutral	4177601
16	18800044	29039945	NA	10239902	125024	1.9556807	124419	5414	12614.0	mappable	0.08234091	1.0	self	0.00342283478	0.00016614055	0.00080092912	0.08588225	0.08604839	18800044	18800044	29039945	29039945	0.17091744	1	371502.6	19.26093	0.9933521	NA	NA	0.0	0.97784033	0.9778403	1	1	1:1	2	neutral	4177601
16	29670028	31959970	NA	2289943	17512	1.9556807	17467	410	1943.0	mappable	0.08323269	1.0	self	0.00694569369	0.0021978022	0.00541558371	0.09466613	0.09686393	29670028	29670028	31959970	31959970	0.19744914	1	371502.6	19.26093	0.9933521	NA	NA	0.0	0.97784033	0.9778403	1	1	1:1	2	neutral	4177601
16	32520030	32649899	NA	129870	3149	1.4691727	2777	0	159.0	mappable	NA	7.0	NA	0.00748273768	0.00268817204	0.04328441629	0.11773911	0.12042728	32520030	32520030	32649899	32649899	NA	missing	356799.2	NA	0.9203759	NA	NA	NA	NA	NA	NA	NA	NA	NA	NA	4177601
16	33590105	35279959	NA	1689855	15435	1.9556807	15369	40	1670.0	mappable	0.11187727	1.0	self	0.02984886829	0.00943396226	0.02528441629	0.09667221	0.10610618	33590105	33590105	35279959	35279959	0.32083425	1	371502.6	19.26093	0.9933521	NA	NA	0.0	0.97784033	0.9778403	1	1	1:1	2	neutral	4177601
16	46450014	90109969	NA	43659969	702648	1.9556807	700176	31175	69412.0	mappable	0.08215	1.0	edge	0.00207386193	2.972033e-05	0.0012155989	0.0788028	0.07883252	46450014	46450014	90109969	90109969	0.163853	1	371502.6	19.26093	0.9933521	NA	NA	0.0	0.97784033	0.9778403	1	1	1:1	2	neutral	4177601
17	20080	18239982	NA	18219906	232419	1.9556807	231350	11637	23499.0	mappable	0.08059474	1.0	edge	0.00227979431	7.870297e-05	0.00255447984	0.08292214	0.08300084	20080	20080	18239982	18239982	0.14749028	1	371502.6	19.26093	0.9933521	NA	NA	0.0	0.97784033	0.9778403	1	1	1:1	2	neutral	4177601
17	18750212	22239986	NA	3489776	25784	1.9556807	25177	885	2691.0	mappable	0.07917045	1.0	self	0.00622295498	0.00067024129	0.00550477856	0.09201874	0.09268898	18750212	18750212	22239986	22239986	0.14436386	1	371502.6	19.26093	0.9933521	NA	NA	0.0	0.97784033	0.9778403	1	1	1:1	2	neutral	4177601
17	25390040	44279982	NA	18889943	210863	1.9556807	210009	8571	21847.0	mappable	0.08215	1.0	self	0.00352069369	0.0001061008	0.00031558371	0.08274339	0.08284949	25390040	25390040	44279982	44279982	0.15637568	1	371502.6	19.26093	0.9933521	NA	NA	0.0	0.97784033	0.9778403	1	1	1:1	2	neutral	4177601
17	44790026	55859999	NA	11069974	145542	1.9556807	145019	5902	14407.0	mappable	0.0753	1.0	self	0.00106192898	0.00015564202	0.00113962901	0.08546954	0.08562519	44790026	44790026	55859937	55859999	0.15015585	1	371502.6	19.26093	0.9933521	NA	NA	0.0	0.97784033	0.9778403	1	1	1:1	2	neutral	4177601
17	55860000	55890007	NA	30008	364	1.4691727	361	44	42.0	mappable	0.04985	7.0	NA	0.02731843675	0.02127659574	0.06188441629	0.13447132	0.15574792	55860000	55860062	55889958	55890007	0.08807387	1	356799.2	18.80585	0.9203759	NA	NA	0.0	0.73458633	0.7345863	1	1	1:1	2	neutral	4177601
17	55890008	55910066	NA	20059	315	2.5781773	315	37	24.0	mappable	0.06683214	4.0	NA	0.01179716345	0.02702702703	0.10891558371	0.1399388	0.16696583	55890008	55890057	55909951	55910181	0.04985777	1	409255.6	22.47432	1.0867266	NA	NA	0.0	1.28908867	1.2890887	1	1	1:1	2	neutral	4177601
17	55910066	59210039	NA	3299974	30353	1.9556807	30239	960	3066.0	mappable	0.08531136	1.0	NA	0.00694569369	0.0009310987	0.00081558371	0.09236159	0.09329269	55909951	55910181	59209893	59210039	0.18588163	1	371502.6	19.26093	0.9933521	NA	NA	0.0	0.97784033	0.9778403	1	1	1:1	2	neutral	4177601
17	59210040	59249962	NA	39923	539	1.3713333	539	1	71.0	mappable	0.62162162	NA	NA	0.54299231531	1.0	0.08798441629	0.13084781	1.13084781	59210040	59210186	59249912	59249962	NA	missing	361636.3	29.32186	0.9057	NA	NA	NA	NA	NA	NA	NA	NA	NA	NA	4177601
17	59249963	81129884	NA	21879924	298478	1.9556807	297140	13771	30928.0	mappable	0.08215	1.0	edge	0.00307164591	6.620324e-05	0.00071293732	0.08202401	0.08209021	59249963	59250013	81129884	81129884	0.18276408	1	371502.6	19.26093	0.9933521	NA	NA	0.0	0.97784033	0.9778403	1	1	1:1	2	neutral	4177601
18	130031	9280003	NA	9149977	140710	1.9556807	140245	6869	13303.0	mappable	0.07743289	1.0	edge	0.00072897475	0.00013635124	0.00183507864	0.08648523	0.08662158	130031	130031	9279968	9280038	0.15656497	1	371502.6	19.26093	0.9933521	NA	NA	0.0	0.97784033	0.9778403	1	1	1:1	2	neutral	4177601
18	9280003	9299951	NA	19949	298	1.6146667	298	0	38.0	mappable	NA	NA	NA	NA	inf	0.05148441629	0.14001652	inf	9279968	9280038	9299896	9299951	NA	missing	369449.3	NA	0.9422	NA	NA	NA	NA	NA	NA	NA	NA	NA	NA	4177601
18	9299952	14119956	NA	4820005	71598	1.9556807	71387	3584	7019.0	mappable	0.07769815	1.0	NA	0.00155279688	0.00026350461	0.00100092688	0.09008764	0.09035115	9299952	9300007	14119956	14119956	0.1388368	1	371502.6	19.26093	0.9933521	NA	NA	0.0	0.97784033	0.9778403	1	1	1:1	2	neutral	4177601
18	14119957	14910026	NA	790070	0	0.0	0	0	NA	mappable	NA	NA	NA	NA	inf	0.99368441629	0.10208446	inf	14119957	14119957	14910026	14910026	NA	missing	NA	NA	0.0	NA	NA	0.0	0.0	0.0	0	0	NA	0	homozygousDel	4177601
18	14910027	14929888	NA	19862	364	2.2233333	363	0	35.0	mappable	NA	NA	NA	0.07862930631	1.0	0.03981558371	0.14007836	1.14007836	14910027	14910027	14929888	14929888	NA	missing	389517.5	NA	1.0335	NA	NA	NA	NA	NA	NA	NA	NA	NA	NA	4177601
18	18540053	44909926	NA	26369877	363487	1.9556807	362467	14528	33896.0	mappable	0.078725	1.0	NA	0.00295272069	6.433764e-05	0.00017948048	0.08112804	0.08119238	18540053	18540053	44909851	44909926	0.14728656	1	371502.6	19.26093	0.9933521	NA	NA	0.0	0.97784033	0.9778403	1	1	1:1	2	neutral	4177601
18	44909927	44929919	NA	19993	432	1.5953333	431	0	83.0	mappable	NA	NA	NA	0.46975779046	1.0	0.05438441629	0.13998537	1.13998537	44909927	44910002	44929828	44930010	NA	missing	357945.1	NA	0.9393	NA	NA	NA	NA	NA	NA	NA	NA	NA	NA	4177601
18	44929919	44940056	NA	10138	180	2.4353333	179	0	20.0	mappable	NA	NA	NA	0.05005787774	1.0	0.07161558371	0.15029135	1.15029135	44929828	44930010	44939985	44940127	NA	missing	376137.8	NA	1.0653	NA	NA	NA	NA	NA	NA	NA	NA	NA	NA	4177601
18	44940056	60793534	NA	15853481	235009	1.9556807	234107	11837	22214.0	mappable	0.078725	1.0	NA	0.00117975899	7.84991e-05	0.00016048231	0.083618	0.08369649	44939985	44940127	60793521	60793534	0.15854333	1	371502.6	19.26093	0.9933521	NA	NA	0.0	0.97784033	0.9778403	1	1	1:1	2	neutral	4177601
18	60793535	60793547	CTX	13	0	0.0	0	0	NA	mappable	NA	NA	NA	NA	inf	0.99368441629	0.54047631	inf	60793535	60793535	60793547	60793547	NA	missing	NA	NA	0.0	NA	NA	0.0	0.0	0.0	0	0	NA	0	homozygousDel	4177601
18	60793548	67999963	CTX	7206418	112295	1.9556807	111963	5963	10137.0	mappable	0.08215	1.0	NA	0.00396657438	0.00015888147	0.00172149452	0.08779303	0.08795191	60793548	60793549	67999919	68000007	0.13993696	1	371502.6	19.26093	0.9933521	NA	NA	0.0	0.97784033	0.9778403	1	1	1:1	2	neutral	4177601
18	67999963	68020018	NA	20056	175	2.5773333	175	0	19.0	mappable	NA	NA	NA	NA	inf	0.09291558371	0.13994091	inf	67999919	68000007	68009995	68030041	NA	missing	406908.8	NA	1.0866	NA	NA	NA	NA	NA	NA	NA	NA	NA	NA	4177601
18	68020018	68079998	NA	59981	740	1.6713333	731	26	83.0	mappable	0.13306121	NA	NA	0.06032902702	0.02857142857	0.04298441629	0.12600633	0.15457776	68009995	68030041	68079980	68079998	NA	missing	363508.3	19.23565	0.9507	NA	NA	NA	NA	NA	NA	NA	NA	NA	NA	4177601
18	68079999	78009968	NA	9929970	166470	1.9556807	165711	8060	16305.0	mappable	0.078725	1.0	edge	0.00012420509	0.0001134044	0.00023092016	0.08604609	0.08615949	68079999	68080017	78009968	78009968	0.15198252	1	371502.6	19.26093	0.9933521	NA	NA	0.0	0.97784033	0.9778403	1	1	1:1	2	neutral	4177601
19	260137	24569972	NA	24309837	256173	1.9556807	254512	11559	27239.0	mappable	0.078725	1.0	edge	0.00294869731	7.564297e-05	0.00289230822	0.08151608	0.08159172	260137	260137	24569972	24569972	0.17274579	1	371502.6	19.26093	0.9933521	NA	NA	0.0	0.97784033	0.9778403	1	1	1:1	2	neutral	4177601
19	27750002	41845001	NA	14095002	182680	1.9556807	181964	6931	18952.0	mappable	0.0795131	1.0	self	0.00349882439	0.00013077024	0.00706246314	0.08421521	0.08434598	27750002	27750002	41839943	41845001	0.16868253	1	371502.6	19.26093	0.9933521	NA	NA	0.0	0.97784033	0.9778403	1	1	1:1	2	neutral	4177601
19	41845002	41859925	NA	14924	176	3.146	162	0	19.0	mappable	NA	NA	identical	0.00891477143	0.07142857143	0.17821558371	0.1442445	0.21567307	41845002	41850060	41859806	41859925	NA	missing	320782.0	NA	1.1719	NA	NA	NA	NA	NA	NA	NA	NA	NA	NA	4177601
19	41859926	43209995	NA	1350070	14496	1.9556807	14450	294	1554.0	mappable	0.082525	1.0	NA	0.00404569369	0.00294117647	0.00061558371	0.09820962	0.1011508	41859926	41860045	43209995	43209995	0.21193301	1	371502.6	19.26093	0.9933521	NA	NA	0.0	0.97784033	0.9778403	1	1	1:1	2	neutral	4177601
19	43209996	43800005	NA	590010	0	0.0	0	0	NA	mappable	NA	NA	NA	NA	inf	0.99368441629	0.10432761	inf	43209996	43209996	43800005	43800005	NA	missing	NA	NA	0.0	NA	NA	0.0	0.0	0.0	0	0	NA	0	homozygousDel	4177601
19	43800006	59089999	NA	15289996	162327	1.9556807	161363	7971	17046.0	mappable	0.078725	1.0	edge	0.00167416142	0.00011191942	0.00475290951	0.08380093	0.08391285	43800006	43800006	59089999	59089999	0.17701358	1	371502.6	19.26093	0.9933521	NA	NA	0.0	0.97784033	0.9778403	1	1	1:1	2	neutral	4177601
20	60479	25729738	NA	25669263	400234	1.9556807	398948	19422	38647.0	mappable	0.08215	1.0	edge	0.00345590348	4.829285e-05	0.00136622443	0.08125609	0.08130439	60479	60479	25729738	25729738	0.15192844	1	371502.6	19.26093	0.9933521	NA	NA	0.0	0.97784033	0.9778403	1	1	1:1	2	neutral	4177601
20	29810057	29830003	NA	19947	978	1.1026667	906	4	138.0	mappable	0.03133333	NA	NA	0.00045430631	0.01315789474	0.12828441629	0.14001794	0.15317583	29810057	29810057	29829979	29830003	NA	missing	432269.1	22.28887	0.8654	NA	NA	NA	NA	NA	NA	NA	NA	NA	NA	4177601
20	29830004	32094961	NA	2264958	29905	1.9556807	29788	961	3059.0	mappable	0.07132692	1.0	NA	0.00781112449	0.00092764378	0.00108441629	0.0947371	0.09566475	29830004	29830028	32089902	32094961	0.16156412	1	371502.6	19.26093	0.9933521	NA	NA	0.0	0.97784033	0.9778403	1	1	1:1	2	neutral	4177601
20	32094962	32114938	NA	19977	144	2.5353333	144	0	23.0	mappable	NA	NA	NA	NA	inf	0.08661558371	0.13999669	inf	32094962	32100021	32109870	32114938	NA	missing	351980.0	NA	1.0803	NA	NA	NA	NA	NA	NA	NA	NA	NA	NA	4177601
20	32114939	62909989	NA	30795056	465918	1.9556807	464114	19007	47657.0	mappable	0.08215	1.0	edge	0.00368991864	4.805151e-05	0.00262994404	0.08039815	0.0804462	32114939	32120007	62909989	62909989	0.15268756	1	371502.6	19.26093	0.9933521	NA	NA	0.0	0.97784033	0.9778403	1	1	1:1	2	neutral	4177601
21	10720001	10755032	NA	35032	1751	1.7426667	1706	0	145.0	mappable	NA	NA	edge	0.06190371626	0.02222222222	0.03228441629	0.13248204	0.15470426	10720001	10720001	10739886	10770178	NA	missing	961913.8	NA	0.9614	NA	NA	NA	NA	NA	NA	NA	NA	NA	NA	4177601
21	10755032	11014966	NA	259935	3091	1.386	2902	0	370.0	mappable	NA	6.0	NA	0.05771877061	0.00529100529	0.08578441629	0.11118652	0.11647753	10739886	10770178	10859932	11170000	NA	missing	1098941.1	NA	0.9079	NA	NA	NA	NA	NA	NA	NA	NA	NA	NA	4177601
21	11014966	11179964	NA	164999	291	1.712	267	0	64.0	mappable	NA	NA	NA	0.30693291293	0.04166666667	0.03688441629	0.11539284	0.15705951	10859932	11170000	11179964	11179964	NA	missing	1640218.0	NA	0.9568	NA	NA	NA	NA	NA	NA	NA	NA	NA	NA	4177601
21	15410077	38319934	NA	22909861	358107	1.9556807	356596	16322	33081.0	mappable	0.078725	1.0	NA	0.00156603316	5.607581e-05	0.00195050212	0.08180138	0.08185746	15410077	15410077	38319863	38320005	0.16419669	1	371502.6	19.26093	0.9933521	NA	NA	0.0	0.97784033	0.9778403	1	1	1:1	2	neutral	4177601
21	38319934	38329908	NA	9975	150	2.5466667	150	0	18.0	mappable	NA	NA	NA	NA	inf	0.08831558371	0.15055592	inf	38319863	38320005	38329794	38330022	NA	missing	372533.3	NA	1.082	NA	NA	NA	NA	NA	NA	NA	NA	NA	NA	4177601
21	38329908	48099931	NA	9770024	157573	1.9556807	156667	7684	16465.0	mappable	0.078725	1.0	edge	9.569369e-05	0.00011641444	0.00068441629	0.0861329	0.08624932	38329794	38330022	48099931	48099931	0.15650171	1	371502.6	19.26093	0.9933521	NA	NA	0.0	0.97784033	0.9778403	1	1	1:1	2	neutral	4177601
22	16850007	51179984	NA	34329982	455012	1.9556807	452995	20123	47688.0	mappable	0.08215	1.0	edge	0.0043607227	4.517324e-05	0.00087515367	0.07989465	0.07993982	16850007	16850007	51179984	51179984	0.17295154	1	371502.6	19.26093	0.9933521	NA	NA	0.0	0.97784033	0.9778403	1	1	1:1	2	neutral	4177601
23	2700027	58499983	NA	55799957	490916	2.5781773	489483	18634	46055.0	mappable	0.085575	4.0	edge	0.00694569369	4.984051e-05	0.08591558371	0.07771892	0.07776876	2700027	2700027	58499983	58499983	0.38884585	2	409255.6	22.47432	1.0867266	18.82974	0.6381182	0.2762363	0.93299558	1.6451818	sub	1	sub:1	sub	sub	4177601
23	61750000	88459980	NA	26709981	245945	2.5781773	245263	9226	22654.0	mappable	0.085575	4.0	NA	0.00694569369	0.00010094892	0.07811558371	0.08106725	0.0811682	61750000	61750000	88459980	88459980	0.39122244	2	409255.6	22.47432	1.0867266	18.82974	0.6381182	0.2762363	0.93299558	1.6451818	sub	1	sub:1	sub	sub	4177601
23	88990017	89349936	NA	359920	1089	2.5781773	1089	91	105.0	mappable	0.11666207	4.0	NA	0.03803276265	0.01098901099	0.07521558371	0.10835811	0.11934712	88990017	88990017	89349936	89349936	0.47631912	2	409255.6	22.47432	1.0867266	18.82974	0.6381182	0.2762363	0.93299558	1.6451818	sub	1	sub:1	sub	sub	4177601
23	89349937	90140198	NA	790262	0	0.0	0	0	NA	mappable	NA	NA	NA	NA	inf	0.99368441629	0.10208263	inf	89349937	89349937	90140198	90140198	NA	missing	NA	NA	0.0	NA	NA	0.0	0.0	0.0	0	0	NA	0	homozygousDel	4177601
23	90140199	91529952	NA	1389754	5103	2.5781773	5090	297	471.0	mappable	0.08153611	4.0	NA	0.0029068048	0.00322580645	0.07451558371	0.09800848	0.10123428	90140199	90140199	91529952	91529952	0.42437278	2	409255.6	22.47432	1.0867266	18.82974	0.6381182	0.2762363	0.93299558	1.6451818	sub	1	sub:1	sub	sub	4177601
23	91529953	92379999	NA	850047	0	0.0	0	0	NA	mappable	NA	NA	NA	NA	inf	0.99368441629	0.10153736	inf	91529953	91529953	92379999	92379999	NA	missing	NA	NA	0.0	NA	NA	0.0	0.0	0.0	0	0	NA	0	homozygousDel	4177601
23	92380000	97549930	NA	5169931	55206	2.5781773	55102	1903	5011.0	mappable	0.0958	4.0	NA	0.01650759845	0.0004982561	0.08161558371	0.08967921	0.09017746	92380000	92380000	97549811	97550049	0.37832398	2	409255.6	22.47432	1.0867266	18.82974	0.6381182	0.2762363	0.93299558	1.6451818	sub	1	sub:1	sub	sub	4177601
23	97549930	97590023	NA	40094	429	2.4940733	429	3	44.0	mappable	0.20331667	5.0	NA	0.12468736036	0.33333333333	0.04581558371	0.13079505	0.46412838	97549811	97550049	97589982	97590064	NA	missing	412638.9	24.77922	1.074111	NA	NA	NA	NA	NA	NA	NA	NA	NA	NA	4177601
23	97590023	154929639	NA	57339617	511636	2.5781773	510195	16001	48056.0	mappable	0.089	4.0	edge	0.01037069369	5.734603e-05	0.08391558371	0.0776005	0.07765785	97589982	97590064	154929639	154929639	0.39551892	2	409255.6	22.47432	1.0867266	18.82974	0.6381182	0.2762363	0.93299558	1.6451818	sub	1	sub:1	sub	sub	4177601
