#chromosome	start	end	crest	length	tcnNbrOfLoci	tcnMean	tcnNbrOfSNPs	tcnNbrOfHets	dhNbrOfLoci	map	dhMax	cluster	neighbour	distDH	errorSNP	distTcn	errorLength	totalError	minStart	maxStart	minStop	maxStop	area	peaks	meanCovT	meanCovB	tcnMeanRaw	AF	BAF	dhMean	c1Mean	c2Mean	A	B	genotype	TCN	GNL	PID
1	840009	879965	NA	39957	786	1.826643	785	4	123.0	mappable	0.0251	NA	edge	0.053245574444	0.2	0.0400220529	0.1308373	0.3308373	840009	840009	879919	879965	NA	missing	295444.1	16.61873	0.9607	NA	NA	NA	NA	NA	NA	NA	NA	NA	NA	4172511
1	879966	12839977	NA	11960015	170704	1.99990035	169847	7406	34676.0	mappable	0.08215	1.0	self	0.00445299606	0.00012102142	0.0023195832	0.08506397	0.085185	879966	880012	12839977	12839977	0.15417726	1	436743.0	22.64244	1.0023818	NA	NA	0.0	0.99995017	0.9999502	1	1	1:1	2	neutral	4172511
1	13780016	14940025	NA	1160010	17876	1.99990035	17805	1071	3717.0	mappable	0.078725	1.0	NA	4.6092223e-05	0.00087565674	0.0082779471	0.09927674	0.1001524	13780016	13780016	14939936	14940025	0.14868366	1	436743.0	22.64244	1.0023818	NA	NA	0.0	0.99995017	0.9999502	1	1	1:1	2	neutral	4172511
1	14940026	14949993	NA	9968	157	1.62795433	157	0	39.0	mappable	NA	NA	NA	NA	inf	0.0878220529	0.15056739	inf	14940026	14940115	14949884	14950102	NA	missing	400715.0	NA	0.9129	NA	NA	NA	NA	NA	NA	NA	NA	NA	NA	4172511
1	14949993	106030011	NA	91080026	1184291	1.99990035	1180258	48228	242079.0	mappable	0.078725	1.0	NA	0.00075073591	1.913509e-05	0.0008492144	0.07564116	0.07566029	14949884	14950102	106029982	106030011	0.15341444	1	436743.0	22.64244	1.0023818	NA	NA	0.0	0.99995017	0.9999502	1	1	1:1	2	neutral	4172511
1	106030012	106040000	NA	9989	247	1.71399733	247	0	47.0	mappable	NA	NA	NA	NA	inf	0.0671220529	0.15053299	inf	106030012	106030041	106039987	106040013	NA	missing	440143.3	NA	0.9336	NA	NA	NA	NA	NA	NA	NA	NA	NA	NA	4172511
1	106040000	120529963	NA	14489964	189992	1.99990035	189481	7885	39036.0	mappable	0.078725	1.0	NA	4.6092223e-05	0.00011910434	0.0077779471	0.08407406	0.08419316	106039987	106040013	120529963	120529963	0.14748861	1	436743.0	22.64244	1.0023818	NA	NA	0.0	0.99995017	0.9999502	1	1	1:1	2	neutral	4172511
1	121220004	121229986	NA	9983	177	1.94552367	177	1	42.0	mappable	0.15384615	NA	NA	0.075167246069	1.0	0.0114220529	0.15054281	1.15054281	121220004	121220004	121229986	121229986	NA	missing	460586.0	26.572269	0.9893	NA	NA	NA	NA	NA	NA	NA	NA	NA	NA	4172511
1	144010127	144019970	NA	9844	155	1.98958433	93	0	33.0	mappable	NA	NA	NA	0.2632474226	0.01612903226	0.0008220529	0.15077238	0.16690141	144010127	144010127	144019970	144019970	NA	missing	1304404.0	NA	0.9999	NA	NA	NA	NA	NA	NA	NA	NA	NA	NA	4172511
1	144920087	145739956	NA	819870	6366	1.99990035	5798	47	1504.0	mappable	0.07296186	1.0	self	0.017078907777	0.00162601626	0.0126779471	0.10180689	0.10343291	144920087	144920087	145739956	145739956	0.3692649	2	436743.0	22.64244	1.0023818	21.83767	0.5384147	0.07682947	0.92312454	1.0767758	1	1	1:1	2	mixDH	4172511
1	146540101	147829895	NA	1289795	11654	1.99990035	11620	523	2419.0	mappable	0.08090833	1.0	self	0.003471092223	0.00179533214	0.0026779471	0.09852843	0.10032376	146540101	146540101	147829895	147829895	0.15721032	1	436743.0	22.64244	1.0023818	NA	NA	0.0	0.99995017	0.9999502	1	1	1:1	2	neutral	4172511
1	149815060	170140025	NA	20324968	262296	1.99990035	261392	11588	53893.0	mappable	0.078725	1.0	NA	5.4344959e-05	8.005123e-05	0.0058976839	0.08238335	0.0824634	149815060	149815060	170139942	170140108	0.13573521	1	436743.0	22.64244	1.0023818	NA	NA	0.0	0.99995017	0.9999502	1	1	1:1	2	neutral	4172511
1	170140025	170150004	NA	9980	149	2.33708167	148	0	28.0	mappable	NA	NA	NA	0.450732856929	1.0	0.0827779471	0.15054772	1.15054772	170139942	170140108	170149911	170150004	NA	missing	476625.7	NA	1.0835	NA	NA	NA	NA	NA	NA	NA	NA	NA	NA	4172511
1	170150005	249200028	NA	79050033	1081106	1.99990035	1077435	51440	219098.0	mappable	0.0753	1.0	NA	0.001108790938	1.814553e-05	0.0045431438	0.07623037	0.07624851	170150005	170150098	249199990	249200066	0.15427616	1	436743.0	22.64244	1.0023818	NA	NA	0.0	0.99995017	0.9999502	1	1	1:1	2	neutral	4172511
1	249200028	249209945	NA	9918	213	2.500023	210	0	54.0	mappable	NA	NA	edge	0.092932097008	0.33333333333	0.1219779471	0.15064967	0.48398301	249199990	249200066	249209945	249209945	NA	missing	408806.7	NA	1.1227	NA	NA	NA	NA	NA	NA	NA	NA	NA	NA	4172511
2	20016	73559975	NA	73539973	1117535	1.99990035	1114002	51931	226206.0	mappable	0.0753	1.0	edge	0.0011141302	1.803101e-05	0.003580674	0.07653444	0.07655247	20016	20016	73559856	73560094	0.14020593	1	436743.0	22.64244	1.0023818	NA	NA	0.0	0.99995017	0.9999502	1	1	1:1	2	neutral	4172511
2	73559975	73569985	NA	10011	141	2.43434767	141	0	28.0	mappable	NA	NA	NA	NA	inf	0.1061779471	0.15049703	inf	73559856	73560094	73569954	73570016	NA	missing	489575.7	NA	1.1069	NA	NA	NA	NA	NA	NA	NA	NA	NA	NA	4172511
2	73569985	87049967	NA	13479984	193099	1.99990035	192541	9070	38960.0	mappable	0.07792115	1.0	NA	0.000731683705	0.00010386373	0.0027058514	0.08444407	0.08454793	73569954	73570016	87049923	87049967	0.14512774	1	436743.0	22.64244	1.0023818	NA	NA	0.0	0.99995017	0.9999502	1	1	1:1	2	neutral	4172511
2	87049968	87059860	NA	9893	150	2.609759	150	6	31.0	mappable	0.10720682	NA	NA	0.028527910405	0.16666666667	0.1483779471	0.150691	0.31735767	87049968	87050012	87059860	87059860	NA	missing	427590.0	22.387967	1.1491	NA	NA	NA	NA	NA	NA	NA	NA	NA	NA	4172511
2	88330099	89094923	NA	764825	9470	1.99990035	9445	381	2080.0	mappable	0.08482353	1.0	self	0.003874938377	0.00246305419	0.0211220529	0.10232916	0.10479222	88330099	88330099	89059837	89130009	0.16539585	1	436743.0	22.64244	1.0023818	NA	NA	0.0	0.99995017	0.9999502	1	1	1:1	2	neutral	4172511
2	89094923	89229990	NA	135068	2404	0.05881267	2403	13	553.0	mappable	0.15080385	NA	NA	0.058919169146	0.07142857143	0.4653220529	0.11734798	0.18877656	89059837	89130009	89229990	89229990	NA	missing	230931.5	12.0486	0.5354	NA	NA	NA	NA	NA	NA	NA	NA	NA	NA	4172511
2	89840102	90239998	NA	399897	914	1.99990035	903	18	292.0	mappable	0.09775	1.0	self	0.008600360516	0.03448275862	0.0086220529	0.10747332	0.14195608	89840102	89840102	90239998	90239998	NA	missing	436743.0	22.64244	1.0023818	NA	NA	NA	NA	NA	NA	NA	NA	NA	NA	4172511
2	95580145	96239991	NA	659847	4444	1.99990035	4438	173	1005.0	mappable	0.07074643	1.0	NA	0.010464622063	0.00558659218	0.0132220529	0.10345663	0.10904322	95580145	95580145	96239991	96239991	0.15362246	1	436743.0	22.64244	1.0023818	NA	NA	0.0	0.99995017	0.9999502	1	1	1:1	2	neutral	4172511
2	96239992	96740020	NA	500029	0	0.0	0	0	NA	mappable	NA	NA	NA	NA	inf	1.0007220529	0.10564318	inf	96239992	96239992	96740020	96740020	NA	missing	NA	NA	0.0	NA	NA	0.0	0.0	0.0	0	0	NA	0	homozygousDel	4172511
2	96740021	124620039	NA	27880019	350062	1.99990035	349017	15961	71358.0	mappable	0.078725	1.0	NA	4.6092223e-05	5.880969e-05	0.0009220529	0.08086451	0.08092332	96740021	96740021	124619978	124620039	0.1437485	1	436743.0	22.64244	1.0023818	NA	NA	0.0	0.99995017	0.9999502	1	1	1:1	2	neutral	4172511
2	124620040	124630012	NA	9973	136	2.310479	136	0	27.0	mappable	NA	NA	NA	NA	inf	0.0763779471	0.15055919	inf	124620040	124620101	124629991	124630033	NA	missing	446625.6	NA	1.0771	NA	NA	NA	NA	NA	NA	NA	NA	NA	NA	4172511
2	124630012	126009987	NA	1379976	20800	1.99990035	20719	951	4118.0	mappable	0.07696667	1.0	NA	0.000671092223	0.00096899225	0.0026220529	0.09805742	0.09902642	124629991	124630033	126009965	126010009	0.13739167	1	436743.0	22.64244	1.0023818	NA	NA	0.0	0.99995017	0.9999502	1	1	1:1	2	neutral	4172511
2	126009987	126020019	NA	10033	147	1.572255	147	0	39.0	mappable	NA	NA	NA	NA	inf	0.1012220529	0.15046118	inf	126009965	126010009	126019996	126020019	NA	missing	427460.0	NA	0.8995	NA	NA	NA	NA	NA	NA	NA	NA	NA	NA	4172511
2	126020020	132189994	NA	6169975	77320	1.99990035	77140	2947	15886.0	mappable	0.0753	1.0	NA	4.6092223e-05	0.00031979533	0.0064220529	0.08866493	0.08898472	126020020	126020043	132189994	132189994	0.1198399	1	436743.0	22.64244	1.0023818	NA	NA	0.0	0.99995017	0.9999502	1	1	1:1	2	neutral	4172511
2	132189995	133009999	NA	820005	0	0.0	0	0	NA	mappable	NA	NA	NA	NA	inf	1.0007220529	0.10180566	inf	132189995	132189995	133009999	133009999	NA	missing	NA	NA	0.0	NA	NA	0.0	0.0	0.0	0	0	NA	0	homozygousDel	4172511
2	133010000	136600001	NA	3590002	49250	1.99990035	49136	1224	10431.0	mappable	0.07325	1.0	NA	0.002559463333	0.00074738416	0.0107220529	0.09184612	0.0925935	133010000	133010000	136599971	136600001	0.17056047	1	436743.0	22.64244	1.0023818	NA	NA	0.0	0.99995017	0.9999502	1	1	1:1	2	neutral	4172511
2	136600002	136619982	NA	19981	334	2.29260533	334	0	66.0	mappable	NA	NA	NA	NA	inf	0.0720779471	0.13999386	inf	136600002	136600032	136619925	136620039	NA	missing	470900.2	NA	1.0728	NA	NA	NA	NA	NA	NA	NA	NA	NA	NA	4172511
2	136619982	212619936	NA	75999961	1003535	1.99990035	1000320	43795	199139.0	mappable	0.078725	1.0	NA	0.001896324647	2.127252e-05	0.0093999063	0.07639567	0.07641694	136619925	136620039	212619818	212620054	0.15829113	1	436743.0	22.64244	1.0023818	NA	NA	0.0	0.99995017	0.9999502	1	1	1:1	2	neutral	4172511
2	212619936	212630044	NA	10109	158	2.49545067	158	0	37.0	mappable	NA	NA	NA	NA	inf	0.1208779471	0.15033804	inf	212619818	212620054	212629966	212630044	NA	missing	480394.0	NA	1.1216	NA	NA	NA	NA	NA	NA	NA	NA	NA	NA	4172511
2	212630045	219029981	NA	6399938	92758	1.99990035	92430	3726	18691.0	mappable	0.0753	1.0	NA	0.002268213137	0.00024673082	0.013293398	0.0884579	0.08870463	212630045	212630123	219029955	219030007	0.13559964	1	436743.0	22.64244	1.0023818	NA	NA	0.0	0.99995017	0.9999502	1	1	1:1	2	neutral	4172511
2	219029981	219045060	NA	15080	273	1.70609967	273	0	62.0	mappable	NA	NA	NA	NA	inf	0.0690220529	0.1440886	inf	219029955	219030007	219039980	219045060	NA	missing	406710.0	NA	0.9317	NA	NA	NA	NA	NA	NA	NA	NA	NA	NA	4172511
2	219045061	238580017	NA	19534959	285238	1.99990035	284156	14319	57739.0	mappable	0.0753	1.0	NA	0.001631647275	6.493506e-05	0.0017293199	0.0825779	0.08264284	219045061	219050141	238579983	238580017	0.15265386	1	436743.0	22.64244	1.0023818	NA	NA	0.0	0.99995017	0.9999502	1	1	1:1	2	neutral	4172511
2	238580018	238589963	NA	9946	176	2.25727367	176	0	34.0	mappable	NA	NA	NA	NA	inf	0.0635779471	0.15060354	inf	238580018	238580052	238589861	238589963	NA	missing	438945.0	NA	1.0643	NA	NA	NA	NA	NA	NA	NA	NA	NA	NA	4172511
2	238589964	242999969	NA	4410007	71918	1.99990035	71542	3863	14493.0	mappable	0.0753	1.0	edge	0.000180164563	0.00023601605	0.0063299175	0.09061111	0.09084712	238589964	238590066	242999969	242999969	0.15727254	1	436743.0	22.64244	1.0023818	NA	NA	0.0	0.99995017	0.9999502	1	1	1:1	2	neutral	4172511
3	100074	11529947	NA	11429874	196908	1.99990035	196139	10711	39322.0	mappable	0.078725	1.0	edge	0.001127582218	8.710801e-05	0.0015437372	0.08530128	0.08538839	100074	100074	11529841	11530053	0.15352595	1	436743.0	22.64244	1.0023818	NA	NA	0.0	0.99995017	0.9999502	1	1	1:1	2	neutral	4172511
3	11529947	11539985	NA	10039	164	2.369088	164	0	32.0	mappable	NA	NA	NA	NA	inf	0.0904779471	0.15045142	inf	11529841	11530053	11539955	11540015	NA	missing	412372.0	NA	1.0912	NA	NA	NA	NA	NA	NA	NA	NA	NA	NA	4172511
3	11539985	75519996	NA	63980019	897913	1.99990035	894941	42206	182811.0	mappable	0.078725	1.0	NA	0.00053411019	2.213663e-05	0.0030293919	0.07712741	0.07714955	11539955	11540015	75279989	75760003	0.15082948	1	436743.0	22.64244	1.0023818	NA	NA	0.0	0.99995017	0.9999502	1	1	1:1	2	neutral	4172511
3	75519996	75775236	NA	255241	887	1.69404533	887	0	68.0	mappable	NA	NA	NA	NA	inf	0.0719220529	0.11134927	inf	75279989	75760003	75769915	75780557	NA	missing	198018.8	NA	0.9288	NA	NA	NA	NA	NA	NA	NA	NA	NA	NA	4172511
3	75775236	90499969	NA	14724735	207436	1.99990035	206787	10007	40512.0	mappable	0.0753	1.0	NA	0.004004493536	9.385265e-05	0.0006618963	0.08399219	0.08408604	75769915	75780557	90499969	90499969	0.13837493	1	436743.0	22.64244	1.0023818	NA	NA	0.0	0.99995017	0.9999502	1	1	1:1	2	neutral	4172511
3	93570175	100569981	NA	6999807	98760	1.99990035	98539	3665	19795.0	mappable	0.07576786	1.0	NA	4.6092223e-05	0.00025740026	0.0089779471	0.08795507	0.08821247	93570175	93570175	100569919	100570043	0.16386661	1	436743.0	22.64244	1.0023818	NA	NA	0.0	0.99995017	0.9999502	1	1	1:1	2	neutral	4172511
3	100569981	100580003	NA	10023	162	1.74018433	162	0	38.0	mappable	NA	NA	NA	NA	inf	0.0608220529	0.15047746	inf	100569919	100570043	100579978	100580028	NA	missing	443375.6	NA	0.9399	NA	NA	NA	NA	NA	NA	NA	NA	NA	NA	4172511
3	100580003	197779892	NA	97199898	1320395	1.99990035	1316199	63443	264542.0	mappable	0.078725	1.0	edge	0.00013251342	1.478459e-05	0.0072776406	0.07537371	0.07538849	100579978	100580028	197779892	197779892	0.15426026	1	436743.0	22.64244	1.0023818	NA	NA	0.0	0.99995017	0.9999502	1	1	1:1	2	neutral	4172511
4	50084	8879943	NA	8829861	144264	1.99990035	143393	7148	29404.0	mappable	0.08215	1.0	edge	0.002882474284	0.00012471938	0.0092019273	0.0866778	0.08680252	50084	50084	8879854	8880032	0.16463936	1	436743.0	22.64244	1.0023818	NA	NA	0.0	0.99995017	0.9999502	1	1	1:1	2	neutral	4172511
4	8879943	8894731	NA	14789	261	2.142134	259	0	55.0	mappable	NA	NA	NA	0.374023794926	0.5	0.0358779471	0.14438101	0.64438101	8879854	8880032	8894662	8894800	NA	missing	335781.1	NA	1.0366	NA	NA	NA	NA	NA	NA	NA	NA	NA	NA	4172511
4	8894731	8939952	NA	45222	906	1.80253433	906	5	191.0	mappable	0.02917794	NA	NA	0.049500966601	0.2	0.0458220529	0.12932648	0.32932648	8894662	8894800	8939952	8939952	NA	missing	372398.3	19.220556	0.9549	NA	NA	NA	NA	NA	NA	NA	NA	NA	NA	4172511
4	9800043	49089961	NA	39289924	599231	1.99990035	597515	27101	120440.0	mappable	0.078725	1.0	self	0.000638081119	3.470174e-05	0.0005319715	0.07927807	0.07931278	9800043	9800043	49089961	49089961	0.13203674	1	436743.0	22.64244	1.0023818	NA	NA	0.0	0.99995017	0.9999502	1	1	1:1	2	neutral	4172511
4	52680564	55799992	NA	3119429	41352	1.99990035	41222	1888	8301.0	mappable	0.0753	1.0	NA	4.6092223e-05	0.00049554014	0.0100220529	0.09270912	0.09320466	52680564	52680564	55799978	55799992	0.15385135	1	436743.0	22.64244	1.0023818	NA	NA	0.0	0.99995017	0.9999502	1	1	1:1	2	neutral	4172511
4	55799993	55810001	NA	10009	180	1.65497267	180	0	48.0	mappable	NA	NA	NA	NA	inf	0.0813220529	0.1505003	inf	55799993	55800007	55809990	55810012	NA	missing	398926.2	NA	0.9194	NA	NA	NA	NA	NA	NA	NA	NA	NA	NA	4172511
4	55810001	116874963	NA	61064966	831484	1.99990035	829030	39076	164664.0	mappable	0.078725	1.0	NA	0.00102284449	2.407898e-05	0.0061885127	0.07732803	0.07735211	55809990	55810012	116869894	116880032	0.13362588	1	436743.0	22.64244	1.0023818	NA	NA	0.0	0.99995017	0.9999502	1	1	1:1	2	neutral	4172511
4	116874963	116899996	NA	25034	353	2.356618	353	0	68.0	mappable	NA	NA	NA	NA	inf	0.0874779471	0.13687754	inf	116869894	116880032	116899969	116899996	NA	missing	494200.9	NA	1.0882	NA	NA	NA	NA	NA	NA	NA	NA	NA	NA	4172511
4	116899997	148899993	NA	31999998	423944	1.99990035	422786	18933	84020.0	mappable	0.0753	1.0	NA	0.002190492712	4.977849e-05	0.0047345074	0.08021958	0.08026936	116899997	116900024	148899987	148899993	0.13554535	1	436743.0	22.64244	1.0023818	NA	NA	0.0	0.99995017	0.9999502	1	1	1:1	2	neutral	4172511
4	148899994	148920029	NA	20036	320	1.809185	320	0	59.0	mappable	NA	NA	NA	NA	inf	0.0442220529	0.13995501	inf	148899994	148900000	148919977	148920029	NA	missing	434793.0	NA	0.9565	NA	NA	NA	NA	NA	NA	NA	NA	NA	NA	4172511
4	148920030	156490074	NA	7570045	101050	1.99990035	100690	5429	19961.0	mappable	0.0753	1.0	NA	0.003378907777	0.00017274141	0.0111779471	0.08752019	0.08769293	148920030	148920082	156489987	156490161	0.1318035	1	436743.0	22.64244	1.0023818	NA	NA	0.0	0.99995017	0.9999502	1	1	1:1	2	neutral	4172511
4	156490074	156500008	NA	9935	164	1.625876	164	0	34.0	mappable	NA	NA	NA	NA	inf	0.0883220529	0.15062164	inf	156489987	156490161	156499985	156500031	NA	missing	414728.0	NA	0.9124	NA	NA	NA	NA	NA	NA	NA	NA	NA	NA	4172511
4	156500008	190939997	NA	34439996	522067	1.99990035	519696	26687	103035.0	mappable	0.078725	1.0	edge	0.000375825133	3.441512e-05	0.0040407601	0.07987992	0.07991433	156499985	156500031	190939997	190939997	0.15710749	1	436743.0	22.64244	1.0023818	NA	NA	0.0	0.99995017	0.9999502	1	1	1:1	2	neutral	4172511
5	50017	46399990	NA	46349982	689036	1.99990035	686540	32400	138590.0	mappable	0.078725	1.0	edge	0.001909751475	2.865986e-05	0.0051866308	0.07853589	0.07856455	50017	50017	46399990	46399990	0.14877184	1	436743.0	22.64244	1.0023818	NA	NA	0.0	0.99995017	0.9999502	1	1	1:1	2	neutral	4172511
5	49470005	68829703	NA	19359699	256689	1.99990035	256010	11121	51700.0	mappable	0.0753	1.0	self	0.003349065003	8.474576e-05	0.0073101374	0.08262225	0.082707	49470005	49470005	68829703	68829703	0.14374097	1	436743.0	22.64244	1.0023818	NA	NA	0.0	0.99995017	0.9999502	1	1	1:1	2	neutral	4172511
5	70750153	145899915	NA	75149765	1043461	1.99990035	1040512	47715	208345.0	mappable	0.078725	1.0	NA	0.001041740952	1.973788e-05	0.0096683597	0.07644306	0.0764628	70750153	70750153	145899808	145900022	0.13265951	1	436743.0	22.64244	1.0023818	NA	NA	0.0	0.99995017	0.9999502	1	1	1:1	2	neutral	4172511
5	145899915	145919932	NA	20018	294	1.70734667	294	0	65.0	mappable	NA	NA	NA	NA	inf	0.0687220529	0.13996771	inf	145899808	145900022	145919811	145919932	NA	missing	381209.9	NA	0.932	NA	NA	NA	NA	NA	NA	NA	NA	NA	NA	4172511
5	145919933	158579984	NA	12660053	180716	1.99990035	180221	9044	36902.0	mappable	0.078725	1.0	NA	0.000418914322	0.00010483279	0.0034944735	0.0847681	0.08487294	145919933	145920054	158579950	158579984	0.12543811	1	436743.0	22.64244	1.0023818	NA	NA	0.0	0.99995017	0.9999502	1	1	1:1	2	neutral	4172511
5	158579985	158609997	NA	30013	416	2.37947967	416	0	89.0	mappable	NA	NA	NA	NA	inf	0.0929779471	0.13446915	inf	158579985	158580019	158609954	158610040	NA	missing	486082.5	NA	1.0937	NA	NA	NA	NA	NA	NA	NA	NA	NA	NA	4172511
5	158609997	174939994	NA	16329998	238683	1.99990035	237865	11920	47931.0	mappable	0.0753	1.0	NA	0.003378907777	7.851142e-05	0.0030220529	0.0834689	0.08354741	158609954	158610040	174939985	174940003	0.15628668	1	436743.0	22.64244	1.0023818	NA	NA	0.0	0.99995017	0.9999502	1	1	1:1	2	neutral	4172511
5	174939994	174960075	NA	20082	309	1.67243067	309	0	61.0	mappable	NA	NA	NA	NA	inf	0.0771220529	0.13992261	inf	174939985	174940003	174959981	174960075	NA	missing	405649.6	NA	0.9236	NA	NA	NA	NA	NA	NA	NA	NA	NA	NA	4172511
5	174960076	180689979	NA	5729904	66426	1.99990035	66119	3336	13248.0	mappable	0.08215	1.0	edge	0.003471092223	0.00027457441	0.0062220529	0.08908654	0.08936112	174960076	174960170	180689979	180689979	0.17831532	1	436743.0	22.64244	1.0023818	NA	NA	0.0	0.99995017	0.9999502	1	1	1:1	2	neutral	4172511
6	201976	32439982	NA	32238012	481356	1.99990035	478846	27183	96163.0	mappable	0.078725	1.0	edge	0.000916694198	3.367797e-05	0.0035196067	0.0801852	0.08021888	201976	201976	32429961	32439982	0.15895146	1	436743.0	22.64244	1.0023818	NA	NA	0.0	0.99995017	0.9999502	1	1	1:1	2	neutral	4172511
6	32439983	32480041	NA	40059	1151	2.28761733	886	63	149.0	mappable	0.24018864	NA	NA	0.161835798105	0.00304878049	0.0708779471	0.13080583	0.13385461	32439983	32450004	32459999	32500083	0.51921699	2	694128.3	40.831076	1.0716	32.46539	0.6718054	0.34361084	0.75078361	1.5368337	sub	1	sub:1	sub	sub	4172511
6	32480041	32534986	NA	54946	1705	1.78647755	1355	131	198.0	mappable	0.08588846	5.0	NA	0.028924815627	0.00207900208	0.0411220529	0.12701859	0.12909759	32459999	32500083	32519968	32550004	0.59739492	2	516696.4	29.493601	0.9510371	27.23024	0.6566917	0.31338345	0.61331252	1.173165	1	sub	1:sub	sub	sub	4172511
6	32534986	32579979	NA	44994	3082	2.28002227	2615	287	426.0	mappable	0.08382368	3.0	NA	0.001234885326	0.00132625995	0.1095779471	0.12938749	0.13071375	32519968	32550004	32579951	32580007	0.33764009	2	489571.1	26.250723	1.0697728	22.93706	0.5705971	0.14119424	0.97904813	1.3009741	sub	1	sub:1	sub	sub	4172511
6	32579979	48940017	NA	16360042	241241	1.99990035	239469	12647	48854.0	mappable	0.078725	1.0	NA	0.000207365949	6.935294e-05	0.0096334173	0.08345966	0.08352901	32579951	32580007	48939959	48940017	0.17058699	1	436743.0	22.64244	1.0023818	NA	NA	0.0	0.99995017	0.9999502	1	1	1:1	2	neutral	4172511
6	48940018	48949983	NA	9966	170	2.39361233	170	0	31.0	mappable	NA	NA	NA	NA	inf	0.0963779471	0.15057068	inf	48940018	48940076	48949938	48949983	NA	missing	480491.1	NA	1.0971	NA	NA	NA	NA	NA	NA	NA	NA	NA	NA	4172511
6	48949984	57729420	NA	8779437	130750	1.99990035	128969	5225	26117.0	mappable	0.07591711	1.0	NA	0.003378907777	0.00014275517	0.0025220529	0.08670885	0.0868516	48949984	48950029	57689985	57729420	0.1453329	1	436743.0	22.64244	1.0023818	NA	NA	0.0	0.99995017	0.9999502	1	1	1:1	2	neutral	4172511
6	57729421	58019982	INV	290562	504	1.91060767	504	0	114.0	mappable	NA	NA	NA	NA	inf	0.0198220529	0.11020203	inf	57729421	58000059	58019982	58019982	NA	missing	434283.3	NA	0.9809	NA	NA	NA	NA	NA	NA	NA	NA	NA	NA	4172511
6	58336498	58610010	INV	273513	0	0.0	0	0	NA	mappable	NA	NA	NA	NA	inf	1.0007220529	0.11073431	inf	58336498	58336498	58610010	58610010	NA	missing	NA	NA	0.0	NA	NA	0.0	0.0	0.0	0	0	NA	0	homozygousDel	4172511
6	58610011	58769997	NA	159987	572	1.99990035	572	1	114.0	mappable	0.10526316	1.0	NA	0.026584250118	1.0	0.0190220529	0.11568989	1.11568989	58610011	58610011	58769997	58769997	NA	missing	436743.0	22.64244	1.0023818	NA	NA	NA	NA	NA	NA	NA	NA	NA	NA	4172511
6	61890002	130039977	NA	68149982	935736	1.99990035	932812	46553	184546.0	mappable	0.078725	1.0	self	0.00013164762	2.021182e-05	0.0065271147	0.07685742	0.07687763	61890002	61890002	130039918	130039977	0.14250252	1	436743.0	22.64244	1.0023818	NA	NA	0.0	0.99995017	0.9999502	1	1	1:1	2	neutral	4172511
6	130039978	130059943	NA	19966	298	1.78647755	297	26	70.0	mappable	0.06363611	5.0	NA	0.015042796666	0.03703703704	0.0490220529	0.14000447	0.17704151	130039978	130040037	130059825	130060061	NA	missing	516696.4	29.493601	0.9510371	NA	NA	NA	NA	NA	NA	NA	NA	NA	NA	4172511
6	130059943	130069985	NA	10043	157	2.28519275	149	0	38.0	mappable	NA	2.0	NA	0.065675152052	0.125	0.0816779471	0.15044491	0.27544491	130059825	130060061	130069941	130070029	NA	missing	422055.3	NA	1.0710167	NA	NA	NA	NA	NA	NA	NA	NA	NA	NA	4172511
6	130069985	170899935	NA	40829955	602422	1.99990035	600091	29621	121305.0	mappable	0.078725	1.0	edge	8.084613e-06	3.129695e-05	0.0084982649	0.07910415	0.07913544	130069941	130070029	170899935	170899935	0.14255951	1	436743.0	22.64244	1.0023818	NA	NA	0.0	0.99995017	0.9999502	1	1	1:1	2	neutral	4172511
7	40386	57999988	NA	57959616	854795	1.99990035	851983	44029	170367.0	mappable	0.078725	1.0	edge	0.00113347118	2.134927e-05	0.0041921478	0.07755381	0.07757516	40386	40386	57999988	57999988	0.12936283	1	436743.0	22.64244	1.0023818	NA	NA	0.0	0.99995017	0.9999502	1	1	1:1	2	neutral	4172511
7	61530139	70340023	NA	8809886	87727	1.99990035	87045	3783	18086.0	mappable	0.078725	1.0	NA	0.001048515976	0.00022396417	0.0135951171	0.08669007	0.08691404	61530139	61530139	70339963	70340083	0.16313845	1	436743.0	22.64244	1.0023818	NA	NA	0.0	0.99995017	0.9999502	1	1	1:1	2	neutral	4172511
7	70340023	70359998	NA	19976	314	2.336666	314	0	77.0	mappable	NA	NA	NA	NA	inf	0.0826779471	0.1399974	inf	70339963	70340083	70359996	70359998	NA	missing	423622.8	NA	1.0834	NA	NA	NA	NA	NA	NA	NA	NA	NA	NA	4172511
7	70359999	72229988	NA	1869990	26101	1.99990035	25970	1504	5210.0	mappable	0.08215	1.0	NA	4.6092223e-05	0.0006116208	0.0169220529	0.09599417	0.09660579	70359999	70360001	72229988	72229988	0.16726385	1	436743.0	22.64244	1.0023818	NA	NA	0.0	0.99995017	0.9999502	1	1	1:1	2	neutral	4172511
7	72750118	74139961	NA	1389844	10220	1.99990035	10176	249	2159.0	mappable	0.0753	1.0	self	0.003471092223	0.00341296928	0.0127220529	0.09800803	0.101421	72750118	72750118	74139961	74139961	0.23688301	1	436743.0	22.64244	1.0023818	NA	NA	0.0	0.99995017	0.9999502	1	1	1:1	2	neutral	4172511
7	75160045	76059952	NA	899908	8422	1.99990035	8386	386	1727.0	mappable	0.08621304	1.0	self	0.004626974576	0.00236966825	0.0034779471	0.10111521	0.10348488	75160045	75160045	76059952	76059952	0.15625271	1	436743.0	22.64244	1.0023818	NA	NA	0.0	0.99995017	0.9999502	1	1	1:1	2	neutral	4172511
7	76810004	113299936	NA	36489934	473076	1.99990035	471477	20806	94456.0	mappable	0.0753	1.0	NA	0.002448976911	4.463489e-05	0.0045137519	0.07961468	0.07965932	76810004	76810004	113299857	113299936	0.14805777	1	436743.0	22.64244	1.0023818	NA	NA	0.0	0.99995017	0.9999502	1	1	1:1	2	neutral	4172511
7	113299937	113320002	NA	20066	327	1.79837767	327	0	74.0	mappable	NA	NA	NA	NA	inf	0.0468220529	0.13993387	inf	113299937	113300016	113319982	113320002	NA	missing	457209.5	NA	0.9539	NA	NA	NA	NA	NA	NA	NA	NA	NA	NA	4172511
7	113320003	156879949	NA	43559951	574754	1.99990035	572780	26443	116343.0	mappable	0.0753	1.0	NA	0.000850408061	3.519144e-05	0.0024490855	0.07881308	0.07884827	113320003	113320023	156879809	156879949	0.14758061	1	436743.0	22.64244	1.0023818	NA	NA	0.0	0.99995017	0.9999502	1	1	1:1	2	neutral	4172511
7	156879950	156895024	NA	15075	206	2.23607467	206	0	49.0	mappable	NA	NA	NA	NA	inf	0.0584779471	0.14409356	inf	156879950	156880090	156889992	156900056	NA	missing	392418.6	NA	1.0592	NA	NA	NA	NA	NA	NA	NA	NA	NA	NA	4172511
7	156895024	159119808	NA	2224785	40472	1.99990035	40042	1405	8429.0	mappable	0.078725	1.0	edge	0.003471092223	0.00054495913	0.0094220529	0.09485311	0.09539807	156889992	156900056	159119808	159119808	0.21705151	1	436743.0	22.64244	1.0023818	NA	NA	0.0	0.99995017	0.9999502	1	1	1:1	2	neutral	4172511
8	170012	2839967	NA	2669959	61184	1.99990035	60580	2633	12617.0	mappable	0.08215	1.0	edge	0.005157893778	0.00030911901	0.0240701783	0.0936839	0.09399302	170012	170012	2839923	2840011	0.17981686	1	436743.0	22.64244	1.0023818	NA	NA	0.0	0.99995017	0.9999502	1	1	1:1	2	neutral	4172511
8	2839967	2869966	NA	30000	766	2.118441	766	0	149.0	mappable	NA	NA	NA	NA	inf	0.0301779471	0.1344748	inf	2839923	2840011	2869904	2869966	NA	missing	435917.9	NA	1.0309	NA	NA	NA	NA	NA	NA	NA	NA	NA	NA	4172511
8	2869967	6919904	NA	4049946	131749	1.99990035	131318	7904	26077.0	mappable	0.078725	1.0	NA	6.9580306e-05	0.000119976	0.0103843692	0.09111837	0.09123834	2869967	2870029	6919904	6919904	0.14904545	1	436743.0	22.64244	1.0023818	NA	NA	0.0	0.99995017	0.9999502	1	1	1:1	2	neutral	4172511
8	8100000	11859985	NA	3759988	79337	1.99990035	79059	5099	15843.0	mappable	0.078725	1.0	self	0.001261630383	0.0001860119	0.0052935539	0.09156546	0.09175147	8100000	8100000	11859985	11859985	0.1296524	1	436743.0	22.64244	1.0023818	NA	NA	0.0	0.99995017	0.9999502	1	1	1:1	2	neutral	4172511
8	12580042	43789991	NA	31209959	520686	1.99990035	519097	22524	106345.0	mappable	0.078725	1.0	self	0.000433887513	4.147485e-05	0.0084709114	0.08033579	0.08037727	12580042	12580042	43789991	43789991	0.14839529	1	436743.0	22.64244	1.0023818	NA	NA	0.0	0.99995017	0.9999502	1	1	1:1	2	neutral	4172511
8	46880007	58850021	NA	11970019	166511	1.99990035	166148	7272	33870.0	mappable	0.078725	1.0	NA	0.000183848017	0.00013099293	0.0040221574	0.08505961	0.0851906	46880007	46880007	58849908	58850134	0.12136908	1	436743.0	22.64244	1.0023818	NA	NA	0.0	0.99995017	0.9999502	1	1	1:1	2	neutral	4172511
8	58850021	58870012	NA	19992	313	1.78840167	313	0	58.0	mappable	NA	NA	NA	NA	inf	0.0492220529	0.13998608	inf	58849908	58850134	58869980	58870044	NA	missing	431226.9	NA	0.9515	NA	NA	NA	NA	NA	NA	NA	NA	NA	NA	4172511
8	58870012	146289988	NA	87419985	1221465	1.99990035	1217681	53370	246394.0	mappable	0.078725	1.0	edge	0.000956741731	1.749781e-05	0.003751879	0.07581082	0.07582831	58869980	58870044	146289988	146289988	0.1504654	1	436743.0	22.64244	1.0023818	NA	NA	0.0	0.99995017	0.9999502	1	1	1:1	2	neutral	4172511
9	200101	9949973	NA	9749873	191687	1.99990035	191178	8326	38803.0	mappable	0.078725	1.0	edge	4.6092223e-05	0.00011318619	0.0071779471	0.08614395	0.08625714	200101	200101	9949919	9950027	0.15400184	1	436743.0	22.64244	1.0023818	NA	NA	0.0	0.99995017	0.9999502	1	1	1:1	2	neutral	4172511
9	9949973	9959995	NA	10023	245	1.69030433	245	0	49.0	mappable	NA	NA	NA	NA	inf	0.0728220529	0.15047746	inf	9949919	9950027	9959962	9960028	NA	missing	450635.7	NA	0.9279	NA	NA	NA	NA	NA	NA	NA	NA	NA	NA	4172511
9	9959995	38769828	NA	28809837	453468	1.99990035	452297	19520	90476.0	mappable	0.078725	1.0	NA	0.00013168426	4.833019e-05	0.002689779	0.08071006	0.08075839	9959962	9960028	38769828	38769828	0.13834255	1	436743.0	22.64244	1.0023818	NA	NA	0.0	0.99995017	0.9999502	1	1	1:1	2	neutral	4172511
9	66840048	66849972	NA	9925	540	1.99990035	501	0	177.0	mappable	NA	1.0	self	0.029686050634	0.02564102564	0.0283220529	0.15063813	0.17627915	66840048	66840048	66849972	66849972	NA	missing	436743.0	NA	1.0023818	NA	NA	NA	NA	NA	NA	NA	NA	NA	NA	4172511
9	68410004	68419976	NA	9973	1130	1.97420467	1050	0	495.0	mappable	NA	NA	NA	0.235848870001	0.0125	0.0045220529	0.15055919	0.16305919	68410004	68410004	68419976	68419976	NA	missing	2544322.0	NA	0.9962	NA	NA	NA	NA	NA	NA	NA	NA	NA	NA	4172511
9	71030093	126319999	NA	55289912	760254	1.99990035	757915	38338	152973.0	mappable	0.078725	1.0	NA	0.000488961009	2.458392e-05	0.0077585137	0.07775895	0.07778353	71030093	71030093	126319850	126319999	0.13443807	1	436743.0	22.64244	1.0023818	NA	NA	0.0	0.99995017	0.9999502	1	1	1:1	2	neutral	4172511
9	126320000	126339977	NA	19978	311	2.26641833	311	0	62.0	mappable	NA	NA	NA	NA	inf	0.0657779471	0.13999598	inf	126320000	126320149	126339921	126339977	NA	missing	465474.2	NA	1.0665	NA	NA	NA	NA	NA	NA	NA	NA	NA	NA	4172511
9	126339978	141019791	NA	14679817	200467	1.99990035	199478	7585	40878.0	mappable	0.078725	1.0	edge	0.001715923993	0.00011663168	0.003496825	0.08400774	0.08412437	126339978	126340034	141019791	141019791	0.16098896	1	436743.0	22.64244	1.0023818	NA	NA	0.0	0.99995017	0.9999502	1	1	1:1	2	neutral	4172511
10	130013	39119997	NA	38989989	583776	1.99990035	581441	27001	118925.0	mappable	0.078725	1.0	edge	0.000792204112	3.408781e-05	0.0047113269	0.07931283	0.07934692	130013	130013	39119994	39120000	0.15239454	1	436743.0	22.64244	1.0023818	NA	NA	0.0	0.99995017	0.9999502	1	1	1:1	2	neutral	4172511
10	39119997	39129998	NA	10002	759	1.47083233	753	0	225.0	mappable	NA	NA	NA	0.340767886896	0.16666666667	0.1256220529	0.15051173	0.3171784	39119994	39120000	39129993	39130003	NA	missing	525808.8	NA	0.8751	NA	NA	NA	NA	NA	NA	NA	NA	NA	NA	4172511
10	39129998	39149984	NA	19987	1264	1.78647755	1255	0	363.0	mappable	NA	5.0	NA	0.028885486725	0.11111111111	0.0511220529	0.13998961	0.25110072	39129993	39130003	39149984	39149984	NA	missing	516696.4	NA	0.9510371	NA	NA	NA	NA	NA	NA	NA	NA	NA	NA	4172511
10	42410000	46159967	NA	3749970	43604	1.99990035	43403	2629	8719.0	mappable	0.078725	1.0	self	0.002264761245	0.00035335689	0.0098061461	0.0915816	0.09193496	42410000	42410000	46159967	46159967	0.12508506	1	436743.0	22.64244	1.0023818	NA	NA	0.0	0.99995017	0.9999502	1	1	1:1	2	neutral	4172511
10	48310177	48649979	NA	339803	5355	1.99990035	5343	172	1120.0	mappable	0.0774375	1.0	self	0.001818038212	0.00543478261	0.0020220529	0.10884745	0.11428224	48310177	48310177	48649959	48649979	0.12408657	1	436743.0	22.64244	1.0023818	NA	NA	0.0	0.99995017	0.9999502	1	1	1:1	2	neutral	4172511
10	48649980	48659961	NA	9982	210	1.78647755	199	0	51.0	mappable	NA	5.0	NA	0.034151561094	0.09090909091	0.0783220529	0.15054445	0.24145354	48649980	48650000	48659961	48659961	NA	missing	516696.4	NA	0.9510371	NA	NA	NA	NA	NA	NA	NA	NA	NA	NA	4172511
10	49390096	104739996	NA	55349904	743630	1.99990035	741415	31202	151457.0	mappable	0.078725	1.0	self	0.000110684319	2.992578e-05	0.0005516849	0.07775422	0.07778414	49390096	49390096	104739870	104740122	0.13981161	1	436743.0	22.64244	1.0023818	NA	NA	0.0	0.99995017	0.9999502	1	1	1:1	2	neutral	4172511
10	104739996	104750092	NA	10097	113	2.69621767	113	6	23.0	mappable	0.06191204	NA	identical	0.01676687074	0.16666666667	0.1691779471	0.15035741	0.31702408	104739870	104740122	104749945	104750092	NA	missing	470082.0	25.296401	1.1699	NA	NA	NA	NA	NA	NA	NA	NA	NA	NA	4172511
10	104750093	135439925	NA	30689835	467410	1.99990035	465663	24181	94643.0	mappable	0.0753	1.0	edge	3.109327e-06	3.857281e-05	0.0059847934	0.08041411	0.08045268	104750093	104750240	135439925	135439925	0.1374238	1	436743.0	22.64244	1.0023818	NA	NA	0.0	0.99995017	0.9999502	1	1	1:1	2	neutral	4172511
11	190010	19620070	NA	19430062	273840	1.99990035	272546	15619	54273.0	mappable	0.078725	1.0	edge	0.001761390532	5.912961e-05	0.002842929	0.08260439	0.08266352	190010	190010	19619975	19620070	0.15394907	1	436743.0	22.64244	1.0023818	NA	NA	0.0	0.99995017	0.9999502	1	1	1:1	2	neutral	4172511
11	19620071	19630019	NA	9949	148	2.273069	148	0	28.0	mappable	NA	NA	NA	NA	inf	0.0673779471	0.1505986	inf	19620071	19620166	19629985	19630053	NA	missing	440600.0	NA	1.0681	NA	NA	NA	NA	NA	NA	NA	NA	NA	NA	4172511
11	19630019	19679937	NA	49919	674	1.78647755	669	5	146.0	mappable	0.10582143	5.0	NA	0.030846092223	0.1	0.0600220529	0.12814515	0.22814515	19629985	19630053	19679871	19680003	NA	missing	516696.4	29.493601	0.9510371	NA	NA	NA	NA	NA	NA	NA	NA	NA	NA	4172511
11	19679937	48899996	NA	29220064	419789	1.99990035	418294	18466	84278.0	mappable	0.0753	1.0	NA	0.002767068326	5.009769e-05	0.0027603136	0.08064368	0.08069378	19679871	19680003	48899996	48899996	0.15716596	1	436743.0	22.64244	1.0023818	NA	NA	0.0	0.99995017	0.9999502	1	1	1:1	2	neutral	4172511
11	48899997	50170092	NA	1270096	0	0.0	0	0	NA	mappable	NA	NA	NA	NA	inf	1.0007220529	0.09863632	inf	48899997	48899997	50170092	50170092	NA	missing	NA	NA	0.0	NA	NA	0.0	0.0	0.0	0	0	NA	0	homozygousDel	4172511
11	50170093	50719999	NA	549907	10768	1.99990035	10699	664	2041.0	mappable	0.08286859	1.0	NA	0.006698473175	0.00136425648	0.0118220529	0.10488321	0.10624747	50170093	50170093	50719994	50719999	0.09569753	1	436743.0	22.64244	1.0023818	NA	NA	0.0	0.99995017	0.9999502	1	1	1:1	2	neutral	4172511
11	50720000	50730013	NA	10014	613	2.28002227	585	0	119.0	mappable	NA	3.0	NA	0.027035067197	0.03571428571	0.0410779471	0.15049214	0.18620642	50720000	50720005	50729996	50730013	NA	missing	489571.1	NA	1.0697728	NA	NA	NA	NA	NA	NA	NA	NA	NA	NA	4172511
11	51340026	51579984	NA	239959	1694	1.99990035	1651	27	354.0	mappable	0.07014281	1.0	self	0.011170212125	0.01428571429	0.0229779471	0.11190421	0.12618993	51340026	51340061	51579984	51579984	NA	missing	436743.0	22.64244	1.0023818	NA	NA	NA	NA	NA	NA	NA	NA	NA	NA	4172511
11	54792817	77860000	NA	23067184	289354	1.99990035	288019	12716	59003.0	mappable	0.078725	1.0	NA	4.9861868e-05	7.117944e-05	0.0012855274	0.08176836	0.08183954	54792817	54792817	77859968	77860000	0.15108189	1	436743.0	22.64244	1.0023818	NA	NA	0.0	0.99995017	0.9999502	1	1	1:1	2	neutral	4172511
11	77860001	77879972	NA	19972	353	2.319208	353	0	86.0	mappable	NA	NA	NA	NA	inf	0.0784779471	0.14000023	inf	77860001	77860033	77879937	77879972	NA	missing	432706.9	NA	1.0792	NA	NA	NA	NA	NA	NA	NA	NA	NA	NA	4172511
11	77879973	89349940	NA	11469970	165746	1.99990035	165298	8022	33033.0	mappable	0.0753	1.0	NA	0.001215424035	0.00011806375	0.0004098441	0.08528291	0.08540097	77879973	77880008	89349940	89349940	0.12948144	1	436743.0	22.64244	1.0023818	NA	NA	0.0	0.99995017	0.9999502	1	1	1:1	2	neutral	4172511
11	89850037	111159973	NA	21309938	309597	1.99990035	308551	14708	61408.0	mappable	0.07428333	1.0	NA	0.003754174747	6.347594e-05	0.0030860902	0.08215231	0.08221579	89850037	89850037	111159929	111160017	0.13031845	1	436743.0	22.64244	1.0023818	NA	NA	0.0	0.99995017	0.9999502	1	1	1:1	2	neutral	4172511
11	111159973	111170217	NA	10245	160	2.33084667	160	0	44.0	mappable	NA	NA	NA	NA	inf	0.0812779471	0.15012048	inf	111159929	111160017	111169990	111170444	NA	missing	421898.3	NA	1.082	NA	NA	NA	NA	NA	NA	NA	NA	NA	NA	4172511
11	111170217	134939862	NA	23769647	354798	1.99990035	353522	16706	72963.0	mappable	0.078725	1.0	edge	0.000217429519	5.561117e-05	0.0033573313	0.08162393	0.08167954	111169990	111170444	134939862	134939862	0.14917652	1	436743.0	22.64244	1.0023818	NA	NA	0.0	0.99995017	0.9999502	1	1	1:1	2	neutral	4172511
12	160107	10529935	NA	10369830	138013	1.99990035	137339	6265	28319.0	mappable	0.078725	1.0	edge	6.464767e-05	0.00014411298	0.0028333339	0.08581522	0.08595933	160107	160107	10529860	10530010	0.16180702	1	436743.0	22.64244	1.0023818	NA	NA	0.0	0.99995017	0.9999502	1	1	1:1	2	neutral	4172511
12	10529935	10549934	NA	20000	261	2.355371	261	0	46.0	mappable	NA	NA	NA	NA	inf	0.0871779471	0.13998042	inf	10529860	10530010	10549862	10549934	NA	missing	495992.4	NA	1.0879	NA	NA	NA	NA	NA	NA	NA	NA	NA	NA	4172511
12	10549935	34819969	NA	24270038	340160	1.99990035	339001	16948	67424.0	mappable	0.0753	1.0	NA	0.002761077312	5.522726e-05	0.0046250264	0.08152393	0.08157916	10549935	10550007	34819969	34819969	0.14826466	1	436743.0	22.64244	1.0023818	NA	NA	0.0	0.99995017	0.9999502	1	1	1:1	2	neutral	4172511
12	38000003	53229977	NA	15229981	207510	1.99990035	206836	8682	42119.0	mappable	0.0753	1.0	NA	0.002352418713	0.00010690614	0.0034612134	0.08382085	0.08392776	38000003	38000003	53229947	53229977	0.14310829	1	436743.0	22.64244	1.0023818	NA	NA	0.0	0.99995017	0.9999502	1	1	1:1	2	neutral	4172511
12	53229978	53240006	NA	10029	184	2.710766	184	0	33.0	mappable	NA	NA	NA	NA	inf	0.1726779471	0.15046769	inf	53229978	53230008	53239995	53240006	NA	missing	399200.0	NA	1.1734	NA	NA	NA	NA	NA	NA	NA	NA	NA	NA	4172511
12	53240007	133819926	NA	80579928	1095334	1.99990035	1091405	49427	221715.0	mappable	0.078725	1.0	edge	0.000313440103	1.874414e-05	0.0021220722	0.0761501	0.07616885	53240007	53240018	133819926	133819926	0.1488948	1	436743.0	22.64244	1.0023818	NA	NA	0.0	0.99995017	0.9999502	1	1	1:1	2	neutral	4172511
13	19450038	23629992	NA	4179955	51902	1.99990035	51709	2437	10426.0	mappable	0.0753	1.0	edge	4.6092223e-05	0.00038022814	0.0063220529	0.09092953	0.09130975	19450038	19450038	23629960	23629992	0.17640889	1	436743.0	22.64244	1.0023818	NA	NA	0.0	0.99995017	0.9999502	1	1	1:1	2	neutral	4172511
13	23629993	23640001	NA	10009	201	2.50210133	199	2	32.0	mappable	0.39090909	NA	identical	0.922152910405	0.25	0.1224779471	0.1505003	0.4005003	23629993	23630025	23639900	23640102	NA	missing	444214.0	30.893065	1.1232	NA	NA	NA	NA	NA	NA	NA	NA	NA	NA	4172511
13	23640001	115099984	NA	91459987	1315700	1.99990035	1310973	66367	261893.0	mappable	0.078725	1.0	edge	0.000174026746	1.406668e-05	0.0019043243	0.07562398	0.07563805	23639900	23640102	115099984	115099984	0.14900066	1	436743.0	22.64244	1.0023818	NA	NA	0.0	0.99995017	0.9999502	1	1	1:1	2	neutral	4172511
14	20330060	106130012	NA	85799962	1207124	1.99990035	1203177	55631	243667.0	mappable	0.078725	1.0	edge	0.000650195099	1.678585e-05	0.0027307932	0.07588844	0.07590523	20330060	20330060	106009942	106250082	0.14437363	1	436743.0	22.64244	1.0023818	NA	NA	0.0	0.99995017	0.9999502	1	1	1:1	2	neutral	4172511
14	106130012	106690015	NA	560004	3549	1.08259967	3532	149	732.0	mappable	0.4315	NA	NA	0.356246092223	0.00602409639	0.2190220529	0.10473903	0.11076313	106009942	106250082	106689978	106690052	0.74870385	2	335174.8	22.344985	0.7817	21.49041	1.0002259	1.0	0.0	1.0825997	1	0	1:0	1	LOH	4172511
14	106690015	106920010	NA	229996	3125	1.65247867	3044	50	684.0	mappable	0.684214	NA	NA	0.386419872711	0.00763358779	0.0819220529	0.11228859	0.11992217	106689978	106690052	106919982	106920010	0.87947914	2	548496.3	37.196876	0.9188	29.92032	0.9117587	0.82351737	0.14581689	1.5066618	sub	0	sub:0	sub	sub	4172511
14	106920011	107090005	NA	169995	2523	1.140793	2351	234	473.0	mappable	0.3904	NA	NA	0.304871092223	0.00246305419	0.2050220529	0.11510703	0.11757009	106920011	106920039	107079996	107090005	0.9366983	2	365415.9	24.704785	0.7957	23.01715	1.0104824	1.0	0.0	1.140793	1	0	1:0	1	LOH	4172511
14	107090006	107259908	NA	169903	2907	2.28002227	2688	19	670.0	mappable	0.04453617	3.0	edge	0.016950336349	0.00420168067	0.0378779471	0.11511221	0.11931389	107090006	107100015	107259908	107259908	NA	missing	489571.1	26.250723	1.0697728	NA	NA	NA	NA	NA	NA	NA	NA	NA	NA	4172511
15	20850000	20859924	NA	9925	165	2.188273	133	0	36.0	mappable	NA	6.0	edge	0.251527659014	0.03125	0.0469779471	0.15063813	0.18188813	20850000	20850000	20859924	20859924	NA	missing	1412140.0	NA	1.0477	NA	NA	NA	NA	NA	NA	NA	NA	NA	NA	4172511
15	22480079	23049985	NA	569907	3730	1.99990035	3704	107	780.0	mappable	0.07582941	1.0	self	0.002849496012	0.00751879699	0.0047220529	0.1046005	0.1121193	22480079	22480079	23049867	23049985	0.25084913	1	436743.0	22.64244	1.0023818	NA	NA	0.0	0.99995017	0.9999502	1	1	1:1	2	neutral	4172511
15	23049986	23069956	NA	19971	323	2.28519275	323	14	65.0	mappable	0.1429369	2.0	NA	0.064257996985	0.07142857143	0.0480779471	0.14000093	0.21142951	23049986	23050104	23069956	23069956	NA	missing	422055.3	23.05555	1.0710167	NA	NA	NA	NA	NA	NA	NA	NA	NA	NA	4172511
15	23710146	24329926	NA	619781	10359	1.99990035	10315	831	2036.0	mappable	0.07744773	1.0	NA	0.001231180504	0.00114285714	0.0145220529	0.10394255	0.1050854	23710146	23710146	24329926	24329926	0.14846185	1	436743.0	22.64244	1.0023818	NA	NA	0.0	0.99995017	0.9999502	1	1	1:1	2	neutral	4172511
15	24329927	24830091	NA	500165	0	0.0	0	0	NA	mappable	NA	NA	NA	NA	inf	1.0007220529	0.10564099	inf	24329927	24329927	24830091	24830091	NA	missing	NA	NA	0.0	NA	NA	0.0	0.0	0.0	0	0	NA	0	homozygousDel	4172511
15	24830092	28529988	NA	3699897	57390	1.99990035	57176	2993	11576.0	mappable	0.078725	1.0	NA	4.6092223e-05	0.00031191516	0.0178220529	0.091663	0.09197492	24830092	24830092	28529988	28529988	0.17019005	1	436743.0	22.64244	1.0023818	NA	NA	0.0	0.99995017	0.9999502	1	1	1:1	2	neutral	4172511
15	29100034	30369914	NA	1269881	18279	1.99990035	18249	561	3824.0	mappable	0.069475	1.0	self	0.006278907777	0.00169204738	0.0079220529	0.09863751	0.10032956	29100034	29100034	30369914	30369914	0.14160824	1	436743.0	22.64244	1.0023818	NA	NA	0.0	0.99995017	0.9999502	1	1	1:1	2	neutral	4172511
15	31160110	82479795	NA	51319693	690088	1.99990035	687882	29120	141348.0	mappable	0.0753	1.0	self	0.001956990127	3.192338e-05	0.0059777835	0.07808532	0.07811724	31160110	31160110	82479795	82479795	0.14855595	1	436743.0	22.64244	1.0023818	NA	NA	0.0	0.99995017	0.9999502	1	1	1:1	2	neutral	4172511
15	83211507	102399920	NA	19188417	295829	1.99990035	294880	14529	60026.0	mappable	0.078725	1.0	edge	0.000578378036	6.462036e-05	0.0004037038	0.08266604	0.08273066	83211507	83211507	102399920	102399920	0.14381317	1	436743.0	22.64244	1.0023818	NA	NA	0.0	0.99995017	0.9999502	1	1	1:1	2	neutral	4172511
16	100010	970013	NA	870004	12368	1.99990035	12244	667	2242.0	mappable	0.08531667	1.0	edge	0.006896092223	0.0012642225	0.0080779471	0.10136507	0.10262929	100010	100010	969980	970046	0.23189398	1	436743.0	22.64244	1.0023818	NA	NA	0.0	0.99995017	0.9999502	1	1	1:1	2	neutral	4172511
16	970013	989996	NA	19984	530	1.68531633	530	0	121.0	mappable	NA	NA	NA	NA	inf	0.0740220529	0.13999173	inf	969980	970046	989971	990021	NA	missing	358754.5	NA	0.9267	NA	NA	NA	NA	NA	NA	NA	NA	NA	NA	4172511
16	989996	5869977	NA	4879984	80341	1.99990035	80020	3128	16087.0	mappable	0.08215	1.0	NA	0.002827758319	0.00028993911	0.0033684253	0.0900153	0.09030524	989971	990021	5869954	5870000	0.17932127	1	436743.0	22.64244	1.0023818	NA	NA	0.0	0.99995017	0.9999502	1	1	1:1	2	neutral	4172511
16	5869977	5880034	NA	10058	287	1.365253	285	2	53.0	mappable	0.09841917	NA	identical	0.186474521596	0.25	0.1510220529	0.15042055	0.40042055	5869954	5870000	5879993	5880034	NA	missing	347418.3	19.080546	0.8497	NA	NA	NA	NA	NA	NA	NA	NA	NA	NA	4172511
16	5880035	16289940	NA	10409908	204265	1.99990035	203428	10466	41556.0	mappable	0.078725	1.0	self	0.002335684864	8.847209e-05	0.010058767	0.08579473	0.08588321	5880035	5880076	16289940	16289940	0.14671856	1	436743.0	22.64244	1.0023818	NA	NA	0.0	0.99995017	0.9999502	1	1	1:1	2	neutral	4172511
16	16870104	18169896	NA	1299793	20469	1.99990035	20387	1101	4182.0	mappable	0.07416667	1.0	self	0.00279732883	0.00084530854	0.0069220529	0.09847438	0.09931969	16870104	16870104	18169896	18169896	0.16102957	1	436743.0	22.64244	1.0023818	NA	NA	0.0	0.99995017	0.9999502	1	1	1:1	2	neutral	4172511
16	18800044	18809907	NA	9864	152	2.28519275	151	12	27.0	mappable	0.12218818	2.0	NA	0.045209464316	0.07692307692	0.0916779471	0.15073911	0.22766218	18800044	18800044	18809804	18809907	NA	missing	422055.3	23.05555	1.0710167	NA	NA	NA	NA	NA	NA	NA	NA	NA	NA	4172511
16	18809908	29039945	NA	10230039	125000	1.99990035	124522	5441	26158.0	mappable	0.078725	1.0	self	0.000797142094	0.00016894746	0.0025604433	0.08588738	0.08605633	18809908	18810011	29039945	29039945	0.1614939	1	436743.0	22.64244	1.0023818	NA	NA	0.0	0.99995017	0.9999502	1	1	1:1	2	neutral	4172511
16	29670028	31959970	NA	2289943	17509	1.99990035	17466	406	3731.0	mappable	0.08885714	1.0	self	0.006896092223	0.00222717149	0.0050779471	0.09466613	0.0968933	29670028	29670028	31959970	31959970	0.18238229	1	436743.0	22.64244	1.0023818	NA	NA	0.0	0.99995017	0.9999502	1	1	1:1	2	neutral	4172511
16	32520030	32649899	NA	129870	3149	1.97171067	2904	0	789.0	mappable	NA	NA	NA	0.14256139073	0.00408163265	0.0051220529	0.11773911	0.12182074	32520030	32520030	32649899	32649899	NA	missing	693605.0	NA	0.9956	NA	NA	NA	NA	NA	NA	NA	NA	NA	NA	4172511
16	33590105	35279959	NA	1689855	15431	1.99990035	15364	94	3559.0	mappable	0.07867381	1.0	self	0.031211832964	0.00621118012	0.0192220529	0.09667221	0.10288339	33590105	33590105	35279959	35279959	0.22271654	1	436743.0	22.64244	1.0023818	NA	NA	0.0	0.99995017	0.9999502	1	1	1:1	2	neutral	4172511
16	46450014	78499983	NA	32049975	448283	1.99990035	446878	20624	91069.0	mappable	0.0753	1.0	NA	0.001117938999	4.539471e-05	0.0025520034	0.08021234	0.08025773	46450014	46450014	78499952	78500014	0.12927454	1	436743.0	22.64244	1.0023818	NA	NA	0.0	0.99995017	0.9999502	1	1	1:1	2	neutral	4172511
16	78499983	78519997	NA	20015	649	1.68157533	649	0	154.0	mappable	NA	NA	NA	NA	inf	0.0749220529	0.13996983	inf	78499952	78500014	78519994	78519997	NA	missing	416132.3	NA	0.9258	NA	NA	NA	NA	NA	NA	NA	NA	NA	NA	4172511
16	78519998	90109969	NA	11589973	254047	1.99990035	253178	11355	52040.0	mappable	0.078725	1.0	edge	0.001029096917	8.181298e-05	0.0008502855	0.08522834	0.08531015	78519998	78520001	90109969	90109969	0.1536207	1	436743.0	22.64244	1.0023818	NA	NA	0.0	0.99995017	0.9999502	1	1	1:1	2	neutral	4172511
17	20080	1159989	NA	1139910	12407	1.99990035	12240	628	2477.0	mappable	0.089	1.0	edge	0.017171092223	0.00125944584	0.0055779471	0.09940117	0.10066061	20080	20080	1129955	1159989	0.21977949	1	436743.0	22.64244	1.0023818	NA	NA	0.0	0.99995017	0.9999502	1	1	1:1	2	neutral	4172511
17	1159990	1200019	NA	40030	210	1.644581	210	32	42.0	mappable	0.160825	4.0	NA	0.082146092223	0.03125	0.0838220529	0.13081477	0.16206477	1159990	1190024	1199997	1200041	0.25826495	1	338736.0	18.193101	0.9169	NA	NA	0.0	0.8222905	0.8222905	1	1	1:1	2	neutral	4172511
17	1200019	1360002	NA	159984	1311	2.28002227	1302	100	260.0	mappable	0.10041439	3.0	NA	0.021735486162	0.00917431193	0.0559779471	0.11569007	0.12486438	1199997	1200041	1359890	1360002	0.14889975	1	489571.1	26.250723	1.0697728	NA	NA	0.0	1.14001114	1.1400111	1	1	1:1	2	neutral	4172511
17	1360003	18239982	NA	16879980	218551	1.99990035	217816	9375	45086.0	mappable	0.078725	1.0	self	0.003471092223	9.892175e-05	0.0061220529	0.08330275	0.08340168	1360003	1360115	18239982	18239982	0.16596585	1	436743.0	22.64244	1.0023818	NA	NA	0.0	0.99995017	0.9999502	1	1	1:1	2	neutral	4172511
17	18750212	21589974	NA	2839763	23746	1.99990035	23131	517	4983.0	mappable	0.085575	1.0	self	0.017171092223	0.00088339223	0.0065220529	0.09329516	0.09417855	18750212	18750212	21449933	21589974	0.20444083	1	436743.0	22.64244	1.0023818	NA	NA	0.0	0.99995017	0.9999502	1	1	1:1	2	neutral	4172511
17	21750053	22239986	NA	489934	1891	1.99990035	1890	66	375.0	mappable	0.08452368	1.0	self	0.004633768279	0.01492537313	0.0048779471	0.10580763	0.12073301	21750053	21760113	22239986	22239986	0.13370044	1	436743.0	22.64244	1.0023818	NA	NA	0.0	0.99995017	0.9999502	1	1	1:1	2	neutral	4172511
17	25390040	44279982	NA	18889945	210912	1.99990035	210163	9073	43996.0	mappable	0.08215	1.0	self	0.003459835962	0.00010181226	0.0014283339	0.08274339	0.0828452	25390040	25390040	44279982	44279982	0.16417058	1	436743.0	22.64244	1.0023818	NA	NA	0.0	0.99995017	0.9999502	1	1	1:1	2	neutral	4172511
17	44790026	81109940	NA	36319918	475608	1.99990035	473707	20942	97537.0	mappable	0.078725	1.0	edge	7.1767435e-05	4.3779e-05	0.0003894185	0.07963604	0.07967982	44790026	44790026	81109940	81109940	0.16153918	1	436743.0	22.64244	1.0023818	NA	NA	0.0	0.99995017	0.9999502	1	1	1:1	2	neutral	4172511
18	130031	14119956	NA	13989932	212645	1.99990035	211966	11402	43090.0	mappable	0.078725	1.0	edge	0.00062314988	8.27746e-05	0.0004186426	0.0842535	0.08433628	130031	130031	14119956	14119956	0.15612316	1	436743.0	22.64244	1.0023818	NA	NA	0.0	0.99995017	0.9999502	1	1	1:1	2	neutral	4172511
18	14119957	14910026	NA	790070	0	0.0	0	0	NA	mappable	NA	NA	NA	NA	inf	1.0007220529	0.10208446	inf	14119957	14119957	14910026	14910026	NA	missing	NA	NA	0.0	NA	NA	0.0	0.0	0.0	0	0	NA	0	homozygousDel	4172511
18	14910027	14929888	NA	19862	364	1.99990035	361	33	80.0	mappable	0.12198816	1.0	NA	0.032105302749	0.02777777778	0.0287220529	0.14007836	0.16785613	14910027	14910027	14929888	14929888	0.37166816	2	436743.0	22.64244	1.0023818	21.83767	0.5384147	0.07682947	0.92312454	1.0767758	1	1	1:1	2	mixDH	4172511
18	18540053	78009968	NA	59469918	879135	1.99990035	876084	40363	176721.0	mappable	0.078725	1.0	edge	0.000152761869	2.303404e-05	0.0001513097	0.07744237	0.0774654	18540053	18540053	78009968	78009968	0.14420754	1	436743.0	22.64244	1.0023818	NA	NA	0.0	0.99995017	0.9999502	1	1	1:1	2	neutral	4172511
19	260137	24569972	NA	24309838	256764	1.99990035	255051	12253	51901.0	mappable	0.08215	1.0	edge	0.004147813192	7.160759e-05	0.0056529159	0.08151608	0.08158769	260137	260137	24569972	24569972	0.19405439	1	436743.0	22.64244	1.0023818	NA	NA	0.0	0.99995017	0.9999502	1	1	1:1	2	neutral	4172511
19	27750002	35609999	NA	7859998	118471	1.99990035	118022	5241	24684.0	mappable	0.08215	1.0	self	0.003471092223	0.00017574692	0.0150220529	0.087313	0.08748874	27750002	27750002	35609988	35609999	0.13849041	1	436743.0	22.64244	1.0023818	NA	NA	0.0	0.99995017	0.9999502	1	1	1:1	2	neutral	4172511
19	35610000	35619937	NA	9938	204	2.28519275	204	9	38.0	mappable	0.1403066	2.0	NA	0.061627693179	0.11111111111	0.0807779471	0.1506167	0.26172781	35610000	35610011	35619863	35619937	NA	missing	422055.3	23.05555	1.0710167	NA	NA	NA	NA	NA	NA	NA	NA	NA	NA	4172511
19	35619938	35640052	NA	20115	280	1.53027267	278	3	54.0	mappable	0.18942891	NA	NA	0.131862984115	0.2	0.1113220529	0.13989943	0.33989943	35619938	35620012	35639972	35640132	NA	missing	315431.6	18.668399	0.8894	NA	NA	NA	NA	NA	NA	NA	NA	NA	NA	4172511
19	35640052	43209995	NA	7569945	78405	1.99990035	78090	2992	16299.0	mappable	0.08215	1.0	NA	0.005601176276	0.00030238887	0.006122743	0.08752026	0.08782265	35639972	35640132	43209995	43209995	0.19500482	1	436743.0	22.64244	1.0023818	NA	NA	0.0	0.99995017	0.9999502	1	1	1:1	2	neutral	4172511
19	43209996	43800005	NA	590010	0	0.0	0	0	NA	mappable	NA	NA	NA	NA	inf	1.0007220529	0.10432761	inf	43209996	43209996	43800005	43800005	NA	missing	NA	NA	0.0	NA	NA	0.0	0.0	0.0	0	0	NA	0	homozygousDel	4172511
19	43800006	53322595	NA	9522590	105649	1.99990035	105280	4075	21507.0	mappable	0.078725	1.0	NA	4.6092223e-05	0.0002250225	0.0031220529	0.0862704	0.08649542	43800006	43800006	53179939	53322595	0.20254767	1	436743.0	22.64244	1.0023818	NA	NA	0.0	0.99995017	0.9999502	1	1	1:1	2	neutral	4172511
19	53322596	53358843	INV	36248	0	0.0	0	0	NA	mappable	NA	NA	NA	NA	inf	1.0007220529	0.13205143	inf	53322596	53322596	53358843	53358843	NA	missing	NA	NA	0.0	NA	NA	0.0	0.0	0.0	0	0	NA	0	homozygousDel	4172511
19	53358844	59089999	INV	5731156	56950	1.99990035	56611	3005	11347.0	mappable	0.08167895	1.0	edge	0.003471092223	0.00029904306	0.0121220529	0.08908529	0.08938434	53358844	53380065	59089999	59089999	0.17954717	1	436743.0	22.64244	1.0023818	NA	NA	0.0	0.99995017	0.9999502	1	1	1:1	2	neutral	4172511
20	60479	5265004	NA	5204527	79474	1.99990035	79219	3997	16212.0	mappable	0.0795131	1.0	edge	0.00032335485	0.00023518344	0.0054916002	0.08964053	0.08987572	60479	60479	5259982	5270026	0.1530506	1	436743.0	22.64244	1.0023818	NA	NA	0.0	0.99995017	0.9999502	1	1	1:1	2	neutral	4172511
20	5265004	5284986	NA	19983	196	2.283045	195	0	31.0	mappable	NA	NA	NA	0.421321092223	1.0	0.0697779471	0.13999244	1.13999244	5259982	5270026	5279940	5290032	NA	missing	456055.0	NA	1.0705	NA	NA	NA	NA	NA	NA	NA	NA	NA	NA	4172511
20	5284986	25729738	NA	20444753	320669	1.99990035	319782	14690	64954.0	mappable	0.078725	1.0	NA	4.5465822e-05	6.420134e-05	0.0066344346	0.08235459	0.08241879	5279940	5290032	25729738	25729738	0.13097604	1	436743.0	22.64244	1.0023818	NA	NA	0.0	0.99995017	0.9999502	1	1	1:1	2	neutral	4172511
20	29810057	47819998	NA	18009944	252621	1.99990035	251745	8998	52652.0	mappable	0.078725	1.0	NA	0.00079350492	0.00010128634	0.0019901431	0.08297967	0.08308095	29810057	29810057	47809997	47819998	0.13824073	1	436743.0	22.64244	1.0023818	NA	NA	0.0	0.99995017	0.9999502	1	1	1:1	2	neutral	4172511
20	47819999	47845015	NA	25017	162	1.63502067	162	0	36.0	mappable	NA	NA	NA	NA	inf	0.0861220529	0.13688672	inf	47819999	47830000	47839969	47845015	NA	missing	376576.7	NA	0.9146	NA	NA	NA	NA	NA	NA	NA	NA	NA	NA	4172511
20	47845016	62909989	NA	15064974	244408	1.99990035	243377	10751	49400.0	mappable	0.078725	1.0	edge	5.332519e-05	8.487523e-05	0.0068510274	0.0838761	0.08396097	47845016	47850062	62909989	62909989	0.14512214	1	436743.0	22.64244	1.0023818	NA	NA	0.0	0.99995017	0.9999502	1	1	1:1	2	neutral	4172511
21	10720001	11179964	NA	459965	5133	1.99990035	4774	0	1773.0	mappable	NA	1.0	edge	0.017819442398	0.00278551532	0.0480094677	0.10631984	0.10910535	10720001	10720001	11179964	11179964	NA	missing	436743.0	NA	1.0023818	NA	NA	NA	NA	NA	NA	NA	NA	NA	NA	4172511
21	15410077	30899987	NA	15489911	248235	1.99990035	247090	12846	48540.0	mappable	0.0753	1.0	NA	0.001227888206	7.147963e-05	0.0050995786	0.08373517	0.08380665	15410077	15410077	30899942	30899987	0.16108623	1	436743.0	22.64244	1.0023818	NA	NA	0.0	0.99995017	0.9999502	1	1	1:1	2	neutral	4172511
21	30899988	30909952	NA	9965	207	2.36326867	207	0	36.0	mappable	NA	NA	NA	NA	inf	0.0890779471	0.15057232	inf	30899988	30900033	30909859	30910045	NA	missing	465397.0	NA	1.0898	NA	NA	NA	NA	NA	NA	NA	NA	NA	NA	4172511
21	30909952	37500020	NA	6590069	98078	1.99990035	97599	4410	20137.0	mappable	0.07898889	1.0	NA	4.6092223e-05	0.00020454081	0.0045220529	0.08829296	0.0884975	30909859	30910045	37499921	37500020	0.17276726	1	436743.0	22.64244	1.0023818	NA	NA	0.0	0.99995017	0.9999502	1	1	1:1	2	neutral	4172511
21	37500021	37515037	NA	15017	163	2.77851967	163	15	24.0	mappable	0.14531216	NA	identical	0.066633254385	0.06666666667	0.1889779471	0.14415132	0.21081799	37500021	37500120	37509995	37520079	NA	missing	396114.0	22.006333	1.1897	NA	NA	NA	NA	NA	NA	NA	NA	NA	NA	4172511
21	37515037	48099931	NA	10584896	169375	1.99990035	168417	8493	34379.0	mappable	0.078725	1.0	edge	0.00023103286	0.00010582011	0.0028856391	0.08570631	0.08581213	37509995	37520079	48099931	48099931	0.187588	1	436743.0	22.64244	1.0023818	NA	NA	0.0	0.99995017	0.9999502	1	1	1:1	2	neutral	4172511
22	17065076	22710008	NA	5644935	54396	1.99990035	54081	2286	11269.0	mappable	0.08215	1.0	edge	0.003912140538	0.00038446751	0.0104791491	0.08917216	0.08955662	17065076	17270198	22709995	22710021	0.17013234	1	436743.0	22.64244	1.0023818	NA	NA	0.0	0.99995017	0.9999502	1	1	1:1	2	neutral	4172511
22	22710008	23245009	NA	535003	7804	0.60016987	7780	325	1665.0	mappable	0.23820789	NA	identical	0.098778581178	0.00286532951	0.3350837649	0.1051017	0.10796703	22709995	22710021	23239965	23250053	0.51416426	2	284160.0	17.049603	0.6656383	21.39628	0.9610089	0.92201781	0.02340128	0.5767686	sub	0	sub:0	sub	sub	4172511
22	23245009	51179984	NA	27934981	392304	1.99990035	390625	17465	81261.0	mappable	0.078725	1.0	edge	0.001383198884	5.223842e-05	0.0068654293	0.08085522	0.08090746	23239965	23250053	51179984	51179984	0.15686735	1	436743.0	22.64244	1.0023818	NA	NA	0.0	0.99995017	0.9999502	1	1	1:1	2	neutral	4172511
23	2700027	21719942	NA	19019916	178400	0.99416867	178400	223	14752.0	mappable	0.167775	NA	NA	NA	NA	NA	NA	NA	2700027	2700027	21719880	21719942	0.26176262	1	220023.5	10.154932	0.9996	NA	NA	NA	NA	NA	1	NA	1	1	neutral	4172511
23	21719943	21740034	NA	20092	167	0.81273017	167	0	16.0	mappable	NA	NA	NA	NA	NA	NA	NA	NA	21719943	21720005	21739874	21740194	NA	missing	211674.3	NA	0.9123	NA	NA	NA	NA	NA	1	NA	1	1	neutral	4172511
23	21740034	58499983	NA	36759950	311541	0.99770183	311541	352	25785.0	mappable	0.311625	NA	NA	NA	NA	NA	NA	NA	21739874	21740194	58499983	58499983	0.14292883	1	223172.5	9.918777	1.0013	NA	NA	NA	NA	NA	1	NA	1	1	neutral	4172511
23	61750000	88230093	NA	26480094	242078	0.98606317	242078	215	20762.0	mappable	0.208875	NA	NA	NA	NA	NA	NA	NA	61750000	61750000	88229907	88230093	0.04943818	1	224875.8	10.378881	0.9957	NA	NA	NA	NA	NA	1	NA	1	1	neutral	4172511
23	88230094	88239993	NA	9900	140	0.73271433	140	0	16.0	mappable	NA	NA	NA	NA	NA	NA	NA	NA	88230094	88230280	88239956	88239993	NA	missing	207135.7	NA	0.8738	NA	NA	NA	NA	NA	1	NA	1	1	neutral	4172511
23	88239994	88459980	NA	219987	2850	0.96777383	2850	10	267.0	mappable	0.08546111	NA	NA	NA	NA	NA	NA	NA	88239994	88240031	88459980	88459980	NA	missing	228084.8	8.673126	0.9869	NA	NA	NA	NA	NA	1	NA	1	1	neutral	4172511
23	88990017	89349936	NA	359920	1087	0.95925267	1087	1	108.0	mappable	0.23529412	NA	NA	NA	NA	NA	NA	NA	88990017	88990017	89349936	89349936	NA	missing	224321.8	13.85517	0.9828	NA	NA	NA	NA	NA	1	NA	1	1	neutral	4172511
23	89349937	90140198	NA	790262	0	0.0	0	0	NA	mappable	NA	NA	NA	NA	NA	NA	NA	NA	89349937	89349937	90140198	90140198	NA	missing	NA	NA	0.0	NA	NA	0.0	0.0	0.0	0	0	-1	0	homozygousDel	4172511
23	90140199	91529952	NA	1389754	5103	0.97650283	5103	3	444.0	mappable	0.15188777	NA	NA	NA	NA	NA	NA	NA	90140199	90140199	91529952	91529952	NA	missing	227070.0	12.548604	0.9911	NA	NA	NA	NA	NA	1	NA	1	1	neutral	4172511
23	91529953	92379999	NA	850047	0	0.0	0	0	NA	mappable	NA	NA	NA	NA	NA	NA	NA	NA	91529953	91529953	92379999	92379999	NA	missing	NA	NA	0.0	NA	NA	0.0	0.0	0.0	0	0	-1	0	homozygousDel	4172511
23	92380000	114160008	NA	21780009	193454	0.99146683	193454	211	16467.0	mappable	0.20545	NA	NA	NA	NA	NA	NA	NA	92380000	92380000	114159963	114160053	0.15550473	1	225369.4	11.268471	0.9983	NA	NA	NA	NA	NA	1	NA	1	1	neutral	4172511
23	114160008	114189980	NA	29973	212	0.7886215	212	0	21.0	mappable	NA	NA	NA	NA	NA	NA	NA	NA	114159963	114160053	114189945	114189980	NA	missing	213549.2	NA	0.9007	NA	NA	NA	NA	NA	1	NA	1	1	neutral	4172511
23	114189981	149730065	NA	35540085	330015	0.99416867	330015	376	27294.0	mappable	0.222575	NA	NA	NA	NA	NA	NA	NA	114189981	114190016	149729923	149730207	0.04181204	1	223753.0	11.187649	0.9996	NA	NA	NA	NA	NA	1	NA	1	1	neutral	4172511
23	149730065	149739931	NA	9867	99	0.72045217	99	0	6.0	mappable	NA	NA	NA	NA	NA	NA	NA	NA	149729923	149730207	149739669	149740193	NA	missing	180406.0	NA	0.8679	NA	NA	NA	NA	NA	1	NA	1	1	neutral	4172511
23	149739931	152534989	NA	2795059	24581	0.97359317	24581	40	1960.0	mappable	0.030775	NA	NA	NA	NA	NA	NA	NA	149739669	149740193	152509971	152534989	NA	missing	214497.3	10.724865	0.9897	NA	NA	NA	NA	NA	1	NA	1	1	neutral	4172511
23	152534990	152569991	NA	35002	143	1.24855667	143	0	14.0	mappable	NA	NA	NA	NA	NA	NA	NA	NA	152534990	152560008	152569972	152569991	NA	missing	238630.0	NA	1.122	NA	NA	NA	NA	NA	1	NA	1	1	neutral	4172511
23	152569992	154929639	NA	2359648	17129	0.98731017	17129	15	1181.0	mappable	0.311625	NA	NA	NA	NA	NA	NA	NA	152569992	152570011	154929639	154929639	NA	missing	200155.9	12.951263	0.9963	NA	NA	NA	NA	NA	1	NA	1	1	neutral	4172511
24	2653090	2919837	NA	266748	293	1.039892	293	0	18.0	mappable	NA	NA	NA	NA	NA	NA	NA	NA	2653090	2653090	2919837	2919837	NA	missing	213274.6	NA	1.0216	NA	NA	NA	NA	NA	1	NA	1	1	neutral	4172511
24	3712028	3719919	NA	7892	141	1.00456033	141	117	2.0	mappable	0.06680135	NA	NA	NA	NA	NA	NA	NA	3712028	3712028	3719919	3719919	0.02134374	1	450647.1	22.532355	1.0046	NA	NA	NA	NA	NA	1	NA	1	1	neutral	4172511
24	6420014	10069977	NA	3649964	6062	0.928909	6062	30	462.0	mappable	0.23484118	NA	NA	NA	NA	NA	NA	NA	6420014	6420014	10069977	10069977	NA	missing	196843.6	7.576918	0.9682	NA	NA	NA	NA	NA	1	NA	1	1	neutral	4172511
24	13130467	19558992	NA	6428526	11911	0.90750217	11911	168	1453.0	mappable	0.09585	NA	NA	NA	NA	NA	NA	NA	13130467	13130467	19558992	19558992	0.39154797	2	244612.4	10.192183	0.9579	NA	NA	NA	NA	NA	1	NA	1	1	neutral	4172511
24	20802956	23808171	NA	3005216	2839	1.00019583	2840	9	219.0	mappable	0.7306	NA	NA	NA	NA	NA	NA	NA	20802956	20802956	23808171	23808171	NA	missing	212851.7	5.47333	1.0025	NA	NA	NA	NA	NA	1	NA	1	1	neutral	4172511
24	24381338	24508205	NA	126868	228	0.7948565	228	0	17.0	mappable	NA	NA	NA	NA	NA	NA	NA	NA	24381338	24381338	24508205	24508205	NA	missing	210763.2	NA	0.9037	NA	NA	NA	NA	NA	1	NA	1	1	neutral	4172511
24	28780461	28789809	NA	9349	78	0.91165883	78	8	14.0	mappable	0.21455263	NA	NA	NA	NA	NA	NA	NA	28780461	28780461	28789809	28789809	NA	missing	402114.3	17.363572	0.9599	NA	NA	NA	NA	NA	1	NA	1	1	neutral	4172511
