#chromosome	start	end	crest	length	tcnNbrOfLoci	tcnMean	tcnNbrOfSNPs	tcnNbrOfHets	dhNbrOfLoci	map	dhMax	cluster	neighbour	distDH	errorSNP	distTcn	errorLength	totalError	minStart	maxStart	minStop	maxStop	area	peaks	meanCovT	meanCovB	tcnMeanRaw	AF	BAF	dhMean	c1Mean	c2Mean	A	B	genotype	TCN	GNL	PID
1	840009	12839977	NA	11999971	172053	1.997188	170725	7767	25571.0	mappable	0.07883571	1.0	edge	0.00080611141	0.00010995052	0.00432808877	0.08504657	0.08515652	840009	840009	12839977	12839977	0.1835118	1	424252.6	22.15863	0.9995782	NA	NA	0.0	0.998594	0.998594	1	1	1:1	2	neutral	4115022
1	13780016	69679988	NA	55899976	715740	1.997188	712832	28271	100884.0	mappable	0.078725	1.0	self	0.00075961805	3.207287e-05	0.00445878052	0.07771111	0.07774319	13780016	13780016	69679934	69680042	0.16577071	1	424252.6	22.15863	0.9995782	NA	NA	0.0	0.998594	0.998594	1	1	1:1	2	neutral	4115022
1	69679988	69689959	NA	9972	175	2.679702	165	0	24.0	mappable	NA	4.0	NA	0.004929486	0.1	0.09865786323	0.15056083	0.25056083	69679934	69680042	69689877	69690041	NA	missing	463208.8	NA	1.1019553	NA	NA	NA	NA	NA	NA	NA	NA	NA	NA	4115022
1	69689959	69709963	NA	20005	263	1.4326667	259	0	47.0	mappable	NA	NA	NA	0.08183135185	0.25	0.08534213677	0.13997689	0.38997689	69689877	69690041	69709919	69709963	NA	missing	381422.6	NA	0.9149	NA	NA	NA	NA	NA	NA	NA	NA	NA	NA	4115022
1	69709964	118279956	NA	48569993	649208	1.997188	646649	33800	85218.0	mappable	0.078725	1.0	NA	3.488747e-05	2.750351e-05	0.00154213677	0.07832828	0.07835578	69709964	69710008	118279908	118279956	0.14765808	1	424252.6	22.15863	0.9995782	NA	NA	0.0	0.998594	0.998594	1	1	1:1	2	neutral	4115022
1	118279957	118290030	NA	10074	176	2.608	176	0	23.0	mappable	NA	NA	NA	NA	inf	0.09095786323	0.15039461	inf	118279957	118280005	118289965	118290095	NA	missing	423188.0	NA	1.0912	NA	NA	NA	NA	NA	NA	NA	NA	NA	NA	4115022
1	118290030	120529963	NA	2239934	28258	1.997188	28205	824	3814.0	mappable	0.082	1.0	NA	0.00379395868	0.00114025086	0.00545786323	0.09480909	0.09594934	118289965	118290095	120529963	120529963	0.13482876	1	424252.6	22.15863	0.9995782	NA	NA	0.0	0.998594	0.998594	1	1	1:1	2	neutral	4115022
1	121220004	121229986	NA	9983	177	1.3008793	176	13	23.0	mappable	0.09866011	3.0	NA	0.02140982463	0.07142857143	0.08864213677	0.15054281	0.22197138	121220004	121220004	121229986	121229986	NA	missing	379141.9	21.151758	0.8951319	NA	NA	NA	NA	NA	NA	NA	NA	NA	NA	4115022
1	144010127	144019970	NA	9844	155	1.8273333	91	0	24.0	mappable	NA	NA	NA	0.29068052595	0.015625	0.02614213677	0.15077238	0.16639738	144010127	144010127	144019970	144019970	NA	missing	1301932.0	NA	0.9741	NA	NA	NA	NA	NA	NA	NA	NA	NA	NA	4115022
1	144920087	145739956	NA	819870	6369	1.997188	5810	145	906.0	mappable	0.08042703	1.0	self	0.02446511253	0.00142045455	0.00324213677	0.10180689	0.10322735	144920087	144920087	145739956	145739956	0.16291521	1	424252.6	22.15863	0.9995782	NA	NA	0.0	0.998594	0.998594	1	1	1:1	2	neutral	4115022
1	146540101	147829895	NA	1289795	11675	1.997188	11635	748	1529.0	mappable	0.082575	1.0	self	0.00289238526	0.00126903553	0.00734213677	0.09852843	0.09979746	146540101	146540101	147829895	147829895	0.1681653	1	424252.6	22.15863	0.9995782	NA	NA	0.0	0.998594	0.998594	1	1	1:1	2	neutral	4115022
1	149815060	155859980	NA	6044921	63555	1.997188	63279	2211	9195.0	mappable	0.08057692	1.0	NA	3.488747e-05	0.00040209087	0.00475786323	0.0887812	0.08918329	149815060	149815060	155859934	155860026	0.19342966	1	424252.6	22.15863	0.9995782	NA	NA	0.0	0.998594	0.998594	1	1	1:1	2	neutral	4115022
1	155859980	155895005	NA	35026	211	1.3006667	209	0	46.0	mappable	NA	NA	NA	0.30162288765	0.5	0.10514213677	0.13248421	0.63248421	155859934	155860026	155889876	155895005	NA	missing	385776.7	NA	0.8951	NA	NA	NA	NA	NA	NA	NA	NA	NA	NA	4115022
1	155895006	243610035	NA	87715048	1201746	1.997188	1197223	55289	162599.0	mappable	0.078725	1.0	NA	0.00090081659	1.671933e-05	0.00090151096	0.07579685	0.07581357	155895006	155900135	243609927	243610035	0.17241537	1	424252.6	22.15863	0.9995782	NA	NA	0.0	0.998594	0.998594	1	1	1:1	2	neutral	4115022
1	243610036	243629982	NA	19947	268	1.3353333	268	0	34.0	mappable	NA	NA	NA	NA	inf	0.09994213677	0.14001794	inf	243610036	243610144	243629939	243629982	NA	missing	387912.9	NA	0.9003	NA	NA	NA	NA	NA	NA	NA	NA	NA	NA	4115022
1	243629983	249209945	NA	5579963	78578	1.997188	78175	2624	11418.0	mappable	0.08065	1.0	edge	0.00339011253	0.00033036009	0.00484213677	0.08923861	0.08956897	243629983	243630026	249209945	249209945	0.16174193	1	424252.6	22.15863	0.9995782	NA	NA	0.0	0.998594	0.998594	1	1	1:1	2	neutral	4115022
2	20016	87059860	NA	87039855	1311577	1.997188	1306631	64464	177957.0	mappable	0.078725	1.0	edge	0.00059201597	1.440735e-05	0.00034708303	0.07582889	0.07584329	20016	20016	87059860	87059860	0.1535566	1	424252.6	22.15863	0.9995782	NA	NA	0.0	0.998594	0.998594	1	1	1:1	2	neutral	4115022
2	88330099	89203506	NA	873408	11648	1.997188	11607	458	1529.0	mappable	0.08332065	1.0	self	0.00460082682	0.00200400802	0.01375786323	0.10133614	0.10334014	88330099	88330099	89203465	89203506	0.13455249	1	424252.6	22.15863	0.9995782	NA	NA	0.0	0.998594	0.998594	1	1	1:1	2	neutral	4115022
2	89203507	89229990	DEL	26484	232	-0.2773333	231	0	40.0	mappable	NA	NA	NA	0.30585549715	1.0	0.34184213677	0.13612078	1.13612078	89203507	89203546	89229990	89229990	NA	missing	274415.9	NA	0.6584	NA	NA	NA	NA	NA	NA	NA	NA	NA	NA	4115022
2	89229991	89544262	NA	314272	0	0.0	0	0	NA	mappable	NA	NA	NA	NA	inf	1.00024213677	0.1095191	inf	89229991	89229991	89544262	89544262	NA	missing	NA	NA	0.0	NA	NA	0.0	0.0	0.0	0	0	NA	0	homozygousDel	4115022
2	89840102	90239998	NA	399897	914	1.86	907	2	124.0	mappable	0.03444782	NA	NA	0.04789358312	0.11111111111	0.02124213677	0.10747332	0.21858444	89840102	89840102	90239998	90239998	NA	missing	617790.3	31.296366	0.979	NA	NA	NA	NA	NA	NA	NA	NA	NA	NA	4115022
2	95580145	96239991	NA	659847	4442	1.997188	4433	18	611.0	mappable	0.05940465	1.0	NA	0.00232014388	0.03703703704	0.01225786323	0.10345663	0.14049367	95580145	95580145	96239991	96239991	NA	missing	424252.6	22.15863	0.9995782	NA	NA	NA	NA	NA	NA	NA	NA	NA	NA	4115022
2	96239992	96740020	NA	500029	0	0.0	0	0	NA	mappable	NA	NA	NA	NA	inf	1.00024213677	0.10564318	inf	96239992	96239992	96740020	96740020	NA	missing	NA	NA	0.0	NA	NA	0.0	0.0	0.0	0	0	NA	0	homozygousDel	4115022
2	96740021	118720073	NA	21980057	263916	1.997188	263096	12644	35545.0	mappable	0.078725	1.0	NA	0.00280627982	7.427213e-05	0.00265385034	0.08200186	0.08207613	96740021	96740021	118719989	118720157	0.14540319	1	424252.6	22.15863	0.9995782	NA	NA	0.0	0.998594	0.998594	1	1	1:1	2	neutral	4115022
2	118720073	118729973	NA	9901	139	2.608	139	0	16.0	mappable	NA	NA	NA	NA	inf	0.09095786323	0.15067777	inf	118719989	118720157	118729945	118729973	NA	missing	439486.7	NA	1.0912	NA	NA	NA	NA	NA	NA	NA	NA	NA	NA	4115022
2	118729974	132189994	NA	13460023	184422	1.997188	183790	8187	25041.0	mappable	0.07951346	1.0	NA	0.00086872814	0.00011339154	0.00049314641	0.08445169	0.08456509	118729974	118730002	132189994	132189994	0.16097068	1	424252.6	22.15863	0.9995782	NA	NA	0.0	0.998594	0.998594	1	1	1:1	2	neutral	4115022
2	132189995	133009999	NA	820005	0	0.0	0	0	NA	mappable	NA	NA	NA	NA	inf	1.00024213677	0.10180566	inf	132189995	132189995	133009999	133009999	NA	missing	NA	NA	0.0	NA	NA	0.0	0.0	0.0	0	0	NA	0	homozygousDel	4115022
2	133010000	231409952	NA	98399955	1321368	1.997188	1316734	56800	177121.0	mappable	0.078725	1.0	NA	0.00083811185	1.62779e-05	0.0001857001	0.07532345	0.07533973	133010000	133010000	231409881	231410023	0.1475935	1	424252.6	22.15863	0.9995782	NA	NA	0.0	0.998594	0.998594	1	1	1:1	2	neutral	4115022
2	231409952	231419979	NA	10028	246	0.998	245	24	38.0	mappable	0.05457143	NA	identical	0.0241884589	0.04	0.15054213677	0.15046932	0.19046932	231409881	231410023	231419939	231419979	NA	missing	384260.0	19.842116	0.8497	NA	NA	NA	NA	NA	NA	NA	NA	NA	NA	4115022
2	231419980	242999969	NA	11579990	182571	1.997188	181603	8219	26382.0	mappable	0.08215	1.0	edge	0.00339011253	0.00010884946	0.00474213677	0.08523285	0.0853417	231419980	231420020	242999969	242999969	0.17379065	1	424252.6	22.15863	0.9995782	NA	NA	0.0	0.998594	0.998594	1	1	1:1	2	neutral	4115022
3	100074	75279989	NA	75179925	1095214	1.997188	1091231	51895	146603.0	mappable	0.078725	1.0	edge	0.00105391832	1.789709e-05	0.00268090481	0.07644137	0.07645926	100074	100074	75279989	75279989	0.15587429	1	424252.6	22.15863	0.9995782	NA	NA	0.0	0.998594	0.998594	1	1	1:1	2	neutral	4115022
3	75279990	75930080	NA	650091	0	0.0	0	0	NA	mappable	NA	NA	NA	NA	inf	1.00024213677	0.10357176	inf	75279990	75279990	75930080	75930080	NA	missing	NA	NA	0.0	NA	NA	0.0	0.0	0.0	0	0	NA	0	homozygousDel	4115022
3	75930081	90330011	NA	14399931	202987	1.997188	202384	9587	26813.0	mappable	0.078725	1.0	NA	3.488747e-05	9.813543e-05	0.00725786323	0.08410585	0.08420399	75930081	75930081	90329986	90330011	0.15625704	1	424252.6	22.15863	0.9995782	NA	NA	0.0	0.998594	0.998594	1	1	1:1	2	neutral	4115022
3	90330012	90340004	NA	9993	393	1.3533333	393	0	72.0	mappable	NA	NA	NA	NA	inf	0.09724213677	0.15052644	inf	90330012	90330037	90339994	90340014	NA	missing	414443.3	NA	0.903	NA	NA	NA	NA	NA	NA	NA	NA	NA	NA	4115022
3	90340004	90499969	NA	159966	3419	2.449498	3410	2	698.0	mappable	0.11904762	6.0	NA	0.14032592334	0.09090909091	0.05925786323	0.11569116	0.20660025	90339994	90340014	90499969	90499969	NA	missing	490053.4	27.72114	1.0674247	NA	NA	NA	NA	NA	NA	NA	NA	NA	NA	4115022
3	93570175	134630006	NA	41059833	557924	1.997188	556004	25612	74553.0	mappable	0.078725	1.0	self	0.00027694523	3.632137e-05	0.00226147919	0.07907881	0.07911513	93570175	93570175	134629990	134630022	0.16726432	1	424252.6	22.15863	0.9995782	NA	NA	0.0	0.998594	0.998594	1	1	1:1	2	neutral	4115022
3	134630006	161259969	NA	26629966	354908	2.679702	353800	16067	47444.0	mappable	0.085575	4.0	NA	0.00680279375	5.822416e-05	0.10204568092	0.08108147	0.0811397	134629990	134630022	161259877	161259969	0.38885355	2	463208.8	25.342106	1.1019553	21.01758	0.6291214	0.2582428	0.9938441	1.6858579	sub	1	sub:1	sub	sub	4115022
3	161259970	161272951	NA	12982	210	2.212	199	0	25.0	mappable	NA	NA	NA	0.0951567792	0.09090909091	0.03155786323	0.14636761	0.2372767	161259970	161260062	161272881	161273021	NA	missing	450074.5	NA	1.0318	NA	NA	NA	NA	NA	NA	NA	NA	NA	NA	4115022
3	161272951	182170008	NA	20897058	284700	2.679702	283740	13578	38043.0	mappable	0.085575	4.0	NA	0.00681511253	6.878525e-05	0.10415786323	0.08224768	0.08231646	161272881	161273021	182169980	182170036	0.39401043	2	463208.8	25.342106	1.1019553	21.01758	0.6291214	0.2582428	0.9938441	1.6858579	sub	1	sub:1	sub	sub	4115022
3	182170008	182199994	NA	29987	482	2.1546667	482	0	77.0	mappable	NA	NA	NA	NA	inf	0.02295786323	0.13448046	inf	182169980	182170036	182199964	182200024	NA	missing	437715.7	NA	1.0232	NA	NA	NA	NA	NA	NA	NA	NA	NA	NA	4115022
3	182199994	197779892	NA	15579899	221506	2.679702	220494	10655	30808.0	mappable	0.085575	4.0	edge	0.00475264127	8.571184e-05	0.09847003762	0.08370589	0.0837916	182199964	182200024	197779892	197779892	0.385497	2	463208.8	25.342106	1.1019553	21.01758	0.6291214	0.2582428	0.9938441	1.6858579	sub	1	sub:1	sub	sub	4115022
4	50084	4660046	NA	4609963	64608	1.997188	63860	2589	10075.0	mappable	0.078725	1.0	edge	0.00339011253	0.00029967036	0.00044213677	0.09034924	0.09064891	50084	50084	4659996	4660096	0.18847951	1	424252.6	22.15863	0.9995782	NA	NA	0.0	0.998594	0.998594	1	1	1:1	2	neutral	4115022
4	4660046	4670021	NA	9976	151	1.4306667	151	0	24.0	mappable	NA	NA	NA	NA	inf	0.08564213677	0.15055428	inf	4659996	4660096	4669976	4670021	NA	missing	420583.3	NA	0.9146	NA	NA	NA	NA	NA	NA	NA	NA	NA	NA	4115022
4	4670022	8939952	NA	4269932	80868	1.997188	80533	4496	11253.0	mappable	0.07883571	1.0	NA	0.00152658383	0.00020699648	0.0008261663	0.09080268	0.09100968	4670022	4670067	8939952	8939952	0.19347932	1	424252.6	22.15863	0.9995782	NA	NA	0.0	0.998594	0.998594	1	1	1:1	2	neutral	4115022
4	9800043	30320015	NA	20519977	322864	1.997188	321664	16172	42396.0	mappable	0.078725	1.0	NA	0.00092122634	5.756721e-05	0.00123204152	0.08233663	0.0823942	9800043	9800043	30319984	30320046	0.16035675	1	424252.6	22.15863	0.9995782	NA	NA	0.0	0.998594	0.998594	1	1	1:1	2	neutral	4115022
4	30320015	30329990	NA	9976	185	1.384	185	0	23.0	mappable	NA	NA	NA	NA	inf	0.09264213677	0.15055428	inf	30319984	30320046	30329960	30330020	NA	missing	391760.0	NA	0.9076	NA	NA	NA	NA	NA	NA	NA	NA	NA	NA	4115022
4	30329990	49089961	NA	18759975	276188	1.997188	275320	13978	36720.0	mappable	0.0817	1.0	NA	0.00206169376	6.735821e-05	0.00262507397	0.0827775	0.08284486	30329960	30330020	49089961	49089961	0.14710346	1	424252.6	22.15863	0.9995782	NA	NA	0.0	0.998594	0.998594	1	1	1:1	2	neutral	4115022
4	52680564	86130000	NA	33449440	467512	1.997188	466108	18683	61819.0	mappable	0.078725	1.0	self	0.00103572491	4.978344e-05	0.00389059651	0.08001447	0.08006425	52680564	52680564	86129901	86130099	0.15567333	1	424252.6	22.15863	0.9995782	NA	NA	0.0	0.998594	0.998594	1	1	1:1	2	neutral	4115022
4	86130000	86139995	NA	9996	199	0.9826667	152	0	21.0	mappable	NA	NA	identical	0.00943742984	0.02127659574	0.15284213677	0.15052154	0.17179813	86129901	86130099	86139949	86140041	NA	missing	370545.7	NA	0.8474	NA	NA	NA	NA	NA	NA	NA	NA	NA	NA	4115022
4	86139995	123639994	NA	37500004	496607	1.997188	494841	26227	65075.0	mappable	0.078725	1.0	self	0.00296787007	3.572322e-05	0.00086652889	0.07949003	0.07952576	86139949	86140041	123639973	123639994	0.14419275	1	424252.6	22.15863	0.9995782	NA	NA	0.0	0.998594	0.998594	1	1	1:1	2	neutral	4115022
4	123639995	123650080	NA	10086	117	0.8786667	111	0	18.0	mappable	NA	NA	identical	0.03231246794	0.16666666667	0.16844213677	0.15037519	0.31704185	123639995	123640016	123649974	123650186	NA	missing	379260.0	NA	0.8318	NA	NA	NA	NA	NA	NA	NA	NA	NA	NA	4115022
4	123650080	190799944	NA	67149874	956686	1.997188	952600	47076	127958.0	mappable	0.078725	1.0	edge	0.00143215065	1.954614e-05	0.00280362224	0.07692047	0.07694002	123649974	123650186	190799944	190799944	0.15194455	1	424252.6	22.15863	0.9995782	NA	NA	0.0	0.998594	0.998594	1	1	1:1	2	neutral	4115022
5	50017	1660018	NA	1610003	23423	1.997188	23112	1224	3998.0	mappable	0.076725	1.0	edge	0.00090136906	0.0006514658	0.0127564731	0.09699965	0.09765111	50017	50017	1659995	1660041	0.21322993	1	424252.6	22.15863	0.9995782	NA	NA	0.0	0.998594	0.998594	1	1	1:1	2	neutral	4115022
5	1660018	1670020	NA	10003	255	2.8093333	247	3	72.0	mappable	0.76146725	NA	identical	0.5091567792	0.09090909091	0.12115786323	0.1505101	0.24141919	1659995	1660041	1669987	1670020	NA	missing	476373.8	34.404774	1.1214	NA	NA	NA	NA	NA	NA	NA	NA	NA	NA	4115022
5	1670021	19369978	NA	17699960	280866	1.997188	279783	14015	37910.0	mappable	0.08215	1.0	NA	0.0041224193	6.623394e-05	0.00553383505	0.08306599	0.08313222	1670021	1670054	19369898	19370058	0.15064653	1	424252.6	22.15863	0.9995782	NA	NA	0.0	0.998594	0.998594	1	1	1:1	2	neutral	4115022
5	19369978	19380014	NA	10037	145	1.172	145	0	15.0	mappable	NA	NA	NA	NA	inf	0.12444213677	0.15045467	inf	19369898	19370058	19379988	19380040	NA	missing	385107.5	NA	0.8758	NA	NA	NA	NA	NA	NA	NA	NA	NA	NA	4115022
5	19380014	46399990	NA	27019980	384551	1.997188	383198	18488	51295.0	mappable	0.078725	1.0	NA	3.691857e-05	5.040069e-05	0.00500160125	0.08101258	0.08106298	19379988	19380040	46399990	46399990	0.16234314	1	424252.6	22.15863	0.9995782	NA	NA	0.0	0.998594	0.998594	1	1	1:1	2	neutral	4115022
5	49470005	68829703	NA	19359703	256721	1.997188	255775	13216	33835.0	mappable	0.0753	1.0	self	0.00359104309	7.06115e-05	0.0002385481	0.08262225	0.08269287	49470005	49470005	68829703	68829703	0.14611201	1	424252.6	22.15863	0.9995782	NA	NA	0.0	0.998594	0.998594	1	1	1:1	2	neutral	4115022
5	70750153	170259991	NA	99509850	1394791	1.997188	1390275	62400	185486.0	mappable	0.078725	1.0	NA	4.590584e-05	1.494411e-05	0.00314760691	0.07527758	0.07529252	70750153	70750153	170249969	170270013	0.1572727	1	424252.6	22.15863	0.9995782	NA	NA	0.0	0.998594	0.998594	1	1	1:1	2	neutral	4115022
5	170259991	170299970	NA	39980	558	2.6013333	558	0	75.0	mappable	NA	NA	NA	NA	inf	0.08995786323	0.1308302	inf	170249969	170270013	170299938	170299970	NA	missing	435762.5	NA	1.0902	NA	NA	NA	NA	NA	NA	NA	NA	NA	NA	4115022
5	170299971	180680013	NA	10380046	135026	1.997188	134366	6075	19297.0	mappable	0.08215	1.0	NA	0.0014777606	0.0001484781	0.00245172159	0.08580999	0.08595847	170299971	170300003	180679976	180680050	0.19258654	1	424252.6	22.15863	0.9995782	NA	NA	0.0	0.998594	0.998594	1	1	1:1	2	neutral	4115022
5	180680013	180689979	NA	9967	169	1.4473333	169	0	26.0	mappable	NA	NA	edge	NA	inf	0.08314213677	0.15056903	inf	180679976	180680050	180689979	180689979	NA	missing	412460.0	NA	0.9171	NA	NA	NA	NA	NA	NA	NA	NA	NA	NA	4115022
6	201976	9170023	NA	8968050	140520	1.997188	139640	7777	18994.0	mappable	0.078725	1.0	edge	0.00014038976	0.00011551346	0.0040745165	0.08659372	0.08670923	201976	201976	9169956	9170023	0.16045585	1	424252.6	22.15863	0.9995782	NA	NA	0.0	0.998594	0.998594	1	1	1:1	2	neutral	4115022
6	9170024	9180003	NA	9980	167	2.6366667	167	0	15.0	mappable	NA	NA	NA	NA	inf	0.09525786323	0.15054772	inf	9170024	9170091	9179968	9180003	NA	missing	432266.0	NA	1.0955	NA	NA	NA	NA	NA	NA	NA	NA	NA	NA	4115022
6	9180004	31349996	NA	22169994	326656	1.997188	325107	15471	44532.0	mappable	0.08215	1.0	NA	0.00327167054	5.875441e-05	0.00157020421	0.08196014	0.0820189	9180004	9180039	31349980	31350012	0.1891628	1	424252.6	22.15863	0.9995782	NA	NA	0.0	0.998594	0.998594	1	1	1:1	2	neutral	4115022
6	31349996	31370004	NA	20009	387	3.0006667	373	84	46.0	mappable	0.05826855	NA	identical	0.02415003898	0.01020408163	0.14985786323	0.13997406	0.15017814	31349980	31350012	31359989	31380019	0.36277684	2	470398.0	25.087893	1.1501	20.45031	0.5851737	0.1703473	1.2447556	1.7559111	2	1	2:1	3	gain	4115022
6	31370004	32534986	NA	1164983	16631	1.997188	15898	443	2483.0	mappable	0.0894	1.0	self	0.02051511253	0.00085034014	0.00904213677	0.09924634	0.10009668	31359989	31380019	32519968	32550004	0.35328776	2	424252.6	22.15863	0.9995782	21.22158	0.5744002	0.1488004	0.8500028	1.1471852	1	1	1:1	2	mixDH	4115022
6	32534986	32565004	NA	30019	2271	1.2586667	2014	90	393.0	mappable	0.202025	NA	identical	0.16436511253	0.00288184438	0.11144213677	0.13446654	0.13734839	32519968	32550004	32559997	32565004	0.45925657	2	469908.3	26.670471	0.8888	26.43499	0.8180829	0.6361658	0.228973	1.0296937	1	0	1:0	1	LOH	4115022
6	32565005	58019982	NA	25454987	373054	1.997188	369366	16265	50673.0	mappable	0.078725	1.0	self	0.00028158846	5.011778e-05	0.00063276467	0.08129604	0.08134616	32565005	32570012	58019982	58019982	0.20088659	1	424252.6	22.15863	0.9995782	NA	NA	0.0	0.998594	0.998594	1	1	1:1	2	neutral	4115022
6	58610011	58769997	NA	159987	572	1.997188	572	1	85.0	mappable	0.05	1.0	self	0.02875988747	1.0	0.00995786323	0.11568989	1.11568989	58610011	58610011	58769997	58769997	NA	missing	424252.6	22.15863	0.9995782	NA	NA	NA	NA	NA	NA	NA	NA	NA	NA	4115022
6	61890002	63519999	NA	1629998	22714	1.997188	22671	163	3159.0	mappable	0.079325	1.0	NA	0.0019817792	0.00485436893	0.00305786323	0.09691595	0.10177032	61890002	61890002	63519993	63520005	0.39403454	2	424252.6	22.15863	0.9995782	21.22158	0.5744002	0.1488004	0.8500028	1.1471852	1	1	1:1	2	mixDH	4115022
6	63519999	63539948	NA	19950	407	1.48	407	0	57.0	mappable	NA	NA	NA	NA	inf	0.07824213677	0.14001581	inf	63519993	63520005	63539881	63540015	NA	missing	410485.2	NA	0.922	NA	NA	NA	NA	NA	NA	NA	NA	NA	NA	4115022
6	63539948	82620015	NA	19080071	274619	1.997188	273635	12518	36286.0	mappable	0.08059474	1.0	NA	0.00222802971	7.40631e-05	0.00398124071	0.08269396	0.08276802	63539881	63540015	82619984	82620015	0.1476256	1	424252.6	22.15863	0.9995782	NA	NA	0.0	0.998594	0.998594	1	1	1:1	2	neutral	4115022
6	82620016	82629965	NA	9950	161	3.1246667	161	0	21.0	mappable	NA	NA	NA	NA	inf	0.16845786323	0.15059696	inf	82620016	82620047	82629913	82630017	NA	missing	458778.6	NA	1.1687	NA	NA	NA	NA	NA	NA	NA	NA	NA	NA	4115022
6	82629965	170899935	NA	88269976	1241312	1.997188	1236378	58952	167809.0	mappable	0.078725	1.0	edge	0.00126803028	1.565288e-05	0.00119835712	0.07577072	0.07578638	82629913	82630017	170899935	170899935	0.16143148	1	424252.6	22.15863	0.9995782	NA	NA	0.0	0.998594	0.998594	1	1	1:1	2	neutral	4115022
7	40386	90016	NA	49631	947	2.449498	942	101	122.0	mappable	0.24925326	6.0	edge	0.17315750384	0.00943396226	0.08245786323	0.12821373	0.13764769	40386	40386	89998	90016	0.30281876	1	490053.4	27.72114	1.0674247	NA	NA	0.0	1.224749	1.224749	1	1	1:1	2	neutral	4115022
7	90017	21030005	NA	20939992	353841	1.997188	352398	18102	48170.0	mappable	0.078725	1.0	self	0.00271904117	5.11666e-05	0.0016403857	0.08223766	0.08228883	90017	90035	21029921	21030005	0.15238289	1	424252.6	22.15863	0.9995782	NA	NA	0.0	0.998594	0.998594	1	1	1:1	2	neutral	4115022
7	21030006	21039994	NA	9989	209	3.2153333	207	0	27.0	mappable	NA	NA	identical	0.03079722209	0.5	0.18205786323	0.15053299	0.65053299	21030006	21030090	21039983	21040005	NA	missing	455732.0	NA	1.1823	NA	NA	NA	NA	NA	NA	NA	NA	NA	NA	4115022
7	21039994	57999988	NA	36960000	500131	1.997188	498288	25606	66945.0	mappable	0.078725	1.0	self	0.00042891952	3.643253e-05	0.00035773428	0.0795562	0.07959263	21039983	21040005	57999988	57999988	0.14151688	1	424252.6	22.15863	0.9995782	NA	NA	0.0	0.998594	0.998594	1	1	1:1	2	neutral	4115022
7	61530139	72229988	NA	10699850	114277	1.997188	113491	4702	17082.0	mappable	0.08112935	1.0	self	3.488747e-05	0.00018221574	0.00034213677	0.08564912	0.08583133	61530139	61530139	72229988	72229988	0.19160158	1	424252.6	22.15863	0.9995782	NA	NA	0.0	0.998594	0.998594	1	1	1:1	2	neutral	4115022
7	72750118	74139961	NA	1389844	10263	1.997188	10175	487	1663.0	mappable	0.0672	1.0	self	0.01124877636	0.00173913043	0.00215786323	0.09800803	0.09974716	72750118	72750118	74139961	74139961	0.22811728	1	424252.6	22.15863	0.9995782	NA	NA	0.0	0.998594	0.998594	1	1	1:1	2	neutral	4115022
7	75160045	76059952	NA	899908	8427	1.997188	8365	337	1301.0	mappable	0.09947586	1.0	self	0.01524528494	0.00250626566	0.00884213677	0.10111521	0.10362148	75160045	75160045	76059952	76059952	0.24175662	1	424252.6	22.15863	0.9995782	NA	NA	0.0	0.998594	0.998594	1	1	1:1	2	neutral	4115022
7	76810004	113149972	NA	36339974	471195	1.997188	469405	19342	63930.0	mappable	0.081	1.0	NA	0.00144570044	4.73216e-05	0.0020844136	0.07963351	0.07968084	76810004	76810004	113149906	113150038	0.16460993	1	424252.6	22.15863	0.9995782	NA	NA	0.0	0.998594	0.998594	1	1	1:1	2	neutral	4115022
7	113149972	113189996	NA	40025	540	2.594	540	0	75.0	mappable	NA	NA	NA	NA	inf	0.08885786323	0.13081631	inf	113149906	113150038	113189933	113189996	NA	missing	439139.7	NA	1.0891	NA	NA	NA	NA	NA	NA	NA	NA	NA	NA	4115022
7	113189997	159119808	NA	45929820	617860	1.997188	615000	27385	84935.0	mappable	0.078725	1.0	edge	0.00097665196	3.306441e-05	0.00173202712	0.07857642	0.07860949	113189997	113190060	159119808	159119808	0.17011957	1	424252.6	22.15863	0.9995782	NA	NA	0.0	0.998594	0.998594	1	1	1:1	2	neutral	4115022
8	170012	1570000	NA	1399989	30536	1.3008793	30228	1389	4848.0	mappable	0.08931818	3.0	edge	0.01366511253	0.00058927519	0.10194213677	0.09795766	0.09854694	170012	170012	1569969	1570031	0.46802699	2	379141.9	21.151758	0.8951319	21.17799	0.7655366	0.5310732	0.3050086	0.9958707	1	sub	1:sub	sub	sub	4115022
8	1570000	1588438	NA	18439	568	1.4174667	555	34	128.0	mappable	0.08440556	7.0	NA	0.00200155414	0.02127659574	0.07154213677	0.14113855	0.16241515	1569969	1570031	1588412	1588438	0.55170734	2	404782.6	22.542174	0.91262	22.17695	0.7442113	0.4884227	0.3625719	1.0548948	1	sub	1:sub	sub	sub	4115022
8	1588439	2100002	NA	511564	12445	1.3008793	12316	642	1984.0	mappable	0.1146	3.0	NA	0.03421511253	0.00129701686	0.11004213677	0.10545989	0.10675691	1588439	1588465	2099986	2100002	0.48079576	2	379141.9	21.151758	0.8951319	21.17799	0.7655366	0.5310732	0.3050086	0.9958707	1	sub	1:sub	sub	sub	4115022
8	2100003	3650002	NA	1550002	44709	1.997188	44300	2479	5967.0	mappable	0.0978	1.0	self	0.01337467138	0.00034626039	0.08919562488	0.09725811	0.09760437	2100003	2100019	3649995	3650002	0.41131381	2	424252.6	22.15863	0.9995782	21.22158	0.5744002	0.1488004	0.8500028	1.1471852	1	1	1:1	2	mixDH	4115022
8	3650003	3660005	NA	10003	432	0.598	426	8	61.0	mappable	0.2193	NA	NA	0.33586511253	0.07142857143	0.21054213677	0.1505101	0.22193867	3650003	3650010	3659997	3660013	NA	missing	352940.0	17.647	0.7897	NA	NA	NA	NA	NA	NA	NA	NA	NA	NA	4115022
8	3660005	3840018	NA	180014	7417	1.3008793	7410	283	976.0	mappable	0.11373864	3.0	NA	0.04784323209	0.00344827586	0.09577341626	0.1145623	0.11801058	3659997	3660013	3839969	3840067	0.57329185	2	379141.9	21.151758	0.8951319	21.17799	0.7655366	0.5310732	0.3050086	0.9958707	1	sub	1:sub	sub	sub	4115022
8	3840018	4940019	NA	1100002	41320	1.4174667	41206	2044	5275.0	mappable	0.08566111	7.0	NA	0.00339011253	0.00046339203	0.09434213677	0.09965582	0.10011921	3839969	3840067	4939987	4940051	0.43290361	2	404782.6	22.542174	0.91262	22.17695	0.7442113	0.4884227	0.3625719	1.0548948	1	sub	1:sub	sub	sub	4115022
8	4940019	4989989	NA	49971	1619	0.9906667	1619	0	224.0	mappable	NA	NA	NA	NA	inf	0.15164213677	0.12813282	inf	4939987	4940051	4989971	4989989	NA	missing	364130.8	NA	0.8486	NA	NA	NA	NA	NA	NA	NA	NA	NA	NA	4115022
8	4989990	5919998	NA	930009	29702	1.3008793	29637	1832	3731.0	mappable	0.09471824	3.0	NA	0.01732054731	0.00052714813	0.11194213677	0.10087313	0.10140028	4989990	4990008	5919938	5920058	0.41601868	2	379141.9	21.151758	0.8951319	21.17799	0.7655366	0.5310732	0.3050086	0.9958707	1	sub	1:sub	sub	sub	4115022
8	5919998	5970013	NA	50016	1309	1.4174667	1305	63	169.0	mappable	0.044475	7.0	NA	0.03085988747	0.01492537313	0.05554213677	0.12812216	0.14304753	5919938	5920058	5969994	5970013	0.46104841	2	404782.6	22.542174	0.91262	22.17695	0.7442113	0.4884227	0.3625719	1.0548948	1	sub	1:sub	sub	sub	4115022
8	5970014	6611426	NA	641413	16601	1.3008793	16531	792	2336.0	mappable	0.08215	3.0	NA	0.01233082212	0.00116009281	0.10741038567	0.10367586	0.10483595	5970014	5970033	6611362	6611490	0.41644498	2	379141.9	21.151758	0.8951319	21.17799	0.7655366	0.5310732	0.3050086	0.9958707	1	sub	1:sub	sub	sub	4115022
8	6611426	6704994	NA	93569	2000	1.4174667	1991	70	222.0	mappable	0.04587273	7.0	NA	0.02885988747	0.01265822785	0.03834213677	0.12111125	0.13376947	6611362	6611490	6699980	6704994	0.21230558	1	404782.6	22.542174	0.91262	NA	NA	0.0	0.7087333	0.7087333	1	1	1:1	2	neutral	4115022
8	6704995	6919904	NA	214910	4926	1.3008793	4890	438	604.0	mappable	0.08948986	3.0	NA	0.01334416659	0.00210970464	0.09664213677	0.11290904	0.11501875	6704995	6710009	6919904	6919904	0.48566983	2	379141.9	21.151758	0.8951319	21.17799	0.7655366	0.5310732	0.3050086	0.9958707	1	sub	1:sub	sub	sub	4115022
8	8100000	9980008	NA	1880009	39476	1.3008793	39369	1459	5377.0	mappable	0.094675	3.0	NA	0.01709011253	0.0006385696	0.10794213677	0.09595866	0.09659723	8100000	8100000	9979992	9980024	0.4603633	2	379141.9	21.151758	0.8951319	21.17799	0.7655366	0.5310732	0.3050086	0.9958707	1	sub	1:sub	sub	sub	4115022
8	9980008	9989990	NA	9983	213	1.794	212	0	22.0	mappable	NA	NA	NA	0.03888717135	1.0	0.03114213677	0.15054281	1.15054281	9979992	9980024	9989953	9989990	NA	missing	394847.5	NA	0.9691	NA	NA	NA	NA	NA	NA	NA	NA	NA	NA	4115022
8	9989991	11859985	NA	1869995	39701	1.3008793	39605	1635	5399.0	mappable	0.09585	3.0	NA	0.01709011253	0.00057770075	0.10804213677	0.09599415	0.09657185	9989991	9990028	11859985	11859985	0.43774772	2	379141.9	21.151758	0.8951319	21.17799	0.7655366	0.5310732	0.3050086	0.9958707	1	sub	1:sub	sub	sub	4115022
8	12580042	15139968	NA	2559927	62028	1.3008793	61832	3756	8106.0	mappable	0.09585	3.0	NA	0.01709011253	0.00025303644	0.10024213677	0.09395109	0.09420413	12580042	12580042	15139827	15139968	0.44527363	2	379141.9	21.151758	0.8951319	21.17799	0.7655366	0.5310732	0.3050086	0.9958707	1	sub	1:sub	sub	sub	4115022
8	15139969	15150040	NA	10072	236	1.997188	236	1	25.0	mappable	0.09677419	1.0	self	0.01801430608	1.0	0.02814213677	0.15039785	1.15039785	15139969	15140110	15149990	15150090	NA	missing	424252.6	22.15863	0.9995782	NA	NA	NA	NA	NA	NA	NA	NA	NA	NA	4115022
8	15150040	16500058	NA	1350019	31418	1.3008793	31367	1035	4177.0	mappable	0.08396413	3.0	NA	0.00681511253	0.00092081031	0.10194213677	0.09820989	0.0991307	15149990	15150090	16499973	16500143	0.40432359	2	379141.9	21.151758	0.8951319	21.17799	0.7655366	0.5310732	0.3050086	0.9958707	1	sub	1:sub	sub	sub	4115022
8	16500058	16510010	NA	9953	224	1.8526667	210	0	27.0	mappable	NA	NA	NA	0.0719317792	0.07142857143	0.02234213677	0.15059203	0.2220206	16499973	16500143	16509955	16510010	NA	missing	392428.0	NA	0.9779	NA	NA	NA	NA	NA	NA	NA	NA	NA	NA	4115022
8	16510011	31439924	NA	14929914	253419	1.3008793	252509	11871	34416.0	mappable	0.09471538	3.0	NA	0.01366511253	7.824726e-05	0.10544213677	0.08392183	0.08400007	16510011	16510066	31439800	31440048	0.44299679	2	379141.9	21.151758	0.8951319	21.17799	0.7655366	0.5310732	0.3050086	0.9958707	1	sub	1:sub	sub	sub	4115022
8	31439924	42990030	NA	11550107	157774	1.997188	157144	7109	21320.0	mappable	0.08472778	1.0	self	0.00681511253	0.00012921566	0.00184213677	0.08524639	0.08537561	31439800	31440048	42989913	42990147	0.15811566	1	424252.6	22.15863	0.9995782	NA	NA	0.0	0.998594	0.998594	1	1	1:1	2	neutral	4115022
8	42990030	43589895	NA	599866	10096	2.1514053	10075	26	1604.0	mappable	0.11834375	NA	NA	0.15615482355	0.02127659574	0.02246865959	0.1041977	0.1254743	42989913	42990147	43589781	43590009	NA	missing	445612.5	24.910979	1.0227108	NA	NA	NA	NA	NA	NA	NA	NA	NA	NA	4115022
8	43589895	43599979	NA	10085	308	2.686	308	0	50.0	mappable	NA	NA	NA	NA	inf	0.10265786323	0.15037681	inf	43589781	43590009	43599953	43600005	NA	missing	468095.0	NA	1.1029	NA	NA	NA	NA	NA	NA	NA	NA	NA	NA	4115022
8	43599979	43789991	NA	190013	5323	1.997188	5294	43	892.0	mappable	0.10988947	1.0	NA	0.02921895868	0.01388888889	0.01025786323	0.1140528	0.12794168	43599953	43600005	43789991	43789991	0.32150294	1	424252.6	22.15863	0.9995782	NA	NA	0.0	0.998594	0.998594	1	1	1:1	2	neutral	4115022
8	46880007	146289988	NA	99409988	1388838	1.997188	1383958	62848	186623.0	mappable	0.078725	1.0	edge	0.00100138269	1.476516e-05	0.00120792709	0.07528168	0.07529645	46880007	46880007	146289988	146289988	0.15805831	1	424252.6	22.15863	0.9995782	NA	NA	0.0	0.998594	0.998594	1	1	1:1	2	neutral	4115022
9	200101	1179988	NA	979888	22364	1.997188	22302	1050	3005.0	mappable	0.0769	1.0	edge	3.488747e-05	0.00089928058	0.00985786323	0.10049111	0.10139039	200101	200101	1179966	1180010	0.18337111	1	424252.6	22.15863	0.9995782	NA	NA	0.0	0.998594	0.998594	1	1	1:1	2	neutral	4115022
9	1179988	1194970	NA	14983	227	1.4174667	227	11	38.0	mappable	0.03180357	7.0	NA	0.04695631604	0.09090909091	0.07934213677	0.14418531	0.2350944	1179966	1180010	1189934	1200006	NA	missing	404782.6	22.542174	0.91262	NA	NA	NA	NA	NA	NA	NA	NA	NA	NA	4115022
9	1194970	1209998	NA	15029	214	2.449498	214	8	20.0	mappable	0.18451429	6.0	NA	0.10575439825	0.125	0.10915786323	0.14413935	0.26913935	1189934	1200006	1209994	1210002	NA	missing	490053.4	27.72114	1.0674247	NA	NA	NA	NA	NA	NA	NA	NA	NA	NA	4115022
9	1209998	38769828	NA	37559841	622981	1.997188	621162	28338	82634.0	mappable	0.078725	1.0	self	0.00227612351	3.31598e-05	0.00154819584	0.07948277	0.07951593	1209994	1210002	38769828	38769828	0.15757218	1	424252.6	22.15863	0.9995782	NA	NA	0.0	0.998594	0.998594	1	1	1:1	2	neutral	4115022
9	66840048	66849972	NA	9925	540	1.4174667	505	0	90.0	mappable	NA	7.0	NA	0.00073499205	0.02857142857	0.05764213677	0.15063813	0.17920955	66840048	66840048	66849972	66849972	NA	missing	404782.6	NA	0.91262	NA	NA	NA	NA	NA	NA	NA	NA	NA	NA	4115022
9	68410004	68419976	NA	9973	1130	2.14	1052	0	286.0	mappable	NA	NA	NA	0.19660328332	0.01282051282	0.02075786323	0.15055919	0.16337971	68410004	68410004	68419976	68419976	NA	missing	2818104.0	NA	1.021	NA	NA	NA	NA	NA	NA	NA	NA	NA	NA	4115022
9	71030093	110459913	NA	39429822	532398	1.997188	530470	23971	72133.0	mappable	0.10139722	1.0	NA	0.02289226977	3.861302e-05	0.0018740781	0.07926196	0.07930058	71030093	71030093	110459820	110459913	0.53406258	2	424252.6	22.15863	0.9995782	21.22158	0.5744002	0.1488004	0.8500028	1.1471852	1	1	1:1	2	mixDH	4115022
9	110459914	110475001	NA	15088	174	1.358	174	0	23.0	mappable	NA	NA	NA	NA	inf	0.09654213677	0.14408066	inf	110459914	110460007	110469972	110475001	NA	missing	413353.3	NA	0.9037	NA	NA	NA	NA	NA	NA	NA	NA	NA	NA	4115022
9	110475002	141019791	NA	30544790	429318	1.997188	427141	19244	60714.0	mappable	0.106125	1.0	edge	0.02955477977	4.668316e-05	0.00615128523	0.08043621	0.0804829	110475002	110480031	141019791	141019791	0.56018411	2	424252.6	22.15863	0.9995782	21.22158	0.5744002	0.1488004	0.8500028	1.1471852	1	1	1:1	2	mixDH	4115022
10	130013	6809989	NA	6679979	118144	1.997188	117292	6283	17080.0	mappable	0.078725	1.0	edge	0.00022919815	0.00014015417	0.00672954451	0.08821683	0.08835698	130013	130013	6809952	6810026	0.18186395	1	424252.6	22.15863	0.9995782	NA	NA	0.0	0.998594	0.998594	1	1	1:1	2	neutral	4115022
10	6809989	6830039	NA	20051	327	2.3866667	326	0	61.0	mappable	NA	NA	NA	0.27124011253	1.0	0.05775786323	0.13994443	1.13994443	6809952	6810026	6829967	6830111	NA	missing	432796.7	NA	1.058	NA	NA	NA	NA	NA	NA	NA	NA	NA	NA	4115022
10	6830039	6889982	NA	59944	919	1.4174667	910	2	154.0	mappable	0.07894737	7.0	NA	0.01091464937	0.09090909091	0.05194213677	0.1260134	0.21692249	6829967	6830111	6889922	6889982	NA	missing	404782.6	22.542174	0.91262	NA	NA	NA	NA	NA	NA	NA	NA	NA	NA	4115022
10	6889983	6910019	NA	20037	327	2.6346667	325	0	39.0	mappable	NA	NA	NA	0.07553818945	0.5	0.09495786323	0.1399543	0.6399543	6889983	6890043	6909997	6910041	NA	missing	435890.6	NA	1.0952	NA	NA	NA	NA	NA	NA	NA	NA	NA	NA	4115022
10	6910019	21810034	NA	14900016	238240	1.997188	237276	12387	32209.0	mappable	0.078725	1.0	self	5.804729e-05	7.490076e-05	0.00224136947	0.08393201	0.08400691	6909997	6910041	21809964	21810034	0.15267661	1	424252.6	22.15863	0.9995782	NA	NA	0.0	0.998594	0.998594	1	1	1:1	2	neutral	4115022
10	21810035	21829982	NA	19948	213	2.48	212	1	33.0	mappable	0.33333333	NA	NA	0.37051547485	0.5	0.07175786323	0.14001723	0.64001723	21810035	21810105	21829893	21829982	NA	missing	456160.3	30.410686	1.072	NA	NA	NA	NA	NA	NA	NA	NA	NA	NA	4115022
10	21829983	22559935	NA	729953	7764	1.986	7747	50	1147.0	mappable	0.12017632	NA	NA	0.04758204801	0.01492537313	0.00234213677	0.10268288	0.11760825	21829983	21830072	22559861	22559935	0.28221962	1	410511.6	22.226271	0.9979	NA	NA	0.0	0.993	0.993	1	1	1:1	2	neutral	4115022
10	22559936	22579995	NA	20060	299	1.3133333	299	1	51.0	mappable	0.0	NA	NA	0.07875988747	1.0	0.10324213677	0.13993809	1.13993809	22559936	22560010	22579906	22580084	NA	missing	380432.1	19.021606	0.897	NA	NA	NA	NA	NA	NA	NA	NA	NA	NA	4115022
10	22579995	39149984	NA	16569991	219742	1.997188	218819	9517	32059.0	mappable	0.08167895	1.0	self	0.00520030139	9.579462e-05	0.00257339888	0.08339564	0.08349143	22579906	22580084	39149984	39149984	0.16777293	1	424252.6	22.15863	0.9995782	NA	NA	0.0	0.998594	0.998594	1	1	1:1	2	neutral	4115022
10	42410000	46159967	NA	3749968	43632	1.997188	43425	2297	6367.0	mappable	0.07428333	1.0	self	0.00345988747	0.00039936102	0.00515786323	0.0915816	0.09198097	42410000	42410000	46159967	46159967	0.16966478	1	424252.6	22.15863	0.9995782	NA	NA	0.0	0.998594	0.998594	1	1	1:1	2	neutral	4115022
10	48310177	48659961	NA	349785	5567	1.997188	5551	267	774.0	mappable	0.085575	1.0	self	0.00681511253	0.0035335689	0.01474213677	0.10860057	0.11213414	48310177	48310177	48659961	48659961	0.15427825	1	424252.6	22.15863	0.9995782	NA	NA	0.0	0.998594	0.998594	1	1	1:1	2	neutral	4115022
10	49390096	89660034	NA	40269946	553596	1.997188	551751	23205	75369.0	mappable	0.078725	1.0	NA	0.00077881617	3.992016e-05	0.00120797015	0.07916653	0.07920645	49390096	49390096	89659976	89660034	0.15351929	1	424252.6	22.15863	0.9995782	NA	NA	0.0	0.998594	0.998594	1	1	1:1	2	neutral	4115022
10	89660035	89670000	NA	9966	160	0.884	160	0	29.0	mappable	NA	NA	NA	NA	inf	0.16764213677	0.15057068	inf	89660035	89660093	89669939	89670061	NA	missing	371973.3	NA	0.8326	NA	NA	NA	NA	NA	NA	NA	NA	NA	NA	4115022
10	89670000	93829946	NA	4159947	57701	1.997188	57494	3475	7642.0	mappable	0.07786667	1.0	NA	3.488747e-05	0.00027159153	0.00744213677	0.09095815	0.09122974	89669939	89670061	93829875	93830017	0.15827289	1	424252.6	22.15863	0.9995782	NA	NA	0.0	0.998594	0.998594	1	1	1:1	2	neutral	4115022
10	93829946	93840003	NA	10058	116	2.946	116	0	18.0	mappable	NA	NA	NA	NA	inf	0.14165786323	0.15042055	inf	93829875	93830017	93839978	93840003	NA	missing	429685.0	NA	1.1419	NA	NA	NA	NA	NA	NA	NA	NA	NA	NA	4115022
10	93840004	135439925	NA	41599924	600130	1.997188	597169	27189	82918.0	mappable	0.078725	1.0	edge	0.00310989718	3.31675e-05	0.00057278029	0.07901991	0.07905308	93840004	93840029	135439925	135439925	0.17189632	1	424252.6	22.15863	0.9995782	NA	NA	0.0	0.998594	0.998594	1	1	1:1	2	neutral	4115022
11	190010	48899996	NA	48709992	695168	1.997188	692109	33470	94080.0	mappable	0.078725	1.0	edge	0.00065049331	2.737551e-05	0.00016041959	0.07831554	0.07834292	190010	190010	48899996	48899996	0.17166844	1	424252.6	22.15863	0.9995782	NA	NA	0.0	0.998594	0.998594	1	1	1:1	2	neutral	4115022
11	48899997	50170092	NA	1270096	0	0.0	0	0	NA	mappable	NA	NA	NA	NA	inf	1.00024213677	0.09863632	inf	48899997	48899997	50170092	50170092	NA	missing	NA	NA	0.0	NA	NA	0.0	0.0	0.0	0	0	NA	0	homozygousDel	4115022
11	50170093	51340025	NA	1169933	17074	1.997188	16905	1099	2674.0	mappable	0.07646944	1.0	NA	0.0018990179	0.00078864353	0.03445786323	0.09921622	0.10000486	50170093	50170093	51339990	51340025	0.15519014	1	424252.6	22.15863	0.9995782	NA	NA	0.0	0.998594	0.998594	1	1	1:1	2	neutral	4115022
11	51340026	51579984	NA	239959	1730	1.4174667	1712	16	258.0	mappable	0.1054973	7.0	NA	0.02114634376	0.02941176471	0.04304213677	0.11190421	0.14131598	51340026	51340061	51579984	51579984	NA	missing	404782.6	22.542174	0.91262	NA	NA	NA	NA	NA	NA	NA	NA	NA	NA	4115022
11	54792817	89349940	NA	34557128	455656	1.997188	453888	18051	63348.0	mappable	0.08198333	1.0	self	0.0002865795	5.045663e-05	0.00204454231	0.07986429	0.07991475	54792817	54792817	89349940	89349940	0.17294162	1	424252.6	22.15863	0.9995782	NA	NA	0.0	0.998594	0.998594	1	1	1:1	2	neutral	4115022
11	89850037	130209994	NA	40359961	587068	1.997188	584846	27627	78570.0	mappable	0.078725	1.0	NA	0.00067258494	3.350308e-05	0.00128008126	0.07915644	0.07918994	89850037	89850037	130209987	130210001	0.15317839	1	424252.6	22.15863	0.9995782	NA	NA	0.0	0.998594	0.998594	1	1	1:1	2	neutral	4115022
11	130209994	130240046	NA	30053	338	2.5106667	338	0	66.0	mappable	NA	NA	NA	NA	inf	0.07635786323	0.13445178	inf	130209987	130210001	130239990	130240102	NA	missing	442822.4	NA	1.0766	NA	NA	NA	NA	NA	NA	NA	NA	NA	NA	4115022
11	130240046	134939862	NA	4699817	77075	1.997188	76762	3662	10580.0	mappable	0.078725	1.0	edge	3.488747e-05	0.00025157233	0.00595786323	0.09023571	0.09048729	130239990	130240102	134939862	134939862	0.1349525	1	424252.6	22.15863	0.9995782	NA	NA	0.0	0.998594	0.998594	1	1	1:1	2	neutral	4115022
12	160107	34819969	NA	34659865	477518	1.997188	475414	22478	65692.0	mappable	0.07945523	1.0	edge	0.00129801262	4.068017e-05	0.00035735462	0.07985064	0.07989132	160107	160107	34819969	34819969	0.16213557	1	424252.6	22.15863	0.9995782	NA	NA	0.0	0.998594	0.998594	1	1	1:1	2	neutral	4115022
12	38000003	87139939	NA	49139941	654826	1.997188	652297	28290	89328.0	mappable	0.07632619	1.0	NA	0.00062415983	3.244857e-05	0.00136660937	0.07827668	0.07830913	38000003	38000003	87139850	87140028	0.1533935	1	424252.6	22.15863	0.9995782	NA	NA	0.0	0.998594	0.998594	1	1	1:1	2	neutral	4115022
12	87139939	87169933	NA	29995	431	2.652	431	0	68.0	mappable	NA	NA	NA	NA	inf	0.09755786323	0.13447698	inf	87139850	87140028	87169832	87170034	NA	missing	436400.8	NA	1.0978	NA	NA	NA	NA	NA	NA	NA	NA	NA	NA	4115022
12	87169933	133819926	NA	46649997	648428	1.997188	645204	30314	90742.0	mappable	0.078725	1.0	edge	0.00047468046	2.981692e-05	0.00216204044	0.07850719	0.07853701	87169832	87170034	133819926	133819926	0.1686355	1	424252.6	22.15863	0.9995782	NA	NA	0.0	0.998594	0.998594	1	1	1:1	2	neutral	4115022
13	19450038	65300025	NA	45849994	627822	1.997188	625546	30030	84374.0	mappable	0.078725	1.0	edge	0.00025944118	3.0954e-05	0.00102333606	0.07858417	0.07861512	19450038	19450038	65299974	65300076	0.16401724	1	424252.6	22.15863	0.9995782	NA	NA	0.0	0.998594	0.998594	1	1	1:1	2	neutral	4115022
13	65300025	65309930	NA	9906	157	2.7986667	157	0	24.0	mappable	NA	NA	NA	NA	inf	0.11955786323	0.1506695	inf	65299974	65300076	65309834	65310026	NA	missing	442118.3	NA	1.1198	NA	NA	NA	NA	NA	NA	NA	NA	NA	NA	4115022
13	65309930	93020007	NA	27710083	402954	1.997188	401582	19048	53607.0	mappable	0.078725	1.0	NA	0.00148186661	4.89716e-05	0.00416675407	0.08089336	0.08094233	65309834	65310026	93019835	93020007	0.15030232	1	424252.6	22.15863	0.9995782	NA	NA	0.0	0.998594	0.998594	1	1	1:1	2	neutral	4115022
13	93020008	93029943	NA	9936	186	2.6873333	186	0	40.0	mappable	NA	NA	NA	NA	inf	0.10285786323	0.15062	inf	93020008	93020180	93029783	93030103	NA	missing	436123.3	NA	1.1031	NA	NA	NA	NA	NA	NA	NA	NA	NA	NA	4115022
13	93029943	115099984	NA	22070043	336853	1.997188	335182	15769	46774.0	mappable	0.078725	1.0	edge	0.00239063782	5.733945e-05	0.00087910334	0.08198204	0.08203938	93029783	93030103	115099984	115099984	0.16344449	1	424252.6	22.15863	0.9995782	NA	NA	0.0	0.998594	0.998594	1	1	1:1	2	neutral	4115022
14	20330060	35079970	NA	14749913	202410	1.997188	201608	10182	27172.0	mappable	0.07894268	1.0	edge	0.00201462318	9.104151e-05	0.00298195496	0.08398349	0.08407454	20330060	20330060	35069937	35079970	0.16247858	1	424252.6	22.15863	0.9995782	NA	NA	0.0	0.998594	0.998594	1	1	1:1	2	neutral	4115022
14	35079971	35139984	NA	60014	629	1.6206667	629	0	99.0	mappable	NA	NA	NA	NA	inf	0.05714213677	0.12600003	inf	35079971	35090004	35139957	35140011	NA	missing	408834.8	NA	0.9431	NA	NA	NA	NA	NA	NA	NA	NA	NA	NA	4115022
14	35139984	74759967	NA	39619986	541774	1.997188	539612	27288	73035.0	mappable	0.078725	1.0	NA	0.00183463225	3.395586e-05	0.00145325838	0.07924017	0.07927412	35139957	35140011	74759930	74760004	0.1662013	1	424252.6	22.15863	0.9995782	NA	NA	0.0	0.998594	0.998594	1	1	1:1	2	neutral	4115022
14	74759967	74839959	NA	79993	517	2.679702	515	22	78.0	mappable	0.09475	4.0	NA	0.01832136253	0.04166666667	0.07235786323	0.1227929	0.16445957	74759930	74760004	74829839	74850079	NA	missing	463208.8	25.342106	1.1019553	NA	NA	NA	NA	NA	NA	NA	NA	NA	NA	4115022
14	74839959	74870021	NA	30063	341	1.3008793	329	0	46.0	mappable	NA	3.0	NA	0.02428842631	0.08333333333	0.09734213677	0.13444744	0.21778078	74829839	74850079	74869981	74870021	NA	missing	379141.9	NA	0.8951319	NA	NA	NA	NA	NA	NA	NA	NA	NA	NA	4115022
14	74870022	86500016	NA	11630000	170076	1.997188	169452	7704	22995.0	mappable	0.07709615	1.0	NA	0.00029101987	0.00012007685	0.00188769931	0.08521028	0.08533035	74870022	74870062	86499953	86500079	0.16201967	1	424252.6	22.15863	0.9995782	NA	NA	0.0	0.998594	0.998594	1	1	1:1	2	neutral	4115022
14	86500016	86509987	NA	9972	150	2.7586667	150	0	16.0	mappable	NA	NA	NA	NA	inf	0.11355786323	0.15056083	inf	86499953	86500079	86509930	86510044	NA	missing	440591.2	NA	1.1138	NA	NA	NA	NA	NA	NA	NA	NA	NA	NA	4115022
14	86509987	87869996	NA	1360010	19176	1.997188	19131	259	2589.0	mappable	0.07153929	1.0	NA	0.00688488747	0.00328947368	0.00175786323	0.09815861	0.10144809	86509930	86510044	87869908	87869996	0.20840275	1	424252.6	22.15863	0.9995782	NA	NA	0.0	0.998594	0.998594	1	1	1:1	2	neutral	4115022
14	87869997	87890019	NA	20023	200	3.01	199	0	23.0	mappable	NA	NA	identical	0.29901789031	1.0	0.15125786323	0.13996418	1.13996418	87869997	87870085	87879984	87890019	NA	missing	464771.1	NA	1.1515	NA	NA	NA	NA	NA	NA	NA	NA	NA	NA	4115022
14	87890020	106330070	NA	18440052	274759	1.997188	273651	11841	38949.0	mappable	0.07752857	1.0	self	0.00011432118	7.722604e-05	0.00213176804	0.08286261	0.08293983	87890020	87900055	106330067	106330070	0.15992084	1	424252.6	22.15863	0.9995782	NA	NA	0.0	0.998594	0.998594	1	1	1:1	2	neutral	4115022
14	106330071	106331666	DEL	1596	133	-2.1493333	127	0	25.0	mappable	NA	NA	NA	0.55333859738	0.16666666667	0.62264213677	0.1879656	0.35463226	106330071	106330081	106331628	106331666	NA	missing	169825.6	NA	0.3776	NA	NA	NA	NA	NA	NA	NA	NA	NA	NA	4115022
14	106331667	106349763	ITX	18097	268	-2.3273333	263	25	45.0	mappable	0.0364	NA	NA	0.04235988747	0.03333333333	0.64934213677	0.14140808	0.17474142	106331667	106331722	106349725	106349763	NA	missing	156699.0	8.208044	0.3509	NA	NA	NA	NA	NA	NA	NA	NA	NA	NA	4115022
14	106349764	106725203	DEL	375440	1769	-0.3946667	1744	40	208.0	mappable	0.45454643	NA	NA	0.41096511253	0.01538461538	0.35944213677	0.10800172	0.12338634	106349764	106349827	106719873	106725203	0.90576325	2	289773.7	21.351745	0.6408	22.61031	-2.0636558	1.0	0.0	-0.3946667	sub	0	sub:0	sub	sub	4115022
14	106725204	106725473	DEL	270	0	0.0	0	0	NA	mappable	NA	NA	NA	NA	inf	1.00024213677	0.24762234	inf	106725204	106725204	106725473	106725473	NA	missing	NA	NA	0.0	NA	NA	0.0	0.0	0.0	0	0	NA	0	homozygousDel	4115022
14	106725474	107259908	ITX	534435	7973	1.997188	7742	379	1012.0	mappable	0.07745305	1.0	edge	0.0017717163	0.00163934426	0.01865786323	0.10511017	0.10674951	106725474	106730014	107259908	107259908	0.24953824	1	424252.6	22.15863	0.9995782	NA	NA	0.0	0.998594	0.998594	1	1	1:1	2	neutral	4115022
15	20850000	20859924	NA	9925	165	1.997188	151	0	18.0	mappable	NA	1.0	edge	0.01159168194	0.07142857143	0.00674213677	0.15063813	0.2220667	20850000	20850000	20859924	20859924	NA	missing	424252.6	NA	0.9995782	NA	NA	NA	NA	NA	NA	NA	NA	NA	NA	4115022
15	22480079	23069956	NA	589878	4049	1.997188	4007	141	587.0	mappable	0.06747778	1.0	self	0.00635525784	0.00546448087	0.01035786323	0.10432937	0.10979385	22480079	22480079	23069956	23069956	0.14562713	1	424252.6	22.15863	0.9995782	NA	NA	0.0	0.998594	0.998594	1	1	1:1	2	neutral	4115022
15	23710146	24329926	NA	619783	10355	1.997188	10291	631	1375.0	mappable	0.0807625	1.0	NA	0.00400396145	0.00143884892	0.0057796305	0.10394252	0.10538137	23710146	23710146	24329926	24329926	0.14630669	1	424252.6	22.15863	0.9995782	NA	NA	0.0	0.998594	0.998594	1	1	1:1	2	neutral	4115022
15	24329927	24830091	NA	500165	0	0.0	0	0	NA	mappable	NA	NA	NA	NA	inf	1.00024213677	0.10564099	inf	24329927	24329927	24830091	24830091	NA	missing	NA	NA	0.0	NA	NA	0.0	0.0	0.0	0	0	NA	0	homozygousDel	4115022
15	24830092	28529988	NA	3699897	57412	1.997188	57139	2553	7716.0	mappable	0.08215	1.0	NA	0.00339011253	0.00035385704	0.00364213677	0.091663	0.09201686	24830092	24830092	28529988	28529988	0.18566422	1	424252.6	22.15863	0.9995782	NA	NA	0.0	0.998594	0.998594	1	1	1:1	2	neutral	4115022
15	29100034	30369914	NA	1269881	18286	1.997188	18253	855	2599.0	mappable	0.07565435	1.0	self	0.00310553964	0.00112612613	0.01084213677	0.09863751	0.09976364	29100034	29100034	30369914	30369914	0.13052665	1	424252.6	22.15863	0.9995782	NA	NA	0.0	0.998594	0.998594	1	1	1:1	2	neutral	4115022
15	31160110	71599993	NA	40439886	553482	1.997188	551519	23055	76072.0	mappable	0.078725	1.0	self	0.00011705131	3.997122e-05	0.00033780332	0.0791475	0.07918747	31160110	31160110	71599942	71599993	0.15375233	1	424252.6	22.15863	0.9995782	NA	NA	0.0	0.998594	0.998594	1	1	1:1	2	neutral	4115022
15	71599994	71609902	NA	9909	169	3.1153333	168	8	22.0	mappable	0.09372212	NA	identical	0.01368594586	0.11111111111	0.16705786323	0.15066454	0.26177565	71599994	71600045	71609792	71610012	NA	missing	456306.0	25.032258	1.1673	NA	NA	NA	NA	NA	NA	NA	NA	NA	NA	4115022
15	71609902	82479795	NA	10869894	136751	1.997188	136233	5236	19485.0	mappable	0.07793929	1.0	self	3.488747e-05	0.00017379214	0.00294213677	0.08556576	0.08573956	71609792	71610012	82479795	82479795	0.1768184	1	424252.6	22.15863	0.9995782	NA	NA	0.0	0.998594	0.998594	1	1	1:1	2	neutral	4115022
15	83211507	97914969	NA	14703464	221442	1.997188	220526	10300	30137.0	mappable	0.07813913	1.0	self	0.00052999171	8.915835e-05	0.00077857159	0.08399955	0.0840887	83211507	83211507	97909857	97920081	0.17379268	1	424252.6	22.15863	0.9995782	NA	NA	0.0	0.998594	0.998594	1	1	1:1	2	neutral	4115022
15	97914969	97929993	NA	15025	173	2.449498	173	12	17.0	mappable	0.17767143	6.0	NA	0.0989115411	0.08333333333	0.08825786323	0.14414334	0.22747667	97909857	97920081	97929959	97930027	NA	missing	490053.4	27.72114	1.0674247	NA	NA	NA	NA	NA	NA	NA	NA	NA	NA	4115022
15	97929993	97940018	NA	10026	220	1.1533333	220	0	27.0	mappable	NA	NA	NA	NA	inf	0.12724213677	0.15047258	inf	97929959	97930027	97939986	97940018	NA	missing	395634.0	NA	0.873	NA	NA	NA	NA	NA	NA	NA	NA	NA	NA	4115022
15	97940019	102399920	NA	4459902	74236	1.997188	73935	3831	10012.0	mappable	0.08108864	1.0	edge	0.00339011253	0.00024201355	0.00495786323	0.09054452	0.09078654	97940019	97940051	102399920	102399920	0.15389752	1	424252.6	22.15863	0.9995782	NA	NA	0.0	0.998594	0.998594	1	1	1:1	2	neutral	4115022
16	100010	16289940	NA	16189935	298285	1.997188	296854	14111	42224.0	mappable	0.07799412	1.0	edge	0.00014814318	6.434178e-05	0.00109154411	0.08351221	0.08357655	100010	100010	16289940	16289940	0.17403034	1	424252.6	22.15863	0.9995782	NA	NA	0.0	0.998594	0.998594	1	1	1:1	2	neutral	4115022
16	16870104	18169896	NA	1299794	20481	1.997188	20398	1086	2805.0	mappable	0.07976429	1.0	self	0.00077834841	0.00085543199	0.023342127	0.09847438	0.09932981	16870104	16870104	18169896	18169896	0.17001766	1	424252.6	22.15863	0.9995782	NA	NA	0.0	0.998594	0.998594	1	1	1:1	2	neutral	4115022
16	18800044	29039945	NA	10239904	125159	1.997188	124421	6562	17684.0	mappable	0.08215	1.0	self	0.0025747107	0.0001369863	0.00048413055	0.08588225	0.08601924	18800044	18800044	29039945	29039945	0.1769597	1	424252.6	22.15863	0.9995782	NA	NA	0.0	0.998594	0.998594	1	1	1:1	2	neutral	4115022
16	29670028	31959970	NA	2289943	17552	1.997188	17481	417	2645.0	mappable	0.08475109	1.0	self	0.01271881623	0.00204918033	0.00025786323	0.09466613	0.09671531	29670028	29670028	31959970	31959970	0.26630401	1	424252.6	22.15863	0.9995782	NA	NA	0.0	0.998594	0.998594	1	1	1:1	2	neutral	4115022
16	32520030	32649899	NA	129870	3149	2.164	2771	2	545.0	mappable	0.24912281	NA	NA	0.16788516204	0.00263157895	0.02435786323	0.11773911	0.12037069	32520030	32520030	32649899	32649899	NA	missing	707283.9	44.174221	1.0246	NA	NA	NA	NA	NA	NA	NA	NA	NA	NA	4115022
16	33590105	35279959	NA	1689855	15436	2.1113333	15361	54	2719.0	mappable	0.11861071	NA	NA	0.27411511253	0.00775193798	0.01645786323	0.09667221	0.10442415	33590105	33590105	35279959	35279959	0.36869405	2	494100.1	27.450007	1.0167	24.29921	0.6783496	0.3566993	0.6791111	1.4322222	sub	sub	sub:sub	sub	sub	4115022
16	46450014	46659973	NA	209960	2289	2.679702	2284	12	408.0	mappable	0.2090677	4.0	NA	0.03013779445	0.05882352941	0.07495786323	0.11312374	0.17194727	46450014	46450014	46659368	46659973	NA	missing	463208.8	25.342106	1.1019553	NA	NA	NA	NA	NA	NA	NA	NA	NA	NA	4115022
16	46659974	82359995	NA	35700023	540942	1.997188	538894	22895	74449.0	mappable	0.08010459	1.0	self	3.58164e-05	4.009302e-05	0.00312219046	0.07971487	0.07975496	46659974	46660579	82359943	82359995	0.15495879	1	424252.6	22.15863	0.9995782	NA	NA	0.0	0.998594	0.998594	1	1	1:1	2	neutral	4115022
16	82359996	82438250	NA	78255	2000	2.3246667	1996	0	166.0	mappable	NA	NA	NA	0.61199011253	0.25	0.04845786323	0.12303229	0.37303229	82359996	82360048	82438219	82438250	NA	missing	221051.8	NA	1.0487	NA	NA	NA	NA	NA	NA	NA	NA	NA	NA	4115022
16	82438251	82569985	NA	131735	3016	1.79	3014	0	208.0	mappable	NA	NA	NA	0.1879067792	0.5	0.03174213677	0.11759671	0.61759671	82438251	82438282	82569928	82569985	NA	missing	211502.2	NA	0.9685	NA	NA	NA	NA	NA	NA	NA	NA	NA	NA	4115022
16	82569986	82609973	NA	39988	1029	2.6006667	1029	0	74.0	mappable	NA	NA	NA	NA	inf	0.08985786323	0.13082773	inf	82569986	82570043	82609894	82609973	NA	missing	219393.6	NA	1.0901	NA	NA	NA	NA	NA	NA	NA	NA	NA	NA	4115022
16	82609974	82690016	NA	80043	2171	1.7286667	2170	0	170.0	mappable	NA	NA	NA	0.92124011253	1.0	0.04094213677	0.12278611	1.12278611	82609974	82610053	82689914	82690016	NA	missing	211647.5	NA	0.9593	NA	NA	NA	NA	NA	NA	NA	NA	NA	NA	4115022
16	82690017	82699912	NA	9896	263	2.698	263	0	19.0	mappable	NA	NA	NA	NA	inf	0.10445786323	0.15068604	inf	82690017	82690119	82699816	82699912	NA	missing	216460.0	NA	1.1047	NA	NA	NA	NA	NA	NA	NA	NA	NA	NA	4115022
16	82699913	83559992	NA	860080	22851	2.0013333	22842	1	1698.0	mappable	0.5	NA	NA	0.1510567792	0.1	4.213677e-05	0.10145017	0.20145017	82699913	82700009	83559963	83559992	NA	missing	213143.0	15.985724	1.0002	NA	NA	NA	NA	NA	NA	NA	NA	NA	NA	4115022
16	83559993	83570012	NA	10020	266	1.416	266	0	19.0	mappable	NA	NA	NA	NA	inf	0.08784213677	0.15048235	inf	83559993	83560022	83569984	83570040	NA	missing	193170.0	NA	0.9124	NA	NA	NA	NA	NA	NA	NA	NA	NA	NA	4115022
16	83570012	90059994	NA	6489983	127047	1.997188	126254	6510	18483.0	mappable	0.078725	1.0	NA	3.488747e-05	0.00013693003	0.00084213677	0.08837911	0.08851604	83569984	83570040	90059938	90060050	0.17234575	1	424252.6	22.15863	0.9995782	NA	NA	0.0	0.998594	0.998594	1	1	1:1	2	neutral	4115022
16	90059994	90109969	NA	49976	1099	2.679702	1082	69	166.0	mappable	0.05316389	4.0	edge	0.02743488747	0.01162790698	0.08945786323	0.12813163	0.13975954	90059938	90060050	90109969	90109969	0.11322691	1	463208.8	25.342106	1.1019553	NA	NA	0.0	1.339851	1.339851	sub	sub	sub:sub	sub	sub	4115022
17	20080	18239982	NA	18219905	232737	1.997188	231477	11619	33344.0	mappable	0.08215	1.0	edge	0.00232188389	7.764578e-05	0.00267241171	0.08292214	0.08299978	20080	20080	18239982	18239982	0.19065302	1	424252.6	22.15863	0.9995782	NA	NA	0.0	0.998594	0.998594	1	1	1:1	2	neutral	4115022
17	18750212	22239986	NA	3489775	25831	1.997188	25180	724	3763.0	mappable	0.07324722	1.0	self	0.00343488747	0.00072727273	0.01015786323	0.09201874	0.09274602	18750212	18750212	22239986	22239986	0.21515642	1	424252.6	22.15863	0.9995782	NA	NA	0.0	0.998594	0.998594	1	1	1:1	2	neutral	4115022
17	25390040	44279982	NA	18889944	210937	1.997188	209969	8895	30526.0	mappable	0.078725	1.0	self	9.697135e-05	0.00010138903	0.00214695764	0.08274339	0.08284478	25390040	25390040	44279982	44279982	0.15476564	1	424252.6	22.15863	0.9995782	NA	NA	0.0	0.998594	0.998594	1	1	1:1	2	neutral	4115022
17	44790026	53879976	NA	9089956	117283	1.997188	116776	4803	16076.0	mappable	0.07748581	1.0	NA	0.00073117762	0.00018832392	0.00387371464	0.08652075	0.08670907	44790026	44790026	53879930	53880022	0.15955002	1	424252.6	22.15863	0.9995782	NA	NA	0.0	0.998594	0.998594	1	1	1:1	2	neutral	4115022
17	53879976	53890044	NA	10069	178	1.2146667	178	0	19.0	mappable	NA	NA	NA	NA	inf	0.11804213677	0.15040271	inf	53879930	53880022	53889917	53890044	NA	missing	400292.9	NA	0.8822	NA	NA	NA	NA	NA	NA	NA	NA	NA	NA	4115022
17	53890045	81126122	NA	27236080	359006	1.997188	357036	15877	52186.0	mappable	0.078725	1.0	edge	0.00048642063	5.603497e-05	0.0004589493	0.08097489	0.08103092	53890045	53890172	81126122	81126122	0.18016581	1	424252.6	22.15863	0.9995782	NA	NA	0.0	0.998594	0.998594	1	1	1:1	2	neutral	4115022
18	130031	14119956	NA	13989928	212742	1.997188	211911	12007	28504.0	mappable	0.0795625	1.0	edge	9.038483e-05	7.789375e-05	0.00181236728	0.0842535	0.0843314	130031	130031	14119956	14119956	0.1615786	1	424252.6	22.15863	0.9995782	NA	NA	0.0	0.998594	0.998594	1	1	1:1	2	neutral	4115022
18	14119957	14910026	NA	790070	0	0.0	0	0	NA	mappable	NA	NA	NA	NA	inf	1.00024213677	0.10208446	inf	14119957	14119957	14910026	14910026	NA	missing	NA	NA	0.0	NA	NA	0.0	0.0	0.0	0	0	NA	0	homozygousDel	4115022
18	14910027	14929888	NA	19862	364	1.997188	364	3	54.0	mappable	0.10174878	1.0	NA	0.02298889302	0.33333333333	0.00744213677	0.14007836	0.47341169	14910027	14910027	14929888	14929888	NA	missing	424252.6	22.15863	0.9995782	NA	NA	NA	NA	NA	NA	NA	NA	NA	NA	4115022
18	18540053	49219974	NA	30679925	428025	1.997188	426765	15395	58278.0	mappable	0.081	1.0	NA	0.00117388347	6.004203e-05	0.00082662113	0.08041561	0.08047566	18540053	18540053	49219927	49219974	0.1519486	1	424252.6	22.15863	0.9995782	NA	NA	0.0	0.998594	0.998594	1	1	1:1	2	neutral	4115022
18	49219975	49235010	NA	15036	223	1.3313333	223	0	33.0	mappable	NA	NA	NA	NA	inf	0.10054213677	0.14413237	inf	49219975	49220022	49229978	49240042	NA	missing	419656.7	NA	0.8997	NA	NA	NA	NA	NA	NA	NA	NA	NA	NA	4115022
18	49235010	55329935	NA	6094926	88347	1.997188	87920	4865	11358.0	mappable	0.0810625	1.0	NA	0.00339011253	0.00018896447	0.00564213677	0.08873438	0.08892335	49229978	49240042	55329801	55329935	0.15549604	1	424252.6	22.15863	0.9995782	NA	NA	0.0	0.998594	0.998594	1	1	1:1	2	neutral	4115022
18	55329936	55350031	NA	20096	346	1.3893333	346	0	53.0	mappable	NA	NA	NA	NA	inf	0.09184213677	0.13991277	inf	55329936	55330070	55349977	55350031	NA	missing	383954.8	NA	0.9084	NA	NA	NA	NA	NA	NA	NA	NA	NA	NA	4115022
18	55350032	58029993	NA	2679962	41128	1.997188	40923	2729	5575.0	mappable	0.0825	1.0	NA	0.0029190599	0.00034083163	0.00494213677	0.09366023	0.09400106	55350032	55350086	58029985	58030001	0.14719283	1	424252.6	22.15863	0.9995782	NA	NA	0.0	0.998594	0.998594	1	1	1:1	2	neutral	4115022
18	58029993	58049970	NA	19978	362	2.508	362	0	51.0	mappable	NA	NA	NA	NA	inf	0.07595786323	0.13999598	inf	58029985	58030001	58049802	58050138	NA	missing	442792.4	NA	1.0762	NA	NA	NA	NA	NA	NA	NA	NA	NA	NA	4115022
18	58049970	78009968	NA	19960001	320867	1.997188	319394	15287	44089.0	mappable	0.078725	1.0	edge	0.00309310192	5.967655e-05	0.00298405446	0.08247216	0.08253183	58049802	58050138	78009968	78009968	0.16344375	1	424252.6	22.15863	0.9995782	NA	NA	0.0	0.998594	0.998594	1	1	1:1	2	neutral	4115022
19	260137	24569972	NA	24309840	257129	1.997188	255111	11475	40305.0	mappable	0.078725	1.0	edge	0.00110883595	7.41125e-05	0.00098416198	0.08151608	0.08159019	260137	260137	24569972	24569972	0.20949013	1	424252.6	22.15863	0.9995782	NA	NA	0.0	0.998594	0.998594	1	1	1:1	2	neutral	4115022
19	27750002	27780026	NA	30025	1126	1.6953333	1099	16	265.0	mappable	0.15135	NA	NA	0.08144162768	0.02325581395	0.04594213677	0.13446394	0.15771975	27750002	27750002	27769983	27780026	NA	missing	436423.0	24.181007	0.9543	NA	NA	NA	NA	NA	NA	NA	NA	NA	NA	4115022
19	27780027	30699968	NA	2919944	50349	1.997188	50026	2636	7274.0	mappable	0.072075	1.0	NA	0.00365989771	0.00033795201	0.00761969763	0.09312067	0.09345862	27780027	27790070	30699880	30699968	0.15022329	1	424252.6	22.15863	0.9995782	NA	NA	0.0	0.998594	0.998594	1	1	1:1	2	neutral	4115022
19	30699969	30710042	NA	10074	167	2.6746667	167	0	31.0	mappable	NA	NA	NA	NA	inf	0.10095786323	0.15039461	inf	30699969	30700057	30709958	30710042	NA	missing	456362.0	NA	1.1012	NA	NA	NA	NA	NA	NA	NA	NA	NA	NA	4115022
19	30710043	43209995	NA	12499953	146207	1.997188	145484	6073	21482.0	mappable	0.07802391	1.0	NA	0.00054674875	0.00014714538	0.00318892796	0.08483412	0.08498127	30710043	30710127	43209995	43209995	0.18459435	1	424252.6	22.15863	0.9995782	NA	NA	0.0	0.998594	0.998594	1	1	1:1	2	neutral	4115022
19	43209996	43800005	NA	590010	0	0.0	0	0	NA	mappable	NA	NA	NA	NA	inf	1.00024213677	0.10432761	inf	43209996	43209996	43800005	43800005	NA	missing	NA	NA	0.0	NA	NA	0.0	0.0	0.0	0	0	NA	0	homozygousDel	4115022
19	43800006	59089999	NA	15289996	162684	1.997188	161732	6919	25124.0	mappable	0.07881912	1.0	edge	0.00094641713	0.00012704866	0.00694275883	0.08380093	0.08392797	43800006	43800006	59089999	59089999	0.19351712	1	424252.6	22.15863	0.9995782	NA	NA	0.0	0.998594	0.998594	1	1	1:1	2	neutral	4115022
20	60479	25729738	NA	25669262	400533	1.997188	399138	19196	53900.0	mappable	0.078725	1.0	edge	0.00123626687	4.856491e-05	0.00091602398	0.08125609	0.08130466	60479	60479	25729738	25729738	0.15324627	1	424252.6	22.15863	0.9995782	NA	NA	0.0	0.998594	0.998594	1	1	1:1	2	neutral	4115022
20	29810057	29830003	NA	19947	972	1.8773333	962	1	361.0	mappable	0.05263158	NA	NA	0.26627319524	0.09090909091	0.01864213677	0.14001794	0.23092703	29810057	29810057	29829979	29830003	NA	missing	438057.6	23.055666	0.9816	NA	NA	NA	NA	NA	NA	NA	NA	NA	NA	4115022
20	29830004	29879986	NA	49983	929	2.679702	927	9	167.0	mappable	0.0482	4.0	NA	0.02246266525	0.09090909091	0.09605786323	0.12812998	0.21903907	29830004	29830028	29879870	29879986	NA	missing	463208.8	25.342106	1.1019553	NA	NA	NA	NA	NA	NA	NA	NA	NA	NA	4115022
20	29879987	34215016	NA	4335032	53907	1.997188	53689	1584	8158.0	mappable	0.07065455	1.0	NA	0.00420516817	0.00055493896	0.00194287631	0.09071278	0.09126771	29879987	29880103	34209972	34220060	0.1726134	1	424252.6	22.15863	0.9995782	NA	NA	0.0	0.998594	0.998594	1	1	1:1	2	neutral	4115022
20	34215016	34230011	NA	14996	131	2.8706667	131	0	21.0	mappable	NA	NA	NA	NA	inf	0.13035786323	0.1441723	inf	34209972	34220060	34229980	34230042	NA	missing	442155.0	NA	1.1306	NA	NA	NA	NA	NA	NA	NA	NA	NA	NA	4115022
20	34230011	42990004	NA	8759995	125222	1.997188	124781	4770	17030.0	mappable	0.08234091	1.0	NA	0.00339981119	0.00019190175	0.00098652433	0.08672087	0.08691277	34229980	34230042	42989969	42990004	0.14188006	1	424252.6	22.15863	0.9995782	NA	NA	0.0	0.998594	0.998594	1	1	1:1	2	neutral	4115022
20	42990005	42999933	NA	9929	171	3.0553333	170	4	19.0	mappable	0.05662378	NA	identical	0.02141833399	0.2	0.15805786323	0.15063153	0.35063153	42990005	42990040	42999864	42999933	NA	missing	459002.0	24.399741	1.1583	NA	NA	NA	NA	NA	NA	NA	NA	NA	NA	4115022
20	42999934	56719947	NA	13720014	210178	1.997188	209228	9517	29167.0	mappable	0.078725	1.0	NA	3.488747e-05	9.553836e-05	0.00354213677	0.08435338	0.08444892	42999934	43000003	56719890	56720004	0.16517021	1	424252.6	22.15863	0.9995782	NA	NA	0.0	0.998594	0.998594	1	1	1:1	2	neutral	4115022
20	56719947	56740028	NA	20082	337	1.4406667	337	1	33.0	mappable	0.31428571	NA	NA	0.23552582682	1.0	0.08414213677	0.13992261	1.13992261	56719890	56720004	56739901	56740155	NA	missing	426414.3	28.021509	0.9161	NA	NA	NA	NA	NA	NA	NA	NA	NA	NA	4115022
20	56740028	57909990	NA	1169963	18676	1.997188	18609	563	2592.0	mappable	0.07371667	1.0	NA	0.00203488747	0.00158730159	0.01114213677	0.09921604	0.10080334	56739901	56740155	57909828	57910152	0.19399757	1	424252.6	22.15863	0.9995782	NA	NA	0.0	0.998594	0.998594	1	1	1:1	2	neutral	4115022
20	57909990	57919993	NA	10004	167	2.5853333	167	0	23.0	mappable	NA	NA	NA	NA	inf	0.08755786323	0.15050846	inf	57909828	57910152	57919951	57920035	NA	missing	474056.7	NA	1.0878	NA	NA	NA	NA	NA	NA	NA	NA	NA	NA	4115022
20	57919993	62909989	NA	4989997	87185	1.997188	86464	4304	13084.0	mappable	0.0747	1.0	edge	3.488747e-05	0.00019900498	0.00275786323	0.08988519	0.09008419	57919951	57920035	62909989	62909989	0.17985664	1	424252.6	22.15863	0.9995782	NA	NA	0.0	0.998594	0.998594	1	1	1:1	2	neutral	4115022
21	10720001	10780004	NA	60004	2258	2.0053333	2193	0	320.0	mappable	NA	NA	edge	0.11442912573	0.01538461538	0.00055786323	0.12600194	0.14138656	10720001	10720001	10779993	10780004	NA	missing	1078730.0	NA	1.0008	NA	NA	NA	NA	NA	NA	NA	NA	NA	NA	4115022
21	10780005	10809997	NA	29993	1200	1.584	1112	0	350.0	mappable	NA	NA	NA	0.06853435706	0.01136363636	0.06264213677	0.13447785	0.14584148	10780005	10780016	10809975	10810019	NA	missing	1043364.9	NA	0.9376	NA	NA	NA	NA	NA	NA	NA	NA	NA	NA	4115022
21	10809997	11179964	NA	369968	1675	1.9826667	1562	0	423.0	mappable	NA	NA	NA	0.16615439825	0.00884955752	0.00284213677	0.1081254	0.11697496	10809975	10810019	11179964	11179964	NA	missing	1179394.5	NA	0.9974	NA	NA	NA	NA	NA	NA	NA	NA	NA	NA	4115022
21	15410077	15729980	NA	319904	5098	1.997188	5043	478	666.0	mappable	0.08175	1.0	NA	0.00784011253	0.00187617261	0.01065786323	0.10936564	0.11124181	15410077	15410077	15729943	15729980	0.19241564	1	424252.6	22.15863	0.9995782	NA	NA	0.0	0.998594	0.998594	1	1	1:1	2	neutral	4115022
21	15729981	15759944	NA	29964	470	2.596	470	0	64.0	mappable	NA	NA	NA	NA	inf	0.08915786323	0.13449047	inf	15729981	15730018	15759851	15760037	NA	missing	442829.3	NA	1.0894	NA	NA	NA	NA	NA	NA	NA	NA	NA	NA	4115022
21	15759944	21389998	NA	5630056	88990	1.997188	88612	3845	11791.0	mappable	0.07908468	1.0	NA	0.00229484384	0.00023679848	0.0014872362	0.0891873	0.0894241	15759851	15760037	21389969	21389998	0.16679776	1	424252.6	22.15863	0.9995782	NA	NA	0.0	0.998594	0.998594	1	1	1:1	2	neutral	4115022
21	21389999	21400022	NA	10024	197	1.3166667	197	0	28.0	mappable	NA	NA	NA	NA	inf	0.10274213677	0.15047583	inf	21389999	21390028	21399959	21400085	NA	missing	394046.7	NA	0.8975	NA	NA	NA	NA	NA	NA	NA	NA	NA	NA	4115022
21	21400022	21859937	NA	459916	8070	1.997188	8022	281	1066.0	mappable	0.07214839	1.0	NA	0.00533034201	0.00303951368	0.00664213677	0.10632071	0.10936022	21399959	21400085	21859831	21860043	0.24400704	1	424252.6	22.15863	0.9995782	NA	NA	0.0	0.998594	0.998594	1	1	1:1	2	neutral	4115022
21	21859937	21880012	NA	20076	502	1.5146667	502	0	61.0	mappable	NA	NA	NA	NA	inf	0.07304213677	0.13992683	inf	21859831	21860043	21879938	21880086	NA	missing	395203.5	NA	0.9272	NA	NA	NA	NA	NA	NA	NA	NA	NA	NA	4115022
21	21880012	48099931	NA	26219926	413196	1.997188	410826	20130	57464.0	mappable	0.078725	1.0	edge	0.00090632604	4.444444e-05	0.00090708948	0.08115513	0.08119957	21879938	21880086	48099931	48099931	0.17508199	1	424252.6	22.15863	0.9995782	NA	NA	0.0	0.998594	0.998594	1	1	1:1	2	neutral	4115022
22	17070035	51179984	NA	34109953	455295	1.997188	452894	20265	66405.0	mappable	0.078725	1.0	edge	0.00020095079	4.412089e-05	0.00433194909	0.07992427	0.07996839	17070035	17280117	51179984	51179984	0.17855359	1	424252.6	22.15863	0.9995782	NA	NA	0.0	0.998594	0.998594	1	1	1:1	2	neutral	4115022
23	2700027	58499983	NA	55799957	490340	0.9913333	490340	477	36416.0	mappable	0.2945	NA	NA	NA	NA	NA	NA	NA	2700027	2700027	58499983	58499983	0.26934442	1	211361.0	9.484146	0.9974	NA	NA	NA	NA	NA	1	NA	1	1	neutral	4115022
23	61750000	81740000	NA	19990001	171003	0.9813333	171003	130	12255.0	mappable	0.15065	NA	NA	NA	NA	NA	NA	NA	61750000	61750000	81739989	81740011	0.07683176	1	207265.1	9.677391	0.9944	NA	NA	NA	NA	NA	1	NA	1	1	neutral	4115022
23	81740000	81749994	NA	9995	128	1.7276667	128	0	8.0	mappable	NA	NA	NA	NA	NA	NA	NA	NA	81739989	81740011	81749983	81749994	NA	missing	221930.0	NA	1.2183	NA	NA	NA	NA	NA	2	NA	2	2	gain	4115022
23	81749995	88459980	NA	6709986	74313	0.999	74313	80	5107.0	mappable	0.34245	NA	NA	NA	NA	NA	NA	NA	81749995	81750006	88459980	88459980	NA	missing	207732.0	10.386601	0.9997	NA	NA	NA	NA	NA	1	NA	1	1	neutral	4115022
23	88990017	89349936	NA	359920	1088	0.9953333	1088	0	86.0	mappable	NA	NA	NA	NA	NA	NA	NA	NA	88990017	88990017	89349936	89349936	NA	missing	211811.3	NA	0.9986	NA	NA	NA	NA	NA	1	NA	1	1	neutral	4115022
23	89349937	90140198	NA	790262	0	0.0	0	0	NA	mappable	NA	NA	NA	NA	NA	NA	NA	NA	89349937	89349937	90140198	90140198	NA	missing	NA	NA	0.0	NA	NA	0.0	0.0	0.0	0	0	-2	0	homozygousDel	4115022
23	90140199	91529952	NA	1389754	5101	1.0263333	5101	1	361.0	mappable	0.78947368	NA	NA	NA	NA	NA	NA	NA	90140199	90140199	91529952	91529952	NA	missing	209904.9	2.209526	1.0079	NA	NA	NA	NA	NA	1	NA	1	1	neutral	4115022
23	91529953	92379999	NA	850047	0	0.0	0	0	NA	mappable	NA	NA	NA	NA	NA	NA	NA	NA	91529953	91529953	92379999	92379999	NA	missing	NA	NA	0.0	NA	NA	0.0	0.0	0.0	0	0	-2	0	homozygousDel	4115022
23	92380000	133134977	NA	40754978	370341	0.9973333	370341	309	26484.0	mappable	0.21915	NA	NA	NA	NA	NA	NA	NA	92380000	92380000	133119880	133150074	0.14700435	1	208991.6	9.645765	0.9992	NA	NA	NA	NA	NA	1	NA	1	1	neutral	4115022
23	133134977	133170034	NA	35058	174	1.3666667	174	0	16.0	mappable	NA	NA	NA	NA	NA	NA	NA	NA	133119880	133150074	133169994	133170074	NA	missing	227722.7	NA	1.11	NA	NA	NA	NA	NA	1	NA	1	1	neutral	4115022
23	133170034	154929639	NA	21759606	195846	0.9916667	195846	230	13948.0	mappable	0.154075	NA	NA	NA	NA	NA	NA	NA	133169994	133170074	154929639	154929639	0.28136029	1	210588.5	9.68572	0.9975	NA	NA	NA	NA	NA	1	NA	1	1	neutral	4115022
24	2653090	2919837	NA	266748	293	1.1333333	293	1	15.0	mappable	0.86666667	NA	NA	NA	NA	NA	NA	NA	2653090	2653090	2919837	2919837	NA	missing	205507.6	1.370051	1.04	NA	NA	NA	NA	NA	1	NA	1	1	neutral	4115022
24	3712028	3719919	NA	7892	141	1.161	141	0	9.0	mappable	NA	NA	NA	NA	NA	NA	NA	NA	3712028	3712028	3719919	3719919	NA	missing	216671.4	NA	1.0483	NA	NA	NA	NA	NA	1	NA	1	1	neutral	4115022
24	6420014	10069977	NA	3649964	6073	1.1133333	6073	35	590.0	mappable	0.07799412	NA	NA	NA	NA	NA	NA	NA	6420014	6420014	10069977	10069977	0.18785105	1	219311.9	10.122089	1.034	NA	NA	NA	NA	NA	1	NA	1	1	neutral	4115022
24	13130467	19558992	NA	6428526	11918	1.0806667	11920	152	1799.0	mappable	0.147225	NA	NA	NA	NA	NA	NA	NA	13130467	13130467	19558992	19558992	0.01532162	1	240481.0	11.373625	1.0242	NA	NA	NA	NA	NA	1	NA	1	1	neutral	4115022
24	20802956	23808171	NA	3005216	2835	1.1173333	2837	8	229.0	mappable	0.29392322	NA	NA	NA	NA	NA	NA	NA	20802956	20802956	23808171	23808171	NA	missing	203176.2	11.442786	1.0352	NA	NA	NA	NA	NA	1	NA	1	1	neutral	4115022
24	24381338	24508205	NA	126868	228	0.8993333	228	0	19.0	mappable	NA	NA	NA	NA	NA	NA	NA	NA	24381338	24381338	24508205	24508205	NA	missing	204900.3	NA	0.9698	NA	NA	NA	NA	NA	1	NA	1	1	neutral	4115022
24	28780461	28789809	NA	9349	78	0.9616667	78	5	30.0	mappable	0.22353397	NA	NA	NA	NA	NA	NA	NA	28780461	28780461	28789809	28789809	NA	missing	349378.6	13.358594	0.9885	NA	NA	NA	NA	NA	1	NA	1	1	neutral	4115022
