#chromosome	start	end	crest	length	tcnNbrOfLoci	tcnMean	tcnNbrOfSNPs	tcnNbrOfHets	dhNbrOfLoci	map	dhMax	cluster	neighbour	distDH	errorSNP	distTcn	errorLength	totalError	minStart	maxStart	minStop	maxStop	area	peaks	meanCovT	meanCovB	tcnMeanRaw	AF	BAF	dhMean	c1Mean	c2Mean	A	B	genotype	TCN	GNL	PID
1	840009	12839977	NA	11999970	171268	2.0048679	170511	7045	29361.0	mappable	0.085575	3.0	edge	0.007256426526	0.00012818869	0.03434332929	0.08504657	0.08517476	840009	840009	12839977	12839977	0.17621756	1	385579.6	19.998394	0.9985415	NA	NA	0.0	1.00243394	1.0024339	1	1	1:1	2	neutral	4174905
1	13780016	49830041	NA	36050030	447184	2.0048679	445598	19554	74645.0	mappable	0.08215	3.0	NA	0.005240644618	4.730369e-05	0.01050071408	0.07967017	0.07971748	13780016	13780016	49829907	49830175	0.14957364	1	385579.6	19.998394	0.9985415	NA	NA	0.0	1.00243394	1.0024339	1	1	1:1	2	neutral	4174905
1	49830041	49839898	NA	9858	88	2.4818673	88	0	19.0	mappable	NA	NA	NA	NA	inf	0.13296705444	0.15074908	inf	49829907	49830175	49839728	49839898	NA	missing	430637.5	NA	1.1341	NA	NA	NA	NA	NA	NA	NA	NA	NA	NA	4174905
1	49839899	120529963	NA	70690069	945408	2.0048679	942378	41895	148668.0	mappable	0.078725	3.0	NA	0.000204282593	2.225982e-05	0.00246307669	0.07670181	0.07672407	49839899	49840069	120529963	120529963	0.14022288	1	385579.6	19.998394	0.9985415	NA	NA	0.0	1.00243394	1.0024339	1	1	1:1	2	neutral	4174905
1	121220004	121229986	NA	9983	177	2.2367669	176	9	21.0	mappable	0.061	8.0	NA	0.017831764382	0.1	0.06986705444	0.15054281	0.25054281	121220004	121220004	121229986	121229986	NA	missing	353376.6	19.012517	1.0644449	NA	NA	NA	NA	NA	NA	NA	NA	NA	NA	4174905
1	144010127	144019970	NA	9844	155	2.035687	88	0	18.0	mappable	NA	NA	NA	0.30028139794	0.01492537313	0.00616705444	0.15077238	0.16569775	144010127	144010127	144019970	144019970	NA	missing	1115008.0	NA	1.0073	NA	NA	NA	NA	NA	NA	NA	NA	NA	NA	4174905
1	144920087	145560013	NA	639927	4251	2.0048679	3749	16	668.0	mappable	0.08849828	3.0	NA	0.023868235618	0.00193050193	0.00316705444	0.10369385	0.10562435	144920087	144920087	145559932	145560094	NA	missing	385579.6	19.998394	0.9985415	NA	NA	NA	NA	NA	NA	NA	NA	NA	NA	4174905
1	145560013	145570069	NA	10057	195	2.3428758	195	0	31.0	mappable	NA	NA	NA	NA	inf	0.09346705444	0.15042217	inf	145559932	145560094	145569967	145570069	NA	missing	345332.0	NA	1.0946	NA	NA	NA	NA	NA	NA	NA	NA	NA	NA	4174905
1	145570070	145739956	NA	169887	1921	2.0048679	1917	96	327.0	mappable	0.08133226	3.0	NA	0.002091441801	0.01	0.01083294556	0.11511311	0.12511311	145570070	145570172	145739956	145739956	0.1048725	1	385579.6	19.998394	0.9985415	NA	NA	0.0	1.00243394	1.0024339	1	1	1:1	2	neutral	4174905
1	146540101	147829895	NA	1289795	11643	2.0048679	11580	520	1858.0	mappable	0.08273793	3.0	self	0.002168235618	0.00171526587	0.00433294556	0.09852843	0.10024369	146540101	146540101	147829895	147829895	0.15053802	1	385579.6	19.998394	0.9985415	NA	NA	0.0	1.00243394	1.0024339	1	1	1:1	2	neutral	4174905
1	149815060	249209945	NA	99394894	1343292	2.0048679	1339027	58794	214717.0	mappable	0.078725	3.0	edge	0.001170864435	1.585816e-05	0.00112322466	0.0752823	0.07529816	149815060	149815060	249209945	249209945	0.13983864	1	385579.6	19.998394	0.9985415	NA	NA	0.0	1.00243394	1.0024339	1	1	1:1	2	neutral	4174905
2	20016	10670025	NA	10650013	171643	2.0048679	170840	8625	28229.0	mappable	0.08215	3.0	edge	0.003572221662	0.00010607829	0.0017487924	0.08567383	0.08577991	20016	20016	10669986	10670064	0.14536511	1	385579.6	19.998394	0.9985415	NA	NA	0.0	1.00243394	1.0024339	1	1	1:1	2	neutral	4174905
2	10670025	10680055	NA	10031	245	2.3713779	230	0	50.0	mappable	NA	NA	identical	0.551034902285	0.06666666667	0.10156705444	0.15046443	0.2171311	10669986	10670064	10679974	10680136	NA	missing	323346.0	NA	1.1027	NA	NA	NA	NA	NA	NA	NA	NA	NA	NA	4174905
2	10680055	41709993	NA	31029946	466305	2.0048679	465090	19076	74173.0	mappable	0.078725	3.0	NA	0.002044828475	4.929751e-05	0.00077697125	0.08036273	0.08041203	10679974	10680136	41709987	41709993	0.15444927	1	385579.6	19.998394	0.9985415	NA	NA	0.0	1.00243394	1.0024339	1	1	1:1	2	neutral	4174905
2	41709994	41730008	NA	20015	430	2.1859386	430	0	71.0	mappable	NA	NA	NA	NA	inf	0.04886705444	0.13996983	inf	41709994	41710000	41729993	41730023	NA	missing	417923.3	NA	1.05	NA	NA	NA	NA	NA	NA	NA	NA	NA	NA	4174905
2	41730008	52270004	NA	10539998	175388	2.0048679	174899	8916	27333.0	mappable	0.081175	3.0	NA	0.002315205802	0.00010633773	0.00288441829	0.08572884	0.08583518	41729993	41730023	52269977	52270031	0.12797034	1	385579.6	19.998394	0.9985415	NA	NA	0.0	1.00243394	1.0024339	1	1	1:1	2	neutral	4174905
2	52270004	52290015	NA	20012	442	2.2063475	442	0	52.0	mappable	NA	NA	NA	NA	inf	0.05466705444	0.13997194	inf	52269977	52270031	52289926	52290015	NA	missing	441558.0	NA	1.0558	NA	NA	NA	NA	NA	NA	NA	NA	NA	NA	4174905
2	52290016	68179894	NA	15889884	230978	2.0048679	230324	10993	36036.0	mappable	0.08215	3.0	NA	0.002035840388	8.586639e-05	0.00203970421	0.08360643	0.0836923	52290016	52290105	68179725	68180063	0.12780309	1	385579.6	19.998394	0.9985415	NA	NA	0.0	1.00243394	1.0024339	1	1	1:1	2	neutral	4174905
2	68179894	68189995	NA	10102	182	2.3326714	182	0	29.0	mappable	NA	NA	NA	NA	inf	0.09056705444	0.15034934	inf	68179725	68180063	68189982	68190008	NA	missing	387276.0	NA	1.0917	NA	NA	NA	NA	NA	NA	NA	NA	NA	NA	4174905
2	68189995	71314946	NA	3124952	42273	2.0048679	42174	1381	6925.0	mappable	0.08215	3.0	NA	0.003318235618	0.00067567568	0.00396705444	0.09269815	0.09337383	68189982	68190008	71309816	71320076	0.12264978	1	385579.6	19.998394	0.9985415	NA	NA	0.0	1.00243394	1.0024339	1	1	1:1	2	neutral	4174905
2	71314946	71329975	NA	15030	160	1.7411658	160	0	25.0	mappable	NA	NA	NA	NA	inf	0.07753294556	0.14413835	inf	71309816	71320076	71329940	71329975	NA	missing	352583.3	NA	0.9236	NA	NA	NA	NA	NA	NA	NA	NA	NA	NA	4174905
2	71329976	87059860	NA	15729885	222204	2.0048679	221567	8415	34812.0	mappable	0.08215	3.0	NA	0.003318235618	0.00011047282	0.00183294556	0.08365749	0.08376796	71329976	71330011	87059860	87059860	0.153318	1	385579.6	19.998394	0.9985415	NA	NA	0.0	1.00243394	1.0024339	1	1	1:1	2	neutral	4174905
2	88330099	89160000	NA	829902	10206	2.0048679	10167	394	1684.0	mappable	0.09019474	3.0	self	0.013368235618	0.00230946882	0.01693294556	0.10171604	0.10402551	88330099	88330099	89159998	89160002	0.19263265	1	385579.6	19.998394	0.9985415	NA	NA	0.0	1.00243394	1.0024339	1	1	1:1	2	neutral	4174905
2	89160000	89229990	NA	69991	1668	0.7112213	1665	2	266.0	mappable	0.69155844	NA	NA	0.42116466419	0.2	0.37023294556	0.12426311	0.32426311	89159998	89160002	89229990	89229990	NA	missing	244900.9	15.147277	0.6309	NA	NA	NA	NA	NA	NA	NA	NA	NA	NA	4174905
2	89840102	90239998	NA	399897	914	1.8773423	914	4	136.0	mappable	0.17461159	NA	NA	0.095779820984	0.25	0.03883294556	0.10747332	0.35747332	89840102	89840102	90239998	90239998	NA	missing	575284.5	33.434884	0.9623	NA	NA	NA	NA	NA	NA	NA	NA	NA	NA	4174905
2	95580145	96239991	NA	659847	4443	2.0048679	4440	46	779.0	mappable	0.07825	3.0	NA	0.003318235618	0.02040816327	0.00436705444	0.10345663	0.12386479	95580145	95580145	96239991	96239991	0.30562645	1	385579.6	19.998394	0.9985415	NA	NA	0.0	1.00243394	1.0024339	1	1	1:1	2	neutral	4174905
2	96239992	96740020	NA	500029	0	0.0	0	0	NA	mappable	NA	NA	NA	NA	inf	1.00113294556	0.10564318	inf	96239992	96239992	96740020	96740020	NA	missing	NA	NA	0.0	NA	NA	0.0	0.0	0.0	0	0	NA	0	homozygousDel	4174905
2	96740021	114939991	NA	18199973	208274	2.0048679	207786	8280	33907.0	mappable	0.078725	3.0	NA	7.8802302e-05	0.00011405109	0.0035018423	0.08292757	0.08304162	96740021	96740021	114939981	114939991	0.13371077	1	385579.6	19.998394	0.9985415	NA	NA	0.0	1.00243394	1.0024339	1	1	1:1	2	neutral	4174905
2	114939992	114960018	NA	20027	303	2.2573697	303	0	43.0	mappable	NA	NA	NA	NA	inf	0.06916705444	0.13996136	inf	114939992	114940002	114959998	114960038	NA	missing	419608.4	NA	1.0703	NA	NA	NA	NA	NA	NA	NA	NA	NA	NA	4174905
2	114960018	132189994	NA	17229979	239797	2.0048679	239153	10348	38260.0	mappable	0.07951346	3.0	NA	0.00121316491	9.097525e-05	0.00677438936	0.08320015	0.08329113	114959998	114960038	132189994	132189994	0.14181348	1	385579.6	19.998394	0.9985415	NA	NA	0.0	1.00243394	1.0024339	1	1	1:1	2	neutral	4174905
2	132189995	133009999	NA	820005	0	0.0	0	0	NA	mappable	NA	NA	NA	NA	inf	1.00113294556	0.10180566	inf	132189995	132189995	133009999	133009999	NA	missing	NA	NA	0.0	NA	NA	0.0	0.0	0.0	0	0	NA	0	homozygousDel	4174905
2	133010000	214190018	NA	81180022	1076295	2.0048679	1072975	45054	167205.0	mappable	0.078725	3.0	NA	0.000389991658	2.067354e-05	0.0045050444	0.07611908	0.07613975	133010000	133010000	214189999	214190018	0.13441663	1	385579.6	19.998394	0.9985415	NA	NA	0.0	1.00243394	1.0024339	1	1	1:1	2	neutral	4174905
2	214190019	214200025	NA	10007	171	1.7432771	171	0	31.0	mappable	NA	NA	NA	NA	inf	0.07693294556	0.15050356	inf	214190019	214190038	214199993	214200057	NA	missing	420882.9	NA	0.9242	NA	NA	NA	NA	NA	NA	NA	NA	NA	NA	4174905
2	214200025	235569965	NA	21369944	302732	2.0048679	301492	14976	48349.0	mappable	0.08215	3.0	NA	0.00324470109	6.166749e-05	4.882512e-05	0.08213863	0.0822003	214199993	214200057	235569892	235569965	0.14847623	1	385579.6	19.998394	0.9985415	NA	NA	0.0	1.00243394	1.0024339	1	1	1:1	2	neutral	4174905
2	235569966	235590060	NA	20095	370	1.749259	370	0	59.0	mappable	NA	NA	NA	NA	inf	0.07523294556	0.13991347	inf	235569966	235570039	235589995	235590060	NA	missing	349596.3	NA	0.9259	NA	NA	NA	NA	NA	NA	NA	NA	NA	NA	4174905
2	235590061	242099991	NA	6509931	110144	2.0048679	109755	4954	18758.0	mappable	0.078725	3.0	NA	0.000106764382	0.00018716077	0.00443294556	0.08836182	0.08854898	235590061	235590126	242099961	242100021	0.13563665	1	385579.6	19.998394	0.9985415	NA	NA	0.0	1.00243394	1.0024339	1	1	1:1	2	neutral	4174905
2	242099991	242140015	NA	40025	736	1.7134245	732	59	115.0	mappable	0.07883571	1.0	NA	0.003071807047	0.01587301587	0.07373294556	0.13081631	0.14668932	242099961	242100021	242139976	242140054	0.13945499	1	374939.0	20.398135	0.9157162	NA	NA	0.0	0.85671227	0.8567123	1	1	1:1	2	neutral	4174905
2	242140015	242160009	NA	19995	406	2.2439941	403	17	71.0	mappable	0.18232273	7.0	NA	0.111038690164	0.05	0.09886705444	0.13998396	0.18998396	242139976	242140054	242159994	242160009	NA	missing	343203.4	18.447123	1.0664988	NA	NA	NA	NA	NA	NA	NA	NA	NA	NA	4174905
2	242160010	242999969	NA	839962	12803	2.0048679	12710	734	2355.0	mappable	0.078725	3.0	edge	0.003940809047	0.00121065375	0.01958840131	0.1016262	0.10283685	242160010	242160025	242999969	242999969	0.1520197	1	385579.6	19.998394	0.9985415	NA	NA	0.0	1.00243394	1.0024339	1	1	1:1	2	neutral	4174905
3	100074	37939932	NA	37839859	583158	2.0048679	581220	31043	90689.0	mappable	0.078725	3.0	edge	0.000123984257	3.032049e-05	0.00116160812	0.07944893	0.07947925	100074	100074	37939843	37939932	0.13410022	1	385579.6	19.998394	0.9985415	NA	NA	0.0	1.00243394	1.0024339	1	1	1:1	2	neutral	4174905
3	37939933	37960017	NA	20085	288	1.7443327	288	0	45.0	mappable	NA	NA	NA	NA	inf	0.07663294556	0.1399205	inf	37939933	37940022	37959990	37960017	NA	missing	371769.2	NA	0.9245	NA	NA	NA	NA	NA	NA	NA	NA	NA	NA	4174905
3	37960018	90259931	NA	52299924	715507	2.0048679	713325	34058	112734.0	mappable	0.078725	3.0	NA	0.000285483389	2.759382e-05	0.0002031288	0.07800219	0.07802978	37960018	37960045	90199759	90320103	0.13430843	1	385579.6	19.998394	0.9985415	NA	NA	0.0	1.00243394	1.0024339	1	1	1:1	2	neutral	4174905
3	90259931	90499969	NA	240039	4114	1.60974	4096	0	638.0	mappable	NA	NA	NA	0.053528927666	0.05555555556	0.11488287264	0.1119012	0.16745676	90199759	90320103	90499969	90499969	NA	missing	380294.6	NA	0.8862501	NA	NA	NA	NA	NA	NA	NA	NA	NA	NA	4174905
3	93570175	103199969	NA	9629798	134889	2.0048679	134441	5965	20576.0	mappable	0.078725	3.0	self	0.003493427766	0.00015595758	0.00086292512	0.08621034	0.08636629	93570175	93570175	103199935	103200003	0.15527754	1	385579.6	19.998394	0.9985415	NA	NA	0.0	1.00243394	1.0024339	1	1	1:1	2	neutral	4174905
3	103199969	103450042	NA	250074	4069	2.0064812	4068	0	636.0	mappable	NA	NA	NA	0.211490816263	1.0	0.00213294556	0.11153248	1.11153248	103199935	103200003	103449986	103450042	NA	missing	431343.9	NA	0.999	NA	NA	NA	NA	NA	NA	NA	NA	NA	NA	4174905
3	103450043	103470009	NA	19967	355	2.2172557	352	0	53.0	mappable	NA	NA	NA	0.678812843461	0.33333333333	0.05776705444	0.14000377	0.4733371	103450043	103450099	103469983	103470035	NA	missing	436317.8	NA	1.0589	NA	NA	NA	NA	NA	NA	NA	NA	NA	NA	4174905
3	103470009	197779892	NA	94309891	1280531	2.0048679	1276436	62550	200329.0	mappable	0.078725	3.0	edge	0.000621824637	1.500533e-05	0.0002036481	0.07549761	0.07551261	103469983	103470035	197779892	197779892	0.14266754	1	385579.6	19.998394	0.9985415	NA	NA	0.0	1.00243394	1.0024339	1	1	1:1	2	neutral	4174905
4	50084	8939952	NA	8889871	145291	2.0048679	144402	6941	24737.0	mappable	0.085575	3.0	edge	0.007966848336	0.00012771392	0.0092282474	0.08664111	0.08676882	50084	50084	8939952	8939952	0.15346146	1	385579.6	19.998394	0.9985415	NA	NA	0.0	1.00243394	1.0024339	1	1	1:1	2	neutral	4174905
4	9800043	10450011	NA	649969	14602	2.0048679	14549	918	2327.0	mappable	0.08065	3.0	self	0.002168235618	0.00102986612	0.01246705444	0.10357322	0.10460308	9800043	9800043	10449992	10450030	0.09814093	1	385579.6	19.998394	0.9985415	NA	NA	0.0	1.00243394	1.0024339	1	1	1:1	2	neutral	4174905
4	10450011	10500017	NA	50007	662	1.9519403	660	0	94.0	mappable	NA	NA	NA	0.480692045142	0.5	0.01763294556	0.12812429	0.62812429	10449992	10450030	10499988	10500017	NA	missing	370470.0	NA	0.9835	NA	NA	NA	NA	NA	NA	NA	NA	NA	NA	4174905
4	10500018	10520014	NA	19997	346	2.2367669	345	1	67.0	mappable	0.17647059	8.0	NA	0.009403529736	0.5	0.08056705444	0.13998254	0.63998254	10500018	10500047	10519982	10520046	NA	missing	353376.6	19.012517	1.0644449	NA	NA	NA	NA	NA	NA	NA	NA	NA	NA	4174905
4	10520014	49089961	NA	38569957	582383	2.0048679	580689	28596	90041.0	mappable	0.078725	3.0	self	1.2217792e-05	3.301856e-05	0.00176808876	0.07936201	0.07939503	10519982	10520046	49089961	49089961	0.14664192	1	385579.6	19.998394	0.9985415	NA	NA	0.0	1.00243394	1.0024339	1	1	1:1	2	neutral	4174905
4	52680564	55650015	NA	2969452	39215	2.0048679	39098	1825	6124.0	mappable	0.0849	3.0	NA	0.006743235618	0.00051519835	0.00253294556	0.09301562	0.09353082	52680564	52680564	55649998	55650015	0.14699269	1	385579.6	19.998394	0.9985415	NA	NA	0.0	1.00243394	1.0024339	1	1	1:1	2	neutral	4174905
4	55650016	55660004	NA	9989	173	2.3660997	173	0	33.0	mappable	NA	NA	NA	NA	inf	0.10006705444	0.15053299	inf	55650016	55650033	55659976	55660032	NA	missing	418303.8	NA	1.1012	NA	NA	NA	NA	NA	NA	NA	NA	NA	NA	4174905
4	55660004	148529952	NA	92869959	1253211	2.0048679	1249373	62585	190403.0	mappable	0.078725	3.0	NA	0.000870805404	1.505639e-05	0.00097010995	0.07556092	0.07557598	55659976	55660032	148529891	148530013	0.14092137	1	385579.6	19.998394	0.9985415	NA	NA	0.0	1.00243394	1.0024339	1	1	1:1	2	neutral	4174905
4	148529952	148539922	NA	9971	119	1.683458	119	0	21.0	mappable	NA	NA	NA	NA	inf	0.09393294556	0.15056247	inf	148529891	148530013	148539800	148540044	NA	missing	377606.7	NA	0.9072	NA	NA	NA	NA	NA	NA	NA	NA	NA	NA	4174905
4	148539922	166100003	NA	17560082	243370	2.0048679	242674	9338	37724.0	mappable	0.078725	3.0	NA	6.6544312e-05	9.966115e-05	0.00019223914	0.0831055	0.08320516	148539800	148540044	166099996	166100010	0.16573695	1	385579.6	19.998394	0.9985415	NA	NA	0.0	1.00243394	1.0024339	1	1	1:1	2	neutral	4174905
4	166100003	166110035	NA	10033	139	1.7049225	139	0	21.0	mappable	NA	NA	NA	NA	inf	0.08783294556	0.15046118	inf	166099996	166100010	166109758	166110035	NA	missing	374857.5	NA	0.9133	NA	NA	NA	NA	NA	NA	NA	NA	NA	NA	4174905
4	166110036	190939997	NA	24829964	384640	2.0048679	382803	19080	60324.0	mappable	0.078725	3.0	edge	0.000816935457	4.781715e-05	0.00093114725	0.08141473	0.08146255	166110036	166110313	190939997	190939997	0.15157898	1	385579.6	19.998394	0.9985415	NA	NA	0.0	1.00243394	1.0024339	1	1	1:1	2	neutral	4174905
5	50017	18460083	NA	18410072	291204	2.0048679	290076	13560	46965.0	mappable	0.078725	3.0	edge	0.001379182901	6.80967e-05	0.00170683858	0.08287067	0.08293876	50017	50017	18459977	18460083	0.16641277	1	385579.6	19.998394	0.9985415	NA	NA	0.0	1.00243394	1.0024339	1	1	1:1	2	neutral	4174905
5	18460084	18474995	NA	14912	175	2.4030468	175	0	22.0	mappable	NA	NA	NA	NA	inf	0.11056705444	0.14425657	inf	18460084	18460190	18469968	18474995	NA	missing	458371.2	NA	1.1117	NA	NA	NA	NA	NA	NA	NA	NA	NA	NA	4174905
5	18474996	26420000	NA	7945005	111696	2.0048679	111342	4320	16903.0	mappable	0.078725	3.0	NA	0.000106764382	0.00021394951	0.00566705444	0.08725388	0.08746783	18474996	18480023	26419928	26420000	0.14749807	1	385579.6	19.998394	0.9985415	NA	NA	0.0	1.00243394	1.0024339	1	1	1:1	2	neutral	4174905
5	26420001	26430006	NA	10006	145	2.3573028	145	0	30.0	mappable	NA	NA	NA	NA	inf	0.09756705444	0.1505052	inf	26420001	26420073	26429997	26430006	NA	missing	450073.8	NA	1.0987	NA	NA	NA	NA	NA	NA	NA	NA	NA	NA	4174905
5	26430007	45959999	NA	19529996	275265	2.0048679	274374	13648	42269.0	mappable	0.07937045	3.0	NA	0.000150139355	6.878525e-05	0.00482211702	0.08257915	0.08264794	26430007	26430016	45959979	45959999	0.13513013	1	385579.6	19.998394	0.9985415	NA	NA	0.0	1.00243394	1.0024339	1	1	1:1	2	neutral	4174905
5	45960000	46399990	NA	439991	10786	1.7134245	10712	589	1459.0	mappable	0.07791447	1.0	NA	0.001586656671	0.00150829563	0.08233294556	0.10668308	0.10819138	45960000	45960020	46399990	46399990	0.17161699	1	374939.0	20.398135	0.9157162	NA	NA	0.0	0.85671227	0.8567123	1	1	1:1	2	neutral	4174905
5	49470005	49535006	NA	65002	2644	1.7134245	2540	50	389.0	mappable	0.08836667	1.0	NA	0.006198431048	0.00649350649	0.10853294556	0.12509228	0.13158579	49470005	49470005	49529984	49535006	0.21947421	1	374939.0	20.398135	0.9157162	NA	NA	0.0	0.85671227	0.8567123	1	1	1:1	2	neutral	4174905
5	49535007	53329985	NA	3794979	49045	2.0048679	48889	2572	7547.0	mappable	0.07793929	3.0	NA	0.001875190688	0.00036656891	0.00047504363	0.09150947	0.09187604	49535007	49540029	53329934	53329985	0.1233623	1	385579.6	19.998394	0.9985415	NA	NA	0.0	1.00243394	1.0024339	1	1	1:1	2	neutral	4174905
5	53329986	53349925	NA	19940	298	1.7981699	298	0	57.0	mappable	NA	NA	NA	NA	inf	0.06133294556	0.1400229	inf	53329986	53330037	53349784	53350066	NA	missing	402099.2	NA	0.9398	NA	NA	NA	NA	NA	NA	NA	NA	NA	NA	4174905
5	53349925	68829703	NA	15479780	204587	2.0048679	204004	9734	32143.0	mappable	0.0753	3.0	NA	0.000103584658	9.694619e-05	0.00082308423	0.08373848	0.08383543	53349784	53350066	68829703	68829703	0.1434714	1	385579.6	19.998394	0.9985415	NA	NA	0.0	1.00243394	1.0024339	1	1	1:1	2	neutral	4174905
5	70750153	180689979	NA	109939837	1530140	2.0048679	1525676	68025	239750.0	mappable	0.078725	3.0	edge	0.000452932575	1.379615e-05	0.0007675755	0.07487233	0.07488612	70750153	70750153	180689979	180689979	0.14201921	1	385579.6	19.998394	0.9985415	NA	NA	0.0	1.00243394	1.0024339	1	1	1:1	2	neutral	4174905
6	201976	27730024	NA	27528051	409432	2.0048679	407587	21242	65815.0	mappable	0.078725	3.0	edge	0.001573695808	4.33163e-05	0.00339060568	0.08092448	0.0809678	201976	201976	27729998	27730024	0.15109243	1	385579.6	19.998394	0.9985415	NA	NA	0.0	1.00243394	1.0024339	1	1	1:1	2	neutral	4174905
6	27730025	27744836	NA	14812	125	2.270741	125	0	21.0	mappable	NA	NA	NA	NA	inf	0.07296705444	0.14435765	inf	27730025	27730051	27739593	27750079	NA	missing	374323.8	NA	1.0741	NA	NA	NA	NA	NA	NA	NA	NA	NA	NA	4174905
6	27744836	58019982	NA	30275155	449960	2.0048679	444467	25051	71125.0	mappable	0.078725	3.0	NA	0.000974511186	3.274287e-05	0.00062164589	0.08047762	0.08051036	27739593	27750079	58019982	58019982	0.17367817	1	385579.6	19.998394	0.9985415	NA	NA	0.0	1.00243394	1.0024339	1	1	1:1	2	neutral	4174905
6	58610011	58769997	NA	159987	572	1.9480696	571	0	78.0	mappable	NA	NA	NA	0.095081279097	1.0	0.01873294556	0.11568989	1.11568989	58610011	58610011	58769997	58769997	NA	missing	405424.9	NA	0.9824	NA	NA	NA	NA	NA	NA	NA	NA	NA	NA	4174905
6	61890002	61949996	NA	59995	1094	1.70375	1089	1	153.0	mappable	0.25714286	2.0	NA	0.113168758266	0.16666666667	0.12253294556	0.12600366	0.29267033	61890002	61890002	61919992	61949996	NA	missing	353293.9	19.008282	0.9129668	NA	NA	NA	NA	NA	NA	NA	NA	NA	NA	4174905
6	61949997	73009951	NA	11059957	163589	2.0048679	162937	8685	24192.0	mappable	0.078725	3.0	self	0.001198634434	0.00010711225	0.00088520641	0.08547431	0.08558143	61949997	61980001	73009860	73010042	0.1328525	1	385579.6	19.998394	0.9985415	NA	NA	0.0	1.00243394	1.0024339	1	1	1:1	2	neutral	4174905
6	73009951	78530030	NA	5520080	73625	1.7134245	73338	3836	11264.0	mappable	0.089	1.0	NA	0.010168235618	0.00024254184	0.08773294556	0.08930063	0.08954318	73009860	73010042	78529989	78530071	0.38210298	2	374939.0	20.398135	0.9157162	20.41426	0.5828176	0.1656351	0.71481064	0.9986139	1	1	1:1	2	mixDH	4174905
6	78530030	78549929	NA	19900	322	1.8889542	322	0	61.0	mappable	NA	NA	NA	NA	inf	0.03553294556	0.14005131	inf	78529989	78530071	78549816	78549929	NA	missing	395770.9	NA	0.9656	NA	NA	NA	NA	NA	NA	NA	NA	NA	NA	4174905
6	78549930	86405051	NA	7855122	107867	1.7134245	107596	4944	16395.0	mappable	0.0866	1.0	NA	0.006743235618	0.00019175455	0.08673294556	0.08731641	0.08750816	78549930	78550043	86399938	86405051	0.35764924	2	374939.0	20.398135	0.9157162	20.41426	0.5828176	0.1656351	0.71481064	0.9986139	1	1	1:1	2	mixDH	4174905
6	86405052	86425019	NA	19968	128	2.0048679	128	10	27.0	mappable	0.10896905	3.0	self	0.030137283237	0.1	0.02646705444	0.14000306	0.24000306	86405052	86410165	86419993	86430045	NA	missing	385579.6	19.998394	0.9985415	NA	NA	NA	NA	NA	NA	NA	NA	NA	NA	4174905
6	86425019	93470011	NA	7044993	98468	1.7134245	98167	4493	15251.0	mappable	0.09046667	1.0	NA	0.010168235618	0.00020859408	0.08953294556	0.08791917	0.08812777	86419993	86430045	93469975	93470011	0.33964008	2	374939.0	20.398135	0.9157162	20.41426	0.5828176	0.1656351	0.71481064	0.9986139	1	1	1:1	2	mixDH	4174905
6	93470012	93490015	NA	20004	326	1.4860549	326	1	44.0	mappable	0.4	NA	NA	0.321168235618	1.0	0.15003294556	0.13997759	1.13997759	93470012	93470048	93489920	93490110	NA	missing	378241.7	26.476921	0.8511	NA	NA	NA	NA	NA	NA	NA	NA	NA	NA	4174905
6	93490015	102725029	NA	9235015	124389	1.7134245	124029	5435	18834.0	mappable	0.089	1.0	NA	0.010168235618	0.00017256255	0.08223294556	0.08643534	0.08660791	93489920	93490110	102719973	102725029	0.34588743	2	374939.0	20.398135	0.9157162	20.41426	0.5828176	0.1656351	0.71481064	0.9986139	1	1	1:1	2	mixDH	4174905
6	102725030	102749969	NA	24940	417	1.9315314	411	43	62.0	mappable	0.17818235	NA	NA	0.102481470912	0.02040816327	0.02343294556	0.1369284	0.15733656	102725030	102730086	102749922	102749969	0.69122764	2	381850.0	22.461766	0.9777	19.47248	0.6571583	0.3143166	0.66220952	1.2693219	1	sub	1:sub	sub	sub	4174905
6	102749970	110279985	NA	7530016	99707	1.7134245	99406	4674	15603.0	mappable	0.08880833	1.0	NA	0.010168235618	0.00020100503	0.08603294556	0.08754949	0.0877505	102749970	102750017	110279919	110279985	0.34246963	2	374939.0	20.398135	0.9157162	20.41426	0.5828176	0.1656351	0.71481064	0.9986139	1	1	1:1	2	mixDH	4174905
6	110279986	110290001	NA	10016	187	2.0048679	180	0	35.0	mappable	NA	3.0	self	0.008354633973	0.14285714286	0.00326705444	0.15048888	0.29334602	110279986	110280052	110289951	110290001	NA	missing	385579.6	NA	0.9985415	NA	NA	NA	NA	NA	NA	NA	NA	NA	NA	4174905
6	110290002	113360009	NA	3070009	39844	1.7134245	39788	1111	6559.0	mappable	0.10265577	1.0	NA	0.025162936554	0.00085689803	0.08262761979	0.09280824	0.09366513	110290002	110290052	113359975	113360009	0.37228898	2	374939.0	20.398135	0.9157162	20.41426	0.5828176	0.1656351	0.71481064	0.9986139	1	1	1:1	2	mixDH	4174905
6	113360010	113369952	NA	9943	163	2.1627147	163	0	35.0	mappable	NA	NA	NA	NA	inf	0.04226705444	0.15060847	inf	113360010	113360044	113369885	113369952	NA	missing	397037.1	NA	1.0434	NA	NA	NA	NA	NA	NA	NA	NA	NA	NA	4174905
6	113369953	118745019	NA	5375068	71686	1.7134245	71440	3688	11026.0	mappable	0.089	1.0	NA	0.010802509864	0.0002541942	0.08087332722	0.08945403	0.08970823	113369953	113370020	118729974	118745019	0.3652999	2	374939.0	20.398135	0.9157162	20.41426	0.5828176	0.1656351	0.71481064	0.9986139	1	1	1:1	2	mixDH	4174905
6	118745020	168500021	NA	49755009	714505	2.0048679	712273	33004	113179.0	mappable	0.078725	3.0	self	0.001527208093	2.838007e-05	0.00130498088	0.07822174	0.07825012	118745020	118760065	168499998	168500021	0.14283758	1	385579.6	19.998394	0.9985415	NA	NA	0.0	1.00243394	1.0024339	1	1	1:1	2	neutral	4174905
6	168500022	168509988	NA	9967	196	1.70375	193	13	29.0	mappable	0.21145303	2.0	NA	0.13503956429	0.0625	0.08773294556	0.15056903	0.21306903	168500022	168500045	168509919	168510057	NA	missing	353293.9	19.008282	0.9129668	NA	NA	NA	NA	NA	NA	NA	NA	NA	NA	4174905
6	168509988	168540007	NA	30020	647	2.1686966	641	60	124.0	mappable	0.11515	NA	NA	0.034143235618	0.01515151515	0.04396705444	0.13446611	0.14961762	168509919	168510057	168539992	168540007	0.2584997	1	343258.3	18.569239	1.0451	NA	NA	0.0	1.08434831	1.0843483	1	1	1:1	2	neutral	4174905
6	168540008	170899935	NA	2359930	41430	2.0048679	41022	2387	7360.0	mappable	0.085575	3.0	edge	0.007044163026	0.00035778175	0.01607017462	0.09447192	0.0948297	168540008	168540023	170899935	170899935	0.15235289	1	385579.6	19.998394	0.9985415	NA	NA	0.0	1.00243394	1.0024339	1	1	1:1	2	neutral	4174905
7	40386	16839984	NA	16799601	284859	2.0048679	283798	15435	44293.0	mappable	0.078725	3.0	edge	0.000524902309	6.062811e-05	0.00641534738	0.08332665	0.08338728	40386	40386	16839946	16839984	0.16171809	1	385579.6	19.998394	0.9985415	NA	NA	0.0	1.00243394	1.0024339	1	1	1:1	2	neutral	4174905
7	16839985	16850007	NA	10023	194	2.4069175	194	0	34.0	mappable	NA	NA	NA	NA	inf	0.11166705444	0.15047746	inf	16839985	16840023	16849986	16850007	NA	missing	434958.0	NA	1.1128	NA	NA	NA	NA	NA	NA	NA	NA	NA	NA	4174905
7	16850008	57724998	NA	40875002	566794	2.0048679	565057	29511	88926.0	mappable	0.078725	3.0	NA	0.001813230995	3.200307e-05	0.00022815669	0.07909917	0.07913117	16850008	16850029	57509993	57940003	0.12398881	1	385579.6	19.998394	0.9985415	NA	NA	0.0	1.00243394	1.0024339	1	1	1:1	2	neutral	4174905
7	57724998	57999988	NA	274991	2919	1.5427071	2847	0	407.0	mappable	NA	NA	NA	0.016493529088	0.01388888889	0.13393294556	0.11068666	0.12457555	57509993	57940003	57999988	57999988	NA	missing	344699.7	NA	0.8672	NA	NA	NA	NA	NA	NA	NA	NA	NA	NA	4174905
7	61530139	62460064	NA	929926	17818	1.7134245	17525	314	2775.0	mappable	0.08109722	1.0	NA	0.011106764382	0.00164744646	0.08433294556	0.10087379	0.10252123	61530139	61530139	62449991	62470137	0.1532388	1	374939.0	20.398135	0.9157162	NA	NA	0.0	0.85671227	0.8567123	1	1	1:1	2	neutral	4174905
7	62460064	62507212	NA	47149	566	2.2439941	480	23	96.0	mappable	0.11116158	7.0	NA	0.078737353265	0.00917431193	0.04426705444	0.12882498	0.13799929	62449991	62470137	62507206	62507218	NA	missing	343203.4	18.447123	1.0664988	NA	NA	NA	NA	NA	NA	NA	NA	NA	NA	4174905
7	62507212	72229988	NA	9722779	95672	2.0048679	95224	5501	15489.0	mappable	0.08215	3.0	self	0.004912151351	0.00016815201	0.02470510251	0.08615885	0.086327	62507206	62507218	72229988	72229988	0.15973431	1	385579.6	19.998394	0.9985415	NA	NA	0.0	1.00243394	1.0024339	1	1	1:1	2	neutral	4174905
7	72750118	74139961	NA	1389844	10225	1.8970474	10197	243	1812.0	mappable	0.12126429	NA	NA	0.040993235618	0.0036900369	0.03323294556	0.09800803	0.10169807	72750118	72750118	74139961	74139961	0.29502215	1	297799.7	16.243618	0.9679	NA	NA	0.0	0.94852371	0.9485237	1	1	1:1	2	neutral	4174905
7	75160045	76059952	NA	899908	8417	2.0048679	8382	418	1483.0	mappable	0.08323269	3.0	self	0.004968235618	0.00220750552	0.01503294556	0.10111521	0.10332272	75160045	75160045	76059952	76059952	0.16570771	1	385579.6	19.998394	0.9985415	NA	NA	0.0	1.00243394	1.0024339	1	1	1:1	2	neutral	4174905
7	76810004	101719927	NA	24909927	321737	2.0048679	320599	14587	49967.0	mappable	0.0753	3.0	NA	0.003038208759	6.360109e-05	0.00023542581	0.08139936	0.08146296	76810004	76810004	101719832	101719927	0.13568795	1	385579.6	19.998394	0.9985415	NA	NA	0.0	1.00243394	1.0024339	1	1	1:1	2	neutral	4174905
7	101719928	101740003	NA	20076	313	1.6760685	313	0	60.0	mappable	NA	NA	NA	NA	inf	0.09603294556	0.13992683	inf	101719928	101720023	101739950	101740056	NA	missing	322863.5	NA	0.9051	NA	NA	NA	NA	NA	NA	NA	NA	NA	NA	4174905
7	101740003	111060009	NA	9320007	122125	2.0048679	121710	5525	18877.0	mappable	0.078725	3.0	NA	0.000218106118	0.00016835017	0.00036365301	0.086386	0.08655435	101739950	101740056	111059960	111060009	0.14254139	1	385579.6	19.998394	0.9985415	NA	NA	0.0	1.00243394	1.0024339	1	1	1:1	2	neutral	4174905
7	111060010	111070067	NA	10058	145	2.3463946	145	0	25.0	mappable	NA	NA	NA	NA	inf	0.09446705444	0.15042055	inf	111060010	111060059	111069957	111070067	NA	missing	458128.3	NA	1.0956	NA	NA	NA	NA	NA	NA	NA	NA	NA	NA	4174905
7	111070068	147419998	NA	36349935	475645	2.0048679	474143	20577	74498.0	mappable	0.078725	3.0	NA	0.000755521339	4.529806e-05	0.00056904559	0.07963226	0.07967756	111070068	111070178	147419917	147419998	0.15921999	1	385579.6	19.998394	0.9985415	NA	NA	0.0	1.00243394	1.0024339	1	1	1:1	2	neutral	4174905
7	147419999	147434991	NA	14993	211	1.6999962	211	0	47.0	mappable	NA	NA	NA	NA	inf	0.08923294556	0.1441753	inf	147419999	147420080	147429899	147434991	NA	missing	392713.3	NA	0.9119	NA	NA	NA	NA	NA	NA	NA	NA	NA	NA	4174905
7	147434992	159119808	NA	11684820	168764	2.0048679	167726	8370	28683.0	mappable	0.08215	3.0	edge	0.005308911959	0.00010630382	0.01110568204	0.08518565	0.08529196	147434992	147440084	159119808	159119808	0.14324406	1	385579.6	19.998394	0.9985415	NA	NA	0.0	1.00243394	1.0024339	1	1	1:1	2	neutral	4174905
8	170012	600056	NA	430045	7399	2.0048679	7378	251	1239.0	mappable	0.078725	3.0	edge	0.000106764382	0.00367647059	0.00583294556	0.10687113	0.1105476	170012	170012	599832	600056	0.1799884	1	385579.6	19.998394	0.9985415	NA	NA	0.0	1.00243394	1.0024339	1	1	1:1	2	neutral	4174905
8	600057	610039	NA	9983	232	2.2439941	231	5	29.0	mappable	0.1703453	7.0	NA	0.091513534764	0.16666666667	0.05636705444	0.15054281	0.31720947	600057	600281	609982	610096	NA	missing	343203.4	18.447123	1.0664988	NA	NA	NA	NA	NA	NA	NA	NA	NA	NA	4174905
8	610039	660001	NA	49963	1271	1.7134245	1261	60	242.0	mappable	0.04381136	1.0	NA	0.037781764382	0.01449275362	0.07443294556	0.12813472	0.14262747	609982	610096	659977	660025	0.29913031	1	374939.0	20.398135	0.9157162	NA	NA	0.0	0.85671227	0.8567123	1	1	1:1	2	neutral	4174905
8	660001	670008	NA	10008	218	2.2439941	208	0	24.0	mappable	NA	7.0	NA	0.076813690164	0.1	0.06026705444	0.15050193	0.25050193	659977	660025	669966	670008	NA	missing	343203.4	NA	1.0664988	NA	NA	NA	NA	NA	NA	NA	NA	NA	NA	4174905
8	670009	1510099	NA	840091	20483	2.0048679	20335	1064	3610.0	mappable	0.089	3.0	self	0.012287933081	0.00082576383	0.03264018571	0.10162506	0.10245082	670009	670051	1509982	1510216	0.21333274	1	385579.6	19.998394	0.9985415	NA	NA	0.0	1.00243394	1.0024339	1	1	1:1	2	neutral	4174905
8	1510099	1538513	NA	28415	520	1.7964105	516	0	101.0	mappable	NA	NA	identical	0.921868235618	0.25	0.06183294556	0.13518661	0.38518661	1509982	1510216	1538486	1538540	NA	missing	334777.8	NA	0.9393	NA	NA	NA	NA	NA	NA	NA	NA	NA	NA	4174905
8	1538513	6919904	NA	5381400	163177	2.0048679	162385	7938	25469.0	mappable	0.078725	3.0	self	0.001410904784	0.00011454754	0.00325061226	0.08944724	0.08956179	1538486	1538540	6919904	6919904	0.14190775	1	385579.6	19.998394	0.9985415	NA	NA	0.0	1.00243394	1.0024339	1	1	1:1	2	neutral	4174905
8	8100000	11859985	NA	3759988	79327	2.0048679	79090	5014	12583.0	mappable	0.078725	3.0	self	0.000843637394	0.00019043992	0.00281169302	0.09156546	0.0917559	8100000	8100000	11859985	11859985	0.13750164	1	385579.6	19.998394	0.9985415	NA	NA	0.0	1.00243394	1.0024339	1	1	1:1	2	neutral	4174905
8	12580042	30580003	NA	17999965	334901	2.0048679	333919	16621	52726.0	mappable	0.078725	3.0	NA	0.00126831847	5.681173e-05	0.00361749861	0.08298242	0.08303923	12580042	12580042	30579971	30580035	0.14070533	1	385579.6	19.998394	0.9985415	NA	NA	0.0	1.00243394	1.0024339	1	1	1:1	2	neutral	4174905
8	30580003	30589949	NA	9947	216	2.5012206	216	0	31.0	mappable	NA	NA	NA	NA	inf	0.13846705444	0.15060189	inf	30579971	30580035	30589810	30589949	NA	missing	320134.0	NA	1.1396	NA	NA	NA	NA	NA	NA	NA	NA	NA	NA	4174905
8	30589950	43099940	NA	12509993	171892	2.0048679	171349	5725	27853.0	mappable	0.08215	3.0	NA	0.003184784785	0.00015954052	0.00592215564	0.08482995	0.08498949	30589950	30590089	43099770	43099940	0.16064711	1	385579.6	19.998394	0.9985415	NA	NA	0.0	1.00243394	1.0024339	1	1	1:1	2	neutral	4174905
8	43099941	43150001	NA	50061	707	2.1433615	704	5	109.0	mappable	0.24402045	NA	NA	0.057817478667	0.125	0.03676705444	0.12811151	0.25311151	43099941	43100111	43149947	43150055	NA	missing	388931.7	23.335901	1.0379	NA	NA	NA	NA	NA	NA	NA	NA	NA	NA	4174905
8	43150001	43789991	NA	639991	12910	1.7134245	12897	58	2032.0	mappable	0.10336667	1.0	NA	0.018918235618	0.01408450704	0.06043294556	0.10369307	0.11777758	43149947	43150055	43789991	43789991	0.34610361	2	374939.0	20.398135	0.9157162	20.41426	0.5828176	0.1656351	0.71481064	0.9986139	1	1	1:1	2	mixDH	4174905
8	46880007	67470043	NA	20590038	285195	2.0048679	284525	10595	45032.0	mappable	0.08215	3.0	NA	0.002216780129	8.877053e-05	0.0021363769	0.08231996	0.08240873	46880007	46880007	67469984	67470102	0.13993901	1	385579.6	19.998394	0.9985415	NA	NA	0.0	1.00243394	1.0024339	1	1	1:1	2	neutral	4174905
8	67470043	67485053	NA	15011	102	1.7154788	102	0	16.0	mappable	NA	NA	NA	NA	inf	0.08483294556	0.14415731	inf	67469984	67470102	67479947	67490159	NA	missing	397652.5	NA	0.9163	NA	NA	NA	NA	NA	NA	NA	NA	NA	NA	4174905
8	67485053	74630018	NA	7144966	94694	2.0048679	94396	4686	14899.0	mappable	0.08215	3.0	NA	0.003318235618	0.00020064205	0.00046705444	0.08784067	0.08804132	67479947	67490159	74629995	74630041	0.13146645	1	385579.6	19.998394	0.9985415	NA	NA	0.0	1.00243394	1.0024339	1	1	1:1	2	neutral	4174905
8	74630018	74639995	NA	9978	132	2.3643403	132	0	21.0	mappable	NA	NA	NA	NA	inf	0.09956705444	0.150551	inf	74629995	74630041	74639977	74639995	NA	missing	433706.0	NA	1.1007	NA	NA	NA	NA	NA	NA	NA	NA	NA	NA	4174905
8	74639996	146289988	NA	71649997	1007960	2.0048679	1004458	49243	157358.0	mappable	0.078725	3.0	edge	0.000851031034	1.89613e-05	0.0002619604	0.07664461	0.07666357	74639996	74640014	146289988	146289988	0.13826246	1	385579.6	19.998394	0.9985415	NA	NA	0.0	1.00243394	1.0024339	1	1	1:1	2	neutral	4174905
9	200101	38769828	NA	38569741	645691	2.0048679	643966	31987	99546.0	mappable	0.078725	3.0	edge	0.000841830035	2.966391e-05	0.00183752778	0.07936204	0.0793917	200101	200101	38769828	38769828	0.14133004	1	385579.6	19.998394	0.9985415	NA	NA	0.0	1.00243394	1.0024339	1	1	1:1	2	neutral	4174905
9	66840048	66849972	NA	9925	540	1.545874	497	0	81.0	mappable	NA	NA	NA	0.005218153472	0.02325581395	0.13303294556	0.15063813	0.17389394	66840048	66840048	66849972	66849972	NA	missing	703426.7	NA	0.8681	NA	NA	NA	NA	NA	NA	NA	NA	NA	NA	4174905
9	68410004	68419976	NA	9973	1130	2.0040181	1035	0	266.0	mappable	NA	NA	NA	0.233424449323	0.01052631579	0.00283294556	0.15055919	0.16108551	68410004	68410004	68419976	68419976	NA	missing	2221626.0	NA	0.9983	NA	NA	NA	NA	NA	NA	NA	NA	NA	NA	4174905
9	71030093	94765025	NA	23734933	325317	2.0048679	324403	14494	51994.0	mappable	0.078725	3.0	NA	0.000106764382	6.490135e-05	0.00243294556	0.08163096	0.08169586	71030093	71030093	94759997	94765025	0.1482331	1	385579.6	19.998394	0.9985415	NA	NA	0.0	1.00243394	1.0024339	1	1	1:1	2	neutral	4174905
9	94765026	94779968	NA	14943	179	1.7017556	179	0	38.0	mappable	NA	NA	NA	NA	inf	0.08873294556	0.14422541	inf	94765026	94770054	94779936	94779968	NA	missing	377338.6	NA	0.9124	NA	NA	NA	NA	NA	NA	NA	NA	NA	NA	4174905
9	94779969	141019791	NA	46239825	635198	2.0048679	632782	31498	103204.0	mappable	0.078725	3.0	edge	0.003461532552	2.948896e-05	0.0055560382	0.07854647	0.07857596	94779969	94780001	141019791	141019791	0.14656623	1	385579.6	19.998394	0.9985415	NA	NA	0.0	1.00243394	1.0024339	1	1	1:1	2	neutral	4174905
10	130013	28010053	NA	27880045	442836	2.0048679	440950	21123	72000.0	mappable	0.08215	3.0	edge	0.005059125328	4.346314e-05	0.00457300012	0.08086451	0.08090797	130013	130013	28009960	28010053	0.16119725	1	385579.6	19.998394	0.9985415	NA	NA	0.0	1.00243394	1.0024339	1	1	1:1	2	neutral	4174905
10	28010054	28049966	NA	39913	548	2.2162	541	4	86.0	mappable	0.11337525	NA	identical	0.361781265714	0.09090909091	0.05746705444	0.13085091	0.22176	28010054	28010147	28049881	28049966	NA	missing	392584.0	22.064399	1.0586	NA	NA	NA	NA	NA	NA	NA	NA	NA	NA	4174905
10	28049967	35144991	NA	7095025	99106	2.0048679	98727	5187	16014.0	mappable	0.078725	3.0	NA	0.000106764382	0.00017966223	0.00313294556	0.08787973	0.08805939	28049967	28050052	35139979	35150003	0.12605933	1	385579.6	19.998394	0.9985415	NA	NA	0.0	1.00243394	1.0024339	1	1	1:1	2	neutral	4174905
10	35144991	35160008	NA	15018	171	2.3193001	171	0	40.0	mappable	NA	NA	NA	NA	inf	0.08676705444	0.14415032	inf	35139979	35150003	35159959	35160008	NA	missing	388611.4	NA	1.0879	NA	NA	NA	NA	NA	NA	NA	NA	NA	NA	4174905
10	35160009	38600358	NA	3440350	35523	2.0048679	35417	1919	5644.0	mappable	0.078725	3.0	NA	0.000106764382	0.00049382716	0.01373294556	0.09210595	0.09259978	35160009	35160058	38429948	38600358	0.15470273	1	385579.6	19.998394	0.9985415	NA	NA	0.0	1.00243394	1.0024339	1	1	1:1	2	neutral	4174905
10	42410000	42655064	NA	245065	3881	1.7134245	3868	58	557.0	mappable	0.15639597	1.0	NA	0.015184990188	0.01408450704	0.08923294556	0.11171434	0.12579884	42410000	42410000	42519964	42655064	0.15756615	1	374939.0	20.398135	0.9157162	NA	NA	0.0	0.85671227	0.8567123	1	1	1:1	2	neutral	4174905
10	42655065	46159967	NA	3504903	39714	2.0048679	39620	1583	6432.0	mappable	0.08215	3.0	self	0.003318235618	0.00059630292	0.00113294556	0.09199233	0.09258863	42655065	42790165	46159967	46159967	0.12832815	1	385579.6	19.998394	0.9985415	NA	NA	0.0	1.00243394	1.0024339	1	1	1:1	2	neutral	4174905
10	48310177	48659961	NA	349785	5559	2.0048679	5539	167	951.0	mappable	0.089	3.0	self	0.017018235618	0.00534759358	0.01256705444	0.10860057	0.11394817	48310177	48310177	48659961	48659961	0.30851994	1	385579.6	19.998394	0.9985415	NA	NA	0.0	1.00243394	1.0024339	1	1	1:1	2	neutral	4174905
10	49390096	130860001	NA	81469912	1132346	2.0048679	1128862	52266	181320.0	mappable	0.078725	3.0	NA	0.00064914414	1.793979e-05	0.00100579476	0.07610418	0.07612212	49390096	49390096	130859936	130860066	0.15305789	1	385579.6	19.998394	0.9985415	NA	NA	0.0	1.00243394	1.0024339	1	1	1:1	2	neutral	4174905
10	130860001	130890014	NA	30014	517	1.6883842	517	0	93.0	mappable	NA	NA	NA	NA	inf	0.09253294556	0.13446872	inf	130859936	130860066	130889959	130890069	NA	missing	382690.8	NA	0.9086	NA	NA	NA	NA	NA	NA	NA	NA	NA	NA	4174905
10	130890014	135429925	NA	4539913	77775	2.0048679	77301	4106	13123.0	mappable	0.08215	3.0	NA	0.003644240204	0.00021838829	0.01442098799	0.09043949	0.09065788	130889959	130890069	135429834	135430016	0.14166638	1	385579.6	19.998394	0.9985415	NA	NA	0.0	1.00243394	1.0024339	1	1	1:1	2	neutral	4174905
10	135429925	135439925	NA	10001	172	2.2367669	171	10	26.0	mappable	0.09890761	8.0	edge	0.020674840969	0.09090909091	0.06576705444	0.15051336	0.24142245	135429834	135430016	135439925	135439925	NA	missing	353376.6	19.012517	1.0644449	NA	NA	NA	NA	NA	NA	NA	NA	NA	NA	4174905
11	190010	48380018	NA	48190014	691735	2.0048679	689062	34903	108785.0	mappable	0.078725	3.0	edge	0.001978536687	2.661273e-05	0.00131540083	0.07836306	0.07838967	190010	190010	48379997	48380039	0.16505746	1	385579.6	19.998394	0.9985415	NA	NA	0.0	1.00243394	1.0024339	1	1	1:1	2	neutral	4174905
11	48380018	48899996	NA	519979	2764	1.7137194	2761	1	438.0	mappable	0.15555556	NA	NA	0.059112893738	0.25	0.08533294556	0.10532916	0.35532916	48379997	48380039	48899996	48899996	NA	missing	377947.5	21.836968	0.9158	NA	NA	NA	NA	NA	NA	NA	NA	NA	NA	4174905
11	48899997	50170092	NA	1270096	0	0.0	0	0	NA	mappable	NA	NA	NA	NA	inf	1.00113294556	0.09863632	inf	48899997	48899997	50170092	50170092	NA	missing	NA	NA	0.0	NA	NA	0.0	0.0	0.0	0	0	NA	0	homozygousDel	4174905
11	50170093	50459997	NA	289905	4125	1.70375	4121	18	634.0	mappable	0.16545581	2.0	NA	0.088634902285	0.04545454545	0.05963294556	0.11022186	0.15567641	50170093	50170093	50459969	50460025	NA	missing	353293.9	19.008282	0.9129668	NA	NA	NA	NA	NA	NA	NA	NA	NA	NA	4174905
11	50459997	50489984	NA	29988	853	1.7134245	853	3	106.0	mappable	0.11042471	1.0	NA	0.031592946043	0.33333333333	0.11513294556	0.13448002	0.46781335	50459969	50460025	50489935	50489984	NA	missing	374939.0	20.398135	0.9157162	NA	NA	NA	NA	NA	NA	NA	NA	NA	NA	4174905
11	50489985	50570005	NA	80021	2189	1.8273757	2189	7	293.0	mappable	0.02601894	NA	NA	0.052812824988	0.14285714286	0.05303294556	0.1227891	0.26564624	50489985	50490034	50569980	50570030	NA	missing	384633.5	19.751448	0.9481	NA	NA	NA	NA	NA	NA	NA	NA	NA	NA	4174905
11	50570005	50719999	NA	149995	3571	1.70375	3571	8	585.0	mappable	0.15543509	2.0	NA	0.076603330469	0.125	0.10353294556	0.11631589	0.24131589	50569980	50570030	50719994	50719999	NA	missing	353293.9	19.008282	0.9129668	NA	NA	NA	NA	NA	NA	NA	NA	NA	NA	4174905
11	50720000	50760002	NA	40003	1676	1.4969631	1672	0	275.0	mappable	NA	NA	NA	0.063972462056	0.25	0.14693294556	0.13082309	0.38082309	50720000	50720005	50759997	50760002	NA	missing	364768.3	NA	0.8542	NA	NA	NA	NA	NA	NA	NA	NA	NA	NA	4174905
11	54793872	54999991	NA	206120	3889	1.7134245	3883	40	550.0	mappable	0.0608	1.0	NA	0.014414787342	0.02173913043	0.11133294556	0.11329439	0.13503352	54793872	54793872	54989983	54999991	0.27510098	1	374939.0	20.398135	0.9157162	NA	NA	0.0	0.85671227	0.8567123	1	1	1:1	2	neutral	4174905
11	54999992	61389937	NA	6389946	87228	2.0048679	86890	3616	13731.0	mappable	0.0811625	3.0	self	0.003318235618	0.00025290845	0.00703294556	0.08846672	0.08871963	54999992	55010000	61389875	61389937	0.14101849	1	385579.6	19.998394	0.9985415	NA	NA	0.0	1.00243394	1.0024339	1	1	1:1	2	neutral	4174905
11	61389938	61404990	NA	15053	158	2.2367669	153	0	24.0	mappable	NA	8.0	NA	0.048446915897	0.2	0.07396705444	0.14411544	0.34411544	61389938	61390000	61399966	61404990	NA	missing	353376.6	NA	1.0644449	NA	NA	NA	NA	NA	NA	NA	NA	NA	NA	4174905
11	61404991	61460044	NA	55054	366	1.7134245	366	21	63.0	mappable	0.059475	1.0	NA	0.019356764382	0.04761904762	0.05913294556	0.12699574	0.17461479	61404991	61410015	61459962	61460044	NA	missing	374939.0	20.398135	0.9157162	NA	NA	NA	NA	NA	NA	NA	NA	NA	NA	4174905
11	61460045	89349940	NA	27889896	363703	2.0048679	362493	13827	59192.0	mappable	0.08215	3.0	self	0.006391997226	6.651147e-05	0.00266679241	0.08086284	0.08092935	61460045	61460127	89349940	89349940	0.16654317	1	385579.6	19.998394	0.9985415	NA	NA	0.0	1.00243394	1.0024339	1	1	1:1	2	neutral	4174905
11	89850037	124159986	NA	34309950	500067	2.0048679	498384	23543	78518.0	mappable	0.078725	3.0	NA	0.000106764382	3.964321e-05	0.00056705444	0.07989734	0.07993698	89850037	89850037	124159965	124160007	0.14989639	1	385579.6	19.998394	0.9985415	NA	NA	0.0	1.00243394	1.0024339	1	1	1:1	2	neutral	4174905
11	124159986	124170011	NA	10026	168	1.734832	168	0	23.0	mappable	NA	NA	NA	NA	inf	0.07933294556	0.15047258	inf	124159965	124160007	124169996	124170011	NA	missing	393800.0	NA	0.9218	NA	NA	NA	NA	NA	NA	NA	NA	NA	NA	4174905
11	124170012	134939862	NA	10769851	164220	2.0048679	163685	7900	26835.0	mappable	0.08215	3.0	edge	0.003318235618	0.00011855365	0.00213294556	0.08561462	0.08573318	124170012	124170027	134939862	134939862	0.13862151	1	385579.6	19.998394	0.9985415	NA	NA	0.0	1.00243394	1.0024339	1	1	1:1	2	neutral	4174905
12	160107	9430004	NA	9269898	124456	2.0048679	123924	4781	20703.0	mappable	0.08215	3.0	edge	0.005542675447	0.00018821758	0.00285150393	0.08641503	0.08660325	160107	160107	9429983	9430004	0.15743726	1	385579.6	19.998394	0.9985415	NA	NA	0.0	1.00243394	1.0024339	1	1	1:1	2	neutral	4174905
12	9459995	10779990	NA	1319996	16867	2.0048679	16797	937	2655.0	mappable	0.0753	3.0	NA	0.003531764382	0.00099304866	0.00373294556	0.09836661	0.09935966	9459995	9480016	10779960	10779990	0.12992154	1	385579.6	19.998394	0.9985415	NA	NA	0.0	1.00243394	1.0024339	1	1	1:1	2	neutral	4174905
12	10779991	10789996	NA	10006	186	1.6968293	186	0	39.0	mappable	NA	NA	NA	NA	inf	0.09013294556	0.1505052	inf	10779991	10780021	10789963	10789996	NA	missing	386405.6	NA	0.911	NA	NA	NA	NA	NA	NA	NA	NA	NA	NA	4174905
12	10789997	16059951	NA	5269955	72791	2.0048679	72524	3072	11424.0	mappable	0.07568929	3.0	NA	0.000106764382	0.00029949087	0.00383294556	0.08956818	0.08986767	10789997	10790030	16059862	16059951	0.15376353	1	385579.6	19.998394	0.9985415	NA	NA	0.0	1.00243394	1.0024339	1	1	1:1	2	neutral	4174905
12	16059952	16100000	NA	40049	551	2.2330901	551	0	80.0	mappable	NA	NA	NA	NA	inf	0.06226705444	0.13080891	inf	16059952	16060041	16099973	16100027	NA	missing	405457.7	NA	1.0634	NA	NA	NA	NA	NA	NA	NA	NA	NA	NA	4174905
12	16100000	34560007	NA	18460008	255617	2.0048679	254646	13410	39336.0	mappable	0.078725	3.0	NA	0.00076188318	6.953619e-05	0.00179628563	0.08285725	0.08292679	16099973	16100027	34559994	34560020	0.1541656	1	385579.6	19.998394	0.9985415	NA	NA	0.0	1.00243394	1.0024339	1	1	1:1	2	neutral	4174905
12	34560007	34739989	NA	179983	4759	1.70375	4758	7	716.0	mappable	0.14926112	2.0	NA	0.088808216068	0.125	0.10723294556	0.11456393	0.23956393	34559994	34560020	34739965	34740013	NA	missing	353293.9	19.008282	0.9129668	NA	NA	NA	NA	NA	NA	NA	NA	NA	NA	4174905
12	34739989	34780036	NA	40048	903	1.9051406	903	0	152.0	mappable	NA	NA	NA	NA	inf	0.03093294556	0.13080922	inf	34739965	34740013	34779971	34780101	NA	missing	353037.2	NA	0.9702	NA	NA	NA	NA	NA	NA	NA	NA	NA	NA	4174905
12	34780036	34819969	NA	39934	980	1.6039337	980	2	136.0	mappable	0.33428571	NA	NA	0.161893235618	0.5	0.11653294556	0.13084441	0.63084441	34779971	34780101	34819969	34819969	NA	missing	370828.8	24.739575	0.8846	NA	NA	NA	NA	NA	NA	NA	NA	NA	NA	4174905
12	38000003	38474997	NA	474995	15748	1.7134245	15734	31	2390.0	mappable	0.0627125	1.0	NA	0.006781764382	0.02222222222	0.09633294556	0.1060583	0.12828052	38000003	38000003	38449988	38474997	0.40071294	2	374939.0	20.398135	0.9157162	20.41426	0.5828176	0.1656351	0.71481064	0.9986139	1	1	1:1	2	mixDH	4174905
12	38474998	132669989	NA	94194996	1273799	2.0048679	1269317	59270	203411.0	mappable	0.078725	3.0	NA	0.001860245643	1.568677e-05	0.00195453225	0.07550262	0.07551831	38474998	38500007	132669945	132669989	0.14724827	1	385579.6	19.998394	0.9985415	NA	NA	0.0	1.00243394	1.0024339	1	1	1:1	2	neutral	4174905
12	132669990	132680011	NA	10022	209	2.2302751	209	0	37.0	mappable	NA	NA	NA	NA	inf	0.06146705444	0.15047909	inf	132669990	132670034	132679976	132680046	NA	missing	285286.7	NA	1.0626	NA	NA	NA	NA	NA	NA	NA	NA	NA	NA	4174905
12	132680011	133819926	NA	1139916	12874	2.0048679	12723	779	2244.0	mappable	0.0753	3.0	edge	0.000106764382	0.00107526882	0.03513294556	0.09940113	0.1004764	132679976	132680046	133819926	133819926	0.18096053	1	385579.6	19.998394	0.9985415	NA	NA	0.0	1.00243394	1.0024339	1	1	1:1	2	neutral	4174905
13	19450038	99109998	NA	79659970	1116738	2.0048679	1112919	55129	172736.0	mappable	0.078725	3.0	edge	0.000964565308	1.696468e-05	0.00174947889	0.07619816	0.07621513	19450038	19450038	99109976	99110020	0.14573151	1	385579.6	19.998394	0.9985415	NA	NA	0.0	1.00243394	1.0024339	1	1	1:1	2	neutral	4174905
13	99109998	99129968	NA	19971	343	1.7134245	342	35	53.0	mappable	0.05215278	1.0	NA	0.026678986604	0.02777777778	0.08233294556	0.14000093	0.16777871	99109976	99110020	99129929	99129968	0.18840428	1	374939.0	20.398135	0.9157162	NA	NA	0.0	0.85671227	0.8567123	1	1	1:1	2	neutral	4174905
13	99129969	99160110	NA	30142	475	2.2367669	455	0	65.0	mappable	NA	8.0	NA	0.000456994832	0.05	0.04386705444	0.13441323	0.18441323	99129969	99130008	99159988	99160110	NA	missing	353376.6	NA	1.0644449	NA	NA	NA	NA	NA	NA	NA	NA	NA	NA	4174905
13	99160111	99169987	NA	9877	152	1.7134245	143	0	27.0	mappable	NA	1.0	NA	0.022296997357	0.11111111111	0.10333294556	0.15071752	0.26182863	99160111	99160233	99169966	99170008	NA	missing	374939.0	NA	0.9157162	NA	NA	NA	NA	NA	NA	NA	NA	NA	NA	4174905
13	99169987	104219997	NA	5050011	74406	2.0048679	74150	4327	11505.0	mappable	0.08215	3.0	NA	0.003318235618	0.00021819769	0.00333294556	0.08981557	0.09003376	99169966	99170008	104219972	104219997	0.1500358	1	385579.6	19.998394	0.9985415	NA	NA	0.0	1.00243394	1.0024339	1	1	1:1	2	neutral	4174905
13	104219998	104239909	NA	19912	326	2.213385	326	0	45.0	mappable	NA	NA	NA	NA	inf	0.05666705444	0.14004278	inf	104219998	104220023	104239791	104239909	NA	missing	438832.5	NA	1.0578	NA	NA	NA	NA	NA	NA	NA	NA	NA	NA	4174905
13	104239910	115099984	NA	10860075	175179	2.0048679	174227	9195	28370.0	mappable	0.078725	3.0	edge	0.000106764382	9.859016e-05	0.00713294556	0.08557054	0.08566913	104239910	104240028	115099984	115099984	0.1486227	1	385579.6	19.998394	0.9985415	NA	NA	0.0	1.00243394	1.0024339	1	1	1:1	2	neutral	4174905
14	20330060	83090053	NA	62759998	861976	2.0048679	859156	37371	135557.0	mappable	0.078725	3.0	edge	0.000797725514	2.488305e-05	0.00299319735	0.07721011	0.077235	20330060	20330060	83089965	83090141	0.15458564	1	385579.6	19.998394	0.9985415	NA	NA	0.0	1.00243394	1.0024339	1	1	1:1	2	neutral	4174905
14	83090053	83109913	NA	19861	275	2.193328	275	0	44.0	mappable	NA	NA	NA	NA	inf	0.05096705444	0.14007907	inf	83089965	83090141	83109806	83110020	NA	missing	441303.8	NA	1.0521	NA	NA	NA	NA	NA	NA	NA	NA	NA	NA	4174905
14	83109913	106096955	NA	22987044	344804	2.0048679	343581	14411	56225.0	mappable	0.085575	3.0	NA	0.006726733735	6.397134e-05	0.00440557465	0.08178515	0.08184912	83109806	83110020	106009942	106096955	0.15163405	1	385579.6	19.998394	0.9985415	NA	NA	0.0	1.00243394	1.0024339	1	1	1:1	2	neutral	4174905
14	106096956	106115697	INV	18742	0	0.0	0	0	NA	mappable	NA	NA	NA	NA	inf	1.00113294556	0.14090473	inf	106096956	106096956	106115697	106115697	NA	missing	NA	NA	0.0	NA	NA	0.0	0.0	0.0	0	0	NA	0	homozygousDel	4174905
14	106115698	106329350	INV	213653	1786	1.70375	1783	67	298.0	mappable	0.07473182	2.0	NA	0.092784144709	0.01428571429	0.05153294556	0.11296301	0.12724873	106115698	106250082	106329350	106329350	0.2109035	1	353293.9	19.008282	0.9129668	NA	NA	0.0	0.85187501	0.851875	1	1	1:1	2	neutral	4174905
14	106329351	106363816	CTX	34466	556	-0.1424328	556	0	96.0	mappable	NA	NA	NA	NA	inf	0.61283294556	0.13268859	inf	106329351	106329355	106349982	106363816	NA	missing	117209.4	NA	0.3883	NA	NA	NA	NA	NA	NA	NA	NA	NA	NA	4174905
14	106363817	107049989	CTX	686175	6771	1.8022704	6619	370	976.0	mappable	0.774	NA	NA	0.695599616109	0.00191570881	0.06016762286	0.10315544	0.10507115	106363817	106400108	107039972	107060006	0.99467485	2	374029.6	32.855443	0.9409653	19.8183	1.1952115	1.0	0.0	1.8022704	2	0	2:0	2	cnLOH	4174905
14	107049989	107259908	NA	209920	3316	3.2989216	3213	244	503.0	mappable	0.2529663	5.0	edge	0.189807028722	0.00288184438	0.38296705444	0.1131255	0.11600734	107039972	107060006	107259908	107259908	0.92531941	2	537626.3	34.005235	1.3662987	19.61864	0.6931094	0.3862188	1.01240796	2.2865136	2	1	2:1	3	gain	4174905
15	20850000	20859924	NA	9925	165	2.0048679	125	0	13.0	mappable	NA	3.0	edge	0.048552416556	0.025	0.00243294556	0.15063813	0.17563813	20850000	20850000	20859924	20859924	NA	missing	385579.6	NA	0.9985415	NA	NA	NA	NA	NA	NA	NA	NA	NA	NA	4174905
15	22480079	23069956	NA	589878	4050	2.0048679	4027	238	691.0	mappable	0.106575	3.0	self	0.022393235618	0.00383141762	0.02173294556	0.10432937	0.10816079	22480079	22480079	23069956	23069956	0.13925514	1	385579.6	19.998394	0.9985415	NA	NA	0.0	1.00243394	1.0024339	1	1	1:1	2	neutral	4174905
15	23710146	24329926	NA	619781	10355	2.0048679	10320	446	1647.0	mappable	0.07582941	3.0	NA	0.005250882029	0.00207900208	0.01093294556	0.10394255	0.10602155	23710146	23710146	24329926	24329926	0.15403082	1	385579.6	19.998394	0.9985415	NA	NA	0.0	1.00243394	1.0024339	1	1	1:1	2	neutral	4174905
15	24329927	24830091	NA	500165	0	0.0	0	0	NA	mappable	NA	NA	NA	NA	inf	1.00113294556	0.10564099	inf	24329927	24329927	24830091	24830091	NA	missing	NA	NA	0.0	NA	NA	0.0	0.0	0.0	0	0	NA	0	homozygousDel	4174905
15	24830092	28529988	NA	3699899	57375	2.0048679	57169	2669	9315.0	mappable	0.077725	3.0	NA	2.409346e-06	0.00034782609	0.01998190242	0.091663	0.09201083	24830092	24830092	28529988	28529988	0.15213698	1	385579.6	19.998394	0.9985415	NA	NA	0.0	1.00243394	1.0024339	1	1	1:1	2	neutral	4174905
15	29100034	30369914	NA	1269881	18263	2.0048679	18223	923	3059.0	mappable	0.071875	3.0	self	0.005560997392	0.0010384216	0.00998995153	0.09863751	0.09967593	29100034	29100034	30369914	30369914	0.19183709	1	385579.6	19.998394	0.9985415	NA	NA	0.0	1.00243394	1.0024339	1	1	1:1	2	neutral	4174905
15	31160110	31170036	NA	9927	134	1.7134245	129	2	23.0	mappable	0.19799139	1.0	NA	0.005368140043	0.14285714286	0.07743294556	0.15063483	0.29349197	31160110	31160110	31169949	31170036	NA	missing	374939.0	20.398135	0.9157162	NA	NA	NA	NA	NA	NA	NA	NA	NA	NA	4174905
15	31170037	82479795	NA	51309762	689878	2.0048679	687680	28329	112063.0	mappable	0.078725	3.0	self	0.001539022558	3.276218e-05	0.00285812972	0.07808617	0.07811893	31170037	31170124	82479795	82479795	0.14667357	1	385579.6	19.998394	0.9985415	NA	NA	0.0	1.00243394	1.0024339	1	1	1:1	2	neutral	4174905
15	83211507	92709836	NA	9498330	138105	2.0048679	137627	6403	22311.0	mappable	0.07576786	3.0	NA	0.000106764382	0.00014532771	0.00413294556	0.0862841	0.08642942	83211507	83211507	92709620	92709836	0.16239807	1	385579.6	19.998394	0.9985415	NA	NA	0.0	1.00243394	1.0024339	1	1	1:1	2	neutral	4174905
15	92709837	92720009	NA	10173	185	2.2978355	185	0	37.0	mappable	NA	NA	NA	NA	inf	0.08066705444	0.15023522	inf	92709837	92710053	92719986	92720032	NA	missing	389282.0	NA	1.0818	NA	NA	NA	NA	NA	NA	NA	NA	NA	NA	4174905
15	92720009	102399920	NA	9679914	157479	2.0048679	157013	7922	25332.0	mappable	0.078725	3.0	edge	0.000773263634	0.00011921793	0.00557369321	0.08618252	0.08630174	92719986	92720032	102399920	102399920	0.14686663	1	385579.6	19.998394	0.9985415	NA	NA	0.0	1.00243394	1.0024339	1	1	1:1	2	neutral	4174905
16	100010	135037	NA	35028	513	2.2439941	513	19	80.0	mappable	0.13474783	7.0	edge	0.055916061705	0.05263157895	0.06836705444	0.13248349	0.18511507	100010	100010	129978	135037	NA	missing	343203.4	18.447123	1.0664988	NA	NA	NA	NA	NA	NA	NA	NA	NA	NA	4174905
16	135038	3727712	NA	3592679	54040	2.0048679	53717	2790	9115.0	mappable	0.08215	3.0	self	0.005371174947	0.00032144005	0.01076226643	0.09184158	0.09216302	135038	140097	3727712	3727712	0.17574492	1	385579.6	19.998394	0.9985415	NA	NA	0.0	1.00243394	1.0024339	1	1	1:1	2	neutral	4174905
16	3727713	3908017	DEL	180305	2746	1.7134245	2741	40	450.0	mappable	0.08126204	1.0	identical	0.003318235618	0.02222222222	0.09773294556	0.11454701	0.13676924	3727713	3727715	3907999	3908017	0.24718179	1	374939.0	20.398135	0.9157162	NA	NA	0.0	0.85671227	0.8567123	1	1	1:1	2	neutral	4174905
16	3908018	16289940	DEL	12381929	240112	2.0048679	239320	12211	39370.0	mappable	0.08215	3.0	self	0.004318826124	7.690533e-05	0.01416710212	0.0848834	0.08496031	3908018	3908055	16289940	16289940	0.14527993	1	385579.6	19.998394	0.9985415	NA	NA	0.0	1.00243394	1.0024339	1	1	1:1	2	neutral	4174905
16	16870104	18169896	NA	1299793	20466	2.0048679	20396	1113	3292.0	mappable	0.08336071	3.0	self	0.004528949904	0.00084530854	0.01723294556	0.09847438	0.09931969	16870104	16870104	18169896	18169896	0.16698663	1	385579.6	19.998394	0.9985415	NA	NA	0.0	1.00243394	1.0024339	1	1	1:1	2	neutral	4174905
16	18800044	29039945	NA	10239902	124977	2.0048679	124439	5415	21083.0	mappable	0.08215	3.0	self	0.002494681667	0.00016803899	0.01423658543	0.08588225	0.08605029	18800044	18800044	29039945	29039945	0.14999765	1	385579.6	19.998394	0.9985415	NA	NA	0.0	1.00243394	1.0024339	1	1	1:1	2	neutral	4174905
16	29670028	31959970	NA	2289943	17509	2.0048679	17461	446	3050.0	mappable	0.09651154	3.0	self	0.018924004849	0.0020242915	0.00063294556	0.09466613	0.09669042	29670028	29670028	31959970	31959970	0.25532865	1	385579.6	19.998394	0.9985415	NA	NA	0.0	1.00243394	1.0024339	1	1	1:1	2	neutral	4174905
16	32520030	32649899	NA	129870	3149	1.8400433	2918	0	372.0	mappable	NA	NA	NA	0.303725378475	0.00432900433	0.04943294556	0.11773911	0.12206812	32520030	32520030	32649899	32649899	NA	missing	777772.5	NA	0.9517	NA	NA	NA	NA	NA	NA	NA	NA	NA	NA	4174905
16	33590105	35159999	NA	1569895	13426	2.0048679	13350	86	2221.0	mappable	0.06030227	3.0	self	0.008162533612	0.00617283951	0.03113294556	0.09717117	0.10334401	33590105	33590105	35159937	35159999	0.20322604	1	385579.6	19.998394	0.9985415	NA	NA	0.0	1.00243394	1.0024339	1	1	1:1	2	neutral	4174905
16	35160000	35279959	NA	119960	2007	1.571561	2003	5	325.0	mappable	0.24264255	NA	NA	0.167136602965	0.11111111111	0.12573294556	0.11853823	0.22964934	35160000	35160062	35279959	35279959	NA	missing	370166.3	22.86321	0.8754	NA	NA	NA	NA	NA	NA	NA	NA	NA	NA	4174905
16	46450014	90109969	NA	43659963	702155	2.0048679	699846	29316	114776.0	mappable	0.08215	3.0	edge	0.004553410641	3.162055e-05	0.00509672279	0.0788028	0.07883442	46450014	46450014	90109969	90109969	0.14382713	1	385579.6	19.998394	0.9985415	NA	NA	0.0	1.00243394	1.0024339	1	1	1:1	2	neutral	4174905
17	20080	18239982	NA	18219905	231961	2.0048679	230963	11916	38541.0	mappable	0.08215	3.0	edge	0.003773672314	7.744734e-05	0.01179048325	0.08292214	0.08299958	20080	20080	18239982	18239982	0.15231059	1	385579.6	19.998394	0.9985415	NA	NA	0.0	1.00243394	1.0024339	1	1	1:1	2	neutral	4174905
17	18750212	22239986	NA	3489775	25802	2.0048679	25091	970	4282.0	mappable	0.08088333	3.0	self	0.000106764382	0.000594884	0.00513294556	0.09201874	0.09261363	18750212	18750212	22239986	22239986	0.13240723	1	385579.6	19.998394	0.9985415	NA	NA	0.0	1.00243394	1.0024339	1	1	1:1	2	neutral	4174905
17	25390040	44279982	NA	18889945	210893	2.0048679	210158	8215	35743.0	mappable	0.08215	3.0	self	0.002034388258	0.00011173184	0.00524793621	0.08274339	0.08285512	25390040	25390040	44279982	44279982	0.17465814	1	385579.6	19.998394	0.9985415	NA	NA	0.0	1.00243394	1.0024339	1	1	1:1	2	neutral	4174905
17	44790026	81129884	NA	36339862	475607	2.0048679	473722	21822	78629.0	mappable	0.08215	3.0	edge	0.003730615995	4.218163e-05	0.00701706354	0.07963353	0.07967571	44790026	44790026	81129884	81129884	0.16864951	1	385579.6	19.998394	0.9985415	NA	NA	0.0	1.00243394	1.0024339	1	1	1:1	2	neutral	4174905
18	130031	14119956	NA	13989926	212590	3.2989216	211937	10187	34181.0	mappable	0.27045714	5.0	edge	0.191693235618	9.225092e-05	0.36126705444	0.0842535	0.08434576	130031	130031	14119956	14119956	0.82795592	2	537626.3	34.005235	1.3662987	19.61864	0.6931094	0.3862188	1.01240796	2.2865136	2	1	2:1	3	gain	4174905
18	14119957	14910026	NA	790070	0	0.0	0	0	NA	mappable	NA	NA	NA	NA	inf	1.00113294556	0.10208446	inf	14119957	14119957	14910026	14910026	NA	missing	NA	NA	0.0	NA	NA	0.0	0.0	0.0	0	0	NA	0	homozygousDel	4174905
18	14910027	14929888	NA	19862	364	3.2989216	363	34	64.0	mappable	0.2538686	5.0	NA	0.186347886781	0.02857142857	0.36256705444	0.14007836	0.16864978	14910027	14910027	14929888	14929888	0.88883025	2	537626.3	34.005235	1.3662987	19.61864	0.6931094	0.3862188	1.01240796	2.2865136	2	1	2:1	3	gain	4174905
18	18540053	20220015	NA	1679963	17972	3.2989216	17926	376	3025.0	mappable	0.302775	5.0	NA	0.218841884267	0.00236966825	0.35256705444	0.09671181	0.09908148	18540053	18540053	20219984	20220015	0.84679218	2	537626.3	34.005235	1.3662987	19.61864	0.6931094	0.3862188	1.01240796	2.2865136	2	1	2:1	3	gain	4174905
18	20220016	20229982	NA	9967	158	3.6335614	158	0	22.0	mappable	NA	NA	NA	NA	inf	0.46026705444	0.15056903	inf	20220016	20220047	20229906	20230058	NA	missing	559946.0	NA	1.4614	NA	NA	NA	NA	NA	NA	NA	NA	NA	NA	4174905
18	20229982	47999985	NA	27770005	391989	3.2989216	390963	16014	62122.0	mappable	0.2671	5.0	NA	0.187086829637	5.868889e-05	0.36596078488	0.08088317	0.08094186	20229906	20230058	47999971	47999985	0.85197359	2	537626.3	34.005235	1.3662987	19.61864	0.6931094	0.3862188	1.01240796	2.2865136	2	1	2:1	3	gain	4174905
18	47999986	48010092	NA	10107	188	3.7419395	188	0	28.0	mappable	NA	NA	NA	NA	inf	0.49106705444	0.15034127	inf	47999986	48000000	48009999	48010185	NA	missing	555316.7	NA	1.4922	NA	NA	NA	NA	NA	NA	NA	NA	NA	NA	4174905
18	48010092	49660451	NA	1650361	24480	3.2989216	24405	1151	3821.0	mappable	0.28271944	5.0	NA	0.204938073651	0.00081566069	0.35960759366	0.0968319	0.09764756	48009999	48010185	49660423	49660479	0.84477332	2	537626.3	34.005235	1.3662987	19.61864	0.6931094	0.3862188	1.01240796	2.2865136	2	1	2:1	3	gain	4174905
18	49660451	49689998	NA	29548	476	2.9977193	456	0	71.0	mappable	NA	NA	NA	0.016397673473	0.05	0.27956705444	0.13467313	0.18467313	49660423	49660479	49689996	49690000	NA	missing	542814.7	NA	1.2807	NA	NA	NA	NA	NA	NA	NA	NA	NA	NA	4174905
18	49689998	57380048	NA	7690051	113176	3.2989216	112713	5917	17910.0	mappable	0.270525	5.0	NA	0.191693235618	0.00015673981	0.36716705444	0.08743337	0.08759011	49689996	49690000	57379971	57380048	0.86942503	2	537626.3	34.005235	1.3662987	19.61864	0.6931094	0.3862188	1.01240796	2.2865136	2	1	2:1	3	gain	4174905
18	57380049	57389978	NA	9930	184	3.7387726	184	0	32.0	mappable	NA	NA	NA	NA	inf	0.49016705444	0.15062988	inf	57380049	57380126	57389895	57390061	NA	missing	511336.7	NA	1.4913	NA	NA	NA	NA	NA	NA	NA	NA	NA	NA	4174905
18	57389978	60766049	NA	3376072	50000	3.2989216	49846	2554	7785.0	mappable	0.27565	5.0	NA	0.198543235618	0.00036927622	0.37706705444	0.09222151	0.09259079	57389895	57390061	60765998	60766049	0.86453555	2	537626.3	34.005235	1.3662987	19.61864	0.6931094	0.3862188	1.01240796	2.2865136	2	1	2:1	3	gain	4174905
18	60766050	60766050	CTX	1	0	0.0	0	0	NA	mappable	NA	NA	NA	NA	inf	1.00113294556	inf	inf	60766050	60766050	60766050	60766050	NA	missing	NA	NA	0.0	NA	NA	0.0	0.0	0.0	0	0	NA	0	homozygousDel	4174905
18	60766051	78009968	CTX	17243918	280168	2.0048679	279047	14592	44032.0	mappable	0.078725	3.0	edge	0.003318235618	6.364967e-05	0.00173294556	0.08319611	0.08325976	60766051	60766102	78009968	78009968	0.14753454	1	385579.6	19.998394	0.9985415	NA	NA	0.0	1.00243394	1.0024339	1	1	1:1	2	neutral	4174905
19	260137	24569972	NA	24309836	256125	2.0048679	254561	11689	43436.0	mappable	0.08215	3.0	edge	0.003318235618	7.547739e-05	0.02313294556	0.08151608	0.08159156	260137	260137	24569972	24569972	0.19019947	1	385579.6	19.998394	0.9985415	NA	NA	0.0	1.00243394	1.0024339	1	1	1:1	2	neutral	4174905
19	27750002	27760001	NA	10000	515	1.7134245	511	15	92.0	mappable	0.05988333	1.0	NA	0.009230838456	0.05263157895	0.09073294556	0.150515	0.20314658	27750002	27750002	27759970	27760001	NA	missing	374939.0	20.398135	0.9157162	NA	NA	NA	NA	NA	NA	NA	NA	NA	NA	4174905
19	27760002	27840009	NA	80008	2272	1.4294026	2229	17	382.0	mappable	0.178975	NA	NA	0.094599814566	0.01666666667	0.16613294556	0.12279086	0.13945753	27760002	27760033	27839998	27840009	NA	missing	362136.8	20.850302	0.835	NA	NA	NA	NA	NA	NA	NA	NA	NA	NA	4174905
19	27840010	43209995	NA	15369986	194876	2.0048679	194038	8822	32660.0	mappable	0.08215	3.0	NA	0.003318235618	0.00010351967	0.02463294556	0.0837745	0.08387802	27840010	27840021	43209995	43209995	0.13632978	1	385579.6	19.998394	0.9985415	NA	NA	0.0	1.00243394	1.0024339	1	1	1:1	2	neutral	4174905
19	43209996	43800005	NA	590010	0	0.0	0	0	NA	mappable	NA	NA	NA	NA	inf	1.00113294556	0.10432761	inf	43209996	43209996	43800005	43800005	NA	missing	NA	NA	0.0	NA	NA	0.0	0.0	0.0	0	0	NA	0	homozygousDel	4174905
19	43800006	59089999	NA	15289995	162457	2.0048679	161704	7333	27368.0	mappable	0.085575	3.0	edge	0.007740179271	0.00012370114	0.02303070374	0.08380093	0.08392463	43800006	43800006	59089999	59089999	0.20156343	1	385579.6	19.998394	0.9985415	NA	NA	0.0	1.00243394	1.0024339	1	1	1:1	2	neutral	4174905
20	60479	25729738	NA	25669265	400285	2.0048679	399023	19579	63805.0	mappable	0.078725	3.0	edge	0.001134318754	4.798695e-05	0.00047868247	0.08125609	0.08130408	60479	60479	25729738	25729738	0.14910207	1	385579.6	19.998394	0.9985415	NA	NA	0.0	1.00243394	1.0024339	1	1	1:1	2	neutral	4174905
20	29810057	29900048	NA	89992	2279	1.7134245	2219	65	401.0	mappable	0.07919891	1.0	NA	0.005043235618	0.008	0.10923294556	0.12152507	0.12952507	29810057	29810057	29899974	29900122	0.15918347	1	374939.0	20.398135	0.9157162	NA	NA	0.0	0.85671227	0.8567123	1	1	1:1	2	neutral	4174905
20	29900048	31989965	NA	2089918	27384	2.0048679	27282	1184	4638.0	mappable	0.0841	3.0	NA	0.005268235618	0.00077760498	0.01213294556	0.09526071	0.09603831	29899974	29900122	31989895	31990035	0.17114224	1	385579.6	19.998394	0.9985415	NA	NA	0.0	1.00243394	1.0024339	1	1	1:1	2	neutral	4174905
20	31989965	32000018	NA	10054	147	2.391083	147	0	27.0	mappable	NA	NA	NA	NA	inf	0.10716705444	0.15042704	inf	31989895	31990035	31999927	32000109	NA	missing	329200.0	NA	1.1083	NA	NA	NA	NA	NA	NA	NA	NA	NA	NA	4174905
20	32000018	41819991	NA	9819974	133704	2.0048679	133366	3850	22646.0	mappable	0.08215	3.0	NA	0.003318235618	0.00023877746	0.00813294556	0.08610562	0.0863444	31999927	32000109	41819950	41820032	0.16116953	1	385579.6	19.998394	0.9985415	NA	NA	0.0	1.00243394	1.0024339	1	1	1:1	2	neutral	4174905
20	41819991	41821394	NA	1404	17	1.3118756	17	0	0.0	mappable	NA	NA	NA	NA	inf	0.19953294556	0.19129004	inf	41819950	41820032	41821363	41821394	NA	missing	275568.8	NA	0.8016	NA	NA	NA	NA	NA	NA	NA	NA	NA	NA	4174905
20	41821395	52855019	DEL	11033625	162193	1.0096131	161466	7287	27115.0	mappable	0.38355	NA	NA	0.297868235618	0.00012481278	0.28543294556	0.08548688	0.08561169	41821395	41821421	52849973	52860065	0.88366958	2	250710.1	17.410426	0.7157	17.46525	0.9850234	0.9700468	0.01512058	0.9944926	1	0	1:0	1	LOH	4174905
20	52855019	52869961	NA	14943	195	1.3438965	195	0	28.0	mappable	NA	NA	NA	NA	inf	0.19043294556	0.14422541	inf	52849973	52860065	52869921	52869961	NA	missing	310016.0	NA	0.8107	NA	NA	NA	NA	NA	NA	NA	NA	NA	NA	4174905
20	52869962	59822002	NA	6952041	118207	1.0100723	117857	4858	19419.0	mappable	0.3904	NA	NA	0.308160766993	0.00019204916	0.28530240591	0.08799329	0.08818534	52869962	52870002	59821888	59822002	0.86884179	2	263236.1	18.280284	0.7158305	18.33451	0.9848913	0.9697826	0.0152609	0.9948114	1	0	1:0	1	LOH	4174905
20	59822003	62909989	DEL	3087988	52594	2.0048679	52235	2738	8858.0	mappable	0.085575	3.0	edge	0.005116139119	0.00032289312	0.01334876485	0.09277197	0.09309486	59822003	59822077	62909989	62909989	0.16458796	1	385579.6	19.998394	0.9985415	NA	NA	0.0	1.00243394	1.0024339	1	1	1:1	2	neutral	4174905
21	10720001	11179964	NA	459965	5133	1.5365063	4764	0	668.0	mappable	NA	NA	edge	0.142500730644	0.0027100271	0.13569513142	0.10631984	0.10902987	10720001	10720001	11179964	11179964	NA	missing	922711.2	NA	0.8654378	NA	NA	NA	NA	NA	NA	NA	NA	NA	NA	4174905
21	15410077	25350003	NA	9939928	164254	2.0048679	163496	8100	25020.0	mappable	0.078725	3.0	NA	0.000132832653	0.0001128923	0.00018834098	0.08604073	0.08615363	15410077	15410077	25349947	25350059	0.16965201	1	385579.6	19.998394	0.9985415	NA	NA	0.0	1.00243394	1.0024339	1	1	1:1	2	neutral	4174905
21	25350003	25360000	NA	9998	194	2.3031137	194	0	34.0	mappable	NA	NA	NA	NA	inf	0.08216705444	0.15051827	inf	25349947	25350059	25359997	25360000	NA	missing	428931.7	NA	1.0833	NA	NA	NA	NA	NA	NA	NA	NA	NA	NA	4174905
21	25360001	47389997	NA	22030000	338990	2.0048679	337290	17249	54503.0	mappable	0.08215	3.0	NA	0.004849246309	5.277602e-05	0.00056206412	0.08199085	0.08204362	25360001	25360004	47389993	47390001	0.1589682	1	385579.6	19.998394	0.9985415	NA	NA	0.0	1.00243394	1.0024339	1	1	1:1	2	neutral	4174905
21	47389997	47429994	NA	39998	837	2.1634185	822	26	176.0	mappable	0.229675	NA	NA	0.164043235618	0.0243902439	0.04246705444	0.13082464	0.15521488	47389993	47390001	47429918	47429994	NA	missing	264625.1	13.645136	1.0436	NA	NA	NA	NA	NA	NA	NA	NA	NA	NA	4174905
21	47429995	47449791	NA	19797	305	1.7134245	305	24	51.0	mappable	0.06995833	1.0	NA	0.008873431048	0.04166666667	0.09333294556	0.14012477	0.18179143	47429995	47430071	47449581	47450001	NA	missing	374939.0	20.398135	0.9157162	NA	NA	NA	NA	NA	NA	NA	NA	NA	NA	4174905
21	47449791	48099931	NA	650141	11364	2.0048679	11198	840	1932.0	mappable	0.08215	3.0	edge	0.003318235618	0.00099502488	0.01663294556	0.10357117	0.10456619	47449581	47450001	48099931	48099931	0.17815273	1	385579.6	19.998394	0.9985415	NA	NA	0.0	1.00243394	1.0024339	1	1	1:1	2	neutral	4174905
22	16850007	17412794	NA	562788	1926	1.7134245	1910	71	325.0	mappable	0.08237879	1.0	edge	0.003909902285	0.01149425287	0.08183294556	0.10469981	0.11619406	16850007	16850007	17412790	17412798	0.14162423	1	374939.0	20.398135	0.9157162	NA	NA	0.0	0.85671227	0.8567123	1	1	1:1	2	neutral	4174905
22	17412794	46339996	NA	28927203	362179	2.0048679	360695	15880	60805.0	mappable	0.08215	3.0	NA	0.003318235618	5.759373e-05	0.01003294556	0.08069096	0.08074856	17412790	17412798	46339988	46339996	0.16408371	1	385579.6	19.998394	0.9985415	NA	NA	0.0	1.00243394	1.0024339	1	1	1:1	2	neutral	4174905
22	46339997	46350000	NA	10004	238	1.6419365	238	0	38.0	mappable	NA	NA	NA	NA	inf	0.10573294556	0.15050846	inf	46339997	46340005	46349976	46350000	NA	missing	264955.6	NA	0.8954	NA	NA	NA	NA	NA	NA	NA	NA	NA	NA	4174905
22	46350001	51179984	NA	4829984	90875	2.0048679	90454	4389	15486.0	mappable	0.08215	3.0	edge	0.006743235618	0.00020802996	0.01993294556	0.09007554	0.09028357	46350001	46350025	51179984	51179984	0.17884042	1	385579.6	19.998394	0.9985415	NA	NA	0.0	1.00243394	1.0024339	1	1	1:1	2	neutral	4174905
23	2700027	29609975	NA	26909949	252854	1.0101022	252854	280	21594.0	mappable	0.1164	NA	NA	NA	NA	NA	NA	NA	2700027	2700027	29609951	29609975	0.09360921	1	199502.1	8.938266	1.0029	NA	NA	NA	NA	NA	1	NA	1	1	neutral	4174905
23	29609976	29630042	NA	20067	240	1.1422321	240	0	18.0	mappable	NA	NA	NA	NA	NA	NA	NA	NA	29609976	29610000	29629915	29630169	NA	missing	210802.4	NA	1.078	NA	NA	NA	NA	NA	1	NA	1	1	neutral	4174905
23	29630042	58499983	NA	28869942	236438	0.9972587	236438	273	20017.0	mappable	0.2397	NA	NA	NA	NA	NA	NA	NA	29629915	29630169	58499983	58499983	0.10917651	1	197964.2	9.426865	0.9956	NA	NA	NA	NA	NA	1	NA	1	1	neutral	4174905
23	61750000	61760138	NA	10139	302	0.9574966	302	0	32.0	mappable	NA	NA	NA	NA	NA	NA	NA	NA	61750000	61750000	61759995	61760281	NA	missing	198170.0	NA	0.973	NA	NA	NA	NA	NA	1	NA	1	1	neutral	4174905
23	61760138	61790091	NA	29954	650	0.749889	650	0	55.0	mappable	NA	NA	NA	NA	NA	NA	NA	NA	61759995	61760281	61779669	61790091	NA	missing	182879.1	NA	0.855	NA	NA	NA	NA	NA	1	NA	1	1	neutral	4174905
23	61790092	72705098	NA	10915007	90788	0.9675251	90788	87	7670.0	mappable	0.32875	NA	NA	NA	NA	NA	NA	NA	61790092	61800514	72699976	72705098	NA	missing	191731.0	6.972035	0.9787	NA	NA	NA	NA	NA	1	NA	1	1	neutral	4174905
23	72705099	72719979	NA	14881	168	1.1754845	168	0	17.0	mappable	NA	NA	NA	NA	NA	NA	NA	NA	72705099	72710221	72719921	72719979	NA	missing	197595.0	NA	1.0969	NA	NA	NA	NA	NA	1	NA	1	1	neutral	4174905
23	72719980	88459980	NA	15740001	153352	0.9691085	153352	171	12355.0	mappable	0.05475	NA	NA	NA	NA	NA	NA	NA	72719980	72720038	88459980	88459980	0.39059936	2	203499.5	9.430467	0.9796	NA	NA	NA	NA	NA	1	NA	1	1	neutral	4174905
23	88990017	89349936	NA	359920	1089	1.0224179	1089	1	72.0	mappable	1.0	NA	NA	NA	NA	NA	NA	NA	88990017	88990017	89349936	89349936	NA	missing	210701.2	21.070123	1.0099	NA	NA	NA	NA	NA	1	NA	1	1	neutral	4174905
23	89349937	90140198	NA	790262	0	0.0	0	0	NA	mappable	NA	NA	NA	NA	NA	NA	NA	NA	89349937	89349937	90140198	90140198	NA	missing	NA	NA	0.0	NA	NA	0.0	0.0	0.0	0	0	-1	0	homozygousDel	4174905
23	90140199	91529952	NA	1389754	5101	0.9747386	5101	8	404.0	mappable	0.40623333	NA	NA	NA	NA	NA	NA	NA	90140199	90140199	91529952	91529952	NA	missing	207833.9	10.020564	0.9828	NA	NA	NA	NA	NA	1	NA	1	1	neutral	4174905
23	91529953	92379999	NA	850047	0	0.0	0	0	NA	mappable	NA	NA	NA	NA	NA	NA	NA	NA	91529953	91529953	92379999	92379999	NA	missing	NA	NA	0.0	NA	NA	0.0	0.0	0.0	0	0	-1	0	homozygousDel	4174905
23	92380000	94350023	NA	1970024	22633	0.9854708	22633	11	1882.0	mappable	0.078725	NA	NA	NA	NA	NA	NA	NA	92380000	92380000	94349851	94350023	NA	missing	208835.8	9.944562	0.9889	NA	NA	NA	NA	NA	1	NA	1	1	neutral	4174905
23	94350024	94369936	NA	19913	248	1.2328405	248	0	30.0	mappable	NA	NA	NA	NA	NA	NA	NA	NA	94350024	94350196	94369837	94369936	NA	missing	220130.9	NA	1.1295	NA	NA	NA	NA	NA	1	NA	1	1	neutral	4174905
23	94369937	154929639	NA	60559703	542772	1.0002497	542772	610	45141.0	mappable	0.226	NA	NA	NA	NA	NA	NA	NA	94369937	94370036	154929639	154929639	0.05412357	1	200677.3	10.033867	0.9973	NA	NA	NA	NA	NA	1	NA	1	1	neutral	4174905
24	2653090	2919837	NA	266748	292	1.2961784	292	0	24.0	mappable	NA	NA	NA	NA	NA	NA	NA	NA	2653090	2653090	2919837	2919837	NA	missing	218821.9	NA	1.1655	NA	NA	NA	NA	NA	1	NA	1	1	neutral	4174905
24	3712028	3719919	NA	7892	141	1.2852702	141	0	7.0	mappable	NA	NA	NA	NA	NA	NA	NA	NA	3712028	3712028	3719919	3719919	NA	missing	251181.4	NA	1.1593	NA	NA	NA	NA	NA	1	NA	1	1	neutral	4174905
24	6420014	10069977	NA	3649964	6056	1.3980468	6056	29	603.0	mappable	0.18301667	NA	NA	NA	NA	NA	NA	NA	6420014	6420014	10069977	10069977	NA	missing	215833.1	8.829537	1.2234	NA	NA	NA	NA	NA	1	NA	1	1	neutral	4174905
24	13130467	19558992	NA	6428526	11907	1.1575388	11908	145	1439.0	mappable	0.1164	NA	NA	NA	NA	NA	NA	NA	13130467	13130467	19558992	19558992	0.39555265	2	231280.6	9.713783	1.0867	NA	NA	NA	NA	NA	1	NA	1	1	neutral	4174905
24	20802956	23808171	NA	3005216	2831	1.3406908	2831	4	252.0	mappable	0.21786786	NA	NA	NA	NA	NA	NA	NA	20802956	20802956	23808171	23808171	NA	missing	229380.4	8.328694	1.1908	NA	NA	NA	NA	NA	1	NA	1	1	neutral	4174905
24	24381338	24508205	NA	126868	227	1.5254264	227	0	13.0	mappable	NA	NA	NA	NA	NA	NA	NA	NA	24381338	24381338	24508205	24508205	NA	missing	249530.1	NA	1.2958	NA	NA	NA	NA	NA	2	NA	2	2	gain	4174905
24	28780461	28789809	NA	9349	78	0.9274111	78	16	18.0	mappable	0.33175438	NA	NA	NA	NA	NA	NA	NA	28780461	28780461	28789809	28789809	NA	missing	294364.3	9.812143	0.9559	NA	NA	NA	NA	NA	1	NA	1	1	neutral	4174905
