#chromosome	start	end	crest	length	tcnNbrOfLoci	tcnMean	tcnNbrOfSNPs	tcnNbrOfHets	dhNbrOfLoci	map	dhMax	cluster	neighbour	distDH	errorSNP	distTcn	errorLength	totalError	minStart	maxStart	minStop	maxStop	area	peaks	meanCovT	meanCovB	tcnMeanRaw	AF	BAF	dhMean	c1Mean	c2Mean	A	B	genotype	TCN	GNL	PID
1	840009	10320005	NA	9480001	137927	2.0005725	136901	6133	16037.0	mappable	0.08215	11.0	edge	3.184763e-06	0.00013968431	0.00648583426	0.08629447	0.08643416	840009	840009	10319992	10320005	0.19443258	1	368602.8	19.19432	0.9842847	NA	NA	0.0	1.000286269	1.0002863	1	1	1:1	2	neutral	4126692
1	10320006	10329998	NA	9993	131	2.5837932	131	0	16.0	mappable	NA	NA	NA	NA	inf	0.1304402346	0.15052644	inf	10320006	10320019	10329995	10330001	NA	missing	379566.7	NA	1.1163	NA	NA	NA	NA	NA	NA	NA	NA	NA	NA	4126692
1	10329998	12839977	NA	2509980	34015	2.0005725	33917	859	3981.0	mappable	0.09230833	11.0	NA	0.010905933811	0.00104493208	0.0046597654	0.09407672	0.09512165	10329995	10330001	12839977	12839977	0.26713765	1	368602.8	19.19432	0.9842847	NA	NA	0.0	1.000286269	1.0002863	1	1	1:1	2	neutral	4126692
1	13780016	62520059	NA	48740050	618949	2.0005725	616568	26809	68936.0	mappable	0.08215	11.0	NA	0.00171843437	3.425831e-05	0.00682493926	0.07831281	0.07834707	13780016	13780016	62519988	62520130	0.16740066	1	368602.8	19.19432	0.9842847	NA	NA	0.0	1.000286269	1.0002863	1	1	1:1	2	neutral	4126692
1	62520059	62544982	NA	24924	258	2.3226997	258	0	29.0	mappable	NA	NA	NA	NA	inf	0.0713402346	0.13693708	inf	62519988	62520130	62539914	62550050	NA	missing	379429.5	NA	1.0572	NA	NA	NA	NA	NA	NA	NA	NA	NA	NA	4126692
1	62544982	120529963	NA	57984986	773711	2.0005725	771036	35269	83324.0	mappable	0.08215	11.0	NA	0.000202028459	2.635602e-05	0.00154485972	0.07755192	0.07757827	62539914	62550050	120529963	120529963	0.15673113	1	368602.8	19.19432	0.9842847	NA	NA	0.0	1.000286269	1.0002863	1	1	1:1	2	neutral	4126692
1	121220004	121229986	NA	9983	177	1.7709132	174	0	15.0	mappable	NA	NA	NA	0.079528231108	0.33333333333	0.0535597654	0.15054281	0.48387614	121220004	121220004	121229986	121229986	NA	missing	360824.0	NA	0.9323	NA	NA	NA	NA	NA	NA	NA	NA	NA	NA	4126692
1	144010127	144019970	NA	9844	155	2.1738189	85	0	14.0	mappable	NA	NA	NA	0.23747594976	0.01428571429	0.0376402346	0.15077238	0.1650581	144010127	144010127	144019970	144019970	NA	missing	1145748.0	NA	1.0235	NA	NA	NA	NA	NA	NA	NA	NA	NA	NA	4126692
1	144920087	145739956	NA	819870	6368	2.0005725	5786	154	640.0	mappable	0.079325	11.0	self	0.017061658782	0.00135869565	0.0017402346	0.10180689	0.10316559	144920087	144920087	145739956	145739956	0.07966354	1	368602.8	19.19432	0.9842847	NA	NA	0.0	1.000286269	1.0002863	1	1	1:1	2	neutral	4126692
1	146540101	147829895	NA	1289795	11674	2.0005725	11609	753	1209.0	mappable	0.07591711	11.0	self	0.003244066189	0.00122249389	0.0138597654	0.09852843	0.09975092	146540101	146540101	147829895	147829895	0.15646926	1	368602.8	19.19432	0.9842847	NA	NA	0.0	1.000286269	1.0002863	1	1	1:1	2	neutral	4126692
1	149815060	177960008	NA	28144951	362963	1.9956975	361536	15854	39825.0	mappable	0.4589	5.0	NA	0.37665391582	5.786702e-05	0.00430459614	0.08081993	0.08087779	149815060	149815060	177959967	177960049	0.95553531	2	365669.6	26.3475	0.9831812	18.30159	0.9799655	0.95993102	0.039982781	1.9557147	2	0	2:0	2	cnLOH	4126692
1	177960008	177980035	NA	20028	344	1.7603104	343	0	36.0	mappable	NA	NA	NA	0.051666035886	1.0	0.0559597654	0.13996065	1.13996065	177959967	177960049	177979960	177980035	NA	missing	353790.7	NA	0.9299	NA	NA	NA	NA	NA	NA	NA	NA	NA	NA	4126692
1	177980036	184769991	NA	6789956	92337	1.9956975	92076	3821	10022.0	mappable	0.46814643	5.0	NA	0.383780933811	0.00024497795	0.0028402346	0.08812525	0.08837023	177980036	177980111	184769974	184770008	0.95095034	2	365669.6	26.3475	0.9831812	18.30159	0.9799655	0.95993102	0.039982781	1.9557147	2	0	2:0	2	cnLOH	4126692
1	184769991	184829980	NA	59990	599	2.3421447	597	27	69.0	mappable	0.28228981	9.0	NA	0.201190406745	0.03448275862	0.0792402346	0.12600462	0.16048737	184769974	184770008	184829956	184830004	NA	missing	335320.9	24.00888	1.0616015	NA	NA	NA	NA	NA	NA	NA	NA	NA	NA	4126692
1	184829980	205510006	NA	20680031	288296	1.9956975	287381	12795	31764.0	mappable	0.46575	5.0	NA	0.379000846134	7.293946e-05	0.00133408121	0.08229865	0.08237159	184829956	184830004	205509995	205510006	0.95987369	2	365669.6	26.3475	0.9831812	18.30159	0.9799655	0.95993102	0.039982781	1.9557147	2	0	2:0	2	cnLOH	4126692
1	205510007	205529995	NA	19989	291	1.5204061	288	0	51.0	mappable	NA	8.0	NA	0.070741227928	0.33333333333	0.0936597654	0.1399882	0.47332153	205510007	205510018	205529942	205530048	NA	missing	818484.7	NA	0.8755963	NA	NA	NA	NA	NA	NA	NA	NA	NA	NA	4126692
1	205529995	239920035	NA	34390041	472694	1.9956975	470866	20707	51840.0	mappable	0.4726	5.0	NA	0.391382506493	4.437739e-05	0.00247152544	0.0798866	0.07993098	205529942	205530048	239919984	239920086	0.93578543	2	365669.6	26.3475	0.9831812	18.30159	0.9799655	0.95993102	0.039982781	1.9557147	2	0	2:0	2	cnLOH	4126692
1	239920035	239940031	NA	19997	343	2.3982445	342	29	42.0	mappable	0.3491125	NA	NA	0.269263076668	0.03333333333	0.0884402346	0.13998254	0.17331588	239919984	239920086	239939967	239940031	NA	missing	385724.7	26.78644	1.0743	NA	NA	NA	NA	NA	NA	NA	NA	NA	NA	4126692
1	239940032	249209945	NA	9269915	126799	1.9956975	126185	6692	14622.0	mappable	0.45205	5.0	edge	0.370995156315	0.0001368738	0.00633654991	0.08641502	0.08655189	239940032	239940096	249209945	249209945	0.93854492	2	365669.6	26.3475	0.9831812	18.30159	0.9799655	0.95993102	0.039982781	1.9557147	2	0	2:0	2	cnLOH	4126692
2	20016	2257498	NA	2237483	38442	2.0005725	38039	2193	5171.0	mappable	0.078725	11.0	edge	0.000180933811	0.00038520801	0.0001402346	0.09481618	0.09520139	20016	20016	2257400	2257498	0.18097466	1	368602.8	19.19432	0.9842847	NA	NA	0.0	1.000286269	1.0002863	1	1	1:1	2	neutral	4126692
2	2257499	13770024	CTX	11512526	180248	2.0005725	179461	9438	19862.0	mappable	0.08215	11.0	NA	0.002411277844	9.779951e-05	0.00229470456	0.08526348	0.08536128	2257499	2257605	13769990	13770024	0.16952414	1	368602.8	19.19432	0.9842847	NA	NA	0.0	1.000286269	1.0002863	1	1	1:1	2	neutral	4126692
2	13770025	13800006	NA	29982	493	2.2193225	493	0	47.0	mappable	NA	NA	NA	NA	inf	0.0479402346	0.13448263	inf	13770025	13770059	13799974	13800006	NA	missing	390275.8	NA	1.0338	NA	NA	NA	NA	NA	NA	NA	NA	NA	NA	4126692
2	13800007	85499889	NA	71699905	1072180	2.0005725	1068605	48511	116580.0	mappable	0.08215	11.0	NA	0.001034314555	1.920012e-05	0.0001863461	0.07664166	0.07666086	13800007	13800039	85499774	85500004	0.14724769	1	368602.8	19.19432	0.9842847	NA	NA	0.0	1.000286269	1.0002863	1	1	1:1	2	neutral	4126692
2	85499889	85549999	NA	50111	759	2.2330178	759	0	91.0	mappable	NA	NA	NA	NA	inf	0.0510402346	0.12809969	inf	85499774	85500004	85549913	85550085	NA	missing	360363.8	NA	1.0369	NA	NA	NA	NA	NA	NA	NA	NA	NA	NA	4126692
2	85549999	87059860	NA	1509862	19359	2.0005725	19319	380	2263.0	mappable	0.08175	11.0	NA	0.004029780475	0.00238095238	0.0060597654	0.09743747	0.09981842	85549913	85550085	87059860	87059860	0.16933596	1	368602.8	19.19432	0.9842847	NA	NA	0.0	1.000286269	1.0002863	1	1	1:1	2	neutral	4126692
2	88330099	89197299	NA	867201	11602	2.0005725	11588	121	1375.0	mappable	0.067175	11.0	self	0.013421338917	0.00740740741	0.0231597654	0.10138899	0.1087964	88330099	88330099	89197190	89197299	0.29641695	1	368602.8	19.19432	0.9842847	NA	NA	0.0	1.000286269	1.0002863	1	1	1:1	2	neutral	4126692
2	89197300	89229990	DEL	32691	275	1.6507483	273	0	31.0	mappable	NA	NA	NA	0.282736816164	0.5	0.0807597654	0.13336351	0.63336351	89197300	89197396	89229990	89229990	NA	missing	348078.0	NA	0.9051	NA	NA	NA	NA	NA	NA	NA	NA	NA	NA	4126692
2	89229991	89495564	NA	265574	0	0.0	0	0	NA	mappable	NA	NA	NA	NA	inf	0.9858597654	0.11099546	inf	89229991	89229991	89495564	89495564	NA	missing	NA	NA	0.0	NA	NA	0.0	0.0	0.0	0	0	NA	0	homozygousDel	4126692
2	89840102	90239998	NA	399897	914	2.0005725	902	2	144.0	mappable	0.06995231	11.0	NA	0.020311713248	0.07142857143	0.0281597654	0.10747332	0.1789019	89840102	89840102	90239998	90239998	NA	missing	368602.8	19.19432	0.9842847	NA	NA	NA	NA	NA	NA	NA	NA	NA	NA	4126692
2	90239999	90249395	NA	9397	0	0.0	0	0	NA	mappable	NA	NA	NA	NA	inf	0.9858597654	0.15153829	inf	90239999	90239999	90249395	90249395	NA	missing	NA	NA	0.0	NA	NA	0.0	0.0	0.0	0	0	NA	0	homozygousDel	4126692
2	95580145	96239991	NA	659847	4444	2.0005725	4432	108	475.0	mappable	0.08307763	11.0	NA	0.001263803031	0.00833333333	0.0014597654	0.10345663	0.11178996	95580145	95580145	96239991	96239991	0.10804245	1	368602.8	19.19432	0.9842847	NA	NA	0.0	1.000286269	1.0002863	1	1	1:1	2	neutral	4126692
2	96239992	96740020	NA	500029	0	0.0	0	0	NA	mappable	NA	NA	NA	NA	inf	0.9858597654	0.10564318	inf	96239992	96239992	96740020	96740020	NA	missing	NA	NA	0.0	NA	NA	0.0	0.0	0.0	0	0	NA	0	homozygousDel	4126692
2	96740021	123550011	NA	26809993	332408	2.0005725	331486	12953	36380.0	mappable	0.078725	11.0	NA	0.002838887811	7.207207e-05	0.00081530437	0.08104953	0.08112161	96740021	96740021	123549993	123550011	0.1482864	1	368602.8	19.19432	0.9842847	NA	NA	0.0	1.000286269	1.0002863	1	1	1:1	2	neutral	4126692
2	123550012	123570030	NA	20019	352	1.789468	352	0	43.0	mappable	NA	NA	NA	NA	inf	0.0493597654	0.139967	inf	123550012	123550030	123569959	123570030	NA	missing	372083.7	NA	0.9365	NA	NA	NA	NA	NA	NA	NA	NA	NA	NA	4126692
2	123570031	131590001	NA	8019971	111211	2.0005725	110832	6198	11926.0	mappable	0.08255833	11.0	NA	0.000180933811	0.00015204501	0.0014597654	0.08720234	0.08735438	123570031	123570102	131589999	131590001	0.12649091	1	368602.8	19.19432	0.9842847	NA	NA	0.0	1.000286269	1.0002863	1	1	1:1	2	neutral	4126692
2	131590002	131615686	NA	25685	339	2.4044007	337	29	25.0	mappable	0.1219	2.0	NA	0.041480933811	0.03225806452	0.0863402346	0.13653146	0.16878952	131590002	131590004	131609913	131615686	NA	missing	350947.9	18.63304	1.0756935	NA	NA	NA	NA	NA	NA	NA	NA	NA	NA	4126692
2	131615687	132189994	NA	574308	4124	1.9454173	4111	200	452.0	mappable	0.13312045	NA	NA	0.061743113298	0.00469483568	0.0140597654	0.10453982	0.10923466	131615687	131621460	132189994	132189994	0.1275673	1	353518.7	18.41372	0.9718	NA	NA	0.0	0.972708652	0.9727087	1	1	1:1	2	neutral	4126692
2	132189995	133009999	NA	820005	0	0.0	0	0	NA	mappable	NA	NA	NA	NA	inf	0.9858597654	0.10180566	inf	132189995	132189995	133009999	133009999	NA	missing	NA	NA	0.0	NA	NA	0.0	0.0	0.0	0	0	NA	0	homozygousDel	4126692
2	133010000	242999969	NA	109989981	1504049	2.0005725	1498830	64523	164677.0	mappable	0.078725	11.0	edge	0.001016181445	1.433856e-05	0.00152760995	0.07487048	0.07488482	133010000	133010000	242999969	242999969	0.17010489	1	368602.8	19.19432	0.9842847	NA	NA	0.0	1.000286269	1.0002863	1	1	1:1	2	neutral	4126692
3	100074	82450029	NA	82349974	1187920	2.0005725	1183887	55275	127597.0	mappable	0.08215	11.0	edge	0.001249145028	1.686142e-05	0.00030004412	0.07605932	0.07607618	100074	100074	82449998	82450029	0.15884503	1	368602.8	19.19432	0.9842847	NA	NA	0.0	1.000286269	1.0002863	1	1	1:1	2	neutral	4126692
3	82450030	82459970	NA	9941	136	2.5351971	136	0	18.0	mappable	NA	NA	NA	NA	inf	0.1194402346	0.15061176	inf	82450030	82450061	82459901	82460039	NA	missing	411605.7	NA	1.1053	NA	NA	NA	NA	NA	NA	NA	NA	NA	NA	4126692
3	82459970	90499969	NA	8040000	115360	2.0005725	114988	6071	12783.0	mappable	0.08425588	11.0	NA	0.001908187137	0.0001552072	0.00098220472	0.08718866	0.08734386	82459901	82460039	90499969	90499969	0.12986679	1	368602.8	19.19432	0.9842847	NA	NA	0.0	1.000286269	1.0002863	1	1	1:1	2	neutral	4126692
3	93570175	136700094	NA	43129923	582751	2.0005725	580770	26900	62759.0	mappable	0.08215	11.0	self	5.5822653e-05	3.462724e-05	0.00101337064	0.07885756	0.07889218	93570175	93570175	136699893	136700094	0.15526066	1	368602.8	19.19432	0.9842847	NA	NA	0.0	1.000286269	1.0002863	1	1	1:1	2	neutral	4126692
3	136700095	144940059	NA	8239965	110174	2.9950592	109902	3841	12020.0	mappable	0.160925	1.0	NA	0.082380933811	0.00024319066	0.2256402346	0.08705415	0.08729734	136700095	136700296	144939888	144940230	0.65477428	2	454114.1	26.84077	1.2093924	18.47699	0.6624382	0.32487647	1.011017465	1.9840417	2	1	2:1	3	gain	4126692
3	144940059	144959989	NA	19931	288	3.4527796	288	2	36.0	mappable	0.34484228	NA	NA	0.262873218551	0.5	0.3271402346	0.14002929	0.64002929	144939888	144940230	144959960	144959989	NA	missing	491973.0	33.0813	1.313	NA	NA	NA	NA	NA	NA	NA	NA	NA	NA	4126692
3	144959990	149861369	NA	4901380	68903	2.9950592	68732	3449	7346.0	mappable	0.14299643	1.0	NA	0.061830933811	0.00027624309	0.2227402346	0.08998974	0.09026598	144959990	144960019	149861195	149861543	0.66565317	2	454114.1	26.84077	1.2093924	18.47699	0.6624382	0.32487647	1.011017465	1.9840417	2	1	2:1	3	gain	4126692
3	149861369	149900011	NA	38643	553	3.4016644	544	37	54.0	mappable	0.15180106	4.0	NA	0.068830933811	0.02173913043	0.3088402346	0.13125151	0.15299064	149861195	149861543	149899955	149900011	0.79944735	2	463668.1	26.77382	1.3014298	17.53154	0.6308808	0.26176157	1.255619699	2.1460447	2	1	2:1	3	gain	4126692
3	149900012	151524983	NA	1624972	21970	2.9950592	21892	983	2317.0	mappable	0.1186	1.0	NA	0.037855933811	0.00094250707	0.2290402346	0.09693688	0.09787938	149900012	149900068	151519959	151530007	0.65917872	2	454114.1	26.84077	1.2093924	18.47699	0.6624382	0.32487647	1.011017465	1.9840417	2	1	2:1	3	gain	4126692
3	151524983	151569931	NA	44949	750	3.4523378	742	82	75.0	mappable	0.21409734	NA	NA	0.127618699768	0.01111111111	0.3270402346	0.12939957	0.14051069	151519959	151530007	151569847	151570015	0.71987147	2	480723.5	28.84341	1.3129	18.01761	0.6680068	0.33601369	1.146152504	2.3061853	sub	1	sub:1	sub	sub	4126692
3	151569931	164410019	NA	12840091	170543	2.9950592	169961	10037	18237.0	mappable	0.14896829	1.0	NA	0.066993977979	9.417083e-05	0.22394121676	0.08469497	0.08478914	151569847	151570015	164409984	164410054	0.67104219	2	454114.1	26.84077	1.2093924	18.47699	0.6624382	0.32487647	1.011017465	1.9840417	2	1	2:1	3	gain	4126692
3	164410019	164440056	NA	30038	331	3.4016644	329	39	35.0	mappable	0.117225	4.0	NA	0.066055933811	0.0243902439	0.3195402346	0.13445829	0.15884853	164409984	164410054	164439976	164440136	0.69306853	2	463668.1	26.77382	1.3014298	17.53154	0.6308808	0.26176157	1.255619699	2.1460447	2	1	2:1	3	gain	4126692
3	164440056	170499966	NA	6059911	82934	2.9950592	82692	3638	9034.0	mappable	0.1569181	1.0	NA	0.078466744622	0.00025773196	0.2289402346	0.08876712	0.08902485	164439976	164440136	170499852	170499966	0.66745305	2	454114.1	26.84077	1.2093924	18.47699	0.6624382	0.32487647	1.011017465	1.9840417	2	1	2:1	3	gain	4126692
3	170499967	170530057	NA	30091	425	2.6831943	425	38	42.0	mappable	0.09130315	NA	NA	0.009334086964	0.02631578947	0.1529402346	0.1344353	0.16075109	170499967	170500081	170529956	170530158	0.64581185	2	453146.0	26.10678	1.1388	19.58052	0.6427314	0.28546276	0.958621113	1.7245731	2	1	2:1	3	gain	4126692
3	170530057	176279982	NA	5749927	82231	2.9950592	81999	4449	8910.0	mappable	0.15795	1.0	NA	0.078765898785	0.00021362957	0.2245375434	0.08906658	0.08928021	170529956	170530158	176279937	176280027	0.66234055	2	454114.1	26.84077	1.2093924	18.47699	0.6624382	0.32487647	1.011017465	1.9840417	2	1	2:1	3	gain	4126692
3	176279982	176290024	NA	10043	215	3.6833901	214	11	26.0	mappable	0.10379722	NA	NA	0.021424683811	0.08333333333	0.3793402346	0.15044491	0.23377824	176279937	176280027	176289980	176290068	NA	missing	509894.0	28.4592	1.3652	NA	NA	NA	NA	NA	NA	NA	NA	NA	NA	4126692
3	176290024	192610029	NA	16320006	226820	2.9950592	225944	10505	25230.0	mappable	0.16095833	1.0	NA	0.073183600536	8.786574e-05	0.22632065961	0.08347197	0.08355984	176289980	176290068	192609995	192610029	0.66553186	2	454114.1	26.84077	1.2093924	18.47699	0.6624382	0.32487647	1.011017465	1.9840417	2	1	2:1	3	gain	4126692
3	192610030	192630003	NA	19974	321	3.2442582	320	65	26.0	mappable	0.14315497	NA	NA	0.056815436735	0.01515151515	0.2799402346	0.13999881	0.15515033	192610030	192610064	192629996	192630003	0.75037849	2	447219.5	26.02005	1.2658	17.38558	0.6410289	0.2820578	1.16459492	2.0796633	2	1	2:1	3	gain	4126692
3	192630004	197779892	NA	5149889	70926	2.9950592	70501	3668	8204.0	mappable	0.1575	1.0	edge	0.072105933811	0.00024437928	0.2228402346	0.08970175	0.08994613	192630004	192630011	197779892	197779892	0.648085	2	454114.1	26.84077	1.2093924	18.47699	0.6624382	0.32487647	1.011017465	1.9840417	2	1	2:1	3	gain	4126692
4	50084	8939952	NA	8889872	145715	2.0005725	144551	6985	16643.0	mappable	0.078725	11.0	edge	0.00199386371	0.00012271444	0.00640940957	0.08664111	0.08676382	50084	50084	8939952	8939952	0.18105412	1	368602.8	19.19432	0.9842847	NA	NA	0.0	1.000286269	1.0002863	1	1	1:1	2	neutral	4126692
4	9800043	49075015	NA	39274981	598530	2.0005725	596649	28391	64236.0	mappable	0.08215	11.0	self	0.00113657567	3.303383e-05	0.00101541262	0.0792798	0.07931283	9800043	9800043	49069999	49080031	0.14992387	1	368602.8	19.19432	0.9842847	NA	NA	0.0	1.000286269	1.0002863	1	1	1:1	2	neutral	4126692
4	49075015	49089961	NA	14947	196	2.7516706	191	13	16.0	mappable	0.115475	NA	NA	0.041541460126	0.05555555556	0.1684402346	0.14422139	0.19977695	49069999	49080031	49089961	49089961	NA	missing	400840.0	20.042	1.1543	NA	NA	NA	NA	NA	NA	NA	NA	NA	NA	4126692
4	52680564	106002368	NA	53321807	729149	2.0005725	726802	33700	78887.0	mappable	0.078725	11.0	self	0.002395683693	2.774233e-05	0.00122910546	0.07791736	0.0779451	52680564	52680564	106002358	106002368	0.1562039	1	368602.8	19.19432	0.9842847	NA	NA	0.0	1.000286269	1.0002863	1	1	1:1	2	neutral	4126692
4	106002369	114880026	CTX	8877658	114315	2.0005725	113900	4783	12528.0	mappable	0.08215	11.0	NA	0.000180933811	0.00019238169	0.0013402346	0.08664855	0.08684093	106002369	106002451	114879964	114880088	0.16353223	1	368602.8	19.19432	0.9842847	NA	NA	0.0	1.000286269	1.0002863	1	1	1:1	2	neutral	4126692
4	114880026	114899776	NA	19751	330	1.6131968	330	0	35.0	mappable	NA	NA	NA	NA	inf	0.0892597654	0.14015772	inf	114879964	114880088	114899495	114899776	NA	missing	361655.6	NA	0.8966	NA	NA	NA	NA	NA	NA	NA	NA	NA	NA	4126692
4	114899777	161469934	NA	46570163	624106	2.0005725	622261	27852	67139.0	mappable	0.078725	11.0	NA	0.00242731957	3.36757e-05	0.00029148821	0.07851481	0.07854848	114899777	114900058	161469833	161469934	0.15788588	1	368602.8	19.19432	0.9842847	NA	NA	0.0	1.000286269	1.0002863	1	1	1:1	2	neutral	4126692
4	161469935	161490026	NA	20092	310	1.6357277	310	0	36.0	mappable	NA	NA	NA	NA	inf	0.0841597654	0.13991558	inf	161469935	161470036	161489952	161490100	NA	missing	375793.0	NA	0.9017	NA	NA	NA	NA	NA	NA	NA	NA	NA	NA	4126692
4	161490026	168710009	NA	7219986	105719	2.0005725	105337	5121	11338.0	mappable	0.08215	11.0	NA	0.000150360746	0.00018171906	0.00318196788	0.08778258	0.0879643	161489952	161490100	168709924	168710009	0.17074416	1	368602.8	19.19432	0.9842847	NA	NA	0.0	1.000286269	1.0002863	1	1	1:1	2	neutral	4126692
4	168710010	168719989	NA	9980	179	2.8205887	179	0	23.0	mappable	NA	NA	NA	NA	inf	0.1840402346	0.15054772	inf	168710010	168710095	168719949	168719989	NA	missing	427275.7	NA	1.1699	NA	NA	NA	NA	NA	NA	NA	NA	NA	NA	4126692
4	168719990	170889976	NA	2169987	29257	2.0005725	29154	1081	3249.0	mappable	0.0894	11.0	NA	0.007513076668	0.00084459459	0.0039402346	0.09501524	0.09585983	168719990	168720030	170889928	170889976	0.18771329	1	368602.8	19.19432	0.9842847	NA	NA	0.0	1.000286269	1.0002863	1	1	1:1	2	neutral	4126692
4	170889977	170900001	NA	10025	178	2.429611	178	0	16.0	mappable	NA	NA	NA	NA	inf	0.0955402346	0.1504742	inf	170889977	170890025	170899970	170900032	NA	missing	390402.5	NA	1.0814	NA	NA	NA	NA	NA	NA	NA	NA	NA	NA	4126692
4	170900001	190939997	NA	20039998	317987	2.0005725	316368	17022	35577.0	mappable	0.078725	11.0	edge	0.002073289878	5.364807e-05	0.00282297321	0.08245254	0.08250619	170899970	170900032	190939997	190939997	0.17013881	1	368602.8	19.19432	0.9842847	NA	NA	0.0	1.000286269	1.0002863	1	1	1:1	2	neutral	4126692
5	50017	34434991	NA	34384976	518632	2.0005725	516645	24925	57073.0	mappable	0.08215	11.0	edge	6.5774011e-05	3.716091e-05	2.569559e-05	0.07988728	0.07992444	50017	50017	34419945	34434991	0.16851129	1	368602.8	19.19432	0.9842847	NA	NA	0.0	1.000286269	1.0002863	1	1	1:1	2	neutral	4126692
5	34434992	34480005	NA	45014	433	1.4219049	432	2	48.0	mappable	0.04554865	NA	identical	0.024586923332	0.33333333333	0.1325597654	0.12938212	0.46271546	34434992	34450038	34479925	34480005	NA	missing	341951.7	17.87636	0.8533	NA	NA	NA	NA	NA	NA	NA	NA	NA	NA	4126692
5	34480006	46399990	NA	11919986	170265	2.0005725	169735	6891	18612.0	mappable	0.078725	11.0	self	0.00072635444	0.00013475273	0.00138489146	0.08508148	0.08521623	34480006	34480086	46399990	46399990	0.17603018	1	368602.8	19.19432	0.9842847	NA	NA	0.0	1.000286269	1.0002863	1	1	1:1	2	neutral	4126692
5	49470005	68829703	NA	19359702	256638	2.0005725	255728	13899	27517.0	mappable	0.08215	11.0	self	0.00079262378	6.75265e-05	0.00114948148	0.08262225	0.08268978	49470005	49470005	68829703	68829703	0.14808946	1	368602.8	19.19432	0.9842847	NA	NA	0.0	1.000286269	1.0002863	1	1	1:1	2	neutral	4126692
5	70750153	130699929	NA	59949779	847735	2.0005725	845207	38943	91334.0	mappable	0.08215	11.0	NA	0.000713726561	2.411382e-05	0.00139115134	0.07740762	0.07743173	70750153	70750153	130699811	130699929	0.14122611	1	368602.8	19.19432	0.9842847	NA	NA	0.0	1.000286269	1.0002863	1	1	1:1	2	neutral	4126692
5	130699930	130710019	NA	10090	138	2.689821	138	0	18.0	mappable	NA	NA	NA	NA	inf	0.1544402346	0.15036872	inf	130699930	130700048	130709988	130710050	NA	missing	413088.3	NA	1.1403	NA	NA	NA	NA	NA	NA	NA	NA	NA	NA	4126692
5	130710019	179319995	NA	48609984	664227	2.0005725	661901	30562	72156.0	mappable	0.08215	11.0	NA	0.001113058038	3.0409e-05	0.00261703001	0.07832464	0.07835505	130709988	130710050	179319943	179320047	0.15787936	1	368602.8	19.19432	0.9842847	NA	NA	0.0	1.000286269	1.0002863	1	1	1:1	2	neutral	4126692
5	179319995	179330015	NA	10021	183	1.474477	183	0	23.0	mappable	NA	NA	NA	NA	inf	0.1206597654	0.15048072	inf	179319943	179320047	179329970	179330060	NA	missing	318428.0	NA	0.8652	NA	NA	NA	NA	NA	NA	NA	NA	NA	NA	4126692
5	179330015	180689979	NA	1359965	18174	2.0005725	18090	669	2142.0	mappable	0.08240093	11.0	edge	0.000180933811	0.00132802125	0.0199597654	0.09815884	0.09948687	179329970	179330060	180689979	180689979	0.19138928	1	368602.8	19.19432	0.9842847	NA	NA	0.0	1.000286269	1.0002863	1	1	1:1	2	neutral	4126692
6	201976	38400027	NA	38198058	576240	2.0005725	572304	28369	63986.0	mappable	0.08215	11.0	edge	0.00096535569	3.095496e-05	0.00099671684	0.07940606	0.07943701	201976	201976	38399989	38400065	0.19265766	1	368602.8	19.19432	0.9842847	NA	NA	0.0	1.000286269	1.0002863	1	1	1:1	2	neutral	4126692
6	38400027	38420050	NA	20024	342	2.2409699	342	0	42.0	mappable	NA	NA	NA	NA	inf	0.0528402346	0.13996347	inf	38399989	38400065	38419975	38420125	NA	missing	377582.3	NA	1.0387	NA	NA	NA	NA	NA	NA	NA	NA	NA	NA	4126692
6	38420050	58019982	NA	19599935	282682	2.0005725	280146	11760	30918.0	mappable	0.08215	11.0	NA	0.000900543526	6.994964e-05	0.00244921927	0.08256157	0.08263152	38419975	38420125	58019982	58019982	0.14280961	1	368602.8	19.19432	0.9842847	NA	NA	0.0	1.000286269	1.0002863	1	1	1:1	2	neutral	4126692
6	58610011	58769997	NA	159987	572	2.0005725	571	21	77.0	mappable	0.09904397	11.0	self	0.020476623466	0.04545454545	0.0082402346	0.11568989	0.16114444	58610011	58610011	58769997	58769997	NA	missing	368602.8	19.19432	0.9842847	NA	NA	NA	NA	NA	NA	NA	NA	NA	NA	4126692
6	61890002	67530018	NA	5640017	83455	2.0005725	83102	5093	8973.0	mappable	0.078725	11.0	self	0.003244066189	0.00018362101	0.0022402346	0.08917716	0.08936078	61890002	61890002	67529983	67530018	0.1585346	1	368602.8	19.19432	0.9842847	NA	NA	0.0	1.000286269	1.0002863	1	1	1:1	2	neutral	4126692
6	67530019	67550049	NA	20031	401	1.5420698	397	42	51.0	mappable	0.11600251	NA	NA	0.027631537675	0.02173913043	0.1053597654	0.13995853	0.16169766	67530019	67530054	67549984	67550114	0.12641724	1	374514.8	20.07007	0.8805	NA	NA	0.0	0.771034891	0.7710349	1	1	1:1	2	neutral	4126692
6	67550049	67570001	NA	19953	387	2.391369	368	25	28.0	mappable	0.06432717	7.0	NA	0.00273975734	0.02272727273	0.0777402346	0.14001368	0.16274096	67549984	67550114	67569990	67570001	NA	missing	393703.1	21.88122	1.0727437	NA	NA	NA	NA	NA	NA	NA	NA	NA	NA	4126692
6	67570002	87360002	NA	19790004	276005	2.0005725	275154	11803	29860.0	mappable	0.078725	11.0	NA	0.001771331838	7.902639e-05	0.00257224053	0.08251414	0.08259317	67570002	67570013	87359985	87360019	0.15207254	1	368602.8	19.19432	0.9842847	NA	NA	0.0	1.000286269	1.0002863	1	1	1:1	2	neutral	4126692
6	87360002	87380046	NA	20045	212	1.3202949	212	0	17.0	mappable	NA	NA	NA	NA	inf	0.1555597654	0.13994866	inf	87359985	87360019	87369981	87390111	NA	missing	358702.9	NA	0.8303	NA	NA	NA	NA	NA	NA	NA	NA	NA	NA	4126692
6	87380046	109855058	NA	22475015	304606	2.0005725	303590	13446	33139.0	mappable	0.08215	11.0	NA	0.000188023358	6.914673e-05	0.00142394569	0.08189398	0.08196313	87369981	87390111	109849949	109860167	0.15927347	1	368602.8	19.19432	0.9842847	NA	NA	0.0	1.000286269	1.0002863	1	1	1:1	2	neutral	4126692
6	109855058	109914996	NA	59939	563	1.7315945	563	0	61.0	mappable	NA	NA	NA	NA	inf	0.0624597654	0.12601436	inf	109849949	109860167	109909917	109914996	NA	missing	359479.2	NA	0.9234	NA	NA	NA	NA	NA	NA	NA	NA	NA	NA	4126692
6	109914997	170899935	NA	60984942	873430	2.0005725	870076	41884	96806.0	mappable	0.08215	11.0	edge	0.000987667591	2.21058e-05	0.00253859005	0.07733369	0.0773558	109914997	109920076	170899935	170899935	0.16251996	1	368602.8	19.19432	0.9842847	NA	NA	0.0	1.000286269	1.0002863	1	1	1:1	2	neutral	4126692
7	40386	30759922	NA	30719544	494692	2.0005725	492827	23830	54000.0	mappable	0.078725	11.0	edge	0.001902775574	3.891959e-05	0.00100581885	0.0804096	0.08044851	40386	40386	30759784	30759922	0.14914017	1	368602.8	19.19432	0.9842847	NA	NA	0.0	1.000286269	1.0002863	1	1	1:1	2	neutral	4126692
7	30759923	30770005	NA	10083	171	2.5268032	171	0	18.0	mappable	NA	NA	NA	NA	inf	0.1175402346	0.15038004	inf	30759923	30760061	30769947	30770005	NA	missing	366058.8	NA	1.1034	NA	NA	NA	NA	NA	NA	NA	NA	NA	NA	4126692
7	30770006	57999988	NA	27229984	360288	2.0005725	359123	18573	38438.0	mappable	0.08215	11.0	NA	0.001740268382	5.066369e-05	0.00289645604	0.08097595	0.08102661	30770006	30770064	57999988	57999988	0.15377505	1	368602.8	19.19432	0.9842847	NA	NA	0.0	1.000286269	1.0002863	1	1	1:1	2	neutral	4126692
7	61530139	72229988	NA	10699850	114105	2.0005725	113414	4082	14380.0	mappable	0.08251389	11.0	self	0.001901002996	0.00020951184	0.00951691188	0.08564912	0.08585863	61530139	61530139	72229988	72229988	0.21111355	1	368602.8	19.19432	0.9842847	NA	NA	0.0	1.000286269	1.0002863	1	1	1:1	2	neutral	4126692
7	72750118	74139961	NA	1389844	10265	2.0005725	10208	490	1288.0	mappable	0.07385603	11.0	self	0.004927399523	0.00182815356	0.0159597654	0.09800803	0.09983618	72750118	72750118	74139961	74139961	0.2061344	1	368602.8	19.19432	0.9842847	NA	NA	0.0	1.000286269	1.0002863	1	1	1:1	2	neutral	4126692
7	75160045	76059952	NA	899908	8425	2.0005725	8371	250	1117.0	mappable	0.08645921	11.0	self	0.012805933811	0.00328947368	0.0052402346	0.10111521	0.10440468	75160045	75160045	76059952	76059952	0.23375255	1	368602.8	19.19432	0.9842847	NA	NA	0.0	1.000286269	1.0002863	1	1	1:1	2	neutral	4126692
7	76810004	143324860	NA	66514860	863842	2.0005725	860731	37519	94194.0	mappable	0.078725	11.0	self	0.000909168442	2.461296e-05	0.00061400596	0.07696104	0.07698566	76810004	76810004	143219678	143324860	0.15866023	1	368602.8	19.19432	0.9842847	NA	NA	0.0	1.000286269	1.0002863	1	1	1:1	2	neutral	4126692
7	143505879	159119808	NA	15613932	224940	2.0005725	223542	11457	26084.0	mappable	0.08215	11.0	edge	0.000264969447	7.783918e-05	0.00191623334	0.08369486	0.0837727	143505879	143572064	159119808	159119808	0.17017613	1	368602.8	19.19432	0.9842847	NA	NA	0.0	1.000286269	1.0002863	1	1	1:1	2	neutral	4126692
8	170012	199995	NA	29984	471	2.391369	471	23	45.0	mappable	0.07206786	7.0	edge	0.009901209046	0.04347826087	0.0647402346	0.13448176	0.17796002	170012	170012	199961	200029	NA	missing	393703.1	21.88122	1.0727437	NA	NA	NA	NA	NA	NA	NA	NA	NA	NA	4126692
8	199995	2039997	NA	1840006	41103	2.0005725	40640	2054	5507.0	mappable	0.08088333	11.0	self	0.001067809676	0.00039729837	0.00438396801	0.09610173	0.09649903	199961	200029	2039990	2039997	0.21276506	1	368602.8	19.19432	0.9842847	NA	NA	0.0	1.000286269	1.0002863	1	1	1:1	2	neutral	4126692
8	2039998	2060009	NA	20012	635	1.7330979	634	57	77.0	mappable	0.09674286	10.0	NA	0.014773790954	0.01724137931	0.0536597654	0.13997194	0.15721332	2039998	2040005	2059994	2060009	0.382392	2	361292.1	18.80324	0.9237403	19.24607	0.5481399	0.09627977	0.783117817	0.9499801	1	1	1:1	2	mixDH	4126692
8	2060010	2109947	NA	49938	1642	2.1945827	1632	70	175.0	mappable	0.05449884	NA	NA	0.02747022898	0.0125	0.0423402346	0.12814064	0.14064064	2060010	2060025	2109867	2110027	0.22295507	1	365891.2	19.09148	1.0282	NA	NA	0.0	1.097291348	1.0972913	1	1	1:1	2	neutral	4126692
8	2109947	2119963	NA	10017	259	1.6427962	249	0	25.0	mappable	NA	NA	NA	0.059942784138	0.1	0.0825597654	0.15048725	0.25048725	2109867	2110027	2119927	2119963	NA	missing	357558.3	NA	0.9033	NA	NA	NA	NA	NA	NA	NA	NA	NA	NA	4126692
8	2119964	6919904	NA	4799943	149435	2.0005725	148793	8412	15732.0	mappable	0.08215	11.0	self	0.000955440285	0.00011046062	0.00815220436	0.09011207	0.09022253	2119964	2120000	6919904	6919904	0.17751576	1	368602.8	19.19432	0.9842847	NA	NA	0.0	1.000286269	1.0002863	1	1	1:1	2	neutral	4126692
8	8100000	11300015	NA	3200018	67965	2.0005725	67794	2367	7423.0	mappable	0.089	11.0	self	0.006921794793	0.00039401103	0.00819893541	0.09255125	0.09294526	8100000	8100000	11299984	11300015	0.18433894	1	368602.8	19.19432	0.9842847	NA	NA	0.0	1.000286269	1.0002863	1	1	1:1	2	neutral	4126692
8	11300016	11309976	NA	9961	253	2.8612327	253	24	16.0	mappable	0.06321029	NA	identical	0.018758772072	0.04166666667	0.1932402346	0.15057888	0.19224555	11300016	11300047	11309940	11310012	NA	missing	363732.2	18.60016	1.1791	NA	NA	NA	NA	NA	NA	NA	NA	NA	NA	4126692
8	11309976	11849984	NA	540009	10897	2.0005725	10881	189	1185.0	mappable	0.06464167	11.0	self	0.014269066189	0.00487804878	0.0201402346	0.10502754	0.10990559	11309940	11310012	11849953	11850015	0.1744711	1	368602.8	19.19432	0.9842847	NA	NA	0.0	1.000286269	1.0002863	1	1	1:1	2	neutral	4126692
8	11849984	11859985	NA	10002	238	2.391369	237	16	22.0	mappable	0.06056071	7.0	NA	0.021408351904	0.05882352941	0.1198402346	0.15051173	0.20933526	11849953	11850015	11859985	11859985	NA	missing	393703.1	21.88122	1.0727437	NA	NA	NA	NA	NA	NA	NA	NA	NA	NA	4126692
8	12580042	25050035	NA	12469995	252166	2.0005725	251355	13346	26771.0	mappable	0.08215	11.0	NA	0.000138581214	7.063643e-05	0.003376732	0.08484658	0.08491722	12580042	12580042	25049992	25050078	0.15708585	1	368602.8	19.19432	0.9842847	NA	NA	0.0	1.000286269	1.0002863	1	1	1:1	2	neutral	4126692
8	25050035	25059974	NA	9940	186	2.6381324	186	0	18.0	mappable	NA	NA	NA	NA	inf	0.1427402346	0.15061341	inf	25049992	25050078	25059941	25059974	NA	missing	401661.7	NA	1.1286	NA	NA	NA	NA	NA	NA	NA	NA	NA	NA	4126692
8	25059975	25340010	NA	280036	3937	2.0005725	3926	9	443.0	mappable	0.10230357	11.0	NA	0.026655933811	0.05	0.0092402346	0.11052623	0.16052623	25059975	25060008	25339955	25340010	NA	missing	368602.8	19.19432	0.9842847	NA	NA	NA	NA	NA	NA	NA	NA	NA	NA	4126692
8	25340011	25350000	NA	9990	172	2.3832239	172	0	16.0	mappable	NA	NA	NA	NA	inf	0.0850402346	0.15053135	inf	25340011	25340066	25349996	25350000	NA	missing	383774.4	NA	1.0709	NA	NA	NA	NA	NA	NA	NA	NA	NA	NA	4126692
8	25350001	43789991	NA	18439992	264379	2.0005725	263422	10572	29778.0	mappable	0.08215	11.0	NA	0.001188501613	8.673779e-05	0.00527135633	0.08286262	0.08294936	25350001	25350005	43789991	43789991	0.15977576	1	368602.8	19.19432	0.9842847	NA	NA	0.0	1.000286269	1.0002863	1	1	1:1	2	neutral	4126692
8	46880007	146289988	NA	99409987	1388759	2.0005725	1383833	64131	150808.0	mappable	0.08215	11.0	edge	0.000202777851	1.448079e-05	0.00065046971	0.07528168	0.07529616	46880007	46880007	146289988	146289988	0.14936899	1	368602.8	19.19432	0.9842847	NA	NA	0.0	1.000286269	1.0002863	1	1	1:1	2	neutral	4126692
9	200101	220017	NA	19917	497	2.2374356	493	54	54.0	mappable	0.06516471	NA	edge	0.022667595601	0.01724137931	0.0520402346	0.14003923	0.15728061	200101	200101	219964	220070	0.14855204	1	393394.7	20.26579	1.0379	NA	NA	0.0	1.118717804	1.1187178	1	1	1:1	2	neutral	4126692
9	220017	16120036	NA	15900021	302961	2.0005725	302113	15220	32075.0	mappable	0.08215	11.0	NA	0.001181016278	6.223937e-05	0.00115399545	0.08360321	0.08366545	219964	220070	16119970	16120102	0.15060265	1	368602.8	19.19432	0.9842847	NA	NA	0.0	1.000286269	1.0002863	1	1	1:1	2	neutral	4126692
9	16120036	16140008	NA	19973	410	2.3204907	410	0	47.0	mappable	NA	NA	NA	NA	inf	0.0708402346	0.13999952	inf	16119970	16120102	16139960	16140008	NA	missing	369834.4	NA	1.0567	NA	NA	NA	NA	NA	NA	NA	NA	NA	NA	4126692
9	16140009	38769828	NA	22629820	341900	2.0005725	340914	14897	37122.0	mappable	0.08041136	11.0	NA	0.00114291971	6.29604e-05	0.00118927789	0.08186079	0.08192375	16140009	16140057	38769828	38769828	0.15969196	1	368602.8	19.19432	0.9842847	NA	NA	0.0	1.000286269	1.0002863	1	1	1:1	2	neutral	4126692
9	66840048	66849972	NA	9925	540	2.6363653	506	0	109.0	mappable	NA	NA	NA	0.013473039074	0.02941176471	0.1423402346	0.15063813	0.18004989	66840048	66840048	66849972	66849972	NA	missing	861873.3	NA	1.1282	NA	NA	NA	NA	NA	NA	NA	NA	NA	NA	4126692
9	68410004	68419976	NA	9973	1130	2.3271175	1046	0	282.0	mappable	NA	NA	NA	0.233173675746	0.0119047619	0.0723402346	0.15055919	0.16246396	68410004	68410004	68419976	68419976	NA	missing	2570826.0	NA	1.0582	NA	NA	NA	NA	NA	NA	NA	NA	NA	NA	4126692
9	71030093	72854980	NA	1824888	24334	2.9950592	24238	1677	2612.0	mappable	0.1621	1.0	NA	0.078284881179	0.00056401579	0.2254402346	0.09615673	0.09672074	71030093	71030093	72849959	72854980	0.65816574	2	454114.1	26.84077	1.2093924	18.47699	0.6624382	0.32487647	1.011017465	1.9840417	2	1	2:1	3	gain	4126692
9	72854981	72880033	NA	25053	290	3.4016644	290	40	34.0	mappable	0.11508112	4.0	NA	0.03311205626	0.025	0.3384402346	0.13686729	0.16186729	72854981	72860002	72879995	72880033	0.4749242	2	463668.1	26.77382	1.3014298	17.53154	0.6308808	0.26176157	1.255619699	2.1460447	2	1	2:1	3	gain	4126692
9	72880034	72949941	NA	69908	956	2.8448867	956	85	109.0	mappable	0.21595	NA	NA	0.133980933811	0.01176470588	0.1895402346	0.12427632	0.13604103	72880034	72880072	72949865	72949941	0.7674909	2	459516.9	27.97059	1.1754	19.23753	0.6983999	0.39679985	0.858018045	1.9868687	2	1	2:1	3	gain	4126692
9	72949942	72960002	NA	10061	143	3.468242	141	13	21.0	mappable	0.32016667	NA	NA	0.236355933811	0.06666666667	0.3306402346	0.15041568	0.21708235	72949942	72950018	72959948	72960056	NA	missing	490301.7	31.9762	1.3165	NA	NA	NA	NA	NA	NA	NA	NA	NA	NA	4126692
9	72960002	87210118	NA	14250119	196747	2.9950592	196052	8947	21383.0	mappable	0.15194074	1.0	NA	0.069574684723	0.00010371292	0.22136847341	0.08415925	0.08426296	72959948	72960056	87209950	87210286	0.66665903	2	454114.1	26.84077	1.2093924	18.47699	0.6624382	0.32487647	1.011017465	1.9840417	2	1	2:1	3	gain	4126692
9	87210118	87229998	NA	19881	282	2.6889374	264	0	36.0	mappable	NA	NA	NA	0.147324523554	0.05555555556	0.1542402346	0.14006482	0.19562038	87209950	87210286	87229941	87229998	NA	missing	444715.7	NA	1.1401	NA	NA	NA	NA	NA	NA	NA	NA	NA	NA	4126692
9	87229999	94250089	NA	7020091	95120	2.9950592	94787	3772	10486.0	mappable	0.14211667	1.0	NA	0.061830933811	0.00024360536	0.2197402346	0.08793892	0.08818253	87229999	87230056	94249990	94250188	0.64171001	2	454114.1	26.84077	1.2093924	18.47699	0.6624382	0.32487647	1.011017465	1.9840417	2	1	2:1	3	gain	4126692
9	94250089	94309872	NA	59784	935	3.3979985	935	2	97.0	mappable	0.24580499	NA	NA	0.163835922473	0.5	0.3147402346	0.12604402	0.62604402	94249990	94250188	94309724	94309872	NA	missing	476926.6	29.70787	1.3006	NA	NA	NA	NA	NA	NA	NA	NA	NA	NA	4126692
9	94309873	94670141	NA	360269	5450	2.9950592	5428	188	640.0	mappable	0.17490385	1.0	NA	0.098180933811	0.00476190476	0.2094402346	0.1083499	0.11311181	94309873	94310021	94669950	94670332	0.78617187	2	454114.1	26.84077	1.2093924	18.47699	0.6624382	0.32487647	1.011017465	1.9840417	2	1	2:1	3	gain	4126692
9	94670141	94690001	NA	19861	352	3.4439439	352	5	38.0	mappable	0.05481383	NA	NA	0.027155236402	0.2	0.3251402346	0.14007907	0.34007907	94669950	94670332	94689967	94690035	NA	missing	457130.5	24.61472	1.311	NA	NA	NA	NA	NA	NA	NA	NA	NA	NA	4126692
9	94690001	96330105	NA	1640105	18244	2.9950592	18195	800	2002.0	mappable	0.19079167	1.0	NA	0.103189267144	0.0011778563	0.2305402346	0.09687408	0.09805194	94689967	94690035	96329935	96330275	0.64401374	2	454114.1	26.84077	1.2093924	18.47699	0.6624382	0.32487647	1.011017465	1.9840417	2	1	2:1	3	gain	4126692
9	96330105	96349990	NA	19886	267	2.6580127	266	26	20.0	mappable	0.05652849	NA	NA	0.025440577817	0.03703703704	0.1472402346	0.14006126	0.1770983	96329935	96330275	96349929	96349990	NA	missing	393194.5	21.76745	1.1331	NA	NA	NA	NA	NA	NA	NA	NA	NA	NA	4126692
9	96349991	100435657	NA	4085667	46797	2.9950592	46674	1649	5185.0	mappable	0.13206875	1.0	NA	0.048130933811	0.00056433409	0.2215402346	0.09106581	0.09163014	96349991	96350052	100435630	100435657	0.65795751	2	454114.1	26.84077	1.2093924	18.47699	0.6624382	0.32487647	1.011017465	1.9840417	2	1	2:1	3	gain	4126692
9	100435658	100435692	CTX	35	0	0.0	0	0	NA	mappable	NA	NA	NA	NA	inf	0.9858597654	0.38991804	inf	100435658	100435658	100435692	100435692	NA	missing	NA	NA	0.0	NA	NA	0.0	0.0	0.0	0	0	NA	0	homozygousDel	4126692
9	100435693	112090006	INV	11654314	168957	2.9950592	168538	7931	18004.0	mappable	0.1575	1.0	NA	0.072105933811	0.00011976048	0.2197402346	0.08519934	0.0853191	100435693	100435726	112089969	112090006	0.66478267	2	454114.1	26.84077	1.2093924	18.47699	0.6624382	0.32487647	1.011017465	1.9840417	2	1	2:1	3	gain	4126692
9	112090007	112100011	NA	10005	164	3.4016644	164	5	17.0	mappable	0.18820908	4.0	NA	0.106240017895	0.2	0.3332402346	0.15050683	0.35050683	112090007	112090044	112099980	112100042	NA	missing	463668.1	26.77382	1.3014298	NA	NA	NA	NA	NA	NA	NA	NA	NA	NA	4126692
9	112100011	132653504	NA	20553494	281261	2.9950592	280176	11339	31151.0	mappable	0.14326071	1.0	NA	0.061830933811	8.048938e-05	0.2194402346	0.08232865	0.08240914	112099980	112100042	132649930	132653504	0.65367433	2	454114.1	26.84077	1.2093924	18.47699	0.6624382	0.32487647	1.011017465	1.9840417	2	1	2:1	3	gain	4126692
9	132653505	132653627	INV	123	0	0.0	0	0	NA	mappable	NA	NA	NA	NA	inf	0.9858597654	0.28808006	inf	132653505	132653505	132653627	132653627	NA	missing	NA	NA	0.0	NA	NA	0.0	0.0	0.0	0	0	NA	0	homozygousDel	4126692
9	132653628	134710023	CTX	2056396	25215	3.0145312	25094	761	2796.0	mappable	0.21625	NA	NA	0.125672600477	0.00113378685	0.2279402346	0.09536667	0.09650046	132653628	132660038	134709988	134710023	0.72235536	2	417338.8	25.21422	1.2138	16.91902	0.6852954	0.37059088	0.948686723	2.0658445	2	1	2:1	3	gain	4126692
9	134710024	134749970	NA	39947	616	3.4016644	614	8	73.0	mappable	0.11562325	4.0	NA	0.036378892994	0.1	0.2995402346	0.13084039	0.23084039	134710024	134710059	134749890	134749970	NA	missing	463668.1	26.77382	1.3014298	NA	NA	NA	NA	NA	NA	NA	NA	NA	NA	4126692
9	134749971	139620023	NA	4870053	77382	2.9950592	76950	4092	8924.0	mappable	0.1438	1.0	NA	0.054980933811	0.00022104332	0.2117402346	0.09002721	0.09024825	134749971	134750051	139619985	139620061	0.61879295	2	454114.1	26.84077	1.2093924	18.47699	0.6624382	0.32487647	1.011017465	1.9840417	2	1	2:1	3	gain	4126692
9	139620023	139630010	NA	9988	190	3.5932664	190	1	21.0	mappable	0.06666667	NA	NA	0.015302399523	1.0	0.3589402346	0.15053462	1.15053462	139619985	139620061	139629977	139630043	NA	missing	417924.0	22.28928	1.3448	NA	NA	NA	NA	NA	NA	NA	NA	NA	NA	4126692
9	139630010	141019791	NA	1389782	17904	2.9950592	17693	486	2274.0	mappable	0.19992143	1.0	edge	0.092655933811	0.00143472023	0.2228402346	0.09800834	0.09944306	139629977	139630043	141019791	141019791	0.64538647	2	454114.1	26.84077	1.2093924	18.47699	0.6624382	0.32487647	1.011017465	1.9840417	2	1	2:1	3	gain	4126692
10	130013	16790055	NA	16660045	281638	2.0005725	279972	14379	31653.0	mappable	0.078725	11.0	edge	0.003209934857	6.234414e-05	0.00264880411	0.08336846	0.0834308	130013	130013	16789991	16790055	0.17688458	1	368602.8	19.19432	0.9842847	NA	NA	0.0	1.000286269	1.0002863	1	1	1:1	2	neutral	4126692
10	16790056	16800026	NA	9971	203	2.4039877	203	0	18.0	mappable	NA	NA	NA	NA	inf	0.0897402346	0.15056247	inf	16790056	16790120	16799934	16800118	NA	missing	382394.0	NA	1.0756	NA	NA	NA	NA	NA	NA	NA	NA	NA	NA	4126692
10	16800026	39149984	NA	22349960	304270	2.0005725	303016	14705	35477.0	mappable	0.078725	11.0	NA	0.00324649272	6.266057e-05	0.00526650546	0.08192099	0.08198365	16799934	16800118	39149984	39149984	0.1668911	1	368602.8	19.19432	0.9842847	NA	NA	0.0	1.000286269	1.0002863	1	1	1:1	2	neutral	4126692
10	42410000	46159967	NA	3749968	43638	2.0005725	43467	2086	5051.0	mappable	0.08542155	11.0	self	0.003605933811	0.00044306602	0.0071597654	0.0915816	0.09202467	42410000	42410000	46159967	46159967	0.1439962	1	368602.8	19.19432	0.9842847	NA	NA	0.0	1.000286269	1.0002863	1	1	1:1	2	neutral	4126692
10	48310177	48659961	NA	349785	5566	2.0005725	5554	110	575.0	mappable	0.05475	11.0	self	0.023794066189	0.00819672131	0.0111402346	0.10860057	0.1167973	48310177	48310177	48659961	48659961	0.19935023	1	368602.8	19.19432	0.9842847	NA	NA	0.0	1.000286269	1.0002863	1	1	1:1	2	neutral	4126692
10	49390096	115479940	NA	66089854	902521	2.0005725	899485	40675	97926.0	mappable	0.08215	11.0	self	3.7548351e-05	2.287911e-05	0.00223121703	0.07698844	0.07701132	49390096	49390096	115479806	115479940	0.15038523	1	368602.8	19.19432	0.9842847	NA	NA	0.0	1.000286269	1.0002863	1	1	1:1	2	neutral	4126692
10	115479941	115490023	NA	10083	168	2.391369	157	0	18.0	mappable	NA	7.0	NA	0.028910732856	0.09090909091	0.0917402346	0.15038004	0.24128913	115479941	115480075	115489987	115490023	NA	missing	393703.1	NA	1.0727437	NA	NA	NA	NA	NA	NA	NA	NA	NA	NA	4126692
10	115490024	115509954	NA	19931	263	1.7330979	254	0	33.0	mappable	NA	10.0	NA	0.01764443249	0.11111111111	0.0769597654	0.14002929	0.2511404	115490024	115490060	115509893	115509954	NA	missing	361292.1	NA	0.9237403	NA	NA	NA	NA	NA	NA	NA	NA	NA	NA	4126692
10	115509955	135439925	NA	19929973	308835	2.0005725	307228	15578	33846.0	mappable	0.08215	11.0	edge	0.002557381134	5.819706e-05	0.00495843232	0.08247954	0.08253774	115509955	115510016	135439925	135439925	0.16466631	1	368602.8	19.19432	0.9842847	NA	NA	0.0	1.000286269	1.0002863	1	1	1:1	2	neutral	4126692
11	190010	22720003	NA	22529994	324484	2.0005725	322835	17650	34733.0	mappable	0.08215	11.0	edge	0.000180933811	5.182421e-05	0.0045597654	0.08188216	0.08193399	190010	190010	22719913	22720003	0.16947462	1	368602.8	19.19432	0.9842847	NA	NA	0.0	1.000286269	1.0002863	1	1	1:1	2	neutral	4126692
11	22720004	22740002	NA	19999	360	2.2900077	360	0	31.0	mappable	NA	NA	NA	NA	inf	0.0639402346	0.13998113	inf	22720004	22720094	22739998	22740002	NA	missing	384735.2	NA	1.0498	NA	NA	NA	NA	NA	NA	NA	NA	NA	NA	4126692
11	22740003	48899996	NA	26159995	370383	2.0005725	368863	17399	40013.0	mappable	0.08215	11.0	NA	1.7725586e-05	5.285971e-05	0.0004249326	0.081166	0.08121886	22740003	22740007	48899996	48899996	0.16612409	1	368602.8	19.19432	0.9842847	NA	NA	0.0	1.000286269	1.0002863	1	1	1:1	2	neutral	4126692
11	48899997	50170092	NA	1270096	0	0.0	0	0	NA	mappable	NA	NA	NA	NA	inf	0.9858597654	0.09863632	inf	48899997	48899997	50170092	50170092	NA	missing	NA	NA	0.0	NA	NA	0.0	0.0	0.0	0	0	NA	0	homozygousDel	4126692
11	50170093	50440718	NA	270626	3507	2.0005725	3495	271	455.0	mappable	0.07755	11.0	NA	0.008869066189	0.0035335689	0.0055597654	0.11082825	0.11436182	50170093	50170093	50440679	50440757	0.06545829	1	368602.8	19.19432	0.9842847	NA	NA	0.0	1.000286269	1.0002863	1	1	1:1	2	neutral	4126692
11	50440718	50449936	NA	9219	275	2.4044007	275	23	33.0	mappable	0.14163998	2.0	NA	0.059670914292	0.04347826087	0.0941402346	0.15185574	0.195334	50440679	50440757	50449857	50450015	NA	missing	350947.9	18.63304	1.0756935	NA	NA	NA	NA	NA	NA	NA	NA	NA	NA	4126692
11	50449936	50459997	NA	10062	344	1.7330979	343	31	34.0	mappable	0.06557083	10.0	NA	0.024681566189	0.03125	0.0547597654	0.15041406	0.18166406	50449857	50450015	50459969	50459997	0.12806288	1	361292.1	18.80324	0.9237403	NA	NA	0.0	0.866548954	0.866549	1	1	1:1	2	neutral	4126692
11	51259993	51579984	NA	319992	3664	2.0005725	3615	157	461.0	mappable	0.07358611	11.0	self	0.007904895166	0.00485436893	0.00726032194	0.10936327	0.11421763	51259993	51260020	51579984	51579984	0.26238395	1	368602.8	19.19432	0.9842847	NA	NA	0.0	1.000286269	1.0002863	1	1	1:1	2	neutral	4126692
11	54792817	89349940	NA	34557129	455680	2.0005725	453968	18948	50467.0	mappable	0.08215	11.0	self	0.00091333829	4.840271e-05	0.00390107443	0.07986429	0.0799127	54792817	54792817	89349940	89349940	0.15397905	1	368602.8	19.19432	0.9842847	NA	NA	0.0	1.000286269	1.0002863	1	1	1:1	2	neutral	4126692
11	89850037	123570016	NA	33719984	490353	2.0005725	488519	22007	52790.0	mappable	0.08215	11.0	NA	0.000687628329	4.194631e-05	0.00225186537	0.07997728	0.08001923	89850037	89850037	123569986	123570046	0.16670074	1	368602.8	19.19432	0.9842847	NA	NA	0.0	1.000286269	1.0002863	1	1	1:1	2	neutral	4126692
11	123570016	123579994	NA	9979	178	2.5824678	178	0	25.0	mappable	NA	NA	NA	NA	inf	0.1301402346	0.15054936	inf	123569986	123570046	123579983	123579994	NA	missing	409454.3	NA	1.116	NA	NA	NA	NA	NA	NA	NA	NA	NA	NA	4126692
11	123579995	134939862	NA	11359870	174245	2.0005725	173606	9415	18719.0	mappable	0.08215	11.0	edge	0.000100071673	9.94629e-05	0.00545096572	0.08533354	0.085433	123579995	123580006	134939862	134939862	0.15716856	1	368602.8	19.19432	0.9842847	NA	NA	0.0	1.000286269	1.0002863	1	1	1:1	2	neutral	4126692
12	160107	9853499	NA	9693393	127679	2.0005725	126929	6018	14385.0	mappable	0.085575	11.0	edge	0.002767531279	0.00014775414	0.00490142221	0.08617506	0.08632282	160107	160107	9853497	9853499	0.18062935	1	368602.8	19.19432	0.9842847	NA	NA	0.0	1.000286269	1.0002863	1	1	1:1	2	neutral	4126692
12	9853500	14545907	CTX	4692408	66036	2.0005725	65811	3016	7257.0	mappable	0.08332065	11.0	NA	0.000180933811	0.00030854674	0.0034597654	0.09024498	0.09055353	9853500	9853536	14545906	14545907	0.17769754	1	368602.8	19.19432	0.9842847	NA	NA	0.0	1.000286269	1.0002863	1	1	1:1	2	neutral	4126692
12	14545908	14546053	INV	146	3	2.1632161	3	0	0.0	mappable	NA	NA	NA	NA	inf	0.0352402346	0.2781709	inf	14545908	14545947	14546049	14546053	NA	missing	395936.2	NA	1.0211	NA	NA	NA	NA	NA	NA	NA	NA	NA	NA	4126692
12	14546054	24113523	CTX	9567470	134592	2.0005725	134084	7126	14581.0	mappable	0.07936667	11.0	NA	0.003078059945	0.00013099293	0.00120139723	0.08624516	0.08637616	14546054	14546173	24113518	24113523	0.1648704	1	368602.8	19.19432	0.9842847	NA	NA	0.0	1.000286269	1.0002863	1	1	1:1	2	neutral	4126692
12	24113524	24113592	CTX	69	1	2.0744178	0	0	0.0	mappable	NA	NA	identical	0.168030933811	1.0	0.0151402346	0.32741131	1.32741131	24113524	24113551	24113551	24113592	NA	missing	NA	NA	1.001	NA	NA	NA	NA	NA	NA	NA	NA	NA	NA	4126692
12	24113593	34819969	INV	10706377	149220	2.0005725	148594	6669	16879.0	mappable	0.079325	11.0	self	0.003244066189	0.00013708019	0.0015402346	0.08564589	0.08578297	24113593	24113598	34819969	34819969	0.1671567	1	368602.8	19.19432	0.9842847	NA	NA	0.0	1.000286269	1.0002863	1	1	1:1	2	neutral	4126692
12	38000003	132690005	NA	94690013	1290657	2.0005725	1285641	58461	144308.0	mappable	0.08215	11.0	self	0.000223185806	1.575473e-05	0.00081225208	0.07548107	0.07549683	38000003	38000003	132689981	132690005	0.1679678	1	368602.8	19.19432	0.9842847	NA	NA	0.0	1.000286269	1.0002863	1	1	1:1	2	neutral	4126692
12	132765013	133819926	NA	1054914	12535	2.0005725	12374	736	1831.0	mappable	0.087025	11.0	edge	0.003605933811	0.0011148272	0.0085597654	0.09995655	0.10107138	132765013	132830036	133819926	133819926	0.25147078	1	368602.8	19.19432	0.9842847	NA	NA	0.0	1.000286269	1.0002863	1	1	1:1	2	neutral	4126692
13	19450038	20899966	NA	1449929	16381	2.0005725	16294	672	1870.0	mappable	0.08942442	11.0	edge	0.007030933811	0.00131926121	0.0009597654	0.09771565	0.09903491	19450038	19450038	20899907	20900025	0.14596753	1	368602.8	19.19432	0.9842847	NA	NA	0.0	1.000286269	1.0002863	1	1	1:1	2	neutral	4126692
13	20899966	20939997	NA	40032	687	2.3421447	684	0	45.0	mappable	NA	9.0	NA	0.18762422955	0.33333333333	0.0612402346	0.13081415	0.46414748	20899907	20900025	20939964	20939997	NA	missing	335320.9	NA	1.0616015	NA	NA	NA	NA	NA	NA	NA	NA	NA	NA	4126692
13	20939998	21104968	NA	164972	2670	2.0122891	2663	1	151.0	mappable	0.77777778	NA	NA	0.482742441747	0.125	0.00107701363	0.11539441	0.24039441	20939998	20940031	21099934	21110002	NA	missing	177773.4	15.80208	0.9869368	NA	NA	NA	NA	NA	NA	NA	NA	NA	NA	4126692
13	21104968	33994986	NA	12890022	184689	2.0005725	184114	8799	20100.0	mappable	0.08215	11.0	self	0.000859987888	0.00010667805	0.00093650509	0.0846749	0.08478157	21099934	21110002	33989942	33994986	0.17005596	1	368602.8	19.19432	0.9842847	NA	NA	0.0	1.000286269	1.0002863	1	1	1:1	2	neutral	4126692
13	33994987	34010004	NA	15018	165	1.3604971	164	0	22.0	mappable	NA	NA	identical	0.081969066189	1.0	0.1464597654	0.14415032	1.14415032	33994987	34000031	34009999	34010004	NA	missing	357831.7	NA	0.8394	NA	NA	NA	NA	NA	NA	NA	NA	NA	NA	4126692
13	34010005	45915007	NA	11905003	165835	2.0005725	165280	6351	18222.0	mappable	0.08215	11.0	NA	0.000180933811	0.00014480162	0.0031402346	0.08508805	0.08523285	34010005	34010010	45909981	45920033	0.17734422	1	368602.8	19.19432	0.9842847	NA	NA	0.0	1.000286269	1.0002863	1	1	1:1	2	neutral	4126692
13	45915007	45934991	NA	19985	177	1.5694603	177	0	24.0	mappable	NA	NA	NA	NA	inf	0.0991597654	0.13999103	inf	45909981	45920033	45929979	45940003	NA	missing	331886.0	NA	0.8867	NA	NA	NA	NA	NA	NA	NA	NA	NA	NA	4126692
13	45934991	91009990	NA	45075005	631516	2.0005725	629458	31229	68669.0	mappable	0.08215	11.0	NA	0.001106581048	3.004176e-05	0.00279465381	0.07866018	0.07869023	45929979	45940003	91009962	91009990	0.14888517	1	368602.8	19.19432	0.9842847	NA	NA	0.0	1.000286269	1.0002863	1	1	1:1	2	neutral	4126692
13	91009991	91019995	NA	10005	148	1.4444358	146	5	16.0	mappable	0.0746	NA	identical	0.387780933811	0.14285714286	0.1274597654	0.15050683	0.29336397	91009991	91010019	91019971	91019995	NA	missing	362586.7	20.57925	0.8584	NA	NA	NA	NA	NA	NA	NA	NA	NA	NA	4126692
13	91019996	115099984	NA	24079992	365863	2.0005725	364279	16502	41079.0	mappable	0.08215	11.0	edge	0.000590795234	5.529444e-05	0.0013074338	0.08156164	0.08161693	91019996	91020020	115099984	115099984	0.16866001	1	368602.8	19.19432	0.9842847	NA	NA	0.0	1.000286269	1.0002863	1	1	1:1	2	neutral	4126692
14	20330060	22529842	NA	2199783	32057	2.0005725	31858	2312	3359.0	mappable	0.08284113	11.0	edge	0.000180933811	0.00039824771	0.0088597654	0.09492651	0.09532476	20330060	20330060	22529669	22529842	0.18639464	1	368602.8	19.19432	0.9842847	NA	NA	0.0	1.000286269	1.0002863	1	1	1:1	2	neutral	4126692
14	22529843	22950107	NA	420265	6946	1.3335484	6898	327	602.0	mappable	0.08671818	NA	identical	0.009780933811	0.00266666667	0.1525597654	0.10706099	0.10972766	22529843	22530016	22949967	22950107	0.24572979	1	275298.5	14.82377	0.8333	NA	NA	0.0	0.666774196	0.6667742	sub	sub	sub:sub	sub	sub	4126692
14	22950108	46529993	NA	23579891	319219	2.0005725	318045	16230	34439.0	mappable	0.0795131	11.0	self	0.000932548031	5.745806e-05	0.002778628	0.08166247	0.08171993	22950108	22950248	46529961	46530025	0.15651553	1	368602.8	19.19432	0.9842847	NA	NA	0.0	1.000286269	1.0002863	1	1	1:1	2	neutral	4126692
14	46529993	46539966	NA	9974	193	2.7207458	191	6	16.0	mappable	0.22139194	NA	identical	0.124203687341	0.125	0.1614402346	0.15055755	0.27555755	46529961	46530025	46539923	46539966	NA	missing	419090.0	24.60566	1.1473	NA	NA	NA	NA	NA	NA	NA	NA	NA	NA	4126692
14	46539967	46700026	NA	160060	2331	2.0005725	2327	86	274.0	mappable	0.07508333	11.0	self	0.004521338917	0.01111111111	0.0214597654	0.11568549	0.1267966	46539967	46540010	46699985	46700026	0.22776756	1	368602.8	19.19432	0.9842847	NA	NA	0.0	1.000286269	1.0002863	1	1	1:1	2	neutral	4126692
14	46700027	46739979	NA	39953	653	2.3085626	652	7	63.0	mappable	0.15601117	NA	NA	0.074767281328	0.125	0.0681402346	0.13083854	0.25583854	46700027	46700068	46739943	46739979	NA	missing	403557.2	23.46263	1.054	NA	NA	NA	NA	NA	NA	NA	NA	NA	NA	4126692
14	46739980	46779971	NA	39992	629	1.7338034	628	0	65.0	mappable	NA	NA	NA	0.081969066189	1.0	0.0619597654	0.13082649	1.13082649	46739980	46740016	46779942	46779971	NA	missing	281827.5	NA	0.9239	NA	NA	NA	NA	NA	NA	NA	NA	NA	NA	4126692
14	46779972	72970002	NA	26190035	359638	2.0005725	358434	15506	39114.0	mappable	0.08215	11.0	NA	0.000690688933	5.98444e-05	0.00109689797	0.08116055	0.08122039	46779972	46780001	72969968	72970002	0.17353462	1	368602.8	19.19432	0.9842847	NA	NA	0.0	1.000286269	1.0002863	1	1	1:1	2	neutral	4126692
14	72970003	72990002	NA	20000	343	1.6807895	343	0	33.0	mappable	NA	NA	NA	NA	inf	0.0739597654	0.13998042	inf	72970003	72970037	72989915	72990089	NA	missing	350579.8	NA	0.9119	NA	NA	NA	NA	NA	NA	NA	NA	NA	NA	4126692
14	72990002	83809940	NA	10819940	152047	2.0005725	151458	6827	16798.0	mappable	0.08215	11.0	NA	0.00347925481	0.00013484358	0.00112223621	0.0855901	0.08572494	72989915	72990089	83809855	83809940	0.17186821	1	368602.8	19.19432	0.9842847	NA	NA	0.0	1.000286269	1.0002863	1	1	1:1	2	neutral	4126692
14	83809941	107259908	NA	23449970	346398	0.9877625	344620	16041	38035.0	mappable	0.304775	NA	edge	0.228980004961	5.612932e-05	0.23083034317	0.08168906	0.08174519	83809941	83810026	107259908	107259908	0.77393992	2	275865.4	17.85011	0.7550294	17.97906	0.9966049	0.99320988	0.003353514	0.984409	1	0	1:0	1	LOH	4126692
15	20850000	20859924	NA	9925	165	2.0183114	130	0	19.0	mappable	NA	NA	edge	0.22336695076	0.02857142857	0.0024402346	0.15063813	0.17920955	20850000	20850000	20859924	20859924	NA	missing	1138858.0	NA	0.9883	NA	NA	NA	NA	NA	NA	NA	NA	NA	NA	4126692
15	22480079	23069956	NA	589878	4050	2.0005725	4020	197	515.0	mappable	0.09256711	11.0	self	0.003605933811	0.00440528634	0.0091402346	0.10432937	0.10873466	22480079	22480079	23069956	23069956	0.20481812	1	368602.8	19.19432	0.9842847	NA	NA	0.0	1.000286269	1.0002863	1	1	1:1	2	neutral	4126692
15	23710146	24329926	NA	619781	10363	2.0005725	10323	854	1074.0	mappable	0.0712	11.0	NA	0.007830429826	0.00111856823	0.0151597654	0.10394255	0.10506111	23710146	23710146	24329926	24329926	0.12345684	1	368602.8	19.19432	0.9842847	NA	NA	0.0	1.000286269	1.0002863	1	1	1:1	2	neutral	4126692
15	24329927	24830091	NA	500165	0	0.0	0	0	NA	mappable	NA	NA	NA	NA	inf	0.9858597654	0.10564099	inf	24329927	24329927	24830091	24830091	NA	missing	NA	NA	0.0	NA	NA	0.0	0.0	0.0	0	0	NA	0	homozygousDel	4126692
15	24830092	28529988	NA	3699897	57412	2.0005725	57177	3121	5998.0	mappable	0.08274167	11.0	NA	0.000180933811	0.00029797378	0.0073597654	0.091663	0.09196098	24830092	24830092	28529988	28529988	0.16681973	1	368602.8	19.19432	0.9842847	NA	NA	0.0	1.000286269	1.0002863	1	1	1:1	2	neutral	4126692
15	29100034	30369914	NA	1269881	18290	2.0005725	18238	1088	1962.0	mappable	0.080125	11.0	self	0.003244066189	0.00087796313	0.0073597654	0.09863751	0.09951547	29100034	29100034	30369914	30369914	0.2047026	1	368602.8	19.19432	0.9842847	NA	NA	0.0	1.000286269	1.0002863	1	1	1:1	2	neutral	4126692
15	31160110	54359973	NA	23199866	300069	2.0005725	299146	13916	33052.0	mappable	0.078725	11.0	NA	0.003274465935	6.739453e-05	0.00251226499	0.08174071	0.0818081	31160110	31160110	54359905	54360041	0.15725338	1	368602.8	19.19432	0.9842847	NA	NA	0.0	1.000286269	1.0002863	1	1	1:1	2	neutral	4126692
15	54359973	54370017	NA	10045	192	1.5597411	192	0	20.0	mappable	NA	NA	NA	NA	inf	0.1013597654	0.15044166	inf	54359905	54360041	54369966	54370068	NA	missing	335406.7	NA	0.8845	NA	NA	NA	NA	NA	NA	NA	NA	NA	NA	4126692
15	54370017	82479795	NA	28109779	390095	2.0005725	388708	15978	42685.0	mappable	0.078725	11.0	NA	0.000180933811	5.75871e-05	0.0039597654	0.08082582	0.0808834	54369966	54370068	82479795	82479795	0.17184538	1	368602.8	19.19432	0.9842847	NA	NA	0.0	1.000286269	1.0002863	1	1	1:1	2	neutral	4126692
15	83211507	87320001	NA	4108495	52235	2.0005725	52110	747	5984.0	mappable	0.0638	11.0	NA	0.013452399523	0.00114678899	0.0073597654	0.09103249	0.09217928	83211507	83211507	87319983	87320019	0.19310631	1	368602.8	19.19432	0.9842847	NA	NA	0.0	1.000286269	1.0002863	1	1	1:1	2	neutral	4126692
15	87320001	87339992	NA	19992	430	2.3655526	430	0	46.0	mappable	NA	NA	NA	NA	inf	0.0810402346	0.13998608	inf	87319983	87320019	87339978	87340006	NA	missing	388427.3	NA	1.0669	NA	NA	NA	NA	NA	NA	NA	NA	NA	NA	4126692
15	87339992	102399920	NA	15059929	243382	2.0005725	242464	12366	26345.0	mappable	0.08215	11.0	edge	0.000180933811	7.527853e-05	0.0034597654	0.0838778	0.08395308	87339978	87340006	102399920	102399920	0.1650744	1	368602.8	19.19432	0.9842847	NA	NA	0.0	1.000286269	1.0002863	1	1	1:1	2	neutral	4126692
16	100010	2910003	NA	2809994	42363	1.9956975	41990	2267	4816.0	mappable	0.4589	5.0	edge	0.379961298188	0.00037878788	0.00264574609	0.09336137	0.09374016	100010	100010	2909846	2910160	0.94932195	2	365669.6	26.3475	0.9831812	18.30159	0.9799655	0.95993102	0.039982781	1.9557147	2	0	2:0	2	cnLOH	4126692
16	2910003	2980041	NA	70039	610	2.3421447	598	7	78.0	mappable	0.42165652	9.0	NA	0.206068864845	0.05263157895	0.0831402346	0.12425547	0.17688705	2909846	2910160	2969991	2980041	NA	missing	335320.9	24.00888	1.0616015	NA	NA	NA	NA	NA	NA	NA	NA	NA	NA	4126692
16	2980042	15810019	NA	12829978	247026	1.9956975	245937	13177	27296.0	mappable	0.448625	5.0	NA	0.363230933811	7.009673e-05	0.0055597654	0.08469905	0.08476915	2980042	2990092	15809981	15810019	0.77255379	2	365669.6	26.3475	0.9831812	18.30159	0.9799655	0.95993102	0.039982781	1.9557147	2	0	2:0	2	cnLOH	4126692
16	15810020	15840005	NA	29986	411	2.391369	389	0	49.0	mappable	NA	7.0	NA	0.022159919848	0.04545454545	0.1011402346	0.13448089	0.17993544	15810020	15810058	15839946	15840064	NA	missing	393703.1	NA	1.0727437	NA	NA	NA	NA	NA	NA	NA	NA	NA	NA	4126692
16	15840005	16289940	NA	449936	7889	2.0005725	7842	375	978.0	mappable	0.090625	11.0	self	0.008111196969	0.00236966825	0.0076402346	0.1064999	0.10886957	15839946	15840064	16289940	16289940	0.22685808	1	368602.8	19.19432	0.9842847	NA	NA	0.0	1.000286269	1.0002863	1	1	1:1	2	neutral	4126692
16	16870104	18169896	NA	1299793	20472	2.0005725	20385	1004	2174.0	mappable	0.09125227	11.0	self	0.007030933811	0.00091659028	0.0014597654	0.09847438	0.09939097	16870104	16870104	18169896	18169896	0.13937548	1	368602.8	19.19432	0.9842847	NA	NA	0.0	1.000286269	1.0002863	1	1	1:1	2	neutral	4126692
16	18800044	29039945	NA	10239904	125271	2.0005725	124684	5244	14293.0	mappable	0.0852	11.0	self	0.002668592709	0.00017149717	0.00487462199	0.08588225	0.08605375	18800044	18800044	29039945	29039945	0.19189224	1	368602.8	19.19432	0.9842847	NA	NA	0.0	1.000286269	1.0002863	1	1	1:1	2	neutral	4126692
16	29670028	31959970	NA	2289943	17553	2.0005725	17477	598	2205.0	mappable	0.087025	11.0	self	0.003605933811	0.00148367953	0.0072597654	0.09466613	0.09614981	29670028	29670028	31959970	31959970	0.16952906	1	368602.8	19.19432	0.9842847	NA	NA	0.0	1.000286269	1.0002863	1	1	1:1	2	neutral	4126692
16	32520030	32649899	NA	129870	2895	1.8893109	2789	0	200.0	mappable	NA	NA	NA	0.196691103302	0.00943396226	0.0267597654	0.11773911	0.12717307	32520030	32520030	32649899	32649899	NA	missing	222136.9	NA	0.9591	NA	NA	NA	NA	NA	NA	NA	NA	NA	NA	4126692
16	33590105	35279959	NA	1689855	15432	2.0005725	15400	30	2266.0	mappable	0.07216454	11.0	self	0.013880933811	0.01612903226	0.0052597654	0.09667221	0.11280125	33590105	33590105	35279959	35279959	NA	missing	368602.8	19.19432	0.9842847	NA	NA	NA	NA	NA	NA	NA	NA	NA	NA	4126692
16	46450014	69850033	NA	23400022	316850	2.0005725	315861	12086	35298.0	mappable	0.08215	11.0	NA	0.000149655213	7.649354e-05	0.0027632942	0.08169932	0.08177582	46450014	46450014	69849915	69850151	0.15381111	1	368602.8	19.19432	0.9842847	NA	NA	0.0	1.000286269	1.0002863	1	1	1:1	2	neutral	4126692
16	69850033	69859980	NA	9948	154	1.6017104	154	0	17.0	mappable	NA	NA	NA	NA	inf	0.0918597654	0.15060025	inf	69849915	69850151	69859901	69859980	NA	missing	319690.0	NA	0.894	NA	NA	NA	NA	NA	NA	NA	NA	NA	NA	4126692
16	69859981	90109969	NA	20249996	386444	2.0005725	384820	18991	42349.0	mappable	0.08215	11.0	edge	0.001905307748	4.851543e-05	0.00336269001	0.08240145	0.08244996	69859981	69860060	90109969	90109969	0.1752807	1	368602.8	19.19432	0.9842847	NA	NA	0.0	1.000286269	1.0002863	1	1	1:1	2	neutral	4126692
17	20080	11940186	NA	11920109	149899	2.0005725	149048	6959	17525.0	mappable	0.08215	11.0	edge	0.000222423378	0.00012805737	0.00996057594	0.08508142	0.08520948	20080	20080	11939946	11940426	0.19328631	1	368602.8	19.19432	0.9842847	NA	NA	0.0	1.000286269	1.0002863	1	1	1:1	2	neutral	4126692
17	11940186	11959927	NA	19742	255	1.5296999	255	0	34.0	mappable	NA	NA	NA	NA	inf	0.1081597654	0.14016418	inf	11939946	11940426	11959819	11960035	NA	missing	348970.2	NA	0.8777	NA	NA	NA	NA	NA	NA	NA	NA	NA	NA	4126692
17	11959927	18239982	NA	6280056	82509	2.0005725	82239	3227	9174.0	mappable	0.08370357	11.0	NA	0.000180933811	0.00028595939	0.0054597654	0.08856476	0.08885072	11959819	11960035	18239982	18239982	0.16156336	1	368602.8	19.19432	0.9842847	NA	NA	0.0	1.000286269	1.0002863	1	1	1:1	2	neutral	4126692
17	18750212	22239986	NA	3489776	25838	2.0005725	25151	1013	3098.0	mappable	0.08204286	11.0	self	0.004225840504	0.00058823529	0.00380972915	0.09201874	0.09260698	18750212	18750212	22239986	22239986	0.17859964	1	368602.8	19.19432	0.9842847	NA	NA	0.0	1.000286269	1.0002863	1	1	1:1	2	neutral	4126692
17	25390040	44279982	NA	18889946	211134	2.0005725	210245	9416	24062.0	mappable	0.08215	11.0	self	0.000538337934	9.704027e-05	0.00618989887	0.08274339	0.08284043	25390040	25390040	44279982	44279982	0.17374065	1	368602.8	19.19432	0.9842847	NA	NA	0.0	1.000286269	1.0002863	1	1	1:1	2	neutral	4126692
17	44790026	81149937	NA	36359914	476408	2.0005725	474250	20439	54509.0	mappable	0.08215	11.0	edge	0.001573593392	4.425562e-05	0.00632310774	0.079631	0.07967526	44790026	44790026	81149937	81149937	0.16455495	1	368602.8	19.19432	0.9842847	NA	NA	0.0	1.000286269	1.0002863	1	1	1:1	2	neutral	4126692
18	130031	279987	NA	149957	2116	2.9950592	2113	0	282.0	mappable	NA	1.0	edge	0.060023090673	0.33333333333	0.2340402346	0.11631837	0.4496517	130031	130031	279935	280039	NA	missing	454114.1	NA	1.2093924	NA	NA	NA	NA	NA	NA	NA	NA	NA	NA	4126692
18	279987	320079	NA	40093	730	2.6606633	726	45	73.0	mappable	0.21715	NA	NA	0.135180933811	0.02040816327	0.1478402346	0.13079536	0.15120352	279935	280039	319998	320160	0.80161956	2	427890.8	25.93278	1.1337	18.57241	0.6996507	0.39930149	0.799128249	1.8615351	2	1	2:1	3	gain	4126692
18	320079	6939983	NA	6619905	102223	2.9950592	101865	5507	11192.0	mappable	0.16102328	1.0	NA	0.085805933811	0.00017050298	0.2183402346	0.08826757	0.08843807	319998	320160	6939965	6940001	0.6316382	2	454114.1	26.84077	1.2093924	18.47699	0.6624382	0.32487647	1.011017465	1.9840417	2	1	2:1	3	gain	4126692
18	6939983	6959997	NA	20015	383	3.3648648	383	16	43.0	mappable	0.2616	NA	NA	0.179630933811	0.0625	0.3072402346	0.13996983	0.20246983	6939965	6940001	6959985	6960009	NA	missing	458205.6	24.12891	1.2931	NA	NA	NA	NA	NA	NA	NA	NA	NA	NA	4126692
18	6959997	9969998	NA	3010002	46203	2.9950592	46054	2549	5138.0	mappable	0.160925	1.0	NA	0.082380933811	0.00037064492	0.2288402346	0.09293105	0.09330169	6959985	6960009	9969991	9969998	0.68307345	2	454114.1	26.84077	1.2093924	18.47699	0.6624382	0.32487647	1.011017465	1.9840417	2	1	2:1	3	gain	4126692
18	9969999	9979995	NA	9997	156	2.3421447	150	0	18.0	mappable	NA	9.0	NA	0.175091311169	0.16666666667	0.0972402346	0.1505199	0.31718657	9969999	9970006	9979986	9979995	NA	missing	335320.9	NA	1.0616015	NA	NA	NA	NA	NA	NA	NA	NA	NA	NA	4126692
18	9979996	11949979	NA	1969984	30081	2.9950592	29970	1361	3198.0	mappable	0.17524167	1.0	NA	0.085805933811	0.00067934783	0.2165402346	0.09564915	0.0963285	9979996	9980005	11949954	11950004	0.66442502	2	454114.1	26.84077	1.2093924	18.47699	0.6624382	0.32487647	1.011017465	1.9840417	2	1	2:1	3	gain	4126692
18	11949979	11969979	NA	20001	177	4.0041243	177	16	27.0	mappable	0.1919884	NA	NA	0.110019333381	0.0625	0.4519402346	0.13997971	0.20247971	11949954	11950004	11959958	11969979	NA	missing	460930.0	27.7771	1.4378	NA	NA	NA	NA	NA	NA	NA	NA	NA	NA	4126692
18	11969980	14119956	NA	2149977	30632	2.9950592	30535	1245	3494.0	mappable	0.1491871	1.0	NA	0.063947600477	0.00074515648	0.2275402346	0.09507561	0.09582076	11969980	11980001	14119956	14119956	0.65939465	2	454114.1	26.84077	1.2093924	18.47699	0.6624382	0.32487647	1.011017465	1.9840417	2	1	2:1	3	gain	4126692
18	14119957	14910026	NA	790070	0	0.0	0	0	NA	mappable	NA	NA	NA	NA	inf	0.9858597654	0.10208446	inf	14119957	14119957	14910026	14910026	NA	missing	NA	NA	0.0	NA	NA	0.0	0.0	0.0	0	0	NA	0	homozygousDel	4126692
18	14910027	14929888	NA	19862	364	3.0185073	364	1	41.0	mappable	0.10638298	NA	NA	0.024413912534	1.0	0.2288402346	0.14007836	1.14007836	14910027	14910027	14929888	14929888	NA	missing	440147.9	24.34861	1.2147	NA	NA	NA	NA	NA	NA	NA	NA	NA	NA	4126692
18	18540053	41439971	NA	22899919	315806	2.9950592	314894	11822	34422.0	mappable	0.14539079	1.0	NA	0.058405933811	7.852992e-05	0.2252402346	0.08180347	0.081882	18540053	18540053	41439916	41439971	0.67456573	2	454114.1	26.84077	1.2093924	18.47699	0.6624382	0.32487647	1.011017465	1.9840417	2	1	2:1	3	gain	4126692
18	41439972	41460002	NA	20031	284	3.5345093	279	26	33.0	mappable	0.27488333	NA	NA	0.182649523554	0.03225806452	0.3456402346	0.13995853	0.1722166	41439972	41440027	41459977	41460002	NA	missing	494591.5	30.33914	1.3315	NA	NA	NA	NA	NA	NA	NA	NA	NA	NA	4126692
18	41460003	43275020	NA	1815018	25957	2.9950592	25893	1151	2777.0	mappable	0.1518609	1.0	NA	0.066930933811	0.00082304527	0.2207402346	0.09619291	0.09701596	41460003	41460028	43269985	43275020	0.71094658	2	454114.1	26.84077	1.2093924	18.47699	0.6624382	0.32487647	1.011017465	1.9840417	2	1	2:1	3	gain	4126692
18	43275021	43289935	NA	14915	203	2.391369	202	33	23.0	mappable	0.3118	7.0	NA	0.020869066189	0.02941176471	0.0802402346	0.14425355	0.17366532	43275021	43280056	43289868	43289935	0.69918303	2	393703.1	21.88122	1.0727437	18.05953	0.6105439	0.2210877	0.931333369	1.4600356	sub	1	sub:1	sub	sub	4126692
18	43289936	50150052	NA	6860117	100656	2.9950592	100296	3944	10829.0	mappable	0.176	1.0	NA	0.096080933811	0.00023234201	0.2208402346	0.0880677	0.08830004	43289936	43290003	50149986	50150118	0.66010415	2	454114.1	26.84077	1.2093924	18.47699	0.6624382	0.32487647	1.011017465	1.9840417	2	1	2:1	3	gain	4126692
18	50150052	50169922	NA	19871	321	2.5590533	321	26	28.0	mappable	0.04575192	NA	NA	0.036217143112	0.03846153846	0.1248402346	0.14007194	0.17853348	50149986	50150118	50169838	50169922	NA	missing	432638.2	24.1875	1.1107	NA	NA	NA	NA	NA	NA	NA	NA	NA	NA	4126692
18	50169923	58019952	NA	7850030	114503	2.9950592	114004	6554	12460.0	mappable	0.15065	1.0	NA	0.065255933811	0.00014182385	0.2285402346	0.08731998	0.0874618	50169923	50170007	58019885	58020019	0.67638728	2	454114.1	26.84077	1.2093924	18.47699	0.6624382	0.32487647	1.011017465	1.9840417	2	1	2:1	3	gain	4126692
18	58019952	58049970	NA	30019	538	3.4016644	534	12	52.0	mappable	0.14689679	4.0	NA	0.069784657215	0.0625	0.3205402346	0.13446654	0.19696654	58019885	58020019	58049802	58050138	NA	missing	463668.1	26.77382	1.3014298	NA	NA	NA	NA	NA	NA	NA	NA	NA	NA	4126692
18	58049970	77589968	NA	19539999	314797	2.9950592	313483	13472	35218.0	mappable	0.154075	1.0	NA	0.071816307914	6.764984e-05	0.22819265632	0.08257663	0.08264428	58049802	58050138	77589923	77589968	0.66149107	2	454114.1	26.84077	1.2093924	18.47699	0.6624382	0.32487647	1.011017465	1.9840417	2	1	2:1	3	gain	4126692
18	77589969	77610019	NA	20051	287	3.4016644	287	2	53.0	mappable	0.15957447	4.0	NA	0.077605401896	0.5	0.3158402346	0.13994443	0.63994443	77589969	77590014	77609897	77610141	NA	missing	463668.1	26.77382	1.3014298	NA	NA	NA	NA	NA	NA	NA	NA	NA	NA	4126692
18	77610019	78009968	NA	399950	5529	2.9950592	5482	377	654.0	mappable	0.13283864	1.0	edge	0.037855933811	0.00235849057	0.2472402346	0.10747222	0.10983071	77609897	77610141	78009968	78009968	0.54618127	2	454114.1	26.84077	1.2093924	18.47699	0.6624382	0.32487647	1.011017465	1.9840417	2	1	2:1	3	gain	4126692
19	260137	2954725	NA	2694592	36168	2.0005725	35806	1690	4635.0	mappable	0.08215	11.0	edge	0.00356158672	0.00048756704	0.00765949997	0.09362579	0.09411336	260137	260137	2909440	3000010	0.21817709	1	368602.8	19.19432	0.9842847	NA	NA	0.0	1.000286269	1.0002863	1	1	1:1	2	neutral	4126692
19	2954725	3010018	NA	55294	176	1.3083668	176	0	18.0	mappable	NA	NA	NA	NA	inf	0.1582597654	0.12694515	inf	2909440	3000010	3009977	3010059	NA	missing	289230.0	NA	0.8276	NA	NA	NA	NA	NA	NA	NA	NA	NA	NA	4126692
19	3010018	24569972	NA	21559955	220730	2.0005725	219037	10161	27403.0	mappable	0.085575	11.0	NA	0.003605933811	8.435971e-05	0.0126597654	0.08209557	0.08217993	3009977	3010059	24569972	24569972	0.19814512	1	368602.8	19.19432	0.9842847	NA	NA	0.0	1.000286269	1.0002863	1	1	1:1	2	neutral	4126692
19	27750002	43209995	NA	15459995	197396	2.0005725	196452	7655	23356.0	mappable	0.08065	11.0	NA	0.001396509303	0.00011629259	0.01290886467	0.08374495	0.08386124	27750002	27750002	43209995	43209995	0.18198653	1	368602.8	19.19432	0.9842847	NA	NA	0.0	1.000286269	1.0002863	1	1	1:1	2	neutral	4126692
19	43209996	43800005	NA	590010	0	0.0	0	0	NA	mappable	NA	NA	NA	NA	inf	0.9858597654	0.10432761	inf	43209996	43209996	43800005	43800005	NA	missing	NA	NA	0.0	NA	NA	0.0	0.0	0.0	0	0	NA	0	homozygousDel	4126692
19	43800006	59089999	NA	15289995	162734	2.0005725	161783	7007	19706.0	mappable	0.085575	11.0	edge	0.003086408967	0.00012565971	0.0114915338	0.08380093	0.08392659	43800006	43800006	59089999	59089999	0.21283532	1	368602.8	19.19432	0.9842847	NA	NA	0.0	1.000286269	1.0002863	1	1	1:1	2	neutral	4126692
20	60479	25729738	NA	25669262	400466	2.0005725	399216	19471	42692.0	mappable	0.078725	11.0	edge	0.002028413499	4.826022e-05	0.00478534335	0.08125609	0.08130435	60479	60479	25729738	25729738	0.15618668	1	368602.8	19.19432	0.9842847	NA	NA	0.0	1.000286269	1.0002863	1	1	1:1	2	neutral	4126692
20	29810057	62909989	NA	33099939	497891	2.0005725	495637	21371	55849.0	mappable	0.08215	11.0	edge	0.001701815108	4.232804e-05	0.00606096104	0.08006301	0.08010534	29810057	29810057	62909989	62909989	0.17717981	1	368602.8	19.19432	0.9842847	NA	NA	0.0	1.000286269	1.0002863	1	1	1:1	2	neutral	4126692
21	10720001	10755032	NA	35032	1751	1.941883	1651	0	180.0	mappable	NA	NA	edge	0.087583259392	0.01	0.0148597654	0.13248204	0.14248204	10720001	10720001	10739886	10770178	NA	missing	1007143.4	NA	0.971	NA	NA	NA	NA	NA	NA	NA	NA	NA	NA	4126692
21	10755032	11014966	NA	259935	3091	1.5204061	2693	0	850.0	mappable	NA	8.0	NA	0.111158636513	0.00251256281	0.1101597654	0.11118652	0.11369909	10739886	10770178	10859932	11170000	NA	missing	818484.7	NA	0.8755963	NA	NA	NA	NA	NA	NA	NA	NA	NA	NA	4126692
21	11014966	11179964	NA	164999	291	2.0244964	278	0	74.0	mappable	NA	NA	NA	0.281545655028	0.07692307692	0.0038402346	0.11539284	0.19231592	10859932	11170000	11179964	11179964	NA	missing	1427546.0	NA	0.9897	NA	NA	NA	NA	NA	NA	NA	NA	NA	NA	4126692
21	15410077	19039994	NA	3629919	57228	2.0005725	56965	2283	6175.0	mappable	0.0846625	11.0	NA	0.001801178452	0.00039277298	0.00244101219	0.09177888	0.09217165	15410077	15410077	19039984	19039994	0.17503314	1	368602.8	19.19432	0.9842847	NA	NA	0.0	1.000286269	1.0002863	1	1	1:1	2	neutral	4126692
21	19039995	19059934	NA	19940	163	2.547567	163	0	15.0	mappable	NA	NA	NA	NA	inf	0.1222402346	0.1400229	inf	19039995	19040005	19049865	19059934	NA	missing	380650.0	NA	1.1081	NA	NA	NA	NA	NA	NA	NA	NA	NA	NA	4126692
21	19059935	23979997	NA	4920064	82117	2.0005725	81781	4403	8857.0	mappable	0.07878026	11.0	NA	0.003626372332	0.00021101498	0.00514612133	0.08996752	0.09017853	19059935	19070004	23979994	23979997	0.17677368	1	368602.8	19.19432	0.9842847	NA	NA	0.0	1.000286269	1.0002863	1	1	1:1	2	neutral	4126692
21	23979998	24020031	NA	40034	631	1.7330979	629	50	77.0	mappable	0.08535403	10.0	NA	0.007331740262	0.01923076923	0.0684597654	0.13081353	0.1500443	23979998	23980001	24019994	24020068	0.09264325	1	361292.1	18.80324	0.9237403	NA	NA	0.0	0.866548954	0.866549	1	1	1:1	2	neutral	4126692
21	24020031	24190006	NA	169976	3090	2.1150618	3080	47	338.0	mappable	0.09946818	NA	NA	0.037455933811	0.01754385965	0.0243402346	0.1151081	0.13265196	24019994	24020068	24189973	24190006	0.20440205	1	389611.1	20.36604	1.0102	NA	NA	0.0	1.057530913	1.0575309	1	1	1:1	2	neutral	4126692
21	24190007	24210007	NA	20001	347	1.7046458	347	0	43.0	mappable	NA	NA	NA	NA	inf	0.0685597654	0.13997971	inf	24190007	24190040	24209956	24210007	NA	missing	366182.4	NA	0.9173	NA	NA	NA	NA	NA	NA	NA	NA	NA	NA	4126692
21	24210008	26180037	NA	1970030	35753	2.0005725	35629	1405	4015.0	mappable	0.079325	11.0	NA	0.001419066189	0.00065402224	0.0044402346	0.09564899	0.09630302	24210008	24210059	26179984	26180037	0.20258096	1	368602.8	19.19432	0.9842847	NA	NA	0.0	1.000286269	1.0002863	1	1	1:1	2	neutral	4126692
21	26180038	26200057	NA	20020	365	1.6953683	365	0	49.0	mappable	NA	NA	NA	NA	inf	0.0706597654	0.1399663	inf	26180038	26180091	26199990	26200057	NA	missing	365877.3	NA	0.9152	NA	NA	NA	NA	NA	NA	NA	NA	NA	NA	4126692
21	26200058	48099931	NA	21899875	336828	2.0005725	335011	13836	37768.0	mappable	0.08215	11.0	edge	0.002290052682	6.38896e-05	0.00184813626	0.08201959	0.08208348	26200058	26200125	48099931	48099931	0.1852463	1	368602.8	19.19432	0.9842847	NA	NA	0.0	1.000286269	1.0002863	1	1	1:1	2	neutral	4126692
22	16850007	23105000	NA	6254994	60508	2.0005725	60167	2661	6783.0	mappable	0.081	11.0	edge	0.000180933811	0.00033311126	0.0054402346	0.08858739	0.0889205	16850007	16850007	23099992	23105000	0.20223997	1	368602.8	19.19432	0.9842847	NA	NA	0.0	1.000286269	1.0002863	1	1	1:1	2	neutral	4126692
22	23105001	23245009	NA	140009	2621	0.9575914	2605	78	316.0	mappable	0.37675	NA	identical	0.292155933811	0.01063829787	0.2376597654	0.11699218	0.12763048	23105001	23110009	23239965	23250053	0.87857389	2	268506.9	17.90046	0.7482	17.65921	1.0753006	1.0	0.0	0.9575914	1	0	1:0	1	LOH	4126692
22	23245009	40810034	NA	17565028	227364	2.0005725	226472	10079	25415.0	mappable	0.08215	11.0	NA	0.001602267899	9.114939e-05	0.00698969054	0.0831041	0.08319525	23239965	23250053	40809977	40810091	0.1739259	1	368602.8	19.19432	0.9842847	NA	NA	0.0	1.000286269	1.0002863	1	1	1:1	2	neutral	4126692
22	40810034	40820044	NA	10011	183	2.4287275	183	0	32.0	mappable	NA	NA	NA	NA	inf	0.0953402346	0.15049703	inf	40809977	40810091	40819991	40820044	NA	missing	339373.0	NA	1.0812	NA	NA	NA	NA	NA	NA	NA	NA	NA	NA	4126692
22	40820045	41930031	NA	1109987	11301	2.0005725	11250	205	1522.0	mappable	0.08671818	11.0	NA	0.029908206538	0.00390625	0.0074597654	0.09959112	0.10349737	40820045	40820098	41929999	41930031	0.22916044	1	368602.8	19.19432	0.9842847	NA	NA	0.0	1.000286269	1.0002863	1	1	1:1	2	neutral	4126692
22	41930032	41939950	NA	9919	118	2.4777653	118	0	15.0	mappable	NA	NA	NA	NA	inf	0.1064402346	0.15064802	inf	41930032	41930064	41939883	41939950	NA	missing	367098.0	NA	1.0923	NA	NA	NA	NA	NA	NA	NA	NA	NA	NA	4126692
22	41939951	51179984	NA	9240036	153897	2.0005725	153031	7065	17925.0	mappable	0.08215	11.0	edge	0.000969577887	0.00012613522	0.0105352503	0.08643241	0.08655855	41939951	41940018	51179984	51179984	0.18051455	1	368602.8	19.19432	0.9842847	NA	NA	0.0	1.000286269	1.0002863	1	1	1:1	2	neutral	4126692
23	2276955	58484973	CTX	56208019	490597	2.0005725	488985	18662	54256.0	mappable	0.08215	11.0	edge	0.000180933811	4.933156e-05	0.01000668884	0.07768718	0.07773651	2276955	2700027	58479890	58490056	0.14908923	1	368602.8	19.19432	0.9842847	NA	NA	0.0	1.000286269	1.0002863	1	1	1:1	2	neutral	4126692
23	58484973	58499983	NA	15011	227	1.5204061	225	3	29.0	mappable	0.19744695	8.0	NA	0.105105933811	0.2	0.1329597654	0.14415731	0.34415731	58479890	58490056	58499983	58499983	NA	missing	818484.7	49.10908	0.8755963	NA	NA	NA	NA	NA	NA	NA	NA	NA	NA	4126692
23	61750000	88459980	NA	26709981	245837	2.0005725	245087	8854	27165.0	mappable	0.078725	11.0	self	0.003244066189	0.00010412328	0.0164597654	0.08106725	0.08117137	61750000	61750000	88459980	88459980	0.16972582	1	368602.8	19.19432	0.9842847	NA	NA	0.0	1.000286269	1.0002863	1	1	1:1	2	neutral	4126692
23	88990017	89349936	NA	359920	1088	2.0005725	1088	42	109.0	mappable	0.06079762	11.0	NA	0.021171447142	0.02380952381	0.0194597654	0.10835811	0.13216764	88990017	88990017	89349936	89349936	0.14794564	1	368602.8	19.19432	0.9842847	NA	NA	0.0	1.000286269	1.0002863	1	1	1:1	2	neutral	4126692
23	89349937	90140198	NA	790262	0	0.0	0	0	NA	mappable	NA	NA	NA	NA	inf	0.9858597654	0.10208263	inf	89349937	89349937	90140198	90140198	NA	missing	NA	NA	0.0	NA	NA	0.0	0.0	0.0	0	0	NA	0	homozygousDel	4126692
23	90140199	90220002	NA	79804	134	2.391369	134	7	15.0	mappable	0.07642081	7.0	NA	0.005548252792	0.14285714286	0.0928402346	0.12281864	0.26567578	90140199	90140199	90149998	90220002	NA	missing	393703.1	21.88122	1.0727437	NA	NA	NA	NA	NA	NA	NA	NA	NA	NA	4126692
23	90220003	91529952	NA	1309950	4967	2.0005725	4947	329	529.0	mappable	0.080725	11.0	NA	0.003298241503	0.00286532951	0.0126597654	0.09841996	0.10128529	90220003	90290007	91529952	91529952	0.13982969	1	368602.8	19.19432	0.9842847	NA	NA	0.0	1.000286269	1.0002863	1	1	1:1	2	neutral	4126692
23	91529953	92379999	NA	850047	0	0.0	0	0	NA	mappable	NA	NA	NA	NA	inf	0.9858597654	0.10153736	inf	91529953	91529953	92379999	92379999	NA	missing	NA	NA	0.0	NA	NA	0.0	0.0	0.0	0	0	NA	0	homozygousDel	4126692
23	92380000	154929639	NA	62549640	567097	2.0005725	565413	19637	62280.0	mappable	0.08215	11.0	edge	0.000180933811	4.690212e-05	0.0114597654	0.07722455	0.07727146	92380000	92380000	154929639	154929639	0.16764167	1	368602.8	19.19432	0.9842847	NA	NA	0.0	1.000286269	1.0002863	1	1	1:1	2	neutral	4126692
