#chromosome	start	end	crest	length	tcnNbrOfLoci	tcnMean	tcnNbrOfSNPs	tcnNbrOfHets	dhNbrOfLoci	map	dhMax	cluster	neighbour	distDH	errorSNP	distTcn	errorLength	totalError	minStart	maxStart	minStop	maxStop	area	peaks	meanCovT	meanCovB	tcnMeanRaw	AF	BAF	dhMean	c1Mean	c2Mean	A	B	genotype	TCN	GNL	PID
1	840009	1790074	NA	950066	12399	0.976375516	12299	270	2032.0	mappable	0.226	2.0	edge	0.130116093747	0.0027027027	0.19225743121	0.10071676	0.10341946	840009	840009	1789886	1790074	0.667405	2	301848.7	18.52378	0.790492	18.73647	0.9936018	0.9872035	0.006247088	0.970128428	1	0	1:0	1	LOH	4121974
1	1790075	1850064	NA	59990	578	1.397438115	570	23	93.0	mappable	0.278275	7.0	NA	0.038914369609	0.03225806452	0.10725743121	0.12600462	0.15826268	1790075	1790263	1849999	1850064	NA	missing	327358.7	18.45197	0.8690022	NA	NA	NA	NA	NA	NA	NA	NA	NA	NA	4121974
1	1850065	5729998	NA	3879934	64215	0.976375516	63703	4039	9065.0	mappable	0.249975	2.0	NA	0.164366093747	0.00021973193	0.20945743121	0.09137594	0.09159567	1850065	1850130	5729995	5730001	0.7005378	2	301848.7	18.52378	0.790492	18.73647	0.9936018	0.9872035	0.006247088	0.970128428	1	0	1:0	1	LOH	4121974
1	5729998	5739992	NA	9995	796	1.493963158	719	0	137.0	mappable	NA	NA	NA	0.23967905671	0.01298701299	0.09575743121	0.15052317	0.16351018	5729995	5730001	5739952	5740032	NA	missing	351788.6	NA	0.887	NA	NA	NA	NA	NA	NA	NA	NA	NA	NA	4121974
1	5739992	9109973	NA	3369982	45942	0.976375516	45652	1621	6956.0	mappable	0.20416923	2.0	NA	0.119841093747	0.00052328624	0.19095743121	0.09223259	0.09275588	5739952	5740032	9109926	9109973	0.6992831	2	301848.7	18.52378	0.790492	18.73647	0.9936018	0.9872035	0.006247088	0.970128428	1	0	1:0	1	LOH	4121974
1	9109974	9210026	NA	100053	1246	1.669436567	1243	7	196.0	mappable	0.01906591	3.0	NA	0.056690724435	0.1	0.10695743121	0.12040646	0.22040646	9109974	9110021	9209981	9210071	NA	missing	350947.5	18.54698	0.9197183	NA	NA	NA	NA	NA	NA	NA	NA	NA	NA	4121974
1	9210026	12839977	NA	3629952	46781	0.976375516	46508	1963	7107.0	mappable	0.226	2.0	NA	0.147241093747	0.00044722719	0.20585743121	0.09177882	0.09222605	9209981	9210071	12839977	12839977	0.7071051	2	301848.7	18.52378	0.790492	18.73647	0.9936018	0.9872035	0.006247088	0.970128428	1	0	1:0	1	LOH	4121974
1	13780016	18600001	NA	4819986	64381	0.976375516	64102	3626	9441.0	mappable	0.19670543	2.0	NA	0.109566093747	0.00025608195	0.19905743121	0.09008767	0.09034375	13780016	13780016	18599992	18600001	0.6894753	2	301848.7	18.52378	0.790492	18.73647	0.9936018	0.9872035	0.006247088	0.970128428	1	0	1:0	1	LOH	4121974
1	18600002	19950026	NA	1350025	21926	2.001916959	21825	774	3223.0	mappable	0.07805741	1.0	self	0.003403643095	0.00114285714	0.02825743121	0.09820986	0.09935271	18600002	18600011	19949991	19950026	0.1569249	1	375337.9	19.56942	0.9817117	NA	NA	0.0	1.00095848	1.00095848	1	1	1:1	2	neutral	4121974
1	19950027	25164383	NA	5214357	66509	1.397438115	66236	2753	9913.0	mappable	0.10718676	7.0	identical	0.023941093747	0.00033046927	0.12405743121	0.0896296	0.08996007	19950027	19950062	25158629	25164383	0.4766897	2	327358.7	18.45197	0.8690022	18.48412	0.7123202	0.4246404	0.402014686	0.995423428	1	sub	1:sub	sub	sub	4121974
1	25164384	34349950	NA	9185567	103623	2.001916959	103094	3758	15808.0	mappable	0.08194167	1.0	NA	3.3906253e-05	0.00023326335	0.00925743121	0.08646429	0.08669755	25164384	25170138	34349835	34350065	0.1725892	1	375337.9	19.56942	0.9817117	NA	NA	0.0	1.00095848	1.00095848	1	1	1:1	2	neutral	4121974
1	34349950	34359999	NA	10050	122	2.660986316	122	0	17.0	mappable	NA	NA	NA	NA	inf	0.12184256879	0.15043354	inf	34349835	34350065	34359965	34360033	NA	missing	404291.7	NA	1.1046	NA	NA	NA	NA	NA	NA	NA	NA	NA	NA	4121974
1	34359999	120520055	NA	86160062	1136582	2.001916959	1132291	50590	163180.0	mappable	0.078725	1.0	NA	0.000708979032	1.822157e-05	0.00183807598	0.07587105	0.07588927	34359965	34360033	120519978	120520132	0.1650357	1	375337.9	19.56942	0.9817117	NA	NA	0.0	1.00095848	1.00095848	1	1	1:1	2	neutral	4121974
1	120520055	120529963	NA	9909	113	1.385091053	113	0	23.0	mappable	NA	NA	NA	NA	inf	0.11605743121	0.15066454	inf	120519978	120520132	120529963	120529963	NA	missing	331920.0	NA	0.8667	NA	NA	NA	NA	NA	NA	NA	NA	NA	NA	4121974
1	121220004	121229986	NA	9983	177	2.001916959	176	11	17.0	mappable	0.05822328	1.0	NA	0.030764078667	0.08333333333	0.01685743121	0.15054281	0.23387614	121220004	121220004	121229986	121229986	NA	missing	375337.9	19.56942	0.9817117	NA	NA	NA	NA	NA	NA	NA	NA	NA	NA	4121974
1	144010127	144019970	NA	9844	155	1.997357739	95	0	22.0	mappable	NA	9.0	NA	0.247266093747	0.01666666667	0.00124256879	0.15077238	0.16743905	144010127	144010127	144019970	144019970	NA	missing	373426.2	NA	0.9808616	NA	NA	NA	NA	NA	NA	NA	NA	NA	NA	4121974
1	144920087	145739956	NA	819870	6366	2.001916959	5779	142	861.0	mappable	0.07269079	1.0	self	0.001136745921	0.00137174211	0.01954256879	0.10180689	0.10317863	144920087	144920087	145739956	145739956	0.1355758	1	375337.9	19.56942	0.9817117	NA	NA	0.0	1.00095848	1.00095848	1	1	1:1	2	neutral	4121974
1	146540101	147379982	NA	839882	11012	2.001916959	10984	482	1544.0	mappable	0.08205714	1.0	self	0.001048786054	0.00196078431	0.00164256879	0.10162691	0.10358769	146540101	146540101	147379941	147379982	0.1888966	1	375337.9	19.56942	0.9817117	NA	NA	0.0	1.00095848	1.00095848	1	1	1:1	2	neutral	4121974
1	149815060	169149975	NA	19334924	249391	2.001916959	248440	9783	36717.0	mappable	0.08215	1.0	self	0.002365690278	9.316192e-05	0.00998753714	0.08262856	0.08272172	149815060	149815060	169149927	169150023	0.1689159	1	375337.9	19.56942	0.9817117	NA	NA	0.0	1.00095848	1.00095848	1	1	1:1	2	neutral	4121974
1	169149975	169159994	NA	10020	142	2.903401053	142	6	28.0	mappable	0.163875	NA	identical	0.081691093747	0.16666666667	0.16704256879	0.15048235	0.31714902	169149927	169150023	169159948	169160040	NA	missing	391261.7	20.45376	1.1498	NA	NA	NA	NA	NA	NA	NA	NA	NA	NA	4121974
1	169159994	225019861	NA	55859872	754461	2.001916959	751681	33337	108361.0	mappable	0.08215	1.0	NA	0.000292069108	2.768779e-05	0.00060649668	0.07771424	0.07774193	169159948	169160040	225019623	225019861	0.157611	1	375337.9	19.56942	0.9817117	NA	NA	0.0	1.00095848	1.00095848	1	1	1:1	2	neutral	4121974
1	225019862	225039953	NA	20092	345	1.641986316	345	0	41.0	mappable	NA	NA	NA	NA	inf	0.06815743121	0.13991558	inf	225019862	225020100	225039892	225039953	NA	missing	359930.2	NA	0.9146	NA	NA	NA	NA	NA	NA	NA	NA	NA	NA	4121974
1	225039954	225219997	NA	180044	1938	2.033496842	1935	1	266.0	mappable	0.26315789	NA	NA	0.074721356905	0.25	0.00484256879	0.11456073	0.36456073	225039954	225040015	225219952	225220042	NA	missing	381906.4	24.12041	0.9876	NA	NA	NA	NA	NA	NA	NA	NA	NA	NA	4121974
1	225219997	225244939	NA	24943	294	2.400400127	293	0	38.0	mappable	NA	5.0	NA	0.203530379461	1.0	0.10254256879	0.13692677	1.13692677	225219952	225220042	225239858	225250020	NA	missing	454802.3	NA	1.0560118	NA	NA	NA	NA	NA	NA	NA	NA	NA	NA	4121974
1	225244939	249209945	NA	23965008	337917	2.001916959	336204	19499	48550.0	mappable	0.08215	1.0	edge	0.000241782248	4.714313e-05	0.00404664661	0.08158461	0.08163176	225239858	225250020	249209945	249209945	0.1700179	1	375337.9	19.56942	0.9817117	NA	NA	0.0	1.00095848	1.00095848	1	1	1:1	2	neutral	4121974
2	20016	6989197	NA	6969183	115184	2.001916959	114286	5659	17121.0	mappable	0.08215	1.0	edge	0.002241235063	0.00015253203	0.00138485516	0.08797954	0.08813207	20016	20016	6989090	6989197	0.1733165	1	375337.9	19.56942	0.9817117	NA	NA	0.0	1.00095848	1.00095848	1	1	1:1	2	neutral	4121974
2	6989198	6990520	DEL	1323	17	2.153095263	17	0	1.0	mappable	NA	NA	NA	NA	inf	0.02714256879	0.19287152	inf	6989198	6989249	6990473	6990520	NA	missing	384176.2	NA	1.0099	NA	NA	NA	NA	NA	NA	NA	NA	NA	NA	4121974
2	6990521	58383066	DEL	51392555	799791	2.001916959	797046	37620	114742.0	mappable	0.078725	1.0	NA	0.001485269754	2.477394e-05	0.00132537383	0.07807908	0.07810385	6990521	6990658	58383060	58383066	0.16818	1	375337.9	19.56942	0.9817117	NA	NA	0.0	1.00095848	1.00095848	1	1	1:1	2	neutral	4121974
2	58383067	61159074	DUP	2776008	38805	3.928300526	38663	1899	5598.0	mappable	0.27878947	NA	identical	0.195076577618	0.0004899559	0.35814256879	0.09343795	0.0939279	58383067	58383069	61159026	61159074	0.8506036	2	514105.1	32.71578	1.3409	18.81271	0.7496381	0.4992762	0.983496842	2.944803684	3	1	3:1	4	gain	4121974
2	61159075	67399968	DUP	6240900	79765	2.001916959	79467	2955	11818.0	mappable	0.08531667	1.0	NA	0.002986408775	0.00030740855	0.00027556071	0.08860016	0.08890757	61159075	61159109	67399931	67400005	0.2053044	1	375337.9	19.56942	0.9817117	NA	NA	0.0	1.00095848	1.00095848	1	1	1:1	2	neutral	4121974
2	67399968	67410054	NA	10087	155	2.56874	155	0	17.0	mappable	NA	NA	NA	NA	inf	0.10464256879	0.15037357	inf	67399931	67400005	67409996	67410112	NA	missing	395192.5	NA	1.0874	NA	NA	NA	NA	NA	NA	NA	NA	NA	NA	4121974
2	67410054	87059860	NA	19649807	277530	2.001916959	276634	11680	40322.0	mappable	0.07898889	1.0	NA	0.003458906253	7.951654e-05	0.00374256879	0.08254908	0.08262859	67409996	67410112	87059860	87059860	0.1492461	1	375337.9	19.56942	0.9817117	NA	NA	0.0	1.00095848	1.00095848	1	1	1:1	2	neutral	4121974
2	88330099	89094923	NA	764825	9479	2.001916959	9432	313	1409.0	mappable	0.07164038	1.0	self	0.017158906253	0.00277777778	0.01624256879	0.10232916	0.10510694	88330099	88330099	89059837	89130009	0.2027634	1	375337.9	19.56942	0.9817117	NA	NA	0.0	1.00095848	1.00095848	1	1	1:1	2	neutral	4121974
2	89094923	89229990	NA	135068	2404	0.418113684	2401	55	420.0	mappable	0.1717	NA	NA	0.096041093747	0.01724137931	0.29635743121	0.11734798	0.13458936	89059837	89130009	89229990	89229990	0.3780056	2	273643.4	15.84251	0.6864	19.56156	1.1950902	1.0	0.0	0.418113684	sub	0	sub:0	sub	sub	4121974
2	89840102	90239998	NA	399897	914	2.001916959	903	24	191.0	mappable	0.04665	1.0	self	0.032820444715	0.02857142857	4.256879e-05	0.10747332	0.13604475	89840102	89840102	90239998	90239998	NA	missing	375337.9	19.56942	0.9817117	NA	NA	NA	NA	NA	NA	NA	NA	NA	NA	4121974
2	95580145	96239991	NA	659847	4445	2.001916959	4413	131	664.0	mappable	0.07941316	1.0	NA	0.014014394058	0.00613496933	0.02474256879	0.10345663	0.1095916	95580145	95580145	96239991	96239991	0.2160026	1	375337.9	19.56942	0.9817117	NA	NA	0.0	1.00095848	1.00095848	1	1	1:1	2	neutral	4121974
2	96239992	96740020	NA	500029	0	0.0	0	0	NA	mappable	NA	NA	NA	NA	inf	0.98275743121	0.10564318	inf	96239992	96239992	96740020	96740020	NA	missing	NA	NA	0.0	NA	NA	0.0	0.0	0.0	0	0	NA	0	homozygousDel	4121974
2	96740021	132189994	NA	35449974	448579	2.001916959	447048	19708	64071.0	mappable	0.078725	1.0	NA	0.000797391019	4.708763e-05	0.00256927706	0.0797471	0.07979419	96740021	96740021	132189994	132189994	0.1523295	1	375337.9	19.56942	0.9817117	NA	NA	0.0	1.00095848	1.00095848	1	1	1:1	2	neutral	4121974
2	132189995	133009999	NA	820005	0	0.0	0	0	NA	mappable	NA	NA	NA	NA	inf	0.98275743121	0.10180566	inf	132189995	132189995	133009999	133009999	NA	missing	NA	NA	0.0	NA	NA	0.0	0.0	0.0	0	0	NA	0	homozygousDel	4121974
2	133010000	167429954	NA	34419955	464287	2.001916959	462715	18543	66874.0	mappable	0.08251389	1.0	NA	0.001457156235	4.971662e-05	0.00118793685	0.0798826	0.07993232	133010000	133010000	167429898	167429954	0.168095	1	375337.9	19.56942	0.9817117	NA	NA	0.0	1.00095848	1.00095848	1	1	1:1	2	neutral	4121974
2	167429955	167440032	NA	10078	196	2.656434067	184	0	18.0	mappable	NA	8.0	identical	0.045385324516	0.08333333333	0.15374256879	0.15038813	0.23372147	167429955	167430011	167439957	167440032	NA	missing	415013.0	NA	1.1037512	NA	NA	NA	NA	NA	NA	NA	NA	NA	NA	4121974
2	167440033	175999966	NA	8559935	116933	2.001916959	116470	5246	16928.0	mappable	0.079	1.0	self	0.001641912911	0.00017516202	0.00469823919	0.08684638	0.08702155	167440033	167440108	175999852	176000080	0.1675331	1	375337.9	19.56942	0.9817117	NA	NA	0.0	1.00095848	1.00095848	1	1	1:1	2	neutral	4121974
2	175999966	177630059	NA	1630094	21631	2.893211053	21558	741	3144.0	mappable	0.09123707	NA	NA	0.010241093747	0.00122850123	0.16514256879	0.09691555	0.09814405	175999852	176000080	177629937	177630059	0.5435115	2	440271.6	24.94872	1.1479	18.81969	0.6418578	0.2837156	1.03618093	1.857030123	2	1	2:1	3	gain	4121974
2	177630060	177639983	NA	9924	171	2.400400127	171	15	24.0	mappable	0.28960143	5.0	NA	0.207417519185	0.06666666667	0.06784256879	0.15063977	0.21730644	177630060	177630182	177639961	177639983	NA	missing	454802.3	29.55675	1.0560118	NA	NA	NA	NA	NA	NA	NA	NA	NA	NA	4121974
2	177639984	178200031	NA	560048	7719	2.997256316	7688	294	1043.0	mappable	0.12153889	NA	NA	0.045176904558	0.00307692308	0.18454256879	0.10473841	0.10781534	177639984	177640006	178199961	178200101	0.6501756	2	444083.7	25.81882	1.1673	18.66716	0.6700117	0.3400234	0.989059559	2.008196756	2	1	2:1	3	gain	4121974
2	178200031	183069986	NA	4869956	66781	2.457660955	66540	3339	9463.0	mappable	0.0816473	4.0	NA	3.3906253e-05	0.00027932961	0.08264256879	0.09002733	0.09030665	178199961	178200101	183069936	183070036	0.2910598	1	408934.6	21.89748	1.0666885	NA	NA	0.0	1.228830478	1.228830478	1	1	1:1	2	neutral	4121974
2	183069986	232259886	NA	49189905	656080	2.992528692	653825	26743	94301.0	mappable	0.112975	NA	NA	0.030621072148	3.448514e-05	0.18366108132	0.07827219	0.07830668	183069936	183070036	232259759	232260013	0.6017636	2	446968.0	25.82482	1.1664185	18.8026	0.6625894	0.3251788	1.009710945	1.982817747	2	1	2:1	3	gain	4121974
2	232259886	232269992	NA	10107	126	3.651561579	126	3	20.0	mappable	0.26857689	NA	NA	0.186392980539	0.33333333333	0.30654256879	0.15034127	0.4836746	232259759	232260013	232269951	232269992	NA	missing	457952.0	29.1424	1.2893	NA	NA	NA	NA	NA	NA	NA	NA	NA	NA	4121974
2	232269993	242999969	NA	10729979	169729	2.888768213	168715	8826	24979.0	mappable	0.126675	NA	edge	0.045526466315	0.00010162602	0.16431412168	0.08563424	0.08573587	232269993	232270034	242999969	242999969	0.5842154	2	437974.2	25.30517	1.1470716	18.735	0.6656357	0.3312714	0.965900965	1.922867248	2	1	2:1	3	gain	4121974
3	100074	75270083	NA	75170022	1094842	2.001916959	1090801	51992	155830.0	mappable	0.078725	1.0	edge	0.001533468105	1.784663e-05	0.00399511756	0.07644192	0.07645977	100074	100074	75269924	75270242	0.1673546	1	375337.9	19.56942	0.9817117	NA	NA	0.0	1.00095848	1.00095848	1	1	1:1	2	neutral	4121974
3	75270083	75279989	NA	9907	404	2.457660955	386	0	83.0	mappable	NA	4.0	NA	0.034407925861	0.05555555556	0.12584256879	0.15066784	0.2062234	75269924	75270242	75279989	75279989	NA	missing	408934.6	NA	1.0666885	NA	NA	NA	NA	NA	NA	NA	NA	NA	NA	4121974
3	75279990	75930080	NA	650091	0	0.0	0	0	NA	mappable	NA	NA	NA	NA	inf	0.98275743121	0.10357176	inf	75279990	75279990	75930080	75930080	NA	missing	NA	NA	0.0	NA	NA	0.0	0.0	0.0	0	0	NA	0	homozygousDel	4121974
3	75930081	90499969	NA	14569892	206830	2.001916959	206183	8740	30133.0	mappable	0.081175	1.0	NA	0.001040070291	0.00010653031	0.00977885463	0.08404602	0.08415255	75930081	75930081	90499969	90499969	0.1395152	1	375337.9	19.56942	0.9817117	NA	NA	0.0	1.00095848	1.00095848	1	1	1:1	2	neutral	4121974
3	93570175	103275372	NA	9705200	135828	2.001916959	135349	5667	19335.0	mappable	0.08226154	1.0	self	0.000504613115	0.00016270745	0.00729712161	0.08616854	0.08633125	93570175	93570175	103269929	103275372	0.1660384	1	375337.9	19.56942	0.9817117	NA	NA	0.0	1.00095848	1.00095848	1	1	1:1	2	neutral	4121974
3	103290071	113860017	NA	10569947	148593	2.001916959	148183	6833	20730.0	mappable	0.07808659	1.0	NA	0.00471043584	0.00013806434	0.00028667821	0.0857138	0.08585187	103290071	103290167	113859942	113860092	0.1530224	1	375337.9	19.56942	0.9817117	NA	NA	0.0	1.00095848	1.00095848	1	1	1:1	2	neutral	4121974
3	113860017	113880042	NA	20026	259	1.765338947	259	0	37.0	mappable	NA	NA	NA	NA	inf	0.04515743121	0.13996206	inf	113859942	113860092	113879997	113880087	NA	missing	368391.7	NA	0.9376	NA	NA	NA	NA	NA	NA	NA	NA	NA	NA	4121974
3	113880042	197779892	NA	83899862	1135192	2.001916959	1130793	57034	162834.0	mappable	0.078725	1.0	edge	0.000658975924	1.62779e-05	0.00126052566	0.07598159	0.07599787	113879997	113880087	197779892	197779892	0.1548116	1	375337.9	19.56942	0.9817117	NA	NA	0.0	1.00095848	1.00095848	1	1	1:1	2	neutral	4121974
4	50084	70007	NA	19924	460	1.541695263	437	3	83.0	mappable	0.2225377	NA	edge	0.208489424398	0.03846153846	0.08685743121	0.14003426	0.17849579	50084	50084	69964	70050	NA	missing	1449752.0	91.28068	0.8959	NA	NA	NA	NA	NA	NA	NA	NA	NA	NA	4121974
4	70007	1710077	NA	1640071	22911	0.976375516	22603	1282	3652.0	mappable	0.20390658	2.0	NA	0.074295041115	0.00062893082	0.19915743121	0.09687422	0.09750315	69964	70050	1709966	1710077	0.6771328	2	301848.7	18.52378	0.790492	18.73647	0.9936018	0.9872035	0.006247088	0.970128428	1	0	1:0	1	LOH	4121974
4	1710078	1730002	NA	19925	352	1.620533684	351	44	49.0	mappable	0.14103676	NA	NA	0.059621356905	0.02222222222	0.07215743121	0.14003355	0.16225577	1710078	1710189	1729988	1730016	0.8132306	2	344259.4	21.50731	0.9106	18.55043	0.875924	0.7518481	0.20106929	1.419464394	sub	0	sub:0	sub	sub	4121974
4	1730002	8939952	NA	7209951	121904	0.976375516	121011	5632	17725.0	mappable	0.1986	2.0	NA	0.115907185701	0.0001532567	0.19554516336	0.08779031	0.08794356	1729988	1730016	8939952	8939952	0.6627008	2	301848.7	18.52378	0.790492	18.73647	0.9936018	0.9872035	0.006247088	0.970128428	1	0	1:0	1	LOH	4121974
4	9800043	12510049	NA	2710007	49513	0.976375516	49340	2118	6942.0	mappable	0.181025	2.0	NA	0.092441093747	0.00043649062	0.19725743121	0.09358973	0.09402622	9800043	9800043	12509976	12510049	0.7062385	2	301848.7	18.52378	0.790492	18.73647	0.9936018	0.9872035	0.006247088	0.970128428	1	0	1:0	1	LOH	4121974
4	12510050	12519983	NA	9934	163	1.569047368	162	21	17.0	mappable	0.28119783	NA	NA	0.277354447784	0.04545454545	0.08175743121	0.15062329	0.19607784	12510050	12510123	12519944	12519983	NA	missing	305966.7	19.54787	0.901	NA	NA	NA	NA	NA	NA	NA	NA	NA	NA	4121974
4	12519984	32921714	NA	20401732	315186	0.976375516	314137	14575	44663.0	mappable	0.20545	2.0	NA	0.124251736887	6.400819e-05	0.18293918262	0.0823649	0.08242891	12519984	12520023	32921635	32921714	0.6865401	2	301848.7	18.52378	0.790492	18.73647	0.9936018	0.9872035	0.006247088	0.970128428	1	0	1:0	1	LOH	4121974
4	32921715	32926429	INV	4715	66	2.087664737	66	0	9.0	mappable	NA	NA	NA	NA	inf	0.01494256879	0.16389356	inf	32921715	32921856	32926409	32926429	NA	missing	372528.9	NA	0.9977	NA	NA	NA	NA	NA	NA	NA	NA	NA	NA	4121974
4	32926430	32926780	CTX	351	7	2.087664737	7	0	2.0	mappable	NA	NA	NA	NA	inf	0.01494256879	0.23653727	inf	32926430	32926496	32926777	32926780	NA	missing	372528.9	NA	0.9977	NA	NA	NA	NA	NA	NA	NA	NA	NA	NA	4121974
4	32926781	49089961	INV	16163185	233835	2.001916959	233050	10706	32913.0	mappable	0.0817	1.0	NA	0.000924442155	8.702463e-05	0.00936034457	0.08352053	0.08360755	32926781	32926862	49089961	49089961	0.1521213	1	375337.9	19.56942	0.9817117	NA	NA	0.0	1.00095848	1.00095848	1	1	1:1	2	neutral	4121974
4	52680564	81309993	NA	28629434	403195	2.001916959	401702	20676	57184.0	mappable	0.08215	1.0	self	0.000242096179	4.510803e-05	0.00346627841	0.08073959	0.0807847	52680564	52680564	81309902	81310084	0.1532178	1	375337.9	19.56942	0.9817117	NA	NA	0.0	1.00095848	1.00095848	1	1	1:1	2	neutral	4121974
4	81309993	81319983	NA	9991	194	3.024072105	193	0	33.0	mappable	NA	NA	identical	0.593491769422	1.0	0.18954256879	0.15052971	1.15052971	81309902	81310084	81319959	81319983	NA	missing	409104.3	NA	1.1723	NA	NA	NA	NA	NA	NA	NA	NA	NA	NA	4121974
4	81319984	144079980	NA	62760001	837869	2.001916959	835218	40241	118566.0	mappable	0.078725	1.0	NA	0.0020046306	2.331437e-05	0.00214148497	0.07721011	0.07723343	81319984	81320008	144079960	144079980	0.149152	1	375337.9	19.56942	0.9817117	NA	NA	0.0	1.00095848	1.00095848	1	1	1:1	2	neutral	4121974
4	144079981	144099950	NA	19970	252	2.633634211	252	0	38.0	mappable	NA	NA	NA	NA	inf	0.11674256879	0.14000164	inf	144079981	144080001	144099894	144099950	NA	missing	394882.9	NA	1.0995	NA	NA	NA	NA	NA	NA	NA	NA	NA	NA	4121974
4	144099951	183199948	NA	39100007	552607	2.001916959	550811	24679	78854.0	mappable	0.08088333	1.0	NA	0.000423601477	3.777148e-05	0.00249468015	0.07930005	0.07933782	144099951	144100007	183199871	183200025	0.1687789	1	375337.9	19.56942	0.9817117	NA	NA	0.0	1.00095848	1.00095848	1	1	1:1	2	neutral	4121974
4	183199948	183209968	NA	10021	155	1.33575	155	0	23.0	mappable	NA	NA	NA	NA	inf	0.12525743121	0.15048072	inf	183199871	183200025	183209912	183209968	NA	missing	332833.8	NA	0.8575	NA	NA	NA	NA	NA	NA	NA	NA	NA	NA	4121974
4	183209969	190939997	NA	7730030	126836	2.001916959	125870	6422	18654.0	mappable	0.08215	1.0	edge	0.001283083083	0.00013535463	0.00601226186	0.08740478	0.08754014	183209969	183210025	190939997	190939997	0.1693389	1	375337.9	19.56942	0.9817117	NA	NA	0.0	1.00095848	1.00095848	1	1	1:1	2	neutral	4121974
5	50017	2910026	NA	2860012	47600	2.001916959	47116	2573	7533.0	mappable	0.08215	1.0	edge	0.000200573563	0.00032711809	0.00872876104	0.09325057	0.09357769	50017	50017	2909970	2910026	0.1808806	1	375337.9	19.56942	0.9817117	NA	NA	0.0	1.00095848	1.00095848	1	1	1:1	2	neutral	4121974
5	2910027	2930062	NA	20036	332	2.461476842	332	0	49.0	mappable	NA	NA	NA	NA	inf	0.08464256879	0.13995501	inf	2910027	2910083	2929958	2930062	NA	missing	381177.8	NA	1.0674	NA	NA	NA	NA	NA	NA	NA	NA	NA	NA	4121974
5	2930063	10719981	NA	7789920	129497	2.001916959	128950	7588	17995.0	mappable	0.0799803	1.0	NA	0.00320956171	0.00012292563	0.00213569325	0.08736227	0.0874852	2930063	2930167	10719944	10719981	0.1409908	1	375337.9	19.56942	0.9817117	NA	NA	0.0	1.00095848	1.00095848	1	1	1:1	2	neutral	4121974
5	10719982	10730036	NA	10055	183	1.263883684	183	0	29.0	mappable	NA	NA	NA	NA	inf	0.13865743121	0.15042542	inf	10719982	10720019	10729977	10730036	NA	missing	347520.0	NA	0.8441	NA	NA	NA	NA	NA	NA	NA	NA	NA	NA	4121974
5	10730037	21899921	NA	11169887	158457	2.001916959	157929	6823	22684.0	mappable	0.078525	1.0	NA	0.000866567467	0.00013603591	0.00423341804	0.08542222	0.08555826	10730037	10730096	21899841	21900001	0.1412806	1	375337.9	19.56942	0.9817117	NA	NA	0.0	1.00095848	1.00095848	1	1	1:1	2	neutral	4121974
5	21899921	21910019	NA	10099	181	2.698528421	181	0	19.0	mappable	NA	NA	NA	NA	inf	0.12884256879	0.15035418	inf	21899841	21900001	21909963	21910075	NA	missing	421857.0	NA	1.1116	NA	NA	NA	NA	NA	NA	NA	NA	NA	NA	4121974
5	21910019	37739991	NA	15829973	226665	2.001916959	225901	12108	32136.0	mappable	0.08039286	1.0	NA	0.002928803205	7.7688e-05	0.00406567823	0.08362548	0.08370317	21909963	21910075	37739944	37740038	0.1536637	1	375337.9	19.56942	0.9817117	NA	NA	0.0	1.00095848	1.00095848	1	1	1:1	2	neutral	4121974
5	37739991	37799997	NA	60007	760	2.656434067	760	22	114.0	mappable	0.12531974	8.0	NA	0.043135830589	0.04545454545	0.10434256879	0.12600137	0.17145592	37739944	37740038	37799952	37800042	NA	missing	415013.0	21.6729	1.1037512	NA	NA	NA	NA	NA	NA	NA	NA	NA	NA	4121974
5	37799997	37809986	NA	9990	158	1.397438115	145	0	20.0	mappable	NA	7.0	NA	0.001189675484	0.07692307692	0.12715743121	0.15053135	0.22745443	37799952	37800042	37809941	37809986	NA	missing	327358.7	NA	0.8690022	NA	NA	NA	NA	NA	NA	NA	NA	NA	NA	4121974
5	37809987	46399990	NA	8590005	125489	2.001916959	125214	2830	18650.0	mappable	0.0798	1.0	self	0.003135872367	0.00032206119	0.00671795468	0.08682731	0.08714937	37809987	37810032	46399990	46399990	0.1759654	1	375337.9	19.56942	0.9817117	NA	NA	0.0	1.00095848	1.00095848	1	1	1:1	2	neutral	4121974
5	49470005	68829703	NA	19359703	256591	2.001916959	255671	13116	36761.0	mappable	0.07874359	1.0	self	0.002141278528	7.125552e-05	0.00173173974	0.08262225	0.08269351	49470005	49470005	68829703	68829703	0.1520389	1	375337.9	19.56942	0.9817117	NA	NA	0.0	1.00095848	1.00095848	1	1	1:1	2	neutral	4121974
5	70750153	75549996	NA	4799844	65970	2.001916959	65756	3043	9392.0	mappable	0.0811913	1.0	self	3.3906253e-05	0.00030703101	0.01145743121	0.09011219	0.09041922	70750153	70750153	75549985	75550007	0.1482604	1	375337.9	19.56942	0.9817117	NA	NA	0.0	1.00095848	1.00095848	1	1	1:1	2	neutral	4121974
5	75549996	75559966	NA	9971	158	1.127123158	158	4	25.0	mappable	0.10571121	NA	identical	0.023527300643	0.25	0.16415743121	0.15056247	0.40056247	75549985	75550007	75559930	75560002	NA	missing	333776.0	18.54311	0.8186	NA	NA	NA	NA	NA	NA	NA	NA	NA	NA	4121974
5	75559966	104489902	NA	28929938	381747	2.001916959	380681	14816	54999.0	mappable	0.08215	1.0	NA	0.000971482805	6.296436e-05	0.00039614166	0.08069052	0.08075348	75559930	75560002	104489717	104490087	0.1397158	1	375337.9	19.56942	0.9817117	NA	NA	0.0	1.00095848	1.00095848	1	1	1:1	2	neutral	4121974
5	104489902	104499974	NA	10073	161	2.567667368	161	0	28.0	mappable	NA	NA	NA	NA	inf	0.10444256879	0.15039623	inf	104489717	104490087	104499932	104499974	NA	missing	388513.3	NA	1.0872	NA	NA	NA	NA	NA	NA	NA	NA	NA	NA	4121974
5	104499975	180689979	NA	76190012	1081611	2.001916959	1078204	44118	155060.0	mappable	0.08215	1.0	edge	0.001662052092	2.104156e-05	0.00442751953	0.07638515	0.07640619	104499975	104500017	180689979	180689979	0.1682535	1	375337.9	19.56942	0.9817117	NA	NA	0.0	1.00095848	1.00095848	1	1	1:1	2	neutral	4121974
6	201976	20729995	NA	20528022	308783	2.001916959	307216	15966	44555.0	mappable	0.08215	1.0	edge	0.000622237007	5.70353e-05	0.0052322284	0.08233471	0.08239175	201976	201976	20729930	20730060	0.1779858	1	375337.9	19.56942	0.9817117	NA	NA	0.0	1.00095848	1.00095848	1	1	1:1	2	neutral	4121974
6	20729995	20739982	NA	9988	222	1.114787895	222	24	39.0	mappable	0.07171667	NA	identical	0.010467239587	0.04166666667	0.16645743121	0.15053462	0.19220129	20729930	20730060	20739958	20739982	NA	missing	324377.1	17.6136	0.8163	NA	NA	NA	NA	NA	NA	NA	NA	NA	NA	4121974
6	20739983	31699990	NA	10960008	163032	2.001916959	161824	9090	23797.0	mappable	0.081	1.0	self	0.001403702203	9.710623e-05	0.00310901219	0.08552218	0.08561929	20739983	20740007	31699980	31700000	0.2010271	1	375337.9	19.56942	0.9817117	NA	NA	0.0	1.00095848	1.00095848	1	1	1:1	2	neutral	4121974
6	31699990	31709994	NA	10005	142	2.987602632	140	1	23.0	mappable	0.04166667	NA	identical	0.015797047279	0.33333333333	0.18274256879	0.15050683	0.48384016	31699980	31700000	31709969	31709994	NA	missing	405142.9	21.10119	1.1655	NA	NA	NA	NA	NA	NA	NA	NA	NA	NA	4121974
6	31709995	32509998	NA	800004	11599	2.001916959	11583	124	1879.0	mappable	0.11802045	1.0	NA	0.043487522318	0.00714285714	0.00595743121	0.10199061	0.10913347	31709995	31710020	32509985	32509998	0.2464355	1	375337.9	19.56942	0.9817117	NA	NA	0.0	1.00095848	1.00095848	1	1	1:1	2	neutral	4121974
6	32509999	32565004	NA	55006	3157	1.517561053	3157	0	491.0	mappable	NA	NA	NA	NA	inf	0.09135743121	0.12700589	inf	32509999	32510012	32559997	32565004	NA	missing	356358.7	NA	0.8914	NA	NA	NA	NA	NA	NA	NA	NA	NA	NA	4121974
6	32565005	51449899	NA	18884901	277414	2.001916959	276264	11506	40106.0	mappable	0.081175	1.0	NA	0.001905549889	7.901391e-05	0.00189165154	0.08274471	0.08282372	32565005	32570012	51449756	51449899	0.1766394	1	375337.9	19.56942	0.9817117	NA	NA	0.0	1.00095848	1.00095848	1	1	1:1	2	neutral	4121974
6	51449900	51470029	NA	20130	293	2.5076	293	0	32.0	mappable	NA	NA	NA	NA	inf	0.09324256879	0.1398889	inf	51449900	51450043	51469888	51470170	NA	missing	391265.4	NA	1.076	NA	NA	NA	NA	NA	NA	NA	NA	NA	NA	4121974
6	51470029	58019982	NA	6549954	95745	2.001916959	93834	4038	13902.0	mappable	0.07951346	1.0	NA	0.003458906253	0.00016809548	0.00934256879	0.08832731	0.08849541	51469888	51470170	58019982	58019982	0.1574718	1	375337.9	19.56942	0.9817117	NA	NA	0.0	1.00095848	1.00095848	1	1	1:1	2	neutral	4121974
6	58610011	58769997	NA	159987	572	2.396046316	547	59	95.0	mappable	0.38570877	NA	NA	0.290785830589	0.0119047619	0.07244256879	0.11568989	0.12759465	58610011	58610011	58769997	58769997	0.7548776	2	506110.5	33.18758	1.0552	23.53458	0.8678357	0.7356715	0.316671682	2.079374633	2	sub	2:sub	sub	sub	4121974
6	61890002	136177230	NA	74287236	1024966	2.001916959	1021593	49474	145576.0	mappable	0.08215	1.0	self	0.001435569729	1.892362e-05	0.00106972647	0.07649175	0.07651067	61890002	61890002	136177134	136177230	0.1581955	1	375337.9	19.56942	0.9817117	NA	NA	0.0	1.00095848	1.00095848	1	1	1:1	2	neutral	4121974
6	136177231	139645018	INV	3467788	50380	1.669436567	50275	1579	7537.0	mappable	0.0769	3.0	NA	0.004356633526	0.00059382423	0.06105743121	0.09205736	0.09265119	136177231	136177246	139639954	139645018	0.2200724	1	350947.5	18.54698	0.9197183	NA	NA	0.0	0.834718283	0.834718283	1	1	1:1	2	neutral	4121974
6	139645019	139659980	NA	14962	153	1.136776842	152	0	28.0	mappable	NA	NA	NA	0.208138674392	1.0	0.16235743121	0.14420634	1.14420634	139645019	139650083	139659948	139660012	NA	missing	333033.3	NA	0.8204	NA	NA	NA	NA	NA	NA	NA	NA	NA	NA	4121974
6	139659980	144663355	NA	5003376	67710	2.001916959	67459	3069	9627.0	mappable	0.07793929	1.0	self	0.003458906253	0.00030120482	0.00405743121	0.08986958	0.09017079	139659948	139660012	144663233	144663355	0.1462757	1	375337.9	19.56942	0.9817117	NA	NA	0.0	1.00095848	1.00095848	1	1	1:1	2	neutral	4121974
6	144663356	146834996	INV	2171641	29620	2.001916959	29558	809	4304.0	mappable	0.08081429	1.0	NA	3.3906253e-05	0.00114810563	0.01585743121	0.09501028	0.09615838	144663356	144663385	146829924	146834996	0.1957667	1	375337.9	19.56942	0.9817117	NA	NA	0.0	1.00095848	1.00095848	1	1	1:1	2	neutral	4121974
6	146834997	146860098	NA	25102	235	1.235458947	235	0	42.0	mappable	NA	NA	NA	NA	inf	0.14395743121	0.13684089	inf	146834997	146840069	146859954	146860242	NA	missing	346814.4	NA	0.8388	NA	NA	NA	NA	NA	NA	NA	NA	NA	NA	4121974
6	146860098	170899935	NA	24039842	365900	2.001916959	363924	19481	53798.0	mappable	0.07936667	1.0	edge	0.000609799349	4.660484e-05	0.00511776627	0.08156965	0.08161625	146859954	146860242	170899935	170899935	0.1610643	1	375337.9	19.56942	0.9817117	NA	NA	0.0	1.00095848	1.00095848	1	1	1:1	2	neutral	4121974
7	40386	8160000	NA	8119615	129510	2.001916959	128687	6355	19358.0	mappable	0.078725	1.0	edge	3.3906253e-05	0.00013931457	0.01425743121	0.08713466	0.08727397	40386	40386	8159964	8160036	0.1686742	1	375337.9	19.56942	0.9817117	NA	NA	0.0	1.00095848	1.00095848	1	1	1:1	2	neutral	4121974
7	8160000	8179994	NA	19995	360	2.598237368	360	0	62.0	mappable	NA	NA	NA	NA	inf	0.11014256879	0.13998396	inf	8159964	8160036	8179975	8180013	NA	missing	400590.2	NA	1.0929	NA	NA	NA	NA	NA	NA	NA	NA	NA	NA	4121974
7	8179994	19924955	NA	11744962	206747	2.001916959	206126	11185	28823.0	mappable	0.07935	1.0	NA	3.3906253e-05	8.470269e-05	0.00684256879	0.08515879	0.08524349	8179975	8180013	19919889	19924955	0.1591133	1	375337.9	19.56942	0.9817117	NA	NA	0.0	1.00095848	1.00095848	1	1	1:1	2	neutral	4121974
7	19924956	19945009	NA	20054	262	1.397438115	255	46	24.0	mappable	0.06732037	7.0	identical	0.012179276624	0.01886792453	0.14365743121	0.13994232	0.15881024	19924956	19930022	19939996	19945009	0.3260869	1	327358.7	18.45197	0.8690022	NA	NA	0.0	0.698719057	0.698719057	sub	sub	sub:sub	sub	sub	4121974
7	19945010	57999988	NA	38054985	518254	2.001916959	516407	26440	73767.0	mappable	0.078725	1.0	self	0.001888718528	3.535193e-05	0.00241396295	0.07942313	0.07945848	19945010	19950023	57999988	57999988	0.1668696	1	375337.9	19.56942	0.9817117	NA	NA	0.0	1.00095848	1.00095848	1	1	1:1	2	neutral	4121974
7	61749999	61770003	NA	20005	1174	2.852987368	1173	0	182.0	mappable	NA	NA	NA	0.082183906253	1.0	0.15764256879	0.13997689	1.13997689	61749999	61750000	61759991	61770003	NA	missing	209038.8	NA	1.1404	NA	NA	NA	NA	NA	NA	NA	NA	NA	NA	4121974
7	61770004	61789997	NA	19994	1143	2.400400127	1138	0	367.0	mappable	NA	5.0	NA	0.215951808032	0.2	0.07204256879	0.13998466	0.33998466	61770004	61780016	61789990	61790004	NA	missing	454802.3	NA	1.0560118	NA	NA	NA	NA	NA	NA	NA	NA	NA	NA	4121974
7	61789997	72229988	NA	10439995	110172	2.001916959	109468	3132	17554.0	mappable	0.07898889	1.0	self	0.000715727417	0.00026068822	0.00697662483	0.08577941	0.0860401	61789990	61790004	72229988	72229988	0.2278976	1	375337.9	19.56942	0.9817117	NA	NA	0.0	1.00095848	1.00095848	1	1	1:1	2	neutral	4121974
7	72750118	74139961	NA	1389844	10250	2.001916959	10186	296	1674.0	mappable	0.09175	1.0	self	0.007277580233	0.00277777778	0.00474256879	0.09800803	0.10078581	72750118	72750118	74139961	74139961	0.2209432	1	375337.9	19.56942	0.9817117	NA	NA	0.0	1.00095848	1.00095848	1	1	1:1	2	neutral	4121974
7	75160045	76059952	NA	899908	8430	2.001916959	8382	337	1366.0	mappable	0.07957024	1.0	self	0.000491093747	0.0025974026	0.00724256879	0.10111521	0.10371261	75160045	75160045	76059952	76059952	0.2210955	1	375337.9	19.56942	0.9817117	NA	NA	0.0	1.00095848	1.00095848	1	1	1:1	2	neutral	4121974
7	76810004	103070110	NA	26260111	331873	2.001916959	330551	14265	48174.0	mappable	0.07629883	1.0	NA	0.004046518934	6.415603e-05	0.00498658563	0.08114785	0.08121201	76810004	76810004	103069995	103070110	0.152967	1	375337.9	19.56942	0.9817117	NA	NA	0.0	1.00095848	1.00095848	1	1	1:1	2	neutral	4121974
7	103070111	103094983	NA	24873	353	2.520471579	353	0	44.0	mappable	NA	NA	NA	NA	inf	0.09564256879	0.13696479	inf	103070111	103070226	103089925	103100041	NA	missing	395272.2	NA	1.0784	NA	NA	NA	NA	NA	NA	NA	NA	NA	NA	4121974
7	103094983	117210133	NA	14115154	190112	2.001916959	189592	6360	27695.0	mappable	0.0795625	1.0	NA	0.001068106854	0.00014534884	0.00033277562	0.0842079	0.08435325	103089925	103100041	117209969	117210297	0.1418924	1	375337.9	19.56942	0.9817117	NA	NA	0.0	1.00095848	1.00095848	1	1	1:1	2	neutral	4121974
7	117210133	117220120	NA	9988	104	2.578393684	104	0	17.0	mappable	NA	NA	NA	NA	inf	0.10644256879	0.15053462	inf	117209969	117210297	117219849	117220391	NA	missing	409668.9	NA	1.0892	NA	NA	NA	NA	NA	NA	NA	NA	NA	NA	4121974
7	117220120	126969994	NA	9749876	132524	2.001916959	132054	6810	18640.0	mappable	0.07898889	1.0	NA	0.000929305434	0.00013736264	0.00622537643	0.08614395	0.08628131	117219849	117220391	126969984	126969994	0.1450379	1	375337.9	19.56942	0.9817117	NA	NA	0.0	1.00095848	1.00095848	1	1	1:1	2	neutral	4121974
7	126969995	126980031	NA	10037	162	1.091726316	162	11	22.0	mappable	0.10412025	NA	identical	0.021936342343	0.09090909091	0.17075743121	0.15045467	0.24136376	126969995	126970005	126979904	126980031	NA	missing	393436.7	21.35799	0.812	NA	NA	NA	NA	NA	NA	NA	NA	NA	NA	4121974
7	126980032	142344959	NA	15364931	198106	2.001916959	197309	8296	28949.0	mappable	0.07973333	1.0	self	0.003139877156	0.00010997471	0.00177873647	0.08377617	0.08388614	126980032	126980159	142269918	142344959	0.1639585	1	375337.9	19.56942	0.9817117	NA	NA	0.0	1.00095848	1.00095848	1	1	1:1	2	neutral	4121974
7	142344960	142490050	NA	145091	519	1.397438115	518	26	53.0	mappable	0.0681337	7.0	identical	0.014050210601	0.03703703704	0.12475743121	0.11664121	0.15367825	142344960	142420001	142489966	142490134	NA	missing	327358.7	18.45197	0.8690022	NA	NA	NA	NA	NA	NA	NA	NA	NA	NA	4121974
7	142490050	159119808	NA	16629761	235173	2.001916959	233765	11682	35214.0	mappable	0.08215	1.0	edge	0.000124131403	7.640003e-05	0.00436229444	0.08337758	0.08345398	142489966	142490134	159119808	159119808	0.1740119	1	375337.9	19.56942	0.9817117	NA	NA	0.0	1.00095848	1.00095848	1	1	1:1	2	neutral	4121974
8	170012	2609997	NA	2439989	55235	2.001916959	54545	3046	8600.0	mappable	0.08215	1.0	edge	0.00197411809	0.00026766595	0.01561301915	0.09425762	0.09452529	170012	170012	2609977	2610017	0.220844	1	375337.9	19.56942	0.9817117	NA	NA	0.0	1.00095848	1.00095848	1	1	1:1	2	neutral	4121974
8	2609997	2619996	NA	10000	214	1.762121053	214	0	36.0	mappable	NA	NA	NA	NA	inf	0.04575743121	0.150515	inf	2609977	2610017	2619935	2620057	NA	missing	378143.0	NA	0.937	NA	NA	NA	NA	NA	NA	NA	NA	NA	NA	4121974
8	2619996	3730002	NA	1110007	35948	2.001916959	35825	1762	5156.0	mappable	0.078925	1.0	NA	0.003258906253	0.00053050398	0.01594256879	0.09959099	0.1001215	2619935	2620057	3729994	3730002	0.1943739	1	375337.9	19.56942	0.9817117	NA	NA	0.0	1.00095848	1.00095848	1	1	1:1	2	neutral	4121974
8	3730003	3740002	NA	10000	413	2.563913158	413	0	71.0	mappable	NA	NA	NA	NA	inf	0.10374256879	0.150515	inf	3730003	3730011	3739974	3740030	NA	missing	385383.0	NA	1.0865	NA	NA	NA	NA	NA	NA	NA	NA	NA	NA	4121974
8	3740002	6919904	NA	3179912	101554	2.001916959	101280	5290	13868.0	mappable	0.08215	1.0	NA	0.001224206195	0.00017972682	0.0033256379	0.09259021	0.09276994	3739974	3740030	6919904	6919904	0.1808756	1	375337.9	19.56942	0.9817117	NA	NA	0.0	1.00095848	1.00095848	1	1	1:1	2	neutral	4121974
8	8100000	11859985	NA	3759986	79373	2.001916959	79082	5084	11038.0	mappable	0.08472778	1.0	self	3.3906253e-05	0.00018604651	0.00575743121	0.09156547	0.09175151	8100000	8100000	11859985	11859985	0.1384069	1	375337.9	19.56942	0.9817117	NA	NA	0.0	1.00095848	1.00095848	1	1	1:1	2	neutral	4121974
8	12580042	43789991	NA	31209952	520825	2.001916959	519132	21208	74500.0	mappable	0.08088333	1.0	self	0.000120376856	4.366812e-05	0.00363908797	0.08033579	0.08037946	12580042	12580042	43789991	43789991	0.16972	1	375337.9	19.56942	0.9817117	NA	NA	0.0	1.00095848	1.00095848	1	1	1:1	2	neutral	4121974
8	46880007	49320020	NA	2440014	29709	2.001916959	29675	242	4878.0	mappable	0.08220676	1.0	NA	0.000329982636	0.00362318841	0.00854256879	0.09425756	0.09788074	46880007	46880007	49319969	49320071	0.3173798	1	375337.9	19.56942	0.9817117	NA	NA	0.0	1.00095848	1.00095848	1	1	1:1	2	neutral	4121974
8	49320020	49339795	NA	19776	213	1.5905	213	0	32.0	mappable	NA	NA	NA	NA	inf	0.07775743121	0.1401398	inf	49319969	49320071	49339492	49339795	NA	missing	361495.8	NA	0.905	NA	NA	NA	NA	NA	NA	NA	NA	NA	NA	4121974
8	49339796	104590033	NA	55250243	748316	2.001916959	745901	31753	107391.0	mappable	0.08215	1.0	NA	0.000542248079	2.926715e-05	0.00380833272	0.07776208	0.07779134	49339796	49340099	104589919	104590033	0.1483735	1	375337.9	19.56942	0.9817117	NA	NA	0.0	1.00095848	1.00095848	1	1	1:1	2	neutral	4121974
8	104590034	104660028	NA	69995	1031	2.573030526	1031	0	159.0	mappable	NA	NA	NA	NA	inf	0.10544256879	0.12426247	inf	104590034	104590148	104659998	104660058	NA	missing	402589.8	NA	1.0882	NA	NA	NA	NA	NA	NA	NA	NA	NA	NA	4121974
8	104660028	146289988	NA	41629968	609394	2.001916959	607084	27731	86890.0	mappable	0.08215	1.0	edge	0.000426336447	3.328895e-05	0.00280457706	0.07901666	0.07904995	104659998	104660058	146289988	146289988	0.1656232	1	375337.9	19.56942	0.9817117	NA	NA	0.0	1.00095848	1.00095848	1	1	1:1	2	neutral	4121974
9	200101	38769828	NA	38569732	645286	2.001916959	643455	28523	91869.0	mappable	0.08215	1.0	edge	0.000952419977	3.294459e-05	0.00769250231	0.07936204	0.07939498	200101	200101	38769828	38769828	0.1521698	1	375337.9	19.56942	0.9817117	NA	NA	0.0	1.00095848	1.00095848	1	1	1:1	2	neutral	4121974
9	66840048	66849972	NA	9925	540	1.669436567	509	0	111.0	mappable	NA	3.0	NA	0.036633906253	0.03225806452	0.04585743121	0.15063813	0.18289619	66840048	66840048	66849972	66849972	NA	missing	350947.5	NA	0.9197183	NA	NA	NA	NA	NA	NA	NA	NA	NA	NA	4121974
9	68410004	68419976	NA	9973	1130	2.066212105	1058	0	285.0	mappable	NA	NA	NA	0.152137980399	0.01388888889	0.01094256879	0.15055919	0.16444808	68410004	68410004	68419976	68419976	NA	missing	2557818.0	NA	0.9937	NA	NA	NA	NA	NA	NA	NA	NA	NA	NA	4121974
9	71030093	79550002	NA	8519910	117492	2.001916959	117098	5144	16936.0	mappable	0.0753	1.0	self	0.006883906253	0.0001805706	0.00254256879	0.08687189	0.08705246	71030093	71030093	79549953	79550002	0.1854791	1	375337.9	19.56942	0.9817117	NA	NA	0.0	1.00095848	1.00095848	1	1	1:1	2	neutral	4121974
9	79550003	79559905	NA	9903	184	2.879266842	183	0	24.0	mappable	NA	NA	identical	0.05188087595	1.0	0.16254256879	0.15067446	1.15067446	79550003	79550052	79559788	79559905	NA	missing	388946.7	NA	1.1453	NA	NA	NA	NA	NA	NA	NA	NA	NA	NA	4121974
9	79559906	141019791	NA	61459891	844067	2.001916959	840539	38654	122792.0	mappable	0.08215	1.0	edge	0.000454789373	2.370679e-05	0.00529550319	0.07730024	0.07732394	79559906	79560023	141019791	141019791	0.1573265	1	375337.9	19.56942	0.9817117	NA	NA	0.0	1.00095848	1.00095848	1	1	1:1	2	neutral	4121974
10	130013	26139998	NA	26009988	419479	2.001916959	417309	21071	61344.0	mappable	0.078725	1.0	edge	0.002837371394	4.302741e-05	0.00460982477	0.08119334	0.08123637	130013	130013	26139965	26140031	0.1631458	1	375337.9	19.56942	0.9817117	NA	NA	0.0	1.00095848	1.00095848	1	1	1:1	2	neutral	4121974
10	26139998	26149975	NA	9978	194	2.450214211	194	0	21.0	mappable	NA	NA	NA	NA	inf	0.08254256879	0.150551	inf	26139965	26140031	26149912	26150038	NA	missing	395150.0	NA	1.0653	NA	NA	NA	NA	NA	NA	NA	NA	NA	NA	4121974
10	26149975	39149984	NA	13000014	166363	2.001916959	165269	7590	26202.0	mappable	0.08201875	1.0	NA	0.000350669226	0.00011515431	0.00144825549	0.08463097	0.08474613	26149912	26150038	39149984	39149984	0.1729931	1	375337.9	19.56942	0.9817117	NA	NA	0.0	1.00095848	1.00095848	1	1	1:1	2	neutral	4121974
10	42410000	46159967	NA	3749969	43614	2.001916959	43468	2471	6678.0	mappable	0.07805741	1.0	self	0.001054162163	0.00038211693	0.00352315989	0.0915816	0.09196372	42410000	42410000	46159967	46159967	0.1459219	1	375337.9	19.56942	0.9817117	NA	NA	0.0	1.00095848	1.00095848	1	1	1:1	2	neutral	4121974
10	48310177	48659961	NA	349785	5567	2.001916959	5555	270	770.0	mappable	0.07878333	1.0	self	0.003254419074	0.00354609929	0.02845743121	0.10860057	0.11214667	48310177	48310177	48659961	48659961	0.1336047	1	375337.9	19.56942	0.9817117	NA	NA	0.0	1.00095848	1.00095848	1	1	1:1	2	neutral	4121974
10	49390096	56040032	NA	6649939	88159	2.001916959	87856	4164	12336.0	mappable	0.08323269	1.0	self	0.001620850413	0.00022386389	6.995971e-05	0.08824213	0.088466	49390096	49390096	56039992	56040032	0.1599238	1	375337.9	19.56942	0.9817117	NA	NA	0.0	1.00095848	1.00095848	1	1	1:1	2	neutral	4121974
10	56040033	56054985	NA	14953	174	1.669436567	157	0	25.0	mappable	NA	3.0	NA	0.021911537832	0.05882352941	0.11905743121	0.14421537	0.2030389	56040033	56040073	56049919	56060051	NA	missing	350947.5	NA	0.9197183	NA	NA	NA	NA	NA	NA	NA	NA	NA	NA	4121974
10	56054985	56069987	NA	15003	198	2.457660955	197	12	24.0	mappable	0.06074268	4.0	NA	0.021911684031	0.07692307692	0.13224256879	0.14416531	0.22108838	56049919	56060051	56069963	56070011	NA	missing	408934.6	21.89748	1.0666885	NA	NA	NA	NA	NA	NA	NA	NA	NA	NA	4121974
10	56069987	108224932	NA	52154950	701755	2.001916959	699360	28509	101676.0	mappable	0.08215	1.0	NA	1.679589e-06	3.235827e-05	0.00103965549	0.07801438	0.07804673	56069963	56070011	108219864	108230000	0.1647582	1	375337.9	19.56942	0.9817117	NA	NA	0.0	1.00095848	1.00095848	1	1	1:1	2	neutral	4121974
10	108224932	108240013	NA	15082	206	2.721053684	206	0	22.0	mappable	NA	NA	NA	NA	inf	0.13304256879	0.14408661	inf	108219864	108230000	108239990	108240036	NA	missing	388580.0	NA	1.1158	NA	NA	NA	NA	NA	NA	NA	NA	NA	NA	4121974
10	108240013	117189932	NA	8949921	136615	2.001916959	136255	4403	19763.0	mappable	0.08215	1.0	NA	0.001677544439	0.00020995171	0.00234185825	0.08660467	0.08681462	108239990	108240036	117189800	117190064	0.1755636	1	375337.9	19.56942	0.9817117	NA	NA	0.0	1.00095848	1.00095848	1	1	1:1	2	neutral	4121974
10	117189932	117200097	NA	10166	146	2.695846842	146	0	17.0	mappable	NA	NA	NA	NA	inf	0.12834256879	0.15024643	inf	117189800	117190064	117199907	117200287	NA	missing	414588.9	NA	1.1111	NA	NA	NA	NA	NA	NA	NA	NA	NA	NA	4121974
10	117200097	135439925	NA	18239829	284288	2.001916959	282772	13630	41233.0	mappable	0.08215	1.0	edge	0.001210359181	6.602839e-05	0.01260662604	0.08291672	0.08298274	117199907	117200287	135439925	135439925	0.1650153	1	375337.9	19.56942	0.9817117	NA	NA	0.0	1.00095848	1.00095848	1	1	1:1	2	neutral	4121974
11	190010	6400020	NA	6210012	92546	1.997357739	91925	4958	13605.0	mappable	0.37908214	9.0	edge	0.290226956732	0.00017924359	0.00774699424	0.08862826	0.08880751	190010	190010	6389986	6400020	0.9100093	2	373426.2	25.59839	0.9808616	18.68069	0.9885596	0.9771192	0.022850547	1.974507192	2	0	2:0	2	cnLOH	4121974
11	6400021	6509996	NA	109976	1716	2.400400127	1705	47	237.0	mappable	0.2425779	5.0	NA	0.165749781005	0.01724137931	0.08064256879	0.11942559	0.13666697	6400021	6410055	6509946	6509996	0.6510141	2	454802.3	29.55675	1.0560118	21.13244	0.8536332	0.7072664	0.351338945	2.049061182	2	sub	2:sub	sub	sub	4121974
11	6509997	8260013	NA	1750018	28879	1.997357739	28717	1966	3999.0	mappable	0.35482097	9.0	NA	0.279210931464	0.00046992481	0.00520881762	0.09643695	0.09690688	6509997	6510047	8259941	8260013	0.9181813	2	373426.2	25.59839	0.9808616	18.68069	0.9885596	0.9771192	0.022850547	1.974507192	2	0	2:0	2	cnLOH	4121974
11	8260014	8269963	NA	9950	170	1.362029474	169	0	27.0	mappable	NA	NA	NA	0.082183906253	1.0	0.12035743121	0.15059696	1.15059696	8260014	8260086	8269836	8269963	NA	missing	346355.6	NA	0.8624	NA	NA	NA	NA	NA	NA	NA	NA	NA	NA	4121974
11	8269964	19040036	NA	10770073	142168	1.997357739	141584	7256	19946.0	mappable	0.3904	9.0	NA	0.305981411561	0.00012755102	0.00299818862	0.08561452	0.08574207	8269964	8270091	19039983	19040089	0.9078269	2	373426.2	25.59839	0.9808616	18.68069	0.9885596	0.9771192	0.022850547	1.974507192	2	0	2:0	2	cnLOH	4121974
11	19040036	19069992	NA	29957	462	2.392828421	462	30	87.0	mappable	0.34078947	NA	NA	0.258605567431	0.03333333333	0.07184256879	0.13449351	0.16782685	19039983	19040089	19069957	19070027	NA	missing	393083.0	27.51109	1.0546	NA	NA	NA	NA	NA	NA	NA	NA	NA	NA	4121974
11	19069992	24850012	NA	5780022	93947	1.997357739	93575	4667	13242.0	mappable	0.386975	9.0	NA	0.304407379064	0.00019845207	0.00222139515	0.08903672	0.08923517	19069957	19070027	24849996	24850012	0.9110015	2	373426.2	25.59839	0.9808616	18.68069	0.9885596	0.9771192	0.022850547	1.974507192	2	0	2:0	2	cnLOH	4121974
11	24850013	24875021	NA	25009	410	2.282883684	410	0	56.0	mappable	NA	NA	NA	NA	inf	0.05134256879	0.13689104	inf	24850013	24850029	24869950	24875021	NA	missing	392376.8	NA	1.0341	NA	NA	NA	NA	NA	NA	NA	NA	NA	NA	4121974
11	24875022	25499966	NA	624945	10586	1.997357739	10501	1032	1459.0	mappable	0.39824167	9.0	NA	0.308216093747	0.00089525515	0.00965743121	0.10387792	0.10477318	24875022	24880093	25499918	25500014	0.9337729	2	373426.2	25.59839	0.9808616	18.68069	0.9885596	0.9771192	0.022850547	1.974507192	2	0	2:0	2	cnLOH	4121974
11	25499966	25530019	NA	30054	374	2.585365789	356	34	47.0	mappable	0.32762381	NA	NA	0.243403130784	0.01923076923	0.10774256879	0.13445135	0.15368212	25499918	25500014	25529987	25530019	0.9984879	2	404294.1	28.03278	1.0905	18.19146	0.9374486	0.8748971	0.161718379	2.423647411	sub	0	sub:0	sub	sub	4121974
11	25530020	38764982	NA	13234965	189206	1.997357739	188417	9492	26851.0	mappable	0.38637143	9.0	NA	0.305462695618	9.72668e-05	0.00384316602	0.08453853	0.0846358	25530020	25530052	38759948	38770016	0.9277353	2	373426.2	25.59839	0.9808616	18.68069	0.9885596	0.9771192	0.022850547	1.974507192	2	0	2:0	2	cnLOH	4121974
11	38764982	38940089	NA	175108	2455	2.400400127	2450	14	334.0	mappable	0.27473922	5.0	NA	0.155491093747	0.05263157895	0.04384256879	0.1148245	0.16745608	38759948	38770016	38939990	38940089	NA	missing	454802.3	29.55675	1.0560118	NA	NA	NA	NA	NA	NA	NA	NA	NA	NA	4121974
11	38940090	38959999	NA	19910	294	1.620533684	294	2	48.0	mappable	0.50046598	NA	NA	0.418282076971	0.5	0.07215743121	0.1400442	0.6400442	38940090	38940189	38959995	38960003	NA	missing	355141.0	26.64385	0.9106	NA	NA	NA	NA	NA	NA	NA	NA	NA	NA	4121974
11	38959999	48340015	NA	9380017	127680	2.001916959	127271	4881	18439.0	mappable	0.12718056	1.0	self	0.041066093747	0.00018903592	0.00544256879	0.08635146	0.0865405	38959995	38960003	48339982	48340048	0.6508829	2	375337.9	19.56942	0.9817117	18.76006	0.5562332	0.1124665	0.888384229	1.11353273	1	1	1:1	2	mixDH	4121974
11	48340015	48380018	NA	40004	1602	2.457660955	1601	1	243.0	mappable	0.2	4.0	NA	0.060713161572	0.5	0.08404256879	0.13082279	0.63082279	48339982	48340048	48379997	48380039	NA	missing	408934.6	21.89748	1.0666885	NA	NA	NA	NA	NA	NA	NA	NA	NA	NA	4121974
11	48380018	48899996	NA	519979	2758	1.960557895	2754	2	644.0	mappable	0.15353535	NA	NA	0.08166811678	0.16666666667	0.00875743121	0.10532916	0.27199583	48379997	48380039	48899996	48899996	NA	missing	383538.5	22.12126	0.974	NA	NA	NA	NA	NA	NA	NA	NA	NA	NA	4121974
11	48899997	50170092	NA	1270096	0	0.0	0	0	NA	mappable	NA	NA	NA	NA	inf	0.98275743121	0.09863632	inf	48899997	48899997	50170092	50170092	NA	missing	NA	NA	0.0	NA	NA	0.0	0.0	0.0	0	0	NA	0	homozygousDel	4121974
11	50170093	50660091	NA	489999	9498	2.001916959	9474	382	1617.0	mappable	0.10958548	1.0	NA	0.02828395089	0.00246305419	0.01374256879	0.10580656	0.10826962	50170093	50170093	50649997	50660091	0.1748696	1	375337.9	19.56942	0.9817117	NA	NA	0.0	1.00095848	1.00095848	1	1	1:1	2	neutral	4121974
11	50660092	50704995	NA	44904	686	1.675237895	668	9	172.0	mappable	0.13948462	NA	NA	0.039241093747	0.03703703704	0.06195743121	0.12941167	0.16644871	50660092	50670186	50699890	50704995	NA	missing	375791.5	19.43749	0.9208	NA	NA	NA	NA	NA	NA	NA	NA	NA	NA	4121974
11	54792817	56469989	NA	1677173	28245	2.001916959	28165	585	4128.0	mappable	0.0798	1.0	self	0.000557760413	0.0015037594	0.01364256879	0.09672302	0.09822678	54792817	54792817	56469968	56469989	0.1958474	1	375337.9	19.56942	0.9817117	NA	NA	0.0	1.00095848	1.00095848	1	1	1:1	2	neutral	4121974
11	56469990	56480061	NA	10072	590	1.669436567	582	21	72.0	mappable	0.05649483	3.0	NA	0.0209280239	0.03448275862	0.08465743121	0.15039785	0.18488061	56469990	56470011	56479941	56480061	NA	missing	350947.5	18.54698	0.9197183	NA	NA	NA	NA	NA	NA	NA	NA	NA	NA	4121974
11	56480062	56495053	NA	14992	179	2.457660955	178	23	23.0	mappable	0.07604096	4.0	NA	0.006142948806	0.04166666667	0.09644256879	0.1441763	0.18584297	56480062	56480182	56489995	56500111	NA	missing	408934.6	21.89748	1.0666885	NA	NA	NA	NA	NA	NA	NA	NA	NA	NA	4121974
11	56495053	89349940	NA	32854893	426633	2.001916959	424891	17934	61975.0	mappable	0.08215	1.0	self	0.000855460973	5.082334e-05	0.00230710928	0.08009738	0.08014821	56489995	56500111	89349940	89349940	0.1760572	1	375337.9	19.56942	0.9817117	NA	NA	0.0	1.00095848	1.00095848	1	1	1:1	2	neutral	4121974
11	89850037	119990079	NA	30140046	438695	2.001916959	436971	20580	62702.0	mappable	0.08215	1.0	NA	0.000778838608	4.483501e-05	0.00172651413	0.08049852	0.08054335	89850037	89850037	119989984	119990174	0.1530339	1	375337.9	19.56942	0.9817117	NA	NA	0.0	1.00095848	1.00095848	1	1	1:1	2	neutral	4121974
11	119990079	119999918	NA	9840	167	1.282654737	167	0	22.0	mappable	NA	NA	NA	NA	inf	0.13515743121	0.15077905	inf	119989984	119990174	119999813	120000023	NA	missing	341724.4	NA	0.8476	NA	NA	NA	NA	NA	NA	NA	NA	NA	NA	4121974
11	119999918	134939862	NA	14939945	225691	2.001916959	224864	9887	32381.0	mappable	0.08185833	1.0	edge	3.208727e-06	9.333582e-05	0.00242265091	0.08391841	0.08401175	119999813	120000023	134939862	134939862	0.1570277	1	375337.9	19.56942	0.9817117	NA	NA	0.0	1.00095848	1.00095848	1	1	1:1	2	neutral	4121974
12	160107	1620050	NA	1459944	21871	2.001916959	21588	910	3394.0	mappable	0.07937045	1.0	edge	0.006883906253	0.00083892617	0.00775743121	0.09766826	0.09850719	160107	160107	1619897	1620050	0.2081477	1	375337.9	19.56942	0.9817117	NA	NA	0.0	1.00095848	1.00095848	1	1	1:1	2	neutral	4121974
12	1620051	1630007	NA	9957	169	1.355057368	169	0	20.0	mappable	NA	NA	NA	NA	inf	0.12165743121	0.15058545	inf	1620051	1620204	1629996	1630018	NA	missing	343024.4	NA	0.8611	NA	NA	NA	NA	NA	NA	NA	NA	NA	NA	4121974
12	1630007	16549994	NA	14919990	199860	2.001916959	198961	8441	29034.0	mappable	0.08274167	1.0	NA	0.002488612482	0.00010706638	0.00712362453	0.0839252	0.08403227	1629996	1630018	16549958	16550030	0.1773146	1	375337.9	19.56942	0.9817117	NA	NA	0.0	1.00095848	1.00095848	1	1	1:1	2	neutral	4121974
12	16549994	16570014	NA	20021	299	2.487756316	299	0	39.0	mappable	NA	NA	NA	NA	inf	0.08954256879	0.13996559	inf	16549958	16550030	16569971	16570014	NA	missing	394381.6	NA	1.0723	NA	NA	NA	NA	NA	NA	NA	NA	NA	NA	4121974
12	16570015	34819969	NA	18249957	255296	2.001916959	254276	11168	37288.0	mappable	0.08088333	1.0	NA	0.000383290928	8.204792e-05	0.00508018552	0.08291396	0.08299601	16570015	16570058	34819969	34819969	0.1855225	1	375337.9	19.56942	0.9817117	NA	NA	0.0	1.00095848	1.00095848	1	1	1:1	2	neutral	4121974
12	38000003	133810002	NA	95810004	1303363	2.001916959	1298044	57875	190755.0	mappable	0.08215	1.0	self	8.3493482e-05	1.582479e-05	0.00162085719	0.07543278	0.0754486	38000003	38000003	133809992	133810012	0.168375	1	375337.9	19.56942	0.9817117	NA	NA	0.0	1.00095848	1.00095848	1	1	1:1	2	neutral	4121974
12	133810002	133819926	NA	9925	184	2.723735263	184	23	23.0	mappable	0.04272647	NA	edge	0.039457435665	0.04347826087	0.13354256879	0.15063813	0.19411639	133809992	133810012	133819926	133819926	NA	missing	387228.0	19.88468	1.1163	NA	NA	NA	NA	NA	NA	NA	NA	NA	NA	4121974
13	19450038	22419994	NA	2969958	34082	2.001916959	33886	1780	5138.0	mappable	0.07874359	1.0	edge	0.000265699957	0.00050607287	0.00071871282	0.09301456	0.09352063	19450038	19450038	22419982	22419994	0.2032194	1	375337.9	19.56942	0.9817117	NA	NA	0.0	1.00095848	1.00095848	1	1	1:1	2	neutral	4121974
13	22419995	22450005	NA	30011	406	2.340269474	396	32	49.0	mappable	0.186575	NA	NA	0.102166093747	0.02380952381	0.06204256879	0.13447002	0.15827954	22419995	22420007	22449944	22450066	0.3710298	2	381991.2	21.50979	1.0448	17.93973	0.6510752	0.3021504	0.816578079	1.523691395	sub	1	sub:1	sub	sub	4121974
13	22450005	22489997	NA	39993	749	1.669436567	748	39	119.0	mappable	0.1054287	3.0	NA	0.018913315969	0.025	0.06095743121	0.13082618	0.15582618	22449944	22450066	22489978	22490016	0.4439111	2	350947.5	18.54698	0.9197183	18.72333	0.5841572	0.1683144	0.69422316	0.975213407	1	sub	1:sub	sub	sub	4121974
13	22489997	115099984	NA	92609997	1332695	2.001916959	1327681	63483	191181.0	mappable	0.08215	1.0	edge	0.000873710452	1.459982e-05	0.00028689641	0.07557247	0.07558707	22489978	22490016	115099984	115099984	0.155531	1	375337.9	19.56942	0.9817117	NA	NA	0.0	1.00095848	1.00095848	1	1	1:1	2	neutral	4121974
14	20330060	22389951	NA	2059892	29312	2.001916959	29121	1621	4225.0	mappable	0.083875	1.0	edge	0.001639777957	0.00055187638	0.01414256879	0.09535553	0.09590741	20330060	20330060	22389892	22389951	0.1876294	1	375337.9	19.56942	0.9817117	NA	NA	0.0	1.00095848	1.00095848	1	1	1:1	2	neutral	4121974
14	22389952	22959965	NA	570015	9844	1.038625689	9780	665	953.0	mappable	0.109075	NA	identical	0.020022428701	0.00137174211	0.18065844706	0.10459901	0.10597075	22389952	22390011	22959908	22959965	0.195117	1	220937.0	11.78331	0.802099	NA	NA	0.0	0.519312845	0.519312845	sub	sub	sub:sub	sub	sub	4121974
14	22959966	49809946	NA	26849987	367186	2.001916959	365905	15956	52616.0	mappable	0.08215	1.0	self	0.001165221998	5.801474e-05	0.00624462653	0.08104247	0.08110049	22959966	22960023	49809799	49809946	0.1549471	1	375337.9	19.56942	0.9817117	NA	NA	0.0	1.00095848	1.00095848	1	1	1:1	2	neutral	4121974
14	49809947	49825039	NA	15093	208	2.848696842	208	18	22.0	mappable	0.07388553	NA	identical	0.008298379937	0.05555555556	0.15684256879	0.14407569	0.19963125	49809947	49810094	49819946	49825039	NA	missing	401316.0	20.0658	1.1396	NA	NA	NA	NA	NA	NA	NA	NA	NA	NA	4121974
14	49825040	53309982	NA	3484943	46970	2.001916959	46807	1796	6917.0	mappable	0.08374392	1.0	NA	3.3906253e-05	0.00051046452	0.00585743121	0.09202721	0.09253767	49825040	49830133	53299962	53309982	0.2054254	1	375337.9	19.56942	0.9817117	NA	NA	0.0	1.00095848	1.00095848	1	1	1:1	2	neutral	4121974
14	53309983	53329989	NA	20007	161	1.378655263	161	0	24.0	mappable	NA	NA	NA	NA	inf	0.11725743121	0.13997548	inf	53309983	53320003	53329971	53330007	NA	missing	370836.7	NA	0.8655	NA	NA	NA	NA	NA	NA	NA	NA	NA	NA	4121974
14	53329989	106130012	NA	52800029	754251	2.001916959	751293	33340	109116.0	mappable	0.08215	1.0	NA	4.86509e-05	2.754973e-05	0.01595789432	0.07796044	0.07798799	53329971	53330007	106009942	106250082	0.1588541	1	375337.9	19.56942	0.9817117	NA	NA	0.0	1.00095848	1.00095848	1	1	1:1	2	neutral	4121974
14	106130012	106370545	NA	240534	2364	-0.004503158	2336	179	381.0	mappable	0.06952778	NA	NA	0.010308906253	0.00483091787	0.37515743121	0.1118826	0.11671351	106009942	106250082	106349982	106370545	0.2998784	1	236599.6	12.81581	0.6076	NA	NA	0.0	0.0	-0.002251579	0	0	0:0	0	LOH	4121974
14	106370546	106724943	CTX	354398	2112	0.976375516	2079	145	255.0	mappable	0.17236759	2.0	NA	0.085185538191	0.00561797753	0.20065743121	0.10848922	0.1141072	106370546	106400108	106719873	106724943	0.7191183	2	301848.7	18.52378	0.790492	18.73647	0.9936018	0.9872035	0.006247088	0.970128428	1	0	1:0	1	LOH	4121974
14	106724944	107259908	NA	534965	7993	2.001916959	7741	479	1140.0	mappable	0.08560862	1.0	edge	0.003631274674	0.00136798906	0.00325743121	0.10510227	0.10647026	106724944	106730014	107259908	107259908	0.2799754	1	375337.9	19.56942	0.9817117	NA	NA	0.0	1.00095848	1.00095848	1	1	1:1	2	neutral	4121974
15	20850000	20859924	NA	9925	165	2.109653684	139	0	30.0	mappable	NA	NA	edge	0.243642294054	0.03846153846	0.01904256879	0.15063813	0.18909966	20850000	20850000	20859924	20859924	NA	missing	1128434.0	NA	1.0018	NA	NA	NA	NA	NA	NA	NA	NA	NA	NA	4121974
15	22480079	23069956	NA	589878	4034	2.001916959	4000	324	562.0	mappable	0.0909	1.0	self	0.010241093747	0.00279329609	0.00295743121	0.10432937	0.10712267	22480079	22480079	23069956	23069956	0.1471629	1	375337.9	19.56942	0.9817117	NA	NA	0.0	1.00095848	1.00095848	1	1	1:1	2	neutral	4121974
15	23710146	24329926	NA	619781	10358	2.001916959	10322	590	1480.0	mappable	0.08913534	1.0	NA	0.007144399227	0.00159744409	0.01641213821	0.10394255	0.10553999	23710146	23710146	24329926	24329926	0.1551705	1	375337.9	19.56942	0.9817117	NA	NA	0.0	1.00095848	1.00095848	1	1	1:1	2	neutral	4121974
15	24329927	24830091	NA	500165	0	0.0	0	0	NA	mappable	NA	NA	NA	NA	inf	0.98275743121	0.10564099	inf	24329927	24329927	24830091	24830091	NA	missing	NA	NA	0.0	NA	NA	0.0	0.0	0.0	0	0	NA	0	homozygousDel	4121974
15	24830092	28529988	NA	3699897	57400	2.001916959	57178	2688	8238.0	mappable	0.08275	1.0	NA	3.3906253e-05	0.00034364261	0.00094256879	0.091663	0.09200665	24830092	24830092	28529988	28529988	0.1787702	1	375337.9	19.56942	0.9817117	NA	NA	0.0	1.00095848	1.00095848	1	1	1:1	2	neutral	4121974
15	29100034	30369914	NA	1269881	18287	2.001916959	18238	988	2661.0	mappable	0.07641897	1.0	self	0.005764940736	0.00096432015	0.01665743121	0.09863751	0.09960183	29100034	29100034	30369914	30369914	0.1857323	1	375337.9	19.56942	0.9817117	NA	NA	0.0	1.00095848	1.00095848	1	1	1:1	2	neutral	4121974
15	31160110	82479795	NA	51319689	690325	2.001916959	688025	25668	101128.0	mappable	0.08215	1.0	self	4.8937019e-05	3.575515e-05	0.00188611393	0.07808532	0.07812107	31160110	31160110	82479795	82479795	0.1604301	1	375337.9	19.56942	0.9817117	NA	NA	0.0	1.00095848	1.00095848	1	1	1:1	2	neutral	4121974
15	83213963	93480011	NA	10266049	150693	2.001916959	150068	6622	21675.0	mappable	0.08215	1.0	NA	0.003391093747	0.00013798813	0.00045743121	0.08586869	0.08600667	83213963	83213963	93479955	93480067	0.1839985	1	375337.9	19.56942	0.9817117	NA	NA	0.0	1.00095848	1.00095848	1	1	1:1	2	neutral	4121974
15	93480011	93499974	NA	19964	301	1.702053684	301	0	44.0	mappable	NA	NA	NA	NA	inf	0.05695743121	0.14000589	inf	93479955	93480067	93499931	93499974	NA	missing	364121.9	NA	0.9258	NA	NA	NA	NA	NA	NA	NA	NA	NA	NA	4121974
15	93499975	102399920	NA	8899948	145053	2.001916959	144479	7108	20602.0	mappable	0.08215	1.0	edge	0.000276237682	0.00013019138	0.00289780817	0.08663497	0.08676516	93499975	93500018	102399920	102399920	0.1722006	1	375337.9	19.56942	0.9817117	NA	NA	0.0	1.00095848	1.00095848	1	1	1:1	2	neutral	4121974
16	100010	7049988	NA	6949981	129785	1.997357739	129120	5657	19234.0	mappable	0.366425	9.0	edge	0.280499108452	0.00015817779	0.00369654961	0.08799495	0.08815313	100010	100010	7049967	7050009	0.9011146	2	373426.2	25.59839	0.9808616	18.68069	0.9885596	0.9771192	0.022850547	1.974507192	2	0	2:0	2	cnLOH	4121974
16	7049988	7059982	NA	9995	432	2.400400127	426	11	62.0	mappable	0.35034385	5.0	NA	0.169478555047	0.05882352941	0.08774256879	0.15052317	0.2093467	7049967	7050009	7059965	7059982	NA	missing	454802.3	29.55675	1.0560118	NA	NA	NA	NA	NA	NA	NA	NA	NA	NA	4121974
16	7059983	7640052	NA	580070	18206	1.997357739	18123	1261	2572.0	mappable	0.35946944	9.0	NA	0.277391093747	0.00074404762	0.00635743121	0.10446118	0.10520523	7059983	7060000	7639991	7640052	0.9162954	2	373426.2	25.59839	0.9808616	18.68069	0.9885596	0.9771192	0.022850547	1.974507192	2	0	2:0	2	cnLOH	4121974
16	7640053	7659958	NA	19906	408	2.258749474	408	10	61.0	mappable	0.28633998	NA	NA	0.204156076325	0.1	0.04684256879	0.14004704	0.24004704	7640053	7640114	7659912	7660004	NA	missing	367988.8	24.08593	1.0296	NA	NA	NA	NA	NA	NA	NA	NA	NA	NA	4121974
16	7659958	7680035	NA	20078	487	1.695617895	484	18	70.0	mappable	0.32390508	NA	NA	0.227508072356	0.04761904762	0.05815743121	0.13992543	0.18754447	7659912	7660004	7679991	7680079	NA	missing	349171.1	23.09621	0.9246	NA	NA	NA	NA	NA	NA	NA	NA	NA	NA	4121974
16	7680035	7689995	NA	9961	236	2.611645263	220	0	35.0	mappable	NA	NA	NA	0.259725689706	0.0625	0.11264256879	0.15057888	0.21307888	7679991	7680079	7689983	7689995	NA	missing	405080.0	NA	1.0954	NA	NA	NA	NA	NA	NA	NA	NA	NA	NA	4121974
16	7689996	16289940	NA	8599946	148704	1.997357739	148038	7213	21541.0	mappable	0.38916081	9.0	NA	0.302523846349	0.00012693577	0.00469354322	0.08682102	0.08694796	7689996	7690008	16289940	16289940	0.8922816	2	373426.2	25.59839	0.9808616	18.68069	0.9885596	0.9771192	0.022850547	1.974507192	2	0	2:0	2	cnLOH	4121974
16	16870104	18169896	NA	1299793	20476	1.997357739	20390	982	2875.0	mappable	0.393825	9.0	NA	0.311641093747	0.00093632959	0.02655743121	0.09847438	0.09941071	16870104	16870104	18169896	18169896	0.9229336	2	373426.2	25.59839	0.9808616	18.68069	0.9885596	0.9771192	0.022850547	1.974507192	2	0	2:0	2	cnLOH	4121974
16	18800044	29039945	NA	10239902	125267	1.997357739	124578	5408	18575.0	mappable	0.3826	9.0	NA	0.301366093747	0.00016401509	0.00685743121	0.08588225	0.08604627	18800044	18800044	29039945	29039945	0.9174817	2	373426.2	25.59839	0.9808616	18.68069	0.9885596	0.9771192	0.022850547	1.974507192	2	0	2:0	2	cnLOH	4121974
16	29670028	31959970	NA	2289943	17552	2.001916959	17495	340	2808.0	mappable	0.1112	1.0	self	0.026241093747	0.00251889169	0.02124256879	0.09466613	0.09718502	29670028	29670028	31959970	31959970	0.3746637	2	375337.9	19.56942	0.9817117	18.76006	0.5562332	0.1124665	0.888384229	1.11353273	1	1	1:1	2	mixDH	4121974
16	32520030	32649899	NA	129870	3149	2.001916959	2977	0	574.0	mappable	NA	1.0	self	0.014542239587	0.00581395349	0.04564256879	0.11773911	0.12355307	32520030	32520030	32649899	32649899	NA	missing	375337.9	NA	0.9817117	NA	NA	NA	NA	NA	NA	NA	NA	NA	NA	4121974
16	33590105	33610213	NA	20109	164	2.062457895	162	0	33.0	mappable	NA	NA	NA	0.099520354398	0.5	0.01024256879	0.13990364	0.63990364	33590105	33590105	33599988	33610213	NA	missing	379515.7	NA	0.993	NA	NA	NA	NA	NA	NA	NA	NA	NA	NA	4121974
16	33610214	34044994	NA	434781	1006	2.400400127	986	0	290.0	mappable	NA	5.0	NA	0.173796845455	0.05	0.11994256879	0.10678097	0.15678097	33610214	33620439	33899983	34044994	NA	missing	454802.3	NA	1.0560118	NA	NA	NA	NA	NA	NA	NA	NA	NA	NA	4121974
16	34044995	35279959	NA	1234965	14259	2.001916959	14229	82	2478.0	mappable	0.07746048	1.0	self	0.003391093747	0.00892857143	0.00824256879	0.09883357	0.10776214	34044995	34190006	35279959	35279959	0.2231188	1	375337.9	19.56942	0.9817117	NA	NA	0.0	1.00095848	1.00095848	1	1	1:1	2	neutral	4121974
16	46450014	46649987	NA	199974	2188	2.457660955	2184	20	450.0	mappable	0.07680349	4.0	NA	0.001088557416	0.04166666667	0.11004256879	0.11357536	0.15524203	46450014	46450014	46649929	46650045	NA	missing	408934.6	21.89748	1.0666885	NA	NA	NA	NA	NA	NA	NA	NA	NA	NA	4121974
16	46649987	90109969	NA	43459992	700585	2.001916959	697921	28747	101885.0	mappable	0.08215	1.0	edge	0.000560336147	3.183598e-05	0.00183092122	0.07882337	0.07885521	46649929	46650045	90109969	90109969	0.1743099	1	375337.9	19.56942	0.9817117	NA	NA	0.0	1.00095848	1.00095848	1	1	1:1	2	neutral	4121974
17	20080	139996	NA	119917	2184	2.001916959	2117	154	358.0	mappable	0.0673	1.0	edge	0.006883906253	0.00452488688	0.02575743121	0.11854186	0.12306675	20080	20080	139990	140002	0.1715767	1	375337.9	19.56942	0.9817117	NA	NA	0.0	1.00095848	1.00095848	1	1	1:1	2	neutral	4121974
17	139996	250012	NA	110017	2205	1.397438115	2132	121	431.0	mappable	0.067975	7.0	identical	0.020583906253	0.00515463918	0.12135743121	0.11942176	0.1245764	139990	140002	239986	250012	0.2354429	1	327358.7	18.45197	0.8690022	NA	NA	0.0	0.698719057	0.698719057	sub	sub	sub:sub	sub	sub	4121974
17	250013	18239982	NA	17989970	228203	2.001916959	227159	10988	33779.0	mappable	0.078725	1.0	self	0.002289902727	8.31117e-05	0.00085576625	0.08298518	0.08306829	250013	260039	18239982	18239982	0.1900248	1	375337.9	19.56942	0.9817117	NA	NA	0.0	1.00095848	1.00095848	1	1	1:1	2	neutral	4121974
17	18750212	22239986	NA	3489775	25840	2.001916959	25185	661	3957.0	mappable	0.07314559	1.0	self	0.003636376394	0.00075987842	0.01574256879	0.09201874	0.09277862	18750212	18750212	22239986	22239986	0.1604836	1	375337.9	19.56942	0.9817117	NA	NA	0.0	1.00095848	1.00095848	1	1	1:1	2	neutral	4121974
17	25390040	44279982	NA	18889943	210918	2.001916959	209993	7743	31844.0	mappable	0.078725	1.0	self	1.694844e-05	0.00011536687	0.00293640503	0.08274339	0.08285876	25390040	25390040	44279982	44279982	0.1883751	1	375337.9	19.56942	0.9817117	NA	NA	0.0	1.00095848	1.00095848	1	1	1:1	2	neutral	4121974
17	44790026	63349965	NA	18559943	218967	2.001916959	217960	8920	32458.0	mappable	0.08251379	1.0	NA	0.000780474408	0.00010073537	0.0018742311	0.08283052	0.08293126	44790026	44790026	63349876	63350054	0.176759	1	375337.9	19.56942	0.9817117	NA	NA	0.0	1.00095848	1.00095848	1	1	1:1	2	neutral	4121974
17	63349965	63360031	NA	10067	163	2.486683684	163	0	22.0	mappable	NA	NA	NA	NA	inf	0.08934256879	0.15040595	inf	63349876	63350054	63359792	63360270	NA	missing	374166.0	NA	1.0721	NA	NA	NA	NA	NA	NA	NA	NA	NA	NA	4121974
17	63360031	81149937	NA	17789907	257204	2.001916959	255734	10670	38485.0	mappable	0.08215	1.0	edge	0.000101443	8.237911e-05	0.0105334623	0.08304077	0.08312315	63359792	63360270	81149937	81149937	0.1778992	1	375337.9	19.56942	0.9817117	NA	NA	0.0	1.00095848	1.00095848	1	1	1:1	2	neutral	4121974
18	130031	14119956	NA	13989929	212699	3.903064723	211949	11283	30692.0	mappable	0.0753	6.0	edge	0.007131250115	8.31048e-05	0.35667747775	0.0842535	0.08433661	130031	130031	14119956	14119956	0.1589568	1	511023.7	26.50427	1.3361946	NA	NA	0.0	1.951532362	1.951532362	2	2	2:2	4	gain	4121974
18	14119957	14910026	NA	790070	0	0.0	0	0	NA	mappable	NA	NA	NA	NA	inf	0.98275743121	0.10208446	inf	14119957	14119957	14910026	14910026	NA	missing	NA	NA	0.0	NA	NA	0.0	0.0	0.0	0	0	NA	0	homozygousDel	4121974
18	14910027	14929888	NA	19862	364	3.903064723	359	33	46.0	mappable	0.05102174	6.0	NA	0.031826763396	0.02631578947	0.37594256879	0.14007836	0.16639415	14910027	14910027	14929888	14929888	0.0596276	1	511023.7	26.50427	1.3361946	NA	NA	0.0	1.951532362	1.951532362	2	2	2:2	4	gain	4121974
18	18540053	45549994	NA	27009946	373381	3.903064723	372189	15861	53506.0	mappable	0.07283306	6.0	NA	0.00911528859	5.864071e-05	0.35209174189	0.08101434	0.08107298	18540053	18540053	45549985	45550003	0.1482954	1	511023.7	26.50427	1.3361946	NA	NA	0.0	1.951532362	1.951532362	2	2	2:2	4	gain	4121974
18	45549994	45560017	NA	10024	152	3.117927368	151	0	25.0	mappable	NA	NA	NA	0.015517239587	1.0	0.20704256879	0.15047583	1.15047583	45549985	45550003	45559986	45560017	NA	missing	459972.2	NA	1.1898	NA	NA	NA	NA	NA	NA	NA	NA	NA	NA	4121974
18	45560018	51229975	NA	5669958	87784	3.903064723	87426	3045	12541.0	mappable	0.07630484	6.0	NA	0.003458906253	0.00029385836	0.34604256879	0.08914679	0.08944065	45560018	45560049	51229823	51230127	0.1814111	1	511023.7	26.50427	1.3361946	NA	NA	0.0	1.951532362	1.951532362	2	2	2:2	4	gain	4121974
18	51229975	51250039	NA	20065	367	3.339425789	367	1	52.0	mappable	0.25714286	NA	NA	0.17495895089	1.0	0.24834256879	0.13993457	1.13993457	51229823	51230127	51249980	51250098	NA	missing	498475.5	31.33274	1.2311	NA	NA	NA	NA	NA	NA	NA	NA	NA	NA	4121974
18	51250039	57629946	NA	6379909	90045	3.903064723	89692	4325	13032.0	mappable	0.07205	6.0	NA	0.008981544133	0.00021376657	0.35160547179	0.08847559	0.08868936	51249980	51250098	57629886	57629946	0.1571904	1	511023.7	26.50427	1.3361946	NA	NA	0.0	1.951532362	1.951532362	2	2	2:2	4	gain	4121974
18	57629947	57639993	NA	10047	163	3.198374737	161	6	26.0	mappable	0.0981891	NA	NA	0.014444298875	0.125	0.22204256879	0.15043841	0.27543841	57629947	57630007	57639914	57639993	NA	missing	501998.0	27.73861	1.2048	NA	NA	NA	NA	NA	NA	NA	NA	NA	NA	4121974
18	57639994	60787274	NA	3147281	47207	3.903064723	47048	2117	6804.0	mappable	0.06711977	6.0	NA	0.013733906253	0.00043936731	0.35394256879	0.09265404	0.09309341	57639994	57640073	60787195	60787274	0.1516927	1	511023.7	26.50427	1.3361946	NA	NA	0.0	1.951532362	1.951532362	2	2	2:2	4	gain	4121974
18	60787275	60787286	DEL	12	0	0.0	0	0	NA	mappable	NA	NA	NA	NA	inf	0.98275743121	0.55788589	inf	60787275	60787275	60787286	60787286	NA	missing	NA	NA	0.0	NA	NA	0.0	0.0	0.0	0	0	NA	0	homozygousDel	4121974
18	60787287	60988012	CTX	200726	3008	3.160832632	3000	103	428.0	mappable	0.09293816	NA	NA	0.005746356905	0.00900900901	0.21504256879	0.11354045	0.12254946	60787287	60787287	60987891	60988012	0.6112864	2	454723.4	26.23405	1.1978	18.62768	0.6563364	0.3126728	1.086263198	2.074569433	2	1	2:1	3	gain	4121974
18	60988013	76809880	DEL	15821870	256234	3.903064723	255091	11970	36516.0	mappable	0.07390962	6.0	NA	0.00761708516	7.62602e-05	0.35741028229	0.08362806	0.08370432	60988013	60988146	76809759	76809880	0.1538981	1	511023.7	26.50427	1.3361946	NA	NA	0.0	1.951532362	1.951532362	2	2	2:2	4	gain	4121974
18	76809881	76839987	NA	30107	489	4.581533158	489	0	88.0	mappable	NA	NA	NA	NA	inf	0.47994256879	0.13442837	inf	76809881	76810002	76839969	76839987	NA	missing	515878.7	NA	1.4627	NA	NA	NA	NA	NA	NA	NA	NA	NA	NA	4121974
18	76839988	78009968	NA	1169983	20130	3.903064723	19896	708	3362.0	mappable	0.07762778	6.0	edge	0.003411964015	0.00106157113	0.33266808295	0.09921592	0.10027749	76839988	76840006	78009968	78009968	0.2352246	1	511023.7	26.50427	1.3361946	NA	NA	0.0	1.951532362	1.951532362	2	2	2:2	4	gain	4121974
19	260137	21709989	NA	21449855	232523	2.001916959	230788	10318	37243.0	mappable	0.078725	1.0	edge	0.001831807935	8.29669e-05	0.00376513238	0.08212047	0.08220343	260137	260137	21709881	21710097	0.2297291	1	375337.9	19.56942	0.9817117	NA	NA	0.0	1.00095848	1.00095848	1	1	1:1	2	neutral	4121974
19	21709989	21729978	NA	19990	168	1.397438115	164	7	35.0	mappable	0.07438537	7.0	identical	0.002972795142	0.09090909091	0.14435743121	0.13998749	0.23089658	21709881	21710097	21719955	21729978	NA	missing	327358.7	18.45197	0.8690022	NA	NA	NA	NA	NA	NA	NA	NA	NA	NA	4121974
19	21729979	24569972	NA	2839994	24757	2.001916959	24325	978	3957.0	mappable	0.07685484	1.0	self	0.010308906253	0.00070921986	0.01735743121	0.09329465	0.09400387	21729979	21740002	24569972	24569972	0.2121419	1	375337.9	19.56942	0.9817117	NA	NA	0.0	1.00095848	1.00095848	1	1	1:1	2	neutral	4121974
19	27750002	43209995	NA	15459994	197717	2.001916959	196629	7864	30855.0	mappable	0.085575	1.0	NA	0.003391093747	0.00011171936	0.00825743121	0.08374495	0.08385667	27750002	27750002	43209995	43209995	0.1839445	1	375337.9	19.56942	0.9817117	NA	NA	0.0	1.00095848	1.00095848	1	1	1:1	2	neutral	4121974
19	43209996	43800005	NA	590010	0	0.0	0	0	NA	mappable	NA	NA	NA	NA	inf	0.98275743121	0.10432761	inf	43209996	43209996	43800005	43800005	NA	missing	NA	NA	0.0	NA	NA	0.0	0.0	0.0	0	0	NA	0	homozygousDel	4121974
19	43800006	51710013	NA	7910008	86392	2.001916959	85844	3519	13596.0	mappable	0.08039423	1.0	NA	3.3906253e-05	0.00024588149	0.00264256879	0.08727813	0.08752401	43800006	43800006	51709926	51710013	0.2067335	1	375337.9	19.56942	0.9817117	NA	NA	0.0	1.00095848	1.00095848	1	1	1:1	2	neutral	4121974
19	51710014	51719749	NA	9736	190	2.700137368	190	0	38.0	mappable	NA	NA	NA	NA	inf	0.12914256879	0.1509535	inf	51710014	51710101	51719479	51720019	NA	missing	372960.0	NA	1.1119	NA	NA	NA	NA	NA	NA	NA	NA	NA	NA	4121974
19	51719749	59089999	NA	7370251	76216	2.001916959	75728	3704	11827.0	mappable	0.085575	1.0	edge	0.00208510091	0.00023854962	0.0195899913	0.08766823	0.08790678	51719479	51720019	59089999	59089999	0.2095877	1	375337.9	19.56942	0.9817117	NA	NA	0.0	1.00095848	1.00095848	1	1	1:1	2	neutral	4121974
20	60479	460093	NA	399615	6672	2.001916959	6634	283	995.0	mappable	0.09004483	1.0	edge	0.005866093747	0.0031152648	0.00164256879	0.1074792	0.11059447	60479	60479	459979	460207	0.2155087	1	375337.9	19.56942	0.9817117	NA	NA	0.0	1.00095848	1.00095848	1	1	1:1	2	neutral	4121974
20	460093	485009	NA	24917	302	2.532270526	302	0	45.0	mappable	NA	NA	NA	NA	inf	0.09784256879	0.13694088	inf	459979	460207	479998	490020	NA	missing	388613.5	NA	1.0806	NA	NA	NA	NA	NA	NA	NA	NA	NA	NA	4121974
20	485009	25729738	NA	25244735	393403	2.001916959	392109	18890	55495.0	mappable	0.08088333	1.0	NA	0.001937375171	4.954419e-05	0.00405895077	0.0813356	0.08138514	479998	490020	25729738	25729738	0.1601887	1	375337.9	19.56942	0.9817117	NA	NA	0.0	1.00095848	1.00095848	1	1	1:1	2	neutral	4121974
20	29810057	30350041	NA	539985	7347	2.656434067	7326	11	1419.0	mappable	0.13850565	8.0	NA	0.056191093747	0.03125	0.12184256879	0.1050279	0.1362779	29810057	29810057	30349960	30350122	NA	missing	415013.0	21.6729	1.1037512	NA	NA	NA	NA	NA	NA	NA	NA	NA	NA	4121974
20	30350041	62909989	NA	32559953	490464	2.001916959	488201	20661	71552.0	mappable	0.08215	1.0	edge	0.000191797135	4.362621e-05	0.00744109403	0.08013914	0.08018276	30349960	30350122	62909989	62909989	0.1594159	1	375337.9	19.56942	0.9817117	NA	NA	0.0	1.00095848	1.00095848	1	1	1:1	2	neutral	4121974
21	10720001	11014966	NA	294966	4842	2.278056842	4592	0	1287.0	mappable	NA	NA	edge	0.095273220383	0.004	0.05044256879	0.1100704	0.1140704	10720001	10720001	10859932	11170000	NA	missing	1001840.8	NA	1.0332	NA	NA	NA	NA	NA	NA	NA	NA	NA	NA	4121974
21	11014966	11179964	NA	164999	291	1.843104737	248	0	48.0	mappable	NA	NA	NA	0.22182888836	0.02325581395	0.03065743121	0.11539284	0.13864865	10859932	11170000	11179964	11179964	NA	missing	1878024.0	NA	0.9521	NA	NA	NA	NA	NA	NA	NA	NA	NA	NA	4121974
21	15410077	28594023	NA	13183949	215797	2.001916959	214835	9888	30342.0	mappable	0.08059474	1.0	self	0.000862886552	9.21659e-05	0.00693101627	0.08455845	0.08465061	15410077	15410077	28593905	28594023	0.1734944	1	375337.9	19.56942	0.9817117	NA	NA	0.0	1.00095848	1.00095848	1	1	1:1	2	neutral	4121974
21	28594024	42129911	CTX	13535890	201596	2.972357319	200441	10091	29139.0	mappable	0.11565	NA	NA	0.032655240191	8.892051e-05	0.179899936	0.08442279	0.08451171	28594024	28594088	42129771	42130051	0.5810468	2	444187.2	25.66415	1.1626574	18.74606	0.6631649	0.3263299	1.001194143	1.971163176	2	1	2:1	3	gain	4121974
21	42129911	42139961	NA	10051	170	3.903064723	169	21	20.0	mappable	0.06039524	6.0	NA	0.026019620539	0.04545454545	0.32494256879	0.15043191	0.19588646	42129771	42130051	42139852	42140070	NA	missing	511023.7	26.50427	1.3361946	NA	NA	NA	NA	NA	NA	NA	NA	NA	NA	4121974
21	42139961	48099931	NA	5959973	98978	2.966443901	98141	4827	15179.0	mappable	0.112975	NA	edge	0.034335622475	0.00017655367	0.17879738097	0.08886174	0.08903829	42139852	42140070	48099931	48099931	0.5862933	2	444516.6	25.59338	1.1615548	18.77777	0.6590927	0.3181854	1.011282421	1.955161481	2	1	2:1	3	gain	4121974
22	16850007	23150186	NA	6300182	60994	2.001916959	60529	2945	9222.0	mappable	0.08015227	1.0	edge	0.001025701774	0.00029325513	0.00125221594	0.08854666	0.08883991	16850007	16850007	23149928	23150444	0.1871069	1	375337.9	19.56942	0.9817117	NA	NA	0.0	1.00095848	1.00095848	1	1	1:1	2	neutral	4121974
22	23150186	23245009	NA	94824	2103	1.137849474	2093	47	322.0	mappable	0.045375	NA	identical	0.039812167123	0.01754385965	0.16215743121	0.12097044	0.1385143	23149928	23150444	23239965	23250053	0.5213888	2	307837.8	17.75987	0.8206	18.40714	0.7975253	0.5950506	0.230385709	0.907463765	1	0	1:0	1	LOH	4121974
22	23245009	51179984	NA	27934977	393257	2.001916959	391091	19769	57799.0	mappable	0.08215	1.0	edge	2.6706699e-05	4.558924e-05	0.00962141252	0.08085522	0.08090081	23239965	23250053	51179984	51179984	0.1632188	1	375337.9	19.56942	0.9817117	NA	NA	0.0	1.00095848	1.00095848	1	1	1:1	2	neutral	4121974
23	2700027	58499983	NA	55799958	490798	1.397438115	489049	17452	71136.0	mappable	0.099275	7.0	edge	0.017091093747	5.208605e-05	0.11481973057	0.07771892	0.077771	2700027	2700027	58499983	58499983	0.464015	2	327358.7	18.45197	0.8690022	18.48412	0.7123202	0.4246404	0.402014686	0.995423428	1	sub	1:sub	sub	sub	4121974
23	61750000	88459980	NA	26709981	245816	1.397438115	245134	7706	35051.0	mappable	0.10165	7.0	NA	0.017091093747	0.00011921793	0.11185743121	0.08106725	0.08118647	61750000	61750000	88459980	88459980	0.4754655	2	327358.7	18.45197	0.8690022	18.48412	0.7123202	0.4246404	0.402014686	0.995423428	1	sub	1:sub	sub	sub	4121974
23	88990017	89349936	NA	359920	1089	1.669436567	1089	10	165.0	mappable	0.0325	3.0	NA	0.049683906253	0.1	0.09375743121	0.10835811	0.20835811	88990017	88990017	89349936	89349936	NA	missing	350947.5	18.54698	0.9197183	NA	NA	NA	NA	NA	NA	NA	NA	NA	NA	4121974
23	89349937	90140198	NA	790262	0	0.0	0	0	NA	mappable	NA	NA	NA	NA	inf	0.98275743121	0.10208263	inf	89349937	89349937	90140198	90140198	NA	missing	NA	NA	0.0	NA	NA	0.0	0.0	0.0	0	0	NA	0	homozygousDel	4121974
23	90140199	91529952	NA	1389754	5103	1.397438115	5081	396	686.0	mappable	0.09749167	7.0	NA	0.01963917067	0.0023923445	0.11055743121	0.09800848	0.10040082	90140199	90140199	91529952	91529952	0.4136012	2	327358.7	18.45197	0.8690022	18.48412	0.7123202	0.4246404	0.402014686	0.995423428	1	sub	1:sub	sub	sub	4121974
23	91529953	92379999	NA	850047	0	0.0	0	0	NA	mappable	NA	NA	NA	NA	inf	0.98275743121	0.10153736	inf	91529953	91529953	92379999	92379999	NA	missing	NA	NA	0.0	NA	NA	0.0	0.0	0.0	0	0	NA	0	homozygousDel	4121974
23	92380000	140974988	NA	48594990	433930	1.397438115	432472	14138	62294.0	mappable	0.09301154	7.0	NA	0.011510065967	6.4119e-05	0.11146213473	0.078326	0.07839012	92380000	92380000	140969898	140974988	0.4403489	2	327358.7	18.45197	0.8690022	18.48412	0.7123202	0.4246404	0.402014686	0.995423428	1	sub	1:sub	sub	sub	4121974
23	140974989	141009958	NA	34970	544	1.840423158	524	20	136.0	mappable	0.25496296	NA	NA	0.163506359012	0.025	0.03115743121	0.13250447	0.15750447	140974989	140980079	141009893	141010023	NA	missing	336288.6	20.73272	0.9516	NA	NA	NA	NA	NA	NA	NA	NA	NA	NA	4121974
23	141009958	144029998	NA	3020041	33494	1.397438115	33381	1567	4770.0	mappable	0.09359167	7.0	NA	0.013666093747	0.0005952381	0.11695743121	0.09291031	0.09350555	141009893	141010023	144029985	144030011	0.4790172	2	327358.7	18.45197	0.8690022	18.48412	0.7123202	0.4246404	0.402014686	0.995423428	1	sub	1:sub	sub	sub	4121974
23	144029998	144049944	NA	19947	262	2.001916959	258	28	33.0	mappable	0.0637621	1.0	self	0.007947615931	0.03125	0.03855743121	0.14001794	0.17126794	144029985	144030011	144049848	144050040	NA	missing	375337.9	19.56942	0.9817117	NA	NA	NA	NA	NA	NA	NA	NA	NA	NA	4121974
23	144049944	154929639	NA	10879696	99169	1.397438115	98714	4456	13931.0	mappable	0.092875	7.0	edge	0.010241093747	0.00020362452	0.11505743121	0.085561	0.08576463	144049848	144050040	154929639	154929639	0.4474504	2	327358.7	18.45197	0.8690022	18.48412	0.7123202	0.4246404	0.402014686	0.995423428	1	sub	1:sub	sub	sub	4121974
