#chromosome	start	end	crest	length	tcnNbrOfLoci	tcnMean	tcnNbrOfSNPs	tcnNbrOfHets	dhNbrOfLoci	map	dhMax	cluster	neighbour	distDH	errorSNP	distTcn	errorLength	totalError	minStart	maxStart	minStop	maxStop	area	peaks	meanCovT	meanCovB	tcnMeanRaw	AF	BAF	dhMean	c1Mean	c2Mean	A	B	genotype	TCN	GNL	PID
1	840009	12839977	NA	11999972	171932	1.992757	171027	7820	58226.0	mappable	0.08215	4.0	edge	0.0004359231711	0.00011463946	0.00845493572	0.08504657	0.08516121	840009	840009	12839977	12839977	0.15096478	1	375006.1	19.434269	1.0008296	NA	NA	0.0	0.9963785	0.9963785	1	1	1:1	2	neutral	4196670
1	13780016	56129988	NA	42349975	526245	1.992757	524423	22380	182164.0	mappable	0.08215	4.0	self	0.0001484491349	4.132061e-05	0.00450777562	0.0789395	0.07898082	13780016	13780016	56129973	56130003	0.14201563	1	375006.1	19.434269	1.0008296	NA	NA	0.0	0.9963785	0.9963785	1	1	1:1	2	neutral	4196670
1	56129988	56140033	NA	10046	282	2.1935857	277	34	50.0	mappable	0.071875	8.0	NA	0.0102757583794	0.02564102564	0.09683175844	0.15044003	0.17608106	56129973	56130003	56139980	56140086	NA	missing	365841.3	19.26262	1.0612595	NA	NA	NA	NA	NA	NA	NA	NA	NA	NA	4196670
1	56140033	56149987	NA	9955	162	1.6736187	151	0	62.0	mappable	NA	NA	NA	0.0515870794584	0.09090909091	0.09616824156	0.15058874	0.24149783	56139980	56140086	56149940	56149987	NA	missing	373760.0	NA	0.9048	NA	NA	NA	NA	NA	NA	NA	NA	NA	NA	4196670
1	56149988	79390007	NA	23240025	317649	1.992757	316701	14666	113622.0	mappable	0.078725	4.0	NA	0.0025273746714	6.404509e-05	0.00115409481	0.08173237	0.08179642	56149988	56150035	79389882	79390007	0.15234065	1	375006.1	19.434269	1.0008296	NA	NA	0.0	0.9963785	0.9963785	1	1	1:1	2	neutral	4196670
1	79390008	79409999	NA	19992	342	1.6922293	342	0	133.0	mappable	NA	NA	NA	NA	inf	0.09056824156	0.13998608	inf	79390008	79390133	79409974	79410024	NA	missing	393291.2	NA	0.9104	NA	NA	NA	NA	NA	NA	NA	NA	NA	NA	4196670
1	79409999	120529963	NA	41119966	548823	1.992757	546995	26681	195851.0	mappable	0.078725	4.0	NA	0.0034269727282	3.507787e-05	0.0016401781	0.07907221	0.07910729	79409974	79410024	120529963	120529963	0.13763215	1	375006.1	19.434269	1.0008296	NA	NA	0.0	0.9963785	0.9963785	1	1	1:1	2	neutral	4196670
1	121220004	121229986	NA	9983	177	1.992757	176	12	63.0	mappable	0.0686625	4.0	self	0.0093070083794	0.07692307692	0.02416824156	0.15054281	0.22746588	121220004	121220004	121229986	121229986	NA	missing	375006.1	19.434269	1.0008296	NA	NA	NA	NA	NA	NA	NA	NA	NA	NA	4196670
1	144010127	144019970	NA	9844	155	2.094685	105	0	44.0	mappable	NA	NA	NA	0.2155299234388	0.02	0.03053175844	0.15077238	0.17077238	144010127	144010127	144019970	144019970	NA	missing	1080528.0	NA	1.0315	NA	NA	NA	NA	NA	NA	NA	NA	NA	NA	4196670
1	144920087	145739956	NA	819870	6372	1.992757	5812	157	2295.0	mappable	0.08575	4.0	self	0.0144507583794	0.00139470014	0.00993175844	0.10180689	0.10320159	144920087	144920087	145739956	145739956	0.188281	1	375006.1	19.434269	1.0008296	NA	NA	0.0	0.9963785	0.9963785	1	1	1:1	2	neutral	4196670
1	146540101	147829895	NA	1289795	11666	1.992757	11633	545	4171.0	mappable	0.08215	4.0	self	0.0034257583794	0.00173010381	0.00736824156	0.09852843	0.10025853	146540101	146540101	147829895	147829895	0.1311026	1	375006.1	19.434269	1.0008296	NA	NA	0.0	0.9963785	0.9963785	1	1	1:1	2	neutral	4196670
1	149815060	209579945	NA	59764891	791966	1.992757	789340	37229	280630.0	mappable	0.078725	4.0	NA	0.0022199553028	2.509221e-05	0.00162941188	0.07742097	0.07744606	149815060	149815060	209579864	209579945	0.14089236	1	375006.1	19.434269	1.0008296	NA	NA	0.0	0.9963785	0.9963785	1	1	1:1	2	neutral	4196670
1	209579946	209600037	NA	20092	330	1.8387883	330	0	118.0	mappable	NA	NA	NA	NA	inf	0.04646824156	0.13991558	inf	209579946	209580027	209599917	209600157	NA	missing	353339.8	NA	0.9545	NA	NA	NA	NA	NA	NA	NA	NA	NA	NA	4196670
1	209600037	216069995	NA	6469959	89088	1.992757	89002	22	33329.0	mappable	0.07343269	4.0	NA	0.0205492416206	0.00934579439	0.00093175844	0.08839652	0.09774231	209599917	209600157	216069989	216070001	NA	missing	375006.1	19.434269	1.0008296	NA	NA	NA	NA	NA	NA	NA	NA	NA	NA	4196670
1	216069995	216089996	NA	20002	329	2.1541727	329	0	139.0	mappable	NA	NA	NA	NA	inf	0.04843175844	0.13997901	inf	216069989	216070001	216089923	216090069	NA	missing	395935.3	NA	1.0494	NA	NA	NA	NA	NA	NA	NA	NA	NA	NA	4196670
1	216089996	217899979	NA	1809984	27526	1.9773713	27520	1	10643.0	mappable	0.04347826	NA	NA	0.1288883720554	0.14285714286	0.00476824156	0.09621146	0.2390686	216089923	216090069	217899948	217900010	NA	missing	388755.9	20.282918	0.9962	NA	NA	NA	NA	NA	NA	NA	NA	NA	NA	4196670
1	217899979	217920065	NA	20087	291	2.1608193	291	0	116.0	mappable	NA	NA	NA	NA	inf	0.05043175844	0.1399191	inf	217899948	217900010	217919958	217920065	NA	missing	409444.4	NA	1.0514	NA	NA	NA	NA	NA	NA	NA	NA	NA	NA	4196670
1	217920066	219530003	NA	1609938	23627	1.9816917	23595	4	9008.0	mappable	0.39464392	NA	NA	0.1392661335125	0.02777777778	0.00346824156	0.09699992	0.1247777	217920066	217920173	219529963	219530003	NA	missing	388311.7	27.07963	0.9975	NA	NA	NA	NA	NA	NA	NA	NA	NA	NA	4196670
1	219530004	219549912	NA	19909	266	2.173448	266	0	93.0	mappable	NA	NA	NA	NA	inf	0.05423175844	0.14004491	inf	219530004	219530044	219549797	219550027	NA	missing	400217.9	NA	1.0552	NA	NA	NA	NA	NA	NA	NA	NA	NA	NA	4196670
1	219549912	249209945	NA	29660038	410594	1.992757	408905	19761	145221.0	mappable	0.078725	4.0	edge	0.0015508696067	4.662222e-05	0.00172064576	0.08057363	0.08062025	219549797	219550027	249209945	249209945	0.15423081	1	375006.1	19.434269	1.0008296	NA	NA	0.0	0.9963785	0.9963785	1	1	1:1	2	neutral	4196670
2	20016	3139964	NA	3119950	53985	1.992757	53595	2755	18404.0	mappable	0.085575	4.0	edge	0.0042782421622	0.00031806616	0.00103514272	0.09270809	0.09302615	20016	20016	3139918	3140010	0.17087338	1	375006.1	19.434269	1.0008296	NA	NA	0.0	0.9963785	0.9963785	1	1	1:1	2	neutral	4196670
2	3139964	3149998	NA	10035	169	1.676942	169	0	57.0	mappable	NA	NA	NA	NA	inf	0.09516824156	0.15045792	inf	3139918	3140010	3149987	3150009	NA	missing	310951.2	NA	0.9058	NA	NA	NA	NA	NA	NA	NA	NA	NA	NA	4196670
2	3149998	87059860	NA	83909877	1257045	1.992757	1253109	62286	445080.0	mappable	0.078725	4.0	NA	0.0015240884508	1.510163e-05	0.00123609973	0.07598109	0.0759962	3149987	3150009	87059860	87059860	0.13007738	1	375006.1	19.434269	1.0008296	NA	NA	0.0	0.9963785	0.9963785	1	1	1:1	2	neutral	4196670
2	88330099	89161075	NA	830977	10588	1.992757	10562	264	3820.0	mappable	0.08828182	4.0	NA	0.0068492416206	0.00344827586	0.01043175844	0.10170638	0.10515466	88330099	88330099	89161072	89161075	0.1726259	1	375006.1	19.434269	1.0008296	NA	NA	0.0	0.9963785	0.9963785	1	1	1:1	2	neutral	4196670
2	89161076	89161076	INV	1	0	0.0	0	0	NA	mappable	NA	NA	NA	NA	inf	1.00096824156	inf	inf	89161076	89161076	89161076	89161076	NA	missing	NA	NA	0.0	NA	NA	0.0	0.0	0.0	0	0	NA	0	homozygousDel	4196670
2	89161077	89229990	INV	68914	1285	1.992757	1281	17	478.0	mappable	0.09443164	4.0	NA	0.0169014096423	0.04761904762	0.00463175844	0.12443608	0.17205512	89161077	89161087	89229990	89229990	NA	missing	375006.1	19.434269	1.0008296	NA	NA	NA	NA	NA	NA	NA	NA	NA	NA	4196670
2	89840102	90239998	NA	399897	914	1.992757	905	15	411.0	mappable	0.11990714	4.0	NA	0.0147007583794	0.04166666667	0.02073175844	0.10747332	0.14913999	89840102	89840102	90239998	90239998	NA	missing	375006.1	19.434269	1.0008296	NA	NA	NA	NA	NA	NA	NA	NA	NA	NA	4196670
2	90239999	90260248	NA	20250	0	0.0	0	0	NA	mappable	NA	NA	NA	NA	inf	1.00096824156	0.13980506	inf	90239999	90239999	90260248	90260248	NA	missing	NA	NA	0.0	NA	NA	0.0	0.0	0.0	0	0	NA	0	homozygousDel	4196670
2	90260249	90260251	INV	3	0	0.0	0	0	NA	mappable	NA	NA	NA	NA	inf	1.00096824156	1.26185951	inf	90260249	90260249	90260251	90260251	NA	missing	NA	NA	0.0	NA	NA	0.0	0.0	0.0	0	0	NA	0	homozygousDel	4196670
2	95580145	96239991	NA	659847	4442	1.992757	4437	30	1659.0	mappable	0.064425	4.0	NA	0.0115416674703	0.02857142857	0.01413175844	0.10345663	0.13202806	95580145	95580145	96239991	96239991	NA	missing	375006.1	19.434269	1.0008296	NA	NA	NA	NA	NA	NA	NA	NA	NA	NA	4196670
2	96239992	96740020	NA	500029	0	0.0	0	0	NA	mappable	NA	NA	NA	NA	inf	1.00096824156	0.10564318	inf	96239992	96239992	96740020	96740020	NA	missing	NA	NA	0.0	NA	NA	0.0	0.0	0.0	0	0	NA	0	homozygousDel	4196670
2	96740021	132189994	NA	35449975	448389	1.992757	447217	17908	160288.0	mappable	0.08215	4.0	NA	0.0003041233556	5.241914e-05	0.00019812403	0.0797471	0.07979952	96740021	96740021	132189994	132189994	0.13706449	1	375006.1	19.434269	1.0008296	NA	NA	0.0	0.9963785	0.9963785	1	1	1:1	2	neutral	4196670
2	132189995	133009999	NA	820005	0	0.0	0	0	NA	mappable	NA	NA	NA	NA	inf	1.00096824156	0.10180566	inf	132189995	132189995	133009999	133009999	NA	missing	NA	NA	0.0	NA	NA	0.0	0.0	0.0	0	0	NA	0	homozygousDel	4196670
2	133010000	133034293	NA	24294	1714	1.7600253	1710	0	667.0	mappable	NA	NA	NA	0.2373748269049	0.25	0.07016824156	0.13728426	0.38728426	133010000	133010000	133034288	133034293	NA	missing	278250.3	NA	0.9308	NA	NA	NA	NA	NA	NA	NA	NA	NA	NA	4196670
2	133034294	135470009	NA	2435716	35335	1.992757	35213	1494	12721.0	mappable	0.07793929	4.0	NA	0.0009757583794	0.00061881188	0.00413175844	0.09426886	0.09488767	133034294	133034299	135469995	135470009	0.13253605	1	375006.1	19.434269	1.0008296	NA	NA	0.0	0.9963785	0.9963785	1	1	1:1	2	neutral	4196670
2	135470010	135519978	NA	49969	564	2.1837503	564	0	204.0	mappable	NA	NA	NA	NA	inf	0.05733175844	0.12813329	inf	135470010	135470024	135519829	135519978	NA	missing	371814.5	NA	1.0583	NA	NA	NA	NA	NA	NA	NA	NA	NA	NA	4196670
2	135519979	242999969	NA	107479997	1466237	1.992757	1461544	62068	526479.0	mappable	0.078725	4.0	edge	0.0011537064192	1.49806e-05	0.00245939006	0.07496394	0.07497892	135519979	135520128	242999969	242999969	0.14525607	1	375006.1	19.434269	1.0008296	NA	NA	0.0	0.9963785	0.9963785	1	1	1:1	2	neutral	4196670
3	100074	28530000	NA	28429931	449488	1.992757	448058	18008	160827.0	mappable	0.08215	4.0	edge	0.0002142782246	5.145092e-05	0.00310676512	0.08077248	0.08082394	100074	100074	28529985	28530000	0.156828	1	375006.1	19.434269	1.0008296	NA	NA	0.0	0.9963785	0.9963785	1	1	1:1	2	neutral	4196670
3	28530001	28549965	NA	19965	261	2.255202	261	0	104.0	mappable	NA	NA	NA	NA	inf	0.07883175844	0.14000518	inf	28530001	28530016	28549881	28550049	NA	missing	408379.4	NA	1.0798	NA	NA	NA	NA	NA	NA	NA	NA	NA	NA	4196670
3	28549965	90499969	NA	61950012	853445	1.992757	850814	38685	304428.0	mappable	0.078725	4.0	NA	0.0024264402841	2.42078e-05	0.00057502008	0.07726602	0.07729022	28549881	28550049	90499969	90499969	0.15044875	1	375006.1	19.434269	1.0008296	NA	NA	0.0	0.9963785	0.9963785	1	1	1:1	2	neutral	4196670
3	93570175	125199964	NA	31629797	437953	1.992757	436621	19685	157686.0	mappable	0.078725	4.0	NA	0.0040037537702	4.758506e-05	0.00290363328	0.08027363	0.08032122	93570175	93570175	125199885	125199964	0.14730384	1	375006.1	19.434269	1.0008296	NA	NA	0.0	0.9963785	0.9963785	1	1	1:1	2	neutral	4196670
3	125199965	125210199	NA	10235	142	2.260187	142	0	51.0	mappable	NA	NA	NA	NA	inf	0.08033175844	0.15013636	inf	125199965	125200044	125209954	125210199	NA	missing	389394.3	NA	1.0813	NA	NA	NA	NA	NA	NA	NA	NA	NA	NA	4196670
3	125210200	142180087	NA	16969889	214804	1.992757	214178	8556	75475.0	mappable	0.08190357	4.0	NA	0.00036924698	0.00010890873	0.00027638061	0.08327617	0.08338508	125210200	125210445	142179953	142180087	0.14039764	1	375006.1	19.434269	1.0008296	NA	NA	0.0	0.9963785	0.9963785	1	1	1:1	2	neutral	4196670
3	142180088	142194979	NA	14892	112	2.3572283	112	0	44.0	mappable	NA	NA	NA	NA	inf	0.10953175844	0.14427672	inf	142180088	142180222	142189945	142194979	NA	missing	427735.6	NA	1.1105	NA	NA	NA	NA	NA	NA	NA	NA	NA	NA	4196670
3	142194980	145620017	NA	3425038	50326	1.992757	50152	2742	18009.0	mappable	0.08215	4.0	NA	7.583794e-07	0.00034293553	0.00133175844	0.09213325	0.09247619	142194980	142200014	145619956	145620017	0.12090938	1	375006.1	19.434269	1.0008296	NA	NA	0.0	0.9963785	0.9963785	1	1	1:1	2	neutral	4196670
3	145620018	145644858	NA	24841	372	1.7939233	372	0	146.0	mappable	NA	NA	NA	NA	inf	0.05996824156	0.13698221	inf	145620018	145620079	145639684	145644858	NA	missing	382460.4	NA	0.941	NA	NA	NA	NA	NA	NA	NA	NA	NA	NA	4196670
3	145644859	155819977	NA	10175121	136939	1.992757	136529	6701	49515.0	mappable	0.078725	4.0	NA	0.0039732346046	0.0001406272	0.00152440042	0.08591603	0.08605666	145644859	145650033	155819945	155820009	0.14889651	1	375006.1	19.434269	1.0008296	NA	NA	0.0	0.9963785	0.9963785	1	1	1:1	2	neutral	4196670
3	155819977	155829993	NA	10017	192	2.2997347	192	0	71.0	mappable	NA	NA	NA	NA	inf	0.09223175844	0.15048725	inf	155819945	155820009	155829982	155830004	NA	missing	388948.6	NA	1.0932	NA	NA	NA	NA	NA	NA	NA	NA	NA	NA	4196670
3	155829993	161240034	NA	5410043	71597	1.992757	71451	2986	25706.0	mappable	0.08331346	4.0	NA	0.000310540171	0.0003192848	0.0047592135	0.08941661	0.0897359	155829982	155830004	161239927	161240141	0.11873053	1	375006.1	19.434269	1.0008296	NA	NA	0.0	0.9963785	0.9963785	1	1	1:1	2	neutral	4196670
3	161240034	161250005	NA	9972	139	2.256199	139	0	55.0	mappable	NA	NA	NA	NA	inf	0.07913175844	0.15056083	inf	161239927	161240141	161249907	161250103	NA	missing	404470.0	NA	1.0801	NA	NA	NA	NA	NA	NA	NA	NA	NA	NA	4196670
3	161250005	183032957	NA	21782953	296504	1.992757	295639	13951	106948.0	mappable	0.078725	4.0	NA	0.0034003908158	6.749916e-05	0.00134514069	0.08204557	0.08211307	161249907	161250103	183032942	183032957	0.12957021	1	375006.1	19.434269	1.0008296	NA	NA	0.0	0.9963785	0.9963785	1	1	1:1	2	neutral	4196670
3	183032958	183049993	NA	17036	255	2.1940527	255	0	96.0	mappable	NA	NA	NA	NA	inf	0.06043175844	0.14228496	inf	183032958	183032973	183049982	183050004	NA	missing	385511.6	NA	1.0614	NA	NA	NA	NA	NA	NA	NA	NA	NA	NA	4196670
3	183049993	197779892	NA	14729902	210632	1.992757	209838	9174	74719.0	mappable	0.08215	4.0	edge	6.44396117e-05	0.00010032103	0.0048183996	0.0839904	0.08409072	183049982	183050004	197779892	197779892	0.162971	1	375006.1	19.434269	1.0008296	NA	NA	0.0	0.9963785	0.9963785	1	1	1:1	2	neutral	4196670
4	50084	8939952	NA	8889870	145483	1.992757	144574	7317	49322.0	mappable	0.085575	4.0	edge	0.0024350058472	0.00012159533	0.00265705675	0.08664111	0.0867627	50084	50084	8939952	8939952	0.14441709	1	375006.1	19.434269	1.0008296	NA	NA	0.0	0.9963785	0.9963785	1	1	1:1	2	neutral	4196670
4	9800043	49089961	NA	39289927	599137	1.992757	597356	29228	214471.0	mappable	0.078725	4.0	self	0.0022423249199	3.22539e-05	0.00108634279	0.07927807	0.07931033	9800043	9800043	49089961	49089961	0.13931147	1	375006.1	19.434269	1.0008296	NA	NA	0.0	0.9963785	0.9963785	1	1	1:1	2	neutral	4196670
4	52680564	57650011	NA	4969448	66091	1.992757	65944	2909	23485.0	mappable	0.078725	4.0	NA	0.0015523633302	0.00032722513	0.0086547525	0.08990924	0.09023647	52680564	52680564	57649923	57650099	0.15063327	1	375006.1	19.434269	1.0008296	NA	NA	0.0	0.9963785	0.9963785	1	1	1:1	2	neutral	4196670
4	57650011	57669972	NA	19962	275	2.3784977	275	0	89.0	mappable	NA	NA	NA	NA	inf	0.11593175844	0.14000731	inf	57649923	57650099	57669935	57670009	NA	missing	361904.8	NA	1.1169	NA	NA	NA	NA	NA	NA	NA	NA	NA	NA	4196670
4	57669972	60489956	NA	2819985	43577	1.992757	43395	2683	15444.0	mappable	0.08351731	4.0	NA	7.583794e-07	0.00034904014	0.00103175844	0.09333906	0.0936881	57669935	57670009	60489884	60490028	0.15024007	1	375006.1	19.434269	1.0008296	NA	NA	0.0	0.9963785	0.9963785	1	1	1:1	2	neutral	4196670
4	60489956	60510047	NA	20092	318	2.2223419	318	14	108.0	mappable	0.20528314	2.0	NA	0.1231323811555	0.07142857143	0.06513175844	0.13991558	0.21134415	60489884	60490028	60509967	60510047	NA	missing	426797.2	23.697218	1.0699123	NA	NA	NA	NA	NA	NA	NA	NA	NA	NA	4196670
4	60510048	60529989	NA	19942	348	1.7553727	345	0	111.0	mappable	NA	NA	NA	0.1766019443233	0.33333333333	0.07156824156	0.14002148	0.47335482	60510048	60510128	60529959	60530019	NA	missing	378423.1	NA	0.9294	NA	NA	NA	NA	NA	NA	NA	NA	NA	NA	4196670
4	60529989	183850055	NA	123320086	1693658	1.992757	1688468	79622	609944.0	mappable	0.078725	4.0	NA	0.0031064226554	1.179176e-05	0.00077967691	0.07441076	0.07442255	60529959	60530019	183849955	183850155	0.14136688	1	375006.1	19.434269	1.0008296	NA	NA	0.0	0.9963785	0.9963785	1	1	1:1	2	neutral	4196670
4	183850055	183865018	NA	14964	137	1.590203	137	0	46.0	mappable	NA	NA	NA	NA	inf	0.12126824156	0.14420434	inf	183849955	183850155	183859978	183865018	NA	missing	343828.3	NA	0.8797	NA	NA	NA	NA	NA	NA	NA	NA	NA	NA	4196670
4	183865019	190939997	NA	7074979	116834	1.992757	115871	5537	40800.0	mappable	0.078725	4.0	edge	0.0005487583794	0.00015384615	0.00208350937	0.0878955	0.08804934	183865019	183870059	190939997	190939997	0.17335276	1	375006.1	19.434269	1.0008296	NA	NA	0.0	0.9963785	0.9963785	1	1	1:1	2	neutral	4196670
5	50017	32940050	NA	32890041	501691	1.992757	499790	25096	178503.0	mappable	0.078725	4.0	edge	0.0019029136823	3.70439e-05	0.00137879865	0.08009243	0.08012948	50017	50017	32939998	32940050	0.14060029	1	375006.1	19.434269	1.0008296	NA	NA	0.0	0.9963785	0.9963785	1	1	1:1	2	neutral	4196670
5	32940051	32970042	NA	29992	409	2.1957143	409	0	165.0	mappable	NA	NA	NA	NA	inf	0.06093175844	0.13447828	inf	32940051	32940103	32969999	32970085	NA	missing	393562.0	NA	1.0619	NA	NA	NA	NA	NA	NA	NA	NA	NA	NA	4196670
5	32970042	46399990	NA	13429950	187286	1.992757	186711	8259	67559.0	mappable	0.078725	4.0	NA	0.0028164155421	0.000113199	6.595641e-05	0.0844632	0.0845764	32969999	32970085	46399990	46399990	0.13515089	1	375006.1	19.434269	1.0008296	NA	NA	0.0	0.9963785	0.9963785	1	1	1:1	2	neutral	4196670
5	49470005	61325058	NA	11855054	159529	1.992757	158929	7678	57230.0	mappable	0.08215	4.0	NA	7.583794e-07	0.00012080213	0.00363175844	0.08511001	0.08523081	49470005	49470005	61319964	61325058	0.12842089	1	375006.1	19.434269	1.0008296	NA	NA	0.0	0.9963785	0.9963785	1	1	1:1	2	neutral	4196670
5	61325059	61340010	NA	14952	157	1.6496907	157	0	58.0	mappable	NA	NA	NA	NA	inf	0.10336824156	0.14421637	inf	61325059	61330153	61339942	61340010	NA	missing	349837.1	NA	0.8976	NA	NA	NA	NA	NA	NA	NA	NA	NA	NA	4196670
5	61340011	68829703	NA	7489693	96864	1.992757	96642	4575	34730.0	mappable	0.07779167	4.0	NA	0.0033449379341	0.00020846362	0.0044598184	0.08757919	0.08778765	61340011	61340079	68829703	68829703	0.14853836	1	375006.1	19.434269	1.0008296	NA	NA	0.0	0.9963785	0.9963785	1	1	1:1	2	neutral	4196670
5	70750153	84150010	NA	13399858	179878	1.992757	179411	8708	64201.0	mappable	0.08215	4.0	NA	0.001184120388	0.00010899183	0.00102068483	0.08447475	0.08458374	70750153	70750153	84149966	84150054	0.13575411	1	375006.1	19.434269	1.0008296	NA	NA	0.0	0.9963785	0.9963785	1	1	1:1	2	neutral	4196670
5	84150010	84159982	NA	9973	161	2.260187	161	0	57.0	mappable	NA	NA	NA	NA	inf	0.08033175844	0.15055919	inf	84149966	84150054	84159909	84160055	NA	missing	408937.8	NA	1.0813	NA	NA	NA	NA	NA	NA	NA	NA	NA	NA	4196670
5	84159982	104040063	NA	19880085	261149	1.992757	260351	13314	93571.0	mappable	0.07937045	4.0	NA	0.0033230844294	7.08667e-05	0.00044945868	0.08249185	0.08256271	84159909	84160055	104039983	104040063	0.11612037	1	375006.1	19.434269	1.0008296	NA	NA	0.0	0.9963785	0.9963785	1	1	1:1	2	neutral	4196670
5	104040064	104069972	NA	29909	354	2.1707893	354	0	133.0	mappable	NA	NA	NA	NA	inf	0.05343175844	0.13451444	inf	104040064	104040144	104069917	104070027	NA	missing	404891.9	NA	1.0544	NA	NA	NA	NA	NA	NA	NA	NA	NA	NA	4196670
5	104069972	180689979	NA	76620015	1088647	1.992757	1085469	50178	387036.0	mappable	0.078725	4.0	edge	0.0011274900696	1.874274e-05	0.00075057134	0.07636147	0.07638022	104069917	104070027	180689979	180689979	0.14818478	1	375006.1	19.434269	1.0008296	NA	NA	0.0	0.9963785	0.9963785	1	1	1:1	2	neutral	4196670
6	201976	229994	NA	28019	570	2.1935857	568	13	238.0	mappable	0.10425	8.0	edge	0.0260242416206	0.06666666667	0.06373175844	0.13537187	0.20203854	201976	201976	229986	230002	NA	missing	365841.3	19.26262	1.0612595	NA	NA	NA	NA	NA	NA	NA	NA	NA	NA	4196670
6	229994	48030024	NA	47800035	713907	1.992757	708853	41466	246051.0	mappable	0.078725	4.0	self	0.0008394534534	2.149705e-05	0.00299452705	0.07839906	0.07842056	229986	230002	48029869	48030179	0.16481408	1	375006.1	19.434269	1.0008296	NA	NA	0.0	0.9963785	0.9963785	1	1	1:1	2	neutral	4196670
6	48030024	48049996	NA	19973	246	1.7572244	240	27	83.0	mappable	0.07935847	7.0	NA	0.00421891168	0.0303030303	0.06756824156	0.13999952	0.17030255	48029869	48030179	48049979	48050013	NA	missing	332117.0	17.665737	0.9299572	NA	NA	NA	NA	NA	NA	NA	NA	NA	NA	4196670
6	48049996	48075020	NA	25025	270	2.1935857	270	25	87.0	mappable	0.08001944	8.0	NA	0.002131313935	0.04	0.05883175844	0.1368824	0.1768824	48049979	48050013	48069936	48075020	NA	missing	365841.3	19.26262	1.0612595	NA	NA	NA	NA	NA	NA	NA	NA	NA	NA	4196670
6	48075021	58019982	NA	9944968	144591	1.992757	142665	5776	51474.0	mappable	0.078725	4.0	self	0.0047637275626	0.00012983641	0.00017138124	0.08603803	0.08616786	48075021	48080105	58019982	58019982	0.14305594	1	375006.1	19.434269	1.0008296	NA	NA	0.0	0.9963785	0.9963785	1	1	1:1	2	neutral	4196670
6	58610011	58769997	NA	159987	572	1.992757	571	25	191.0	mappable	0.23507938	4.0	self	0.0070927206854	0.03846153846	0.00416824156	0.11568989	0.15415143	58610011	58610011	58769997	58769997	NA	missing	375006.1	19.434269	1.0008296	NA	NA	NA	NA	NA	NA	NA	NA	NA	NA	4196670
6	61890002	73949984	NA	12059983	176821	1.992757	176205	9957	63276.0	mappable	0.08215	4.0	NA	0.000242333982	9.458054e-05	0.02334634653	0.08502055	0.08511513	61890002	61890002	73949780	73949984	0.1266638	1	375006.1	19.434269	1.0008296	NA	NA	0.0	0.9963785	0.9963785	1	1	1:1	2	neutral	4196670
6	73949985	73960032	NA	10048	141	2.168463	141	0	52.0	mappable	NA	NA	NA	NA	inf	0.05273175844	0.15043678	inf	73949985	73950189	73959968	73960032	NA	missing	358032.0	NA	1.0537	NA	NA	NA	NA	NA	NA	NA	NA	NA	NA	4196670
6	73960033	170899935	NA	96939914	1362179	1.992757	1357737	62556	487215.0	mappable	0.08215	4.0	edge	0.0010426929435	1.492671e-05	0.02298856825	0.07538469	0.07539961	73960033	73960097	170899935	170899935	0.14749209	1	375006.1	19.434269	1.0008296	NA	NA	0.0	0.9963785	0.9963785	1	1	1:1	2	neutral	4196670
7	40386	209995	NA	169610	3915	1.992757	3873	336	1273.0	mappable	0.08431429	4.0	edge	0.0074551239735	0.00264550265	0.01276824156	0.11512871	0.11777421	40386	40386	209981	209995	0.12766216	1	375006.1	19.434269	1.0008296	NA	NA	0.0	0.9963785	0.9963785	1	1	1:1	2	neutral	4196670
7	300002	39099892	NA	38799897	599545	1.992757	597614	29855	211900.0	mappable	0.08215	4.0	self	0.0008677801808	3.146237e-05	0.00246320462	0.07933502	0.07936648	300002	300013	39099669	39100115	0.14863434	1	375006.1	19.434269	1.0008296	NA	NA	0.0	0.9963785	0.9963785	1	1	1:1	2	neutral	4196670
7	39099892	40780023	NA	1680132	20495	2.74772	20416	819	6215.0	mappable	0.07859038	NA	identical	0.0004948760265	0.00111358575	0.22703175844	0.09671113	0.09782472	39099669	39100115	40779906	40780140	0.18733269	1	379047.8	19.813862	1.228	NA	NA	0.0	1.37386	1.37386	sub	sub	sub:sub	sub	sub	4196670
7	40780023	57999988	NA	17219967	230292	1.992757	229601	11314	81716.0	mappable	0.08215	4.0	self	0.0001005755726	8.331945e-05	0.00104358981	0.08320305	0.08328637	40779906	40780140	57999988	57999988	0.13753874	1	375006.1	19.434269	1.0008296	NA	NA	0.0	0.9963785	0.9963785	1	1	1:1	2	neutral	4196670
7	61944998	62079987	NA	134990	2360	1.7572244	2359	1	1010.0	mappable	0.05555556	7.0	NA	0.0138088375802	0.5	0.07706824156	0.11735372	0.61735372	61944998	61980008	62079960	62079987	NA	missing	332117.0	17.665737	0.9299572	NA	NA	NA	NA	NA	NA	NA	NA	NA	NA	4196670
7	62079988	72229988	NA	10150001	105234	1.992757	104763	4064	36774.0	mappable	0.085575	4.0	self	0.0034242416206	0.00022050717	0.00403175844	0.0859292	0.0861497	62079988	62080015	72229988	72229988	0.17430673	1	375006.1	19.434269	1.0008296	NA	NA	0.0	0.9963785	0.9963785	1	1	1:1	2	neutral	4196670
7	72750118	74139961	NA	1389844	10244	1.992757	10192	263	3441.0	mappable	0.071875	4.0	self	0.0137007583794	0.00317460317	0.00913175844	0.09800803	0.10118263	72750118	72750118	74139961	74139961	0.23890112	1	375006.1	19.434269	1.0008296	NA	NA	0.0	0.9963785	0.9963785	1	1	1:1	2	neutral	4196670
7	75160045	76059952	NA	899908	8421	1.992757	8380	273	2903.0	mappable	0.08803889	4.0	self	0.0047438362152	0.00318471338	0.01663175844	0.10111521	0.10429992	75160045	75160045	76059952	76059952	0.22770491	1	375006.1	19.434269	1.0008296	NA	NA	0.0	0.9963785	0.9963785	1	1	1:1	2	neutral	4196670
7	76810004	93839977	NA	17029976	231899	1.992757	231182	10821	83019.0	mappable	0.07770473	4.0	NA	0.0033658869794	8.668516e-05	0.00037606436	0.08325849	0.08334518	76810004	76810004	93839903	93839977	0.14549978	1	375006.1	19.434269	1.0008296	NA	NA	0.0	0.9963785	0.9963785	1	1	1:1	2	neutral	4196670
7	93839978	93850018	NA	10041	128	2.3296447	128	0	42.0	mappable	NA	NA	NA	NA	inf	0.10123175844	0.15044816	inf	93839978	93840052	93849959	93850077	NA	missing	404510.0	NA	1.1022	NA	NA	NA	NA	NA	NA	NA	NA	NA	NA	4196670
7	93850018	159119808	NA	65269798	857145	1.992757	853948	38958	303406.0	mappable	0.08215	4.0	edge	0.0004786824971	2.372367e-05	0.00209273424	0.07704186	0.07706559	93849959	93850077	159119808	159119808	0.14916781	1	375006.1	19.434269	1.0008296	NA	NA	0.0	0.9963785	0.9963785	1	1	1:1	2	neutral	4196670
8	170012	4030006	NA	3860002	104915	1.992757	104129	5320	36598.0	mappable	0.08215	4.0	edge	0.0016474380823	0.00016380016	0.00032241755	0.09140697	0.09157077	170012	170012	4029985	4030006	0.17277177	1	375006.1	19.434269	1.0008296	NA	NA	0.0	0.9963785	0.9963785	1	1	1:1	2	neutral	4196670
8	4030007	4039999	NA	9993	461	1.7572244	457	44	150.0	mappable	0.05057857	7.0	NA	0.0299533899584	0.02083333333	0.08646824156	0.15052644	0.17135978	4030007	4030028	4039989	4039999	0.21469132	1	332117.0	17.665737	0.9299572	NA	NA	0.0	0.8786122	0.8786122	1	1	1:1	2	neutral	4196670
8	4040000	4059997	NA	19998	972	2.1935857	971	59	326.0	mappable	0.09050714	8.0	NA	0.0083563844777	0.01666666667	0.04053175844	0.13998183	0.1566485	4040000	4040010	4059986	4060008	0.2064771	1	365841.3	19.26262	1.0612595	NA	NA	0.0	1.0967929	1.0967929	1	1	1:1	2	neutral	4196670
8	4059997	6679992	NA	2619999	81727	1.992757	81541	3516	29340.0	mappable	0.0782	4.0	self	0.0044545515097	0.00027019724	0.00290186379	0.09380364	0.09407383	4059986	4060008	6679914	6680070	0.14740264	1	375006.1	19.434269	1.0008296	NA	NA	0.0	0.9963785	0.9963785	1	1	1:1	2	neutral	4196670
8	6679992	6719999	NA	40008	924	2.1935857	921	64	290.0	mappable	0.08753125	8.0	NA	0.0049259657585	0.01492537313	0.05493175844	0.13082155	0.14574692	6679914	6680070	6719991	6720007	0.19587163	1	365841.3	19.26262	1.0612595	NA	NA	0.0	1.0967929	1.0967929	1	1	1:1	2	neutral	4196670
8	6719999	6740001	NA	20003	783	1.8302946	780	20	271.0	mappable	0.15956133	6.0	NA	0.0845630714078	0.04347826087	0.04446824156	0.1399783	0.18345656	6719991	6720007	6739984	6740001	NA	missing	320214.9	18.479487	0.9519442	NA	NA	NA	NA	NA	NA	NA	NA	NA	NA	4196670
8	6740002	6769993	NA	29992	979	2.1935857	971	67	302.0	mappable	0.07133235	8.0	NA	0.0102757583794	0.01333333333	0.07183175844	0.13447828	0.14781161	6740002	6740019	6769984	6770002	0.26345593	1	365841.3	19.26262	1.0612595	NA	NA	0.0	1.0967929	1.0967929	1	1	1:1	2	neutral	4196670
8	6769993	6919904	NA	149912	2808	1.992757	2794	207	902.0	mappable	0.08273333	4.0	self	7.583794e-07	0.00452488688	0.00796824156	0.11632129	0.12084618	6769984	6770002	6919904	6919904	0.12835549	1	375006.1	19.434269	1.0008296	NA	NA	0.0	0.9963785	0.9963785	1	1	1:1	2	neutral	4196670
8	8100000	11859985	NA	3759986	79395	1.992757	79111	5189	27372.0	mappable	0.07744405	4.0	self	0.0068507583794	0.00018274854	0.00643175844	0.09156547	0.09174821	8100000	8100000	11859985	11859985	0.12373058	1	375006.1	19.434269	1.0008296	NA	NA	0.0	0.9963785	0.9963785	1	1	1:1	2	neutral	4196670
8	12580042	43789991	NA	31209952	520653	1.992757	518969	24785	185343.0	mappable	0.08215	4.0	self	0.0003389905861	3.77829e-05	0.00080791108	0.08033579	0.08037358	12580042	12580042	43789991	43789991	0.13772677	1	375006.1	19.434269	1.0008296	NA	NA	0.0	0.9963785	0.9963785	1	1	1:1	2	neutral	4196670
8	46880007	85699987	NA	38819983	534035	1.992757	532656	21064	194397.0	mappable	0.0795131	4.0	NA	0.0009974592319	4.456129e-05	0.00315726576	0.07933267	0.07937723	46880007	46880007	85699854	85699987	0.14081251	1	375006.1	19.434269	1.0008296	NA	NA	0.0	0.9963785	0.9963785	1	1	1:1	2	neutral	4196670
8	85699988	85739970	NA	39983	437	2.2146573	437	0	168.0	mappable	NA	NA	NA	NA	inf	0.06663175844	0.13082927	inf	85699988	85700121	85739937	85740003	NA	missing	396878.8	NA	1.0676	NA	NA	NA	NA	NA	NA	NA	NA	NA	NA	4196670
8	85739970	116871267	NA	31131298	408845	1.992757	407728	17208	147389.0	mappable	0.078725	4.0	NA	0.0034371491784	5.457324e-05	0.0013942205	0.08034754	0.08040212	85739937	85740003	116871242	116871267	0.13612878	1	375006.1	19.434269	1.0008296	NA	NA	0.0	0.9963785	0.9963785	1	1	1:1	2	neutral	4196670
8	116871268	116871515	CTX	248	4	2.1242627	4	0	1.0	mappable	NA	NA	NA	NA	inf	0.03943175844	0.25143961	inf	116871268	116871306	116871438	116871515	NA	missing	400646.7	NA	1.0404	NA	NA	NA	NA	NA	NA	NA	NA	NA	NA	4196670
8	116871516	122129989	CTX	5258474	73591	1.992757	73341	3285	26512.0	mappable	0.07841848	4.0	NA	0.0034257583794	0.00028296548	0.00163175844	0.0895808	0.08986377	116871516	116871544	122129967	122130011	0.11672151	1	375006.1	19.434269	1.0008296	NA	NA	0.0	0.9963785	0.9963785	1	1	1:1	2	neutral	4196670
8	122129989	122139895	NA	9907	253	2.2415763	253	0	82.0	mappable	NA	NA	NA	NA	inf	0.07473175844	0.15066784	inf	122129967	122130011	122139754	122140036	NA	missing	399448.0	NA	1.0757	NA	NA	NA	NA	NA	NA	NA	NA	NA	NA	4196670
8	122139895	146289988	NA	24150100	371204	1.992757	369951	16912	130407.0	mappable	0.078725	4.0	edge	0.0008005368464	5.506305e-05	0.00101449375	0.08154769	0.08160275	122139754	122140036	146289988	146289988	0.15187306	1	375006.1	19.434269	1.0008296	NA	NA	0.0	0.9963785	0.9963785	1	1	1:1	2	neutral	4196670
9	200101	4929905	NA	4729805	98261	1.5365747	97991	4712	35027.0	mappable	0.08215	5.0	edge	7.583794e-07	0.0002007629	0.12976824156	0.09019837	0.09039913	200101	200101	4929805	4929905	0.15468048	1	321167.9	16.713208	0.8635631	NA	NA	0.0	0.7682874	0.7682874	1	1	1:1	2	neutral	4196670
9	4929906	4969992	NA	40087	415	1.7572244	414	28	136.0	mappable	0.0911681	7.0	NA	0.0008345864482	0.03448275862	0.07196824156	0.1307972	0.16527996	4929906	4930006	4969897	4969992	NA	missing	332117.0	17.665737	0.9299572	NA	NA	NA	NA	NA	NA	NA	NA	NA	NA	4196670
9	4969993	7460042	NA	2490050	40695	1.5365747	40577	2599	14287.0	mappable	0.087125	5.0	NA	0.0068742416206	0.000368053	0.12716824156	0.09412764	0.0944957	4969993	4970088	7459942	7460042	0.14169134	1	321167.9	16.713208	0.8635631	NA	NA	0.0	0.7682874	0.7682874	1	1	1:1	2	neutral	4196670
9	7460043	7469985	NA	9943	212	1.7713247	209	0	92.0	mappable	NA	NA	NA	0.0541614726651	0.33333333333	0.06676824156	0.15060847	0.4839418	7460043	7460143	7469950	7469985	NA	missing	351356.2	NA	0.9342	NA	NA	NA	NA	NA	NA	NA	NA	NA	NA	4196670
9	7469986	16200000	NA	8730019	165338	1.5365747	164922	9079	59283.0	mappable	0.08556731	5.0	NA	0.0043103727152	0.00010531859	0.13708750513	0.08673947	0.08684479	7469986	7470021	16199995	16200000	0.14312061	1	321167.9	16.713208	0.8635631	NA	NA	0.0	0.7682874	0.7682874	1	1	1:1	2	neutral	4196670
9	16200001	16210009	NA	10009	217	1.3542463	217	0	78.0	mappable	NA	NA	NA	NA	inf	0.19226824156	0.1505003	inf	16200001	16200006	16209957	16210009	NA	missing	305133.0	NA	0.8087	NA	NA	NA	NA	NA	NA	NA	NA	NA	NA	4196670
9	16210010	38769828	NA	22559819	340565	1.5365747	339719	15080	121537.0	mappable	0.085575	5.0	NA	0.0034242416206	6.279041e-05	0.13686824156	0.08187577	0.08193856	16210010	16210062	38769828	38769828	0.14293676	1	321167.9	16.713208	0.8635631	NA	NA	0.0	0.7682874	0.7682874	1	1	1:1	2	neutral	4196670
9	66840048	66849972	NA	9925	540	1.5365747	507	0	270.0	mappable	NA	5.0	NA	0.0136605409881	0.0303030303	0.17536824156	0.15063813	0.18094116	66840048	66840048	66849972	66849972	NA	missing	321167.9	NA	0.8635631	NA	NA	NA	NA	NA	NA	NA	NA	NA	NA	4196670
9	68410004	68419976	NA	9973	1130	1.797579	1053	0	502.0	mappable	NA	NA	NA	0.1531699312758	0.01298701299	0.05886824156	0.15055919	0.16354621	68410004	68410004	68419976	68419976	NA	missing	2122482.0	NA	0.9421	NA	NA	NA	NA	NA	NA	NA	NA	NA	NA	4196670
9	71030093	74000053	NA	2969961	40694	1.5365747	40597	1443	14599.0	mappable	0.08041136	5.0	NA	0.0034257583794	0.00064935065	0.13606824156	0.09301455	0.0936639	71030093	71030093	73999943	74000163	0.17639323	1	321167.9	16.713208	0.8635631	NA	NA	0.0	0.7682874	0.7682874	1	1	1:1	2	neutral	4196670
9	74000053	74024997	NA	24945	285	1.7572244	284	2	118.0	mappable	0.1199187	7.0	NA	0.0202692768979	0.33333333333	0.08906824156	0.13692569	0.47025902	73999943	74000163	74019944	74024997	NA	missing	332117.0	17.665737	0.9299572	NA	NA	NA	NA	NA	NA	NA	NA	NA	NA	4196670
9	74024998	120260003	NA	46235008	635651	1.5365747	633771	29155	225674.0	mappable	0.085575	5.0	NA	0.0032155841539	3.222584e-05	0.13823655499	0.07854694	0.07857916	74024998	74030051	120259987	120260019	0.15947351	1	321167.9	16.713208	0.8635631	NA	NA	0.0	0.7682874	0.7682874	1	1	1:1	2	neutral	4196670
9	120260003	120269983	NA	9981	146	1.813531	146	11	51.0	mappable	0.13738056	NA	NA	0.0552297971761	0.09090909091	0.05406824156	0.15054608	0.24145517	120259987	120260019	120269960	120269983	NA	missing	353902.5	20.223	0.9469	NA	NA	NA	NA	NA	NA	NA	NA	NA	NA	4196670
9	120269984	122750150	NA	2480167	35782	1.5365747	35692	1428	12881.0	mappable	0.085175	5.0	NA	0.0034242416206	0.00065876153	0.14366824156	0.09415307	0.09481183	120269984	120270007	122749960	122750150	0.16665699	1	321167.9	16.713208	0.8635631	NA	NA	0.0	0.7682874	0.7682874	1	1	1:1	2	neutral	4196670
9	122750151	122790033	NA	39883	649	1.7572244	648	44	205.0	mappable	0.050225	7.0	NA	0.0367757583794	0.02222222222	0.09416824156	0.1308602	0.15308242	122750151	122750341	122789944	122790033	0.32408051	2	332117.0	17.665737	0.9299572	17.91031	0.5561278	0.1122555	0.7799832	0.9772413	1	1	1:1	2	mixDH	4196670
9	122790034	135579980	NA	12789947	165178	1.5365747	164568	5924	57809.0	mappable	0.089	5.0	NA	0.0068138520599	0.00015306903	0.13943034184	0.08471523	0.08486829	122790034	122790123	135579928	135580032	0.18624452	1	321167.9	16.713208	0.8635631	NA	NA	0.0	0.7682874	0.7682874	1	1	1:1	2	neutral	4196670
9	135579980	135595000	NA	15021	190	1.7789683	190	0	60.0	mappable	NA	NA	NA	NA	inf	0.06446824156	0.14414733	inf	135579928	135580032	135589977	135595000	NA	missing	316280.0	NA	0.9365	NA	NA	NA	NA	NA	NA	NA	NA	NA	NA	4196670
9	135595001	141019791	NA	5424793	82973	1.5365747	82424	4229	27524.0	mappable	0.089	5.0	edge	0.007760885958	0.0002093364	0.14110391702	0.08940091	0.08961025	135595001	135600024	141019791	141019791	0.16842123	1	321167.9	16.713208	0.8635631	NA	NA	0.0	0.7682874	0.7682874	1	1	1:1	2	neutral	4196670
10	130013	39149984	NA	39019980	585830	1.992757	583576	25840	207650.0	mappable	0.078725	4.0	edge	0.0013933386195	3.559859e-05	0.01061199657	0.07930934	0.07934494	130013	130013	39149984	39149984	0.16293056	1	375006.1	19.434269	1.0008296	NA	NA	0.0	0.9963785	0.9963785	1	1	1:1	2	neutral	4196670
10	42410000	46159967	NA	3749968	43627	1.992757	43503	1176	15657.0	mappable	0.07689265	4.0	self	0.0055507583794	0.00076923077	0.00286824156	0.0915816	0.09235084	42410000	42410000	46159967	46159967	0.107147	1	375006.1	19.434269	1.0008296	NA	NA	0.0	0.9963785	0.9963785	1	1	1:1	2	neutral	4196670
10	47600009	47699910	NA	99902	937	1.7572244	930	135	277.0	mappable	0.0589	7.0	NA	0.0187340917127	0.00704225352	0.04476824156	0.12042225	0.12746451	47600009	47600049	47699910	47699910	0.23471657	1	332117.0	17.665737	0.9299572	NA	NA	0.0	0.8786122	0.8786122	1	1	1:1	2	neutral	4196670
10	48310177	48659961	NA	349785	5558	1.992757	5551	104	2100.0	mappable	0.1027	4.0	self	0.0239742416206	0.00900900901	0.01546824156	0.10860057	0.11760958	48310177	48310177	48659961	48659961	0.1407736	1	375006.1	19.434269	1.0008296	NA	NA	0.0	0.9963785	0.9963785	1	1	1:1	2	neutral	4196670
10	49390096	90705695	NA	41315602	567669	1.992757	566010	27959	201506.0	mappable	0.08215	4.0	NA	0.0004845778463	3.376553e-05	0.00053283008	0.07905081	0.07908458	49390096	49390096	90705689	90705695	0.13506008	1	375006.1	19.434269	1.0008296	NA	NA	0.0	0.9963785	0.9963785	1	1	1:1	2	neutral	4196670
10	90705696	90705935	INV	240	5	2.047826	5	0	2.0	mappable	NA	NA	NA	NA	inf	0.01643175844	0.25294393	inf	90705696	90705719	90705860	90705935	NA	missing	380854.4	NA	1.0174	NA	NA	NA	NA	NA	NA	NA	NA	NA	NA	4196670
10	90705936	100305103	INV	9599170	125375	1.992757	124929	6035	44307.0	mappable	0.07936048	4.0	NA	0.0018221038832	0.00015429718	0.00353651457	0.08622742	0.08638172	90705936	90705965	100299917	100310289	0.14333842	1	375006.1	19.434269	1.0008296	NA	NA	0.0	0.9963785	0.9963785	1	1	1:1	2	neutral	4196670
10	100305103	100319990	NA	14888	162	1.7380913	162	0	65.0	mappable	NA	NA	NA	NA	inf	0.07676824156	0.14428076	inf	100299917	100310289	100319919	100320061	NA	missing	365404.3	NA	0.9242	NA	NA	NA	NA	NA	NA	NA	NA	NA	NA	4196670
10	100319990	101988199	NA	1668210	20011	1.992757	19925	1032	7090.0	mappable	0.071875	4.0	NA	0.0068507583794	0.00089445438	0.00103175844	0.0967592	0.09765365	100319919	100320061	101988196	101988199	0.16421393	1	375006.1	19.434269	1.0008296	NA	NA	0.0	0.9963785	0.9963785	1	1	1:1	2	neutral	4196670
10	101988200	101989433	INV	1234	8	1.864378	7	0	3.0	mappable	NA	NA	identical	0.4967966100416	1.0	0.03876824156	0.19475853	1.19475853	101988200	101988282	101989155	101989433	NA	missing	387157.5	NA	0.9622	NA	NA	NA	NA	NA	NA	NA	NA	NA	NA	4196670
10	101989434	135439925	INV	33450497	498018	1.992757	496208	21558	175820.0	mappable	0.08215	4.0	edge	0.0001513836273	4.279906e-05	0.00354261999	0.08001432	0.08005712	101989434	101989449	135439925	135439925	0.14140564	1	375006.1	19.434269	1.0008296	NA	NA	0.0	0.9963785	0.9963785	1	1	1:1	2	neutral	4196670
11	190010	48899996	NA	48709990	694939	1.992757	692303	31598	245179.0	mappable	0.078725	4.0	edge	0.0011147768157	2.921243e-05	0.00034759399	0.07831554	0.07834476	190010	190010	48899996	48899996	0.15938358	1	375006.1	19.434269	1.0008296	NA	NA	0.0	0.9963785	0.9963785	1	1	1:1	2	neutral	4196670
11	48899997	50170092	NA	1270096	0	0.0	0	0	NA	mappable	NA	NA	NA	NA	inf	1.00096824156	0.09863632	inf	48899997	48899997	50170092	50170092	NA	missing	NA	NA	0.0	NA	NA	0.0	0.0	0.0	0	0	NA	0	homozygousDel	4196670
11	50170093	50760002	NA	589910	12448	1.992757	12358	628	4673.0	mappable	0.0807625	4.0	NA	0.0030283666935	0.00139275766	0.02566070621	0.10432895	0.1057217	50170093	50170093	50759997	50760002	0.15049565	1	375006.1	19.434269	1.0008296	NA	NA	0.0	0.9963785	0.9963785	1	1	1:1	2	neutral	4196670
11	51197400	51329832	NA	132433	3605	1.992757	3583	213	1268.0	mappable	0.07892949	4.0	self	0.0017323373268	0.00425531915	0.02206824156	0.11754401	0.12179933	51197400	51197412	51329648	51330016	0.16232209	1	375006.1	19.434269	1.0008296	NA	NA	0.0	0.9963785	0.9963785	1	1	1:1	2	neutral	4196670
11	51329832	51579984	NA	250153	2014	1.7572244	1988	40	761.0	mappable	0.07599545	7.0	NA	0.0022598492885	0.01515151515	0.05206824156	0.11152965	0.12668116	51329648	51330016	51579984	51579984	0.30751756	2	332117.0	17.665737	0.9299572	17.91031	0.5561278	0.1122555	0.7799832	0.9772413	1	1	1:1	2	mixDH	4196670
11	54792817	78929958	NA	24137147	306528	1.992757	305508	9770	107429.0	mappable	0.085575	4.0	self	0.0038762445372	9.267841e-05	0.00173203279	0.08155026	0.08164294	54792817	54792817	78929880	78929958	0.16873336	1	375006.1	19.434269	1.0008296	NA	NA	0.0	0.9963785	0.9963785	1	1	1:1	2	neutral	4196670
11	78929959	87059799	DEL	8129841	122281	0.960536	121954	5046	44127.0	mappable	0.455475	3.0	identical	0.3698992416206	0.00018625442	0.31006824156	0.08712776	0.08731402	78929959	78930072	87049833	87059799	0.93130267	2	257384.6	18.73428	0.6902315	18.70091	1.0441817	1.0	0.0	0.960536	1	0	1:0	1	LOH	4196670
11	87059800	89349940	DUP	2290141	26712	1.992757	26688	66	9930.0	mappable	0.089	4.0	self	0.0068492416206	0.01111111111	0.00273175844	0.09466557	0.10577668	87059800	87060015	89349940	89349940	0.17577237	1	375006.1	19.434269	1.0008296	NA	NA	0.0	0.9963785	0.9963785	1	1	1:1	2	neutral	4196670
11	89850037	98819971	NA	8969936	130740	1.992757	130303	8214	46318.0	mappable	0.078725	4.0	NA	0.0005465112603	0.0001156203	0.00014741853	0.08659258	0.0867082	89850037	89850037	98819891	98819971	0.12916137	1	375006.1	19.434269	1.0008296	NA	NA	0.0	0.9963785	0.9963785	1	1	1:1	2	neutral	4196670
11	98819972	98839975	NA	20004	287	2.1837503	287	0	101.0	mappable	NA	NA	NA	NA	inf	0.05733175844	0.13997759	inf	98819972	98820052	98839941	98839975	NA	missing	400116.7	NA	1.0583	NA	NA	NA	NA	NA	NA	NA	NA	NA	NA	4196670
11	98839976	111118739	NA	12278764	177942	1.992757	177325	8851	63154.0	mappable	0.078725	4.0	NA	0.0034257583794	0.00010561893	0.00263175844	0.08492691	0.08503253	98839976	98840010	111118420	111118739	0.13948033	1	375006.1	19.434269	1.0008296	NA	NA	0.0	0.9963785	0.9963785	1	1	1:1	2	neutral	4196670
11	111118740	111136649	CTX	17910	258	1.1658133	257	9	90.0	mappable	0.43884405	NA	NA	0.3566932892396	0.1	0.24896824156	0.14155807	0.24155807	111118740	111118826	111136550	111136649	NA	missing	287241.9	20.74525	0.752	NA	NA	NA	NA	NA	NA	NA	NA	NA	NA	4196670
11	111136650	111136923	DUP	274	4	1.1013407	3	0	1.0	mappable	NA	NA	NA	0.0089800266721	1.0	0.26836824156	0.24697358	1.24697358	111136650	111136735	111136883	111136923	NA	missing	279535.0	NA	0.7326	NA	NA	NA	NA	NA	NA	NA	NA	NA	NA	4196670
11	111136924	114538559	CTX	3401636	49153	0.960536	48942	1722	17480.0	mappable	0.455475	3.0	NA	0.382545063735	0.00051759834	0.31397183646	0.09217525	0.09269285	111136924	111137128	114538483	114538559	0.89760756	2	257384.6	18.73428	0.6902315	18.70091	1.0441817	1.0	0.0	0.960536	1	0	1:0	1	LOH	4196670
11	114538560	117055186	CTX	2516627	38152	1.992757	38054	1034	13523.0	mappable	0.08215	4.0	NA	7.583794e-07	0.00088339223	0.00556824156	0.09405984	0.09494323	114538560	114538686	117055091	117055186	0.1262838	1	375006.1	19.434269	1.0008296	NA	NA	0.0	0.9963785	0.9963785	1	1	1:1	2	neutral	4196670
11	117055187	117055232	CTX	46	2	1.898276	2	0	0.0	mappable	NA	NA	NA	NA	inf	0.02856824156	0.36208519	inf	117055187	117055197	117055227	117055232	NA	missing	293864.3	NA	0.9724	NA	NA	NA	NA	NA	NA	NA	NA	NA	NA	4196670
11	117055233	117103063	INV	47831	857	2.1935857	850	31	298.0	mappable	0.09809167	8.0	NA	0.0101703954667	0.02631578947	0.03973175844	0.12865328	0.15496907	117055233	117055281	117102791	117103063	NA	missing	365841.3	19.26262	1.0612595	NA	NA	NA	NA	NA	NA	NA	NA	NA	NA	4196670
11	117103064	118010124	NA	907062	14332	0.960536	14300	624	4876.0	mappable	0.448625	3.0	NA	0.3596242416206	0.00152439024	0.30826824156	0.10105684	0.10258123	117103064	117103350	118009942	118010124	0.95671348	2	257384.6	18.73428	0.6902315	18.70091	1.0441817	1.0	0.0	0.960536	1	0	1:0	1	LOH	4196670
11	118010125	118011385	NA	1261	20	1.8112047	20	0	11.0	mappable	NA	NA	NA	NA	inf	0.05476824156	0.19416811	inf	118010125	118010307	118011368	118011385	NA	missing	312971.0	NA	0.9462	NA	NA	NA	NA	NA	NA	NA	NA	NA	NA	4196670
11	118011386	118061054	DEL	49669	854	1.992757	854	18	279.0	mappable	0.09386987	4.0	NA	0.0117191069404	0.05555555556	0.02753175844	0.12820465	0.18376021	118011386	118011597	118061027	118061054	NA	missing	375006.1	19.434269	1.0008296	NA	NA	NA	NA	NA	NA	NA	NA	NA	NA	4196670
11	118061055	118061070	DUP	16	1	2.150517	1	0	0.0	mappable	NA	NA	NA	NA	inf	0.04733175844	0.5	inf	118061055	118061067	118061067	118061070	NA	missing	352524.0	NA	1.0483	NA	NA	NA	NA	NA	NA	NA	NA	NA	NA	4196670
11	118061071	118066852	INV	5782	86	2.150517	86	0	27.0	mappable	NA	NA	NA	NA	inf	0.04733175844	0.16003389	inf	118061071	118061150	118066799	118066852	NA	missing	352524.0	NA	1.0483	NA	NA	NA	NA	NA	NA	NA	NA	NA	NA	4196670
11	118066853	118066870	CTX	18	0	0.0	0	0	NA	mappable	NA	NA	NA	NA	inf	1.00096824156	0.47962493	inf	118066853	118066853	118066870	118066870	NA	missing	NA	NA	0.0	NA	NA	0.0	0.0	0.0	0	0	NA	0	homozygousDel	4196670
11	118066871	119176518	CTX	1109648	13069	1.992757	12981	490	4595.0	mappable	0.08863462	4.0	NA	0.0102742416206	0.00173010381	0.00023175844	0.09959331	0.10132341	118066871	118066889	119176499	119176518	0.22678779	1	375006.1	19.434269	1.0008296	NA	NA	0.0	0.9963785	0.9963785	1	1	1:1	2	neutral	4196670
11	119176519	119180058	CTX	3540	66	1.7460673	64	0	23.0	mappable	NA	NA	NA	0.1868968606682	0.5	0.07436824156	0.16964199	0.66964199	119176519	119176937	119179988	119180128	NA	missing	334531.0	NA	0.9266	NA	NA	NA	NA	NA	NA	NA	NA	NA	NA	4196670
11	119180058	121165734	NA	1985678	30082	0.960536	29970	1604	10229.0	mappable	0.50685	3.0	NA	0.4176809256164	0.00058275058	0.31290696904	0.09559681	0.09617956	119179988	119180128	121165643	121165734	0.93683381	2	257384.6	18.73428	0.6902315	18.70091	1.0441817	1.0	0.0	0.960536	1	0	1:0	1	LOH	4196670
11	121165735	121165808	CTX	74	1	1.349926	1	0	1.0	mappable	NA	NA	NA	NA	inf	0.19356824156	0.32208954	inf	121165735	121165755	121165755	121165808	NA	missing	314235.0	NA	0.8074	NA	NA	NA	NA	NA	NA	NA	NA	NA	NA	4196670
11	121165809	126284288	CTX	5118480	73803	1.992757	73550	3783	25890.0	mappable	0.07675833	4.0	NA	0.0068507583794	0.00024777007	0.00016824156	0.08973727	0.08998504	121165809	121165947	126284110	126284288	0.14638993	1	375006.1	19.434269	1.0008296	NA	NA	0.0	0.9963785	0.9963785	1	1	1:1	2	neutral	4196670
11	126284289	126700248	CTX	415960	6738	0.960536	6729	426	2318.0	mappable	0.50685	3.0	identical	0.4212742416206	0.00229885057	0.31536824156	0.10714619	0.10944504	126284289	126284309	126700213	126700248	0.90726215	2	257384.6	18.73428	0.6902315	18.70091	1.0441817	1.0	0.0	0.960536	1	0	1:0	1	LOH	4196670
11	126700249	132220039	CTX	5519791	83882	1.992757	83686	3342	30005.0	mappable	0.078725	4.0	self	0.0034257583794	0.00028264556	0.00243175844	0.08930093	0.08958358	126700249	126700343	132219968	132220039	0.14420499	1	375006.1	19.434269	1.0008296	NA	NA	0.0	0.9963785	0.9963785	1	1	1:1	2	neutral	4196670
11	132220040	132229937	NA	9898	165	2.238253	158	0	64.0	mappable	NA	NA	NA	0.0542757583794	0.14285714286	0.07373175844	0.15068273	0.29353987	132220040	132220111	132229828	132230046	NA	missing	370315.0	NA	1.0747	NA	NA	NA	NA	NA	NA	NA	NA	NA	NA	4196670
11	132229937	132254981	NA	25045	302	1.7572244	278	0	128.0	mappable	NA	7.0	NA	0.0076326549311	0.04166666667	0.04426824156	0.1368716	0.17853827	132229828	132230046	132249935	132260027	NA	missing	332117.0	NA	0.9299572	NA	NA	NA	NA	NA	NA	NA	NA	NA	NA	4196670
11	132254981	134939862	NA	2684882	43621	1.992757	43501	1959	15431.0	mappable	0.07935	4.0	edge	0.0011507583794	0.00048100048	0.00543175844	0.09364862	0.09412962	132249935	132260027	134939862	134939862	0.16479925	1	375006.1	19.434269	1.0008296	NA	NA	0.0	0.9963785	0.9963785	1	1	1:1	2	neutral	4196670
12	160107	1399936	NA	1239830	17904	2.4794419	17772	569	6357.0	mappable	0.08215	9.0	edge	7.583794e-07	0.00142653352	0.16503175844	0.09880588	0.10023241	160107	160107	1399850	1400022	0.47702779	2	430416.5	24.062855	1.1472744	18.81466	0.5908195	0.1816389	1.0145394	1.4649025	sub	1	sub:1	sub	sub	4196670
12	1399936	1420033	NA	20098	379	2.1191746	378	0	152.0	mappable	NA	1.0	NA	0.2119668886794	1.0	0.09653175844	0.13991137	1.13991137	1399850	1400022	1419981	1420085	NA	missing	665278.5	NA	1.038869	NA	NA	NA	NA	NA	NA	NA	NA	NA	NA	4196670
12	1420033	6030002	NA	4609970	71256	2.4794419	70990	2784	24923.0	mappable	0.089	9.0	NA	0.0068492416206	0.00032786885	0.14493175844	0.09034923	0.0906771	1419981	1420085	6029976	6030028	0.45230314	2	430416.5	24.062855	1.1472744	18.81466	0.5908195	0.1816389	1.0145394	1.4649025	sub	1	sub:1	sub	sub	4196670
12	6030002	6040008	NA	10007	219	2.9464553	207	15	65.0	mappable	0.22121315	NA	NA	0.1616992416206	0.03703703704	0.28683175844	0.15050356	0.1875406	6029976	6030028	6039956	6040008	NA	missing	378781.4	21.141287	1.2878	NA	NA	NA	NA	NA	NA	NA	NA	NA	NA	4196670
12	6040009	6459995	NA	419987	6070	2.4794419	6045	305	2046.0	mappable	0.08273784	9.0	NA	0.000363034724	0.00303030303	0.16103175844	0.10706647	0.11009677	6040009	6040061	6459900	6459995	0.43720079	2	430416.5	24.062855	1.1472744	18.81466	0.5908195	0.1816389	1.0145394	1.4649025	sub	1	sub:1	sub	sub	4196670
12	6459996	6500019	NA	40024	737	2.1935857	736	37	243.0	mappable	0.086925	8.0	NA	0.0007007583794	0.02631578947	0.06203175844	0.13081662	0.15713241	6459996	6460091	6499987	6500051	0.10434708	1	365841.3	19.26262	1.0612595	NA	NA	0.0	1.0967929	1.0967929	1	1	1:1	2	neutral	4196670
12	6500019	22810009	NA	16309993	213116	2.4794419	212389	9288	76216.0	mappable	0.092425	9.0	NA	0.0100575940919	9.985022e-05	0.15134246857	0.08347506	0.08357491	6499987	6500051	22809996	22810022	0.46977157	2	430416.5	24.062855	1.1472744	18.81466	0.5908195	0.1816389	1.0145394	1.4649025	sub	1	sub:1	sub	sub	4196670
12	22810009	22829981	NA	19973	250	2.8032197	250	0	92.0	mappable	NA	NA	NA	NA	inf	0.24373175844	0.13999952	inf	22809996	22810022	22829963	22829981	NA	missing	494387.9	NA	1.2447	NA	NA	NA	NA	NA	NA	NA	NA	NA	NA	4196670
12	22829982	34819969	NA	11989988	167544	2.4794419	166914	10459	58828.0	mappable	0.09585	9.0	NA	0.0136992416206	9.017946e-05	0.14393175844	0.08505091	0.08514109	22829982	22830000	34819969	34819969	0.46755495	2	430416.5	24.062855	1.1472744	18.81466	0.5908195	0.1816389	1.0145394	1.4649025	sub	1	sub:1	sub	sub	4196670
12	38000003	44550031	NA	6550029	99270	2.4794419	98846	4531	36007.0	mappable	0.09585	9.0	NA	0.0136992416206	0.00020181635	0.14273175844	0.08832725	0.08852906	38000003	38000003	44549912	44550150	0.48823224	2	430416.5	24.062855	1.1472744	18.81466	0.5908195	0.1816389	1.0145394	1.4649025	sub	1	sub:1	sub	sub	4196670
12	44550031	44569959	NA	19929	246	2.2223419	244	0	106.0	mappable	NA	2.0	NA	0.0903628040076	0.5	0.08303175844	0.14003071	0.64003071	44549912	44550150	44569884	44569959	NA	missing	426797.2	NA	1.0699123	NA	NA	NA	NA	NA	NA	NA	NA	NA	NA	4196670
12	44569960	56560016	NA	11990058	145529	2.4794419	145113	5634	51312.0	mappable	0.092425	9.0	NA	0.0151280017007	0.00016528926	0.14967751427	0.08505088	0.08521617	44569960	44570035	56559948	56560016	0.45198058	2	430416.5	24.062855	1.1472744	18.81466	0.5908195	0.1816389	1.0145394	1.4649025	sub	1	sub:1	sub	sub	4196670
12	56560017	56625025	NA	65009	470	2.270157	467	0	162.0	mappable	NA	NA	NA	0.068271811011	0.33333333333	0.08333175844	0.12509107	0.4584244	56560017	56560085	56619984	56625025	NA	missing	362380.1	NA	1.0843	NA	NA	NA	NA	NA	NA	NA	NA	NA	NA	4196670
12	56625026	70239987	NA	13614963	177714	2.4794419	177153	7715	63535.0	mappable	0.099275	9.0	NA	0.0193428456161	0.00012083132	0.14820539699	0.08439285	0.08451368	56625026	56630067	70239939	70240035	0.48991794	2	430416.5	24.062855	1.1472744	18.81466	0.5908195	0.1816389	1.0145394	1.4649025	sub	1	sub:1	sub	sub	4196670
12	70239987	70259979	NA	19993	270	2.1935857	268	14	100.0	mappable	0.07286032	8.0	NA	0.0005507583794	0.0625	0.07303175844	0.13998537	0.20248537	70239939	70240035	70259931	70259979	NA	missing	365841.3	19.26262	1.0612595	NA	NA	NA	NA	NA	NA	NA	NA	NA	NA	4196670
12	70259980	106579982	NA	36320005	497660	2.4794419	496185	21358	179375.0	mappable	0.092425	9.0	NA	0.0102523987061	4.379626e-05	0.14639485815	0.07963603	0.07967982	70259980	70260028	106579932	106579982	0.48595214	2	430416.5	24.062855	1.1472744	18.81466	0.5908195	0.1816389	1.0145394	1.4649025	sub	1	sub:1	sub	sub	4196670
12	106579983	106604929	NA	24947	321	2.6526727	321	22	102.0	mappable	0.24761304	NA	NA	0.1654622850988	0.04545454545	0.19843175844	0.1369246	0.18237915	106579983	106580033	106599741	106610117	NA	missing	416445.1	25.189849	1.1994	NA	NA	NA	NA	NA	NA	NA	NA	NA	NA	4196670
12	106604929	107879851	NA	1274923	17091	2.4794419	17050	518	6179.0	mappable	0.090625	9.0	NA	0.0084742416206	0.00178890877	0.14463175844	0.09860971	0.10039862	106599741	106610117	107879687	107880015	0.47369295	2	430416.5	24.062855	1.1472744	18.81466	0.5908195	0.1816389	1.0145394	1.4649025	sub	1	sub:1	sub	sub	4196670
12	107879851	107900093	NA	20243	307	2.621101	307	0	99.0	mappable	NA	NA	NA	NA	inf	0.18893175844	0.13980993	inf	107879687	107880015	107899929	107900093	NA	missing	393732.5	NA	1.1899	NA	NA	NA	NA	NA	NA	NA	NA	NA	NA	4196670
12	107900094	115429980	NA	7529887	98096	2.4794419	97733	4487	34032.0	mappable	0.092425	9.0	NA	0.0102742416206	0.00020618557	0.14233175844	0.08754959	0.08775577	107900094	107900258	115429938	115429980	0.46561198	2	430416.5	24.062855	1.1472744	18.81466	0.5908195	0.1816389	1.0145394	1.4649025	sub	1	sub:1	sub	sub	4196670
12	115429981	115480084	NA	50104	849	2.6892293	849	23	297.0	mappable	0.20347778	NA	NA	0.1213270193984	0.04347826087	0.20943175844	0.12810135	0.17157961	115429981	115430023	115479999	115480169	NA	missing	421125.2	23.92757	1.2104	NA	NA	NA	NA	NA	NA	NA	NA	NA	NA	4196670
12	115480084	127410003	NA	11929920	160744	2.4794419	160261	5763	56761.0	mappable	0.092425	9.0	NA	0.0102742416206	0.0001601281	0.14313175844	0.08507713	0.08523726	115479999	115480169	127409955	127410003	0.46827931	2	430416.5	24.062855	1.1472744	18.81466	0.5908195	0.1816389	1.0145394	1.4649025	sub	1	sub:1	sub	sub	4196670
12	127410004	127429988	NA	19985	346	2.2223419	346	25	134.0	mappable	0.17707273	2.0	NA	0.0949219688933	0.04	0.06243175844	0.13999103	0.17999103	127410004	127410052	127429966	127430010	NA	missing	426797.2	23.697218	1.0699123	NA	NA	NA	NA	NA	NA	NA	NA	NA	NA	4196670
12	127429988	133819926	NA	6389939	103698	2.4794419	102965	6269	34719.0	mappable	0.099275	9.0	edge	0.0171242416206	0.00014283674	0.14063175844	0.08846672	0.08860956	127429966	127430010	133819926	133819926	0.46350755	2	430416.5	24.062855	1.1472744	18.81466	0.5908195	0.1816389	1.0145394	1.4649025	sub	1	sub:1	sub	sub	4196670
13	19450038	20530016	NA	1079979	10599	1.992757	10579	239	3820.0	mappable	0.08108864	4.0	edge	0.003805303834	0.00386100386	0.01513175844	0.09978759	0.1036486	19450038	19450038	20529944	20530088	0.16133044	1	375006.1	19.434269	1.0008296	NA	NA	0.0	0.9963785	0.9963785	1	1	1:1	2	neutral	4196670
13	20530016	20540001	NA	9986	117	1.7055227	117	0	43.0	mappable	NA	NA	NA	NA	inf	0.08656824156	0.1505379	inf	20529944	20530088	20539970	20540001	NA	missing	367781.7	NA	0.9144	NA	NA	NA	NA	NA	NA	NA	NA	NA	NA	4196670
13	20540002	22088027	NA	1548026	18559	1.992757	18476	640	6546.0	mappable	0.0753	4.0	NA	0.0034257583794	0.00138312586	0.00613175844	0.09726681	0.09864994	20540002	20540033	22087995	22088027	0.16063487	1	375006.1	19.434269	1.0008296	NA	NA	0.0	0.9963785	0.9963785	1	1	1:1	2	neutral	4196670
13	22088028	25144999	CTX	3056972	43152	0.960536	43003	2883	15041.0	mappable	0.489725	3.0	NA	0.4041492416206	0.00032992412	0.31126824156	0.09283469	0.09316461	22088028	22088049	25109896	25180102	0.9404416	2	257384.6	18.73428	0.6902315	18.70091	1.0441817	1.0	0.0	0.960536	1	0	1:0	1	LOH	4196670
13	25144999	25186082	NA	41084	96	1.5347033	96	12	35.0	mappable	0.03881667	NA	NA	0.0433340917127	0.08333333333	0.13796824156	0.13049473	0.21382807	25109896	25180102	25186067	25186082	NA	missing	281032.2	18.742686	0.863	NA	NA	NA	NA	NA	NA	NA	NA	NA	NA	4196670
13	25186083	32673395	CTX	7487315	111371	1.992757	111033	4373	39654.0	mappable	0.08215	4.0	self	0.0009809330696	0.00021226916	0.00152668172	0.08758095	0.08779322	25186083	25186105	32673383	32673395	0.15997178	1	375006.1	19.434269	1.0008296	NA	NA	0.0	0.9963785	0.9963785	1	1	1:1	2	neutral	4196670
13	32673396	33299349	NA	625954	9288	0.960536	9275	413	3354.0	mappable	0.47945	3.0	identical	0.4007242416206	0.00235294118	0.30766824156	0.10386536	0.10621831	32673396	32673410	33289994	33299349	0.89136564	2	257384.6	18.73428	0.6902315	18.70091	1.0441817	1.0	0.0	0.960536	1	0	1:0	1	LOH	4196670
13	33299350	50485270	CTX	17185921	238112	1.992757	237341	11594	84666.0	mappable	0.078725	4.0	self	0.0034257583794	8.087997e-05	0.00146824156	0.08321294	0.08329382	33299350	33300015	50485211	50485270	0.15680599	1	375006.1	19.434269	1.0008296	NA	NA	0.0	0.9963785	0.9963785	1	1	1:1	2	neutral	4196670
13	50485271	50779127	CTX	293857	2936	0.998982	2931	55	1081.0	mappable	0.542075	NA	identical	0.4567492416206	0.01666666667	0.29916824156	0.11010333	0.12677	50485271	50485300	50779072	50779127	0.96950865	2	270239.7	20.017754	0.7018	19.31126	1.0620555	1.0	0.0	0.998982	1	0	1:0	1	LOH	4196670
13	50779128	50825991	CTX	46864	589	1.992757	558	0	211.0	mappable	NA	4.0	NA	0.0175757583794	0.03225806452	0.01586824156	0.1288976	0.16115567	50779128	50779132	50825958	50825991	NA	missing	375006.1	NA	1.0008296	NA	NA	NA	NA	NA	NA	NA	NA	NA	NA	4196670
13	50825992	50826079	CTX	88	0	0.0	0	0	NA	mappable	NA	NA	NA	NA	inf	1.00096824156	0.30962477	inf	50825992	50825992	50826079	50826079	NA	missing	NA	NA	0.0	NA	NA	0.0	0.0	0.0	0	0	NA	0	homozygousDel	4196670
13	50826080	114750000	CTX	63923926	926664	1.992757	923529	41761	334126.0	mappable	0.078725	4.0	NA	0.0013699833087	2.227519e-05	0.00102865267	0.07713117	0.07715345	50826080	50826090	114749969	114750000	0.14715765	1	375006.1	19.434269	1.0008296	NA	NA	0.0	0.9963785	0.9963785	1	1	1:1	2	neutral	4196670
13	114750001	114774965	NA	24965	460	1.8302946	452	6	145.0	mappable	0.99875625	6.0	NA	0.117768686065	0.07142857143	0.04506824156	0.13691485	0.20834342	114750001	114750032	114769926	114774965	NA	missing	320214.9	18.479487	0.9519442	NA	NA	NA	NA	NA	NA	NA	NA	NA	NA	4196670
13	114774966	115099984	NA	325019	5802	2.06976	5742	17	1998.0	mappable	0.64515	NA	edge	0.0650742416206	0.01298701299	0.02303175844	0.10922895	0.12221596	114774966	114780005	115099984	115099984	NA	missing	350681.4	23.378757	1.024	NA	NA	NA	NA	NA	NA	NA	NA	NA	NA	4196670
14	20330060	22549993	NA	2219934	32384	1.992757	32224	1820	11451.0	mappable	0.08457763	4.0	edge	0.0034242416206	0.00050505051	0.00756824156	0.09486728	0.09537233	20330060	20330060	22549985	22550001	0.13579044	1	375006.1	19.434269	1.0008296	NA	NA	0.0	0.9963785	0.9963785	1	1	1:1	2	neutral	4196670
14	22549993	22724962	NA	174970	3035	1.5365747	2998	254	1006.0	mappable	0.084175	5.0	NA	0.0117242416206	0.00343642612	0.11906824156	0.114832	0.11826843	22549985	22550001	22719921	22730003	0.24736676	1	321167.9	16.713208	0.8635631	NA	NA	0.0	0.7682874	0.7682874	1	1	1:1	2	neutral	4196670
14	22724962	22740059	NA	15098	256	1.8321417	256	67	59.0	mappable	0.1282	NA	NA	0.0460492416206	0.01492537313	0.04846824156	0.14407073	0.15899611	22719921	22730003	22739973	22740145	0.16820748	1	316870.0	17.128108	0.9525	NA	NA	0.0	0.9160708	0.9160708	1	1	1:1	2	neutral	4196670
14	22740059	22959965	NA	219907	3481	1.5365747	3474	215	1163.0	mappable	0.10655946	5.0	NA	0.02440870108	0.0045045045	0.16566824156	0.11269806	0.11720257	22739973	22740145	22959908	22959965	0.10050451	1	321167.9	16.713208	0.8635631	NA	NA	0.0	0.7682874	0.7682874	1	1	1:1	2	neutral	4196670
14	22959966	23010073	NA	50108	876	1.8302946	870	40	303.0	mappable	0.154075	6.0	NA	0.1027492416206	0.02173913043	0.05386824156	0.1281004	0.14983953	22959966	22960023	23009999	23010147	0.54741392	2	320214.9	18.479487	0.9519442	16.8696	0.6332596	0.2665192	0.671243	1.1590516	1	sub	1:sub	sub	sub	4196670
14	23010073	23040016	NA	29944	596	2.1935857	587	35	186.0	mappable	0.04706667	8.0	NA	0.0350840917127	0.02272727273	0.07893175844	0.13449918	0.15722645	23009999	23010147	23039924	23040108	0.1530998	1	365841.3	19.26262	1.0612595	NA	NA	0.0	1.0967929	1.0967929	1	1	1:1	2	neutral	4196670
14	23040016	45309980	NA	22269969	301942	1.992757	300987	13897	107749.0	mappable	0.078725	4.0	NA	0.0015451112028	6.733553e-05	0.00089038162	0.08193835	0.08200568	23039924	23040108	45309956	45309980	0.13058247	1	375006.1	19.434269	1.0008296	NA	NA	0.0	0.9963785	0.9963785	1	1	1:1	2	neutral	4196670
14	45309981	45350003	NA	40023	440	2.196379	440	0	157.0	mappable	NA	NA	NA	NA	inf	0.06113175844	0.13081692	inf	45309981	45310005	45349991	45350003	NA	missing	377521.8	NA	1.0621	NA	NA	NA	NA	NA	NA	NA	NA	NA	NA	4196670
14	45350004	105960016	NA	60610019	863780	1.992757	861006	41370	303963.0	mappable	0.08215	4.0	NA	0.00094439296	2.265314e-05	0.00018380954	0.0773603	0.07738296	45350004	45350016	105959950	105960082	0.15298844	1	375006.1	19.434269	1.0008296	NA	NA	0.0	0.9963785	0.9963785	1	1	1:1	2	neutral	4196670
14	105960016	106329467	NA	369452	2582	1.7572244	2553	130	892.0	mappable	0.09620556	7.0	NA	0.0111853527317	0.00628930818	0.08316824156	0.10813717	0.11442648	105959950	105960082	106329455	106329467	0.34997407	2	332117.0	17.665737	0.9299572	17.91031	0.5561278	0.1122555	0.7799832	0.9772413	1	1	1:1	2	mixDH	4196670
14	106329468	106330075	DEL	608	124	1.5365747	124	1	51.0	mappable	0.06666667	5.0	NA	0.0154840917127	1.0	0.13376824156	0.21626467	1.21626467	106329468	106329468	106330067	106330075	NA	missing	321167.9	16.713208	0.8635631	NA	NA	NA	NA	NA	NA	NA	NA	NA	NA	4196670
14	106330076	106691672	DEL	361597	1994	-0.1249693	1960	158	581.0	mappable	0.1164	NA	NA	0.0376742416206	0.00520833333	0.63736824156	0.10831875	0.11352709	106330076	106330081	106691657	106691672	0.36763253	2	124036.5	6.977052	0.3636	17.10805	-0.1043303	1.0	0.0	-0.1249693	0	0	0:0	0	LOH	4196670
14	106691673	107183412	DEL	491740	7305	0.960536	6893	459	2117.0	mappable	0.510275	3.0	NA	0.4336672696125	0.00114810563	0.2925545523	0.10577793	0.10692603	106691673	106691676	107169996	107183412	0.93745554	2	257384.6	18.73428	0.6902315	18.70091	1.0441817	1.0	0.0	0.960536	1	0	1:0	1	LOH	4196670
14	107183413	107259908	DEL	76496	1208	1.992757	1198	40	419.0	mappable	0.06302735	4.0	edge	0.025460514477	0.02	0.00713175844	0.12328103	0.14328103	107183413	107190016	107259908	107259908	0.27751406	1	375006.1	19.434269	1.0008296	NA	NA	0.0	0.9963785	0.9963785	1	1	1:1	2	neutral	4196670
15	20850000	20859924	NA	9925	165	1.992757	127	0	73.0	mappable	NA	4.0	edge	0.0220507583794	0.02631578947	0.00786824156	0.15063813	0.17695391	20850000	20850000	20859924	20859924	NA	missing	375006.1	NA	1.0008296	NA	NA	NA	NA	NA	NA	NA	NA	NA	NA	4196670
15	22480079	23069956	NA	589878	4045	1.992757	4010	166	1381.0	mappable	0.05655147	4.0	self	0.0230566407324	0.00497512438	0.00293175844	0.10432937	0.1093045	22480079	22480079	23069956	23069956	0.22313214	1	375006.1	19.434269	1.0008296	NA	NA	0.0	0.9963785	0.9963785	1	1	1:1	2	neutral	4196670
15	23710146	24329926	NA	619781	10359	1.992757	10291	684	3574.0	mappable	0.092425	4.0	NA	0.0102742416206	0.00132978723	0.01446824156	0.10394255	0.10527233	23710146	23710146	24329926	24329926	0.14327301	1	375006.1	19.434269	1.0008296	NA	NA	0.0	0.9963785	0.9963785	1	1	1:1	2	neutral	4196670
15	24329927	24830091	NA	500165	0	0.0	0	0	NA	mappable	NA	NA	NA	NA	inf	1.00096824156	0.10564099	inf	24329927	24329927	24830091	24830091	NA	missing	NA	NA	0.0	NA	NA	0.0	0.0	0.0	0	0	NA	0	homozygousDel	4196670
15	24830092	28529988	NA	3699897	57382	1.992757	57171	2474	20256.0	mappable	0.08215	4.0	NA	7.583794e-07	0.00037257824	0.00126824156	0.091663	0.09203558	24830092	24830092	28529988	28529988	0.13324645	1	375006.1	19.434269	1.0008296	NA	NA	0.0	0.9963785	0.9963785	1	1	1:1	2	neutral	4196670
15	29100034	30369914	NA	1269881	18284	1.992757	18241	813	6323.0	mappable	0.07416667	4.0	self	0.0084106068643	0.0011682243	0.00663175844	0.09863751	0.09980574	29100034	29100034	30369914	30369914	0.16576315	1	375006.1	19.434269	1.0008296	NA	NA	0.0	0.9963785	0.9963785	1	1	1:1	2	neutral	4196670
15	31160110	82479795	NA	51319693	690284	1.992757	688183	28123	244916.0	mappable	0.08215	4.0	self	0.0010734736324	3.308957e-05	0.00107935945	0.07808532	0.07811841	31160110	31160110	82479795	82479795	0.14727494	1	375006.1	19.434269	1.0008296	NA	NA	0.0	0.9963785	0.9963785	1	1	1:1	2	neutral	4196670
15	83211507	102399920	NA	19188416	295896	1.992757	294980	13535	104340.0	mappable	0.078725	4.0	edge	0.0016963760265	6.920415e-05	0.00174326285	0.08266604	0.08273524	83211507	83211507	102399920	102399920	0.15045553	1	375006.1	19.434269	1.0008296	NA	NA	0.0	0.9963785	0.9963785	1	1	1:1	2	neutral	4196670
16	100010	12430062	NA	12330060	241948	1.992757	240938	11911	82945.0	mappable	0.08215	4.0	edge	0.0021774322919	7.739938e-05	0.001589842	0.08490522	0.08498262	100010	100010	12429971	12430153	0.14710264	1	375006.1	19.434269	1.0008296	NA	NA	0.0	0.9963785	0.9963785	1	1	1:1	2	neutral	4196670
16	12430062	12440003	NA	9942	212	1.7572244	207	4	72.0	mappable	0.23225345	7.0	NA	0.0025492416206	0.11111111111	0.05866824156	0.15061012	0.26172123	12429971	12430153	12439999	12440003	NA	missing	332117.0	17.665737	0.9299572	NA	NA	NA	NA	NA	NA	NA	NA	NA	NA	4196670
16	12440004	12449983	NA	9980	214	2.4794419	208	5	79.0	mappable	0.04905	9.0	NA	0.0328125230853	0.09090909091	0.13473175844	0.15054772	0.24145681	12440004	12440008	12449963	12449983	NA	missing	430416.5	24.062855	1.1472744	NA	NA	NA	NA	NA	NA	NA	NA	NA	NA	4196670
16	12449984	12469974	NA	19991	483	1.7572244	477	20	171.0	mappable	0.07415	7.0	NA	0.0025257583794	0.03846153846	0.07286824156	0.13998678	0.17844832	12449984	12450004	12469941	12469974	NA	missing	332117.0	17.665737	0.9299572	NA	NA	NA	NA	NA	NA	NA	NA	NA	NA	4196670
16	12469975	16289940	NA	3819966	55203	1.992757	54957	2842	18736.0	mappable	0.078725	4.0	self	0.0034257583794	0.0003238342	0.00553175844	0.09146985	0.09179368	12469975	12470008	16289940	16289940	0.15078513	1	375006.1	19.434269	1.0008296	NA	NA	0.0	0.9963785	0.9963785	1	1	1:1	2	neutral	4196670
16	16870104	18169896	NA	1299793	20461	1.992757	20386	782	7137.0	mappable	0.08706667	4.0	self	0.0034242416206	0.00116686114	0.00103175844	0.09847438	0.09964124	16870104	16870104	18169896	18169896	0.14639301	1	375006.1	19.434269	1.0008296	NA	NA	0.0	0.9963785	0.9963785	1	1	1:1	2	neutral	4196670
16	18800044	29039945	NA	10239902	125191	1.992757	124616	5359	43669.0	mappable	0.08215	4.0	self	7.583794e-07	0.00016852039	0.00233175844	0.08588225	0.08605077	18800044	18800044	29039945	29039945	0.16535609	1	375006.1	19.434269	1.0008296	NA	NA	0.0	0.9963785	0.9963785	1	1	1:1	2	neutral	4196670
16	29670028	31959970	NA	2289943	17553	1.992757	17486	460	6066.0	mappable	0.07251786	4.0	self	0.0068507583794	0.00189753321	0.00223175844	0.09466613	0.09656366	29670028	29670028	31959970	31959970	0.17359053	1	375006.1	19.434269	1.0008296	NA	NA	0.0	0.9963785	0.9963785	1	1	1:1	2	neutral	4196670
16	32520030	32649899	NA	129870	3149	1.992757	2969	4	1137.0	mappable	0.08942343	4.0	self	0.0275757583794	0.00543478261	0.02546824156	0.11773911	0.12317389	32520030	32520030	32649899	32649899	NA	missing	375006.1	19.434269	1.0008296	NA	NA	NA	NA	NA	NA	NA	NA	NA	NA	4196670
16	33590105	35279959	NA	1689855	15436	1.992757	15403	112	5825.0	mappable	0.09986731	4.0	self	0.0268492416206	0.00689655172	0.00936824156	0.09667221	0.10356877	33590105	33590105	35279959	35279959	0.25297646	1	375006.1	19.434269	1.0008296	NA	NA	0.0	0.9963785	0.9963785	1	1	1:1	2	neutral	4196670
16	46450014	49649976	NA	3199963	37517	1.992757	37406	1420	13395.0	mappable	0.08588846	4.0	self	0.003920670192	0.00065316786	0.00753175844	0.09255136	0.09320452	46450014	46450014	49649940	49650012	0.13812643	1	375006.1	19.434269	1.0008296	NA	NA	0.0	0.9963785	0.9963785	1	1	1:1	2	neutral	4196670
16	49649976	49689989	NA	40014	687	2.1935857	687	41	219.0	mappable	0.09145	8.0	NA	0.0092992416206	0.0243902439	0.06433175844	0.1308197	0.15520994	49649940	49650012	49689931	49689989	0.14306616	1	365841.3	19.26262	1.0612595	NA	NA	0.0	1.0967929	1.0967929	1	1	1:1	2	neutral	4196670
16	49689990	49730073	NA	40084	620	1.8302946	611	29	205.0	mappable	0.15003088	6.0	NA	0.0914825749539	0.02631578947	0.05086824156	0.13079813	0.15711392	49689990	49690048	49729981	49730165	NA	missing	320214.9	18.479487	0.9519442	NA	NA	NA	NA	NA	NA	NA	NA	NA	NA	4196670
16	49730073	65990041	NA	16259970	235823	1.992757	235111	11338	83589.0	mappable	0.078725	4.0	self	0.0021654391065	8.298755e-05	7.866396e-05	0.0834905	0.08357349	49729981	49730165	65989982	65990041	0.15183065	1	375006.1	19.434269	1.0008296	NA	NA	0.0	0.9963785	0.9963785	1	1	1:1	2	neutral	4196670
16	65990042	66000003	NA	9962	165	2.2565313	165	7	54.0	mappable	0.22983656	NA	NA	0.1476858007604	0.14285714286	0.07923175844	0.15057724	0.29343438	65990042	65990101	65999972	66000034	NA	missing	340743.8	18.283814	1.0802	NA	NA	NA	NA	NA	NA	NA	NA	NA	NA	4196670
16	66000003	66010045	NA	10043	224	1.699873	221	19	75.0	mappable	0.11681667	NA	NA	0.0346659082873	0.04545454545	0.08826824156	0.15044491	0.19589946	65999972	66000034	66009964	66010045	NA	missing	347651.2	19.038042	0.9127	NA	NA	NA	NA	NA	NA	NA	NA	NA	NA	4196670
16	66010046	66309996	NA	299951	5026	1.992757	5015	214	1864.0	mappable	0.06721389	4.0	NA	0.0129650440937	0.00444444444	0.00026824156	0.10992413	0.11436857	66010046	66010127	66309979	66310013	0.07641316	1	375006.1	19.434269	1.0008296	NA	NA	0.0	0.9963785	0.9963785	1	1	1:1	2	neutral	4196670
16	66309996	66320016	NA	10021	119	1.682924	119	0	45.0	mappable	NA	NA	NA	NA	inf	0.09336824156	0.15048072	inf	66309979	66310013	66319949	66320016	NA	missing	368278.0	NA	0.9076	NA	NA	NA	NA	NA	NA	NA	NA	NA	NA	4196670
16	66320017	88890016	NA	22570009	401818	1.992757	400399	20172	138945.0	mappable	0.08215	4.0	NA	0.0005731097153	4.631989e-05	0.00332105484	0.08187358	0.0819199	66320017	66320084	88889836	88890016	0.16085746	1	375006.1	19.434269	1.0008296	NA	NA	0.0	0.9963785	0.9963785	1	1	1:1	2	neutral	4196670
16	88890017	88900015	NA	9999	262	2.3392823	262	0	78.0	mappable	NA	NA	NA	NA	inf	0.10413175844	0.15051663	inf	88890017	88890197	88899960	88900015	NA	missing	264836.0	NA	1.1051	NA	NA	NA	NA	NA	NA	NA	NA	NA	NA	4196670
16	88900016	90109969	NA	1209954	20539	1.992757	20374	636	6955.0	mappable	0.071875	4.0	edge	0.0068507583794	0.00124843945	0.00616824156	0.09897795	0.10022639	88900016	88900071	90109969	90109969	0.19464626	1	375006.1	19.434269	1.0008296	NA	NA	0.0	0.9963785	0.9963785	1	1	1:1	2	neutral	4196670
17	20080	18239982	NA	18219903	232579	1.992757	231523	11837	79753.0	mappable	0.08215	4.0	edge	0.0034242416206	7.757952e-05	0.00183175844	0.08292214	0.08299972	20080	20080	18239982	18239982	0.14414367	1	375006.1	19.434269	1.0008296	NA	NA	0.0	0.9963785	0.9963785	1	1	1:1	2	neutral	4196670
17	18750212	22239986	NA	3489775	25816	1.992757	25185	1057	8864.0	mappable	0.08336071	4.0	self	0.0061310598024	0.00059241706	0.00536824156	0.09201874	0.09261116	18750212	18750212	22239986	22239986	0.12098799	1	375006.1	19.434269	1.0008296	NA	NA	0.0	0.9963785	0.9963785	1	1	1:1	2	neutral	4196670
17	25390040	40849977	NA	15459940	173374	1.992757	172754	7762	60188.0	mappable	0.08190357	4.0	NA	1.32136407e-05	0.00011930327	0.00105743025	0.08374497	0.08386427	25390040	25390040	40849947	40849977	0.14905427	1	375006.1	19.434269	1.0008296	NA	NA	0.0	0.9963785	0.9963785	1	1	1:1	2	neutral	4196670
17	40849978	40904995	NA	55018	346	2.2658367	346	0	114.0	mappable	NA	NA	NA	NA	inf	0.08203175844	0.12700335	inf	40849978	40850008	40899944	40910046	NA	missing	354077.9	NA	1.083	NA	NA	NA	NA	NA	NA	NA	NA	NA	NA	4196670
17	40904995	44279982	NA	3374988	37382	1.992757	37172	2984	12253.0	mappable	0.085575	4.0	NA	0.0034242416206	0.00031308704	0.00503175844	0.09222348	0.09253657	40899944	40910046	44279982	44279982	0.13781384	1	375006.1	19.434269	1.0008296	NA	NA	0.0	0.9963785	0.9963785	1	1	1:1	2	neutral	4196670
17	44790026	75939993	NA	31149973	396798	1.992757	395258	17088	139052.0	mappable	0.08215	4.0	NA	0.0021708167311	5.368839e-05	0.00116267014	0.08034475	0.08039844	44790026	44790026	75939975	75940011	0.15739425	1	375006.1	19.434269	1.0008296	NA	NA	0.0	0.9963785	0.9963785	1	1	1:1	2	neutral	4196670
17	75939993	75969997	NA	30005	457	1.7101753	457	0	172.0	mappable	NA	NA	NA	NA	inf	0.08516824156	0.13447263	inf	75939975	75940011	75969818	75970176	NA	missing	339755.3	NA	0.9158	NA	NA	NA	NA	NA	NA	NA	NA	NA	NA	4196670
17	75969997	81149937	NA	5179941	78994	1.992757	78517	4667	26130.0	mappable	0.085575	4.0	edge	0.0034242416206	0.00019440124	0.00516824156	0.08966799	0.08986239	75969818	75970176	81149937	81149937	0.16371567	1	375006.1	19.434269	1.0008296	NA	NA	0.0	0.9963785	0.9963785	1	1	1:1	2	neutral	4196670
18	130031	14119956	NA	13989927	212652	1.992757	212093	10062	75285.0	mappable	0.08190357	4.0	edge	0.0009972803369	9.417083e-05	0.00386629468	0.0842535	0.08434767	130031	130031	14119956	14119956	0.13930959	1	375006.1	19.434269	1.0008296	NA	NA	0.0	0.9963785	0.9963785	1	1	1:1	2	neutral	4196670
18	14119957	14910026	NA	790070	0	0.0	0	0	NA	mappable	NA	NA	NA	NA	inf	1.00096824156	0.10208446	inf	14119957	14119957	14910026	14910026	NA	missing	NA	NA	0.0	NA	NA	0.0	0.0	0.0	0	0	NA	0	homozygousDel	4196670
18	14910027	14929888	NA	19862	364	2.123598	364	0	119.0	mappable	NA	NA	NA	NA	inf	0.03923175844	0.14007836	inf	14910027	14910027	14929888	14929888	NA	missing	365774.0	NA	1.0402	NA	NA	NA	NA	NA	NA	NA	NA	NA	NA	4196670
18	18540053	33650015	NA	15109965	205031	1.992757	204426	8116	73889.0	mappable	0.078725	4.0	NA	0.0019563156701	0.0001146789	0.00247214453	0.08386097	0.08397565	18540053	18540053	33649996	33650034	0.15914582	1	375006.1	19.434269	1.0008296	NA	NA	0.0	0.9963785	0.9963785	1	1	1:1	2	neutral	4196670
18	33650015	33670028	NA	20014	299	1.747729	299	0	108.0	mappable	NA	NA	NA	NA	inf	0.07386824156	0.13997053	inf	33649996	33650034	33669921	33670135	NA	missing	361312.2	NA	0.9271	NA	NA	NA	NA	NA	NA	NA	NA	NA	NA	4196670
18	33670028	78009968	NA	44339951	673826	1.992757	671431	31743	240153.0	mappable	0.078725	4.0	edge	0.0015031817632	2.929802e-05	0.00012365427	0.07873364	0.07876293	33669921	33670135	78009968	78009968	0.15324138	1	375006.1	19.434269	1.0008296	NA	NA	0.0	0.9963785	0.9963785	1	1	1:1	2	neutral	4196670
19	260137	21439993	NA	21179857	229509	1.992757	228233	11598	75644.0	mappable	0.08215	4.0	edge	0.0034242416206	7.767594e-05	0.00503175844	0.08218213	0.08225981	260137	260137	21439982	21439993	0.17403442	1	375006.1	19.434269	1.0008296	NA	NA	0.0	0.9963785	0.9963785	1	1	1:1	2	neutral	4196670
19	21439994	21460025	NA	20032	520	1.6992083	518	3	182.0	mappable	0.23903457	NA	identical	0.5212801092513	0.2	0.08846824156	0.13995783	0.33995783	21439994	21440005	21459948	21460102	NA	missing	344142.7	18.872344	0.9125	NA	NA	NA	NA	NA	NA	NA	NA	NA	NA	4196670
19	21460025	24569972	NA	3109948	27197	1.992757	26845	708	9769.0	mappable	0.081175	4.0	self	7.583794e-07	0.00094339623	0.00796824156	0.092728	0.09367139	21459948	21460102	24569972	24569972	0.19330303	1	375006.1	19.434269	1.0008296	NA	NA	0.0	0.9963785	0.9963785	1	1	1:1	2	neutral	4196670
19	27750002	43209995	NA	15459995	197680	1.992757	196884	8074	68784.0	mappable	0.08215	4.0	NA	0.0008714684965	0.00011273957	0.00302595655	0.08374495	0.08385769	27750002	27750002	43209995	43209995	0.16745724	1	375006.1	19.434269	1.0008296	NA	NA	0.0	0.9963785	0.9963785	1	1	1:1	2	neutral	4196670
19	43209996	43800005	NA	590010	0	0.0	0	0	NA	mappable	NA	NA	NA	NA	inf	1.00096824156	0.10432761	inf	43209996	43209996	43800005	43800005	NA	missing	NA	NA	0.0	NA	NA	0.0	0.0	0.0	0	0	NA	0	homozygousDel	4196670
19	43800006	59089999	NA	15289994	162759	1.992757	161987	7605	54570.0	mappable	0.08215	4.0	edge	7.583794e-07	0.00011938873	0.00416824156	0.08380093	0.08392032	43800006	43800006	59089999	59089999	0.18408725	1	375006.1	19.434269	1.0008296	NA	NA	0.0	0.9963785	0.9963785	1	1	1:1	2	neutral	4196670
20	60479	25729738	NA	25669262	400416	1.992757	399159	20935	141044.0	mappable	0.08215	4.0	edge	0.0001029766183	4.506331e-05	0.00164350104	0.08125609	0.08130116	60479	60479	25729738	25729738	0.14202203	1	375006.1	19.434269	1.0008296	NA	NA	0.0	0.9963785	0.9963785	1	1	1:1	2	neutral	4196670
20	29810057	43140023	NA	13329972	183350	1.992757	182744	5606	64972.0	mappable	0.078725	4.0	NA	0.0029628206064	0.00016100467	0.001064397	0.08450167	0.08466268	29810057	29810057	43139984	43140062	0.1541084	1	375006.1	19.434269	1.0008296	NA	NA	0.0	0.9963785	0.9963785	1	1	1:1	2	neutral	4196670
20	43140023	43160086	NA	20064	301	1.688906	301	0	132.0	mappable	NA	NA	NA	NA	inf	0.09156824156	0.13993528	inf	43139984	43140062	43159961	43160211	NA	missing	339628.0	NA	0.9094	NA	NA	NA	NA	NA	NA	NA	NA	NA	NA	4196670
20	43160086	62909989	NA	19749908	314003	1.992757	312868	14158	108756.0	mappable	0.08215	4.0	edge	0.0025676825514	6.54065e-05	0.00465069873	0.08252411	0.08258951	43159961	43160211	62909989	62909989	0.14954619	1	375006.1	19.434269	1.0008296	NA	NA	0.0	0.9963785	0.9963785	1	1	1:1	2	neutral	4196670
21	10720001	11179964	NA	459965	5131	2.1191746	4707	0	2053.0	mappable	NA	1.0	edge	0.2496220368559	0.00235849057	0.03356997711	0.10631984	0.10867833	10720001	10720001	11179964	11179964	NA	missing	665278.5	NA	1.038869	NA	NA	NA	NA	NA	NA	NA	NA	NA	NA	4196670
21	15410077	48099931	NA	32689861	516435	1.992757	514099	24622	182226.0	mappable	0.078725	4.0	edge	0.0014870719198	3.709749e-05	0.00115033456	0.08012069	0.08015779	15410077	15410077	48099931	48099931	0.15292406	1	375006.1	19.434269	1.0008296	NA	NA	0.0	0.9963785	0.9963785	1	1	1:1	2	neutral	4196670
22	16850007	22517069	NA	5667063	53566	1.992757	53172	2849	18000.0	mappable	0.08215	4.0	edge	0.0034242416206	0.00030835646	0.00976824156	0.08914972	0.08945808	16850007	16850007	22517065	22517069	0.17379645	1	375006.1	19.434269	1.0008296	NA	NA	0.0	0.9963785	0.9963785	1	1	1:1	2	neutral	4196670
22	22517070	22522494	DEL	5425	105	1.5101107	88	0	23.0	mappable	NA	NA	identical	0.3481853527317	0.05882352941	0.14536824156	0.16122002	0.22004355	22517070	22517071	22522448	22522494	NA	missing	309025.2	NA	0.8556	NA	NA	NA	NA	NA	NA	NA	NA	NA	NA	4196670
22	22522495	51179984	DEL	28657493	402151	1.992757	400731	15907	138447.0	mappable	0.078725	4.0	edge	0.0003305062921	5.772339e-05	0.00221499638	0.08073498	0.08079271	22522495	22522501	51179984	51179984	0.14906158	1	375006.1	19.434269	1.0008296	NA	NA	0.0	0.9963785	0.9963785	1	1	1:1	2	neutral	4196670
23	2700027	12380033	NA	9680007	95328	1.992757	95050	5152	33505.0	mappable	0.07845948	4.0	edge	0.0034257583794	0.00018416206	0.01463175844	0.08618247	0.08636663	2700027	2700027	12379970	12380033	0.14735492	1	375006.1	19.434269	1.0008296	NA	NA	0.0	0.9963785	0.9963785	1	1	1:1	2	neutral	4196670
23	12380034	12390017	NA	9984	100	2.5220657	95	0	38.0	mappable	NA	NA	identical	0.0929529001572	0.2	0.15913175844	0.15054117	0.35054117	12380034	12380097	12389950	12390084	NA	missing	386990.0	NA	1.1601	NA	NA	NA	NA	NA	NA	NA	NA	NA	NA	4196670
23	12390017	58499983	NA	46109968	395362	1.992757	394383	13492	142450.0	mappable	0.08215	4.0	self	3.20065201e-05	6.910372e-05	0.01779615183	0.07855899	0.0786281	12389950	12390084	58499983	58499983	0.15358342	1	375006.1	19.434269	1.0008296	NA	NA	0.0	0.9963785	0.9963785	1	1	1:1	2	neutral	4196670
23	61750000	88459980	NA	26709981	245820	1.992757	245266	7636	89237.0	mappable	0.078725	4.0	self	0.0017660860147	0.00012210012	0.02574715751	0.08106725	0.08118935	61750000	61750000	88459980	88459980	0.15377162	1	375006.1	19.434269	1.0008296	NA	NA	0.0	0.9963785	0.9963785	1	1	1:1	2	neutral	4196670
23	88990017	89349936	NA	359920	1090	1.992757	1090	64	372.0	mappable	0.05234286	4.0	NA	0.0298079012366	0.015625	0.00803175844	0.10835811	0.12398311	88990017	88990017	89349936	89349936	0.12382296	1	375006.1	19.434269	1.0008296	NA	NA	0.0	0.9963785	0.9963785	1	1	1:1	2	neutral	4196670
23	89349937	90140198	NA	790262	0	0.0	0	0	NA	mappable	NA	NA	NA	NA	inf	1.00096824156	0.10208263	inf	89349937	89349937	90140198	90140198	NA	missing	NA	NA	0.0	NA	NA	0.0	0.0	0.0	0	0	NA	0	homozygousDel	4196670
23	90140199	91529952	NA	1389754	5103	1.992757	5094	354	1774.0	mappable	0.07366346	4.0	NA	0.0109507583794	0.00275482094	0.01393175844	0.09800848	0.1007633	90140199	90140199	91529952	91529952	0.20438503	1	375006.1	19.434269	1.0008296	NA	NA	0.0	0.9963785	0.9963785	1	1	1:1	2	neutral	4196670
23	91529953	92379999	NA	850047	0	0.0	0	0	NA	mappable	NA	NA	NA	NA	inf	1.00096824156	0.10153736	inf	91529953	91529953	92379999	92379999	NA	missing	NA	NA	0.0	NA	NA	0.0	0.0	0.0	0	0	NA	0	homozygousDel	4196670
23	92380000	154929639	NA	62549640	566904	1.992757	565474	17939	204293.0	mappable	0.078725	4.0	edge	7.583794e-07	5.164489e-05	0.01943175844	0.07722455	0.0772762	92380000	92380000	154929639	154929639	0.15881822	1	375006.1	19.434269	1.0008296	NA	NA	0.0	0.9963785	0.9963785	1	1	1:1	2	neutral	4196670
