#chromosome	start	end	crest	length	tcnNbrOfLoci	tcnMean	tcnNbrOfSNPs	tcnNbrOfHets	dhNbrOfLoci	map	dhMax	cluster	neighbour	distDH	errorSNP	distTcn	errorLength	totalError	minStart	maxStart	minStop	maxStop	area	peaks	meanCovT	meanCovB	tcnMeanRaw	AF	BAF	dhMean	c1Mean	c2Mean	A	B	genotype	TCN	GNL	PID
1	840009	12839977	NA	11999970	172101	1.9982909	170897	7982	28130.0	mappable	0.085575	5.0	edge	0.00415301702	0.00010886131	0.0088118353	0.08504657	0.08515543	840009	840009	12839977	12839977	0.2050451	1	365915.957	19.0769853	1.0041663	NA	NA	0.0	0.9991455	0.9991455	1	1	1:1	2	neutral	4178243
1	13780016	77030022	NA	63250012	813867	1.9982909	810562	35446	132026.0	mappable	0.0825138887	5.0	NA	0.0011407757	2.580579e-05	0.005836599	0.07717668	0.07720249	13780016	13780016	77029994	77030050	0.1796337	1	365915.957	19.0769853	1.0041663	NA	NA	0.0	0.9991455	0.9991455	1	1	1:1	2	neutral	4178243
1	77030022	77040006	NA	9985	190	2.221636	190	0	39.0	mappable	NA	NA	NA	NA	inf	0.1099087915	0.15053953	inf	77029994	77030050	77039979	77040006	NA	missing	423987.8	NA	1.1164	NA	NA	NA	NA	NA	NA	NA	NA	NA	NA	4178243
1	77040007	103530018	NA	26490014	354411	1.9982909	352945	15992	57476.0	mappable	0.08215	5.0	NA	9.025592e-05	5.728361e-05	0.0032054318	0.08110647	0.08116375	77040007	77040034	103529975	103530018	0.15312791	1	365915.957	19.0769853	1.0041663	NA	NA	0.0	0.9991455	0.9991455	1	1	1:1	2	neutral	4178243
1	103530019	103539993	NA	9975	197	1.801945	197	0	36.0	mappable	NA	NA	NA	NA	inf	0.1009912085	0.15055592	inf	103530019	103530062	103539981	103540005	NA	missing	358878.9	NA	0.9055	NA	NA	NA	NA	NA	NA	NA	NA	NA	NA	4178243
1	103539993	120529963	NA	16989971	225224	1.9982909	224486	10635	36189.0	mappable	0.078725	5.0	NA	9.418127e-05	8.792755e-05	0.0002912085	0.08327026	0.08335818	103539981	103540005	120529963	120529963	0.15628562	1	365915.957	19.0769853	1.0041663	NA	NA	0.0	0.9991455	0.9991455	1	1	1:1	2	neutral	4178243
1	121220004	121229986	NA	9983	177	1.9982909	176	10	31.0	mappable	0.0566525859	5.0	self	0.02540323253	0.09090909091	0.0433912085	0.15054281	0.2414519	121220004	121220004	121229986	121229986	NA	missing	365915.957	19.0769853	1.0041663	NA	NA	NA	NA	NA	NA	NA	NA	NA	NA	4178243
1	144010127	144019970	NA	9844	155	1.994975	89	0	13.0	mappable	NA	NA	NA	0.18741258786	0.01515151515	0.0039912085	0.15077238	0.1659239	144010127	144010127	144019970	144019970	NA	missing	907076.0	NA	1.0025	NA	NA	NA	NA	NA	NA	NA	NA	NA	NA	4178243
1	144920087	145739956	NA	819870	6371	1.9982909	5801	90	1108.0	mappable	0.139075	5.0	self	0.01857724731	0.00151515152	0.0109912085	0.10180689	0.10332204	144920087	144920087	145739956	145739956	0.23424257	1	365915.957	19.0769853	1.0041663	NA	NA	0.0	0.9991455	0.9991455	1	1	1:1	2	neutral	4178243
1	146540101	147829895	NA	1289795	11685	1.9982909	11628	468	1782.0	mappable	0.0739115383	5.0	self	0.00702010445	0.0019047619	0.0147912085	0.09852843	0.10043319	146540101	146540101	147829895	147829895	0.20709461	1	365915.957	19.0769853	1.0041663	NA	NA	0.0	0.9991455	0.9991455	1	1	1:1	2	neutral	4178243
1	149815060	152269944	NA	2454885	23918	1.9982909	23799	764	4194.0	mappable	0.089025	5.0	self	0.00672632412	0.00113250283	0.0111912085	0.09421863	0.09535113	149815060	149815060	152259888	152280000	0.18617511	1	365915.957	19.0769853	1.0041663	NA	NA	0.0	0.9991455	0.9991455	1	1	1:1	2	neutral	4178243
1	152269944	152289976	NA	20033	614	2.291286	614	2	107.0	mappable	0.088235294	NA	identical	0.00617947538	0.5	0.1449087915	0.13995712	0.63995712	152259888	152280000	152289854	152290098	NA	missing	373848.0	20.3417294	1.1514	NA	NA	NA	NA	NA	NA	NA	NA	NA	NA	4178243
1	152289976	175190040	NA	22900067	300436	1.9982909	299275	13978	48265.0	mappable	0.0818583334	5.0	self	0.00027892264	6.605456e-05	0.0008191	0.08180344	0.0818695	152289854	152290098	175189999	175190040	0.16292079	1	365915.957	19.0769853	1.0041663	NA	NA	0.0	0.9991455	0.9991455	1	1	1:1	2	neutral	4178243
1	175190041	175199940	NA	9900	157	2.325912	157	22	21.0	mappable	0.0915691174	NA	identical	0.00951329891	0.04545454545	0.1623087915	0.15067942	0.19613396	175190041	175190082	175199830	175199940	NA	missing	389445.6	21.2995907	1.1688	NA	NA	NA	NA	NA	NA	NA	NA	NA	NA	4178243
1	175199941	249209945	NA	74010018	1019981	1.9982909	1015847	50597	164992.0	mappable	0.08215	5.0	edge	0.00138815969	1.827118e-05	0.0028049856	0.07650753	0.0765258	175199941	175200051	249209945	249209945	0.15700724	1	365915.957	19.0769853	1.0041663	NA	NA	0.0	0.9991455	0.9991455	1	1	1:1	2	neutral	4178243
2	20016	87059860	NA	87039852	1311860	1.9982909	1307140	60037	213401.0	mappable	0.08215	5.0	edge	0.00074437	1.544306e-05	0.0018717914	0.07582889	0.07584433	20016	20016	87059860	87059860	0.15534667	1	365915.957	19.0769853	1.0041663	NA	NA	0.0	0.9991455	0.9991455	1	1	1:1	2	neutral	4178243
2	88330099	89094923	NA	764825	9475	1.9982909	9437	286	1620.0	mappable	0.0830776316	5.0	self	0.00339418127	0.00308641975	0.0133912085	0.10232916	0.10541558	88330099	88330099	89059837	89130009	0.17439524	1	365915.957	19.0769853	1.0041663	NA	NA	0.0	0.9991455	0.9991455	1	1	1:1	2	neutral	4178243
2	89094923	89229990	NA	135068	2404	0.064078	2370	16	157.0	mappable	1.00005	NA	NA	0.91799418127	0.05555555556	0.9742912085	0.11734798	0.17290354	89059837	89130009	89229990	89229990	NA	missing	11738.776	0.841279	0.0322	NA	NA	NA	NA	NA	NA	NA	NA	NA	NA	4178243
2	89840102	90239998	NA	399897	914	1.9982909	904	2	170.0	mappable	0.1392857143	5.0	self	0.01817724731	0.08333333333	0.0295912085	0.10747332	0.19080666	89840102	89840102	90239998	90239998	NA	missing	365915.957	19.0769853	1.0041663	NA	NA	NA	NA	NA	NA	NA	NA	NA	NA	4178243
2	95580145	96239991	NA	659847	4446	1.9982909	4436	47	741.0	mappable	0.0765321429	5.0	NA	0.00715581873	0.01754385965	0.0114087915	0.10345663	0.12100049	95580145	95580145	96239991	96239991	0.32747415	1	365915.957	19.0769853	1.0041663	NA	NA	0.0	0.9991455	0.9991455	1	1	1:1	2	neutral	4178243
2	96239992	96740020	NA	500029	0	0.0	0	0	NA	mappable	NA	NA	NA	NA	inf	1.0064912085	0.10564318	inf	96239992	96239992	96740020	96740020	NA	missing	NA	NA	0.0	NA	NA	0.0	0.0	0.0	0	0	NA	0	homozygousDel	4178243
2	96740021	121100003	NA	24359985	296891	1.9982909	295996	12321	47664.0	mappable	0.08215	5.0	NA	0.00056254291	7.566586e-05	0.0047500504	0.0815062	0.08158187	96740021	96740021	121099918	121100003	0.15760875	1	365915.957	19.0769853	1.0041663	NA	NA	0.0	0.9991455	0.9991455	1	1	1:1	2	neutral	4178243
2	121100004	121120018	NA	20015	256	2.297057	255	15	38.0	mappable	0.1284326923	NA	identical	0.05823648896	0.0625	0.1478087915	0.13996983	0.20246983	121100004	121100089	121119931	121120105	NA	missing	369613.641	20.0647405	1.1543	NA	NA	NA	NA	NA	NA	NA	NA	NA	NA	4178243
2	121120018	132180026	NA	11060010	151388	1.9982909	150850	7537	24052.0	mappable	0.078725	5.0	self	0.00031837244	0.00012383901	0.0116676337	0.08547429	0.08559813	121119931	121120105	132179995	132180026	0.14981072	1	365915.957	19.0769853	1.0041663	NA	NA	0.0	0.9991455	0.9991455	1	1	1:1	2	neutral	4178243
2	132180027	132189994	NA	9968	160	2.1462512	159	63	18.0	mappable	0.0623382353	1.0	NA	0.01971758344	0.015625	0.1307087915	0.15056739	0.16619239	132180027	132180058	132189994	132189994	0.07119942	1	404352.514	21.2378316	1.0785182	NA	NA	0.0	1.0731256	1.0731256	1	1	1:1	2	neutral	4178243
2	132189995	133009999	NA	820005	0	0.0	0	0	NA	mappable	NA	NA	NA	NA	inf	1.0064912085	0.10180566	inf	132189995	132189995	133009999	133009999	NA	missing	NA	NA	0.0	NA	NA	0.0	0.0	0.0	0	0	NA	0	homozygousDel	4178243
2	133010000	133024996	NA	14997	1227	1.781249	1227	0	255.0	mappable	NA	NA	NA	NA	inf	0.1113912085	0.1441713	inf	133010000	133010000	133019989	133024996	NA	missing	300807.143	NA	0.8951	NA	NA	NA	NA	NA	NA	NA	NA	NA	NA	4178243
2	133024997	136520011	NA	3495016	46910	1.9982909	46717	1531	7638.0	mappable	0.0819779412	5.0	NA	0.0011077482	0.0005800464	0.0068837713	0.09200958	0.09258962	133024997	133030004	136519979	136520043	0.17635103	1	365915.957	19.0769853	1.0041663	NA	NA	0.0	0.9991455	0.9991455	1	1	1:1	2	neutral	4178243
2	136520011	136540001	NA	19991	257	1.831994	257	0	45.0	mappable	NA	NA	NA	NA	inf	0.0858912085	0.13998678	inf	136519979	136520043	136539991	136540011	NA	missing	333965.259	NA	0.9206	NA	NA	NA	NA	NA	NA	NA	NA	NA	NA	4178243
2	136540001	166800050	NA	30260051	407186	1.9982909	405815	18701	65946.0	mappable	0.078725	5.0	NA	0.00314574559	4.982065e-05	0.0039606391	0.08047995	0.08052977	136539991	136540011	166799903	166800197	0.16550458	1	365915.957	19.0769853	1.0041663	NA	NA	0.0	0.9991455	0.9991455	1	1	1:1	2	neutral	4178243
2	166800050	166824997	NA	24948	295	2.160742	295	23	58.0	mappable	0.1434636704	NA	NA	0.0614078516	0.04347826087	0.0793087915	0.13692406	0.18040232	166799903	166800197	166819981	166830013	NA	missing	377013.868	21.2070301	1.0858	NA	NA	NA	NA	NA	NA	NA	NA	NA	NA	4178243
2	166824997	166890028	NA	65032	827	1.7837053	820	21	148.0	mappable	0.0640441176	9.0	NA	0.01772864482	0.03571428571	0.0831912085	0.12508707	0.16080136	166819981	166830013	166889996	166890028	NA	missing	348364.087	18.2444815	0.8963343	NA	NA	NA	NA	NA	NA	NA	NA	NA	NA	4178243
2	166890029	242999969	NA	76109941	1047548	1.9982909	1043468	44421	170923.0	mappable	0.08215	5.0	edge	0.00011751451	2.061813e-05	0.0018739513	0.07638958	0.0764102	166890029	166890061	242999969	242999969	0.16636281	1	365915.957	19.0769853	1.0041663	NA	NA	0.0	0.9991455	0.9991455	1	1	1:1	2	neutral	4178243
3	100074	41340048	NA	41239979	628230	1.9982909	625954	29576	100923.0	mappable	0.078725	5.0	edge	0.00288000429	3.13952e-05	0.0013615585	0.07905907	0.07909046	100074	100074	41339984	41340112	0.16867483	1	365915.957	19.0769853	1.0041663	NA	NA	0.0	0.9991455	0.9991455	1	1	1:1	2	neutral	4178243
3	41340048	41350053	NA	10006	152	2.302828	150	9	19.0	mappable	0.2755891305	NA	identical	0.19163005083	0.09090909091	0.1507087915	0.1505052	0.24141429	41339984	41340112	41349977	41350053	NA	missing	390764.3	21.1012722	1.1572	NA	NA	NA	NA	NA	NA	NA	NA	NA	NA	4178243
3	41350054	65639978	NA	24289928	323336	1.9982909	322141	14333	52224.0	mappable	0.08215	5.0	self	5.03282e-05	6.439979e-05	0.0042124536	0.08152001	0.08158441	41350054	41350130	65639934	65639978	0.15501209	1	365915.957	19.0769853	1.0041663	NA	NA	0.0	0.9991455	0.9991455	1	1	1:1	2	neutral	4178243
3	65639979	65649975	NA	9997	132	2.208502	132	4	20.0	mappable	-0.0003749998	NA	NA	0.08243081873	0.25	0.1033087915	0.1505199	0.4005199	65639979	65640023	65649931	65649975	NA	missing	384403.3	21.6226856	1.1098	NA	NA	NA	NA	NA	NA	NA	NA	NA	NA	4178243
3	65649976	65699989	NA	50014	798	1.7837053	794	19	114.0	mappable	0.0576500002	9.0	NA	0.02440581873	0.04347826087	0.0614912085	0.12812263	0.17160089	65649976	65650020	65699966	65700012	NA	missing	348364.087	18.2444815	0.8963343	NA	NA	NA	NA	NA	NA	NA	NA	NA	NA	4178243
3	65699989	90330011	NA	24630029	346718	1.9982909	345552	16858	56038.0	mappable	0.08215	5.0	self	0.00043796375	5.548158e-05	0.0010898898	0.08145341	0.08150889	65699966	65700012	90329986	90330011	0.15455279	1	365915.957	19.0769853	1.0041663	NA	NA	0.0	0.9991455	0.9991455	1	1	1:1	2	neutral	4178243
3	90330012	90499969	NA	169958	3812	1.8563735	3781	19	1043.0	mappable	0.193041667	6.0	NA	0.03717034406	0.02	0.1222912085	0.11510911	0.13510911	90330012	90330037	90499969	90499969	NA	missing	386932.963	21.1439345	0.932851	NA	NA	NA	NA	NA	NA	NA	NA	NA	NA	4178243
3	93570175	174852694	NA	81282525	1100957	1.9982909	1097275	51945	178226.0	mappable	0.08215	5.0	self	0.00020359017	1.797688e-05	0.0062872561	0.07611381	0.07613178	93570175	93570175	174852680	174852694	0.15580827	1	365915.957	19.0769853	1.0041663	NA	NA	0.0	0.9991455	0.9991455	1	1	1:1	2	neutral	4178243
3	174852695	174887028	DEL	34334	589	1.0320894	582	86	86.0	mappable	0.9964821428	8.0	NA	0.91278703841	0.01075268817	0.4314912085	0.13273734	0.14349003	174852695	174852695	174886982	174887028	1.0	2	186566.692	18.6566692	0.5186379	18.0766	1.0	1.0	0.0	1.0320894	1	0	1:0	1	LOH	4178243
3	174887029	174889912	INV	2884	39	1.204746	37	0	5.0	mappable	NA	NA	NA	0.07779142622	0.5	0.4010912085	0.17400602	0.67400602	174887029	174887113	174889683	174889912	NA	missing	238569.0	NA	0.6054	NA	NA	NA	NA	NA	NA	NA	NA	NA	NA	4178243
3	174889913	176636718	NA	1746806	25687	1.9982909	25585	1433	4272.0	mappable	0.0770230771	5.0	self	0.00218466489	0.0006514658	0.0025087915	0.09644928	0.09710074	174889913	174890142	176636683	176636718	0.15172727	1	365915.957	19.0769853	1.0041663	NA	NA	0.0	0.9991455	0.9991455	1	1	1:1	2	neutral	4178243
3	176636719	176706660	DUP	69942	1017	1.420263	999	85	155.0	mappable	0.071875	NA	identical	0.01018081873	0.00970873786	0.2927912085	0.12427091	0.13397964	176636719	176636912	176706602	176706660	0.49038406	2	258941.439	14.7966537	0.7137	18.23194	0.5714286	0.14285714	0.6086841	0.8115789	1	sub	1:sub	sub	sub	4178243
3	176706661	177369242	DEL	662582	8756	1.9982909	8708	487	1480.0	mappable	0.0890833335	5.0	self	0.00694418127	0.00186915888	0.0010087915	0.1034247	0.10529386	176706661	176706678	177369130	177369242	0.11532437	1	365915.957	19.0769853	1.0041663	NA	NA	0.0	0.9991455	0.9991455	1	1	1:1	2	neutral	4178243
3	177369243	177809975	INV	440733	5958	1.0320894	5954	141	991.0	mappable	0.9897	8.0	identical	0.90919418127	0.00689655172	0.4823912085	0.10666925	0.1135658	177369243	177369366	177809967	177809975	0.9858236	2	186566.692	18.6566692	0.5186379	18.0766	1.0	1.0	0.0	1.0320894	1	0	1:0	1	LOH	4178243
3	177809976	183004179	INV	5194204	66019	1.9982909	65821	2715	11042.0	mappable	0.0808833332	5.0	self	0.00095850974	0.00034328871	0.0054727562	0.08965204	0.08999533	177809976	177810035	183004086	183004179	0.14819827	1	365915.957	19.0769853	1.0041663	NA	NA	0.0	0.9991455	0.9991455	1	1	1:1	2	neutral	4178243
3	183004180	183119982	DUP	115803	1668	1.0320894	1663	23	276.0	mappable	0.9943323528	8.0	identical	0.91366463581	0.03571428571	0.4942912085	0.11889678	0.15461107	183004180	183004224	183119958	183119982	NA	missing	186566.692	18.6566692	0.5186379	NA	NA	NA	NA	NA	NA	NA	NA	NA	NA	4178243
3	183119983	183587553	NA	467571	5846	1.9982909	5823	456	935.0	mappable	0.0974916665	5.0	self	0.01543584793	0.00208768267	0.0101912085	0.10618627	0.10827396	183119983	183120007	183587477	183587553	0.18162974	1	365915.957	19.0769853	1.0041663	NA	NA	0.0	0.9991455	0.9991455	1	1	1:1	2	neutral	4178243
3	183587554	183697711	INV	110158	1652	1.0320894	1638	100	285.0	mappable	0.996836842	8.0	NA	0.91391483344	0.00877192982	0.4691912085	0.11940858	0.12818051	183587554	183587564	183697706	183697711	0.98009901	2	186566.692	18.6566692	0.5186379	18.0766	1.0	1.0	0.0	1.0320894	1	0	1:0	1	LOH	4178243
3	183697712	183697943	DUP	232	3	1.235392	3	0	0.0	mappable	NA	NA	NA	NA	inf	0.3856912085	0.2545183	inf	183697712	183697752	183697853	183697943	NA	missing	214916.7	NA	0.6208	NA	NA	NA	NA	NA	NA	NA	NA	NA	NA	4178243
3	183697944	183701634	ITX	3691	50	1.561354	49	1	9.0	mappable	0.032258064	NA	NA	0.19269390318	0.5	0.2218912085	0.16877928	0.66877928	183697944	183698176	183701587	183701634	NA	missing	274547.504	14.1701938	0.7846	NA	NA	NA	NA	NA	NA	NA	NA	NA	NA	4178243
3	183701635	183701639	INV	5	0	0.0	0	0	NA	mappable	NA	NA	NA	NA	inf	1.0064912085	0.86135312	inf	183701635	183701635	183701639	183701639	NA	missing	NA	NA	0.0	NA	NA	0.0	0.0	0.0	0	0	NA	0	homozygousDel	4178243
3	183701640	184040081	INV	338442	4047	1.9982909	4043	223	690.0	mappable	0.084225	5.0	NA	0.00094033511	0.00440528634	0.0081912085	0.10888176	0.11328705	183701640	183701835	184040017	184040081	0.18914754	1	365915.957	19.0769853	1.0041663	NA	NA	0.0	0.9991455	0.9991455	1	1	1:1	2	neutral	4178243
3	184040082	184057094	INV	17013	283	1.179871	283	6	40.0	mappable	0.9913527774	NA	identical	0.90929695904	0.16666666667	0.4135912085	0.1423047	0.30897136	184040082	184040128	184057034	184057094	NA	missing	185872.172	18.5872172	0.5929	NA	NA	NA	NA	NA	NA	NA	NA	NA	NA	4178243
3	184057095	184237515	INV	180421	2297	1.9982909	2278	80	371.0	mappable	0.0827544118	5.0	self	9.418127e-05	0.0101010101	0.0585912085	0.11454093	0.12464194	184057095	184057172	184237476	184237515	0.11702113	1	365915.957	19.0769853	1.0041663	NA	NA	0.0	0.9991455	0.9991455	1	1	1:1	2	neutral	4178243
3	184237516	184270026	INV	32511	545	1.0320894	545	45	106.0	mappable	0.9968875	8.0	identical	0.91483168127	0.02222222222	0.4248912085	0.13343438	0.15565661	184237516	184237580	184269995	184270026	0.95557435	2	186566.692	18.6566692	0.5186379	18.0766	1.0	1.0	0.0	1.0320894	1	0	1:0	1	LOH	4178243
3	184270027	184679995	NA	409969	5524	1.9982909	5494	178	950.0	mappable	0.0960978263	5.0	self	0.01756918127	0.00480769231	0.0161087915	0.10726647	0.11207416	184270027	184270058	184679929	184679995	0.22209566	1	365915.957	19.0769853	1.0041663	NA	NA	0.0	0.9991455	0.9991455	1	1	1:1	2	neutral	4178243
3	184679996	184803356	NA	123361	1643	1.0320894	1643	2	275.0	mappable	1.0	8.0	NA	0.91794418127	0.5	0.4804912085	0.11825554	0.61825554	184679996	184680062	184803355	184803356	NA	missing	186566.692	18.6566692	0.5186379	NA	NA	NA	NA	NA	NA	NA	NA	NA	NA	4178243
3	184803357	184803521	INV	165	2	1.800353	2	0	0.0	mappable	NA	NA	NA	NA	inf	0.1017912085	0.27150591	inf	184803357	184803369	184803436	184803521	NA	missing	313457.5	NA	0.9047	NA	NA	NA	NA	NA	NA	NA	NA	NA	NA	4178243
3	184803522	184898050	INV	94529	1412	1.7555056	1412	3	250.0	mappable	0.2148127197	2.0	NA	0.13275690056	0.33333333333	0.0621912085	0.12100334	0.45433667	184803522	184803639	184897974	184898050	NA	missing	603940.934	33.7873369	0.8821636	NA	NA	NA	NA	NA	NA	NA	NA	NA	NA	4178243
3	184898051	185411119	INV	513069	4553	1.9982909	4536	38	792.0	mappable	0.128875	5.0	self	0.02749418127	0.01818181818	0.0176912085	0.10543633	0.12361815	184898051	184898108	185410946	185411119	0.14246123	1	365915.957	19.0769853	1.0041663	NA	NA	0.0	0.9991455	0.9991455	1	1	1:1	2	neutral	4178243
3	185411120	185479872	INV	68753	830	1.0320894	830	2	136.0	mappable	1.0	8.0	identical	0.91794418127	0.5	0.4822912085	0.12446221	0.62446221	185411120	185411281	185479733	185480011	NA	missing	186566.692	18.6566692	0.5186379	NA	NA	NA	NA	NA	NA	NA	NA	NA	NA	4178243
3	185479872	185739986	NA	260115	2835	1.9982909	2831	98	495.0	mappable	0.108082143	5.0	self	0.02174775269	0.00980392157	0.0078912085	0.11118035	0.12098427	185479733	185480011	185739888	185740084	0.22281287	1	365915.957	19.0769853	1.0041663	NA	NA	0.0	0.9991455	0.9991455	1	1	1:1	2	neutral	4178243
3	185739986	185822381	NA	82396	1025	1.0320894	1025	31	169.0	mappable	0.9973588234	8.0	NA	0.9153030048	0.03225806452	0.4784912085	0.12247182	0.15472989	185739888	185740084	185822353	185822381	0.93550652	2	186566.692	18.6566692	0.5186379	18.0766	1.0	1.0	0.0	1.0320894	1	0	1:0	1	LOH	4178243
3	185822382	185847426	INV	25045	327	1.822044	326	14	60.0	mappable	0.2581000004	NA	NA	0.18659418127	0.06666666667	0.0908912085	0.1368716	0.20353827	185822382	185822428	185847270	185847426	NA	missing	316345.537	16.9811368	0.9156	NA	NA	NA	NA	NA	NA	NA	NA	NA	NA	4178243
3	185847427	185856856	ITX	9430	146	1.313798	146	0	29.0	mappable	NA	NA	NA	NA	inf	0.3462912085	0.15148024	inf	185847427	185847428	185856832	185856856	NA	missing	229741.627	NA	0.6602	NA	NA	NA	NA	NA	NA	NA	NA	NA	NA	4178243
3	185856857	197779892	INV	11923036	176923	1.9982909	175981	9766	28492.0	mappable	0.085575	5.0	edge	0.00351918127	9.338812e-05	0.0018087915	0.08508014	0.08517353	185856857	185856859	197779892	197779892	0.1630768	1	365915.957	19.0769853	1.0041663	NA	NA	0.0	0.9991455	0.9991455	1	1	1:1	2	neutral	4178243
4	50084	660048	NA	609965	6600	1.9982909	6487	283	1142.0	mappable	0.108132927	5.0	edge	0.02046918127	0.00252525253	0.0157912085	0.10406711	0.10659237	50084	50084	659961	660048	0.42609984	2	365915.957	19.0769853	1.0041663	18.31145	0.5213488	0.04269765	0.9564843	1.0418066	1	1	1:1	2	mixDH	4178243
4	660049	1609988	NA	949941	15001	2.1462512	14888	235	2809.0	mappable	0.0942035714	1.0	NA	0.01928699235	0.00287356322	0.0782910127	0.10071772	0.10359129	660049	660136	1609961	1609988	0.31467377	1	404352.514	21.2378316	1.0785182	NA	NA	0.0	1.0731256	1.0731256	1	1	1:1	2	neutral	4178243
4	1609989	1629990	NA	20002	454	2.019452	450	1	93.0	mappable	0.176470588	NA	NA	0.08441533511	0.2	0.0083087915	0.13997901	0.33997901	1609989	1610016	1629971	1629990	NA	missing	350924.456	20.642615	1.0148	NA	NA	NA	NA	NA	NA	NA	NA	NA	NA	4178243
4	1629991	8380011	NA	6750021	114086	2.1462512	113231	5448	18460.0	mappable	0.085575	1.0	NA	0.00351918127	0.00015865461	0.0732087915	0.08815831	0.08831696	1629991	1630010	8379993	8380011	0.20438653	1	404352.514	21.2378316	1.0785182	NA	NA	0.0	1.0731256	1.0731256	1	1	1:1	2	neutral	4178243
4	8380012	8389988	NA	9977	214	2.388796	213	1	27.0	mappable	0.333333334	NA	NA	0.11794418127	0.5	0.1939087915	0.15055264	0.65055264	8380012	8380030	8389861	8389988	NA	missing	382662.5	25.5108333	1.2004	NA	NA	NA	NA	NA	NA	NA	NA	NA	NA	4178243
4	8389989	8939952	NA	549964	9511	2.1462512	9485	623	1449.0	mappable	0.0816863635	1.0	NA	0.0003694551	0.00154083205	0.0716087915	0.10488239	0.10642322	8389989	8390116	8939952	8939952	0.16494724	1	404352.514	21.2378316	1.0785182	NA	NA	0.0	1.0731256	1.0731256	1	1	1:1	2	neutral	4178243
4	9800043	26199936	NA	16399895	259469	2.1462512	258528	12444	41252.0	mappable	0.082719231	1.0	NA	9.48776e-06	7.47105e-05	0.0818627883	0.08344744	0.08352215	9800043	9800043	26199820	26200052	0.18893404	1	404352.514	21.2378316	1.0785182	NA	NA	0.0	1.0731256	1.0731256	1	1	1:1	2	neutral	4178243
4	26199936	26220001	NA	20066	328	1.956369	319	3	62.0	mappable	0.1364748008	NA	NA	0.21595443768	0.08333333333	0.0233912085	0.13993387	0.2232672	26199820	26200052	26219987	26220015	NA	missing	351400.005	19.8225644	0.9831	NA	NA	NA	NA	NA	NA	NA	NA	NA	NA	4178243
4	26220001	41969998	NA	15750001	238111	2.1462512	237273	12020	38846.0	mappable	0.078725	1.0	NA	0.00112322296	7.777259e-05	0.0668052129	0.08365104	0.08372881	26219987	26220015	41969977	41969998	0.19843964	1	404352.514	21.2378316	1.0785182	NA	NA	0.0	1.0731256	1.0731256	1	1	1:1	2	neutral	4178243
4	41969999	41979964	NA	9966	120	2.469391	120	0	25.0	mappable	NA	NA	NA	NA	inf	0.2344087915	0.15057068	inf	41969999	41970020	41979908	41980020	NA	missing	423656.7	NA	1.2409	NA	NA	NA	NA	NA	NA	NA	NA	NA	NA	4178243
4	41979964	49089961	NA	7109998	101312	2.1462512	101120	2750	16812.0	mappable	0.0767583332	1.0	NA	0.00675581873	0.00033990483	0.0683087915	0.08786799	0.08820789	41979908	41980020	49089961	49089961	0.22276933	1	404352.514	21.2378316	1.0785182	NA	NA	0.0	1.0731256	1.0731256	1	1	1:1	2	neutral	4178243
4	52680564	104950122	NA	52269560	716121	2.1462512	713632	36335	115415.0	mappable	0.078725	1.0	NA	0.00032367454	2.575726e-05	0.0701223812	0.07800474	0.0780305	52680564	52680564	104949958	104950286	0.21398217	1	404352.514	21.2378316	1.0785182	NA	NA	0.0	1.0731256	1.0731256	1	1	1:1	2	neutral	4178243
4	104950122	104969974	NA	19853	266	1.9982909	264	23	45.0	mappable	0.1023035716	5.0	self	0.01839418127	0.04	0.0218912085	0.14008477	0.18008477	104949958	104950286	104969946	104970002	NA	missing	365915.957	19.0769853	1.0041663	NA	NA	NA	NA	NA	NA	NA	NA	NA	NA	4178243
4	104969974	110219912	NA	5249939	68049	2.1462512	67803	3487	11030.0	mappable	0.085575	1.0	NA	0.00351918127	0.00026788106	0.0731087915	0.0895902	0.08985809	104969946	104970002	110219821	110220003	0.17906609	1	404352.514	21.2378316	1.0785182	NA	NA	0.0	1.0731256	1.0731256	1	1	1:1	2	neutral	4178243
4	110219912	110264977	NA	45066	516	2.33228	516	8	74.0	mappable	0.1814087212	NA	NA	0.0993529022	0.125	0.1655087915	0.12936818	0.25436818	110219821	110220003	110259891	110264977	NA	missing	422358.471	21.1179235	1.172	NA	NA	NA	NA	NA	NA	NA	NA	NA	NA	4178243
4	110264978	139855004	NA	29590028	401063	2.1462512	399748	20818	64668.0	mappable	0.078725	1.0	NA	0.00324314408	4.51814e-05	0.0733878484	0.0805847	0.08062988	110264978	110270064	139849947	139860061	0.19155159	1	404352.514	21.2378316	1.0785182	NA	NA	0.0	1.0731256	1.0731256	1	1	1:1	2	neutral	4178243
4	139855004	139920089	NA	65086	422	1.8563735	419	7	63.0	mappable	0.1346680561	6.0	NA	0.05158573532	0.1	0.0498912085	0.12507771	0.22507771	139849947	139860061	139919976	139920089	NA	missing	386932.963	21.1439345	0.932851	NA	NA	NA	NA	NA	NA	NA	NA	NA	NA	4178243
4	139920090	167800042	NA	27879953	375088	2.1462512	373735	17842	60600.0	mappable	0.08215	1.0	NA	9.418127e-05	5.20969e-05	0.0738087915	0.08086452	0.08091662	139920090	139920203	167799953	167800042	0.20572869	1	404352.514	21.2378316	1.0785182	NA	NA	0.0	1.0731256	1.0731256	1	1	1:1	2	neutral	4178243
4	167800043	167809939	NA	9897	120	1.9982909	116	0	18.0	mappable	NA	5.0	self	0.01213915207	0.25	0.0299912085	0.15068438	0.40068438	167800043	167800132	167809874	167809939	NA	missing	365915.957	NA	1.0041663	NA	NA	NA	NA	NA	NA	NA	NA	NA	NA	4178243
4	167809940	179800051	NA	11990113	176250	2.1462512	175668	8205	28312.0	mappable	0.0808142858	1.0	NA	0.00208504047	0.00011381744	0.0704128573	0.08505086	0.08516468	167809940	167810005	179799959	179800051	0.21499659	1	404352.514	21.2378316	1.0785182	NA	NA	0.0	1.0731256	1.0731256	1	1	1:1	2	neutral	4178243
4	179800052	179810002	NA	9951	210	2.352578	210	0	29.0	mappable	NA	NA	NA	NA	inf	0.1757087915	0.15059531	inf	179800052	179800144	179809978	179810002	NA	missing	421445.0	NA	1.1822	NA	NA	NA	NA	NA	NA	NA	NA	NA	NA	4178243
4	179810003	190799944	NA	10989942	183435	2.1462512	181992	10778	30164.0	mappable	0.078023913	1.0	edge	0.00333081873	8.182636e-05	0.0687087915	0.0855078	0.08558962	179810003	179810027	190799944	190799944	0.21788364	1	404352.514	21.2378316	1.0785182	NA	NA	0.0	1.0731256	1.0731256	1	1	1:1	2	neutral	4178243
5	50017	46280046	NA	46230033	687412	1.9982909	684523	32446	112539.0	mappable	0.08215	5.0	edge	0.00034316177	2.830135e-05	0.0015134241	0.07854742	0.07857572	50017	50017	46279997	46280046	0.16761275	1	365915.957	19.0769853	1.0041663	NA	NA	0.0	0.9991455	0.9991455	1	1	1:1	2	neutral	4178243
5	46280047	46399990	NA	119944	2460	1.7837053	2416	95	542.0	mappable	0.0743666665	9.0	NA	0.00392367588	0.0071942446	0.1295912085	0.11853958	0.12573383	46280047	46280096	46399990	46399990	0.18023879	1	348364.087	18.2444815	0.8963343	NA	NA	0.0	0.8918526	0.8918526	1	1	1:1	2	neutral	4178243
5	49470005	49579956	NA	109952	3308	1.7837053	3193	97	771.0	mappable	0.08995	9.0	NA	0.00789418127	0.00471698113	0.1314912085	0.11942784	0.12414482	49470005	49470005	49579900	49580012	0.15745939	1	348364.087	18.2444815	0.8963343	NA	NA	0.0	0.8918526	0.8918526	1	1	1:1	2	neutral	4178243
5	49579956	68829703	NA	19249748	253341	1.9982909	252573	12253	40847.0	mappable	0.078725	5.0	self	0.00333081873	7.680492e-05	0.0053087915	0.08265031	0.08272712	49579900	49580012	68829703	68829703	0.15408382	1	365915.957	19.0769853	1.0041663	NA	NA	0.0	0.9991455	0.9991455	1	1	1:1	2	neutral	4178243
5	70750153	78144991	NA	7394839	101039	1.9982909	100748	3923	16316.0	mappable	0.0810886365	5.0	self	9.418127e-05	0.00023730422	0.0067087915	0.08764977	0.08788707	70750153	70750153	78139966	78144991	0.17091543	1	365915.957	19.0769853	1.0041663	NA	NA	0.0	0.9991455	0.9991455	1	1	1:1	2	neutral	4178243
5	78144992	78164995	NA	20004	197	1.689112	192	14	36.0	mappable	0.0345171054	NA	identical	0.04160581873	0.05263157895	0.1576912085	0.13997759	0.19260917	78144992	78150017	78159989	78170001	NA	missing	323494.0	16.1747	0.8488	NA	NA	NA	NA	NA	NA	NA	NA	NA	NA	4178243
5	78164995	180689979	NA	102524995	1429959	1.9982909	1425127	63973	232112.0	mappable	0.08215	5.0	edge	0.00051539818	1.453383e-05	0.0036555575	0.07515576	0.07517029	78159989	78170001	180689979	180689979	0.1511819	1	365915.957	19.0769853	1.0041663	NA	NA	0.0	0.9991455	0.9991455	1	1	1:1	2	neutral	4178243
6	201976	220003	NA	18028	349	1.7555056	349	2	58.0	mappable	0.1687979539	2.0	edge	0.08674213523	0.5	0.0807912085	0.14146321	0.64146321	201976	201976	219981	220003	NA	missing	603940.934	33.7873369	0.8821636	NA	NA	NA	NA	NA	NA	NA	NA	NA	NA	4178243
6	220004	20879988	NA	20659987	311274	1.9982909	309764	15763	50426.0	mappable	0.0825138889	5.0	NA	0.00134972341	5.789382e-05	0.003049277	0.08230339	0.08236128	220004	220026	20879918	20880058	0.17084411	1	365915.957	19.0769853	1.0041663	NA	NA	0.0	0.9991455	0.9991455	1	1	1:1	2	neutral	4178243
6	20879988	20889966	NA	9979	182	2.278948	182	0	37.0	mappable	NA	NA	NA	NA	inf	0.1387087915	0.15054936	inf	20879918	20880058	20889923	20889966	NA	missing	395745.0	NA	1.1452	NA	NA	NA	NA	NA	NA	NA	NA	NA	NA	4178243
6	20889967	53379983	NA	32490025	478620	1.9982909	473823	27797	76428.0	mappable	0.08215	5.0	NA	0.00159576624	3.068143e-05	0.0001070361	0.0801491	0.08017978	20889967	20890010	53379941	53379983	0.19995761	1	365915.957	19.0769853	1.0041663	NA	NA	0.0	0.9991455	0.9991455	1	1	1:1	2	neutral	4178243
6	53379984	53400000	NA	20017	305	2.221039	305	0	54.0	mappable	NA	NA	NA	NA	inf	0.1096087915	0.13996841	inf	53379984	53380026	53399998	53400000	NA	missing	378630.729	NA	1.1161	NA	NA	NA	NA	NA	NA	NA	NA	NA	NA	4178243
6	53400001	55140008	NA	1740008	27065	1.9982909	26897	1079	4481.0	mappable	0.0834259259	5.0	NA	0.00174418127	0.00080192462	0.0024087915	0.09647545	0.09727737	53400001	53400003	55139990	55140026	0.15999428	1	365915.957	19.0769853	1.0041663	NA	NA	0.0	0.9991455	0.9991455	1	1	1:1	2	neutral	4178243
6	55140008	55160003	NA	19996	314	2.130494	313	2	45.0	mappable	0.1091731266	NA	NA	0.11284548846	0.33333333333	0.0641087915	0.13998325	0.47331658	55139990	55140026	55159906	55160003	NA	missing	396214.878	20.8729479	1.0706	NA	NA	NA	NA	NA	NA	NA	NA	NA	NA	4178243
6	55160004	55250086	NA	90083	1483	1.8563735	1480	54	239.0	mappable	0.139	6.0	NA	0.05207599945	0.01754385965	0.0517912085	0.12151431	0.13905817	55160004	55160101	55249976	55250086	0.19487709	1	386932.963	21.1439345	0.932851	NA	NA	0.0	0.9281867	0.9281867	1	1	1:1	2	neutral	4178243
6	55250087	55270002	NA	19916	374	2.170891	373	0	66.0	mappable	NA	3.0	NA	0.14375063288	1.0	0.0844087915	0.14003994	1.14003994	55250087	55250197	55269963	55270041	NA	missing	391428.166	NA	1.0909	NA	NA	NA	NA	NA	NA	NA	NA	NA	NA	4178243
6	55270002	58019982	NA	2749981	40213	1.9982909	38496	1613	6748.0	mappable	0.0875972222	5.0	self	0.00036426009	0.0003003003	0.001751524	0.09349731	0.09379761	55269963	55270041	58019982	58019982	0.14989616	1	365915.957	19.0769853	1.0041663	NA	NA	0.0	0.9991455	0.9991455	1	1	1:1	2	neutral	4178243
6	58610011	58769997	NA	159987	572	1.9982909	571	42	118.0	mappable	0.0940629032	5.0	self	0.01200708449	0.02325581395	0.0018087915	0.11568989	0.1389457	58610011	58610011	58769997	58769997	0.18650857	1	365915.957	19.0769853	1.0041663	NA	NA	0.0	0.9991455	0.9991455	1	1	1:1	2	neutral	4178243
6	61890002	61989969	NA	99968	1341	1.7837053	1325	31	336.0	mappable	0.09605	9.0	NA	0.00051918127	0.02127659574	0.1401912085	0.12041535	0.14169194	61890002	61890002	61989929	61990009	0.28062747	1	348364.087	18.2444815	0.8963343	NA	NA	0.0	0.8918526	0.8918526	1	1	1:1	2	neutral	4178243
6	61989969	170899935	NA	108909977	1538179	1.9982909	1532378	72912	250944.0	mappable	0.08215	5.0	edge	0.00071938816	1.270438e-05	0.0012875752	0.0749104	0.07492311	61989929	61990009	170899935	170899935	0.14657359	1	365915.957	19.0769853	1.0041663	NA	NA	0.0	0.9991455	0.9991455	1	1	1:1	2	neutral	4178243
7	40386	11339973	NA	11299592	186924	1.9982909	185974	9578	30565.0	mappable	0.08215	5.0	edge	2.087988e-05	9.501188e-05	0.0091467551	0.0853615	0.08545651	40386	40386	11339884	11340062	0.16363274	1	365915.957	19.0769853	1.0041663	NA	NA	0.0	0.9991455	0.9991455	1	1	1:1	2	neutral	4178243
7	11339973	11359992	NA	20020	392	2.1462512	391	9	71.0	mappable	0.137505131	1.0	NA	0.05271236024	0.1	0.0787087915	0.1399663	0.2399663	11339884	11340062	11359976	11360008	NA	missing	404352.514	21.2378316	1.0785182	NA	NA	NA	NA	NA	NA	NA	NA	NA	NA	4178243
7	11359992	11369981	NA	9990	215	1.7555056	215	6	33.0	mappable	0.198904762	2.0	NA	0.11684894317	0.16666666667	0.0827912085	0.15053135	0.31719802	11359976	11360008	11369951	11369981	NA	missing	603940.934	33.7873369	0.8821636	NA	NA	NA	NA	NA	NA	NA	NA	NA	NA	4178243
7	11369982	57950003	NA	46580032	665557	1.9982909	663306	36332	106161.0	mappable	0.08215	5.0	self	0.00062049445	2.591815e-05	0.0081438552	0.07851386	0.07853978	11369982	11370012	57949988	57950003	0.14199957	1	365915.957	19.0769853	1.0041663	NA	NA	0.0	0.9991455	0.9991455	1	1	1:1	2	neutral	4178243
7	57950004	57999988	NA	49985	2364	1.712196	2361	0	740.0	mappable	NA	NA	NA	0.33010659385	0.33333333333	0.1460912085	0.1281295	0.46146284	57950004	57950019	57999988	57999988	NA	missing	341538.218	NA	0.8604	NA	NA	NA	NA	NA	NA	NA	NA	NA	NA	4178243
7	61530139	70559994	NA	9029856	91292	1.9982909	90585	4071	16545.0	mappable	0.0798000002	5.0	self	0.00333081873	0.0002093364	0.0478912085	0.08655659	0.08676592	61530139	61530139	70559986	70560002	0.18136631	1	365915.957	19.0769853	1.0041663	NA	NA	0.0	0.9991455	0.9991455	1	1	1:1	2	neutral	4178243
7	70559994	70569987	NA	9994	168	1.683739	166	10	24.0	mappable	0.022	NA	identical	0.0519474854	0.08333333333	0.1603912085	0.15052481	0.23385814	70559986	70560002	70569952	70570022	NA	missing	317210.0	16.8276037	0.8461	NA	NA	NA	NA	NA	NA	NA	NA	NA	NA	4178243
7	70569987	72229988	NA	1660002	22677	1.9982909	22569	1257	3807.0	mappable	0.0942035714	5.0	self	0.01022678996	0.00073260073	0.0467912085	0.09679252	0.09752512	70569952	70570022	72229988	72229988	0.1440347	1	365915.957	19.0769853	1.0041663	NA	NA	0.0	0.9991455	0.9991455	1	1	1:1	2	neutral	4178243
7	72750118	74139961	NA	1389844	10264	1.9982909	10205	233	1843.0	mappable	0.0852983872	5.0	self	0.00766084793	0.00342465753	0.0345912085	0.09800803	0.10143269	72750118	72750118	74139961	74139961	0.25500294	1	365915.957	19.0769853	1.0041663	NA	NA	0.0	0.9991455	0.9991455	1	1	1:1	2	neutral	4178243
7	75160045	76059952	NA	899908	8432	1.9982909	8377	383	1455.0	mappable	0.0783328946	5.0	self	0.00180939016	0.00228310502	0.0315912085	0.10111521	0.10339831	75160045	75160045	76059952	76059952	0.25232583	1	365915.957	19.0769853	1.0041663	NA	NA	0.0	0.9991455	0.9991455	1	1	1:1	2	neutral	4178243
7	76810004	83019974	NA	6209972	90001	1.9982909	89738	4340	14696.0	mappable	0.0819416665	5.0	NA	0.00185801429	0.00021729683	0.0019469912	0.0886283	0.0888456	76810004	76810004	83019916	83020032	0.17146617	1	365915.957	19.0769853	1.0041663	NA	NA	0.0	0.9991455	0.9991455	1	1	1:1	2	neutral	4178243
7	83019974	83039953	NA	19980	295	2.121937	295	0	51.0	mappable	NA	NA	NA	NA	inf	0.0598087915	0.13999456	inf	83019916	83020032	83039895	83040011	NA	missing	404921.722	NA	1.0663	NA	NA	NA	NA	NA	NA	NA	NA	NA	NA	4178243
7	83039953	158925012	NA	75885072	996123	1.9982909	991577	45358	163077.0	mappable	0.08215	5.0	NA	0.00051905709	2.003968e-05	0.0025202624	0.07640204	0.07642208	83039895	83040011	158919994	158930030	0.1628655	1	365915.957	19.0769853	1.0041663	NA	NA	0.0	0.9991455	0.9991455	1	1	1:1	2	neutral	4178243
7	158925012	158949997	NA	24986	444	2.1462512	440	15	81.0	mappable	0.0757679408	1.0	NA	0.00500852144	0.05263157895	0.0562087915	0.13690348	0.18953506	158919994	158930030	158949975	158950019	NA	missing	404352.514	21.2378316	1.0785182	NA	NA	NA	NA	NA	NA	NA	NA	NA	NA	4178243
7	158949997	159119808	NA	169812	2692	1.882341	2606	201	498.0	mappable	0.0819779413	NA	edge	0.00694418127	0.00348432056	0.0605912085	0.11511733	0.11860165	158949975	158950019	159119808	159119808	0.20145637	1	344623.73	18.0517192	0.9459	NA	NA	0.0	0.9411705	0.9411705	1	1	1:1	2	neutral	4178243
8	170012	3989998	NA	3819996	103168	1.9982909	102252	6021	17144.0	mappable	0.08215	5.0	edge	0.00115521312	0.00014415453	0.0134837575	0.0914698	0.09161396	170012	170012	3989968	3990028	0.20437564	1	365915.957	19.0769853	1.0041663	NA	NA	0.0	0.9991455	0.9991455	1	1	1:1	2	neutral	4178243
8	3989998	3999990	NA	9993	545	1.8563735	508	127	68.0	mappable	0.1057770273	6.0	NA	0.03341377586	0.00609756098	0.0839912085	0.15052644	0.156624	3989968	3990028	3999966	4000014	0.50965541	2	386932.963	21.1439345	0.932851	20.84349	0.5464496	0.0928991	0.841959	1.0144145	1	1	1:1	2	mixDH	4178243
8	3999990	4009999	NA	10010	481	2.1462512	475	75	58.0	mappable	0.0972944446	1.0	NA	0.02149418127	0.01234567901	0.0692087915	0.15049867	0.16284434	3999966	4000014	4009991	4010007	0.41423783	2	404352.514	21.2378316	1.0785182	18.83994	0.5252306	0.05046121	1.0189744	1.1272768	1	1	1:1	2	mixDH	4178243
8	4009999	5944990	NA	1934996	65465	1.9982909	65284	3056	10304.0	mappable	0.079825	5.0	self	0.00152236082	0.00030892802	0.0008140279	0.09576756	0.09607648	4009991	4010007	5939972	5944990	0.17287339	1	365915.957	19.0769853	1.0041663	NA	NA	0.0	0.9991455	0.9991455	1	1	1:1	2	neutral	4178243
8	5944991	5959995	NA	15005	342	2.1462512	342	17	57.0	mappable	0.071275	1.0	NA	0.01078081873	0.05882352941	0.0860087915	0.14416331	0.20298684	5944991	5950009	5959990	5959995	NA	missing	404352.514	21.2378316	1.0785182	NA	NA	NA	NA	NA	NA	NA	NA	NA	NA	4178243
8	5959996	5980037	NA	20042	640	1.8563735	640	56	107.0	mappable	0.1468535716	6.0	NA	0.06479775269	0.01785714286	0.0817912085	0.13995078	0.15780792	5959996	5960001	5979964	5980037	0.11454331	1	386932.963	21.1439345	0.932851	NA	NA	0.0	0.9281867	0.9281867	1	1	1:1	2	neutral	4178243
8	5980038	6079967	NA	99930	2640	1.9982909	2632	322	360.0	mappable	0.0936	5.0	self	0.00905668127	0.00303030303	0.0293087915	0.12041932	0.12344963	5980038	5980111	6079926	6080008	0.12399844	1	365915.957	19.0769853	1.0041663	NA	NA	0.0	0.9991455	0.9991455	1	1	1:1	2	neutral	4178243
8	6079967	6134977	NA	55011	1629	1.8563735	1626	149	280.0	mappable	0.1074044119	6.0	NA	0.02534859303	0.00657894737	0.0490912085	0.12700483	0.13358378	6079926	6080008	6129921	6134977	0.14506922	1	386932.963	21.1439345	0.932851	NA	NA	0.0	0.9281867	0.9281867	1	1	1:1	2	neutral	4178243
8	6134978	6154991	NA	20014	332	2.1462512	331	28	44.0	mappable	0.0939294122	1.0	NA	0.01353388715	0.03448275862	0.0948087915	0.13997053	0.17445329	6134978	6140034	6149968	6154991	NA	missing	404352.514	21.2378316	1.0785182	NA	NA	NA	NA	NA	NA	NA	NA	NA	NA	4178243
8	6154992	6919904	NA	764914	18671	1.9982909	18591	1088	2993.0	mappable	0.0791704544	5.0	self	0.00373489661	0.00085616438	0.0019582157	0.10232829	0.10318445	6154992	6160015	6919904	6919904	0.2057349	1	365915.957	19.0769853	1.0041663	NA	NA	0.0	0.9991455	0.9991455	1	1	1:1	2	neutral	4178243
8	8100000	11859985	NA	3759986	79378	1.9982909	79079	5570	12332.0	mappable	0.085575	5.0	self	0.00420244393	0.00017038678	0.0002981273	0.09156547	0.09173585	8100000	8100000	11859985	11859985	0.14006807	1	365915.957	19.0769853	1.0041663	NA	NA	0.0	0.9991455	0.9991455	1	1	1:1	2	neutral	4178243
8	12580042	23469987	NA	10889947	227655	1.9982909	226925	11716	36226.0	mappable	0.0797016127	5.0	NA	0.00165128319	8.03471e-05	0.0071198734	0.08555603	0.08563638	12580042	12580042	23469939	23470035	0.13923436	1	365915.957	19.0769853	1.0041663	NA	NA	0.0	0.9991455	0.9991455	1	1	1:1	2	neutral	4178243
8	23469987	23479910	NA	9924	176	2.28054	176	0	35.0	mappable	NA	NA	NA	NA	inf	0.1395087915	0.15063977	inf	23469939	23470035	23479786	23480034	NA	missing	397822.5	NA	1.146	NA	NA	NA	NA	NA	NA	NA	NA	NA	NA	4178243
8	23479910	43789991	NA	20310084	293024	1.9982909	291931	11108	48759.0	mappable	0.085575	5.0	NA	0.00416775093	8.19605e-05	0.0096194802	0.08238694	0.0824689	23479786	23480034	43789991	43789991	0.1732856	1	365915.957	19.0769853	1.0041663	NA	NA	0.0	0.9991455	0.9991455	1	1	1:1	2	neutral	4178243
8	46880007	69590079	NA	22710073	312050	1.9982909	311091	12773	51138.0	mappable	0.0810625	5.0	NA	9.418127e-05	7.28226e-05	0.0028087915	0.08184368	0.0819165	46880007	46880007	69589992	69590166	0.15519352	1	365915.957	19.0769853	1.0041663	NA	NA	0.0	0.9991455	0.9991455	1	1	1:1	2	neutral	4178243
8	69590079	69609973	NA	19895	284	1.844531	284	0	38.0	mappable	NA	NA	NA	NA	inf	0.0795912085	0.14005486	inf	69589992	69590166	69609921	69610025	NA	missing	375768.286	NA	0.9269	NA	NA	NA	NA	NA	NA	NA	NA	NA	NA	4178243
8	69609973	128794452	NA	59184488	805204	1.9982909	802455	35979	130847.0	mappable	0.08215	5.0	NA	0.00040756716	2.582111e-05	0.0012233257	0.07746319	0.07748901	69609921	69610025	128794404	128794452	0.15630069	1	365915.957	19.0769853	1.0041663	NA	NA	0.0	0.9991455	0.9991455	1	1	1:1	2	neutral	4178243
8	128794453	128794455	CTX	3	0	0.0	0	0	NA	mappable	NA	NA	NA	NA	inf	1.0064912085	1.26185951	inf	128794453	128794453	128794455	128794455	NA	missing	NA	NA	0.0	NA	NA	0.0	0.0	0.0	0	0	NA	0	homozygousDel	4178243
8	128794456	130790023	CTX	1995568	30806	1.9982909	30699	1545	4807.0	mappable	0.0732815789	5.0	NA	0.00833915207	0.00060532688	0.0177087915	0.09556407	0.0961694	128794456	128794491	130789986	130790060	0.17524513	1	365915.957	19.0769853	1.0041663	NA	NA	0.0	0.9991455	0.9991455	1	1	1:1	2	neutral	4178243
8	130790023	130800012	NA	9990	208	1.844531	208	0	48.0	mappable	NA	NA	NA	NA	inf	0.0795912085	0.15053135	inf	130789986	130790060	130799972	130800052	NA	missing	347848.6	NA	0.9269	NA	NA	NA	NA	NA	NA	NA	NA	NA	NA	4178243
8	130800012	134179988	NA	3379977	52343	1.9982909	52149	2766	8250.0	mappable	0.0793499998	5.0	NA	0.00024775422	0.00033783784	0.0116087915	0.09221442	0.09255226	130799972	130800052	134179942	134179988	0.15800514	1	365915.957	19.0769853	1.0041663	NA	NA	0.0	0.9991455	0.9991455	1	1	1:1	2	neutral	4178243
8	134179989	134190008	NA	10020	195	1.8563735	195	15	31.0	mappable	0.095832768	6.0	NA	0.01377694899	0.06666666667	0.0802912085	0.15048235	0.21714902	134179989	134180035	134189975	134190008	NA	missing	386932.963	21.1439345	0.932851	NA	NA	NA	NA	NA	NA	NA	NA	NA	NA	4178243
8	134190009	134460013	NA	270005	4567	2.1462512	4539	191	732.0	mappable	0.0947182433	1.0	NA	0.01294418127	0.00456621005	0.0447087915	0.11084861	0.11541482	134190009	134190042	134459919	134460107	0.25764798	1	404352.514	21.2378316	1.0785182	NA	NA	0.0	1.0731256	1.0731256	1	1	1:1	2	neutral	4178243
8	134460013	134489997	NA	29985	506	2.296659	506	19	63.0	mappable	0.22620625	NA	NA	0.14415043127	0.05263157895	0.1476087915	0.13448133	0.1871129	134459919	134460107	134489990	134490004	NA	missing	386013.714	21.5449515	1.1541	NA	NA	NA	NA	NA	NA	NA	NA	NA	NA	4178243
8	134489997	146289988	NA	11799992	183126	1.9982909	182139	9807	29249.0	mappable	0.078725	5.0	edge	4.718557e-05	9.266982e-05	0.0003012666	0.08513434	0.08522701	134489990	134490004	146289988	146289988	0.16166086	1	365915.957	19.0769853	1.0041663	NA	NA	0.0	0.9991455	0.9991455	1	1	1:1	2	neutral	4178243
9	200101	38769828	NA	38569734	645878	1.9982909	643940	32194	104208.0	mappable	0.08215	5.0	edge	0.0002330966	2.929888e-05	0.0044336561	0.07936204	0.07939134	200101	200101	38769828	38769828	0.15012117	1	365915.957	19.0769853	1.0041663	NA	NA	0.0	0.9991455	0.9991455	1	1	1:1	2	neutral	4178243
9	66840048	66849972	NA	9925	540	1.753986	505	0	195.0	mappable	NA	NA	NA	0.18995956588	0.02857142857	0.1250912085	0.15063813	0.17920955	66840048	66840048	66849972	66849972	NA	missing	490493.3	NA	0.8814	NA	NA	NA	NA	NA	NA	NA	NA	NA	NA	4178243
9	68410004	68419976	NA	9973	1130	1.998756	1038	0	283.0	mappable	NA	NA	NA	0.18972772164	0.01086956522	0.0020912085	0.15055919	0.16142876	68410004	68410004	68419976	68419976	NA	missing	2214152.0	NA	1.0044	NA	NA	NA	NA	NA	NA	NA	NA	NA	NA	4178243
9	71030093	90399899	NA	19369810	266489	1.9982909	265409	13765	43201.0	mappable	0.0826999998	5.0	self	0.00081649363	6.736275e-05	0.0060988658	0.08261968	0.08268705	71030093	71030093	90399797	90400001	0.15823119	1	365915.957	19.0769853	1.0041663	NA	NA	0.0	0.9991455	0.9991455	1	1	1:1	2	neutral	4178243
9	90399899	90409974	NA	10076	160	2.278749	159	1	25.0	mappable	0.125	NA	NA	0.14711084793	0.5	0.1386087915	0.15039137	0.65039137	90399797	90400001	90409928	90410020	NA	missing	394166.0	22.1718375	1.1451	NA	NA	NA	NA	NA	NA	NA	NA	NA	NA	4178243
9	90409974	90464979	NA	55006	862	2.015671	861	4	143.0	mappable	0.2115339042	NA	NA	0.11257637221	0.2	0.0064087915	0.12700589	0.32700589	90409928	90410020	90459944	90464979	NA	missing	369271.149	20.5652843	1.0129	NA	NA	NA	NA	NA	NA	NA	NA	NA	NA	4178243
9	90464980	90510045	NA	45066	857	2.1462512	849	34	129.0	mappable	0.1216563006	1.0	NA	0.0006775146	0.02380952381	0.0877087915	0.12936818	0.15317771	90464980	90470015	90509993	90510045	0.07152025	1	404352.514	21.2378316	1.0785182	NA	NA	0.0	1.0731256	1.0731256	1	1	1:1	2	neutral	4178243
9	90510046	141019791	NA	50509750	693770	1.9982909	690483	31186	112017.0	mappable	0.08215	5.0	edge	0.00265349059	2.900821e-05	0.0025597148	0.07815535	0.07818436	90510046	90510098	141019791	141019791	0.17877086	1	365915.957	19.0769853	1.0041663	NA	NA	0.0	0.9991455	0.9991455	1	1	1:1	2	neutral	4178243
10	130013	34820009	NA	34690002	538434	1.9982909	535983	26010	88256.0	mappable	0.08215	5.0	edge	0.00064534615	3.51358e-05	0.011458124	0.07984664	0.07988178	130013	130013	34819979	34820009	0.16582918	1	365915.957	19.0769853	1.0041663	NA	NA	0.0	0.9991455	0.9991455	1	1	1:1	2	neutral	4178243
10	34820010	34830025	NA	10016	156	2.150593	156	0	22.0	mappable	NA	NA	NA	NA	inf	0.0742087915	0.15048888	inf	34820010	34820040	34829986	34830025	NA	missing	374776.7	NA	1.0807	NA	NA	NA	NA	NA	NA	NA	NA	NA	NA	4178243
10	34830026	38269996	NA	3439971	39972	1.9982909	39799	1751	6686.0	mappable	0.075645652	5.0	NA	0.00406320607	0.00051975052	0.0221049081	0.09210662	0.09262637	34830026	34830065	38269985	38270007	0.18206709	1	365915.957	19.0769853	1.0041663	NA	NA	0.0	0.9991455	0.9991455	1	1	1:1	2	neutral	4178243
10	38269996	39149984	NA	879989	7644	1.64374	7120	27	3000.0	mappable	0.1077911763	NA	NA	0.00593637429	0.00181488203	0.1804912085	0.10128056	0.10309544	38269985	38270007	39149984	39149984	NA	missing	353407.211	18.7097935	0.826	NA	NA	NA	NA	NA	NA	NA	NA	NA	NA	4178243
10	42410000	42845055	NA	435056	4821	1.7837053	4786	180	1222.0	mappable	0.089269697	9.0	NA	0.00248509036	0.00465116279	0.1029912085	0.10677577	0.11142693	42410000	42410000	42819971	42870139	0.03588224	1	348364.087	18.2444815	0.8963343	NA	NA	0.0	0.8918526	0.8918526	1	1	1:1	2	neutral	4178243
10	42845055	46159967	NA	3314913	38811	1.9982909	38738	1157	6282.0	mappable	0.0877556452	5.0	self	0.00688703841	0.00081300813	0.0165087915	0.0923338	0.09314681	42819971	42870139	46159967	46159967	0.15962979	1	365915.957	19.0769853	1.0041663	NA	NA	0.0	0.9991455	0.9991455	1	1	1:1	2	neutral	4178243
10	48310177	48659961	NA	349785	5570	2.1462512	5562	205	851.0	mappable	0.0805763516	1.0	NA	0.00088340494	0.00469483568	0.0539087915	0.10860057	0.11329541	48310177	48310177	48659961	48659961	0.18820859	1	404352.514	21.2378316	1.0785182	NA	NA	0.0	1.0731256	1.0731256	1	1	1:1	2	neutral	4178243
10	49390096	76729883	NA	27339791	378224	1.9982909	376800	18124	60900.0	mappable	0.078725	5.0	NA	0.00163871946	5.115613e-05	0.0022359275	0.08095691	0.08100807	49390096	49390096	76729754	76730012	0.15860873	1	365915.957	19.0769853	1.0041663	NA	NA	0.0	0.9991455	0.9991455	1	1	1:1	2	neutral	4178243
10	76729883	76740121	NA	10239	119	1.712992	119	0	29.0	mappable	NA	NA	NA	NA	inf	0.1456912085	0.15013001	inf	76729754	76730012	76739974	76740121	NA	missing	350247.0	NA	0.8608	NA	NA	NA	NA	NA	NA	NA	NA	NA	NA	4178243
10	76740122	135439925	NA	58699809	833457	1.9982909	830099	37722	134868.0	mappable	0.08215	5.0	edge	0.00038005603	2.434334e-05	0.000773441	0.0774988	0.07752314	76740122	76740269	135439925	135439925	0.15703063	1	365915.957	19.0769853	1.0041663	NA	NA	0.0	0.9991455	0.9991455	1	1	1:1	2	neutral	4178243
11	190010	11370028	NA	11180021	165966	1.9982909	164944	9016	26493.0	mappable	0.08215	5.0	edge	0.00012068554	9.964129e-05	0.0020949917	0.08541745	0.08551709	190010	190010	11369964	11370028	0.18246012	1	365915.957	19.0769853	1.0041663	NA	NA	0.0	0.9991455	0.9991455	1	1	1:1	2	neutral	4178243
11	11370029	11380027	NA	9999	170	2.318947	170	11	25.0	mappable	0.0861990854	NA	identical	0.00414326663	0.09090909091	0.1588087915	0.15051663	0.24142572	11370029	11370093	11379954	11380100	NA	missing	396868.8	21.6473891	1.1653	NA	NA	NA	NA	NA	NA	NA	NA	NA	NA	4178243
11	11380027	48494979	NA	37114958	526928	1.9982909	524786	28199	84182.0	mappable	0.078725	5.0	self	0.00224733312	3.295979e-05	0.0019562509	0.0795371	0.07957006	11379954	11380100	48389935	48494979	0.15041445	1	365915.957	19.0769853	1.0041663	NA	NA	0.0	0.9991455	0.9991455	1	1	1:1	2	neutral	4178243
11	48494980	48899996	NA	405017	2271	1.7837053	2232	42	567.0	mappable	0.080275	9.0	NA	0.00540127328	0.01234567901	0.1261912085	0.10736743	0.11971311	48494980	48600024	48899996	48899996	0.31697003	1	348364.087	18.2444815	0.8963343	NA	NA	0.0	0.8918526	0.8918526	1	1	1:1	2	neutral	4178243
11	48899997	50170092	NA	1270096	0	0.0	0	0	NA	mappable	NA	NA	NA	NA	inf	1.0064912085	0.09863632	inf	48899997	48899997	50170092	50170092	NA	missing	NA	NA	0.0	NA	NA	0.0	0.0	0.0	0	0	NA	0	homozygousDel	4178243
11	50170093	50430030	NA	259938	3173	1.9982909	3167	16	620.0	mappable	0.1222422073	5.0	NA	0.03075781763	0.04545454545	0.0358912085	0.11118642	0.15664097	50170093	50170093	50429996	50430064	NA	missing	365915.957	19.0769853	1.0041663	NA	NA	NA	NA	NA	NA	NA	NA	NA	NA	4178243
11	50430030	51579984	NA	1149955	15202	1.8563735	15180	83	3517.0	mappable	0.1058433678	6.0	NA	0.01644418127	0.00952380952	0.0981912085	0.09933867	0.10886248	50429996	50430064	51579984	51579984	0.45533334	2	386932.963	21.1439345	0.932851	20.84349	0.5464496	0.0928991	0.841959	1.0144145	1	1	1:1	2	mixDH	4178243
11	54793872	55020033	NA	226162	4405	1.7555056	4397	23	1065.0	mappable	0.186575	2.0	NA	0.12009418127	0.03225806452	0.1213912085	0.11244169	0.14469975	54793872	54793872	55019946	55020120	NA	missing	603940.934	33.7873369	0.8821636	NA	NA	NA	NA	NA	NA	NA	NA	NA	NA	4178243
11	55020033	62824956	NA	7804924	101105	1.9982909	100674	4399	16287.0	mappable	0.0819416665	5.0	self	9.418127e-05	0.00020703934	0.0126912085	0.08735168	0.08755872	55019946	55020120	62819900	62824956	0.18406518	1	365915.957	19.0769853	1.0041663	NA	NA	0.0	0.9991455	0.9991455	1	1	1:1	2	neutral	4178243
11	62824957	62874975	NA	50019	511	1.665829	511	3	75.0	mappable	0.0754136359	NA	identical	0.00664218237	0.33333333333	0.1693912085	0.12812145	0.46145478	62824957	62830013	62869902	62874975	NA	missing	328439.892	17.8295941	0.8371	NA	NA	NA	NA	NA	NA	NA	NA	NA	NA	4178243
11	62874976	89349940	NA	26474965	349779	1.9982909	348413	14242	56714.0	mappable	0.0826999998	5.0	self	0.00010122915	6.406971e-05	0.0019599002	0.08110917	0.08117324	62874976	62880049	89349940	89349940	0.16726936	1	365915.957	19.0769853	1.0041663	NA	NA	0.0	0.9991455	0.9991455	1	1	1:1	2	neutral	4178243
11	89850037	134939862	NA	45089834	664851	1.9982909	662081	32985	106252.0	mappable	0.08215	5.0	edge	0.00012341628	2.79689e-05	0.0050227136	0.07865872	0.07868668	89850037	89850037	134939862	134939862	0.16589761	1	365915.957	19.0769853	1.0041663	NA	NA	0.0	0.9991455	0.9991455	1	1	1:1	2	neutral	4178243
12	160107	34819969	NA	34659869	478644	1.9982909	476393	24914	78420.0	mappable	0.0811250002	5.0	edge	2.194501e-05	3.681343e-05	0.0038287379	0.07985064	0.07988745	160107	160107	34819969	34819969	0.17193326	1	365915.957	19.0769853	1.0041663	NA	NA	0.0	0.9991455	0.9991455	1	1	1:1	2	neutral	4178243
12	38000003	51029992	NA	13029992	178509	1.9982909	177770	6855	30382.0	mappable	0.0826999998	5.0	NA	0.00122345272	0.00013168291	0.0108236987	0.08461907	0.08475076	38000003	38000003	51029835	51029992	0.16331242	1	365915.957	19.0769853	1.0041663	NA	NA	0.0	0.9991455	0.9991455	1	1	1:1	2	neutral	4178243
12	51029993	51040020	NA	10028	128	1.74921	128	0	19.0	mappable	NA	NA	NA	NA	inf	0.1274912085	0.15046932	inf	51029993	51030150	51039894	51040146	NA	missing	324053.3	NA	0.879	NA	NA	NA	NA	NA	NA	NA	NA	NA	NA	4178243
12	51040020	133819926	NA	82779919	1125575	1.9982909	1120632	51371	184395.0	mappable	0.08215	5.0	edge	0.00070107538	1.775789e-05	0.0035552272	0.0760376	0.07605536	51039894	51040146	133819926	133819926	0.16393075	1	365915.957	19.0769853	1.0041663	NA	NA	0.0	0.9991455	0.9991455	1	1	1:1	2	neutral	4178243
13	19450038	100240020	NA	80789996	1133519	1.9982909	1129402	57041	183768.0	mappable	0.08215	5.0	edge	0.00104518555	1.635163e-05	0.0008316972	0.07613921	0.07615557	19450038	19450038	100239954	100240086	0.16635597	1	365915.957	19.0769853	1.0041663	NA	NA	0.0	0.9991455	0.9991455	1	1	1:1	2	neutral	4178243
13	100240020	100259980	NA	19961	312	2.198353	312	0	45.0	mappable	NA	NA	NA	NA	inf	0.0982087915	0.14000802	inf	100239954	100240086	100259926	100260034	NA	missing	362065.764	NA	1.1047	NA	NA	NA	NA	NA	NA	NA	NA	NA	NA	4178243
13	100259980	115099984	NA	14840008	234890	1.9982909	233587	11583	38879.0	mappable	0.08215	5.0	edge	0.00141282608	7.76036e-05	0.0044849395	0.08395252	0.08403013	100259926	100260034	115099984	115099984	0.17319592	1	365915.957	19.0769853	1.0041663	NA	NA	0.0	0.9991455	0.9991455	1	1	1:1	2	neutral	4178243
14	20330060	38786364	NA	18456307	247437	1.9982909	246502	12807	39882.0	mappable	0.078725	5.0	edge	0.0017489291	7.276961e-05	0.0009399251	0.08285824	0.08293101	20330060	20330060	38786346	38786382	0.17103179	1	365915.957	19.0769853	1.0041663	NA	NA	0.0	0.9991455	0.9991455	1	1	1:1	2	neutral	4178243
14	38786364	38799958	NA	13595	195	2.14522	195	0	34.0	mappable	NA	NA	NA	NA	inf	0.0715087915	0.14565806	inf	38786346	38786382	38799829	38799958	NA	missing	402977.712	NA	1.078	NA	NA	NA	NA	NA	NA	NA	NA	NA	NA	4178243
14	38799959	47250097	NA	8450141	120229	1.9982909	119720	6236	19692.0	mappable	0.0830637933	5.0	NA	0.00229905953	0.00014825797	0.0069888389	0.08691668	0.08706493	38799959	38800088	47249977	47250097	0.14502641	1	365915.957	19.0769853	1.0041663	NA	NA	0.0	0.9991455	0.9991455	1	1	1:1	2	neutral	4178243
14	47250098	47259978	NA	9881	162	1.663043	156	0	32.0	mappable	NA	NA	identical	0.01950349499	0.16666666667	0.1707912085	0.15071089	0.31737755	47250098	47250218	47259854	47259978	NA	missing	372171.667	NA	0.8357	NA	NA	NA	NA	NA	NA	NA	NA	NA	NA	4178243
14	47259979	90249944	NA	42989967	601731	1.9982909	599560	27184	97882.0	mappable	0.0816057691	5.0	self	0.00012334523	3.406575e-05	0.0017509839	0.07887214	0.0789062	47259979	47260103	90249832	90250056	0.16886431	1	365915.957	19.0769853	1.0041663	NA	NA	0.0	0.9991455	0.9991455	1	1	1:1	2	neutral	4178243
14	90249944	90260075	NA	10132	161	1.67757	156	11	35.0	mappable	0.0578583337	NA	identical	0.01396415207	0.0625	0.1634912085	0.150301	0.212801	90249832	90250056	90259979	90260075	NA	missing	334871.667	17.4715652	0.843	NA	NA	NA	NA	NA	NA	NA	NA	NA	NA	4178243
14	90260076	106330050	NA	16069978	239306	1.9982909	238237	10231	38509.0	mappable	0.0788357145	5.0	self	0.00192891891	8.849558e-05	0.0016277576	0.08354964	0.08363814	90260076	90260172	106330040	106330050	0.17036181	1	365915.957	19.0769853	1.0041663	NA	NA	0.0	0.9991455	0.9991455	1	1	1:1	2	neutral	4178243
14	106330051	106357568	DEL	27518	409	0.013333	388	3	12.0	mappable	1.0	NA	NA	0.91794418127	0.33333333333	0.9997912085	0.1356108	0.46894413	106330051	106330067	106349982	106357568	NA	missing	2408.787	0.2408787	0.0067	NA	NA	NA	NA	NA	NA	NA	NA	NA	NA	4178243
14	106357569	107029975	DEL	672407	4992	1.0320894	4894	161	758.0	mappable	0.997503846	8.0	NA	0.91456918127	0.00386100386	0.5171912085	0.10331125	0.10717226	106357569	106400108	107029942	107029975	0.97345037	2	186566.692	18.6566692	0.5186379	18.0766	1.0	1.0	0.0	1.0320894	1	0	1:0	1	LOH	4178243
14	107029976	107049989	NA	20014	296	1.390612	289	0	48.0	mappable	NA	NA	NA	0.01989775269	0.14285714286	0.3076912085	0.13997053	0.28282767	107029976	107030009	107039972	107060006	NA	missing	265311.429	NA	0.6988	NA	NA	NA	NA	NA	NA	NA	NA	NA	NA	4178243
14	107049989	107259908	NA	209920	3325	1.9982909	3205	230	514.0	mappable	0.09995	5.0	edge	0.01119418127	0.00285714286	0.0525912085	0.1131255	0.11598264	107039972	107060006	107259908	107259908	0.27007957	1	365915.957	19.0769853	1.0041663	NA	NA	0.0	0.9991455	0.9991455	1	1	1:1	2	neutral	4178243
15	20850000	20859924	NA	9925	165	1.92433	144	0	22.0	mappable	NA	NA	edge	0.21148918127	0.04761904762	0.0394912085	0.15063813	0.19825717	20850000	20850000	20859924	20859924	NA	missing	1167030.0	NA	0.967	NA	NA	NA	NA	NA	NA	NA	NA	NA	NA	4178243
15	22480079	23069956	NA	589878	4033	1.9982909	4011	139	659.0	mappable	0.071575	5.0	self	0.01018081873	0.00621118012	0.0242912085	0.10432937	0.11054055	22480079	22480079	23069956	23069956	0.21635771	1	365915.957	19.0769853	1.0041663	NA	NA	0.0	0.9991455	0.9991455	1	1	1:1	2	neutral	4178243
15	23710146	24289987	NA	579842	9555	1.9982909	9517	779	1471.0	mappable	0.0880388889	5.0	NA	0.00703891811	0.00122399021	0.0207912085	0.10446428	0.10568827	23710146	23710146	24289973	24290001	0.15304747	1	365915.957	19.0769853	1.0041663	NA	NA	0.0	0.9991455	0.9991455	1	1	1:1	2	neutral	4178243
15	24289987	24300024	NA	10038	217	2.223029	217	0	50.0	mappable	NA	NA	NA	NA	inf	0.1106087915	0.15045304	inf	24289973	24290001	24299997	24300024	NA	missing	392682.0	NA	1.1171	NA	NA	NA	NA	NA	NA	NA	NA	NA	NA	4178243
15	24300025	24329926	NA	29902	597	1.9982909	597	26	110.0	mappable	0.0496726191	5.0	NA	0.03238319969	0.03846153846	0.0264912085	0.1345175	0.17297904	24300025	24300052	24329926	24329926	NA	missing	365915.957	19.0769853	1.0041663	NA	NA	NA	NA	NA	NA	NA	NA	NA	NA	4178243
15	24329927	24830091	NA	500165	0	0.0	0	0	NA	mappable	NA	NA	NA	NA	inf	1.0064912085	0.10564099	inf	24329927	24329927	24830091	24830091	NA	missing	NA	NA	0.0	NA	NA	0.0	0.0	0.0	0	0	NA	0	homozygousDel	4178243
15	24830092	28529988	NA	3699897	57406	1.9982909	57190	2929	9280.0	mappable	0.0803284483	5.0	NA	0.00268536419	0.00031796502	0.0087912085	0.091663	0.09198097	24830092	24830092	28529988	28529988	0.1755464	1	365915.957	19.0769853	1.0041663	NA	NA	0.0	0.9991455	0.9991455	1	1	1:1	2	neutral	4178243
15	29100034	30369914	NA	1269881	18289	1.9982909	18247	722	2935.0	mappable	0.0905166667	5.0	self	0.00789418127	0.00130890052	0.0056912085	0.09863751	0.09994641	29100034	29100034	30369914	30369914	0.18354704	1	365915.957	19.0769853	1.0041663	NA	NA	0.0	0.9991455	0.9991455	1	1	1:1	2	neutral	4178243
15	31160110	82470012	NA	51309908	690250	1.9982909	687819	28864	112359.0	mappable	0.08215	5.0	self	1.784861e-05	3.195399e-05	0.0019052979	0.07808616	0.07811811	31160110	31160110	82469979	82470045	0.16278692	1	365915.957	19.0769853	1.0041663	NA	NA	0.0	0.9991455	0.9991455	1	1	1:1	2	neutral	4178243
15	82470012	82479795	NA	9784	154	1.8563735	153	6	34.0	mappable	0.1210352272	6.0	NA	0.02673736308	0.14285714286	0.0996912085	0.1508727	0.29372984	82469979	82470045	82479795	82479795	NA	missing	386932.963	21.1439345	0.932851	NA	NA	NA	NA	NA	NA	NA	NA	NA	NA	4178243
15	83211507	102399920	NA	19188416	296103	1.9982909	294916	14935	47458.0	mappable	0.0827192308	5.0	edge	0.0015101925	6.203089e-05	0.0035744528	0.08266604	0.08272807	83211507	83211507	102399920	102399920	0.15396338	1	365915.957	19.0769853	1.0041663	NA	NA	0.0	0.9991455	0.9991455	1	1	1:1	2	neutral	4178243
16	100010	12619991	NA	12519984	246601	1.9982909	245410	11404	39766.0	mappable	0.08215	5.0	edge	0.00040523907	7.939659e-05	0.020340776	0.08482581	0.08490521	100010	100010	12619981	12620001	0.18321342	1	365915.957	19.0769853	1.0041663	NA	NA	0.0	0.9991455	0.9991455	1	1	1:1	2	neutral	4178243
16	12619991	12640013	NA	20023	977	2.1462512	928	0	144.0	mappable	NA	1.0	NA	0.04840733916	0.02040816327	0.0791087915	0.13996418	0.16037234	12619981	12620001	12639999	12640013	NA	missing	404352.514	NA	1.0785182	NA	NA	NA	NA	NA	NA	NA	NA	NA	NA	4178243
16	12640014	12649995	NA	9982	715	1.7837053	715	65	99.0	mappable	0.0587675676	9.0	NA	0.02328825117	0.01538461538	0.0999912085	0.15054445	0.16592906	12640014	12640028	12649987	12650003	0.17665964	1	348364.087	18.2444815	0.8963343	NA	NA	0.0	0.8918526	0.8918526	1	1	1:1	2	neutral	4178243
16	12649995	16289940	NA	3639946	50071	1.9982909	49769	2859	8096.0	mappable	0.0796060345	5.0	self	0.00053311387	0.00031635558	0.0301029338	0.09176212	0.09207848	12649987	12650003	16289940	16289940	0.18241013	1	365915.957	19.0769853	1.0041663	NA	NA	0.0	0.9991455	0.9991455	1	1	1:1	2	neutral	4178243
16	16870104	18169896	NA	1299793	20490	1.9982909	20399	1159	3200.0	mappable	0.0843166667	5.0	self	0.00351918127	0.0008	0.0293912085	0.09847438	0.09927438	16870104	16870104	18169896	18169896	0.15051566	1	365915.957	19.0769853	1.0041663	NA	NA	0.0	0.9991455	0.9991455	1	1	1:1	2	neutral	4178243
16	18800044	29039945	NA	10239903	125309	1.9982909	124556	5435	20700.0	mappable	0.0839046296	5.0	self	0.0035219098	0.0001616031	0.0348262283	0.08588225	0.08604385	18800044	18800044	29039945	29039945	0.20764196	1	365915.957	19.0769853	1.0041663	NA	NA	0.0	0.9991455	0.9991455	1	1	1:1	2	neutral	4178243
16	29670028	31959970	NA	2289943	17554	1.9982909	17485	403	3031.0	mappable	0.0811724138	5.0	self	0.00333081873	0.00211864407	0.0244912085	0.09466613	0.09678477	29670028	29670028	31959970	31959970	0.21500146	1	365915.957	19.0769853	1.0041663	NA	NA	0.0	0.9991455	0.9991455	1	1	1:1	2	neutral	4178243
16	32520030	32649899	NA	129870	3149	1.876769	2865	0	373.0	mappable	NA	NA	NA	0.01095165207	0.00352112676	0.0633912085	0.11773911	0.12126024	32520030	32520030	32649899	32649899	NA	missing	753969.695	NA	0.9431	NA	NA	NA	NA	NA	NA	NA	NA	NA	NA	4178243
16	33590105	35279959	NA	1689856	15436	1.8563735	15356	84	3280.0	mappable	0.1297	6.0	NA	0.04061354243	0.00609756098	0.0417386172	0.09667221	0.10276977	33590105	33590105	35279959	35279959	0.31213183	1	386932.963	21.1439345	0.932851	NA	NA	0.0	0.9281867	0.9281867	1	1	1:1	2	neutral	4178243
16	46450014	46480000	NA	29987	792	1.653889	790	0	226.0	mappable	NA	NA	NA	0.02515480745	0.5	0.1753912085	0.13448046	0.63448046	46450014	46450014	46459992	46480000	NA	missing	341806.0	NA	0.8311	NA	NA	NA	NA	NA	NA	NA	NA	NA	NA	4178243
16	46480001	90109969	NA	43629974	702136	1.9982909	699135	31508	113506.0	mappable	0.08215	5.0	edge	9.168215e-05	2.897795e-05	0.0090111065	0.07880588	0.07883486	46480001	46500009	90109969	90109969	0.17755946	1	365915.957	19.0769853	1.0041663	NA	NA	0.0	0.9991455	0.9991455	1	1	1:1	2	neutral	4178243
17	20080	18239982	NA	18219904	232936	1.9982909	231660	11302	38021.0	mappable	0.08215	5.0	edge	0.00205583962	7.95039e-05	0.0223645299	0.08292214	0.08300164	20080	20080	18239982	18239982	0.18709292	1	365915.957	19.0769853	1.0041663	NA	NA	0.0	0.9991455	0.9991455	1	1	1:1	2	neutral	4178243
17	18750212	21910005	NA	3159794	24643	1.9982909	23982	458	4198.0	mappable	0.0974916666	5.0	self	0.00326918127	0.00089365505	0.0127912085	0.09262948	0.09352313	18750212	18750212	21799998	22020012	0.24165184	1	365915.957	19.0769853	1.0041663	NA	NA	0.0	0.9991455	0.9991455	1	1	1:1	2	neutral	4178243
17	21910005	22100002	NA	189998	352	3.111962	349	0	64.0	mappable	NA	NA	NA	0.79128187632	0.33333333333	0.5573087915	0.11405354	0.44738687	21799998	22020012	22029957	22170047	NA	missing	628483.3	NA	1.5638	NA	NA	NA	NA	NA	NA	NA	NA	NA	NA	4178243
17	22100002	22239986	NA	139985	839	1.869406	838	4	177.0	mappable	0.0630970588	NA	NA	0.21846329891	0.2	0.0670912085	0.11699387	0.31699387	22029957	22170047	22239986	22239986	NA	missing	369587.403	19.63886	0.9394	NA	NA	NA	NA	NA	NA	NA	NA	NA	NA	4178243
17	25390040	28921699	NA	3531660	36225	1.9982909	36086	1217	6096.0	mappable	0.07935	5.0	NA	0.00268536419	0.00073746313	0.0140912085	0.09194593	0.09268339	25390040	25390040	28879935	28921699	0.16499113	1	365915.957	19.0769853	1.0041663	NA	NA	0.0	0.9991455	0.9991455	1	1	1:1	2	neutral	4178243
17	28921700	28948532	DEL	26833	0	0.0	0	0	NA	mappable	NA	NA	NA	NA	inf	1.0064912085	0.13594603	inf	28921700	28921700	28948532	28948532	NA	missing	NA	NA	0.0	NA	NA	0.0	0.0	0.0	0	0	NA	0	homozygousDel	4178243
17	28948533	28952976	INV	4444	0	0.0	0	0	NA	mappable	NA	NA	NA	NA	inf	1.0064912085	0.1650486	inf	28948533	28948533	28952976	28952976	NA	missing	NA	NA	0.0	NA	NA	0.0	0.0	0.0	0	0	NA	0	homozygousDel	4178243
17	28952977	44279982	DEL	15327009	174767	1.9982909	173831	8943	28710.0	mappable	0.0833607143	5.0	NA	0.00112557978	0.00010122482	0.0130131955	0.08378868	0.0838899	28952977	29120003	44279982	44279982	0.18036053	1	365915.957	19.0769853	1.0041663	NA	NA	0.0	0.9991455	0.9991455	1	1	1:1	2	neutral	4178243
17	44790026	61280086	NA	16490061	197470	1.9982909	196734	7291	32867.0	mappable	0.0823409091	5.0	self	9.418127e-05	0.00012457954	0.0102912085	0.0834199	0.08354448	44790026	44790026	61279961	61280086	0.19222109	1	365915.957	19.0769853	1.0041663	NA	NA	0.0	0.9991455	0.9991455	1	1	1:1	2	neutral	4178243
17	61280087	61290007	NA	9921	105	2.1462512	102	0	17.0	mappable	NA	1.0	NA	0.04348442191	0.33333333333	0.0896087915	0.15064472	0.48397806	61280087	61280212	61289992	61290022	NA	missing	404352.514	NA	1.0785182	NA	NA	NA	NA	NA	NA	NA	NA	NA	NA	4178243
17	61290007	61309963	NA	19957	268	1.7837053	264	8	39.0	mappable	0.0175558823	9.0	NA	0.04955728932	0.08333333333	0.1115912085	0.14001085	0.22334418	61289992	61290022	61309904	61310022	NA	missing	348364.087	18.2444815	0.8963343	NA	NA	NA	NA	NA	NA	NA	NA	NA	NA	4178243
17	61309963	71649944	NA	10339983	137941	1.9982909	137344	6361	22633.0	mappable	0.0827192308	5.0	NA	0.00100039311	0.00014371946	0.0189121653	0.08583054	0.08597425	61309904	61310022	71649885	71650003	0.19080147	1	365915.957	19.0769853	1.0041663	NA	NA	0.0	0.9991455	0.9991455	1	1	1:1	2	neutral	4178243
17	71649944	71670044	NA	20101	375	2.135071	375	0	55.0	mappable	NA	NA	NA	NA	inf	0.0664087915	0.13990926	inf	71649885	71650003	71669971	71670044	NA	missing	371981.586	NA	1.0729	NA	NA	NA	NA	NA	NA	NA	NA	NA	NA	4178243
17	71670045	81149937	NA	9479894	140096	1.9982909	139280	6334	23145.0	mappable	0.0845776316	5.0	edge	0.00380271779	0.00013986014	0.0066017834	0.08629453	0.08643439	71670045	71670118	81149937	81149937	0.20175807	1	365915.957	19.0769853	1.0041663	NA	NA	0.0	0.9991455	0.9991455	1	1	1:1	2	neutral	4178243
18	130031	273487	NA	143457	2000	1.7555056	1996	7	350.0	mappable	0.1727500006	2.0	edge	0.09399418127	0.09090909091	0.1298912085	0.11675247	0.20766156	130031	130031	273434	273540	NA	missing	603940.934	33.7873369	0.8821636	NA	NA	NA	NA	NA	NA	NA	NA	NA	NA	4178243
18	273487	14099883	NA	13826402	210462	1.9982909	209621	11850	33762.0	mappable	0.0857500002	5.0	NA	0.00433307005	7.8796e-05	0.0056788262	0.08431375	0.08439255	273434	273540	14099735	14099883	0.16704791	1	365915.957	19.0769853	1.0041663	NA	NA	0.0	0.9991455	0.9991455	1	1	1:1	2	neutral	4178243
18	14099884	14119956	NA	20073	274	1.861247	274	0	57.0	mappable	NA	NA	NA	NA	inf	0.0711912085	0.13992894	inf	14099884	14100032	14119956	14119956	NA	missing	355309.341	NA	0.9353	NA	NA	NA	NA	NA	NA	NA	NA	NA	NA	4178243
18	14119957	14910026	NA	790070	0	0.0	0	0	NA	mappable	NA	NA	NA	NA	inf	1.0064912085	0.10208446	inf	14119957	14119957	14910026	14910026	NA	missing	NA	NA	0.0	NA	NA	0.0	0.0	0.0	0	0	NA	0	homozygousDel	4178243
18	14910027	14929888	NA	19862	364	2.102833	362	0	66.0	mappable	NA	NA	NA	0.0612224854	0.5	0.0502087915	0.14007836	0.64007836	14910027	14910027	14929888	14929888	NA	missing	379698.0	NA	1.0567	NA	NA	NA	NA	NA	NA	NA	NA	NA	NA	4178243
18	18540053	67950078	NA	49410029	710987	1.9982909	708395	34152	115130.0	mappable	0.08215	5.0	NA	0.00051224301	2.721533e-05	0.0007630857	0.07825246	0.07827968	18540053	18540053	67949984	67950078	0.16717579	1	365915.957	19.0769853	1.0041663	NA	NA	0.0	0.9991455	0.9991455	1	1	1:1	2	neutral	4178243
18	67950079	67960003	NA	9925	148	2.350787	148	0	20.0	mappable	NA	NA	NA	NA	inf	0.1748087915	0.15063813	inf	67950079	67950173	67959923	67960003	NA	missing	334717.8	NA	1.1813	NA	NA	NA	NA	NA	NA	NA	NA	NA	NA	4178243
18	67960004	78009968	NA	10049967	168395	1.9982909	167414	8685	27708.0	mappable	0.0827416668	5.0	edge	0.00146580603	0.00010345541	0.001448807	0.08598198	0.08608544	67960004	67960084	78009968	78009968	0.17640313	1	365915.957	19.0769853	1.0041663	NA	NA	0.0	0.9991455	0.9991455	1	1	1:1	2	neutral	4178243
19	260137	2370011	NA	2109875	29060	1.9982909	28809	1276	5039.0	mappable	0.089	5.0	edge	0.01036918127	0.00065487885	0.0164912085	0.09519854	0.09585342	260137	260137	2369997	2370011	0.22622328	1	365915.957	19.0769853	1.0041663	NA	NA	0.0	0.9991455	0.9991455	1	1	1:1	2	neutral	4178243
19	2370012	2409975	NA	39964	699	1.7837053	697	3	158.0	mappable	0.1007333337	9.0	identical	0.02152400055	0.2	0.1486912085	0.13083514	0.33083514	2370012	2370026	2399949	2420001	NA	missing	348364.087	18.2444815	0.8963343	NA	NA	NA	NA	NA	NA	NA	NA	NA	NA	4178243
19	2409975	10806784	NA	8396810	93677	1.9982909	92883	5648	16130.0	mappable	0.0873867649	5.0	self	0.00694418127	0.00015523129	0.0418912085	0.08695119	0.08710642	2399949	2420001	10806699	10806784	0.21689784	1	365915.957	19.0769853	1.0041663	NA	NA	0.0	0.9991455	0.9991455	1	1	1:1	2	neutral	4178243
19	10806785	10822967	DEL	16183	74	1.789408	74	3	14.0	mappable	1.000125	NA	identical	0.91806918127	0.33333333333	0.1072912085	0.14303909	0.47637243	10806785	10806893	10822943	10822967	NA	missing	306061.946	30.6061946	0.8992	NA	NA	NA	NA	NA	NA	NA	NA	NA	NA	4178243
19	10822968	24500016	DEL	13677050	131978	1.9982909	131145	5645	22772.0	mappable	0.0868620371	5.0	self	0.00534672102	0.00015439247	0.0396940862	0.08436948	0.08452388	10822968	10823055	24499995	24500037	0.2358209	1	365915.957	19.0769853	1.0041663	NA	NA	0.0	0.9991455	0.9991455	1	1	1:1	2	neutral	4178243
19	24500016	24569972	NA	69957	1753	1.7837053	1482	4	200.0	mappable	0.0341222221	9.0	NA	0.01158544836	0.00363636364	0.1414912085	0.12426852	0.12790488	24499995	24500037	24569972	24569972	NA	missing	348364.087	18.2444815	0.8963343	NA	NA	NA	NA	NA	NA	NA	NA	NA	NA	4178243
19	27750002	27819990	NA	69989	2215	1.661053	2198	5	631.0	mappable	0.2876903848	NA	NA	0.00548584793	0.04545454545	0.1717912085	0.12426342	0.16971797	27750002	27750002	27809974	27819990	NA	missing	327357.46	17.0795196	0.8347	NA	NA	NA	NA	NA	NA	NA	NA	NA	NA	4178243
19	27819991	27890003	NA	70013	2554	1.813686	2465	0	718.0	mappable	NA	NA	NA	0.2094525146	0.01123595506	0.0950912085	0.12425961	0.13549556	27819991	27830007	27889988	27890018	NA	missing	391916.423	NA	0.9114	NA	NA	NA	NA	NA	NA	NA	NA	NA	NA	4178243
19	27890003	27995010	NA	105008	2243	1.683938	2212	15	523.0	mappable	0.150841667	NA	NA	0.03551125444	0.02173913043	0.1602912085	0.11990307	0.1416422	27889988	27890018	27989986	28000034	NA	missing	336201.298	18.7877196	0.8462	NA	NA	NA	NA	NA	NA	NA	NA	NA	NA	4178243
19	27995010	36900025	NA	8905016	126758	1.9982909	126232	5410	20876.0	mappable	0.0818583334	5.0	self	9.418127e-05	0.00016846361	0.0195912085	0.08663189	0.08680035	27989986	28000034	36899988	36900062	0.1693887	1	365915.957	19.0769853	1.0041663	NA	NA	0.0	0.9991455	0.9991455	1	1	1:1	2	neutral	4178243
19	36900025	36955040	NA	55016	526	1.7837053	518	17	114.0	mappable	0.0463619042	9.0	identical	0.02908915207	0.04	0.1390912085	0.12700377	0.16700377	36899988	36900062	36949912	36960168	NA	missing	348364.087	18.2444815	0.8963343	NA	NA	NA	NA	NA	NA	NA	NA	NA	NA	4178243
19	36955040	43209995	NA	6254956	63532	1.9982909	63153	3062	10710.0	mappable	0.0782	5.0	NA	0.000421096	0.00029061319	0.040092197	0.08858742	0.08887804	36949912	36960168	43209995	43209995	0.17558946	1	365915.957	19.0769853	1.0041663	NA	NA	0.0	0.9991455	0.9991455	1	1	1:1	2	neutral	4178243
19	43209996	43800005	NA	590010	0	0.0	0	0	NA	mappable	NA	NA	NA	NA	inf	1.0064912085	0.10432761	inf	43209996	43209996	43800005	43800005	NA	missing	NA	NA	0.0	NA	NA	0.0	0.0	0.0	0	0	NA	0	homozygousDel	4178243
19	43800006	59089999	NA	15289995	162929	1.9982909	161767	7832	27805.0	mappable	0.0818080645	5.0	edge	0.00280412401	0.00011118523	0.050772555	0.08380093	0.08391211	43800006	43800006	59089999	59089999	0.2030375	1	365915.957	19.0769853	1.0041663	NA	NA	0.0	0.9991455	0.9991455	1	1	1:1	2	neutral	4178243
20	60479	535096	NA	474618	7594	1.7837053	7570	319	1270.0	mappable	0.0882201611	9.0	edge	0.00616434256	0.0029154519	0.0851912085	0.10606474	0.1089802	60479	60479	529977	535096	0.20497636	1	348364.087	18.2444815	0.8963343	NA	NA	0.0	0.8918526	0.8918526	1	1	1:1	2	neutral	4178243
20	535097	25729738	NA	25194648	392989	1.9982909	391527	18425	62860.0	mappable	0.0797333335	5.0	self	0.00110058544	5.028411e-05	0.0040866878	0.08134508	0.08139536	535097	540216	25729738	25729738	0.16550315	1	365915.957	19.0769853	1.0041663	NA	NA	0.0	0.9991455	0.9991455	1	1	1:1	2	neutral	4178243
20	29810057	29854999	NA	44943	1470	1.699261	1461	1	549.0	mappable	0.052631578	NA	NA	0.08960132412	0.1	0.1525912085	0.12940119	0.22940119	29810057	29810057	29849967	29860031	NA	missing	345050.982	18.160578	0.8539	NA	NA	NA	NA	NA	NA	NA	NA	NA	NA	4178243
20	29854999	62909989	NA	33054994	496566	1.9982909	494020	20637	81078.0	mappable	0.08215	5.0	edge	0.00169803398	4.313506e-05	0.0073901629	0.08006929	0.08011243	29849967	29860031	62909989	62909989	0.17495355	1	365915.957	19.0769853	1.0041663	NA	NA	0.0	0.9991455	0.9991455	1	1	1:1	2	neutral	4178243
21	10720001	11179964	NA	459966	5133	1.7555056	4844	0	1328.0	mappable	NA	2.0	edge	0.09017327827	0.00346020761	0.1464722332	0.10631982	0.10978003	10720001	10720001	11179964	11179964	NA	missing	603940.934	NA	0.8821636	NA	NA	NA	NA	NA	NA	NA	NA	NA	NA	4178243
21	15410077	30269994	NA	14859921	239583	1.9982909	238390	12547	38956.0	mappable	0.082340909	5.0	NA	0.00134866224	7.27802e-05	0.0102988639	0.08394571	0.08401849	15410077	15410077	30269866	30270122	0.17785238	1	365915.957	19.0769853	1.0041663	NA	NA	0.0	0.9991455	0.9991455	1	1	1:1	2	neutral	4178243
21	30269994	30279994	NA	10001	253	2.184025	253	0	31.0	mappable	NA	NA	NA	NA	inf	0.0910087915	0.15051336	inf	30269866	30270122	30279972	30280016	NA	missing	357058.0	NA	1.0975	NA	NA	NA	NA	NA	NA	NA	NA	NA	NA	4178243
21	30279994	48099931	NA	17819939	276983	1.9982909	275278	11603	45855.0	mappable	0.085575	5.0	edge	0.00358987311	7.515407e-05	0.0001656214	0.08303238	0.08310753	30279972	30280016	48099931	48099931	0.18723249	1	365915.957	19.0769853	1.0041663	NA	NA	0.0	0.9991455	0.9991455	1	1	1:1	2	neutral	4178243
22	16850007	17297259	NA	447253	1298	1.646128	1290	29	392.0	mappable	0.0856539679	NA	edge	0.00223359651	0.02702702703	0.1792912085	0.10654886	0.13357588	16850007	16850007	17297112	17297259	NA	missing	330778.602	16.9235564	0.8272	NA	NA	NA	NA	NA	NA	NA	NA	NA	NA	4178243
22	17297260	22537913	NA	5240654	52510	1.9982909	52148	2744	8465.0	mappable	0.0838318184	5.0	self	9.418127e-05	0.00032206119	0.0070912085	0.08960045	0.08992252	17297260	17297407	22537891	22537913	0.18184939	1	365915.957	19.0769853	1.0041663	NA	NA	0.0	0.9991455	0.9991455	1	1	1:1	2	neutral	4178243
22	22537914	23242325	NA	704413	9395	0.2073747	9095	346	786.0	mappable	0.996625	NA	NA	0.91446722483	0.00267379679	0.9022827891	0.10295447	0.10562827	22537914	22537936	23239965	23242325	0.66814151	2	37180.451	3.7180451	0.1042084	17.92911	1.0	1.0	0.0	0.2073747	0	0	0:0	0	LOH	4178243
22	23242326	23247671	CTX	5346	0	0.0	0	0	NA	mappable	NA	NA	NA	NA	inf	1.0064912085	0.16149552	inf	23242326	23242326	23247671	23247671	NA	missing	NA	NA	0.0	NA	NA	0.0	0.0	0.0	0	0	NA	0	homozygousDel	4178243
22	23247682	31670090	CTX	8422409	103999	1.9982909	103553	4410	16933.0	mappable	0.0798638888	5.0	NA	0.00333081873	0.00020593081	0.0152912085	0.08693459	0.08714052	23247682	23250053	31669965	31670090	0.17779051	1	365915.957	19.0769853	1.0041663	NA	NA	0.0	0.9991455	0.9991455	1	1	1:1	2	neutral	4178243
22	31670091	31689984	NA	19894	295	2.211885	295	0	37.0	mappable	NA	NA	NA	NA	inf	0.1050087915	0.14005557	inf	31670091	31670216	31689951	31689984	NA	missing	363923.115	NA	1.1115	NA	NA	NA	NA	NA	NA	NA	NA	NA	NA	4178243
22	31689985	33339996	NA	1650012	19209	1.9982909	19141	359	3384.0	mappable	0.0767583332	5.0	NA	0.00565581873	0.00234192037	0.0344912085	0.09683333	0.09917525	31689985	31690018	33339937	33340055	0.15081896	1	365915.957	19.0769853	1.0041663	NA	NA	0.0	0.9991455	0.9991455	1	1	1:1	2	neutral	4178243
22	33339996	33350074	NA	10079	162	1.746026	162	0	29.0	mappable	NA	NA	NA	NA	inf	0.1290912085	0.15038651	inf	33339937	33340055	33349971	33350177	NA	missing	331356.667	NA	0.8774	NA	NA	NA	NA	NA	NA	NA	NA	NA	NA	4178243
22	33350074	51179984	NA	17829912	269509	1.9982909	267884	13177	44108.0	mappable	0.085575	5.0	edge	0.00455461697	6.755844e-05	0.0181815194	0.0830296	0.08309715	33349971	33350177	51179984	51179984	0.19000851	1	365915.957	19.0769853	1.0041663	NA	NA	0.0	0.9991455	0.9991455	1	1	1:1	2	neutral	4178243
23	2700027	56750183	NA	54050157	472877	0.9960945	472877	507	42279.0	mappable	0.1027	NA	NA	NA	NA	NA	NA	NA	2700027	2700027	56749977	56750389	0.25343754	1	185086.649	8.2260733	1.0011	NA	NA	NA	NA	NA	1	NA	1	1	neutral	4178243
23	56750183	56759900	NA	9718	109	0.8307255	109	0	25.0	mappable	NA	NA	NA	NA	NA	NA	NA	NA	56749977	56750389	56759796	56760004	NA	missing	162225.0	NA	0.8349	NA	NA	NA	NA	NA	1	NA	1	1	neutral	4178243
23	56759900	58499983	NA	1740084	17431	0.985647	17431	9	1706.0	mappable	0.1572678564	NA	NA	NA	NA	NA	NA	NA	56759796	56760004	58499983	58499983	NA	missing	184984.622	5.8416196	0.9906	NA	NA	NA	NA	NA	1	NA	1	1	neutral	4178243
23	61750000	88459980	NA	26709981	245613	0.977488	245613	224	22018.0	mappable	0.051325	NA	NA	NA	NA	NA	NA	NA	61750000	61750000	88459980	88459980	0.16128748	1	185799.74	8.4982012	0.9824	NA	NA	NA	NA	NA	1	NA	1	1	neutral	4178243
23	88990017	89349936	NA	359920	1088	0.973508	1088	0	82.0	mappable	NA	NA	NA	NA	NA	NA	NA	NA	88990017	88990017	89349936	89349936	NA	missing	190569.152	NA	0.9784	NA	NA	NA	NA	NA	1	NA	1	1	neutral	4178243
23	89349937	90140198	NA	790262	0	0.0	0	0	NA	mappable	NA	NA	NA	NA	NA	NA	NA	NA	89349937	89349937	90140198	90140198	NA	missing	NA	NA	0.0	NA	NA	0.0	0.0	0.0	0	0	0	0	homozygousDel	4178243
23	90140199	91529952	NA	1389754	5100	0.9728115	5100	1	466.0	mappable	0.733333334	NA	NA	NA	NA	NA	NA	NA	90140199	90140199	91529952	91529952	NA	missing	187850.525	2.5046737	0.9777	NA	NA	NA	NA	NA	1	NA	1	1	neutral	4178243
23	91529953	92379999	NA	850047	0	0.0	0	0	NA	mappable	NA	NA	NA	NA	NA	NA	NA	NA	91529953	91529953	92379999	92379999	NA	missing	NA	NA	0.0	NA	NA	0.0	0.0	0.0	0	0	0	0	homozygousDel	4178243
23	92380000	154929639	NA	62549640	566753	0.996194	566753	579	50725.0	mappable	0.208875	NA	NA	NA	NA	NA	NA	NA	92380000	92380000	154929639	154929639	0.23779768	1	187351.979	8.398537	1.0012	NA	NA	NA	NA	NA	1	NA	1	1	neutral	4178243
24	2653090	2919837	NA	266748	293	0.9431605	293	0	26.0	mappable	NA	NA	NA	NA	NA	NA	NA	NA	2653090	2653090	2919837	2919837	NA	missing	173801.629	NA	0.9479	NA	NA	NA	NA	NA	1	NA	1	1	neutral	4178243
24	3712028	3719919	NA	7892	141	0.9690305	141	114	5.0	mappable	0.1087611113	NA	NA	NA	NA	NA	NA	NA	3712028	3712028	3719919	3719919	0.19379587	1	367847.1	19.7510695	0.9739	NA	NA	NA	NA	NA	1	NA	1	1	neutral	4178243
24	6420014	10069977	NA	3649964	6073	0.986642	6073	28	675.0	mappable	0.1229304347	NA	NA	NA	NA	NA	NA	NA	6420014	6420014	10069977	10069977	NA	missing	177760.549	8.3578644	0.9916	NA	NA	NA	NA	NA	1	NA	1	1	neutral	4178243
24	13130467	19558992	NA	6428526	11921	0.896495	11922	161	2202.0	mappable	0.311625	NA	NA	NA	NA	NA	NA	NA	13130467	13130467	19558992	19558992	0.35036344	2	197027.865	7.8811146	0.901	NA	NA	NA	NA	NA	1	NA	1	1	neutral	4178243
24	20802956	23808171	NA	3005216	2837	0.97908	2839	9	265.0	mappable	0.3392055558	NA	NA	NA	NA	NA	NA	NA	20802956	20802956	23808171	23808171	NA	missing	183482.859	6.4219001	0.984	NA	NA	NA	NA	NA	1	NA	1	1	neutral	4178243
24	24381338	24508205	NA	126868	228	0.9151015	228	0	15.0	mappable	NA	NA	NA	NA	NA	NA	NA	NA	24381338	24381338	24508205	24508205	NA	missing	189348.247	NA	0.9197	NA	NA	NA	NA	NA	1	NA	1	1	neutral	4178243
24	28780461	28789809	NA	9349	78	0.800378	78	5	31.0	mappable	0.1604572444	NA	NA	NA	NA	NA	NA	NA	28780461	28780461	28789809	28789809	NA	missing	269907.1	11.2461292	0.8044	NA	NA	NA	NA	NA	1	NA	1	1	neutral	4178243
