#chromosome	start	end	crest	length	tcnNbrOfLoci	tcnMean	tcnNbrOfSNPs	tcnNbrOfHets	dhNbrOfLoci	map	dhMax	cluster	neighbour	distDH	errorSNP	distTcn	errorLength	totalError	minStart	maxStart	minStop	maxStop	area	peaks	meanCovT	meanCovB	tcnMeanRaw	AF	BAF	dhMean	c1Mean	c2Mean	A	B	genotype	TCN	GNL	PID
1	840009	6961275	NA	6121267	94574	0.9603764	93966	4074	13302.0	mappable	0.147225	NA	edge	0.05812019198	0.00021358394	0.1844383659119	0.0887099	0.08892348	840009	840009	6961260	6961275	0.60403725	2	276429.3	16.58576	0.8195	16.8953	0.9867531	0.9735062	0.012722	0.9476544	1	0	1:0	1	LOH	4131095
1	6961276	12839977	CTX	5878702	77209	2.0162488	76842	3551	10910.0	mappable	0.0834	4.0	self	0.00674519198	0.00025523226	0.0117383659119	0.08894001	0.08919525	6961276	6961377	12839977	12839977	0.15954145	1	401730.0	20.87643	1.0046016	NA	NA	0.0	1.0081244	1.0081244	1	1	1:1	2	neutral	4131095
1	13780016	31229841	NA	17449829	220229	2.0162488	219213	10210	30356.0	mappable	0.08215	4.0	self	0.00437990137	8.907892e-05	0.0129495193023	0.08313689	0.08322597	13780016	13780016	31229569	31229841	0.16108316	1	401730.0	20.87643	1.0046016	NA	NA	0.0	1.0081244	1.0081244	1	1	1:1	2	neutral	4131095
1	31229842	120529963	CTX	89300128	1172973	2.0162488	1168875	51873	152955.0	mappable	0.078725	4.0	self	0.00066459632	1.78664e-05	0.0039195609608	0.0757227	0.07574057	31229842	31229883	120529963	120529963	0.15549829	1	401730.0	20.87643	1.0046016	NA	NA	0.0	1.0081244	1.0081244	1	1	1:1	2	neutral	4131095
1	121220004	121229986	NA	9983	177	1.7218986	176	9	22.0	mappable	0.15594167	NA	NA	0.06456185864	0.1	0.0509383659119	0.15054281	0.25054281	121220004	121220004	121229986	121229986	NA	missing	384518.0	19.60288	0.953	NA	NA	NA	NA	NA	NA	NA	NA	NA	NA	4131095
1	144010127	144019970	NA	9844	155	2.0122467	92	0	22.0	mappable	NA	NA	NA	0.31579927361	0.01587301587	3.83659119e-05	0.15077238	0.1666454	144010127	144010127	144019970	144019970	NA	missing	1128080.0	NA	1.0039	NA	NA	NA	NA	NA	NA	NA	NA	NA	NA	4131095
1	144920087	145739956	NA	819870	6364	2.0162488	5799	39	862.0	mappable	0.05734706	4.0	self	0.02566591913	0.00165562914	0.0051616340881	0.10180689	0.10346252	144920087	144920087	145739956	145739956	0.27102244	2	401730.0	20.87643	1.0046016	20.02955	0.5558859	0.1117717	0.8954446	1.1208042	1	1	1:1	2	mixDH	4131095
1	146540101	147829895	NA	1289795	11659	2.0162488	11619	532	1559.0	mappable	0.08480556	4.0	self	0.00332019198	0.00174825175	0.0006616340881	0.09852843	0.10027668	146540101	146540101	147829895	147829895	0.19686834	1	401730.0	20.87643	1.0046016	NA	NA	0.0	1.0081244	1.0081244	1	1	1:1	2	neutral	4131095
1	149815060	188714838	NA	38899781	512409	2.0162488	510741	19612	68215.0	mappable	0.078725	4.0	NA	7.622635e-05	4.699248e-05	0.0038659025533	0.07932334	0.07937034	149815060	149815060	188714743	188714838	0.14717689	1	401730.0	20.87643	1.0046016	NA	NA	0.0	1.0081244	1.0081244	1	1	1:1	2	neutral	4131095
1	188714839	188758140	DUP	43302	515	2.7281346	515	0	76.0	mappable	NA	NA	NA	NA	inf	0.1254616340881	0.12985203	inf	188714839	188714865	188758068	188758140	NA	missing	483408.1	NA	1.1294	NA	NA	NA	NA	NA	NA	NA	NA	NA	NA	4131095
1	188758141	249209945	DUP	60451814	831291	2.0162488	828130	40738	109081.0	mappable	0.078725	4.0	edge	0.00097933851	2.278008e-05	2.187714e-07	0.07737159	0.07739437	188758141	188758163	249209945	249209945	0.14535989	1	401730.0	20.87643	1.0046016	NA	NA	0.0	1.0081244	1.0081244	1	1	1:1	2	neutral	4131095
2	20016	34360015	NA	34340000	513962	2.0162488	511959	24180	68248.0	mappable	0.078725	4.0	edge	0.00010480802	3.819272e-05	3.83659119e-05	0.07989331	0.0799315	20016	20016	34359955	34360075	0.14650955	1	401730.0	20.87643	1.0046016	NA	NA	0.0	1.0081244	1.0081244	1	1	1:1	2	neutral	4131095
2	34360015	40250056	NA	5890042	99990	2.4549073	99712	4815	12777.0	mappable	0.08215	1.0	NA	0.00674519198	0.00019634793	0.0926616340881	0.08892902	0.08912537	34359955	34360075	40249994	40250118	0.3565895	2	437311.9	23.63315	1.0815014	20.25326	0.6015722	0.2031444	0.9781033	1.4768039	sub	1	sub:1	sub	sub	4131095
2	40250056	40259972	NA	9917	232	1.5304861	227	31	16.0	mappable	0.11227222	5.0	NA	0.02937019198	0.02777777778	0.0520383659119	0.15065133	0.1784291	40249994	40250118	40259924	40260020	0.47800079	2	370923.5	20.30036	0.9194441	20.20644	0.6620644	0.3241287	0.5172058	1.0132803	1	sub	1:sub	sub	sub	4131095
2	40259972	45350015	NA	5090044	85008	2.4549073	84729	4230	11018.0	mappable	0.07799412	1.0	NA	0.00083569038	0.00022177866	0.0866616340881	0.08976964	0.08999142	40259924	40260020	45349986	45350015	0.34602979	2	437311.9	23.63315	1.0815014	20.25326	0.6015722	0.2031444	0.9781033	1.4768039	sub	1	sub:1	sub	sub	4131095
2	45350016	45540012	NA	189998	3425	2.0162488	3414	254	454.0	mappable	0.09146667	4.0	self	0.01099729054	0.00377358491	0.0669621012413	0.11405354	0.11782712	45350016	45350045	45539982	45540042	0.29587977	2	401730.0	20.87643	1.0046016	20.02955	0.5558859	0.1117717	0.8954446	1.1208042	1	1	1:1	2	mixDH	4131095
2	45540012	54069991	NA	8529981	145520	2.4549073	145153	7947	18414.0	mappable	0.082675	1.0	NA	0.00386035901	0.00012027905	0.0900620670182	0.08686546	0.08698574	45539982	45540042	54069958	54070024	0.32334013	2	437311.9	23.63315	1.0815014	20.25326	0.6015722	0.2031444	0.9781033	1.4768039	sub	1	sub:1	sub	sub	4131095
2	54069991	54080082	NA	10092	150	2.1189169	150	0	20.0	mappable	NA	NA	NA	NA	inf	0.0186616340881	0.15036549	inf	54069958	54070024	54079991	54080173	NA	missing	424222.0	NA	1.0226	NA	NA	NA	NA	NA	NA	NA	NA	NA	NA	4131095
2	54080082	55260007	NA	1179926	18721	2.4549073	18697	505	2485.0	mappable	0.08058409	1.0	NA	0.00010480802	0.00189035917	0.1052616340881	0.09915586	0.10104622	54079991	54080173	55259973	55260041	0.32098562	2	437311.9	23.63315	1.0815014	20.25326	0.6015722	0.2031444	0.9781033	1.4768039	sub	1	sub:1	sub	sub	4131095
2	55260007	55280003	NA	19997	310	2.1588469	310	20	37.0	mappable	0.19755714	NA	NA	0.11872733483	0.05	0.0256616340881	0.13998254	0.18998254	55259973	55260041	55279980	55280003	NA	missing	454801.7	24.50401	1.0296	NA	NA	NA	NA	NA	NA	NA	NA	NA	NA	4131095
2	55280004	62354976	NA	7074975	101357	2.4549073	101068	4187	13228.0	mappable	0.085575	1.0	NA	0.00858707996	0.00022351363	0.103113340433	0.0878955	0.08811901	55280004	55280027	62349878	62360074	0.33332573	2	437311.9	23.63315	1.0815014	20.25326	0.6015722	0.2031444	0.9781033	1.4768039	sub	1	sub:1	sub	sub	4131095
2	62354976	87059860	NA	24704886	342577	2.0162488	341524	14335	44657.0	mappable	0.078725	4.0	self	0.00029554199	6.498993e-05	7.53999218e-05	0.08143888	0.08150387	62349878	62360074	87059860	87059860	0.12902476	1	401730.0	20.87643	1.0046016	NA	NA	0.0	1.0081244	1.0081244	1	1	1:1	2	neutral	4131095
2	88330099	89094923	NA	764825	9476	2.0162488	9440	362	1332.0	mappable	0.083875	4.0	self	0.00674519198	0.00251256281	0.0084616340881	0.10232916	0.10484173	88330099	88330099	89059837	89130009	0.13814527	1	401730.0	20.87643	1.0046016	NA	NA	0.0	1.0081244	1.0081244	1	1	1:1	2	neutral	4131095
2	89094923	89229990	NA	135068	2404	-0.373856	2404	101	268.0	mappable	0.08336071	NA	NA	0.00453090626	0.0099009901	0.4183383659119	0.11734798	0.12724897	89059837	89130009	89229990	89229990	0.04036903	1	237468.3	12.25643	0.5856	NA	NA	0.0	0.0	-0.186928	0	0	0:0	0	LOH	4131095
2	89840102	90239998	NA	399897	914	2.0162488	906	27	92.0	mappable	0.12769853	4.0	NA	0.02983489786	0.02857142857	0.0084383659119	0.10747332	0.13604475	89840102	89840102	90239998	90239998	NA	missing	401730.0	20.87643	1.0046016	NA	NA	NA	NA	NA	NA	NA	NA	NA	NA	4131095
2	90239999	90260248	NA	20250	0	0.0	0	0	NA	mappable	NA	NA	NA	NA	inf	1.0039383659119	0.13980506	inf	90239999	90239999	90260248	90260248	NA	missing	NA	NA	0.0	NA	NA	0.0	0.0	0.0	0	0	NA	0	homozygousDel	4131095
2	95580145	96239991	NA	659847	4442	2.0162488	4424	153	646.0	mappable	0.06710793	4.0	NA	0.01588895436	0.00584795322	0.0022383659119	0.10345663	0.10930458	95580145	95580145	96239991	96239991	0.15705234	1	401730.0	20.87643	1.0046016	NA	NA	0.0	1.0081244	1.0081244	1	1	1:1	2	neutral	4131095
2	96239992	96740020	NA	500029	0	0.0	0	0	NA	mappable	NA	NA	NA	NA	inf	1.0039383659119	0.10564318	inf	96239992	96239992	96740020	96740020	NA	missing	NA	NA	0.0	NA	NA	0.0	0.0	0.0	0	0	NA	0	homozygousDel	4131095
2	96740021	122535035	NA	25795017	317753	2.0162488	316858	13590	41938.0	mappable	0.078725	4.0	NA	0.00065979643	6.903693e-05	0.0202554500394	0.08123282	0.08130186	96740021	96740021	122529916	122540154	0.19226839	1	401730.0	20.87643	1.0046016	NA	NA	0.0	1.0081244	1.0081244	1	1	1:1	2	neutral	4131095
2	122535035	128229990	NA	5694956	87863	2.4549073	87553	5425	11080.0	mappable	0.08323571	1.0	NA	0.00321572235	0.00017436792	0.06900727446	0.08912158	0.08929595	122529916	122540154	128229949	128230031	0.31964154	2	437311.9	23.63315	1.0815014	20.25326	0.6015722	0.2031444	0.9781033	1.4768039	sub	1	sub:1	sub	sub	4131095
2	128229990	128249962	NA	19973	299	2.9089604	297	27	21.0	mappable	0.20604722	NA	NA	0.13184519198	0.03448275862	0.1571616340881	0.13999952	0.17448228	128229949	128230031	128249892	128250032	NA	missing	474985.7	24.73884	1.1611	NA	NA	NA	NA	NA	NA	NA	NA	NA	NA	4131095
2	128249962	132189994	NA	3940033	42559	2.4549073	42433	2206	5879.0	mappable	0.078725	1.0	NA	0.00010480802	0.00042881647	0.0705616340881	0.09128345	0.09171227	128249892	128250032	132189994	132189994	0.30250815	2	437311.9	23.63315	1.0815014	20.25326	0.6015722	0.2031444	0.9781033	1.4768039	sub	1	sub:1	sub	sub	4131095
2	132189995	133009999	NA	820005	0	0.0	0	0	NA	mappable	NA	NA	NA	NA	inf	1.0039383659119	0.10180566	inf	132189995	132189995	133009999	133009999	NA	missing	NA	NA	0.0	NA	NA	0.0	0.0	0.0	0	0	NA	0	homozygousDel	4131095
2	133010000	138630088	NA	5620089	79046	2.4549073	78801	3328	10564.0	mappable	0.07943529	1.0	NA	0.00015908087	0.00027987685	0.0849616340881	0.08919747	0.08947734	133010000	133010000	138629964	138630088	0.30504355	2	437311.9	23.63315	1.0815014	20.25326	0.6015722	0.2031444	0.9781033	1.4768039	sub	1	sub:1	sub	sub	4131095
2	138630089	138709916	NA	79828	322	2.0162488	321	34	43.0	mappable	0.08497895	4.0	self	0.00017849223	0.02857142857	0.0312616340881	0.12281537	0.15138679	138630089	138630213	138709808	138709916	0.06629896	1	401730.0	20.87643	1.0046016	NA	NA	0.0	1.0081244	1.0081244	1	1	1:1	2	neutral	4131095
2	138709917	145040071	NA	6330155	94161	2.4549073	93805	4729	11826.0	mappable	0.08185833	1.0	NA	0.00332019198	0.00019665683	0.0844616340881	0.08851982	0.08871648	138709917	138710025	145039948	145040071	0.31063719	2	437311.9	23.63315	1.0815014	20.25326	0.6015722	0.2031444	0.9781033	1.4768039	sub	1	sub:1	sub	sub	4131095
2	145040072	145059993	NA	19922	226	2.8901363	225	4	32.0	mappable	0.13902971	NA	NA	0.06032055917	0.2	0.1538616340881	0.14003568	0.34003568	145040072	145040195	145059941	145059993	NA	missing	467320.0	26.55887	1.1578	NA	NA	NA	NA	NA	NA	NA	NA	NA	NA	4131095
2	145059994	151260092	NA	6200099	78389	2.4549073	78184	2600	9987.0	mappable	0.08274167	1.0	NA	0.00332019198	0.00035650624	0.0903616340881	0.08863732	0.08899382	145059994	145060046	151259947	151260237	0.29632095	2	437311.9	23.63315	1.0815014	20.25326	0.6015722	0.2031444	0.9781033	1.4768039	sub	1	sub:1	sub	sub	4131095
2	151260092	151269973	NA	9882	180	2.9557356	179	0	29.0	mappable	NA	NA	NA	0.20117019198	1.0	0.1653616340881	0.15070923	1.15070923	151259947	151260237	151269904	151270042	NA	missing	472201.7	NA	1.1693	NA	NA	NA	NA	NA	NA	NA	NA	NA	NA	4131095
2	151269973	156901067	NA	5631095	75880	2.4549073	75616	3886	9638.0	mappable	0.07799412	1.0	NA	0.00010480802	0.00024096386	0.0746616340881	0.08918624	0.0894272	151269904	151270042	156899928	156901067	0.3144402	2	437311.9	23.63315	1.0815014	20.25326	0.6015722	0.2031444	0.9781033	1.4768039	sub	1	sub:1	sub	sub	4131095
2	156901068	156906727	DUP	5660	0	0.0	0	0	NA	mappable	NA	NA	NA	NA	inf	1.0039383659119	0.16042884	inf	156901068	156901068	156906727	156906727	NA	missing	NA	NA	0.0	NA	NA	0.0	0.0	0.0	0	0	NA	0	homozygousDel	4131095
2	156906728	171759982	DUP	14853255	196710	2.4549073	195974	10079	24867.0	mappable	0.08215	1.0	NA	0.00332019198	9.246417e-05	0.0838616340881	0.08394799	0.08404045	156906728	156910003	171759945	171759982	0.3276444	2	437311.9	23.63315	1.0815014	20.25326	0.6015722	0.2031444	0.9781033	1.4768039	sub	1	sub:1	sub	sub	4131095
2	171759983	171780030	NA	20048	277	3.1508221	277	2	45.0	mappable	0.1468334	NA	NA	0.06800359254	0.5	0.1995616340881	0.13994655	0.63994655	171759983	171760020	171779893	171780167	NA	missing	468810.0	26.88235	1.2035	NA	NA	NA	NA	NA	NA	NA	NA	NA	NA	4131095
2	171780030	205840009	NA	34059983	437961	2.4549073	436488	19166	56569.0	mappable	0.08233622	1.0	NA	0.00381568789	4.845666e-05	0.0886977800006	0.07993102	0.07997948	171779893	171780167	205839994	205840009	0.31996402	2	437311.9	23.63315	1.0815014	20.25326	0.6015722	0.2031444	0.9781033	1.4768039	sub	1	sub:1	sub	sub	4131095
2	205840010	205855477	NA	15468	170	2.956306	161	0	23.0	mappable	NA	NA	NA	0.05290703408	0.11111111111	0.1654616340881	0.14370914	0.25482025	205840010	205840025	205849931	205861023	NA	missing	474562.9	NA	1.1694	NA	NA	NA	NA	NA	NA	NA	NA	NA	NA	4131095
2	205855477	206759999	NA	904523	13340	2.4549073	13298	489	1775.0	mappable	0.07807794	1.0	NA	0.00010480802	0.00188323917	0.0754616340881	0.1010775	0.10296074	205849931	205861023	206759951	206759999	0.30064299	2	437311.9	23.63315	1.0815014	20.25326	0.6015722	0.2031444	0.9781033	1.4768039	sub	1	sub:1	sub	sub	4131095
2	206760000	206780052	NA	20053	311	2.0162488	310	5	49.0	mappable	0.05198496	4.0	self	0.026677369	0.16666666667	0.0158616340881	0.13994302	0.30660969	206760000	206760048	206779987	206780052	NA	missing	401730.0	20.87643	1.0046016	NA	NA	NA	NA	NA	NA	NA	NA	NA	NA	4131095
2	206780053	218920032	NA	12139980	167763	2.4549073	167164	8356	21598.0	mappable	0.08066481	1.0	NA	0.00332019198	0.00011168193	0.0823616340881	0.08498609	0.08509777	206780053	206780118	218919979	218920032	0.33198546	2	437311.9	23.63315	1.0815014	20.25326	0.6015722	0.2031444	0.9781033	1.4768039	sub	1	sub:1	sub	sub	4131095
2	218920033	218930041	NA	10009	171	3.2261187	171	8	22.0	mappable	0.33255948	NA	NA	0.25372967474	0.125	0.2127616340881	0.1505003	0.2755003	218920033	218920086	218929975	218930041	NA	missing	412898.0	24.30144	1.2167	NA	NA	NA	NA	NA	NA	NA	NA	NA	NA	4131095
2	218930042	236559979	NA	17629938	251294	2.4549073	250337	12518	33319.0	mappable	0.08215	1.0	NA	0.00332019198	7.42115e-05	0.0856616340881	0.08308572	0.08315994	218930042	218930108	236559953	236560005	0.3220641	2	437311.9	23.63315	1.0815014	20.25326	0.6015722	0.2031444	0.9781033	1.4768039	sub	1	sub:1	sub	sub	4131095
2	236559979	236590004	NA	30026	459	2.0208031	459	0	64.0	mappable	NA	NA	NA	NA	inf	0.0014616340881	0.1344635	inf	236559953	236560005	236589993	236590015	NA	missing	378788.9	NA	1.0054	NA	NA	NA	NA	NA	NA	NA	NA	NA	NA	4131095
2	236590004	242999969	NA	6409966	107025	2.4549073	106548	4944	14938.0	mappable	0.08531136	1.0	edge	0.01017019198	0.00018446781	0.0667616340881	0.08844906	0.08863353	236589993	236590015	242999969	242999969	0.31973193	2	437311.9	23.63315	1.0815014	20.25326	0.6015722	0.2031444	0.9781033	1.4768039	sub	1	sub:1	sub	sub	4131095
3	100074	16100025	NA	15999958	261879	2.0162488	260898	12745	33878.0	mappable	0.078725	4.0	edge	0.0007747207	7.285444e-05	0.0037591027663	0.08357164	0.08364449	100074	100074	16099972	16100078	0.15076077	1	401730.0	20.87643	1.0046016	NA	NA	0.0	1.0081244	1.0081244	1	1	1:1	2	neutral	4131095
3	16100025	16129997	NA	29973	512	2.409265	512	0	67.0	mappable	NA	NA	NA	NA	inf	0.0695616340881	0.13448655	inf	16099972	16100078	16129994	16130000	NA	missing	410674.2	NA	1.0735	NA	NA	NA	NA	NA	NA	NA	NA	NA	NA	4131095
3	16129997	80149975	NA	64019983	893985	2.0162488	891243	37946	116720.0	mappable	0.078725	4.0	NA	0.00027649861	2.457787e-05	0.0006031680064	0.07712473	0.07714931	16129994	16130000	80149914	80150036	0.13954089	1	401730.0	20.87643	1.0046016	NA	NA	0.0	1.0081244	1.0081244	1	1	1:1	2	neutral	4131095
3	80149975	80180027	NA	30053	414	2.4183919	414	0	53.0	mappable	NA	NA	NA	NA	inf	0.0711616340881	0.13445178	inf	80149914	80150036	80179936	80180118	NA	missing	448110.3	NA	1.0751	NA	NA	NA	NA	NA	NA	NA	NA	NA	NA	4131095
3	80180027	90499969	NA	10319943	146529	2.0162488	146149	6128	18679.0	mappable	0.0753	4.0	NA	0.00352980802	0.00015365704	0.0016616340881	0.08584085	0.0859945	80179936	80180118	90499969	90499969	0.13884862	1	401730.0	20.87643	1.0046016	NA	NA	0.0	1.0081244	1.0081244	1	1	1:1	2	neutral	4131095
3	93570175	117515058	NA	23944886	334132	2.0162488	333035	15141	42182.0	mappable	0.0753	4.0	self	0.00225900973	6.158394e-05	0.0089198634705	0.08158865	0.08165023	93570175	93570175	117515054	117515058	0.14054456	1	401730.0	20.87643	1.0046016	NA	NA	0.0	1.0081244	1.0081244	1	1	1:1	2	neutral	4131095
3	117515059	117532725	DUP	17667	276	2.7298459	274	3	46.0	mappable	0.02103902	NA	NA	0.26966409442	0.2	0.1257616340881	0.14175581	0.34175581	117515059	117515084	117532710	117532725	NA	missing	477525.7	26.44758	1.1297	NA	NA	NA	NA	NA	NA	NA	NA	NA	NA	4131095
3	117532726	117848326	DUP	315601	4650	2.1514313	4646	41	559.0	mappable	0.15704393	NA	NA	0.08305083846	0.02222222222	0.0243616340881	0.1094826	0.13170483	117532726	117532798	117848297	117848326	0.26984459	2	437758.1	23.50923	1.0283	21.32284	0.6009787	0.2019574	0.8584669	1.2929644	1	1	1:1	2	mixDH	4131095
3	117848327	117848329	CTX	3	0	0.0	0	0	NA	mappable	NA	NA	NA	NA	inf	1.0039383659119	1.26185951	inf	117848327	117848327	117848329	117848329	NA	missing	NA	NA	0.0	NA	NA	0.0	0.0	0.0	0	0	NA	0	homozygousDel	4131095
3	117848330	130459961	CTX	12611633	161627	2.0162488	161028	8102	21298.0	mappable	0.078725	4.0	NA	0.00087614178	0.00011492932	0.001308195829	0.08478797	0.0849029	117848330	117848420	130459882	130459961	0.13745022	1	401730.0	20.87643	1.0046016	NA	NA	0.0	1.0081244	1.0081244	1	1	1:1	2	neutral	4131095
3	130459962	130470003	NA	10042	145	2.4195327	145	0	25.0	mappable	NA	NA	NA	NA	inf	0.0713616340881	0.15044654	inf	130459962	130460041	130469958	130470048	NA	missing	424461.1	NA	1.0753	NA	NA	NA	NA	NA	NA	NA	NA	NA	NA	4131095
3	130470003	152441283	NA	21971284	295741	2.0162488	294718	14990	38288.0	mappable	0.078725	4.0	NA	0.00061719494	6.244926e-05	0.000150142276	0.08200379	0.08206624	130469958	130470048	152441116	152441283	0.14762974	1	401730.0	20.87643	1.0046016	NA	NA	0.0	1.0081244	1.0081244	1	1	1:1	2	neutral	4131095
3	152441284	192180004	CTX	39738724	545219	2.0162488	543491	26202	70400.0	mappable	0.078725	4.0	NA	0.00014395025	3.580764e-05	0.00716095161	0.07922661	0.07926242	152441284	152441414	192179933	192180004	0.12542398	1	401730.0	20.87643	1.0046016	NA	NA	0.0	1.0081244	1.0081244	1	1	1:1	2	neutral	4131095
3	192180005	192200000	NA	19996	317	2.6391477	317	0	46.0	mappable	NA	NA	NA	NA	inf	0.1098616340881	0.13998325	inf	192180005	192180076	192199995	192200005	NA	missing	433912.3	NA	1.1138	NA	NA	NA	NA	NA	NA	NA	NA	NA	NA	4131095
3	192200000	197779892	NA	5579897	77835	2.0162488	77457	4056	10729.0	mappable	0.0753	4.0	edge	0.00021204999	0.00022553	0.0022038223262	0.08923868	0.08946421	192199995	192200005	197779892	197779892	0.14392032	1	401730.0	20.87643	1.0046016	NA	NA	0.0	1.0081244	1.0081244	1	1	1:1	2	neutral	4131095
4	50084	1620027	NA	1569944	21726	2.0162488	21566	773	3131.0	mappable	0.0753	4.0	edge	0.00352980802	0.00107181136	0.0214383659119	0.09717096	0.09824277	50084	50084	1619989	1620027	0.21116912	1	401730.0	20.87643	1.0046016	NA	NA	0.0	1.0081244	1.0081244	1	1	1:1	2	neutral	4131095
4	1620028	1629963	NA	9936	237	2.8889954	237	4	48.0	mappable	0.22010475	NA	identical	0.14127494311	0.25	0.1536616340881	0.15062	0.40062	1620028	1620066	1629798	1630128	NA	missing	316404.0	19.32594	1.1576	NA	NA	NA	NA	NA	NA	NA	NA	NA	NA	4131095
4	1629963	4949981	NA	3320020	47436	2.0162488	46962	2045	6541.0	mappable	0.089	4.0	self	0.00982006977	0.00039698293	0.0071673396871	0.09232434	0.09272132	1629798	1630128	4949906	4949981	0.1428837	1	401730.0	20.87643	1.0046016	NA	NA	0.0	1.0081244	1.0081244	1	1	1:1	2	neutral	4131095
4	4960057	8939952	NA	3979897	76084	2.0162488	75785	4108	10453.0	mappable	0.08215	4.0	self	0.00353090911	0.00022691173	0.0204219169871	0.09122298	0.09144989	4960057	4960164	8939952	8939952	0.13605391	1	401730.0	20.87643	1.0046016	NA	NA	0.0	1.0081244	1.0081244	1	1	1:1	2	neutral	4131095
4	9800043	35339962	NA	25539920	400224	2.0162488	399033	17990	51090.0	mappable	0.078725	4.0	NA	0.00010480802	5.213493e-05	0.0021383659119	0.08128016	0.0813323	9800043	9800043	35339879	35340045	0.15389506	1	401730.0	20.87643	1.0046016	NA	NA	0.0	1.0081244	1.0081244	1	1	1:1	2	neutral	4131095
4	35339962	35349974	NA	10013	242	1.5895591	242	0	24.0	mappable	NA	NA	NA	NA	inf	0.0741383659119	0.15049377	inf	35339879	35340045	35349894	35350054	NA	missing	375588.8	NA	0.9298	NA	NA	NA	NA	NA	NA	NA	NA	NA	NA	4131095
4	35349974	49089961	NA	13739991	198147	2.0162488	197449	10265	25247.0	mappable	0.078725	4.0	NA	0.00057966294	9.121591e-05	0.0131616638639	0.08434591	0.08443713	35349894	35350054	49089961	49089961	0.14318315	1	401730.0	20.87643	1.0046016	NA	NA	0.0	1.0081244	1.0081244	1	1	1:1	2	neutral	4131095
4	52680564	115959211	NA	63278652	859313	2.0162488	856496	42508	108736.0	mappable	0.078725	4.0	self	0.00043062082	2.206385e-05	0.0056870169229	0.07717474	0.0771968	52680564	52680564	115959036	115959211	0.14354498	1	401730.0	20.87643	1.0046016	NA	NA	0.0	1.0081244	1.0081244	1	1	1:1	2	neutral	4131095
4	115959212	115962811	DUP	3600	54	2.0162488	52	0	9.0	mappable	NA	4.0	self	0.00450352531	0.5	0.0037616340881	0.16929381	0.66929381	115959212	115959219	115962757	115962811	NA	missing	401730.0	NA	1.0046016	NA	NA	NA	NA	NA	NA	NA	NA	NA	NA	4131095
4	115962812	126159291	DUP	10196483	139926	2.0162488	139540	7026	17332.0	mappable	0.07522857	4.0	self	0.00304798222	0.00013491635	0.0016402127654	0.08590487	0.08603978	115962812	115962902	126159184	126159291	0.14483755	1	401730.0	20.87643	1.0046016	NA	NA	0.0	1.0081244	1.0081244	1	1	1:1	2	neutral	4131095
4	126159292	126160339	DEL	1048	12	1.9591969	11	0	1.0	mappable	NA	NA	identical	0.15926543007	1.0	0.0093383659119	0.19933377	1.19933377	126159292	126159339	126160334	126160339	NA	missing	429208.6	NA	0.9946	NA	NA	NA	NA	NA	NA	NA	NA	NA	NA	4131095
4	126160340	143048828	DEL	16888489	228179	2.0162488	227440	12011	28242.0	mappable	0.078725	4.0	self	0.00010480802	7.843137e-05	0.0001616340881	0.08330023	0.08337866	126160340	126160352	143048818	143048828	0.13383506	1	401730.0	20.87643	1.0046016	NA	NA	0.0	1.0081244	1.0081244	1	1	1:1	2	neutral	4131095
4	143048829	143052635	DUP	3807	64	2.0162488	64	1	12.0	mappable	0.07407407	4.0	self	0.00475573395	1.0	0.0264616340881	0.16814581	1.16814581	143048829	143048856	143052607	143052635	NA	missing	401730.0	20.87643	1.0046016	NA	NA	NA	NA	NA	NA	NA	NA	NA	NA	4131095
4	143052636	156989982	DUP	13937347	179279	2.0162488	178672	8552	22843.0	mappable	0.078725	4.0	NA	0.00010480802	0.00010918223	0.0022616340881	0.08427279	0.08438197	143052636	143052698	156989957	156990007	0.14366097	1	401730.0	20.87643	1.0046016	NA	NA	0.0	1.0081244	1.0081244	1	1	1:1	2	neutral	4131095
4	156989982	156999967	NA	9986	162	2.4024199	162	0	21.0	mappable	NA	NA	NA	NA	inf	0.0683616340881	0.1505379	inf	156989957	156990007	156999935	156999967	NA	missing	421921.1	NA	1.0723	NA	NA	NA	NA	NA	NA	NA	NA	NA	NA	4131095
4	156999968	186320001	NA	29320035	435179	2.0162488	433523	22654	55036.0	mappable	0.078725	4.0	NA	0.00010949648	4.113703e-05	0.000503215828	0.08062766	0.0806688	156999968	157000000	186319924	186320001	0.16617155	1	401730.0	20.87643	1.0046016	NA	NA	0.0	1.0081244	1.0081244	1	1	1:1	2	neutral	4131095
4	186320002	186369933	NA	49932	733	2.357356	731	1	103.0	mappable	0.1627907	NA	NA	0.28998202619	0.33333333333	0.0604616340881	0.12814207	0.4614754	186320002	186320079	186369845	186370021	NA	missing	439188.1	25.53419	1.0644	NA	NA	NA	NA	NA	NA	NA	NA	NA	NA	4131095
4	186369933	190939997	NA	4570065	78060	2.0162488	77236	4264	11020.0	mappable	0.07973333	4.0	edge	0.00332019198	0.00019654088	0.0175383659119	0.09040045	0.09059699	186369845	186370021	190939997	190939997	0.20638152	1	401730.0	20.87643	1.0046016	NA	NA	0.0	1.0081244	1.0081244	1	1	1:1	2	neutral	4131095
5	50017	46399990	NA	46349976	689410	2.0162488	686834	32553	89521.0	mappable	0.078725	4.0	edge	0.00022446306	2.846813e-05	0.0052680671057	0.07853589	0.07856435	50017	50017	46399990	46399990	0.14693482	1	401730.0	20.87643	1.0046016	NA	NA	0.0	1.0081244	1.0081244	1	1	1:1	2	neutral	4131095
5	49470005	68829703	NA	19359701	256575	2.0162488	255752	12188	32902.0	mappable	0.078725	4.0	self	0.00030758388	7.685804e-05	0.0053070161401	0.08262225	0.08269911	49470005	49470005	68829703	68829703	0.13921244	1	401730.0	20.87643	1.0046016	NA	NA	0.0	1.0081244	1.0081244	1	1	1:1	2	neutral	4131095
5	70750153	114984951	NA	44234802	610100	2.0162488	608520	25290	76781.0	mappable	0.07945	4.0	NA	0.00012955901	3.721623e-05	0.003279309715	0.07874425	0.07878147	70750153	70750153	114979751	114990151	0.13948647	1	401730.0	20.87643	1.0046016	NA	NA	0.0	1.0081244	1.0081244	1	1	1:1	2	neutral	4131095
5	114984951	115000004	NA	15054	221	1.6003973	221	0	37.0	mappable	NA	NA	NA	NA	inf	0.0722383659119	0.14411445	inf	114979751	114990151	114999976	115000004	NA	missing	427484.3	NA	0.9317	NA	NA	NA	NA	NA	NA	NA	NA	NA	NA	4131095
5	115000005	127652184	NA	12652180	197785	2.0162488	197249	9033	25055.0	mappable	0.07647308	4.0	NA	0.00352980802	0.00010450413	0.0115616340881	0.08477133	0.08487583	115000005	115000033	127652170	127652184	0.14824693	1	401730.0	20.87643	1.0046016	NA	NA	0.0	1.0081244	1.0081244	1	1	1:1	2	neutral	4131095
5	127652185	130499911	CTX	2847727	37601	2.4549073	37504	1003	4755.0	mappable	0.073	1.0	NA	0.00352980802	0.00090909091	0.0863616340881	0.09327758	0.09418667	127652185	127652242	130499758	130500064	0.2778708	2	437311.9	23.63315	1.0815014	20.25326	0.6015722	0.2031444	0.9781033	1.4768039	sub	1	sub:1	sub	sub	4131095
5	130499911	130535006	NA	35096	278	3.1234416	278	0	44.0	mappable	NA	NA	NA	NA	inf	0.1947616340881	0.13245894	inf	130499758	130500064	130529948	130540064	NA	missing	463225.8	NA	1.1987	NA	NA	NA	NA	NA	NA	NA	NA	NA	NA	4131095
5	130535006	134105046	NA	3570041	43560	2.4549073	43467	1409	5976.0	mappable	0.08431667	1.0	NA	0.00280616759	0.00066577896	0.0956616340881	0.09188006	0.09254584	130529948	130540064	134099980	134110112	0.29255131	2	437311.9	23.63315	1.0815014	20.25326	0.6015722	0.2031444	0.9781033	1.4768039	sub	1	sub:1	sub	sub	4131095
5	134105046	134120035	NA	14990	183	2.0162488	180	5	23.0	mappable	0.10896234	4.0	self	0.01520935179	0.125	0.0218383659119	0.1441783	0.2691783	134099980	134110112	134119964	134120035	NA	missing	401730.0	20.87643	1.0046016	NA	NA	NA	NA	NA	NA	NA	NA	NA	NA	4131095
5	134120036	146664945	NA	12544910	164207	2.4549073	163655	8012	21314.0	mappable	0.085575	1.0	identical	0.00674519198	0.00011676787	0.0855616340881	0.08481549	0.08493226	134120036	134120107	146659879	146670011	0.32226351	2	437311.9	23.63315	1.0815014	20.25326	0.6015722	0.2031444	0.9781033	1.4768039	sub	1	sub:1	sub	sub	4131095
5	146664945	146680021	NA	15077	171	2.0162488	169	39	15.0	mappable	0.06622206	4.0	self	0.01983716096	0.0243902439	0.0260383659119	0.14409158	0.16848182	146659879	146670011	146679956	146680086	0.1959251	1	401730.0	20.87643	1.0046016	NA	NA	0.0	1.0081244	1.0081244	1	1	1:1	2	neutral	4131095
5	146680021	172350007	NA	25669987	369189	2.4549073	368085	16858	48401.0	mappable	0.085575	1.0	NA	0.00674519198	5.567619e-05	0.0833616340881	0.08125596	0.08131164	146679956	146680086	172349998	172350007	0.32344812	2	437311.9	23.63315	1.0815014	20.25326	0.6015722	0.2031444	0.9781033	1.4768039	sub	1	sub:1	sub	sub	4131095
5	172350008	172359964	NA	9957	166	1.5304861	160	18	27.0	mappable	0.1322	5.0	NA	0.0313424142	0.04166666667	0.0520383659119	0.15058545	0.19225212	172350008	172350017	172359898	172360030	NA	missing	370923.5	20.30036	0.9194441	NA	NA	NA	NA	NA	NA	NA	NA	NA	NA	4131095
5	172359964	176840021	NA	4480058	59560	2.4549073	59320	3023	8099.0	mappable	0.089	1.0	NA	0.01017019198	0.00030646644	0.0764616340881	0.09051786	0.09082433	172359898	172360030	176839946	176840096	0.31975314	2	437311.9	23.63315	1.0815014	20.25326	0.6015722	0.2031444	0.9781033	1.4768039	sub	1	sub:1	sub	sub	4131095
5	176840021	176900086	NA	60066	742	2.8439316	732	0	99.0	mappable	NA	NA	NA	0.11092357036	0.1	0.1457616340881	0.12599012	0.22599012	176839946	176840096	176899992	176900086	NA	missing	360304.3	NA	1.1497	NA	NA	NA	NA	NA	NA	NA	NA	NA	NA	4131095
5	176900087	178809947	NA	1909861	23137	2.4549073	23051	1217	3232.0	mappable	0.089	1.0	NA	0.01359519198	0.00076745971	0.0765616340881	0.09585414	0.09662159	176900087	176900181	178809850	178809947	0.34141689	2	437311.9	23.63315	1.0815014	20.25326	0.6015722	0.2031444	0.9781033	1.4768039	sub	1	sub:1	sub	sub	4131095
5	178809948	178885009	NA	75062	846	2.0162488	838	61	120.0	mappable	0.06030227	4.0	self	0.01762147469	0.01449275362	0.0146616340881	0.12348884	0.1379816	178809948	178810045	178869999	178885009	0.39559887	2	401730.0	20.87643	1.0046016	20.02955	0.5558859	0.1117717	0.8954446	1.1208042	1	1	1:1	2	mixDH	4131095
5	178885010	180689979	NA	1804970	22231	2.4549073	22129	766	3160.0	mappable	0.09325	1.0	edge	0.01442019198	0.00115207373	0.0826616340881	0.09622998	0.09738206	178885010	178900020	180689979	180689979	0.30155877	2	437311.9	23.63315	1.0815014	20.25326	0.6015722	0.2031444	0.9781033	1.4768039	sub	1	sub:1	sub	sub	4131095
6	201976	4279992	NA	4078017	65507	1.5304861	65027	2765	8988.0	mappable	0.089	5.0	edge	0.01017019198	0.00030816641	0.0722383659119	0.09107702	0.09138519	201976	201976	4279951	4279992	0.37468327	2	370923.5	20.30036	0.9194441	20.20644	0.6620644	0.3241287	0.5172058	1.0132803	1	sub	1:sub	sub	sub	4131095
6	4279993	4289973	NA	9981	171	2.0162397	171	0	32.0	mappable	NA	NA	NA	NA	inf	0.0006616340881	0.15054608	inf	4279993	4280034	4289932	4289973	NA	missing	346735.0	NA	1.0046	NA	NA	NA	NA	NA	NA	NA	NA	NA	NA	4131095
6	4289974	27210005	NA	22920033	337250	1.5304861	335897	18260	44960.0	mappable	0.089	5.0	NA	0.01030867335	5.098659e-05	0.0742590446369	0.08179924	0.08185022	4289974	4290015	27209978	27210032	0.38302516	2	370923.5	20.30036	0.9194441	20.20644	0.6620644	0.3241287	0.5172058	1.0132803	1	sub	1:sub	sub	sub	4131095
6	27210005	27260005	NA	50001	688	1.2012952	686	33	91.0	mappable	0.18686429	2.0	NA	0.10803447769	0.02857142857	0.1426383659119	0.12812571	0.15669714	27209978	27210032	27259968	27260042	0.45617421	2	415266.9	23.97262	0.8617347	24.13706	0.8162317	0.6324634	0.22076	0.9805353	1	0	1:0	1	LOH	4131095
6	27260005	29869996	NA	2609992	36342	1.5304861	35913	1224	5037.0	mappable	0.09505543	5.0	NA	0.01702019198	0.00060496068	0.0940383659119	0.09382793	0.09443289	27259968	27260042	29869984	29870008	0.43185832	2	370923.5	20.30036	0.9194441	20.20644	0.6620644	0.3241287	0.5172058	1.0132803	1	sub	1:sub	sub	sub	4131095
6	29869996	29894995	NA	25000	392	2.0162488	338	83	37.0	mappable	0.09208095	4.0	self	0.01101662055	0.00729927007	0.0061616340881	0.13689591	0.14419518	29869984	29870008	29879969	29894995	0.43941388	2	401730.0	20.87643	1.0046016	20.02955	0.5558859	0.1117717	0.8954446	1.1208042	1	1	1:1	2	mixDH	4131095
6	29894996	32600001	NA	2705007	46998	1.5304861	45678	4012	5656.0	mappable	0.0920125	5.0	NA	0.01819577572	0.00018754689	0.0613973301232	0.0936014	0.09378895	29894996	29910022	32599999	32600003	0.4055572	2	370923.5	20.30036	0.9194441	20.20644	0.6620644	0.3241287	0.5172058	1.0132803	1	sub	1:sub	sub	sub	4131095
6	32600001	32629993	NA	29993	2168	2.1833753	2166	1	153.0	mappable	0.77777778	NA	NA	0.68418426008	0.33333333333	0.0299616340881	0.13447785	0.46781118	32599999	32600003	32629986	32630000	NA	missing	339520.1	30.17956	1.0339	NA	NA	NA	NA	NA	NA	NA	NA	NA	NA	4131095
6	32629993	32699990	NA	69998	3923	2.0162488	3919	20	367.0	mappable	0.082575	4.0	self	0.00870865352	0.04347826087	0.0330383659119	0.12426199	0.16774025	32629986	32630000	32699974	32700006	NA	missing	401730.0	20.87643	1.0046016	NA	NA	NA	NA	NA	NA	NA	NA	NA	NA	4131095
6	32699990	32720000	NA	20011	748	2.177671	732	8	94.0	mappable	0.07378776	NA	NA	0.14770352531	0.04166666667	0.0289616340881	0.13997265	0.18163932	32699974	32700006	32719997	32720000	NA	missing	418794.2	24.68434	1.0329	NA	NA	NA	NA	NA	NA	NA	NA	NA	NA	4131095
6	32720001	39109993	NA	6389993	91798	1.5304861	91422	3434	12839.0	mappable	0.09585	5.0	NA	0.01702019198	0.00026246719	0.0764383659119	0.08846668	0.08872914	32720001	32720004	39109979	39109993	0.41520494	2	370923.5	20.30036	0.9194441	20.20644	0.6620644	0.3241287	0.5172058	1.0132803	1	sub	1:sub	sub	sub	4131095
6	39109994	39119992	NA	9999	179	2.1468679	178	15	25.0	mappable	0.25257054	NA	NA	0.16345144198	0.0625	0.0235616340881	0.15051663	0.21301663	39109994	39110008	39119971	39119992	NA	missing	388317.5	23.96002	1.0275	NA	NA	NA	NA	NA	NA	NA	NA	NA	NA	4131095
6	39119993	57845022	NA	18725031	271044	1.5304861	268610	13430	35333.0	mappable	0.085575	5.0	NA	0.00880078214	6.304773e-05	0.0740558084674	0.08278672	0.08284977	39119993	39120014	57689985	58000059	0.37027463	2	370923.5	20.30036	0.9194441	20.20644	0.6620644	0.3241287	0.5172058	1.0132803	1	sub	1:sub	sub	sub	4131095
6	57845022	58019982	NA	174961	504	2.0162488	502	32	61.0	mappable	0.10185263	4.0	self	0.02724124461	0.02941176471	0.0342383659119	0.11483249	0.14424425	57689985	58000059	58019982	58019982	0.45875191	2	401730.0	20.87643	1.0046016	20.02955	0.5558859	0.1117717	0.8954446	1.1208042	1	1	1:1	2	mixDH	4131095
6	58610011	58769997	NA	159987	572	1.5304861	571	41	76.0	mappable	0.08277045	5.0	NA	0.00394064652	0.02380952381	0.1244383659119	0.11568989	0.13949941	58610011	58610011	58769997	58769997	0.53011941	2	370923.5	20.30036	0.9194441	20.20644	0.6620644	0.3241287	0.5172058	1.0132803	1	sub	1:sub	sub	sub	4131095
6	61890002	62369989	NA	479988	6255	1.5304861	6219	441	721.0	mappable	0.099925	5.0	NA	0.0180174142	0.00209643606	0.0982383659119	0.10597352	0.10806996	61890002	61890002	62369959	62369989	0.32269755	2	370923.5	20.30036	0.9194441	20.20644	0.6620644	0.3241287	0.5172058	1.0132803	1	sub	1:sub	sub	sub	4131095
6	62369990	62389962	NA	19973	263	2.0162488	259	23	27.0	mappable	0.06818611	4.0	self	0.0087028239	0.03703703704	0.0305383659119	0.13999952	0.17703656	62369990	62370020	62389879	62389962	NA	missing	401730.0	20.87643	1.0046016	NA	NA	NA	NA	NA	NA	NA	NA	NA	NA	4131095
6	62389963	80879991	NA	18490030	265963	1.5304861	264878	14923	32746.0	mappable	0.085575	5.0	identical	0.00820926449	6.246877e-05	0.0731387719835	0.0828492	0.08291167	62389963	62390046	80879943	80879991	0.37105097	2	370923.5	20.30036	0.9194441	20.20644	0.6620644	0.3241287	0.5172058	1.0132803	1	sub	1:sub	sub	sub	4131095
6	80879992	80890001	NA	10010	182	2.0162488	173	0	23.0	mappable	NA	4.0	self	0.02198590046	0.11111111111	0.0077616340881	0.15049867	0.26160978	80879992	80880040	80889987	80890001	NA	missing	401730.0	NA	1.0046016	NA	NA	NA	NA	NA	NA	NA	NA	NA	NA	4131095
6	80890002	120069959	NA	39179958	527884	1.5304861	526270	24298	67542.0	mappable	0.085575	5.0	identical	0.00715387379	3.859365e-05	0.0712427458515	0.07929078	0.07932938	80890002	80890016	120069904	120070014	0.37625382	2	370923.5	20.30036	0.9194441	20.20644	0.6620644	0.3241287	0.5172058	1.0132803	1	sub	1:sub	sub	sub	4131095
6	120069959	120249993	NA	180036	2726	2.0162488	2718	209	334.0	mappable	0.08570147	4.0	self	0.00516041835	0.00460829493	0.0822364583551	0.11456115	0.11916944	120069904	120070014	120249948	120250038	0.35501514	2	401730.0	20.87643	1.0046016	20.02955	0.5558859	0.1117717	0.8954446	1.1208042	1	1	1:1	2	mixDH	4131095
6	120249993	129570066	NA	9320076	125600	1.5304861	125256	4689	15826.0	mappable	0.08449265	5.0	NA	0.00832682343	0.00019872814	0.0751410100202	0.08638596	0.08658469	120249948	120250038	129569997	129570066	0.3788363	2	370923.5	20.30036	0.9194441	20.20644	0.6620644	0.3241287	0.5172058	1.0132803	1	sub	1:sub	sub	sub	4131095
6	129570067	129579992	NA	9926	168	2.1092196	167	0	28.0	mappable	NA	NA	NA	0.06402733483	1.0	0.0169616340881	0.15063648	1.15063648	129570067	129570136	129579963	129580021	NA	missing	404557.0	NA	1.0209	NA	NA	NA	NA	NA	NA	NA	NA	NA	NA	4131095
6	129579992	130830041	NA	1250050	18879	1.5304861	18790	1269	2410.0	mappable	0.089	5.0	NA	0.00674519198	0.00073637703	0.0805383659119	0.0987481	0.09948448	129579963	129580021	130829993	130830089	0.40248082	2	370923.5	20.30036	0.9194441	20.20644	0.6620644	0.3241287	0.5172058	1.0132803	1	sub	1:sub	sub	sub	4131095
6	130830041	130840032	NA	9992	147	2.0162488	147	12	16.0	mappable	0.08697161	4.0	self	0.00814180323	0.08333333333	0.0141616340881	0.15052808	0.23386141	130829993	130830089	130839998	130840066	NA	missing	401730.0	20.87643	1.0046016	NA	NA	NA	NA	NA	NA	NA	NA	NA	NA	4131095
6	130840032	170899935	NA	40059904	590462	1.5304861	588171	27354	78388.0	mappable	0.089	5.0	edge	0.01017019198	3.373364e-05	0.0735383659119	0.07919018	0.07922392	130839998	130840066	170899935	170899935	0.36702852	2	370923.5	20.30036	0.9194441	20.20644	0.6620644	0.3241287	0.5172058	1.0132803	1	sub	1:sub	sub	sub	4131095
7	40386	2919969	NA	2879584	48587	2.0162488	48250	2363	6854.0	mappable	0.092425	4.0	edge	0.01359519198	0.00037037037	0.0072383659119	0.09320781	0.09357818	40386	40386	2919871	2920067	0.21935564	1	401730.0	20.87643	1.0046016	NA	NA	0.0	1.0081244	1.0081244	1	1	1:1	2	neutral	4131095
7	2919969	2930113	NA	10145	213	2.3482291	212	0	31.0	mappable	NA	NA	NA	0.23824336271	1.0	0.0588616340881	0.15028011	1.15028011	2919871	2920067	2929905	2930321	NA	missing	337193.3	NA	1.0628	NA	NA	NA	NA	NA	NA	NA	NA	NA	NA	4131095
7	2930113	13725633	NA	10795523	181914	2.0162488	181253	9949	23106.0	mappable	0.078725	4.0	NA	8.908209e-05	9.425071e-05	3.96280852e-05	0.08560204	0.08569629	2929905	2930321	13725456	13725633	0.13912715	1	401730.0	20.87643	1.0046016	NA	NA	0.0	1.0081244	1.0081244	1	1	1:1	2	neutral	4131095
7	13725634	13729652	DEL	4019	58	1.2012952	57	9	4.0	mappable	0.25299242	2.0	identical	0.15182094955	0.1	0.0859383659119	0.1670478	0.2670478	13725634	13725638	13729628	13729652	NA	missing	415266.9	23.97262	0.8617347	NA	NA	NA	NA	NA	NA	NA	NA	NA	NA	4131095
7	13729653	57959971	DEL	44230323	622238	2.0162488	620370	31239	80728.0	mappable	0.078725	4.0	NA	0.00102255421	3.020509e-05	0.0027136174128	0.07874471	0.07877491	13729653	13729687	57959940	57960002	0.14822057	1	401730.0	20.87643	1.0046016	NA	NA	0.0	1.0081244	1.0081244	1	1	1:1	2	neutral	4131095
7	57959971	57999988	NA	40018	1951	1.5302346	1951	0	279.0	mappable	NA	NA	NA	NA	inf	0.0845383659119	0.13081847	inf	57959940	57960002	57999988	57999988	NA	missing	428784.2	NA	0.9194	NA	NA	NA	NA	NA	NA	NA	NA	NA	NA	4131095
7	61530139	72229988	NA	10699855	114074	2.0162488	113327	4629	15350.0	mappable	0.08215	4.0	NA	0.00353901042	0.0001860119	0.0197789974318	0.08564911	0.08583513	61530139	61530139	72229988	72229988	0.17546369	1	401730.0	20.87643	1.0046016	NA	NA	0.0	1.0081244	1.0081244	1	1	1:1	2	neutral	4131095
7	72750118	74139961	NA	1389844	10254	2.0162488	10193	420	1487.0	mappable	0.07522857	4.0	self	0.00010480802	0.00207900208	0.0015383659119	0.09800803	0.10008703	72750118	72750118	74139961	74139961	0.17753221	1	401730.0	20.87643	1.0046016	NA	NA	0.0	1.0081244	1.0081244	1	1	1:1	2	neutral	4131095
7	75160045	76059952	NA	899908	8412	2.0162488	8373	333	1232.0	mappable	0.080125	4.0	self	0.00332019198	0.00268817204	0.0131383659119	0.10111521	0.10380338	75160045	75160045	76059952	76059952	0.15314022	1	401730.0	20.87643	1.0046016	NA	NA	0.0	1.0081244	1.0081244	1	1	1:1	2	neutral	4131095
7	76810004	79705882	NA	2895879	42503	2.0162488	42349	2118	5401.0	mappable	0.074475	4.0	NA	0.00352980802	0.00044014085	0.0030383659119	0.09317246	0.0936126	76810004	76810004	79705838	79705882	0.16832944	1	401730.0	20.87643	1.0046016	NA	NA	0.0	1.0081244	1.0081244	1	1	1:1	2	neutral	4131095
7	79705883	79705888	DEL	6	0	0.0	0	0	NA	mappable	NA	NA	NA	NA	inf	1.0039383659119	0.77370561	inf	79705883	79705883	79705888	79705888	NA	missing	NA	NA	0.0	NA	NA	0.0	0.0	0.0	0	0	NA	0	homozygousDel	4131095
7	79705889	79707749	ITX	1861	34	1.822294	34	0	2.0	mappable	NA	NA	NA	NA	inf	0.0333383659119	0.18413049	inf	79705889	79705999	79707732	79707749	NA	missing	390595.6	NA	0.9706	NA	NA	NA	NA	NA	NA	NA	NA	NA	NA	4131095
7	79707750	104579990	DEL	24872243	312911	2.0162488	311769	12786	41021.0	mappable	0.078725	4.0	NA	4.170413e-05	7.180297e-05	0.0035314056845	0.0814066	0.0814784	79707750	79707819	104579974	104580006	0.14080422	1	401730.0	20.87643	1.0046016	NA	NA	0.0	1.0081244	1.0081244	1	1	1:1	2	neutral	4131095
7	104579990	104590166	NA	10177	106	1.5501996	106	0	15.0	mappable	NA	NA	NA	NA	inf	0.0810383659119	0.15022882	inf	104579974	104580006	104589989	104590343	NA	missing	379301.7	NA	0.9229	NA	NA	NA	NA	NA	NA	NA	NA	NA	NA	4131095
7	104590166	159119808	NA	54529645	733660	2.0162488	730723	34980	96634.0	mappable	0.078725	4.0	edge	0.00022253181	2.637757e-05	0.0029645078988	0.07781938	0.07784576	104589989	104590343	159119808	159119808	0.14198209	1	401730.0	20.87643	1.0046016	NA	NA	0.0	1.0081244	1.0081244	1	1	1:1	2	neutral	4131095
8	170012	6205015	NA	6035007	176268	2.0162488	175360	8917	22737.0	mappable	0.085575	4.0	edge	0.00694042167	0.00010179153	0.0485864190746	0.08879053	0.08889232	170012	170012	6199958	6210072	0.34540656	2	401730.0	20.87643	1.0046016	20.02955	0.5558859	0.1117717	0.8954446	1.1208042	1	1	1:1	2	mixDH	4131095
8	6205015	6919904	NA	714890	17126	2.4549073	17047	1014	2238.0	mappable	0.08453333	1.0	NA	0.00829519198	0.00091491308	0.0651616340881	0.10284171	0.10375663	6199958	6210072	6919904	6919904	0.35719993	2	437311.9	23.63315	1.0815014	20.25326	0.6015722	0.2031444	0.9781033	1.4768039	sub	1	sub:1	sub	sub	4131095
8	8100000	9899946	NA	1799947	37757	2.4549073	37571	2730	4953.0	mappable	0.08841667	1.0	NA	0.00958685864	0.00034293553	0.0863616340881	0.0962486	0.09659154	8100000	8100000	9899891	9900001	0.38690463	2	437311.9	23.63315	1.0815014	20.25326	0.6015722	0.2031444	0.9781033	1.4768039	sub	1	sub:1	sub	sub	4131095
8	9899946	9920017	NA	20072	398	2.0162488	393	0	56.0	mappable	NA	4.0	self	0.02455874853	0.2	0.0197616340881	0.13992965	0.33992965	9899891	9900001	9919999	9920035	NA	missing	401730.0	NA	1.0046016	NA	NA	NA	NA	NA	NA	NA	NA	NA	NA	4131095
8	9920017	11859985	NA	1939969	41217	2.4549073	41129	2640	5395.0	mappable	0.089	1.0	NA	0.01017019198	0.00036656891	0.0677616340881	0.09575058	0.09611715	9919999	9920035	11859985	11859985	0.34256442	2	437311.9	23.63315	1.0815014	20.25326	0.6015722	0.2031444	0.9781033	1.4768039	sub	1	sub:1	sub	sub	4131095
8	12580042	13154992	NA	574951	12937	2.4549073	12908	628	1683.0	mappable	0.09493947	1.0	NA	0.01702019198	0.00152207002	0.0621616340881	0.104531	0.10605307	12580042	12580042	13149980	13160004	0.33605394	2	437311.9	23.63315	1.0815014	20.25326	0.6015722	0.2031444	0.9781033	1.4768039	sub	1	sub:1	sub	sub	4131095
8	13154992	13169961	NA	14970	209	2.0162488	209	15	34.0	mappable	0.12576983	4.0	self	0.04694001956	0.06666666667	0.0132383659119	0.14419833	0.21086499	13149980	13160004	13169917	13170005	NA	missing	401730.0	20.87643	1.0046016	NA	NA	NA	NA	NA	NA	NA	NA	NA	NA	4131095
8	13169961	23169978	NA	10000020	209155	2.4549073	208588	9706	26770.0	mappable	0.085575	1.0	NA	0.00729928644	9.735202e-05	0.0518145011006	0.08600856	0.08610591	13169917	13170005	23169931	23170025	0.35542325	2	437311.9	23.63315	1.0815014	20.25326	0.6015722	0.2031444	0.9781033	1.4768039	sub	1	sub:1	sub	sub	4131095
8	23169978	23179988	NA	10011	222	2.8673191	222	0	22.0	mappable	NA	NA	NA	NA	inf	0.1498616340881	0.15049703	inf	23169931	23170025	23179975	23179988	NA	missing	380177.1	NA	1.1538	NA	NA	NA	NA	NA	NA	NA	NA	NA	NA	4131095
8	23179989	27320067	NA	4140079	64612	2.4549073	64295	3569	8468.0	mappable	0.08732941	1.0	NA	0.01017019198	0.00025733402	0.0603616340881	0.09098673	0.09124407	23179989	23180002	27319980	27320154	0.36983726	2	437311.9	23.63315	1.0815014	20.25326	0.6015722	0.2031444	0.9781033	1.4768039	sub	1	sub:1	sub	sub	4131095
8	27320067	27329995	NA	9929	185	2.8211144	185	0	29.0	mappable	NA	NA	NA	NA	inf	0.1417616340881	0.15063153	inf	27319980	27320154	27329931	27329995	NA	missing	379097.8	NA	1.1457	NA	NA	NA	NA	NA	NA	NA	NA	NA	NA	4131095
8	27329996	39218482	NA	11888488	165170	2.4549073	164501	7088	21968.0	mappable	0.085575	1.0	NA	0.00670682867	0.00012891582	0.059822774731	0.0850953	0.08522421	27329996	27330060	39218410	39218482	0.37371438	2	437311.9	23.63315	1.0815014	20.25326	0.6015722	0.2031444	0.9781033	1.4768039	sub	1	sub:1	sub	sub	4131095
8	39218483	39360050	NA	141568	2051	1.7817936	2049	14	164.0	mappable	0.00845	NA	NA	0.07037980802	0.0625	0.0404383659119	0.11688295	0.17938295	39218483	39218555	39359997	39360050	NA	missing	232091.0	12.33155	0.9635	NA	NA	NA	NA	NA	NA	NA	NA	NA	NA	4131095
8	39360051	43789991	NA	4429942	66241	2.4549073	65971	3054	8907.0	mappable	0.08605517	1.0	NA	0.00910186116	0.00030084236	0.0549892770886	0.0905844	0.09088524	39360051	39360104	43789991	43789991	0.324862	2	437311.9	23.63315	1.0815014	20.25326	0.6015722	0.2031444	0.9781033	1.4768039	sub	1	sub:1	sub	sub	4131095
8	46880007	54829967	NA	7949961	108042	2.4549073	107739	4520	13904.0	mappable	0.085575	1.0	NA	0.00674519198	0.00020733983	0.0544616340881	0.08725046	0.0874578	46880007	46880007	54829934	54830000	0.36851369	2	437311.9	23.63315	1.0815014	20.25326	0.6015722	0.2031444	0.9781033	1.4768039	sub	1	sub:1	sub	sub	4131095
8	54829967	54889989	NA	60023	542	2.856481	542	5	78.0	mappable	0.12395203	NA	NA	0.045122219	0.2	0.1479616340881	0.12599832	0.32599832	54829934	54830000	54889978	54890000	NA	missing	458917.6	25.24047	1.1519	NA	NA	NA	NA	NA	NA	NA	NA	NA	NA	4131095
8	54889989	73099991	NA	18210003	249884	2.4549073	249173	11875	32236.0	mappable	0.085575	1.0	NA	0.00674519198	7.945336e-05	0.0748616340881	0.08292483	0.08300429	54889978	54890000	73099977	73099991	0.37405927	2	437311.9	23.63315	1.0815014	20.25326	0.6015722	0.2031444	0.9781033	1.4768039	sub	1	sub:1	sub	sub	4131095
8	73099992	73119920	NA	19929	441	2.0162488	439	74	43.0	mappable	0.07253043	4.0	self	0.00844925247	0.01315789474	0.0017383659119	0.14003071	0.1531886	73099992	73100006	73119827	73119920	0.28599243	2	401730.0	20.87643	1.0046016	20.02955	0.5558859	0.1117717	0.8954446	1.1208042	1	1	1:1	2	mixDH	4131095
8	73119921	73178940	NA	59020	764	2.4549073	764	43	93.0	mappable	0.08355769	1.0	NA	0.00472788429	0.02325581395	0.0793616340881	0.12619159	0.14944741	73119921	73120014	73178895	73178940	0.31088011	2	437311.9	23.63315	1.0815014	20.25326	0.6015722	0.2031444	0.9781033	1.4768039	sub	1	sub:1	sub	sub	4131095
8	73178941	73189991	NA	11051	164	1.9637603	164	0	18.0	mappable	NA	NA	NA	NA	inf	0.0085383659119	0.14889938	inf	73178941	73178986	73189955	73189991	NA	missing	396502.1	NA	0.9954	NA	NA	NA	NA	NA	NA	NA	NA	NA	NA	4131095
8	73189992	76110100	NA	2920109	40341	2.4549073	40181	1393	5482.0	mappable	0.08801429	1.0	NA	0.01017019198	0.000643915	0.0564616340881	0.09312031	0.09376423	73189992	73190028	76109968	76110232	0.38720237	2	437311.9	23.63315	1.0815014	20.25326	0.6015722	0.2031444	0.9781033	1.4768039	sub	1	sub:1	sub	sub	4131095
8	76110100	83309998	NA	7199899	98034	2.0162488	97708	4133	12409.0	mappable	0.081175	4.0	self	0.00196789023	0.00022426553	0.0688485243506	0.08779807	0.08802233	76109968	76110232	83309972	83310024	0.36585658	2	401730.0	20.87643	1.0046016	20.02955	0.5558859	0.1117717	0.8954446	1.1208042	1	1	1:1	2	mixDH	4131095
8	83309998	105770048	NA	22460055	296158	2.4549073	295048	13992	37987.0	mappable	0.089	1.0	identical	0.0097178008	6.62164e-05	0.0689617033079	0.0818972	0.08196342	83309972	83310024	105769955	105770141	0.37552483	2	437311.9	23.63315	1.0815014	20.25326	0.6015722	0.2031444	0.9781033	1.4768039	sub	1	sub:1	sub	sub	4131095
8	105770048	139070022	NA	33299976	485213	2.0162488	483608	23937	62362.0	mappable	0.085575	4.0	self	0.00620788425	3.91512e-05	0.0667277153761	0.08003516	0.08007431	105769955	105770141	139069958	139070022	0.37420284	2	401730.0	20.87643	1.0046016	20.02955	0.5558859	0.1117717	0.8954446	1.1208042	1	1	1:1	2	mixDH	4131095
8	139070023	146289988	NA	7219966	108585	2.4549073	107942	5540	15005.0	mappable	0.089	1.0	edge	0.01017019198	0.00016175995	0.0545616340881	0.08778259	0.08794435	139070023	139070087	146289988	146289988	0.37310809	2	437311.9	23.63315	1.0815014	20.25326	0.6015722	0.2031444	0.9781033	1.4768039	sub	1	sub:1	sub	sub	4131095
9	200101	2330028	NA	2129928	47423	2.0162488	47293	2797	6097.0	mappable	0.08323571	4.0	edge	0.00332019198	0.00034164674	0.0132616340881	0.09513674	0.09547838	200101	200101	2329990	2330028	0.13948651	1	401730.0	20.87643	1.0046016	NA	NA	0.0	1.0081244	1.0081244	1	1	1:1	2	neutral	4131095
9	2330029	2339997	NA	9969	176	1.614658	176	0	26.0	mappable	NA	NA	NA	NA	inf	0.0697383659119	0.15056575	inf	2330029	2330067	2339992	2340002	NA	missing	378207.8	NA	0.9342	NA	NA	NA	NA	NA	NA	NA	NA	NA	NA	4131095
9	2339997	24819944	NA	22479954	402745	2.0162488	401627	19192	51080.0	mappable	0.078725	4.0	NA	0.00056540181	4.923925e-05	0.002236295371	0.08189292	0.08194216	2339992	2340002	24819867	24819944	0.13216866	1	401730.0	20.87643	1.0046016	NA	NA	0.0	1.0081244	1.0081244	1	1	1:1	2	neutral	4131095
9	24819945	24869981	NA	50037	1063	2.4549073	1052	37	120.0	mappable	0.10552119	1.0	NA	0.02575445124	0.02083333333	0.0443616340881	0.12811719	0.14895052	24819945	24820022	24869856	24870106	0.27404892	2	437311.9	23.63315	1.0815014	20.25326	0.6015722	0.2031444	0.9781033	1.4768039	sub	1	sub:1	sub	sub	4131095
9	24869981	24880059	NA	10079	187	1.407022	187	5	19.0	mappable	0.14348902	NA	NA	0.06465921007	0.2	0.1061383659119	0.15038651	0.35038651	24869856	24870106	24879995	24880123	NA	missing	414858.9	23.57153	0.8978	NA	NA	NA	NA	NA	NA	NA	NA	NA	NA	4131095
9	24880059	38769828	NA	13889770	194106	2.0162488	193512	10153	24696.0	mappable	0.078725	4.0	self	6.376321e-05	9.304922e-05	0.000336753391	0.08429031	0.08438336	24879995	24880123	38769828	38769828	0.14946877	1	401730.0	20.87643	1.0046016	NA	NA	0.0	1.0081244	1.0081244	1	1	1:1	2	neutral	4131095
9	66840048	66849972	NA	9925	540	2.0162488	497	0	17.0	mappable	NA	4.0	NA	0.0116768954	0.02325581395	0.0179383659119	0.15063813	0.17389394	66840048	66840048	66849972	66849972	NA	missing	401730.0	NA	1.0046016	NA	NA	NA	NA	NA	NA	NA	NA	NA	NA	4131095
9	68410004	68419976	NA	9973	1130	2.0715713	1051	0	276.0	mappable	NA	NA	NA	0.26368130309	0.01265822785	0.0103616340881	0.15055919	0.16321742	68410004	68410004	68419976	68419976	NA	missing	2569688.0	NA	1.0143	NA	NA	NA	NA	NA	NA	NA	NA	NA	NA	4131095
9	71030093	106169950	NA	35139859	471035	2.0162488	469617	23333	61481.0	mappable	0.078725	4.0	NA	6.907357e-05	4.040241e-05	0.004898543818	0.07978743	0.07982783	71030093	71030093	106169893	106169950	0.13722928	1	401730.0	20.87643	1.0046016	NA	NA	0.0	1.0081244	1.0081244	1	1	1:1	2	neutral	4131095
9	106169951	106179947	NA	9997	152	2.4206736	151	0	23.0	mappable	NA	NA	NA	0.45058195668	1.0	0.0715616340881	0.1505199	1.1505199	106169951	106170008	106179863	106179947	NA	missing	445446.7	NA	1.0755	NA	NA	NA	NA	NA	NA	NA	NA	NA	NA	4131095
9	106179948	106209950	NA	30003	517	1.5304861	517	2	56.0	mappable	0.07334526	5.0	NA	0.00548454863	0.5	0.0766383659119	0.1344735	0.6344735	106179948	106180032	106209888	106210012	NA	missing	370923.5	20.30036	0.9194441	NA	NA	NA	NA	NA	NA	NA	NA	NA	NA	4131095
9	106209950	141019791	NA	34809843	489783	2.0162488	487772	20309	66388.0	mappable	0.08215	4.0	edge	0.00218465242	4.480688e-05	0.0058969728869	0.07983078	0.07987559	106209888	106210012	141019791	141019791	0.15611398	1	401730.0	20.87643	1.0046016	NA	NA	0.0	1.0081244	1.0081244	1	1	1:1	2	neutral	4131095
10	130013	34839999	NA	34709991	538255	2.0162488	535820	28096	71984.0	mappable	0.078725	4.0	edge	0.00104843445	3.275467e-05	0.0005527481286	0.07984399	0.07987675	130013	130013	34839986	34839999	0.14575331	1	401730.0	20.87643	1.0046016	NA	NA	0.0	1.0081244	1.0081244	1	1	1:1	2	neutral	4131095
10	34840000	34859975	NA	19976	266	1.5581856	266	0	38.0	mappable	NA	NA	NA	NA	inf	0.0796383659119	0.1399974	inf	34840000	34840013	34859896	34860054	NA	missing	411422.0	NA	0.9243	NA	NA	NA	NA	NA	NA	NA	NA	NA	NA	4131095
10	34859975	38600358	NA	3740384	39893	2.0162488	39760	1198	5479.0	mappable	0.085375	4.0	NA	0.00372852531	0.0007513148	0.0184383659119	0.09159709	0.0923484	34859896	34860054	38429948	38600358	0.16744164	1	401730.0	20.87643	1.0046016	NA	NA	0.0	1.0081244	1.0081244	1	1	1:1	2	neutral	4131095
10	38984987	39149984	NA	164998	5047	1.2012952	5024	0	898.0	mappable	NA	2.0	NA	0.09827103419	0.04347826087	0.1430383659119	0.1153929	0.15887116	38984987	39080000	39149984	39149984	NA	missing	415266.9	NA	0.8617347	NA	NA	NA	NA	NA	NA	NA	NA	NA	NA	4131095
10	42410000	46159967	NA	3749970	43629	2.0162488	43449	2210	5569.0	mappable	0.085575	4.0	self	0.00382657273	0.00041841004	0.0117327228763	0.0915816	0.09200001	42410000	42410000	46159967	46159967	0.13451414	1	401730.0	20.87643	1.0046016	NA	NA	0.0	1.0081244	1.0081244	1	1	1:1	2	neutral	4131095
10	48310177	48659961	NA	349785	5550	2.0162488	5537	110	739.0	mappable	0.08635	4.0	self	0.00614913935	0.0081300813	0.0181383659119	0.10860057	0.11673066	48310177	48310177	48659961	48659961	0.21782806	1	401730.0	20.87643	1.0046016	NA	NA	0.0	1.0081244	1.0081244	1	1	1:1	2	neutral	4131095
10	49390096	102880009	NA	53489919	724958	2.0162488	722520	34218	94663.0	mappable	0.078725	4.0	self	2.06562e-05	2.728364e-05	0.0008986428527	0.07790357	0.07793086	49390096	49390096	102879981	102880009	0.13693139	1	401730.0	20.87643	1.0046016	NA	NA	0.0	1.0081244	1.0081244	1	1	1:1	2	neutral	4131095
10	102880010	135439925	NA	32559918	486530	1.5304861	484522	23395	65187.0	mappable	0.089	5.0	edge	0.00944610387	3.936698e-05	0.0925426285473	0.08013914	0.08017851	102880010	102880038	135439925	135439925	0.3604165	2	370923.5	20.30036	0.9194441	20.20644	0.6620644	0.3241287	0.5172058	1.0132803	1	sub	1:sub	sub	sub	4131095
11	190010	38010015	NA	37820006	548910	2.0162488	546581	28550	71363.0	mappable	0.078725	4.0	edge	5.352883e-05	3.238447e-05	0.0035241357103	0.07945132	0.07948371	190010	190010	38009975	38010055	0.15621083	1	401730.0	20.87643	1.0046016	NA	NA	0.0	1.0081244	1.0081244	1	1	1:1	2	neutral	4131095
11	38010015	38029975	NA	19961	351	2.337391	351	0	44.0	mappable	NA	NA	NA	NA	inf	0.0569616340881	0.14000802	inf	38009975	38010055	38029940	38030010	NA	missing	454657.0	NA	1.0609	NA	NA	NA	NA	NA	NA	NA	NA	NA	NA	4131095
11	38029975	40559964	NA	2529992	36133	2.0162488	35999	1409	4497.0	mappable	0.081175	4.0	NA	0.00289406214	0.00064808814	0.0064973092601	0.09402605	0.09467414	38029940	38030010	40559921	40560007	0.14257792	1	401730.0	20.87643	1.0046016	NA	NA	0.0	1.0081244	1.0081244	1	1	1:1	2	neutral	4131095
11	40559964	40569981	NA	10018	196	2.4663079	196	0	34.0	mappable	NA	NA	NA	NA	inf	0.0795616340881	0.15048561	inf	40559921	40560007	40569939	40570023	NA	missing	439282.2	NA	1.0835	NA	NA	NA	NA	NA	NA	NA	NA	NA	NA	4131095
11	40569981	48899996	NA	8330016	109395	2.0162488	108977	4448	14580.0	mappable	0.07937045	4.0	NA	0.00332019198	0.00020554985	0.0053383659119	0.08699477	0.08720032	40569939	40570023	48899996	48899996	0.17261744	1	401730.0	20.87643	1.0046016	NA	NA	0.0	1.0081244	1.0081244	1	1	1:1	2	neutral	4131095
11	48899997	50170092	NA	1270096	0	0.0	0	0	NA	mappable	NA	NA	NA	NA	inf	1.0039383659119	0.09863632	inf	48899997	48899997	50170092	50170092	NA	missing	NA	NA	0.0	NA	NA	0.0	0.0	0.0	0	0	NA	0	homozygousDel	4131095
11	50170093	51579984	NA	1409892	18794	2.0162488	18678	336	2367.0	mappable	0.07653214	4.0	NA	0.00282980802	0.00221238938	0.0365383659119	0.09790889	0.10012128	50170093	50170093	51579984	51579984	0.15893437	1	401730.0	20.87643	1.0046016	NA	NA	0.0	1.0081244	1.0081244	1	1	1:1	2	neutral	4131095
11	54792817	64879782	NA	10086967	129766	2.0162488	129266	4942	17291.0	mappable	0.0753	4.0	NA	0.00346338064	0.00018375597	0.0001310219235	0.08596239	0.08614614	54792817	54792817	64879558	64880006	0.16655662	1	401730.0	20.87643	1.0046016	NA	NA	0.0	1.0081244	1.0081244	1	1	1:1	2	neutral	4131095
11	64879782	64899947	NA	20166	293	2.5085196	293	0	44.0	mappable	NA	NA	NA	NA	inf	0.0869616340881	0.13986369	inf	64879558	64880006	64899852	64899947	NA	missing	346287.9	NA	1.0909	NA	NA	NA	NA	NA	NA	NA	NA	NA	NA	4131095
11	64899948	83739947	NA	18840004	251248	2.0162488	250403	9708	34034.0	mappable	0.08215	4.0	NA	0.00434354714	9.475978e-05	0.0053406795622	0.08275647	0.08285123	64899948	64900043	83739848	83739947	0.16115356	1	401730.0	20.87643	1.0046016	NA	NA	0.0	1.0081244	1.0081244	1	1	1:1	2	neutral	4131095
11	83739948	83750014	NA	10067	177	2.5433157	177	0	19.0	mappable	NA	NA	NA	NA	inf	0.0930616340881	0.15040595	inf	83739948	83740047	83749972	83750056	NA	missing	459385.0	NA	1.097	NA	NA	NA	NA	NA	NA	NA	NA	NA	NA	4131095
11	83750014	89349940	NA	5599927	74180	2.0162488	73967	3049	9382.0	mappable	0.0753	4.0	NA	0.00352980802	0.00030656039	0.0028383659119	0.0892181	0.08952466	83749972	83750056	89349940	89349940	0.14627873	1	401730.0	20.87643	1.0046016	NA	NA	0.0	1.0081244	1.0081244	1	1	1:1	2	neutral	4131095
11	89850037	102429983	NA	12579947	186469	2.0162488	185738	9309	23460.0	mappable	0.078725	4.0	NA	0.00010480802	9.961152e-05	0.0037383659119	0.08480102	0.08490063	89850037	89850037	102429962	102429983	0.13905743	1	401730.0	20.87643	1.0046016	NA	NA	0.0	1.0081244	1.0081244	1	1	1:1	2	neutral	4131095
11	102429984	102450005	NA	20022	365	2.5421749	365	0	46.0	mappable	NA	NA	NA	NA	inf	0.0928616340881	0.13996488	inf	102429984	102430005	102449951	102450059	NA	missing	454145.7	NA	1.0968	NA	NA	NA	NA	NA	NA	NA	NA	NA	NA	4131095
11	102450005	134939862	NA	32489865	477574	2.0162488	475795	21947	63009.0	mappable	0.078725	4.0	edge	0.00113086439	4.214785e-05	0.0026912661955	0.08014912	0.08019127	102449951	102450059	134939862	134939862	0.14461269	1	401730.0	20.87643	1.0046016	NA	NA	0.0	1.0081244	1.0081244	1	1	1:1	2	neutral	4131095
12	160107	1600023	NA	1439917	21464	2.0162488	21239	1115	3007.0	mappable	0.0753	4.0	edge	0.00010480802	0.00074626866	0.0092616340881	0.0977634	0.09850967	160107	160107	1599989	1600057	0.20131441	1	401730.0	20.87643	1.0046016	NA	NA	0.0	1.0081244	1.0081244	1	1	1:1	2	neutral	4131095
12	1600023	1630007	NA	29985	602	2.4069833	601	3	78.0	mappable	0.18174896	NA	NA	0.25184219659	0.25	0.0691616340881	0.13448133	0.38448133	1599989	1600057	1629996	1630018	NA	missing	378537.6	22.71226	1.0731	NA	NA	NA	NA	NA	NA	NA	NA	NA	NA	4131095
12	1630007	33320018	NA	31690016	434437	2.0162488	432846	20829	57065.0	mappable	0.078725	4.0	NA	0.0001607924	4.460303e-05	0.0001218398256	0.08026479	0.0803094	1629996	1630018	33319976	33320018	0.1424891	1	401730.0	20.87643	1.0046016	NA	NA	0.0	1.0081244	1.0081244	1	1	1:1	2	neutral	4131095
12	33320019	33330014	NA	9996	180	1.2427386	180	0	26.0	mappable	NA	NA	NA	NA	inf	0.1349383659119	0.15052154	inf	33320019	33320061	33329985	33330014	NA	missing	407682.0	NA	0.869	NA	NA	NA	NA	NA	NA	NA	NA	NA	NA	4131095
12	33330015	34819969	NA	1489955	21811	2.0162488	21805	63	2915.0	mappable	0.08804535	4.0	NA	0.00388279908	0.01449275362	0.0193383659119	0.09752845	0.1120212	33330015	33330044	34819969	34819969	0.38554008	2	401730.0	20.87643	1.0046016	20.02955	0.5558859	0.1117717	0.8954446	1.1208042	1	1	1:1	2	mixDH	4131095
12	38000003	38232543	NA	232541	8463	1.5304861	8447	5	1129.0	mappable	0.03639068	5.0	NA	0.02421389893	0.04761904762	0.0535383659119	0.11218859	0.15980763	38000003	38000003	38232522	38232543	NA	missing	370923.5	20.30036	0.9194441	NA	NA	NA	NA	NA	NA	NA	NA	NA	NA	4131095
12	38232544	133810002	NA	95577473	1294621	2.0162488	1289785	60451	170384.0	mappable	0.078725	4.0	self	9.705714e-05	1.531745e-05	0.0033945726855	0.07544275	0.07545807	38232544	38232565	133809992	133810012	0.16151596	1	401730.0	20.87643	1.0046016	NA	NA	0.0	1.0081244	1.0081244	1	1	1:1	2	neutral	4131095
12	133810002	133819926	NA	9925	184	2.4549073	184	24	25.0	mappable	0.05762955	1.0	edge	0.02120026257	0.04166666667	0.0907616340881	0.15063813	0.19230479	133809992	133810012	133819926	133819926	NA	missing	437311.9	23.63315	1.0815014	NA	NA	NA	NA	NA	NA	NA	NA	NA	NA	4131095
13	19450038	35526427	NA	16076391	227359	2.0162488	226443	11891	30291.0	mappable	0.08215	4.0	edge	0.00248263381	7.809449e-05	0.0017431834032	0.08354763	0.08362573	19450038	19450038	35526238	35526427	0.15726566	1	401730.0	20.87643	1.0046016	NA	NA	0.0	1.0081244	1.0081244	1	1	1:1	2	neutral	4131095
13	35526428	35539156	DUP	12729	141	2.568985	141	0	21.0	mappable	NA	NA	NA	NA	inf	0.0975616340881	0.14667239	inf	35526428	35526480	35539134	35539156	NA	missing	488281.7	NA	1.1015	NA	NA	NA	NA	NA	NA	NA	NA	NA	NA	4131095
13	35539157	82218837	DUP	46679684	644863	2.0162488	642688	30944	81706.0	mappable	0.078725	4.0	NA	0.00026371084	3.019597e-05	0.0031184166915	0.07850436	0.07853456	35539157	35539179	82218796	82218837	0.14163411	1	401730.0	20.87643	1.0046016	NA	NA	0.0	1.0081244	1.0081244	1	1	1:1	2	neutral	4131095
13	82218838	82223228	DEL	4391	61	1.8553789	51	0	5.0	mappable	NA	NA	identical	0.38657019198	0.1	0.0275383659119	0.1652847	0.2652847	82218838	82218851	82223214	82223228	NA	missing	425085.3	NA	0.9764	NA	NA	NA	NA	NA	NA	NA	NA	NA	NA	4131095
13	82223229	115049980	DEL	32826757	494578	2.0162488	492539	25458	64221.0	mappable	0.078725	4.0	self	0.00053521561	3.637025e-05	0.0006209646689	0.08010135	0.08013772	82223229	82223248	115049956	115050004	0.15646594	1	401730.0	20.87643	1.0046016	NA	NA	0.0	1.0081244	1.0081244	1	1	1:1	2	neutral	4131095
13	115049980	115099984	NA	50005	673	2.4549073	672	5	96.0	mappable	0.03532035	1.0	edge	0.03126942596	0.16666666667	0.0393616340881	0.12812476	0.29479143	115049956	115050004	115099984	115099984	NA	missing	437311.9	23.63315	1.0815014	NA	NA	NA	NA	NA	NA	NA	NA	NA	NA	4131095
14	20330060	46789957	NA	26459903	362012	2.0162488	360779	16783	46150.0	mappable	0.078725	4.0	edge	0.00044913873	5.55093e-05	0.0052305098188	0.08111187	0.08116738	20330060	20330060	46789888	46790026	0.16087105	1	401730.0	20.87643	1.0046016	NA	NA	0.0	1.0081244	1.0081244	1	1	1:1	2	neutral	4131095
14	46789957	46800013	NA	10057	145	2.545027	145	0	17.0	mappable	NA	NA	NA	NA	inf	0.0933616340881	0.15042217	inf	46789888	46790026	46799990	46800013	NA	missing	458025.0	NA	1.0973	NA	NA	NA	NA	NA	NA	NA	NA	NA	NA	4131095
14	46800014	99799968	NA	52999957	758103	2.0162488	755636	34385	99885.0	mappable	0.078725	4.0	NA	0.00011344993	2.713557e-05	0.0011487833618	0.07794388	0.07797101	46800014	46800037	99799928	99799968	0.14423554	1	401730.0	20.87643	1.0046016	NA	NA	0.0	1.0081244	1.0081244	1	1	1:1	2	neutral	4131095
14	99799969	99820012	NA	20044	347	1.4743326	347	0	40.0	mappable	NA	NA	NA	NA	inf	0.0943383659119	0.13994937	inf	99799969	99800009	99819982	99820042	NA	missing	327499.8	NA	0.9096	NA	NA	NA	NA	NA	NA	NA	NA	NA	NA	4131095
14	99820012	106055707	NA	6235696	87014	2.0162488	86543	3797	12193.0	mappable	0.085575	4.0	NA	0.00674519198	0.00023430178	0.0113383659119	0.08860488	0.08883919	99819982	99820042	106009942	106055707	0.16750673	1	401730.0	20.87643	1.0046016	NA	NA	0.0	1.0081244	1.0081244	1	1	1:1	2	neutral	4131095
14	106055708	106057737	INV	2030	0	0.0	0	0	NA	mappable	NA	NA	NA	NA	inf	1.0039383659119	0.18202894	inf	106055708	106055708	106057737	106057737	NA	missing	NA	NA	0.0	NA	NA	0.0	0.0	0.0	0	0	NA	0	homozygousDel	4131095
14	106069038	106071283	DEL	2246	0	0.0	0	0	NA	mappable	NA	NA	NA	NA	inf	1.0039383659119	0.1796438	inf	106069038	106069038	106071283	106071283	NA	missing	NA	NA	0.0	NA	NA	0.0	0.0	0.0	0	0	NA	0	homozygousDel	4131095
14	106071284	106114254	INV	42971	0	0.0	0	0	NA	mappable	NA	NA	NA	NA	inf	1.0039383659119	0.12994543	inf	106071284	106071284	106114254	106114254	NA	missing	NA	NA	0.0	NA	NA	0.0	0.0	0.0	0	0	NA	0	homozygousDel	4131095
14	106114255	106178885	DEL	64631	0	0.0	0	0	NA	mappable	NA	NA	NA	NA	inf	1.0039383659119	0.12515693	inf	106114255	106114255	106178885	106178885	NA	missing	NA	NA	0.0	NA	NA	0.0	0.0	0.0	0	0	NA	0	homozygousDel	4131095
14	106178886	106211813	CTX	32928	0	0.0	0	0	NA	mappable	NA	NA	NA	NA	inf	1.0039383659119	0.1332709	inf	106178886	106178886	106211813	106211813	NA	missing	NA	NA	0.0	NA	NA	0.0	0.0	0.0	0	0	NA	0	homozygousDel	4131095
14	106211814	106211892	CTX	79	0	0.0	0	0	NA	mappable	NA	NA	NA	NA	inf	1.0039383659119	0.31726992	inf	106211814	106211814	106211892	106211892	NA	missing	NA	NA	0.0	NA	NA	0.0	0.0	0.0	0	0	NA	0	homozygousDel	4131095
14	106211893	106212120	CTX	228	0	0.0	0	0	NA	mappable	NA	NA	NA	NA	inf	1.0039383659119	0.2553336	inf	106211893	106211893	106212120	106212120	NA	missing	NA	NA	0.0	NA	NA	0.0	0.0	0.0	0	0	NA	0	homozygousDel	4131095
14	106212121	107153247	CTX	941130	10431	0.5907484	10091	632	1372.0	mappable	0.20768571	NA	NA	0.20252562239	0.00102880658	0.2492366690468	0.10078596	0.10181476	106212121	106250082	107153223	107153247	0.63264135	2	324909.7	20.11346	0.7547017	21.56344	1.3675505	1.0	0.0	0.5907484	sub	0	sub:0	sub	sub	4131095
14	107153248	107259908	NA	106661	2000	1.7789414	1929	127	238.0	mappable	0.21211974	NA	edge	0.08980966566	0.00505050505	0.0409383659119	0.11974131	0.12479182	107153248	107153272	107259908	107259908	0.60783291	2	391524.4	23.49147	0.963	20.36401	0.8087919	0.6175838	0.340148	1.4387934	sub	sub	sub:sub	sub	sub	4131095
15	20850000	20859924	NA	9925	165	1.2012952	135	0	7.0	mappable	NA	2.0	edge	0.14231087825	0.03333333333	0.1346383659119	0.15063813	0.18397146	20850000	20850000	20859924	20859924	NA	missing	415266.9	NA	0.8617347	NA	NA	NA	NA	NA	NA	NA	NA	NA	NA	4131095
15	22480079	23049985	NA	569907	3728	1.5304861	3696	177	551.0	mappable	0.08064167	5.0	NA	0.00361081698	0.004784689	0.0986383659119	0.1046005	0.10938519	22480079	22480079	23049867	23049985	0.21739275	1	370923.5	20.30036	0.9194441	NA	NA	0.0	0.7652431	0.7652431	1	1	1:1	2	neutral	4131095
15	23049986	23069956	NA	19971	323	2.0162488	322	28	46.0	mappable	0.08811087	4.0	self	0.00422345285	0.03448275862	0.0220383659119	0.14000093	0.17448369	23049986	23050104	23069956	23069956	NA	missing	401730.0	20.87643	1.0046016	NA	NA	NA	NA	NA	NA	NA	NA	NA	NA	4131095
15	23710146	24329926	NA	619781	10361	1.5304861	10304	644	1308.0	mappable	0.09528382	5.0	NA	0.01397289468	0.00142653352	0.0945383659119	0.10394255	0.10536908	23710146	23710146	24329926	24329926	0.30910408	2	370923.5	20.30036	0.9194441	20.20644	0.6620644	0.3241287	0.5172058	1.0132803	1	sub	1:sub	sub	sub	4131095
15	24329927	24830091	NA	500165	0	0.0	0	0	NA	mappable	NA	NA	NA	NA	inf	1.0039383659119	0.10564099	inf	24329927	24329927	24830091	24830091	NA	missing	NA	NA	0.0	NA	NA	0.0	0.0	0.0	0	0	NA	0	homozygousDel	4131095
15	24830092	28529988	NA	3699897	57365	1.5304861	57138	2635	7641.0	mappable	0.09585	5.0	NA	0.01702019198	0.00034952814	0.1061383659119	0.091663	0.09201253	24830092	24830092	28529988	28529988	0.38911704	2	370923.5	20.30036	0.9194441	20.20644	0.6620644	0.3241287	0.5172058	1.0132803	1	sub	1:sub	sub	sub	4131095
15	29100034	30369914	NA	1269881	18279	1.5304861	18232	729	2465.0	mappable	0.07598235	5.0	NA	1.069038e-05	0.00128865979	0.0956383659119	0.09863751	0.09992617	29100034	29100034	30369914	30369914	0.34830223	2	370923.5	20.30036	0.9194441	20.20644	0.6620644	0.3241287	0.5172058	1.0132803	1	sub	1:sub	sub	sub	4131095
15	31160110	31490033	NA	329924	4807	1.5304861	4790	145	627.0	mappable	0.08070526	5.0	NA	0.00695480802	0.00617283951	0.0840383659119	0.10910019	0.11527303	31160110	31160110	31489998	31490068	0.51293961	2	370923.5	20.30036	0.9194441	20.20644	0.6620644	0.3241287	0.5172058	1.0132803	1	sub	1:sub	sub	sub	4131095
15	31490033	33380000	NA	1889970	20634	2.0162488	20556	1049	2708.0	mappable	0.08194167	4.0	self	0.00304111229	0.00088731145	0.0809901639152	0.09592357	0.09681089	31489998	31490068	33379996	33380000	0.32897992	2	401730.0	20.87643	1.0046016	20.02955	0.5558859	0.1117717	0.8954446	1.1208042	1	1	1:1	2	mixDH	4131095
15	33380001	36550017	NA	3170019	42213	1.5304861	42071	2106	5611.0	mappable	0.08738676	5.0	identical	0.01141524866	0.00044503783	0.0941926596129	0.09260949	0.09305452	33380001	33380005	36549926	36550017	0.30894504	2	370923.5	20.30036	0.9194441	20.20644	0.6620644	0.3241287	0.5172058	1.0132803	1	sub	1:sub	sub	sub	4131095
15	36550018	36569990	NA	19973	297	2.0162488	291	43	32.0	mappable	0.10224032	4.0	self	0.01567019198	0.02040816327	0.0394383659119	0.13999952	0.16040768	36550018	36550109	36569976	36570004	0.39014955	2	401730.0	20.87643	1.0046016	20.02955	0.5558859	0.1117717	0.8954446	1.1208042	1	1	1:1	2	mixDH	4131095
15	36569990	61536891	NA	24966903	346563	1.5304861	345396	15389	45669.0	mappable	0.089	5.0	NA	0.01087476771	6.040106e-05	0.0826862775471	0.08138844	0.08144884	36569976	36570004	61536886	61536896	0.3700468	2	370923.5	20.30036	0.9194441	20.20644	0.6620644	0.3241287	0.5172058	1.0132803	1	sub	1:sub	sub	sub	4131095
15	61536891	61580010	NA	43120	571	1.8234349	569	0	62.0	mappable	NA	NA	NA	0.07882980802	0.5	0.0331383659119	0.12990328	0.62990328	61536886	61536896	61579981	61580010	NA	missing	401529.3	NA	0.9708	NA	NA	NA	NA	NA	NA	NA	NA	NA	NA	4131095
15	61580011	82479795	NA	20899785	275195	1.5304861	274257	11091	37151.0	mappable	0.089	5.0	NA	0.01017019198	8.314625e-05	0.0888383659119	0.08224704	0.08233019	61580011	61580040	82479795	82479795	0.35565357	2	370923.5	20.30036	0.9194441	20.20644	0.6620644	0.3241287	0.5172058	1.0132803	1	sub	1:sub	sub	sub	4131095
15	83211507	87320001	NA	4108495	52229	1.5304861	52022	2455	7052.0	mappable	0.085575	5.0	NA	0.01017019198	0.0003756574	0.0832383659119	0.09103249	0.09140814	83211507	83211507	87319983	87320019	0.36067502	2	370923.5	20.30036	0.9194441	20.20644	0.6620644	0.3241287	0.5172058	1.0132803	1	sub	1:sub	sub	sub	4131095
15	87320001	87339992	NA	19992	430	2.0162488	429	2	56.0	mappable	0.04059829	4.0	self	0.0198909317	0.33333333333	0.0424383659119	0.13998608	0.47331941	87319983	87320019	87339978	87340006	NA	missing	401730.0	20.87643	1.0046016	NA	NA	NA	NA	NA	NA	NA	NA	NA	NA	4131095
15	87339992	98500001	NA	11160011	178322	1.5304861	177655	8895	23290.0	mappable	0.089	5.0	NA	0.01066394634	0.00010458063	0.0871292531833	0.08542688	0.08553146	87339978	87340006	98499997	98500001	0.34773746	2	370923.5	20.30036	0.9194441	20.20644	0.6620644	0.3241287	0.5172058	1.0132803	1	sub	1:sub	sub	sub	4131095
15	98500002	98510075	NA	10074	181	1.898161	180	9	23.0	mappable	0.20660327	NA	NA	0.12459783127	0.1	0.0200383659119	0.15039461	0.25039461	98500002	98500006	98509950	98510075	NA	missing	356700.0	21.17906	0.9839	NA	NA	NA	NA	NA	NA	NA	NA	NA	NA	4131095
15	98510076	102399920	NA	3889845	64784	1.5304861	64560	3663	8571.0	mappable	0.078725	5.0	edge	0.00010480802	0.00025726782	0.0901383659119	0.09136057	0.09161784	98510076	98510201	102399920	102399920	0.33562718	2	370923.5	20.30036	0.9194441	20.20644	0.6620644	0.3241287	0.5172058	1.0132803	1	sub	1:sub	sub	sub	4131095
16	100010	16289940	NA	16189936	298144	2.0162488	296822	15191	40445.0	mappable	0.078725	4.0	edge	0.00012390051	6.055835e-05	0.008138279712	0.08351221	0.08357277	100010	100010	16289940	16289940	0.16000321	1	401730.0	20.87643	1.0046016	NA	NA	0.0	1.0081244	1.0081244	1	1	1:1	2	neutral	4131095
16	16870104	18169896	NA	1299793	20451	2.0162488	20372	995	2749.0	mappable	0.0753	4.0	self	0.00352980802	0.0009310987	0.0195383659119	0.09847438	0.09940548	16870104	16870104	18169896	18169896	0.13402973	1	401730.0	20.87643	1.0046016	NA	NA	0.0	1.0081244	1.0081244	1	1	1:1	2	neutral	4131095
16	18800044	29039945	NA	10239902	125212	2.0162488	124595	5801	17133.0	mappable	0.08215	4.0	self	0.00332019198	0.00015581178	0.0061383659119	0.08588225	0.08603806	18800044	18800044	29039945	29039945	0.15542732	1	401730.0	20.87643	1.0046016	NA	NA	0.0	1.0081244	1.0081244	1	1	1:1	2	neutral	4131095
16	29670028	31959970	NA	2289943	17553	2.0162488	17495	632	2478.0	mappable	0.08215	4.0	self	0.00010480802	0.00144927536	0.0049616340881	0.09466613	0.09611541	29670028	29670028	31959970	31959970	0.17072227	1	401730.0	20.87643	1.0046016	NA	NA	0.0	1.0081244	1.0081244	1	1	1:1	2	neutral	4131095
16	32520030	32649899	NA	129870	3149	2.0162488	2807	0	444.0	mappable	NA	4.0	self	0.01396329859	0.00292397661	0.0177383659119	0.11773911	0.12066309	32520030	32520030	32649899	32649899	NA	missing	401730.0	NA	1.0046016	NA	NA	NA	NA	NA	NA	NA	NA	NA	NA	4131095
16	33590105	35279959	NA	1689855	15435	2.0162488	15364	94	2112.0	mappable	0.06148684	4.0	self	0.00695480802	0.00606060606	0.0331383659119	0.09667221	0.10273282	33590105	33590105	35279959	35279959	0.19404186	1	401730.0	20.87643	1.0046016	NA	NA	0.0	1.0081244	1.0081244	1	1	1:1	2	neutral	4131095
16	46450014	63370014	NA	16920003	236681	2.0162488	235856	10103	31210.0	mappable	0.078725	4.0	NA	0.00287043284	9.150805e-05	0.0064952175392	0.0832909	0.08338241	46450014	46450014	63369999	63370029	0.14599547	1	401730.0	20.87643	1.0046016	NA	NA	0.0	1.0081244	1.0081244	1	1	1:1	2	neutral	4131095
16	63370014	63389999	NA	19986	277	1.7527017	277	0	26.0	mappable	NA	NA	NA	NA	inf	0.0455383659119	0.13999032	inf	63369999	63370029	63389997	63390001	NA	missing	421805.2	NA	0.9584	NA	NA	NA	NA	NA	NA	NA	NA	NA	NA	4131095
16	63389999	87779989	NA	24389994	431119	2.0162488	429674	20346	57591.0	mappable	0.078725	4.0	NA	0.0020207903	4.589682e-05	0.0035199099868	0.0815003	0.0815462	63389997	63390001	87779975	87780003	0.15170436	1	401730.0	20.87643	1.0046016	NA	NA	0.0	1.0081244	1.0081244	1	1	1:1	2	neutral	4131095
16	87779989	87809995	NA	30007	521	1.6528767	521	0	68.0	mappable	NA	NA	NA	NA	inf	0.0630383659119	0.13447176	inf	87779975	87780003	87799981	87820009	NA	missing	344623.9	NA	0.9409	NA	NA	NA	NA	NA	NA	NA	NA	NA	NA	4131095
16	87809995	90109969	NA	2299975	34631	2.0162488	34426	1283	5202.0	mappable	0.085575	4.0	edge	0.0019214974	0.00067249496	0.0030402630621	0.09463788	0.09531038	87799981	87820009	90109969	90109969	0.16246575	1	401730.0	20.87643	1.0046016	NA	NA	0.0	1.0081244	1.0081244	1	1	1:1	2	neutral	4131095
17	20080	18239982	NA	18219905	232437	2.0162488	231352	11761	31826.0	mappable	0.078725	4.0	edge	0.00138928352	7.784524e-05	0.0125526484917	0.08292214	0.08299998	20080	20080	18239982	18239982	0.16132118	1	401730.0	20.87643	1.0046016	NA	NA	0.0	1.0081244	1.0081244	1	1	1:1	2	neutral	4131095
17	18750212	22239986	NA	3489775	25846	2.0162488	25107	1077	3648.0	mappable	0.08995	4.0	self	0.01702019198	0.00055066079	0.0082383659119	0.09201874	0.0925694	18750212	18750212	22239986	22239986	0.1852772	1	401730.0	20.87643	1.0046016	NA	NA	0.0	1.0081244	1.0081244	1	1	1:1	2	neutral	4131095
17	25390040	44279982	NA	18889944	211066	2.0162488	210257	8338	29375.0	mappable	0.08215	4.0	self	0.00343902781	0.00010932546	0.0047003294684	0.08274339	0.08285272	25390040	25390040	44279982	44279982	0.16506838	1	401730.0	20.87643	1.0046016	NA	NA	0.0	1.0081244	1.0081244	1	1	1:1	2	neutral	4131095
17	44790026	45780077	NA	990052	8589	2.0054016	8578	5	1188.0	mappable	0.12411767	NA	NA	0.31945639887	0.0625	0.0012383659119	0.100416	0.162916	44790026	44790026	45779906	45780077	NA	missing	379486.0	21.5042	1.0027	NA	NA	NA	NA	NA	NA	NA	NA	NA	NA	4131095
17	45780078	45819983	NA	39906	471	2.4549073	471	1	77.0	mappable	0.10638298	1.0	NA	0.0275531707	1.0	0.0505616340881	0.13085307	1.13085307	45780078	45780249	45819855	45819983	NA	missing	437311.9	23.63315	1.0815014	NA	NA	NA	NA	NA	NA	NA	NA	NA	NA	4131095
17	45819984	81149937	NA	35329956	467136	2.0162488	465210	20504	64353.0	mappable	0.08215	4.0	edge	0.0033212074	4.458514e-05	0.0048600133551	0.07976266	0.07980725	45819984	45820112	81149937	81149937	0.16735454	1	401730.0	20.87643	1.0046016	NA	NA	0.0	1.0081244	1.0081244	1	1	1:1	2	neutral	4131095
18	130031	14119956	NA	13989928	212685	2.8894757	212005	11105	28359.0	mappable	0.106125	NA	edge	0.02679711815	8.485363e-05	0.1537458506525	0.0842535	0.08433836	130031	130031	14119956	14119956	0.54987727	2	466407.6	26.52122	1.1576842	20.1793	0.6568448	0.3136896	0.9915385	1.8979372	2	1	2:1	3	gain	4131095
18	14119957	14910026	NA	790070	0	0.0	0	0	NA	mappable	NA	NA	NA	NA	inf	1.0039383659119	0.10208446	inf	14119957	14119957	14910026	14910026	NA	missing	NA	NA	0.0	NA	NA	0.0	0.0	0.0	0	0	NA	0	homozygousDel	4131095
18	14910027	14929888	NA	19862	364	2.560999	364	0	52.0	mappable	NA	NA	NA	NA	inf	0.0961616340881	0.14007836	inf	14910027	14910027	14929888	14929888	NA	missing	435390.8	NA	1.1001	NA	NA	NA	NA	NA	NA	NA	NA	NA	NA	4131095
18	18540053	75244976	NA	56704928	829308	2.0162488	826508	36804	107644.0	mappable	0.078725	4.0	NA	0.00020757798	2.524997e-05	0.0003187097649	0.07764888	0.07767413	18540053	18540053	75239880	75244976	0.14501418	1	401730.0	20.87643	1.0046016	NA	NA	0.0	1.0081244	1.0081244	1	1	1:1	2	neutral	4131095
18	75244977	75280052	NA	35076	481	2.397286	481	0	61.0	mappable	NA	NA	NA	NA	inf	0.0674616340881	0.13246615	inf	75244977	75250073	75279991	75280113	NA	missing	417237.6	NA	1.0714	NA	NA	NA	NA	NA	NA	NA	NA	NA	NA	4131095
18	75280052	78009968	NA	2729917	49052	2.0162488	48647	2238	7213.0	mappable	0.085575	4.0	edge	0.0064095885	0.00037835793	0.012199623353	0.09354351	0.09392187	75279991	75280113	78009968	78009968	0.18881598	1	401730.0	20.87643	1.0046016	NA	NA	0.0	1.0081244	1.0081244	1	1	1:1	2	neutral	4131095
19	260137	24569972	NA	24309837	257272	2.0162488	255444	12417	36600.0	mappable	0.08215	4.0	edge	0.00235689784	7.020007e-05	0.0111213555105	0.08151608	0.08158628	260137	260137	24569972	24569972	0.18212423	1	401730.0	20.87643	1.0046016	NA	NA	0.0	1.0081244	1.0081244	1	1	1:1	2	neutral	4131095
19	27750002	31530116	NA	3780116	63903	2.0162488	63502	3655	8346.0	mappable	0.08215	4.0	NA	0.00374237677	0.00024654832	0.0345590519517	0.09153318	0.09177973	27750002	27750002	31529894	31530338	0.13725778	1	401730.0	20.87643	1.0046016	NA	NA	0.0	1.0081244	1.0081244	1	1	1:1	2	neutral	4131095
19	31530116	31539960	NA	9845	152	2.3505109	152	0	16.0	mappable	NA	NA	NA	NA	inf	0.0592616340881	0.15077072	inf	31529894	31530338	31539866	31540054	NA	missing	389315.6	NA	1.0632	NA	NA	NA	NA	NA	NA	NA	NA	NA	NA	4131095
19	31539960	43209995	NA	11670038	133674	2.0162488	133082	5793	18508.0	mappable	0.0817	4.0	NA	0.00432332755	0.00015661707	0.0114256222221	0.08519228	0.0853489	31539866	31540054	43209995	43209995	0.15916631	1	401730.0	20.87643	1.0046016	NA	NA	0.0	1.0081244	1.0081244	1	1	1:1	2	neutral	4131095
19	43209996	43800005	NA	590010	0	0.0	0	0	NA	mappable	NA	NA	NA	NA	inf	1.0039383659119	0.10432761	inf	43209996	43209996	43800005	43800005	NA	missing	NA	NA	0.0	NA	NA	0.0	0.0	0.0	0	0	NA	0	homozygousDel	4131095
19	43800006	59089999	NA	15289995	162622	2.0162488	161785	7739	22951.0	mappable	0.08215	4.0	edge	0.0031692949	0.00011660448	0.0108649557952	0.08380093	0.08391753	43800006	43800006	59089999	59089999	0.20334062	1	401730.0	20.87643	1.0046016	NA	NA	0.0	1.0081244	1.0081244	1	1	1:1	2	neutral	4131095
20	60479	25729738	NA	25669267	400453	2.0162488	399334	18037	53000.0	mappable	0.0799973	4.0	edge	0.00104131312	5.220569e-05	0.0076929900501	0.08125609	0.0813083	60479	60479	25729738	25729738	0.15205516	1	401730.0	20.87643	1.0046016	NA	NA	0.0	1.0081244	1.0081244	1	1	1:1	2	neutral	4131095
20	29810057	62909989	NA	33099936	497498	2.0162488	495478	21647	68290.0	mappable	0.08215	4.0	edge	0.00323522241	4.225293e-05	0.0063070900073	0.08006301	0.08010526	29810057	29810057	62909989	62909989	0.15420156	1	401730.0	20.87643	1.0046016	NA	NA	0.0	1.0081244	1.0081244	1	1	1:1	2	neutral	4131095
21	10720001	11014966	NA	294966	4841	1.5304861	4658	0	582.0	mappable	NA	5.0	edge	0.00057980802	0.00546448087	0.0827383659119	0.1100704	0.11553488	10720001	10720001	10859932	11170000	NA	missing	370923.5	NA	0.9194441	NA	NA	NA	NA	NA	NA	NA	NA	NA	NA	4131095
21	11014966	11179964	NA	164999	291	1.890175	258	0	41.0	mappable	NA	NA	NA	0.3017668136	0.0303030303	0.0214383659119	0.11539284	0.14569587	10859932	11170000	11179964	11179964	NA	missing	2023012.0	NA	0.9825	NA	NA	NA	NA	NA	NA	NA	NA	NA	NA	4131095
21	15410077	35969998	NA	20559922	322787	2.0162488	321425	14463	41490.0	mappable	0.0753	4.0	self	0.00352980802	6.319515e-05	0.0035616340881	0.08232712	0.08239031	15410077	15410077	35969971	35970025	0.16223806	1	401730.0	20.87643	1.0046016	NA	NA	0.0	1.0081244	1.0081244	1	1	1:1	2	neutral	4131095
21	35969998	36000004	NA	30007	453	1.6728417	453	7	67.0	mappable	0.03480771	NA	NA	0.04402210126	0.14285714286	0.0595383659119	0.13447176	0.2773289	35969971	35970025	35999995	36000004	NA	missing	378942.2	19.38774	0.9444	NA	NA	NA	NA	NA	NA	NA	NA	NA	NA	4131095
21	36000005	36019945	NA	19941	367	2.4549073	364	6	55.0	mappable	0.05855918	1.0	NA	0.00850327741	0.11111111111	0.0638616340881	0.14002219	0.2511333	36000005	36000014	36019817	36019945	NA	missing	437311.9	23.63315	1.0815014	NA	NA	NA	NA	NA	NA	NA	NA	NA	NA	4131095
21	36019946	48099931	NA	12079988	192765	2.0162488	191711	9419	26396.0	mappable	0.08215	4.0	edge	0.00496660714	9.549274e-05	0.0040932913393	0.08501191	0.0851074	36019946	36020074	48099931	48099931	0.17172338	1	401730.0	20.87643	1.0046016	NA	NA	0.0	1.0081244	1.0081244	1	1	1:1	2	neutral	4131095
22	16850007	22710008	NA	5860004	55501	2.0162488	55182	2833	7738.0	mappable	0.08215	4.0	edge	0.00269341533	0.00031725888	0.0012810282063	0.0889582	0.08927546	16850007	16850007	22709995	22710021	0.17648641	1	401730.0	20.87643	1.0046016	NA	NA	0.0	1.0081244	1.0081244	1	1	1:1	2	neutral	4131095
22	22710008	23245009	NA	535003	7805	0.5098782	7763	451	1043.0	mappable	0.09241212	NA	identical	0.11642201642	0.00202839757	0.2634137278594	0.1051017	0.1071301	22709995	22710021	23239965	23250053	0.48221428	2	279727.5	16.24224	0.7405246	18.92022	1.1681172	1.0	0.0	0.5098782	sub	0	sub:0	sub	sub	4131095
22	23245009	51179984	NA	27934980	392727	2.0162488	390976	17553	54605.0	mappable	0.08215	4.0	edge	0.00199612389	5.180542e-05	0.0089811187657	0.08085522	0.08090703	23239965	23250053	51179984	51179984	0.16265707	1	401730.0	20.87643	1.0046016	NA	NA	0.0	1.0081244	1.0081244	1	1	1:1	2	neutral	4131095
23	2700027	58499983	NA	55799957	490769	1.5304861	489176	20092	63814.0	mappable	0.09585	5.0	edge	0.01359519198	4.611483e-05	0.0963383659119	0.07771892	0.07776503	2700027	2700027	58499983	58499983	0.38493027	2	370923.5	20.30036	0.9194441	20.20644	0.6620644	0.3241287	0.5172058	1.0132803	1	sub	1:sub	sub	sub	4131095
23	61750000	79503210	NA	17753211	149718	1.5304861	149408	2601	19515.0	mappable	0.0894	5.0	NA	0.01239519198	0.00034352456	0.1124383659119	0.08305104	0.08339457	61750000	61750000	79503150	79503210	0.36063846	2	370923.5	20.30036	0.9194441	20.20644	0.6620644	0.3241287	0.5172058	1.0132803	1	sub	1:sub	sub	sub	4131095
23	79503211	79528840	DUP	25630	188	2.1753893	188	11	22.0	mappable	0.14582174	6.0	NA	0.06699193111	0.09090909091	0.0285616340881	0.13656029	0.22746938	79503211	79503502	79528760	79528840	NA	missing	432110.9	25.12273	1.0325	NA	NA	NA	NA	NA	NA	NA	NA	NA	NA	4131095
23	79528841	88459980	DUP	8931140	95865	1.5304861	95517	4296	11844.0	mappable	0.08497143	5.0	NA	0.00674519198	0.00021537799	0.1016383659119	0.08661603	0.08683141	79528841	79528880	88459980	88459980	0.35212622	2	370923.5	20.30036	0.9194441	20.20644	0.6620644	0.3241287	0.5172058	1.0132803	1	sub	1:sub	sub	sub	4131095
23	88990017	89349936	NA	359920	1090	1.5304861	1090	57	121.0	mappable	0.09733947	5.0	NA	0.01850966566	0.01754385965	0.0955383659119	0.10835811	0.12590197	88990017	88990017	89349936	89349936	0.33746476	2	370923.5	20.30036	0.9194441	20.20644	0.6620644	0.3241287	0.5172058	1.0132803	1	sub	1:sub	sub	sub	4131095
23	89349937	90140198	NA	790262	0	0.0	0	0	NA	mappable	NA	NA	NA	NA	inf	1.0039383659119	0.10208263	inf	89349937	89349937	90140198	90140198	NA	missing	NA	NA	0.0	NA	NA	0.0	0.0	0.0	0	0	NA	0	homozygousDel	4131095
23	90140199	91529952	NA	1389754	5103	1.5304861	5090	230	656.0	mappable	0.09394722	5.0	NA	0.01846463642	0.00411522634	0.0909383659119	0.09800848	0.1021237	90140199	90140199	91529952	91529952	0.20929474	1	370923.5	20.30036	0.9194441	NA	NA	0.0	0.7652431	0.7652431	1	1	1:1	2	neutral	4131095
23	91529953	92379999	NA	850047	0	0.0	0	0	NA	mappable	NA	NA	NA	NA	inf	1.0039383659119	0.10153736	inf	91529953	91529953	92379999	92379999	NA	missing	NA	NA	0.0	NA	NA	0.0	0.0	0.0	0	0	NA	0	homozygousDel	4131095
23	92380000	121659994	NA	29279995	266081	1.5304861	265184	9416	34028.0	mappable	0.089	5.0	NA	0.01017019198	9.699321e-05	0.0973383659119	0.08063407	0.08073106	92380000	92380000	121659962	121659994	0.36438278	2	370923.5	20.30036	0.9194441	20.20644	0.6620644	0.3241287	0.5172058	1.0132803	1	sub	1:sub	sub	sub	4131095
23	121659995	121684942	NA	24948	263	1.7595469	262	0	32.0	mappable	NA	NA	NA	0.04179277099	1.0	0.0443383659119	0.13692406	1.13692406	121659995	121660027	121679865	121684942	NA	missing	402795.0	NA	0.9596	NA	NA	NA	NA	NA	NA	NA	NA	NA	NA	4131095
23	121684943	141069995	NA	19385053	168622	1.5304861	168036	6689	21638.0	mappable	0.08559423	5.0	NA	0.00674519198	0.00013745704	0.0973383659119	0.08261581	0.08275327	121684943	121690020	141069987	141069995	0.37294658	2	370923.5	20.30036	0.9194441	20.20644	0.6620644	0.3241287	0.5172058	1.0132803	1	sub	1:sub	sub	sub	4131095
23	141069996	141089988	NA	19993	237	1.0054403	233	0	26.0	mappable	NA	NA	NA	0.42257019198	0.25	0.1765383659119	0.13998537	0.38998537	141069996	141070004	141089975	141090001	NA	missing	359557.9	NA	0.8274	NA	NA	NA	NA	NA	NA	NA	NA	NA	NA	4131095
23	141089988	154929639	NA	13839652	131830	1.5304861	131328	5864	16755.0	mappable	0.089	5.0	edge	0.00997489273	0.00015708451	0.0992289871666	0.08430884	0.08446593	141089975	141090001	154929639	154929639	0.34353796	2	370923.5	20.30036	0.9194441	20.20644	0.6620644	0.3241287	0.5172058	1.0132803	1	sub	1:sub	sub	sub	4131095
