#chromosome	start	end	crest	length	tcnNbrOfLoci	tcnMean	tcnNbrOfSNPs	tcnNbrOfHets	dhNbrOfLoci	map	dhMax	cluster	neighbour	distDH	errorSNP	distTcn	errorLength	totalError	minStart	maxStart	minStop	maxStop	area	peaks	meanCovT	meanCovB	tcnMeanRaw	AF	BAF	dhMean	c1Mean	c2Mean	A	B	genotype	TCN	GNL	PID
1	721921	2380005	DEL	1658087	18582	1.09427451	18475	591	1289.0	mappable	0.226	NA	edge	0.13492051504	0.00143266476	0.2308758729	0.09680032	0.09823299	721921	840711	2379933	2380005	0.66162529	2	168601.0	10.537564	0.7432543	11.02672	0.8358879	0.67177576	0.179583711	0.9146908	1	0	1:0	1	LOH	4188900
1	2380006	3139969	NA	759964	10964	0.26326738	10903	550	845.0	mappable	0.112975	NA	NA	0.02409132449	0.00163666121	0.4409302158	0.10237735	0.10401401	2380006	2380078	3139928	3139969	0.22928486	1	133771.5	7.296627	0.5332	NA	NA	0.0	0.1316336923	0.13163369	0	0	0:0	0	LOH	4188900
1	3139970	5337102	NA	2197133	36522	1.02522262	36346	2005	3342.0	mappable	0.154075	NA	NA	0.06861632449	0.00045850527	0.2483302158	0.09493435	0.09539285	3139970	3140011	5337102	5337102	0.69818944	2	207876.7	12.992293	0.7258	13.92234	0.8500918	0.70018365	0.15368925	0.87153337	1	0	1:0	1	LOH	4188900
1	5337103	5510062	DEL	172960	3288	1.66602063	3287	62	325.0	mappable	0.0866	2.0	NA	0.00114132449	0.01587301587	0.0630302158	0.11494201	0.13081502	5337103	5337164	5509989	5510062	0.22297547	1	284926.1	14.897524	0.887775	NA	NA	0.0	0.8330103173	0.83301032	1	1	1:1	2	neutral	4188900
1	5510063	5519999	NA	9937	213	2.34448045	213	5	15.0	mappable	0.082967857	8.0	NA	0.00249081836	0.2	0.0559697842	0.15061835	0.35061835	5510063	5510136	5519987	5520011	NA	missing	304503.1	16.006944	1.0592698	NA	NA	NA	NA	NA	NA	NA	NA	NA	NA	4188900
1	5519999	5720007	NA	200009	3849	2.00869516	3842	148	366.0	mappable	0.117325	3.0	self	0.03621632449	0.0064516129	0.0335302158	0.11357373	0.12002535	5519987	5520011	5719972	5720007	0.22755618	1	323912.2	16.867899	0.9743931	NA	NA	0.0	1.004347582	1.00434758	1	1	1:1	2	neutral	4188900
1	5720008	5729998	NA	9991	526	1.39670546	477	11	74.0	mappable	0.0575	NA	identical	0.09634132449	0.01666666667	0.1544302158	0.15052971	0.16719638	5720008	5720043	5729995	5730001	NA	missing	248456.0	13.076632	0.8197	NA	NA	NA	NA	NA	NA	NA	NA	NA	NA	4188900
1	5729998	8856410	NA	3126413	43330	2.00869516	43017	1438	4256.0	mappable	0.0944	3.0	NA	0.01039132449	0.00057110223	0.0394302158	0.09269526	0.09326636	5729995	5730001	8856296	8856410	0.21844636	1	323912.2	16.867899	0.9743931	NA	NA	0.0	1.004347582	1.00434758	1	1	1:1	2	neutral	4188900
1	8856411	8856670	CTX	260	2	1.65148177	2	0	0.0	mappable	NA	NA	NA	NA	inf	0.0900302158	0.24930295	inf	8856411	8856413	8856603	8856670	NA	missing	298358.3	NA	0.8841	NA	NA	NA	NA	NA	NA	NA	NA	NA	NA	4188900
1	8856671	12839977	CTX	3983307	50376	2.00869516	50175	2053	4955.0	mappable	0.099275	3.0	NA	0.01039132449	0.00044385264	0.0010302158	0.09121784	0.09166169	8856671	8856802	12839977	12839977	0.18026412	1	323912.2	16.867899	0.9743931	NA	NA	0.0	1.004347582	1.00434758	1	1	1:1	2	neutral	4188900
1	13780016	69863750	NA	56083744	714738	2.00869516	712040	29311	70357.0	mappable	0.085575	3.0	self	0.00041548907	3.124219e-05	0.0113830519	0.07769682	0.07772806	13780016	13780016	69863746	69863750	0.15496476	1	323912.2	16.867899	0.9743931	NA	NA	0.0	1.004347582	1.00434758	1	1	1:1	2	neutral	4188900
1	69863751	69906370	DUP	42620	659	2.65120185	656	37	52.0	mappable	0.150030769	NA	identical	0.05964517065	0.025	0.1626697842	0.13004541	0.15504541	69863751	69863771	69906325	69906370	0.64273487	2	404277.5	23.842008	1.1368	17.28698	0.6522362	0.30447236	0.9219920789	1.72920977	2	1	2:1	3	gain	4188900
1	69906371	120529963	DUP	50623596	674033	2.00869516	671838	29685	66484.0	mappable	0.08215	3.0	self	0.00307269748	3.13696e-05	0.0001324326	0.07814543	0.0781768	69906371	69906395	120529963	120529963	0.14521368	1	323912.2	16.867899	0.9743931	NA	NA	0.0	1.004347582	1.00434758	1	1	1:1	2	neutral	4188900
1	121220004	121229986	NA	9983	177	2.24925662	176	10	19.0	mappable	0.187475099	NA	NA	0.10704438773	0.09090909091	0.0610697842	0.15054281	0.2414519	121220004	121220004	121229986	121229986	NA	missing	355344.0	20.457441	1.0352	NA	NA	NA	NA	NA	NA	NA	NA	NA	NA	4188900
1	144010127	144019970	NA	9844	155	1.99408469	100	0	27.0	mappable	NA	NA	NA	0.20765593313	0.01818181818	0.0034302158	0.15077238	0.1689542	144010127	144010127	144019970	144019970	NA	missing	948396.0	NA	0.9707	NA	NA	NA	NA	NA	NA	NA	NA	NA	NA	4188900
1	144920087	145739956	NA	819870	6325	2.00869516	5803	152	696.0	mappable	0.080664815	3.0	self	0.02409132449	0.00148367953	0.0115302158	0.10180689	0.10329057	144920087	144920087	145739956	145739956	0.20959705	1	323912.2	16.867899	0.9743931	NA	NA	0.0	1.004347582	1.00434758	1	1	1:1	2	neutral	4188900
1	146540101	147746312	NA	1206212	11432	2.00869516	11397	956	1021.0	mappable	0.08215	3.0	NA	0.00330867551	0.00100908174	0.0109302158	0.09899984	0.10000893	146540101	146540101	147729860	147746312	0.15598589	1	323912.2	16.867899	0.9743931	NA	NA	0.0	1.004347582	1.00434758	1	1	1:1	2	neutral	4188900
1	147746313	147746492	CTX	180	0	0.0	0	0	NA	mappable	NA	NA	NA	NA	inf	0.9741302158	0.26695665	inf	147746313	147746313	147746492	147746492	NA	missing	NA	NA	0.0	NA	NA	0.0	0.0	0.0	0	0	NA	0	homozygousDel	4188900
1	147746493	147829895	CTX	83403	195	2.00869516	193	10	17.0	mappable	0.077221685	3.0	NA	0.01260338877	0.08333333333	0.0180697842	0.12234053	0.20567387	147746493	147820016	147829895	147829895	NA	missing	323912.2	16.867899	0.9743931	NA	NA	NA	NA	NA	NA	NA	NA	NA	NA	4188900
1	149815060	224740044	NA	74924992	998079	2.00869516	994917	41986	99129.0	mappable	0.08215	3.0	NA	0.00147837202	2.215036e-05	0.0030545226	0.07645569	0.07647784	149815060	149815060	224739948	224740044	0.16013173	1	323912.2	16.867899	0.9743931	NA	NA	0.0	1.004347582	1.00434758	1	1	1:1	2	neutral	4188900
1	224740045	224754996	NA	14952	145	1.56088585	145	0	16.0	mappable	NA	NA	NA	NA	inf	0.1129302158	0.14421637	inf	224740045	224740141	224749903	224754996	NA	missing	309690.0	NA	0.8612	NA	NA	NA	NA	NA	NA	NA	NA	NA	NA	4188900
1	224754997	249209945	NA	24454951	343043	2.00869516	341697	14630	34141.0	mappable	0.085575	3.0	edge	0.00084715981	6.259389e-05	0.0017019765	0.08148756	0.08155016	224754997	224760090	249209945	249209945	0.16053026	1	323912.2	16.867899	0.9743931	NA	NA	0.0	1.004347582	1.00434758	1	1	1:1	2	neutral	4188900
2	20016	87059860	NA	87039850	1308538	2.00869516	1304349	61592	127926.0	mappable	0.08215	3.0	edge	0.00187400598	1.520196e-05	0.0014311895	0.07582889	0.07584409	20016	20016	87059860	87059860	0.14506696	1	323912.2	16.867899	0.9743931	NA	NA	0.0	1.004347582	1.00434758	1	1	1:1	2	neutral	4188900
2	88330099	89156139	NA	826041	9867	2.00869516	9831	531	993.0	mappable	0.078453846	3.0	self	0.00628822096	0.00176678445	0.0100302158	0.10175086	0.10351764	88330099	88330099	89156124	89156154	0.06258888	1	323912.2	16.867899	0.9743931	NA	NA	0.0	1.004347582	1.00434758	1	1	1:1	2	neutral	4188900
2	89156139	89229990	NA	73852	2000	0.237948	1992	9	202.0	mappable	0.222566935	NA	NA	0.12259489592	0.05882352941	0.4473302158	0.12366787	0.1824914	89156124	89156154	89229990	89229990	NA	missing	183562.0	11.250575	0.5268	NA	NA	NA	NA	NA	NA	NA	NA	NA	NA	4188900
2	89840102	90239998	NA	399897	911	2.19189238	900	0	114.0	mappable	NA	NA	NA	0.27168418164	0.09090909091	0.0465697842	0.10747332	0.19838242	89840102	89840102	90239998	90239998	NA	missing	351509.7	NA	1.0207	NA	NA	NA	NA	NA	NA	NA	NA	NA	NA	4188900
2	95580145	96239991	NA	659847	4433	2.00869516	4426	42	450.0	mappable	0.10955	3.0	NA	0.01700867551	0.02040816327	0.0216302158	0.10345663	0.12386479	95580145	95580145	96239991	96239991	NA	missing	323912.2	16.867899	0.9743931	NA	NA	NA	NA	NA	NA	NA	NA	NA	NA	4188900
2	96239992	96740020	NA	500029	0	0.0	0	0	NA	mappable	NA	NA	NA	NA	inf	0.9741302158	0.10564318	inf	96239992	96239992	96740020	96740020	NA	missing	NA	NA	0.0	NA	NA	0.0	0.0	0.0	0	0	NA	0	homozygousDel	4188900
2	96740021	132189994	NA	35449978	447762	2.00869516	446529	18040	44144.0	mappable	0.08215	3.0	NA	0.00288361339	5.188606e-05	0.0021203564	0.0797471	0.07979899	96740021	96740021	132189994	132189994	0.15966338	1	323912.2	16.867899	0.9743931	NA	NA	0.0	1.004347582	1.00434758	1	1	1:1	2	neutral	4188900
2	132189995	133009999	NA	820005	0	0.0	0	0	NA	mappable	NA	NA	NA	NA	inf	0.9741302158	0.10180566	inf	132189995	132189995	133009999	133009999	NA	missing	NA	NA	0.0	NA	NA	0.0	0.0	0.0	0	0	NA	0	homozygousDel	4188900
2	133010000	133024996	NA	14997	1086	2.84149285	1075	0	89.0	mappable	NA	NA	NA	0.00831876557	0.09090909091	0.2107697842	0.1441713	0.23508039	133010000	133010000	133019989	133024996	NA	missing	204195.7	NA	1.1849	NA	NA	NA	NA	NA	NA	NA	NA	NA	NA	4188900
2	133024997	189258365	NA	56233372	756992	2.00869516	754639	31131	75618.0	mappable	0.08215	3.0	self	0.0038934313	2.986501e-05	0.0003441688	0.07768522	0.07771508	133024997	133030004	189258348	189258365	0.14769231	1	323912.2	16.867899	0.9743931	NA	NA	0.0	1.004347582	1.00434758	1	1	1:1	2	neutral	4188900
2	189258366	189272413	INV	14048	164	1.66602063	163	11	15.0	mappable	0.056375525	2.0	identical	0.02480465453	0.08333333333	0.0972302158	0.14515814	0.22849147	189258366	189258372	189272345	189272413	NA	missing	284926.1	14.897524	0.887775	NA	NA	NA	NA	NA	NA	NA	NA	NA	NA	4188900
2	189272414	222230016	INV	32957606	431116	2.00869516	429749	17106	43211.0	mappable	0.085575	3.0	NA	5.234322e-05	5.413599e-05	0.0006416867	0.08008294	0.08013708	189272414	189272436	222229989	222230016	0.17234617	1	323912.2	16.867899	0.9743931	NA	NA	0.0	1.004347582	1.00434758	1	1	1:1	2	neutral	4188900
2	222230017	222240003	NA	9987	300	1.47305923	300	0	55.0	mappable	NA	NA	NA	NA	inf	0.1351302158	0.15053626	inf	222230017	222230044	222239989	222240003	NA	missing	285185.0	NA	0.839	NA	NA	NA	NA	NA	NA	NA	NA	NA	NA	4188900
2	222240004	239679991	NA	17439989	256980	2.00869516	256087	10600	25330.0	mappable	0.085575	3.0	NA	0.00344399334	8.700948e-05	0.0010284347	0.0831397	0.08322671	222240004	222240018	239679975	239679991	0.15629363	1	323912.2	16.867899	0.9743931	NA	NA	0.0	1.004347582	1.00434758	1	1	1:1	2	neutral	4188900
2	239679992	239689995	NA	10004	239	2.81617346	235	14	25.0	mappable	0.0412	NA	identical	0.27111632449	0.05555555556	0.2043697842	0.15050846	0.20606402	239679992	239680008	239689983	239689995	NA	missing	265088.3	13.69672	1.1785	NA	NA	NA	NA	NA	NA	NA	NA	NA	NA	4188900
2	239689996	242999969	NA	3309978	53933	2.00869516	53595	2726	4806.0	mappable	0.08215	3.0	edge	0.00035939229	0.00032637076	0.00376216	0.09234297	0.09266934	239689996	239690008	242999969	242999969	0.18140848	1	323912.2	16.867899	0.9743931	NA	NA	0.0	1.004347582	1.00434758	1	1	1:1	2	neutral	4188900
3	100074	26419991	NA	26319924	418459	2.00869516	417104	20070	40511.0	mappable	0.08215	3.0	edge	0.00390258901	4.667445e-05	0.0001787761	0.08113705	0.08118372	100074	100074	26419966	26419991	0.1415413	1	323912.2	16.867899	0.9743931	NA	NA	0.0	1.004347582	1.00434758	1	1	1:1	2	neutral	4188900
3	26444830	48252146	NA	21807320	291798	2.00869516	290910	12740	28696.0	mappable	0.08215	3.0	self	0.00104543194	7.337834e-05	0.0005013211	0.08204014	0.08211352	26444830	26450001	48239970	48252146	0.14438382	1	323912.2	16.867899	0.9743931	NA	NA	0.0	1.004347582	1.00434758	1	1	1:1	2	neutral	4188900
3	48252147	60666163	CTX	12414017	158373	2.00869516	157803	7251	15509.0	mappable	0.08215	3.0	self	0.00330867551	0.00012786089	0.0035302158	0.08486995	0.08499781	48252147	48260177	60666120	60666163	0.14684692	1	323912.2	16.867899	0.9743931	NA	NA	0.0	1.004347582	1.00434758	1	1	1:1	2	neutral	4188900
3	60666164	60815215	DUP	149052	2522	2.97526781	2518	80	287.0	mappable	0.188503278	5.0	identical	0.09393476712	0.0119047619	0.2328697842	0.11637747	0.12828224	60666164	60666248	60815155	60815215	0.51832309	2	410420.3	24.620786	1.2187144	16.37006	0.6618749	0.32374988	1.0060126134	1.9692552	2	1	2:1	3	gain	4188900
3	60815216	75264612	DUP	14449399	221002	2.00869516	220329	10079	22073.0	mappable	0.08215	3.0	self	0.00471941437	9.300595e-05	0.0009408062	0.08408836	0.08418136	60815216	60815237	75264604	75264612	0.13536412	1	323912.2	16.867899	0.9743931	NA	NA	0.0	1.004347582	1.00434758	1	1	1:1	2	neutral	4188900
3	75264613	75979976	NA	715364	2000	2.34448045	1965	1	151.0	mappable	0.111111112	8.0	identical	0.01700867551	0.02777777778	0.1125697842	0.10283666	0.13061443	75264613	75264621	75939920	76020032	NA	missing	304503.1	16.006944	1.0592698	NA	NA	NA	NA	NA	NA	NA	NA	NA	NA	4188900
3	75979976	90499969	NA	14519996	206492	2.00869516	205867	9452	20598.0	mappable	0.078725	3.0	self	0.00671576094	9.923588e-05	0.006964463	0.0840635	0.08416274	75939920	76020032	90499969	90499969	0.14017818	1	323912.2	16.867899	0.9743931	NA	NA	0.0	1.004347582	1.00434758	1	1	1:1	2	neutral	4188900
3	93570175	105790009	NA	12219835	174789	2.00869516	174217	7393	17312.0	mappable	0.085575	3.0	NA	0.00011632449	0.00012556504	0.0014697842	0.08495195	0.08507751	93570175	93570175	105789995	105790009	0.16390091	1	323912.2	16.867899	0.9743931	NA	NA	0.0	1.004347582	1.00434758	1	1	1:1	2	neutral	4188900
3	105790010	105800031	NA	10022	160	1.57354554	160	0	15.0	mappable	NA	NA	NA	NA	inf	0.1097302158	0.15047909	inf	105790010	105790024	105799999	105800063	NA	missing	309783.3	NA	0.8644	NA	NA	NA	NA	NA	NA	NA	NA	NA	NA	4188900
3	105800031	197779892	NA	91979872	1242802	2.00869516	1238725	56127	123241.0	mappable	0.08215	3.0	edge	0.00156318737	1.661074e-05	0.0024504079	0.0756006	0.07561722	105799999	105800063	197779892	197779892	0.15049835	1	323912.2	16.867899	0.9743931	NA	NA	0.0	1.004347582	1.00434758	1	1	1:1	2	neutral	4188900
4	50084	8939952	NA	8889872	143485	2.00869516	142579	6659	13036.0	mappable	0.089	3.0	edge	0.00144652955	0.00013220518	0.0046752818	0.08664111	0.08677331	50084	50084	8939952	8939952	0.17320778	1	323912.2	16.867899	0.9743931	NA	NA	0.0	1.004347582	1.00434758	1	1	1:1	2	neutral	4188900
4	9800043	10192588	NA	392546	8829	2.00869516	8794	589	812.0	mappable	0.088014286	3.0	NA	0.00013555526	0.0016025641	0.0016302158	0.10762813	0.1092307	9800043	9800043	10192588	10192588	0.12915711	1	323912.2	16.867899	0.9743931	NA	NA	0.0	1.004347582	1.00434758	1	1	1:1	2	neutral	4188900
4	10192589	10205080	DEL	12492	394	1.80577177	394	0	21.0	mappable	NA	NA	NA	NA	inf	0.0510302158	0.14696463	inf	10192589	10192600	10205072	10205080	NA	missing	211637.9	NA	0.9231	NA	NA	NA	NA	NA	NA	NA	NA	NA	NA	4188900
4	10205081	32660042	DEL	22454964	351609	2.00869516	350341	17324	34342.0	mappable	0.08215	3.0	NA	0.00302038182	5.378657e-05	0.0015380905	0.0818983	0.08195209	10205081	10205113	32659998	32660042	0.13592256	1	323912.2	16.867899	0.9743931	NA	NA	0.0	1.004347582	1.00434758	1	1	1:1	2	neutral	4188900
4	32660043	32680063	NA	20021	353	1.73258292	353	0	44.0	mappable	NA	NA	NA	NA	inf	0.0695302158	0.13996559	inf	32660043	32660087	32679995	32680063	NA	missing	348606.3	NA	0.9046	NA	NA	NA	NA	NA	NA	NA	NA	NA	NA	4188900
4	32680064	34709983	NA	2029920	29150	2.00869516	29098	96	3007.0	mappable	0.088415385	3.0	NA	0.01775867551	0.00675675676	0.0067697842	0.09545176	0.10220852	32680064	32680132	34709966	34709983	0.21433349	1	323912.2	16.867899	0.9743931	NA	NA	0.0	1.004347582	1.00434758	1	1	1:1	2	neutral	4188900
4	34709984	34720018	NA	10035	183	1.693417	183	0	15.0	mappable	NA	NA	NA	NA	inf	0.0794302158	0.15045792	inf	34709984	34710001	34719994	34720042	NA	missing	321958.6	NA	0.8947	NA	NA	NA	NA	NA	NA	NA	NA	NA	NA	4188900
4	34720018	49089961	NA	14369945	208246	2.00869516	207644	9258	20862.0	mappable	0.085575	3.0	NA	0.00095558205	0.00010141988	0.0018558278	0.08411649	0.08421791	34719994	34720042	49089961	49089961	0.153315	1	323912.2	16.867899	0.9743931	NA	NA	0.0	1.004347582	1.00434758	1	1	1:1	2	neutral	4188900
4	52680564	103295090	NA	50614532	695119	2.00869516	692961	32629	69227.0	mappable	0.08215	3.0	NA	0.00309112491	2.87472e-05	0.0012461975	0.07814622	0.07817497	52680564	52680564	103289999	103300181	0.14911807	1	323912.2	16.867899	0.9743931	NA	NA	0.0	1.004347582	1.00434758	1	1	1:1	2	neutral	4188900
4	103295090	103310022	NA	14933	164	2.33550077	164	0	19.0	mappable	NA	NA	NA	NA	inf	0.0828697842	0.14423545	inf	103289999	103300181	103309966	103310022	NA	missing	342648.0	NA	1.057	NA	NA	NA	NA	NA	NA	NA	NA	NA	NA	4188900
4	103310023	166049983	NA	62739966	839003	2.00869516	836423	39336	83332.0	mappable	0.08215	3.0	NA	0.00291533105	2.385724e-05	0.0030760765	0.07721149	0.07723534	103310023	103310079	166049948	166050018	0.1416985	1	323912.2	16.867899	0.9743931	NA	NA	0.0	1.004347582	1.00434758	1	1	1:1	2	neutral	4188900
4	166049983	166080025	NA	30043	549	2.32917092	549	0	67.0	mappable	NA	NA	NA	NA	inf	0.0812697842	0.13445612	inf	166049948	166050018	166079979	166080025	NA	missing	334462.8	NA	1.0554	NA	NA	NA	NA	NA	NA	NA	NA	NA	NA	4188900
4	166080026	190799944	NA	24719925	384292	2.00869516	382628	18634	38544.0	mappable	0.08215	3.0	edge	0.00042120776	4.926836e-05	0.0023101894	0.08143597	0.08148524	166080026	166080072	190799944	190799944	0.16519549	1	323912.2	16.867899	0.9743931	NA	NA	0.0	1.004347582	1.00434758	1	1	1:1	2	neutral	4188900
5	50017	36570026	NA	36520014	548200	2.00869516	546188	27358	53360.0	mappable	0.085575	3.0	edge	0.00037489501	3.404835e-05	0.0112469626	0.07961091	0.07964496	50017	50017	36569999	36570053	0.14638116	1	323912.2	16.867899	0.9743931	NA	NA	0.0	1.004347582	1.00434758	1	1	1:1	2	neutral	4188900
5	36570026	36590036	NA	20011	297	1.77333131	297	0	32.0	mappable	NA	NA	NA	NA	inf	0.0592302158	0.13997265	inf	36569999	36570053	36589996	36590076	NA	missing	310751.6	NA	0.9149	NA	NA	NA	NA	NA	NA	NA	NA	NA	NA	4188900
5	36590036	46220001	NA	9629966	134731	2.00869516	134360	5491	13127.0	mappable	0.08215	3.0	NA	0.00330867551	0.00017059024	0.0096697842	0.08621024	0.08638083	36589996	36590076	46219974	46220001	0.15125773	1	323912.2	16.867899	0.9743931	NA	NA	0.0	1.004347582	1.00434758	1	1	1:1	2	neutral	4188900
5	46220002	46399990	NA	179989	4206	2.34448045	4201	9	435.0	mappable	0.088470513	8.0	NA	0.00594585499	0.07142857143	0.0847697842	0.11456362	0.18599219	46220002	46220029	46399990	46399990	NA	missing	304503.1	16.006944	1.0592698	NA	NA	NA	NA	NA	NA	NA	NA	NA	NA	4188900
5	49470005	49559973	NA	89969	3024	2.34448045	3018	5	306.0	mappable	0.068727273	8.0	NA	0.03033507449	0.09090909091	0.1081697842	0.1215278	0.21243689	49470005	49470005	49549890	49559973	NA	missing	304503.1	16.006944	1.0592698	NA	NA	NA	NA	NA	NA	NA	NA	NA	NA	4188900
5	49559974	68829703	NA	19269730	253375	2.00869516	252642	11571	25281.0	mappable	0.08215	3.0	self	0.0014423356	8.127438e-05	0.0051907681	0.0826452	0.08272647	49559974	49570057	68829703	68829703	0.1542722	1	323912.2	16.867899	0.9743931	NA	NA	0.0	1.004347582	1.00434758	1	1	1:1	2	neutral	4188900
5	70750153	75160006	NA	4409854	59622	2.00869516	59480	2574	5869.0	mappable	0.083975	3.0	NA	0.00101954507	0.00036818851	0.0021697842	0.09061131	0.0909795	70750153	70750153	75159996	75160016	0.14158156	1	323912.2	16.867899	0.9743931	NA	NA	0.0	1.004347582	1.00434758	1	1	1:1	2	neutral	4188900
5	75160006	75179987	NA	19982	420	2.35330346	420	0	41.0	mappable	NA	NA	NA	NA	inf	0.0873697842	0.13999315	inf	75159996	75160016	75179964	75179987	NA	missing	347589.7	NA	1.0615	NA	NA	NA	NA	NA	NA	NA	NA	NA	NA	4188900
5	75179988	80539992	NA	5360007	71995	2.00869516	71732	4252	7140.0	mappable	0.085575	3.0	NA	0.00032255605	0.00022148394	0.0001205864	0.08947023	0.08969172	75179988	75180011	80539941	80539992	0.16027721	1	323912.2	16.867899	0.9743931	NA	NA	0.0	1.004347582	1.00434758	1	1	1:1	2	neutral	4188900
5	80539993	80549956	NA	9964	138	2.40038169	138	0	15.0	mappable	NA	NA	NA	NA	inf	0.0992697842	0.15057396	inf	80539993	80540044	80549867	80550045	NA	missing	318131.1	NA	1.0734	NA	NA	NA	NA	NA	NA	NA	NA	NA	NA	4188900
5	80549956	180629986	NA	100080051	1394478	2.00869516	1390321	57523	137293.0	mappable	0.08215	3.0	NA	0.00138905664	1.621297e-05	0.0037438951	0.07525423	0.07527044	80549867	80550045	180629897	180629986	0.15039828	1	323912.2	16.867899	0.9743931	NA	NA	0.0	1.004347582	1.00434758	1	1	1:1	2	neutral	4188900
5	180629987	180669977	NA	39991	807	2.34448045	803	31	59.0	mappable	0.125671429	8.0	NA	0.05433418164	0.02857142857	0.1044697842	0.1308268	0.15939823	180629987	180630076	180669938	180669977	NA	missing	304503.1	16.006944	1.0592698	NA	NA	NA	NA	NA	NA	NA	NA	NA	NA	4188900
5	180669978	180689979	NA	20002	331	1.88647731	331	10	20.0	mappable	0.024166666	NA	edge	0.06129200884	0.1	0.0306302158	0.13997901	0.23997901	180669978	180670017	180689979	180689979	NA	missing	271317.5	13.817096	0.9435	NA	NA	NA	NA	NA	NA	NA	NA	NA	NA	4188900
6	201976	26197901	NA	25995927	392918	2.00869516	391174	18100	39302.0	mappable	0.08215	3.0	edge	0.00290909896	5.039307e-05	0.0009640494	0.08119591	0.0812463	201976	201976	26197837	26197901	0.16935135	1	323912.2	16.867899	0.9743931	NA	NA	0.0	1.004347582	1.00434758	1	1	1:1	2	neutral	4188900
6	26197902	26199434	DEL	1533	48	2.00869516	46	0	1.0	mappable	NA	3.0	self	0.01638960644	0.5	0.0427302158	0.18899765	0.68899765	26197902	26197908	26199429	26199434	NA	missing	323912.2	NA	0.9743931	NA	NA	NA	NA	NA	NA	NA	NA	NA	NA	4188900
6	26199435	57649958	DEL	31450528	463504	2.00869516	458215	21434	45105.0	mappable	0.085575	3.0	self	0.00079266488	3.742235e-05	0.0040267804	0.08030006	0.08033748	26199435	26199440	57649870	57649958	0.18734496	1	323912.2	16.867899	0.9743931	NA	NA	0.0	1.004347582	1.00434758	1	1	1:1	2	neutral	4188900
6	57649959	57845022	NA	195064	611	2.34448045	606	47	61.0	mappable	0.07825	8.0	NA	0.00673367551	0.01923076923	0.0935697842	0.11380715	0.13303792	57649959	57650047	57689985	58000059	0.19941086	1	304503.1	16.006944	1.0592698	NA	NA	0.0	1.1722402236	1.17224022	1	1	1:1	2	neutral	4188900
6	57845022	58019982	NA	174961	504	1.73060485	496	53	52.0	mappable	0.129660294	NA	NA	0.08656859722	0.01639344262	0.0700302158	0.11483249	0.13122593	57689985	58000059	58019982	58019982	0.27264301	1	332644.0	18.057817	0.9041	NA	NA	0.0	0.8653024231	0.86530242	1	1	1:1	2	neutral	4188900
6	58610011	58769997	NA	159987	572	2.00869516	571	0	45.0	mappable	NA	3.0	self	0.0551556452	1.0	0.0032302158	0.11568989	1.11568989	58610011	58610011	58769997	58769997	NA	missing	323912.2	NA	0.9743931	NA	NA	NA	NA	NA	NA	NA	NA	NA	NA	4188900
6	61890002	67448193	NA	5558192	82040	2.00869516	81726	4344	8029.0	mappable	0.085575	3.0	self	0.00011632449	0.00021468441	0.0060697842	0.08926107	0.08947576	61890002	61890002	67448180	67448193	0.13975285	1	323912.2	16.867899	0.9743931	NA	NA	0.0	1.004347582	1.00434758	1	1	1:1	2	neutral	4188900
6	67448194	103019948	CTX	35571759	492169	1.01074151	490639	23163	48746.0	mappable	0.36985	4.0	NA	0.28264038377	4.049731e-05	0.2523500748	0.07973137	0.07977187	67448194	67448232	103019869	103020027	0.86571568	2	248308.9	16.80289	0.7221396	16.71455	0.9994287	0.99885743	0.0005774202	1.01016409	1	0	1:0	1	LOH	4188900
6	103019948	103059937	NA	39990	702	1.21393115	702	0	78.0	mappable	NA	NA	NA	NA	inf	0.2006302158	0.13082711	inf	103019869	103020027	103059868	103059937	NA	missing	275063.9	NA	0.7735	NA	NA	NA	NA	NA	NA	NA	NA	NA	NA	4188900
6	103059938	134819969	NA	31760032	430465	1.01074151	429135	19642	42916.0	mappable	0.359575	4.0	NA	0.27563679938	4.76849e-05	0.2531009813	0.08025454	0.08030222	103059938	103060007	134819893	134819969	0.86382713	2	248308.9	16.80289	0.7221396	16.71455	0.9994287	0.99885743	0.0005774202	1.01016409	1	0	1:0	1	LOH	4188900
6	134819970	134840022	NA	20053	283	1.23845931	277	0	33.0	mappable	NA	NA	NA	0.08305660582	0.16666666667	0.1944302158	0.13994302	0.30660969	134819970	134820046	134839947	134840097	NA	missing	243870.1	NA	0.7797	NA	NA	NA	NA	NA	NA	NA	NA	NA	NA	4188900
6	134840022	137412145	NA	2572124	34390	1.01074151	34300	1623	3598.0	mappable	0.32875	4.0	NA	0.23644132449	0.00058377116	0.2603302158	0.09392084	0.09450461	134839947	134840097	137412113	137412145	0.86634699	2	248308.9	16.80289	0.7221396	16.71455	0.9994287	0.99885743	0.0005774202	1.01016409	1	0	1:0	1	LOH	4188900
6	137412146	137414631	DEL	2486	32	0.505384	30	0	5.0	mappable	NA	NA	NA	0.0939530892	0.5	0.3797302158	0.17731109	0.67731109	137412146	137412211	137414619	137414631	NA	missing	205622.2	NA	0.5944	NA	NA	NA	NA	NA	NA	NA	NA	NA	NA	4188900
6	137414632	138254410	DEL	839780	13520	0.44993099	13491	634	1347.0	mappable	0.1071	NA	NA	0.02453464191	0.00150829563	0.3937471093	0.10162781	0.10313611	137414632	137414657	138254403	138254410	0.44592161	2	194374.9	11.338538	0.5803831	16.2798	0.9252661	0.85053223	0.0336250908	0.4163059	sub	0	sub:0	sub	sub	4188900
6	138254411	138296870	DEL	42460	633	0.57066054	632	37	59.0	mappable	0.097311842	NA	NA	0.0118531666	0.02631578947	0.3632302158	0.13009131	0.1564071	138254411	138254596	138296863	138296870	NA	missing	204795.3	12.287716	0.6109	NA	NA	NA	NA	NA	NA	NA	NA	NA	NA	4188900
6	138296871	170899935	DEL	32603067	482048	1.01074151	480124	22771	47562.0	mappable	0.359575	4.0	edge	0.27354642029	4.049403e-05	0.2503885593	0.08013301	0.0801735	138296871	138296913	170899935	170899935	0.85005589	2	248308.9	16.80289	0.7221396	16.71455	0.9994287	0.99885743	0.0005774202	1.01016409	1	0	1:0	1	LOH	4188900
7	40386	1310009	NA	1269625	20886	2.00869516	20728	1193	1656.0	mappable	0.09585	3.0	edge	0.01116454803	0.00074019245	0.0169060765	0.09863893	0.09937912	40386	40386	1309993	1310025	0.16270648	1	323912.2	16.867899	0.9743931	NA	NA	0.0	1.004347582	1.00434758	1	1	1:1	2	neutral	4188900
7	1310009	1330033	NA	20025	457	2.65357554	455	42	34.0	mappable	0.185608333	NA	identical	0.09944132449	0.02272727273	0.1632697842	0.13996277	0.16269004	1309993	1310025	1329907	1330033	NA	missing	218728.8	11.500622	1.1374	NA	NA	NA	NA	NA	NA	NA	NA	NA	NA	4188900
7	1330034	38220031	NA	36890000	568426	2.00869516	566686	28285	54792.0	mappable	0.08215	3.0	self	0.00274327362	3.330891e-05	0.0052725174	0.07956486	0.07959816	1330034	1330160	38219980	38220031	0.14159329	1	323912.2	16.867899	0.9743931	NA	NA	0.0	1.004347582	1.00434758	1	1	1:1	2	neutral	4188900
7	38220032	38412070	NA	192039	2000	1.66602063	1985	162	193.0	mappable	0.069475	2.0	identical	0.01305867551	0.00564971751	0.1327302158	0.11395336	0.11960308	38220032	38220083	38412022	38412118	0.09297177	1	284926.1	14.897524	0.887775	NA	NA	0.0	0.8330103173	0.83301032	1	1	1:1	2	neutral	4188900
7	38412070	45290007	NA	6877939	91940	2.00869516	91661	3511	9039.0	mappable	0.085575	3.0	self	0.0012810172	0.00026385224	0.0051275436	0.08805319	0.08831704	38412022	38412118	45289981	45290007	0.13881419	1	323912.2	16.867899	0.9743931	NA	NA	0.0	1.004347582	1.00434758	1	1	1:1	2	neutral	4188900
7	45290008	45299964	NA	9957	194	1.39630985	190	11	19.0	mappable	0.067621909	NA	identical	0.01593337539	0.06666666667	0.1545302158	0.15058545	0.21725212	45290008	45290034	45299873	45299964	NA	missing	270211.4	14.861627	0.8196	NA	NA	NA	NA	NA	NA	NA	NA	NA	NA	4188900
7	45299965	57999988	NA	12700024	168002	2.00869516	167519	9306	16082.0	mappable	0.08215	3.0	self	0.00330867551	0.00010215548	0.0096697842	0.08475177	0.08485392	45299965	45300056	57999988	57999988	0.12692123	1	323912.2	16.867899	0.9743931	NA	NA	0.0	1.004347582	1.00434758	1	1	1:1	2	neutral	4188900
7	61530139	72229988	NA	10699850	113890	2.00869516	113143	4311	11867.0	mappable	0.085575	3.0	self	0.00330867551	0.0001977066	0.0236697842	0.08564912	0.08584682	61530139	61530139	72229988	72229988	0.17903038	1	323912.2	16.867899	0.9743931	NA	NA	0.0	1.004347582	1.00434758	1	1	1:1	2	neutral	4188900
7	72750118	74139961	NA	1389844	9953	2.00869516	9888	250	989.0	mappable	0.079871154	3.0	self	0.00564846735	0.00317460317	0.0147697842	0.09800803	0.10118263	72750118	72750118	74139961	74139961	0.35153203	2	323912.2	16.867899	0.9743931	16.15908	0.5398311	0.07966217	0.9243390722	1.08435609	1	1	1:1	2	mixDH	4188900
7	75160045	76059952	NA	899908	8333	2.00869516	8303	321	835.0	mappable	0.085575	3.0	self	0.00011632449	0.00284900285	0.0088697842	0.10111521	0.10396421	75160045	75160045	76059952	76059952	0.15233631	1	323912.2	16.867899	0.9743931	NA	NA	0.0	1.004347582	1.00434758	1	1	1:1	2	neutral	4188900
7	76810004	102089979	NA	25279977	325484	2.00869516	324408	12028	32744.0	mappable	0.08215	3.0	self	0.00347409201	7.631258e-05	0.0101517081	0.08132894	0.08140525	76810004	76810004	102089917	102089979	0.15147284	1	323912.2	16.867899	0.9743931	NA	NA	0.0	1.004347582	1.00434758	1	1	1:1	2	neutral	4188900
7	102279991	104729940	NA	2449950	30958	2.00869516	30848	1516	3070.0	mappable	0.08832931	3.0	self	0.00287063484	0.00061500615	0.0001697842	0.09423152	0.09484653	102279991	102450047	104729879	104730001	0.13407846	1	323912.2	16.867899	0.9743931	NA	NA	0.0	1.004347582	1.00434758	1	1	1:1	2	neutral	4188900
7	104729940	104769066	NA	39127	523	1.348836	523	23	56.0	mappable	0.196636111	NA	NA	0.1111774356	0.04347826087	0.1665302158	0.13109702	0.17457528	104729879	104730001	104768968	104769066	NA	missing	270882.5	16.446438	0.8076	NA	NA	NA	NA	NA	NA	NA	NA	NA	NA	4188900
7	104769067	104771520	DUP	2454	26	1.32430785	24	0	1.0	mappable	NA	NA	NA	0.00811662758	0.5	0.1727302158	0.17760539	0.67760539	104769067	104769147	104771438	104771520	NA	missing	260481.4	NA	0.8014	NA	NA	NA	NA	NA	NA	NA	NA	NA	NA	4188900
7	104771521	104776905	INV	5385	89	1.44497054	89	3	11.0	mappable	0.038585185	NA	NA	0.04687349032	0.33333333333	0.1422302158	0.16135889	0.49469223	104771521	104771534	104776895	104776905	NA	missing	268938.8	13.984818	0.8319	NA	NA	NA	NA	NA	NA	NA	NA	NA	NA	4188900
7	104776906	104781530	DUP	4625	55	1.60638162	55	0	3.0	mappable	NA	NA	NA	NA	inf	0.1014302158	0.16426784	inf	104776906	104776950	104781462	104781530	NA	missing	283577.6	NA	0.8727	NA	NA	NA	NA	NA	NA	NA	NA	NA	NA	4188900
7	104781531	104805215	INV	23685	356	1.66602063	356	21	32.0	mappable	0.064575	2.0	NA	0.02088367551	0.04761904762	0.0582302158	0.13763028	0.18524933	104781531	104781629	104805100	104805215	NA	missing	284926.1	14.897524	0.887775	NA	NA	NA	NA	NA	NA	NA	NA	NA	NA	4188900
7	104805216	104965461	INV	160246	2355	1.01074151	2339	164	234.0	mappable	0.141168182	4.0	NA	0.26356177904	0.00555555556	0.2022302158	0.11567428	0.12122983	104805216	104805261	104965352	104965461	0.78663817	2	248308.9	16.80289	0.7221396	16.71455	0.9994287	0.99885743	0.0005774202	1.01016409	1	0	1:0	1	LOH	4188900
7	104965462	138109963	INV	33144505	441122	2.00869516	439677	17986	43574.0	mappable	0.08215	3.0	self	0.00294424978	5.146416e-05	0.0028570603	0.08005679	0.08010825	104965462	104965668	138109900	138109963	0.16751343	1	323912.2	16.867899	0.9743931	NA	NA	0.0	1.004347582	1.00434758	1	1	1:1	2	neutral	4188900
7	138109964	138149989	NA	40026	347	2.54319885	345	34	38.0	mappable	0.213416667	NA	identical	0.12985521338	0.02777777778	0.1353697842	0.130816	0.15859378	138109964	138110027	138149779	138149989	NA	missing	298596.6	16.215	1.1095	NA	NA	NA	NA	NA	NA	NA	NA	NA	NA	4188900
7	138149990	159119808	NA	20969821	284151	2.00869516	282824	12523	28062.0	mappable	0.08215	3.0	edge	0.00067498425	7.220217e-05	0.003977674	0.08223072	0.08230292	138149990	138150200	159119808	159119808	0.16336648	1	323912.2	16.867899	0.9743931	NA	NA	0.0	1.004347582	1.00434758	1	1	1:1	2	neutral	4188900
8	170012	1410072	NA	1240063	26382	2.97526781	26184	1407	2474.0	mappable	0.140192857	5.0	edge	0.06034554497	0.00062305296	0.2441486031	0.09880455	0.09942761	170012	170012	1409480	1410664	0.72667127	2	410420.3	24.620786	1.2187144	16.37006	0.6618749	0.32374988	1.0060126134	1.9692552	2	1	2:1	3	gain	4188900
8	1410072	1460022	NA	49951	1414	2.75524869	1407	70	121.0	mappable	0.0841	NA	NA	0.00449132449	0.01298701299	0.1889697842	0.12813756	0.14112457	1409480	1410664	1459976	1460068	0.63228042	2	342559.7	20.066678	1.1631	14.31669	0.6432675	0.28653504	0.982886702	1.77236199	2	1	2:1	3	gain	4188900
8	1460022	1829994	NA	369973	7662	2.97526781	7607	362	723.0	mappable	0.1575	5.0	NA	0.06861632449	0.00239808153	0.2545697842	0.10812529	0.11052337	1459976	1460068	1829968	1829994	0.62190771	2	410420.3	24.620786	1.2187144	16.37006	0.6618749	0.32374988	1.0060126134	1.9692552	2	1	2:1	3	gain	4188900
8	1829995	1839991	NA	9997	293	2.160871	288	8	19.0	mappable	0.281336823	7.0	NA	0.18471050439	0.07692307692	0.1265697842	0.1505199	0.22744298	1829995	1830021	1839973	1839991	NA	missing	529108.7	33.125685	1.0128587	NA	NA	NA	NA	NA	NA	NA	NA	NA	NA	4188900
8	1839992	2890017	NA	1050026	25820	2.97526781	25479	1305	2621.0	mappable	0.156602273	5.0	NA	0.06817314267	0.00060753341	0.2456697842	0.09999003	0.10059757	1839992	1840010	2889981	2890053	0.71953095	2	410420.3	24.620786	1.2187144	16.37006	0.6618749	0.32374988	1.0060126134	1.9692552	2	1	2:1	3	gain	4188900
8	2890017	2909999	NA	19983	643	2.61243154	643	1	60.0	mappable	0.272727273	NA	NA	0.18726859722	1.0	0.1528697842	0.13999244	1.13999244	2889981	2890053	2909992	2910006	NA	missing	404719.4	25.754869	1.127	NA	NA	NA	NA	NA	NA	NA	NA	NA	NA	4188900
8	2909999	6144109	NA	3234112	111647	2.97526781	111376	5014	10892.0	mappable	0.188325	5.0	NA	0.10283202331	0.00018921476	0.2461868281	0.09248581	0.09267503	2909992	2910006	6144105	6144109	0.70519826	2	410420.3	24.620786	1.2187144	16.37006	0.6618749	0.32374988	1.0060126134	1.9692552	2	1	2:1	3	gain	4188900
8	6144110	6220001	NA	75892	2000	2.69432392	1987	137	217.0	mappable	0.116257143	NA	NA	0.02943021338	0.00666666667	0.1735697842	0.12336799	0.13003466	6144110	6144114	6219984	6220001	0.7284823	2	369107.1	21.946907	1.1477	15.63319	0.6594109	0.31882184	0.9176573077	1.77666662	2	1	2:1	3	gain	4188900
8	6220002	6919904	NA	699904	16796	2.97526781	16703	1160	1575.0	mappable	0.1387	5.0	NA	0.0496560425	0.0007980846	0.2591088531	0.1030036	0.10380168	6220002	6220019	6919904	6919904	0.68949017	2	410420.3	24.620786	1.2187144	16.37006	0.6618749	0.32374988	1.0060126134	1.9692552	2	1	2:1	3	gain	4188900
8	8100000	11859985	NA	3759991	79141	2.97526781	78950	2835	7804.0	mappable	0.154075	5.0	NA	0.07318784501	0.00033046927	0.2426273157	0.09156546	0.09189593	8100000	8100000	11859985	11859985	0.68582524	2	410420.3	24.620786	1.2187144	16.37006	0.6618749	0.32374988	1.0060126134	1.9692552	2	1	2:1	3	gain	4188900
8	12580042	25080015	NA	12499975	252241	2.97526781	251480	13151	24659.0	mappable	0.181475	5.0	NA	0.08831407602	7.188039e-05	0.2380957316	0.08483411	0.08490599	12580042	12580042	25079967	25080015	0.70414607	2	410420.3	24.620786	1.2187144	16.37006	0.6618749	0.32374988	1.0060126134	1.9692552	2	1	2:1	3	gain	4188900
8	25080016	25089993	NA	9978	146	2.43519585	145	0	19.0	mappable	NA	NA	NA	0.42969283964	1.0	0.1080697842	0.150551	1.150551	25080016	25080064	25089976	25090010	NA	missing	389717.1	NA	1.0822	NA	NA	NA	NA	NA	NA	NA	NA	NA	NA	4188900
8	25089993	25909968	NA	819977	11812	2.97526781	11768	472	1170.0	mappable	0.208875	5.0	NA	0.11314132449	0.0019379845	0.2529697842	0.10180592	0.1037439	25089976	25090010	25909780	25910156	0.63682861	2	410420.3	24.620786	1.2187144	16.37006	0.6618749	0.32374988	1.0060126134	1.9692552	2	1	2:1	3	gain	4188900
8	25909968	25930015	NA	20048	349	2.64012462	349	3	44.0	mappable	0.530032353	NA	NA	0.44457367743	0.33333333333	0.1598697842	0.13994655	0.47327988	25909780	25910156	25929982	25930048	NA	missing	385141.3	25.676085	1.134	NA	NA	NA	NA	NA	NA	NA	NA	NA	NA	4188900
8	25930015	43081417	NA	17151403	238146	2.97526781	237379	9088	24102.0	mappable	0.17805	5.0	NA	0.09114506794	0.00010147133	0.2443652324	0.08322298	0.08332445	25929982	25930048	43081414	43081417	0.70643594	2	410420.3	24.620786	1.2187144	16.37006	0.6618749	0.32374988	1.0060126134	1.9692552	2	1	2:1	3	gain	4188900
8	43081418	43146804	NA	65387	2000	2.160871	1987	1	399.0	mappable	0.257142857	7.0	NA	0.21229846735	0.07142857143	0.0589697842	0.12502566	0.19645423	43081418	43081421	43146784	43146804	NA	missing	529108.7	33.125685	1.0128587	NA	NA	NA	NA	NA	NA	NA	NA	NA	NA	4188900
8	43146805	43789991	NA	643187	12958	2.97526781	12933	80	1203.0	mappable	0.23837093	5.0	NA	0.12839410227	0.00952380952	0.2936697842	0.10365445	0.11317826	43146805	43146825	43789991	43789991	0.83086378	2	410420.3	24.620786	1.2187144	16.37006	0.6618749	0.32374988	1.0060126134	1.9692552	2	1	2:1	3	gain	4188900
8	46880007	55079995	NA	8199989	110611	2.97526781	110330	4277	10711.0	mappable	0.15985	5.0	NA	0.07889132449	0.00021939447	0.2535697842	0.08708074	0.08730014	46880007	46880007	55079986	55079995	0.70922293	2	410420.3	24.620786	1.2187144	16.37006	0.6618749	0.32374988	1.0060126134	1.9692552	2	1	2:1	3	gain	4188900
8	55079996	55090034	NA	10039	178	2.40473346	178	0	23.0	mappable	NA	NA	NA	NA	inf	0.1003697842	0.15045142	inf	55079996	55080005	55089957	55090111	NA	missing	354220.0	NA	1.0745	NA	NA	NA	NA	NA	NA	NA	NA	NA	NA	4188900
8	55090034	128110027	NA	73020001	993913	2.97526781	990856	43577	98572.0	mappable	0.17805	5.0	NA	0.08810498479	2.144404e-05	0.242733104	0.07656444	0.07658588	55089957	55090111	128109930	128110027	0.69947426	2	410420.3	24.620786	1.2187144	16.37006	0.6618749	0.32374988	1.0060126134	1.9692552	2	1	2:1	3	gain	4188900
8	128110028	128119883	NA	9856	199	2.160871	199	1	22.0	mappable	0.314285714	7.0	NA	0.22882703878	1.0	0.1048697842	0.15075241	1.15075241	128110028	128110125	128119676	128120090	NA	missing	529108.7	33.125685	1.0128587	NA	NA	NA	NA	NA	NA	NA	NA	NA	NA	4188900
8	128119883	135470029	NA	7350147	116909	2.97526781	116503	5565	11556.0	mappable	0.192247727	5.0	NA	0.10286632449	0.00016747613	0.2403697842	0.08768337	0.08785085	128119676	128120090	135469998	135470029	0.69085049	2	410420.3	24.620786	1.2187144	16.37006	0.6618749	0.32374988	1.0060126134	1.9692552	2	1	2:1	3	gain	4188900
8	135470030	135480004	NA	9975	251	2.34448045	248	8	33.0	mappable	0.114839666	8.0	NA	0.03479286493	0.09090909091	0.0701697842	0.15055592	0.24146501	135470030	135470061	135479885	135480004	NA	missing	304503.1	16.006944	1.0592698	NA	NA	NA	NA	NA	NA	NA	NA	NA	NA	4188900
8	135480005	146289988	NA	10809984	163102	2.97526781	162425	7030	15149.0	mappable	0.181494048	5.0	edge	0.10286632449	0.00012975217	0.2452697842	0.08559496	0.08572471	135480005	135480124	146289988	146289988	0.70300959	2	410420.3	24.620786	1.2187144	16.37006	0.6618749	0.32374988	1.0060126134	1.9692552	2	1	2:1	3	gain	4188900
9	200101	38769828	NA	38569735	644974	2.00869516	643273	28907	63547.0	mappable	0.08215	3.0	edge	0.00195141918	3.26712e-05	0.0004386302	0.07936204	0.07939471	200101	200101	38769828	38769828	0.14783565	1	323912.2	16.867899	0.9743931	NA	NA	0.0	1.004347582	1.00434758	1	1	1:1	2	neutral	4188900
9	66840048	66849972	NA	9925	540	2.34448045	508	0	80.0	mappable	NA	8.0	NA	0.01524420182	0.03125	0.0986697842	0.15063813	0.18188813	66840048	66840048	66849972	66849972	NA	missing	304503.1	NA	1.0592698	NA	NA	NA	NA	NA	NA	NA	NA	NA	NA	4188900
9	68410004	68419976	NA	9973	1130	1.92287392	1039	0	239.0	mappable	NA	NA	NA	0.21272660487	0.01098901099	0.0214302158	0.15055919	0.1615482	68410004	68410004	68419976	68419976	NA	missing	1799062.0	NA	0.9527	NA	NA	NA	NA	NA	NA	NA	NA	NA	NA	4188900
9	71030093	87100013	NA	16069921	220474	2.00869516	219771	9858	22395.0	mappable	0.082553846	3.0	NA	0.00330867551	9.469697e-05	0.0010302158	0.08354966	0.08364436	71030093	71030093	87099844	87100013	0.14313036	1	323912.2	16.867899	0.9743931	NA	NA	0.0	1.004347582	1.00434758	1	1	1:1	2	neutral	4188900
9	87100014	87109974	NA	9961	157	2.43123969	157	0	24.0	mappable	NA	NA	NA	NA	inf	0.1070697842	0.15057888	inf	87100014	87100183	87109931	87109974	NA	missing	361198.9	NA	1.0812	NA	NA	NA	NA	NA	NA	NA	NA	NA	NA	4188900
9	87109975	140229976	NA	53120005	725724	2.00869516	723223	31708	69909.0	mappable	0.085575	3.0	NA	0.00182783282	2.923293e-05	0.0030567795	0.07793396	0.0779632	87109975	87110018	140219923	140240029	0.14394764	1	323912.2	16.867899	0.9743931	NA	NA	0.0	1.004347582	1.00434758	1	1	1:1	2	neutral	4188900
9	140229976	140280029	NA	50054	751	2.62983862	732	26	79.0	mappable	0.168491666	NA	identical	0.09259132449	0.02222222222	0.1572697842	0.12811317	0.15033539	140219923	140240029	140279992	140280029	NA	missing	214709.7	12.524731	1.1314	NA	NA	NA	NA	NA	NA	NA	NA	NA	NA	4188900
9	140280030	141019791	NA	739762	9430	2.00869516	9355	110	874.0	mappable	0.097803226	3.0	edge	0.01726895607	0.00540540541	0.0221697842	0.10258145	0.10798686	140280030	140280067	141019791	141019791	NA	missing	323912.2	16.867899	0.9743931	NA	NA	NA	NA	NA	NA	NA	NA	NA	NA	4188900
10	130013	2709954	NA	2579943	46895	2.00869516	46533	1795	4793.0	mappable	0.078725	3.0	edge	0.0029757076	0.00046360686	0.0006624316	0.09390153	0.09436514	130013	130013	2709899	2709954	0.17192193	1	323912.2	16.867899	0.9743931	NA	NA	0.0	1.004347582	1.00434758	1	1	1:1	2	neutral	4188900
10	2709955	2719995	NA	10041	207	2.36635877	207	0	18.0	mappable	NA	NA	NA	NA	inf	0.0906697842	0.15044816	inf	2709955	2710010	2719991	2719995	NA	missing	336700.0	NA	1.0648	NA	NA	NA	NA	NA	NA	NA	NA	NA	NA	4188900
10	2719996	39149984	NA	36429991	537172	2.00869516	534841	24728	54474.0	mappable	0.08215	3.0	NA	0.00114502428	3.695765e-05	0.0014046327	0.0796222	0.07965916	2719996	2720000	39149984	39149984	0.15172336	1	323912.2	16.867899	0.9743931	NA	NA	0.0	1.004347582	1.00434758	1	1	1:1	2	neutral	4188900
10	42410000	46159967	NA	3749970	43452	2.00869516	43365	1792	4127.0	mappable	0.085661111	3.0	self	0.00031810543	0.00053219798	0.0127056583	0.0915816	0.0921138	42410000	42410000	46159967	46159967	0.13352574	1	323912.2	16.867899	0.9743931	NA	NA	0.0	1.004347582	1.00434758	1	1	1:1	2	neutral	4188900
10	48310177	48659961	NA	349785	5540	2.00869516	5529	236	510.0	mappable	0.094265909	3.0	self	0.00880723358	0.004048583	0.0083302158	0.10860057	0.11264916	48310177	48310177	48659961	48659961	0.10562373	1	323912.2	16.867899	0.9743931	NA	NA	0.0	1.004347582	1.00434758	1	1	1:1	2	neutral	4188900
10	49390096	88599996	NA	39209904	545091	2.00869516	543462	26392	53548.0	mappable	0.08215	3.0	NA	0.00404999065	3.569007e-05	0.0030158752	0.07928732	0.07932301	49390096	49390096	88599927	88600065	0.14621731	1	323912.2	16.867899	0.9743931	NA	NA	0.0	1.004347582	1.00434758	1	1	1:1	2	neutral	4188900
10	88599996	88619995	NA	20000	285	1.59016138	285	0	29.0	mappable	NA	NA	NA	NA	inf	0.1055302158	0.13998042	inf	88599927	88600065	88619987	88619995	NA	missing	326576.3	NA	0.8686	NA	NA	NA	NA	NA	NA	NA	NA	NA	NA	4188900
10	88619996	135429925	NA	46809934	662133	2.00869516	659712	29956	64448.0	mappable	0.085575	3.0	NA	0.00045397388	3.088708e-05	0.0038823017	0.07849198	0.07852286	88619996	88620004	135429834	135430016	0.16144989	1	323912.2	16.867899	0.9743931	NA	NA	0.0	1.004347582	1.00434758	1	1	1:1	2	neutral	4188900
10	135429925	135439925	NA	10001	170	2.79639269	169	0	16.0	mappable	NA	NA	edge	0.53954132449	1.0	0.1993697842	0.15051336	1.15051336	135429834	135430016	135439925	135439925	NA	missing	294358.0	NA	1.1735	NA	NA	NA	NA	NA	NA	NA	NA	NA	NA	4188900
11	190010	14861789	NA	14671780	211305	2.00869516	210295	12096	19823.0	mappable	0.08215	3.0	edge	0.00330867551	7.630675e-05	0.0066302158	0.08401053	0.08408683	190010	190010	14861721	14861789	0.15420071	1	323912.2	16.867899	0.9743931	NA	NA	0.0	1.004347582	1.00434758	1	1	1:1	2	neutral	4188900
11	14861790	14863690	DEL	1901	32	1.47464169	30	0	2.0	mappable	NA	NA	identical	0.33109111411	0.5	0.1347302158	0.18361186	0.68361186	14861790	14861800	14863557	14863690	NA	missing	316578.0	NA	0.8394	NA	NA	NA	NA	NA	NA	NA	NA	NA	NA	4188900
11	14863691	47120019	DEL	32256330	463177	2.00869516	461518	21239	45583.0	mappable	0.08215	3.0	self	0.00234170541	4.367194e-05	0.0002087469	0.08018256	0.08022623	14863691	14863736	47119975	47120063	0.15702597	1	323912.2	16.867899	0.9743931	NA	NA	0.0	1.004347582	1.00434758	1	1	1:1	2	neutral	4188900
11	47120019	47665032	NA	545014	6126	2.91784662	6114	36	654.0	mappable	0.091380488	NA	NA	0.01139986108	0.02083333333	0.2300697842	0.10495419	0.12578752	47119975	47120063	47639857	47665032	NA	missing	328951.3	19.446548	1.2042	NA	NA	NA	NA	NA	NA	NA	NA	NA	NA	4188900
11	47665033	48899996	NA	1234964	10803	2.160871	10786	13	1173.0	mappable	0.308095454	7.0	NA	0.1810504154	0.03333333333	0.0226697842	0.09883358	0.13216691	47665033	47690208	48899996	48899996	NA	missing	529108.7	33.125685	1.0128587	NA	NA	NA	NA	NA	NA	NA	NA	NA	NA	4188900
11	48899997	50170092	NA	1270096	0	0.0	0	0	NA	mappable	NA	NA	NA	NA	inf	0.9741302158	0.09863632	inf	48899997	48899997	50170092	50170092	NA	missing	NA	NA	0.0	NA	NA	0.0	0.0	0.0	0	0	NA	0	homozygousDel	4188900
11	50170093	51579984	NA	1409892	18803	2.34448045	18636	1070	1604.0	mappable	0.086213044	8.0	NA	0.00329965783	0.00080840744	0.0780697842	0.09790889	0.0987173	50170093	50170093	51579984	51579984	0.1216903	1	304503.1	16.006944	1.0592698	NA	NA	0.0	1.1722402236	1.17224022	1	1	1:1	2	neutral	4188900
11	54792817	55020033	NA	227217	4408	2.34448045	4379	148	426.0	mappable	0.082841129	8.0	NA	0.00295867551	0.00564971751	0.1014697842	0.11239926	0.11804898	54792817	54792817	55019946	55020120	0.23637106	1	304503.1	16.006944	1.0592698	NA	NA	0.0	1.1722402236	1.17224022	1	1	1:1	2	neutral	4188900
11	55020033	89310056	NA	34290030	448999	2.00869516	447427	18011	43486.0	mappable	0.085575	3.0	self	0.00198974896	5.10647e-05	0.0037449033	0.07990001	0.07995108	55019946	55020120	89279837	89340275	0.15621604	1	323912.2	16.867899	0.9743931	NA	NA	0.0	1.004347582	1.00434758	1	1	1:1	2	neutral	4188900
11	89310056	89349940	NA	39885	201	2.34448045	200	0	16.0	mappable	NA	8.0	NA	0.03954132449	1.0	0.0923697842	0.13085958	1.13085958	89279837	89340275	89349940	89349940	NA	missing	304503.1	NA	1.0592698	NA	NA	NA	NA	NA	NA	NA	NA	NA	NA	4188900
11	89850037	110889981	NA	21039947	305346	2.00869516	304415	14285	30408.0	mappable	0.08215	3.0	NA	0.00351204416	6.572029e-05	0.0002151588	0.08221444	0.08228016	89850037	89850037	110889940	110889981	0.15573569	1	323912.2	16.867899	0.9743931	NA	NA	0.0	1.004347582	1.00434758	1	1	1:1	2	neutral	4188900
11	110889982	110899975	NA	9994	172	2.44192131	172	0	15.0	mappable	NA	NA	NA	NA	inf	0.1097697842	0.15052481	inf	110889982	110890023	110899920	110899975	NA	missing	340384.3	NA	1.0839	NA	NA	NA	NA	NA	NA	NA	NA	NA	NA	4188900
11	110899976	111249875	NA	349900	5309	2.00869516	5295	325	519.0	mappable	0.071622727	3.0	NA	0.01238645328	0.00294985251	0.0150302158	0.10859778	0.11154763	110899976	110900031	111249832	111249875	0.06658204	1	323912.2	16.867899	0.9743931	NA	NA	0.0	1.004347582	1.00434758	1	1	1:1	2	neutral	4188900
11	111249876	111249913	CTX	38	1	2.068856	1	0	0.0	mappable	NA	NA	NA	NA	inf	0.0154697842	0.38110282	inf	111249876	111249887	111249887	111249913	NA	missing	307943.8	NA	0.9896	NA	NA	NA	NA	NA	NA	NA	NA	NA	NA	4188900
11	111249914	134939862	CTX	23689949	352542	2.00869516	351357	15691	34396.0	mappable	0.085575	3.0	edge	0.00011422676	5.925575e-05	0.0082677534	0.08164008	0.08169933	111249914	111250085	134939862	134939862	0.14190576	1	323912.2	16.867899	0.9743931	NA	NA	0.0	1.004347582	1.00434758	1	1	1:1	2	neutral	4188900
12	160107	34819969	NA	34659863	476128	2.00869516	474252	22064	46843.0	mappable	0.08215	3.0	edge	0.00330867551	4.177633e-05	0.0040697842	0.07985064	0.07989242	160107	160107	34819969	34819969	0.16485438	1	323912.2	16.867899	0.9743931	NA	NA	0.0	1.004347582	1.00434758	1	1	1:1	2	neutral	4188900
12	38000003	97390026	NA	59390030	793558	2.00869516	790963	35258	79272.0	mappable	0.085575	3.0	NA	0.00034378907	2.641868e-05	0.0063963668	0.07744818	0.0774746	38000003	38000003	97389999	97390026	0.16161263	1	323912.2	16.867899	0.9743931	NA	NA	0.0	1.004347582	1.00434758	1	1	1:1	2	neutral	4188900
12	97390027	97399921	NA	9895	172	2.38495269	171	0	15.0	mappable	NA	NA	NA	0.45999586995	1.0	0.0953697842	0.15068769	1.15068769	97390027	97390054	97399738	97399921	NA	missing	344132.2	NA	1.0695	NA	NA	NA	NA	NA	NA	NA	NA	NA	NA	4188900
12	97399922	133809992	NA	36410074	505449	2.00869516	503275	22663	50017.0	mappable	0.085575	3.0	edge	0.00062149837	4.026575e-05	0.0039815811	0.0796247	0.07966496	97399922	97400105	133809992	133809992	0.16787492	1	323912.2	16.867899	0.9743931	NA	NA	0.0	1.004347582	1.00434758	1	1	1:1	2	neutral	4188900
13	19450094	19479989	NA	29896	178	2.34448045	178	13	19.0	mappable	0.076991667	8.0	edge	0.00846700884	0.07692307692	0.1156697842	0.13452012	0.21144319	19450094	19450094	19459951	19479989	NA	missing	304503.1	16.006944	1.0592698	NA	NA	NA	NA	NA	NA	NA	NA	NA	NA	4188900
13	19479990	20415687	NA	935698	9386	2.00869516	9353	497	875.0	mappable	0.076246429	3.0	self	0.00870034217	0.00188679245	0.0141697842	0.10082839	0.10271518	19479990	19500028	20409978	20415687	0.21718484	1	323912.2	16.867899	0.9743931	NA	NA	0.0	1.004347582	1.00434758	1	1	1:1	2	neutral	4188900
13	20415688	20448801	DUP	33114	293	2.05817438	291	4	32.0	mappable	0.2747063	NA	identical	0.2237923213	0.16666666667	0.0127697842	0.13319877	0.29986544	20415688	20420034	20448687	20448801	NA	missing	477983.7	30.700286	0.9869	NA	NA	NA	NA	NA	NA	NA	NA	NA	NA	4188900
13	20448802	27289996	DUP	6841196	93526	2.00869516	93202	4682	9320.0	mappable	0.081903571	3.0	NA	0.00323856899	0.00019976029	0.004601875	0.08808315	0.08828291	20448802	20448857	27289989	27290003	0.16364732	1	323912.2	16.867899	0.9743931	NA	NA	0.0	1.004347582	1.00434758	1	1	1:1	2	neutral	4188900
13	27289996	27300050	NA	10055	174	1.38958438	174	0	18.0	mappable	NA	NA	NA	NA	inf	0.1562302158	0.15042542	inf	27289989	27290003	27299886	27300050	NA	missing	285863.3	NA	0.8179	NA	NA	NA	NA	NA	NA	NA	NA	NA	NA	4188900
13	27300051	55049979	NA	27749935	381118	2.00869516	379992	14957	38098.0	mappable	0.08215	3.0	NA	0.00102347419	6.217745e-05	0.0012370116	0.08088658	0.08094876	27300051	27300215	55049949	55050009	0.15258995	1	323912.2	16.867899	0.9743931	NA	NA	0.0	1.004347582	1.00434758	1	1	1:1	2	neutral	4188900
13	55049979	55079980	NA	30002	486	2.27378477	486	0	40.0	mappable	NA	NA	NA	NA	inf	0.0672697842	0.13447393	inf	55049949	55050009	55079948	55079980	NA	missing	362618.9	NA	1.0414	NA	NA	NA	NA	NA	NA	NA	NA	NA	NA	4188900
13	55079981	106379649	NA	51299673	742472	2.00869516	740114	34970	73864.0	mappable	0.08215	3.0	NA	0.00222742517	2.679098e-05	0.0039709447	0.07808704	0.07811383	55079981	55080013	106379601	106379649	0.14645614	1	323912.2	16.867899	0.9743931	NA	NA	0.0	1.004347582	1.00434758	1	1	1:1	2	neutral	4188900
13	106379650	113579954	CTX	7200305	115687	2.97526781	115162	5811	11223.0	mappable	0.181475	5.0	NA	0.08916632449	0.00015787812	0.2568697842	0.08779775	0.08795563	106379650	106379656	113579891	113580017	0.70529752	2	410420.3	24.620786	1.2187144	16.37006	0.6618749	0.32374988	1.0060126134	1.9692552	2	1	2:1	3	gain	4188900
13	113579954	113610089	NA	30136	311	2.64289392	311	18	36.0	mappable	0.374448171	NA	NA	0.28898949522	0.05555555556	0.1605697842	0.13441583	0.18997138	113579891	113580017	113609998	113610089	NA	missing	367853.9	23.351314	1.1347	NA	NA	NA	NA	NA	NA	NA	NA	NA	NA	4188900
13	113610090	113809975	NA	199886	3696	2.97758454	3644	106	319.0	mappable	0.3274	NA	NA	0.21931632449	0.00632911392	0.2451697842	0.11357946	0.11990857	113610090	113610181	113809937	113809975	0.84155699	2	312217.0	19.558945	1.2193	12.44714	0.7048568	0.40971367	0.8788137235	2.09877081	2	1	2:1	3	gain	4188900
13	113809976	113819982	NA	10007	165	2.160871	163	0	25.0	mappable	NA	7.0	NA	0.15999586995	0.5	0.0622697842	0.15050356	0.65050356	113809976	113810014	113819948	113820016	NA	missing	529108.7	NA	1.0128587	NA	NA	NA	NA	NA	NA	NA	NA	NA	NA	4188900
13	113819982	113980032	NA	160051	2469	3.27706538	2462	15	258.0	mappable	0.028925	NA	NA	0.11012882449	0.04545454545	0.3208697842	0.11568603	0.16114058	113819948	113820016	113979986	113980078	NA	missing	372789.0	21.746023	1.295	NA	NA	NA	NA	NA	NA	NA	NA	NA	NA	4188900
13	113980032	113989985	NA	9954	239	2.43638269	231	0	41.0	mappable	NA	NA	NA	0.06181632449	0.125	0.1083697842	0.15059038	0.27559038	113979986	113980078	113989927	113989985	NA	missing	310856.0	NA	1.0825	NA	NA	NA	NA	NA	NA	NA	NA	NA	NA	4188900
13	113989986	115099984	NA	1109999	15283	2.97526781	15118	490	1374.0	mappable	0.1438	5.0	edge	0.05834132449	0.00152671756	0.2725697842	0.09959104	0.10111776	113989986	113990044	115099984	115099984	0.70642572	2	410420.3	24.620786	1.2187144	16.37006	0.6618749	0.32374988	1.0060126134	1.9692552	2	1	2:1	3	gain	4188900
14	20330060	20339992	NA	9933	222	1.461982	219	5	30.0	mappable	0.18263276	NA	edge	0.26460330155	0.125	0.1379302158	0.15062494	0.27562494	20330060	20330060	20339973	20339992	NA	missing	481738.0	29.248379	0.8362	NA	NA	NA	NA	NA	NA	NA	NA	NA	NA	4188900
14	20339993	22309985	NA	1969993	27650	2.00869516	27540	1414	2795.0	mappable	0.085575	3.0	self	0.00319227919	0.00065616798	0.0032003134	0.09564912	0.09630529	20339993	20340012	22309967	22310003	0.21449026	1	323912.2	16.867899	0.9743931	NA	NA	0.0	1.004347582	1.00434758	1	1	1:1	2	neutral	4188900
14	22309985	22969953	NA	659970	11369	1.24033373	11324	577	1039.0	mappable	0.081941667	NA	identical	0.00244103431	0.00160771704	0.1939563658	0.10345519	0.10506291	22309967	22310003	22969898	22970008	0.16802962	1	260734.9	13.65754	0.7801738	NA	NA	0.0	0.6201668667	0.62016687	sub	sub	sub:sub	sub	sub	4188900
14	22969953	86769998	NA	63800048	878312	2.00869516	875550	38441	87426.0	mappable	0.08215	3.0	NA	0.00102002395	2.427067e-05	0.0028583672	0.0771395	0.07716377	22969898	22970008	86769987	86769998	0.16210865	1	323912.2	16.867899	0.9743931	NA	NA	0.0	1.004347582	1.00434758	1	1	1:1	2	neutral	4188900
14	86769999	86785047	NA	15049	185	1.58857892	185	0	17.0	mappable	NA	NA	NA	NA	inf	0.1059302158	0.14411942	inf	86769999	86770010	86779992	86785047	NA	missing	337824.0	NA	0.8682	NA	NA	NA	NA	NA	NA	NA	NA	NA	NA	4188900
14	86785048	102190032	NA	15404986	236082	2.00869516	235376	10386	22889.0	mappable	0.085575	3.0	NA	0.00079334464	9.015507e-05	0.002497176	0.08376299	0.08385314	86785048	86790103	102189963	102190032	0.13520044	1	323912.2	16.867899	0.9743931	NA	NA	0.0	1.004347582	1.00434758	1	1	1:1	2	neutral	4188900
14	102190033	102215016	NA	24984	354	2.72676438	353	7	31.0	mappable	0.007426923	NA	identical	0.07991829089	0.125	0.1817697842	0.13690456	0.26190456	102190033	102190102	102209981	102215016	NA	missing	300329.7	15.016487	1.1559	NA	NA	NA	NA	NA	NA	NA	NA	NA	NA	4188900
14	102215017	106130012	NA	3914997	49372	2.00869516	49158	1557	4576.0	mappable	0.09585	3.0	self	0.01133653847	0.00056465274	0.0051771574	0.09132178	0.09188644	102215017	102220052	106009942	106250082	0.1380454	1	323912.2	16.867899	0.9743931	NA	NA	0.0	1.004347582	1.00434758	1	1	1:1	2	neutral	4188900
14	106130012	106329990	NA	199979	1867	1.01074151	1860	93	153.0	mappable	0.359575	4.0	NA	0.27411632449	0.01	0.2214302158	0.11357513	0.12357513	106009942	106250082	106329980	106330000	0.89937558	2	248308.9	16.80289	0.7221396	16.71455	0.9994287	0.99885743	0.0005774202	1.01016409	1	0	1:0	1	LOH	4188900
14	106329990	106691785	NA	361796	2000	0.06664654	1976	146	166.0	mappable	0.112975	NA	NA	0.01724132449	0.00588235294	0.4906302158	0.1083141	0.11419645	106329980	106330000	106691778	106691792	0.36310684	2	148385.5	8.243639	0.4835	14.91827	2.0944817	1.0	0.0	0.06664654	0	0	0:0	0	LOH	4188900
14	106691785	106889979	NA	198195	2431	0.89902131	2330	81	207.0	mappable	0.448625	NA	NA	0.37344132449	0.00549450549	0.2802302158	0.11365857	0.11915308	106691778	106691792	106889933	106889979	0.816816	2	231388.0	15.734384	0.6939	16.20942	1.0496327	1.0	0.0	0.89902131	1	0	1:0	1	LOH	4188900
14	106889980	106920010	NA	30031	631	1.91060985	624	19	34.0	mappable	0.491163636	NA	NA	0.15395496086	0.03846153846	0.0245302158	0.13446133	0.17292287	106889980	106890026	106919982	106920010	NA	missing	167652.5	12.192912	0.9496	NA	NA	NA	NA	NA	NA	NA	NA	NA	NA	4188900
14	106920011	106995026	NA	75016	1070	0.86737208	979	92	93.0	mappable	0.315699812	NA	NA	0.20413915058	0.00546448087	0.2882302158	0.12349559	0.12896007	106920011	106920039	106989996	106995026	0.9058263	2	242684.7	16.502559	0.6859	17.19907	1.0631201	1.0	0.0	0.86737208	1	0	1:0	1	LOH	4188900
14	106995027	107259908	NA	264882	4362	2.00869516	4197	379	381.0	mappable	0.08215	3.0	edge	0.00330867551	0.00183823529	0.0090302158	0.11101866	0.11285689	106995027	107000057	107259908	107259908	0.2840849	1	323912.2	16.867899	0.9743931	NA	NA	0.0	1.004347582	1.00434758	1	1	1:1	2	neutral	4188900
15	20850000	20859924	NA	9925	165	2.02375585	145	0	28.0	mappable	NA	NA	edge	0.18488152506	0.05	0.0040697842	0.15063813	0.20063813	20850000	20850000	20859924	20859924	NA	missing	1796442.0	NA	0.9782	NA	NA	NA	NA	NA	NA	NA	NA	NA	NA	4188900
15	22480079	23069956	NA	589878	4038	2.00869516	4025	234	401.0	mappable	0.086988096	3.0	self	0.00218806362	0.004048583	0.0135697842	0.10432937	0.10837795	22480079	22480079	23069956	23069956	0.19535977	1	323912.2	16.867899	0.9743931	NA	NA	0.0	1.004347582	1.00434758	1	1	1:1	2	neutral	4188900
15	23710146	24329926	NA	619781	10337	2.00869516	10295	656	1024.0	mappable	0.0769	3.0	NA	0.00818184624	0.00143266476	0.0096302158	0.10394255	0.10537521	23710146	23710146	24329926	24329926	0.11522363	1	323912.2	16.867899	0.9743931	NA	NA	0.0	1.004347582	1.00434758	1	1	1:1	2	neutral	4188900
15	24329927	24830091	NA	500165	0	0.0	0	0	NA	mappable	NA	NA	NA	NA	inf	0.9741302158	0.10564099	inf	24329927	24329927	24830091	24830091	NA	missing	NA	NA	0.0	NA	NA	0.0	0.0	0.0	0	0	NA	0	homozygousDel	4188900
15	24830092	28529988	NA	3699897	57315	2.00869516	57136	2331	5565.0	mappable	0.090525	3.0	NA	0.00696632449	0.00039840637	0.0088697842	0.091663	0.09206141	24830092	24830092	28529988	28529988	0.18553726	1	323912.2	16.867899	0.9743931	NA	NA	0.0	1.004347582	1.00434758	1	1	1:1	2	neutral	4188900
15	29100034	30369914	NA	1269881	18215	2.00869516	18163	597	1839.0	mappable	0.085575	3.0	self	0.00011632449	0.00154083205	0.0116302158	0.09863751	0.10017834	29100034	29100034	30369914	30369914	0.17164758	1	323912.2	16.867899	0.9743931	NA	NA	0.0	1.004347582	1.00434758	1	1	1:1	2	neutral	4188900
15	31160110	82479795	NA	51319690	688591	2.00869516	686391	28379	68319.0	mappable	0.08215	3.0	NA	0.00160046222	3.270218e-05	0.0066190444	0.07808532	0.07811802	31160110	31160110	82479795	82479795	0.15069391	1	323912.2	16.867899	0.9743931	NA	NA	0.0	1.004347582	1.00434758	1	1	1:1	2	neutral	4188900
15	82479796	82565878	NA	86083	0	0.0	0	0	NA	mappable	NA	NA	NA	NA	inf	0.9741302158	0.12200001	inf	82479796	82479796	82565878	82565878	NA	missing	NA	NA	0.0	NA	NA	0.0	0.0	0.0	0	0	NA	0	homozygousDel	4188900
15	82565879	82567802	DEL	1924	0	0.0	0	0	NA	mappable	NA	NA	NA	NA	inf	0.9741302158	0.18331985	inf	82565879	82565879	82567802	82567802	NA	missing	NA	NA	0.0	NA	NA	0.0	0.0	0.0	0	0	NA	0	homozygousDel	4188900
15	83211507	102399920	NA	19188416	295301	2.00869516	294364	13508	28450.0	mappable	0.085575	3.0	edge	0.00045601052	6.922811e-05	0.0022683426	0.08266604	0.08273527	83211507	83211507	102399920	102399920	0.14044893	1	323912.2	16.867899	0.9743931	NA	NA	0.0	1.004347582	1.00434758	1	1	1:1	2	neutral	4188900
16	100010	740028	NA	640019	7614	2.00869516	7548	219	581.0	mappable	0.091252273	3.0	edge	0.00551472303	0.00350877193	0.0333089621	0.10369273	0.1072015	100010	100010	739963	740028	0.16608453	1	323912.2	16.867899	0.9743931	NA	NA	0.0	1.004347582	1.00434758	1	1	1:1	2	neutral	4188900
16	740029	829960	NA	89932	1165	1.87737815	1153	27	61.0	mappable	0.157186363	NA	NA	0.06519132449	0.02564102564	0.0329302158	0.12153218	0.1471732	740029	740094	829920	830000	NA	missing	197382.7	11.513989	0.9412	NA	NA	NA	NA	NA	NA	NA	NA	NA	NA	4188900
16	829960	899992	NA	70033	1518	2.34448045	1505	76	93.0	mappable	0.1164	8.0	NA	0.02409132449	0.01123595506	0.0736697842	0.12425642	0.13549238	829920	830000	899974	899992	NA	missing	304503.1	16.006944	1.0592698	NA	NA	NA	NA	NA	NA	NA	NA	NA	NA	4188900
16	899993	1294925	NA	394933	7580	2.00869516	7497	335	537.0	mappable	0.097242857	3.0	NA	0.01724132449	0.0023923445	0.0143302158	0.1075775	0.10996984	899993	900011	1279714	1310136	0.21777471	1	323912.2	16.867899	0.9743931	NA	NA	0.0	1.004347582	1.00434758	1	1	1:1	2	neutral	4188900
16	1294925	1340003	NA	45079	454	1.45723462	454	0	16.0	mappable	NA	NA	NA	NA	inf	0.1391302158	0.1293647	inf	1279714	1310136	1339968	1340003	NA	missing	113276.2	NA	0.835	NA	NA	NA	NA	NA	NA	NA	NA	NA	NA	4188900
16	1340004	12610083	NA	11270084	224495	2.00869516	223716	10035	21438.0	mappable	0.085575	3.0	NA	0.00272872186	9.247272e-05	0.0009871244	0.08537524	0.08546772	1340004	1340039	12609957	12610209	0.17661085	1	323912.2	16.867899	0.9743931	NA	NA	0.0	1.004347582	1.00434758	1	1	1:1	2	neutral	4188900
16	12610083	12630000	NA	19918	610	2.34448045	610	33	54.0	mappable	0.128875	8.0	NA	0.04341632449	0.0303030303	0.0973697842	0.14003852	0.17034155	12609957	12610209	12629998	12630000	NA	missing	304503.1	16.006944	1.0592698	NA	NA	NA	NA	NA	NA	NA	NA	NA	NA	4188900
16	12630001	12649995	NA	19995	1355	1.92129146	1352	109	110.0	mappable	0.157163636	NA	NA	0.07170496086	0.00892857143	0.0218302158	0.13998396	0.14891253	12630001	12630003	12649987	12650003	0.04450777	1	291882.4	15.228646	0.9523	NA	NA	0.0	0.9606457308	0.96064573	1	1	1:1	2	neutral	4188900
16	12649995	12659997	NA	10003	736	2.34448045	725	128	46.0	mappable	0.094939474	8.0	NA	0.00236369291	0.0071942446	0.0787697842	0.1505101	0.15770434	12649987	12650003	12659995	12659997	0.17809062	1	304503.1	16.006944	1.0592698	NA	NA	0.0	1.1722402236	1.17224022	1	1	1:1	2	neutral	4188900
16	12659998	14900075	NA	2240078	36480	2.00869516	36316	1974	3580.0	mappable	0.08065	3.0	self	0.00360034217	0.00046772685	0.0099302158	0.09480867	0.0952764	12659998	12660000	14749912	14900075	0.19373012	1	323912.2	16.867899	0.9743931	NA	NA	0.0	1.004347582	1.00434758	1	1	1:1	2	neutral	4188900
16	15130000	16289940	NA	1159943	12465	2.00869516	12386	674	1229.0	mappable	0.090625	3.0	self	0.00629907125	0.00132802125	0.0044227148	0.09927715	0.10060517	15130000	15130018	16289940	16289940	0.18758972	1	323912.2	16.867899	0.9743931	NA	NA	0.0	1.004347582	1.00434758	1	1	1:1	2	neutral	4188900
16	16870104	18169896	NA	1299793	20454	2.00869516	20356	1115	1994.0	mappable	0.079513095	3.0	self	0.00330867551	0.00082440231	0.0037302158	0.09847438	0.09929879	16870104	16870104	18169896	18169896	0.16607375	1	323912.2	16.867899	0.9743931	NA	NA	0.0	1.004347582	1.00434758	1	1	1:1	2	neutral	4188900
16	18800044	18809907	NA	9864	152	2.34448045	148	7	16.0	mappable	0.04711155	8.0	NA	0.04187534217	0.09090909091	0.0842697842	0.15073911	0.2416482	18800044	18800044	18809804	18809907	NA	missing	304503.1	16.006944	1.0592698	NA	NA	NA	NA	NA	NA	NA	NA	NA	NA	4188900
16	18809908	29039945	NA	10230038	124601	2.00869516	124026	5020	12744.0	mappable	0.085575	3.0	self	0.00011632449	0.00017873101	0.0053302158	0.08588738	0.08606611	18809908	18810011	29039945	29039945	0.19211774	1	323912.2	16.867899	0.9743931	NA	NA	0.0	1.004347582	1.00434758	1	1	1:1	2	neutral	4188900
16	29670028	31959970	NA	2289945	17232	2.00869516	17167	497	1592.0	mappable	0.099275	3.0	self	0.00799065064	0.00177935943	0.0159138244	0.09466612	0.09644548	29670028	29670028	31959970	31959970	0.24644315	1	323912.2	16.867899	0.9743931	NA	NA	0.0	1.004347582	1.00434758	1	1	1:1	2	neutral	4188900
16	32520030	32649899	NA	129870	3149	2.160871	2849	0	386.0	mappable	NA	7.0	NA	0.23185382449	0.00333333333	0.0619697842	0.11773911	0.12107245	32520030	32520030	32649899	32649899	NA	missing	529108.7	NA	1.0128587	NA	NA	NA	NA	NA	NA	NA	NA	NA	NA	4188900
16	33590105	35279959	NA	1689855	15418	2.12345092	15340	56	1768.0	mappable	0.148859615	NA	NA	0.10161632449	0.00746268657	0.0292697842	0.09667221	0.1041349	33590105	33590105	35279959	35279959	0.47901468	2	369590.8	20.798542	1.0034	17.90485	0.6172964	0.23459289	0.8126522211	1.3107987	sub	1	sub:1	sub	sub	4188900
16	46450014	87889314	NA	41439309	667159	2.00869516	664901	27830	65339.0	mappable	0.08215	3.0	NA	0.00173616347	3.323584e-05	0.0014861978	0.07903734	0.07907057	46450014	46450014	87889241	87889314	0.14543202	1	323912.2	16.867899	0.9743931	NA	NA	0.0	1.004347582	1.00434758	1	1	1:1	2	neutral	4188900
16	87889315	87893421	DEL	4107	14	2.13294569	14	0	0.0	mappable	NA	NA	NA	NA	inf	0.0316697842	0.16661294	inf	87889315	87889412	87889964	87893421	NA	missing	209520.0	NA	1.0058	NA	NA	NA	NA	NA	NA	NA	NA	NA	NA	4188900
16	87893422	90109969	DEL	2216548	31371	2.00869516	31184	1102	2603.0	mappable	0.09585	3.0	edge	0.01039132449	0.00077579519	0.0266697842	0.09487719	0.09565298	87893422	87980037	90109969	90109969	0.29129205	1	323912.2	16.867899	0.9743931	NA	NA	0.0	1.004347582	1.00434758	1	1	1:1	2	neutral	4188900
17	20080	4840019	NA	4819940	51186	2.00869516	50882	2280	4868.0	mappable	0.092425	3.0	edge	0.00776658401	0.0003869969	0.0078357437	0.09008772	0.09047472	20080	20080	4839996	4840042	0.2065882	1	323912.2	16.867899	0.9743931	NA	NA	0.0	1.004347582	1.00434758	1	1	1:1	2	neutral	4188900
17	4840019	5939913	NA	1099895	14378	1.01074151	14290	912	1390.0	mappable	0.421225	4.0	NA	0.32549132449	0.001	0.2523302158	0.09965651	0.10065651	4839996	4840042	5939826	5939913	0.8584931	2	248308.9	16.80289	0.7221396	16.71455	0.9994287	0.99885743	0.0005774202	1.01016409	1	0	1:0	1	LOH	4188900
17	5939914	5958008	NA	18095	313	1.66602063	313	30	35.0	mappable	0.142171494	2.0	NA	0.05671281771	0.03333333333	0.0492302158	0.14140968	0.17474301	5939914	5940001	5957936	5958008	NA	missing	284926.1	14.897524	0.887775	NA	NA	NA	NA	NA	NA	NA	NA	NA	NA	4188900
17	5958009	6410439	INV	452431	8025	0.94412146	8004	187	759.0	mappable	0.4726	NA	NA	0.10971632449	0.00480769231	0.2688302158	0.10645468	0.11126237	5958009	5958142	6410414	6410439	0.75201461	2	216250.4	14.705028	0.7053	14.90413	1.0319756	1.0	0.0	0.94412146	1	0	1:0	1	LOH	4188900
17	6410440	7574231	INV	1163792	12817	2.00869516	12748	628	1193.0	mappable	0.080594737	3.0	NA	0.00170209656	0.00143472023	0.0125697842	0.0992536	0.10068832	6410440	6410489	7574126	7574231	0.16666778	1	323912.2	16.867899	0.9743931	NA	NA	0.0	1.004347582	1.00434758	1	1	1:1	2	neutral	4188900
17	7574232	7582299	DUP	8068	217	2.36952369	217	0	29.0	mappable	NA	NA	NA	NA	inf	0.0914697842	0.15410701	inf	7574232	7574267	7582274	7582299	NA	missing	294438.1	NA	1.0656	NA	NA	NA	NA	NA	NA	NA	NA	NA	NA	4188900
17	7582300	7589766	DUP	7467	129	2.81498662	129	0	20.0	mappable	NA	NA	NA	NA	inf	0.2040697842	0.15544469	inf	7582300	7582304	7589751	7589766	NA	missing	329798.0	NA	1.1782	NA	NA	NA	NA	NA	NA	NA	NA	NA	NA	4188900
17	7589767	7589801	INV	35	0	0.0	0	0	NA	mappable	NA	NA	NA	NA	inf	0.9741302158	0.38991804	inf	7589767	7589767	7589801	7589801	NA	missing	NA	NA	0.0	NA	NA	0.0	0.0	0.0	0	0	NA	0	homozygousDel	4188900
17	7589802	12869992	INV	5280193	74209	2.00869516	73888	2771	7404.0	mappable	0.089	3.0	NA	0.00193040923	0.00032341527	0.0017768328	0.08955695	0.08988036	7589802	7589820	12869883	12870101	0.16667173	1	323912.2	16.867899	0.9743931	NA	NA	0.0	1.004347582	1.00434758	1	1	1:1	2	neutral	4188900
17	12869992	12889949	NA	19958	369	1.73812154	369	0	50.0	mappable	NA	NA	NA	NA	inf	0.0681302158	0.14001014	inf	12869883	12870101	12889878	12890020	NA	missing	264489.4	NA	0.906	NA	NA	NA	NA	NA	NA	NA	NA	NA	NA	4188900
17	12889949	18239982	NA	5350034	68320	2.00869516	68082	3455	6525.0	mappable	0.083975	3.0	NA	0.00375867551	0.00027078256	0.0035697842	0.08948099	0.08975177	12889878	12890020	18239982	18239982	0.14632116	1	323912.2	16.867899	0.9743931	NA	NA	0.0	1.004347582	1.00434758	1	1	1:1	2	neutral	4188900
17	18750212	22239986	NA	3489775	25702	2.00869516	25051	788	2457.0	mappable	0.078725	3.0	self	0.00011632449	0.00069492703	0.0037697842	0.09201874	0.09271367	18750212	18750212	22239986	22239986	0.15123572	1	323912.2	16.867899	0.9743931	NA	NA	0.0	1.004347582	1.00434758	1	1	1:1	2	neutral	4188900
17	25390040	44279982	NA	18889943	209855	2.00869516	209091	7099	20865.0	mappable	0.085575	3.0	self	0.00011632449	0.00012717792	0.0085302158	0.08274339	0.08287057	25390040	25390040	44279982	44279982	0.19167038	1	323912.2	16.867899	0.9743931	NA	NA	0.0	1.004347582	1.00434758	1	1	1:1	2	neutral	4188900
17	44790026	53479999	NA	8689975	111064	2.00869516	110659	5822	10851.0	mappable	0.085575	3.0	self	0.00172281834	0.00016059097	0.0062672521	0.08676443	0.08692502	44790026	44790026	53479959	53480039	0.15732463	1	323912.2	16.867899	0.9743931	NA	NA	0.0	1.004347582	1.00434758	1	1	1:1	2	neutral	4188900
17	53479999	53511914	NA	31916	454	1.66602063	443	0	47.0	mappable	NA	2.0	NA	0.03046804863	0.09090909091	0.0790302158	0.13367204	0.22458113	53479959	53480039	53511912	53511914	NA	missing	284926.1	NA	0.887775	NA	NA	NA	NA	NA	NA	NA	NA	NA	NA	4188900
17	53511915	53529886	NA	17972	290	2.35092977	288	21	31.0	mappable	0.214675	NA	NA	0.12921632449	0.04347826087	0.0867697842	0.14150813	0.18498639	53511915	53511917	53529728	53529886	NA	missing	324363.7	17.029094	1.0609	NA	NA	NA	NA	NA	NA	NA	NA	NA	NA	4188900
17	53529887	79989990	NA	26460107	343684	2.00869516	342372	13621	33379.0	mappable	0.085575	3.0	self	0.00104183573	6.696578e-05	0.001288644	0.08111183	0.0811788	53529887	53530045	79989976	79989990	0.1764078	1	323912.2	16.867899	0.9743931	NA	NA	0.0	1.004347582	1.00434758	1	1	1:1	2	neutral	4188900
17	79989991	80040014	NA	50024	843	2.52618738	838	29	58.0	mappable	0.158624138	NA	identical	0.06129213094	0.02941176471	0.1310697842	0.12812027	0.15753203	79989991	79990005	80039994	80040034	NA	missing	209892.7	11.369186	1.1052	NA	NA	NA	NA	NA	NA	NA	NA	NA	NA	4188900
17	80040014	80269933	NA	229920	3572	2.00869516	3538	330	241.0	mappable	0.100791667	3.0	self	0.01232465783	0.00274725275	0.0421697842	0.11229159	0.11503885	80039994	80040034	80269856	80270010	0.25637368	1	323912.2	16.867899	0.9743931	NA	NA	0.0	1.004347582	1.00434758	1	1	1:1	2	neutral	4188900
17	80269933	80469955	NA	200024	2631	2.34448045	2627	118	203.0	mappable	0.0764	8.0	NA	0.01202913005	0.00819672131	0.0521697842	0.11357304	0.12176976	80269856	80270010	80459885	80469955	NA	missing	304503.1	16.006944	1.0592698	NA	NA	NA	NA	NA	NA	NA	NA	NA	NA	4188900
17	80469956	80489988	NA	20033	202	1.66602063	198	11	26.0	mappable	0.114025	2.0	NA	0.02074867743	0.06666666667	0.1092302158	0.13995712	0.20662379	80469956	80480026	80489972	80489988	NA	missing	284926.1	14.897524	0.887775	NA	NA	NA	NA	NA	NA	NA	NA	NA	NA	4188900
17	80489989	81109940	NA	619952	9302	2.00869516	9182	506	784.0	mappable	0.091766667	3.0	edge	0.00354132449	0.00159744409	0.0196697842	0.1039404	0.10553784	80489989	80490005	81109940	81109940	0.15127865	1	323912.2	16.867899	0.9743931	NA	NA	0.0	1.004347582	1.00434758	1	1	1:1	2	neutral	4188900
18	130031	12060005	NA	11929975	183060	2.00869516	182436	9698	18068.0	mappable	0.081207143	3.0	edge	0.00330867551	9.688045e-05	0.0035302158	0.0850771	0.08517398	130031	130031	12059973	12060005	0.15679406	1	323912.2	16.867899	0.9743931	NA	NA	0.0	1.004347582	1.00434758	1	1	1:1	2	neutral	4188900
18	12060006	12089990	NA	29985	373	2.62232192	367	49	31.0	mappable	0.0847	NA	identical	0.00359132449	0.01818181818	0.1553697842	0.13448133	0.15266314	12060006	12060038	12089976	12089990	NA	missing	241122.7	12.98353	1.1295	NA	NA	NA	NA	NA	NA	NA	NA	NA	NA	4188900
18	12089991	14119956	NA	2029967	28707	2.00869516	28617	1527	2733.0	mappable	0.08215	3.0	NA	0.00194271159	0.00061842919	0.0035817259	0.09545161	0.09607004	12089991	12090005	14119956	14119956	0.15980695	1	323912.2	16.867899	0.9743931	NA	NA	0.0	1.004347582	1.00434758	1	1	1:1	2	neutral	4188900
18	14119957	14910026	NA	790070	0	0.0	0	0	NA	mappable	NA	NA	NA	NA	inf	0.9741302158	0.10208446	inf	14119957	14119957	14910026	14910026	NA	missing	NA	NA	0.0	NA	NA	0.0	0.0	0.0	0	0	NA	0	homozygousDel	4188900
18	14910027	14929888	NA	19862	364	2.11039562	363	0	26.0	mappable	NA	NA	NA	0.26589267584	1.0	0.0259697842	0.14007836	1.14007836	14910027	14910027	14929888	14929888	NA	missing	320537.6	NA	1.0001	NA	NA	NA	NA	NA	NA	NA	NA	NA	NA	4188900
18	18540053	56740015	NA	38199965	536964	2.00869516	535331	20873	53212.0	mappable	0.085575	3.0	self	0.00011696543	4.44326e-05	0.0015909387	0.07940583	0.07945026	18540053	18540053	56739983	56740047	0.15946057	1	323912.2	16.867899	0.9743931	NA	NA	0.0	1.004347582	1.00434758	1	1	1:1	2	neutral	4188900
18	56740015	56764790	NA	24776	508	2.34448045	505	43	60.0	mappable	0.150063043	8.0	NA	0.03067393319	0.02173913043	0.0661697842	0.13701769	0.15875682	56739983	56740047	56764787	56764790	NA	missing	304503.1	16.006944	1.0592698	NA	NA	NA	NA	NA	NA	NA	NA	NA	NA	4188900
18	56764791	56767089	DEL	2299	42	2.32204985	42	0	2.0	mappable	NA	NA	NA	NA	inf	0.0794697842	0.17910249	inf	56764791	56764825	56767058	56767089	NA	missing	279656.2	NA	1.0536	NA	NA	NA	NA	NA	NA	NA	NA	NA	NA	4188900
18	56767090	70453262	DEL	13686173	212092	2.00869516	211376	11293	20857.0	mappable	0.085575	3.0	NA	0.00174269472	8.327088e-05	0.0004594977	0.08436606	0.08444933	56767090	56767104	70453231	70453262	0.15264168	1	323912.2	16.867899	0.9743931	NA	NA	0.0	1.004347582	1.00434758	1	1	1:1	2	neutral	4188900
18	70453263	70461132	DEL	7870	147	1.40461777	146	9	15.0	mappable	0.082977273	NA	identical	0.00075867551	0.1	0.1524302158	0.15453385	0.25453385	70453263	70453284	70461099	70461132	NA	missing	297576.7	17.668614	0.8217	NA	NA	NA	NA	NA	NA	NA	NA	NA	NA	4188900
18	70461133	78009968	DEL	7548836	127048	2.00869516	126463	6161	12578.0	mappable	0.085575	3.0	edge	0.00011632449	0.00014823599	0.0040697842	0.08753569	0.08768393	70461133	70461270	78009968	78009968	0.17590496	1	323912.2	16.867899	0.9743931	NA	NA	0.0	1.004347582	1.00434758	1	1	1:1	2	neutral	4188900
19	260137	24569972	NA	24309837	249363	2.00869516	247745	9610	23404.0	mappable	0.089	3.0	edge	0.00319107507	8.907892e-05	0.0159290204	0.08151608	0.08160516	260137	260137	24569972	24569972	0.20681329	1	323912.2	16.867899	0.9743931	NA	NA	0.0	1.004347582	1.00434758	1	1	1:1	2	neutral	4188900
19	27750002	43209995	NA	15459997	196220	2.00869516	195366	6778	19262.0	mappable	0.085575	3.0	NA	0.00029000211	0.00013102725	0.0031221612	0.08374495	0.08387598	27750002	27750002	43209995	43209995	0.17317025	1	323912.2	16.867899	0.9743931	NA	NA	0.0	1.004347582	1.00434758	1	1	1:1	2	neutral	4188900
19	43209996	43800005	NA	590010	0	0.0	0	0	NA	mappable	NA	NA	NA	NA	inf	0.9741302158	0.10432761	inf	43209996	43209996	43800005	43800005	NA	missing	NA	NA	0.0	NA	NA	0.0	0.0	0.0	0	0	NA	0	homozygousDel	4188900
19	43800006	50349991	NA	6549986	68206	2.00869516	67856	3224	6579.0	mappable	0.08215	3.0	NA	0.00011632449	0.00027979855	0.0111697842	0.08832728	0.08860708	43800006	43800006	50349958	50350024	0.19078522	1	323912.2	16.867899	0.9743931	NA	NA	0.0	1.004347582	1.00434758	1	1	1:1	2	neutral	4188900
19	50349991	50390009	NA	40019	668	2.67454315	667	2	44.0	mappable	0.104761904	NA	identical	0.06304132449	0.33333333333	0.1685697842	0.13081816	0.46415149	50349958	50350024	50389964	50390054	NA	missing	231884.5	12.808861	1.1427	NA	NA	NA	NA	NA	NA	NA	NA	NA	NA	4188900
19	50390009	59089999	NA	8699991	90873	2.00869516	90432	3962	8707.0	mappable	0.089	3.0	edge	0.00354132449	0.00022711787	0.0099697842	0.08675818	0.08698529	50389964	50390054	59089999	59089999	0.17787798	1	323912.2	16.867899	0.9743931	NA	NA	0.0	1.004347582	1.00434758	1	1	1:1	2	neutral	4188900
20	60479	9739999	NA	9679523	150399	2.00869516	149869	6985	14866.0	mappable	0.085575	3.0	edge	0.00034145175	0.0001330672	0.0034477458	0.08618273	0.0863158	60479	60479	9739979	9739999	0.17270837	1	323912.2	16.867899	0.9743931	NA	NA	0.0	1.004347582	1.00434758	1	1	1:1	2	neutral	4188900
20	9740000	9750008	NA	10009	175	2.34448045	175	23	15.0	mappable	0.115979412	8.0	NA	0.03052073626	0.04347826087	0.1106697842	0.1505003	0.19397856	9740000	9740020	9749990	9750026	NA	missing	304503.1	16.006944	1.0592698	NA	NA	NA	NA	NA	NA	NA	NA	NA	NA	4188900
20	9750008	9769982	NA	19975	296	1.80933231	296	7	38.0	mappable	0.285689535	NA	NA	0.20023085938	0.14285714286	0.0501302158	0.1399981	0.28285525	9749990	9750026	9769944	9769982	NA	missing	335115.1	18.377282	0.924	NA	NA	NA	NA	NA	NA	NA	NA	NA	NA	4188900
20	9769983	25729738	NA	15959757	248564	2.00869516	247883	10436	24482.0	mappable	0.08215	3.0	self	5.180253e-05	8.996042e-05	0.000860381	0.08358431	0.08367427	9769983	9770021	25729738	25729738	0.12432098	1	323912.2	16.867899	0.9743931	NA	NA	0.0	1.004347582	1.00434758	1	1	1:1	2	neutral	4188900
20	29810057	62909989	NA	33099934	494091	2.00869516	492274	18954	47755.0	mappable	0.085575	3.0	edge	0.00112804268	4.814868e-05	0.0038647317	0.08006301	0.08011116	29810057	29810057	62909989	62909989	0.16153292	1	323912.2	16.867899	0.9743931	NA	NA	0.0	1.004347582	1.00434758	1	1	1:1	2	neutral	4188900
21	10720001	11179964	NA	459965	5133	2.160871	4589	0	629.0	mappable	NA	7.0	edge	0.20960691097	0.00183823529	0.0420458411	0.10631984	0.10815807	10720001	10720001	11179964	11179964	NA	missing	529108.7	NA	1.0128587	NA	NA	NA	NA	NA	NA	NA	NA	NA	NA	4188900
21	15410077	15469972	NA	59896	661	2.34448045	660	62	49.0	mappable	0.077565323	8.0	NA	0.00789335293	0.01587301587	0.1025697842	0.12602258	0.14189559	15410077	15410077	15459942	15469972	0.31413141	1	304503.1	16.006944	1.0592698	NA	NA	0.0	1.1722402236	1.17224022	1	1	1:1	2	neutral	4188900
21	15469973	36639998	NA	21170030	332496	2.00869516	331078	14165	33363.0	mappable	0.08215	3.0	NA	0.0037324175	6.417661e-05	0.0046462943	0.0821844	0.08224857	15469973	15480003	36639990	36639998	0.16140964	1	323912.2	16.867899	0.9743931	NA	NA	0.0	1.004347582	1.00434758	1	1	1:1	2	neutral	4188900
21	36639999	36659995	NA	19997	356	2.33510515	356	0	43.0	mappable	NA	NA	NA	NA	inf	0.0827697842	0.13998254	inf	36639999	36640007	36659989	36659995	NA	missing	337548.0	NA	1.0569	NA	NA	NA	NA	NA	NA	NA	NA	NA	NA	4188900
21	36659996	45820001	NA	9160006	141114	2.00869516	140449	6882	13530.0	mappable	0.085575	3.0	NA	0.00011632449	0.00013250298	0.0008302158	0.08647932	0.08661182	36659996	36660002	45819977	45820001	0.16404293	1	323912.2	16.867899	0.9743931	NA	NA	0.0	1.004347582	1.00434758	1	1	1:1	2	neutral	4188900
21	45820002	45870053	NA	50052	1118	2.33708323	1103	3	100.0	mappable	0.588614285	NA	NA	0.46357465783	0.05555555556	0.0832697842	0.12811364	0.1836692	45820002	45820026	45869988	45870118	NA	missing	252289.7	19.972934	1.0574	NA	NA	NA	NA	NA	NA	NA	NA	NA	NA	4188900
21	45870053	48099931	NA	2229879	38334	2.00869516	38026	1687	3466.0	mappable	0.091033333	3.0	edge	0.00696632449	0.00050125313	0.0073697842	0.09483827	0.09533952	45869988	45870118	48099931	48099931	0.18421835	1	323912.2	16.867899	0.9743931	NA	NA	0.0	1.004347582	1.00434758	1	1	1:1	2	neutral	4188900
22	16850007	19145007	NA	2295001	20651	2.00869516	20550	827	2144.0	mappable	0.078725	3.0	edge	0.00330867551	0.00107758621	0.0011697842	0.09465187	0.09572946	16850007	16850007	19139972	19150042	0.14790715	1	323912.2	16.867899	0.9743931	NA	NA	0.0	1.004347582	1.00434758	1	1	1:1	2	neutral	4188900
22	19145007	19160003	NA	14997	173	2.34448045	173	8	16.0	mappable	0.086943018	8.0	NA	0.00148434251	0.125	0.1324697842	0.1441713	0.2691713	19139972	19150042	19159997	19160003	NA	missing	304503.1	16.006944	1.0592698	NA	NA	NA	NA	NA	NA	NA	NA	NA	NA	4188900
22	19160004	19179972	NA	19969	313	1.66602063	313	1	25.0	mappable	0.076923076	2.0	NA	0.00853559858	1.0	0.0943302158	0.14000235	1.14000235	19160004	19160010	19179924	19180020	NA	missing	284926.1	14.897524	0.887775	NA	NA	NA	NA	NA	NA	NA	NA	NA	NA	4188900
22	19179972	51179984	NA	32000022	430876	2.00869516	428989	17582	41110.0	mappable	0.085575	3.0	edge	0.00161611351	5.136371e-05	0.0048104435	0.08021958	0.08027094	19179924	19180020	51179984	51179984	0.17029525	1	323912.2	16.867899	0.9743931	NA	NA	0.0	1.004347582	1.00434758	1	1	1:1	2	neutral	4188900
23	2700027	58499983	NA	55799957	484846	2.00052077	484846	528	25312.0	mappable	0.28765	NA	NA	NA	NA	NA	NA	NA	2700027	2700027	58499983	58499983	0.11184867	1	254015.5	11.200311	1.478	NA	NA	NA	NA	NA	2	NA	2	2	gain	4188900
23	61750000	67639908	NA	5889909	55629	2.03078535	55629	36	2954.0	mappable	0.1986	NA	NA	NA	NA	NA	NA	NA	61750000	61750000	67639816	67639908	NA	missing	258160.7	11.08872	1.4933	NA	NA	NA	NA	NA	2	NA	2	2	gain	4188900
23	67639909	67649994	NA	10086	79	2.40701558	79	0	6.0	mappable	NA	NA	NA	NA	NA	NA	NA	NA	67639909	67640001	67649946	67650042	NA	missing	261011.7	NA	1.6835	NA	NA	NA	NA	NA	2	NA	2	2	gain	4188900
23	67649994	79199984	NA	11549991	88879	1.99241065	88879	83	4458.0	mappable	0.45205	NA	NA	NA	NA	NA	NA	NA	67649946	67650042	79199969	79199984	NA	missing	252329.3	12.616465	1.4739	NA	NA	NA	NA	NA	2	NA	2	2	gain	4188900
23	79199985	79229894	NA	29910	379	2.30000162	379	0	18.0	mappable	NA	NA	NA	NA	NA	NA	NA	NA	79199985	79200000	79229771	79230017	NA	missing	265887.4	NA	1.6294	NA	NA	NA	NA	NA	2	NA	2	2	gain	4188900
23	79229894	88459980	NA	9230087	98338	2.02425769	98338	119	4916.0	mappable	0.071875	NA	NA	NA	NA	NA	NA	NA	79229771	79230017	88459980	88459980	0.20028209	1	264326.6	12.760594	1.49	NA	NA	NA	NA	NA	2	NA	2	2	gain	4188900
23	88990017	89349936	NA	359920	1076	2.16311869	1076	2	39.0	mappable	0.4	NA	NA	NA	NA	NA	NA	NA	88990017	88990017	89349936	89349936	NA	missing	260754.1	18.252784	1.5602	NA	NA	NA	NA	NA	2	NA	2	2	gain	4188900
23	89349937	90140198	NA	790262	0	0.0	0	0	NA	mappable	NA	NA	NA	NA	NA	NA	NA	NA	89349937	89349937	90140198	90140198	NA	missing	NA	NA	0.0	NA	NA	0.0	0.0	0.0	0	0	-1	0	homozygousDel	4188900
23	90140199	91529952	NA	1389754	5088	2.02030154	5088	3	265.0	mappable	0.870692308	NA	NA	NA	NA	NA	NA	NA	90140199	90140199	91529952	91529952	NA	missing	265153.8	2.039644	1.488	NA	NA	NA	NA	NA	2	NA	2	2	gain	4188900
23	91529953	92379999	NA	850047	0	0.0	0	0	NA	mappable	NA	NA	NA	NA	NA	NA	NA	NA	91529953	91529953	92379999	92379999	NA	missing	NA	NA	0.0	NA	NA	0.0	0.0	0.0	0	0	-1	0	homozygousDel	4188900
23	92380000	153469940	NA	61089941	549647	1.99122381	549647	652	28082.0	mappable	0.133525	NA	NA	NA	NA	NA	NA	NA	92380000	92380000	153409716	153469940	0.06250356	1	256946.1	11.859052	1.4733	NA	NA	NA	NA	NA	2	NA	2	2	gain	4188900
23	153550000	154929639	NA	1379640	8347	2.02880727	8347	8	410.0	mappable	0.130638889	NA	NA	NA	NA	NA	NA	NA	153550000	153550007	154929639	154929639	NA	missing	243455.3	13.429465	1.4923	NA	NA	NA	NA	NA	2	NA	2	2	gain	4188900
24	2653090	2919837	NA	266748	285	0.97409665	285	0	14.0	mappable	NA	NA	NA	NA	NA	NA	NA	NA	2653090	2653090	2919837	2919837	NA	missing	161754.0	NA	0.9591	NA	NA	NA	NA	NA	1	NA	1	1	neutral	4188900
24	3712028	3719919	NA	7892	141	1.47534135	141	112	4.0	mappable	0.098116387	NA	NA	NA	NA	NA	NA	NA	3712028	3712028	3719919	3719919	0.70783913	2	433210.0	26.156075	1.2125	NA	NA	NA	NA	NA	1	NA	1	1	neutral	4188900
24	6420014	10069977	NA	3649964	5822	1.12383708	5822	26	327.0	mappable	0.2658	NA	NA	NA	NA	NA	NA	NA	6420014	6420014	10069977	10069977	NA	missing	160659.3	6.654759	1.0348	NA	NA	NA	NA	NA	1	NA	1	1	neutral	4188900
24	13130467	19558992	NA	6428526	11771	1.02552665	11773	172	1162.0	mappable	0.195175	NA	NA	NA	NA	NA	NA	NA	13130467	13130467	19558992	19558992	0.43586356	2	191326.2	7.42332	0.9851	NA	NA	NA	NA	NA	1	NA	1	1	neutral	4188900
24	20802956	23808171	NA	3005216	2790	0.99486646	2790	6	176.0	mappable	0.500266666	NA	NA	NA	NA	NA	NA	NA	20802956	20802956	23808171	23808171	NA	missing	166866.3	4.361279	0.9696	NA	NA	NA	NA	NA	1	NA	1	1	neutral	4188900
24	24381338	24508205	NA	126868	228	1.00238315	228	0	7.0	mappable	NA	NA	NA	NA	NA	NA	NA	NA	24381338	24381338	24508205	24508205	NA	missing	180091.8	NA	0.9734	NA	NA	NA	NA	NA	1	NA	1	1	neutral	4188900
24	28780461	28789809	NA	9349	78	0.85560985	78	8	14.0	mappable	0.175480701	NA	NA	NA	NA	NA	NA	NA	28780461	28780461	28789809	28789809	NA	missing	277717.1	11.234919	0.8992	NA	NA	NA	NA	NA	1	NA	1	1	neutral	4188900
