#chromosome	start	end	crest	length	tcnNbrOfLoci	tcnMean	tcnNbrOfSNPs	tcnNbrOfHets	dhNbrOfLoci	map	dhMax	cluster	neighbour	distDH	errorSNP	distTcn	errorLength	totalError	minStart	maxStart	minStop	maxStop	area	peaks	meanCovT	meanCovB	tcnMeanRaw	AF	BAF	dhMean	c1Mean	c2Mean	A	B	genotype	TCN	GNL	PID
1	840009	2390033	NA	1550025	21229	2.0437127	21060	802	1774.0	mappable	0.373275	1.0	edge	0.28587078293	0.00102986612	0.00770576388	0.097258	0.09828787	840009	840009	2389975	2390091	0.9009324	2	329297.7	22.803412	1.0185803	16.30805	0.9322287	0.86445745	0.13850502	1.9052077	2	0	2:0	2	cnLOH	4181460
1	2390033	2635050	NA	245018	2591	0.17584	2570	50	219.0	mappable	0.0608875	NA	NA	0.01616791813	0.01408450704	0.42081874612	0.11171606	0.12580057	2389975	2390091	2579948	2635050	NA	missing	178163.0	9.745668	0.604	NA	NA	NA	NA	NA	NA	NA	NA	NA	NA	4181460
1	2635051	12839977	NA	10204929	147945	2.0437127	147226	5404	11843.0	mappable	0.3904	1.0	NA	0.29791941705	0.000163372	4.88154e-05	0.08590046	0.08606383	2635051	2690153	12839977	12839977	0.8930612	2	329297.7	22.803412	1.0185803	16.30805	0.9322287	0.86445745	0.13850502	1.9052077	2	0	2:0	2	cnLOH	4181460
1	13780016	69839910	NA	56059899	717214	2.0437127	714672	28956	54981.0	mappable	0.393825	1.0	NA	0.30815798997	3.174906e-05	0.0001083801	0.07769867	0.07773042	13780016	13780016	69839801	69840019	0.9126493	2	329297.7	22.803412	1.0185803	16.30805	0.9322287	0.86445745	0.13850502	1.9052077	2	0	2:0	2	cnLOH	4181460
1	69839910	69879994	NA	40085	435	1.6644859	431	1	29.0	mappable	0.5	7.0	NA	0.00760291521	0.2	0.08551874612	0.13079782	0.33079782	69839801	69840019	69879982	69880006	NA	missing	307831.2	16.626802	0.9344097	NA	NA	NA	NA	NA	NA	NA	NA	NA	NA	4181460
1	69879994	77460179	NA	7580186	101054	2.0437127	100832	4320	7173.0	mappable	0.380125	1.0	NA	0.29805541813	0.00022016733	0.01541874612	0.08751279	0.08773296	69879982	69880006	77459975	77460179	0.920803	2	329297.7	22.803412	1.0185803	16.30805	0.9322287	0.86445745	0.13850502	1.9052077	2	0	2:0	2	cnLOH	4181460
1	77469839	89420025	NA	11950187	160600	2.0437127	159891	7403	11319.0	mappable	0.393825	1.0	NA	0.31175541813	0.00012327416	0.01521874612	0.08506827	0.08519154	77469839	77470461	89419956	89420025	0.9327972	2	329297.7	22.803412	1.0185803	16.30805	0.9322287	0.86445745	0.13850502	1.9052077	2	0	2:0	2	cnLOH	4181460
1	89420026	89445012	NA	24987	284	2.3641393	284	0	21.0	mappable	NA	NA	NA	NA	inf	0.06488125388	0.13690294	inf	89420026	89420095	89439996	89450028	NA	missing	369298.2	NA	1.0897	NA	NA	NA	NA	NA	NA	NA	NA	NA	NA	4181460
1	89445012	120529963	NA	31084952	412529	2.0437127	411273	19423	29858.0	mappable	0.393825	1.0	NA	0.31175541813	4.835824e-05	0.00941874612	0.08035448	0.08040284	89439996	89450028	120529963	120529963	0.9243745	2	329297.7	22.803412	1.0185803	16.30805	0.9322287	0.86445745	0.13850502	1.9052077	2	0	2:0	2	cnLOH	4181460
1	121220004	121229986	NA	9983	176	2.242492	176	0	9.0	mappable	NA	NA	NA	NA	inf	0.03788125388	0.15054281	inf	121220004	121220004	121229986	121229986	NA	missing	355874.0	NA	1.0627	NA	NA	NA	NA	NA	NA	NA	NA	NA	NA	4181460
1	144010127	144019970	NA	9844	155	2.5822033	106	0	13.0	mappable	NA	NA	NA	0.2112870637	0.02040816327	0.11328125388	0.15077238	0.17118054	144010127	144010127	144019970	144019970	NA	missing	1071476.0	NA	1.1381	NA	NA	NA	NA	NA	NA	NA	NA	NA	NA	4181460
1	144920087	145739956	NA	819870	6362	3.0255648	5799	13	550.0	mappable	0.05793741	3.0	NA	0.04460541813	0.00173611111	0.18778125388	0.10180689	0.103543	144920087	144920087	145739956	145739956	NA	missing	409924.0	23.963699	1.2365055	NA	NA	NA	NA	NA	NA	NA	NA	NA	NA	4181460
1	146540101	147829895	NA	1289795	11650	3.0255648	11603	777	814.0	mappable	0.15716364	3.0	NA	0.07719113241	0.00121359223	0.21348125388	0.09852843	0.09974202	146540101	146540101	147829895	147829895	0.5601104	2	409924.0	23.963699	1.2365055	16.72307	0.6557546	0.31150916	1.04153681	1.984028	2	1	2:1	3	gain	4181460
1	149815060	181550002	NA	31734947	410083	3.0255648	408778	17753	30554.0	mappable	0.133525	3.0	NA	0.05334183701	5.24714e-05	0.21846657734	0.08025821	0.08031068	149815060	149815060	181549906	181550002	0.6328384	2	409924.0	23.963699	1.2365055	16.72307	0.6557546	0.31150916	1.04153681	1.984028	2	1	2:1	3	gain	4181460
1	181550003	181569949	NA	19947	257	2.6110382	257	0	18.0	mappable	NA	NA	NA	NA	inf	0.11968125388	0.14001794	inf	181550003	181550099	181569891	181569949	NA	missing	384825.0	NA	1.1445	NA	NA	NA	NA	NA	NA	NA	NA	NA	NA	4181460
1	181569950	181809977	NA	240028	3499	3.0255648	3494	66	247.0	mappable	0.15507838	3.0	NA	0.07300879651	0.01408450704	0.23418125388	0.11190161	0.12598612	181569950	181570008	181809865	181810089	0.6668183	2	409924.0	23.963699	1.2365055	16.72307	0.6557546	0.31150916	1.04153681	1.984028	2	1	2:1	3	gain	4181460
1	181809977	181830031	NA	20055	339	2.5786039	338	11	25.0	mappable	0.1381252	6.0	NA	0.05760290737	0.08333333333	0.11228125388	0.13994162	0.22327495	181809865	181810089	181829984	181830078	NA	missing	376274.7	20.710779	1.1373011	NA	NA	NA	NA	NA	NA	NA	NA	NA	NA	4181460
1	181830031	185039987	NA	3209957	44763	3.0255648	44617	1934	3252.0	mappable	0.14116818	3.0	NA	0.05830541813	0.00048076923	0.21538125388	0.09253209	0.09301286	181829984	181830078	185039970	185040004	0.6347032	2	409924.0	23.963699	1.2365055	16.72307	0.6557546	0.31150916	1.04153681	1.984028	2	1	2:1	3	gain	4181460
1	185039987	185060005	NA	20019	273	2.470468	272	10	23.0	mappable	0.27515336	NA	NA	0.18966945321	0.09090909091	0.08848125388	0.139967	0.23087609	185039970	185040004	185059986	185060005	NA	missing	400173.7	25.140479	1.1133	NA	NA	NA	NA	NA	NA	NA	NA	NA	NA	4181460
1	185060006	206455000	NA	21394997	291999	3.0255648	291106	11792	21493.0	mappable	0.126675	3.0	NA	0.04243913691	7.883327e-05	0.20782472903	0.08213293	0.08221176	185060006	185060025	206329916	206580084	0.6250044	2	409924.0	23.963699	1.2365055	16.72307	0.6557546	0.31150916	1.04153681	1.984028	2	1	2:1	3	gain	4181460
1	206455000	249209945	NA	42754949	591443	2.0510025	589170	28406	44627.0	mappable	0.08215	2.0	edge	0.00174700303	3.259665e-05	0.00505153136	0.07889675	0.07892934	206329916	206580084	249209945	249209945	0.14878	1	336240.0	17.472155	1.0201983	NA	NA	0.0	1.02550126	1.0255013	1	1	1:1	2	neutral	4181460
2	20016	87059860	NA	87039859	1310073	2.0510025	1306233	58637	96145.0	mappable	0.08215	2.0	edge	0.00044662836	1.600589e-05	0.00181057169	0.07582889	0.07584489	20016	20016	87059860	87059860	0.1461888	1	336240.0	17.472155	1.0201983	NA	NA	0.0	1.02550126	1.0255013	1	1	1:1	2	neutral	4181460
2	88330099	89229990	NA	899892	11872	2.0510025	11844	451	892.0	mappable	0.0753	2.0	self	0.00334458187	0.00208768267	0.01171874612	0.10111534	0.10320302	88330099	88330099	89229990	89229990	0.1567474	1	336240.0	17.472155	1.0201983	NA	NA	0.0	1.02550126	1.0255013	1	1	1:1	2	neutral	4181460
2	89840102	90239998	NA	399897	914	2.0510025	900	16	90.0	mappable	0.16237857	2.0	self	0.06038875146	0.03333333333	0.01718125388	0.10747332	0.14080666	89840102	89840102	90239998	90239998	NA	missing	336240.0	17.472155	1.0201983	NA	NA	NA	NA	NA	NA	NA	NA	NA	NA	4181460
2	95580145	96239991	NA	659847	4438	2.1073284	4429	46	362.0	mappable	0.19178929	NA	NA	0.10429827527	0.01818181818	0.00788125388	0.10345663	0.12163845	95580145	95580145	96239991	96239991	0.2029421	1	331097.3	17.528683	1.0327	NA	NA	0.0	1.05366418	1.0536642	1	1	1:1	2	neutral	4181460
2	96239992	96740020	NA	500029	0	0.0	0	0	NA	mappable	NA	NA	NA	NA	inf	1.02481874612	0.10564318	inf	96239992	96239992	96740020	96740020	NA	missing	NA	NA	0.0	NA	NA	0.0	0.0	0.0	0	0	NA	0	homozygousDel	4181460
2	96740021	132189994	NA	35449978	448000	2.0510025	446834	18125	32936.0	mappable	0.08215	2.0	NA	0.00052348255	5.183764e-05	0.00049027804	0.0797471	0.07979894	96740021	96740021	132189994	132189994	0.1467945	1	336240.0	17.472155	1.0201983	NA	NA	0.0	1.02550126	1.0255013	1	1	1:1	2	neutral	4181460
2	132189995	133009999	NA	820005	0	0.0	0	0	NA	mappable	NA	NA	NA	NA	inf	1.02481874612	0.10180566	inf	132189995	132189995	133009999	133009999	NA	missing	NA	NA	0.0	NA	NA	0.0	0.0	0.0	0	0	NA	0	homozygousDel	4181460
2	133010000	191514224	NA	58504230	787385	2.0510025	784963	33643	56314.0	mappable	0.08215	2.0	NA	0.00018934191	2.773002e-05	0.00053620095	0.07751326	0.07754099	133010000	133010000	191513547	191514224	0.1555259	1	336240.0	17.472155	1.0201983	NA	NA	0.0	1.02550126	1.0255013	1	1	1:1	2	neutral	4181460
2	191514225	199739990	CTX	8225767	106023	2.0510025	105756	1920	7831.0	mappable	0.08215	2.0	NA	0.00146808204	0.00045724737	0.00428346661	0.08706358	0.08752082	191514225	191514344	199739974	199739990	0.2020937	1	336240.0	17.472155	1.0201983	NA	NA	0.0	1.02550126	1.0255013	1	1	1:1	2	neutral	4181460
2	199739991	199749925	NA	9935	115	1.6202887	115	0	17.0	mappable	NA	NA	NA	NA	inf	0.10021874612	0.15062164	inf	199739991	199740007	199749831	199749925	NA	missing	329180.0	NA	0.9246	NA	NA	NA	NA	NA	NA	NA	NA	NA	NA	4181460
2	199749926	215585020	NA	15835096	201799	2.0510025	201263	7234	15013.0	mappable	0.085575	2.0	NA	0.00350541813	0.00012870013	0.01083581211	0.08362385	0.08375255	199749926	199750020	215579995	215590045	0.1586177	1	336240.0	17.472155	1.0201983	NA	NA	0.0	1.02550126	1.0255013	1	1	1:1	2	neutral	4181460
2	215585020	215630039	NA	45020	677	2.2997113	677	0	50.0	mappable	NA	NA	NA	NA	inf	0.05058125388	0.12938051	inf	215579995	215590045	215629923	215630155	NA	missing	355077.4	NA	1.0754	NA	NA	NA	NA	NA	NA	NA	NA	NA	NA	4181460
2	215630039	242999969	NA	27369932	406759	2.0510025	405090	19083	31006.0	mappable	0.085575	2.0	edge	0.00313773676	4.819045e-05	0.01153489425	0.08095171	0.0809999	215629923	215630155	242999969	242999969	0.1628272	1	336240.0	17.472155	1.0201983	NA	NA	0.0	1.02550126	1.0255013	1	1	1:1	2	neutral	4181460
3	100074	1390026	NA	1289953	24065	1.6644859	23991	920	1794.0	mappable	0.11949318	7.0	edge	0.03090541813	0.00100806452	0.08791874612	0.09852757	0.09953563	100074	100074	1389997	1390055	0.4011043	2	307831.2	16.626802	0.9344097	16.6182	0.6014929	0.20298578	0.66330946	1.0011764	1	sub	1:sub	sub	sub	4181460
3	1390026	1419995	NA	29970	563	2.0510025	563	30	25.0	mappable	0.12966667	2.0	self	0.04759708479	0.03333333333	0.00371874612	0.13448785	0.16782119	1389997	1390055	1419924	1419995	NA	missing	336240.0	17.472155	1.0201983	NA	NA	NA	NA	NA	NA	NA	NA	NA	NA	4181460
3	1419996	15800039	NA	14380045	232857	1.6644859	231899	11754	16954.0	mappable	0.089	7.0	identical	0.00916983084	7.867202e-05	0.09105294049	0.0841129	0.08419157	1419996	1420067	15799993	15800085	0.3700083	2	307831.2	16.626802	0.9344097	16.6182	0.6014929	0.20298578	0.66330946	1.0011764	1	sub	1:sub	sub	sub	4181460
3	15800039	15840044	NA	40006	584	2.0510025	584	8	53.0	mappable	0.07454179	2.0	self	0.00752778989	0.125	0.02841874612	0.13082217	0.25582217	15799993	15800085	15839993	15840044	NA	missing	336240.0	17.472155	1.0201983	NA	NA	NA	NA	NA	NA	NA	NA	NA	NA	4181460
3	15840045	25030010	NA	9189966	138435	1.6644859	138060	6858	9737.0	mappable	0.089	7.0	identical	0.00990143758	0.00013825522	0.09008237887	0.0864617	0.08659996	15840045	15840096	25029960	25030060	0.3561009	2	307831.2	16.626802	0.9344097	16.6182	0.6014929	0.20298578	0.66330946	1.0011764	1	sub	1:sub	sub	sub	4181460
3	25030010	25059980	NA	29971	525	2.0510025	524	49	23.0	mappable	0.10815	2.0	self	0.03323041813	0.02	0.02301874612	0.13448742	0.15448742	25029960	25030060	25059929	25059980	0.5624697	2	336240.0	17.472155	1.0201983	16.62545	0.5440002	0.08800045	0.93525669	1.1157458	1	1	1:1	2	mixDH	4181460
3	25059981	33290026	NA	8230047	122815	1.6644859	122434	6255	8847.0	mappable	0.09585	7.0	identical	0.01299314063	0.0001507159	0.0886251582	0.08706073	0.08721145	25059981	25060032	33289998	33290054	0.3472984	2	307831.2	16.626802	0.9344097	16.6182	0.6014929	0.20298578	0.66330946	1.0011764	1	sub	1:sub	sub	sub	4181460
3	33290026	33370010	NA	79985	760	2.0510025	759	5	68.0	mappable	0.09194286	2.0	self	0.00679458187	0.16666666667	0.01961874612	0.12279399	0.28946066	33289998	33290054	33369965	33370055	NA	missing	336240.0	17.472155	1.0201983	NA	NA	NA	NA	NA	NA	NA	NA	NA	NA	4181460
3	33370010	39960055	NA	6590046	89536	1.6644859	89298	3375	6446.0	mappable	0.099275	7.0	NA	0.01720541813	0.0002767783	0.09041874612	0.08829298	0.08856976	33369965	33370055	39959974	39960136	0.3627909	2	307831.2	16.626802	0.9344097	16.6182	0.6014929	0.20298578	0.66330946	1.0011764	1	sub	1:sub	sub	sub	4181460
3	39960055	40010028	NA	49974	804	1.7424415	804	1	56.0	mappable	0.2	5.0	NA	0.11793041813	1.0	0.04651874612	0.12813211	1.12813211	39959974	39960136	40009985	40010071	NA	missing	452110.8	25.690722	0.9517122	NA	NA	NA	NA	NA	NA	NA	NA	NA	NA	4181460
3	40010028	75279989	NA	35269963	483308	1.6644859	481777	21832	36034.0	mappable	0.092425	7.0	NA	0.01188559512	4.280272e-05	0.09689797862	0.07977046	0.07981327	40009985	40010071	75279989	75279989	0.3769506	2	307831.2	16.626802	0.9344097	16.6182	0.6014929	0.20298578	0.66330946	1.0011764	1	sub	1:sub	sub	sub	4181460
3	75279990	75930080	NA	650091	0	0.0	0	0	NA	mappable	NA	NA	NA	NA	inf	1.02481874612	0.10357176	inf	75279990	75279990	75930080	75930080	NA	missing	NA	NA	0.0	NA	NA	0.0	0.0	0.0	0	0	NA	0	homozygousDel	4181460
3	75930081	90499969	NA	14569890	206597	1.6644859	206026	9072	14248.0	mappable	0.092425	7.0	NA	0.00893099892	0.00010371292	0.10606303814	0.08404602	0.08414973	75930081	75930081	90499969	90499969	0.3585411	2	307831.2	16.626802	0.9344097	16.6182	0.6014929	0.20298578	0.66330946	1.0011764	1	sub	1:sub	sub	sub	4181460
3	93570175	104520000	NA	10949826	154976	1.6644859	154424	8812	10455.0	mappable	0.099275	7.0	NA	0.01720541813	0.00010681478	0.09751874612	0.08552709	0.0856339	93570175	93570175	104519950	104520050	0.3511152	2	307831.2	16.626802	0.9344097	16.6182	0.6014929	0.20298578	0.66330946	1.0011764	1	sub	1:sub	sub	sub	4181460
3	104520000	104530068	NA	10069	173	1.251292	171	8	15.0	mappable	0.16558692	NA	NA	0.07980001272	0.1	0.18211874612	0.15040271	0.25040271	104519950	104520050	104529976	104530068	NA	missing	297081.2	17.29044	0.8427	NA	NA	NA	NA	NA	NA	NA	NA	NA	NA	4181460
3	104530069	123029958	NA	18499891	252700	1.6644859	251994	10243	17995.0	mappable	0.092425	7.0	NA	0.01036391277	9.133254e-05	0.08319463848	0.08284656	0.0829379	104530069	104530161	123029885	123029958	0.3829229	2	307831.2	16.626802	0.9344097	16.6182	0.6014929	0.20298578	0.66330946	1.0011764	1	sub	1:sub	sub	sub	4181460
3	123029959	159734987	NA	36705029	484651	1.6536291	483213	21281	35133.0	mappable	0.352725	NA	NA	0.26723041813	4.401602e-05	0.09281874612	0.07958782	0.07963183	123029959	123030032	159729961	159734987	0.8494399	2	309555.0	20.637003	0.932	16.75447	0.923219	0.84643803	0.12696727	1.5266618	sub	0	sub:0	sub	sub	4181460
3	159734988	159749984	NA	14997	198	1.1954244	198	5	20.0	mappable	0.33563186	NA	NA	0.25356228087	0.2	0.19451874612	0.1441713	0.3441713	159734988	159740014	159749963	159749984	NA	missing	275273.8	18.679294	0.8303	NA	NA	NA	NA	NA	NA	NA	NA	NA	NA	4181460
3	159749985	186389933	NA	26639953	358267	1.6433193	357199	15926	25862.0	mappable	0.363	NA	NA	0.28031058237	5.885122e-05	0.09510702832	0.0810797	0.08113855	159749985	159750006	186389828	186390038	0.8996193	2	310970.0	21.065711	0.9297117	16.87248	0.9522369	0.90447373	0.07849008	1.5648292	sub	0	sub:0	sub	sub	4181460
3	186389933	186459989	NA	70057	625	1.999648	623	76	41.0	mappable	0.26736667	NA	NA	0.18529708479	0.01282051282	0.01601874612	0.12425261	0.13707312	186389828	186390038	186449954	186470024	0.9174722	2	301933.3	19.508217	1.0088	15.09784	0.832101	0.66420209	0.33573881	1.6639092	sub	sub	sub:sub	sub	sub	4181460
3	186459989	187462092	NA	1002104	14356	1.6721015	14326	605	1055.0	mappable	0.38731786	NA	NA	0.3022518467	0.00157480315	0.08871874612	0.10032807	0.10190287	186449954	186470024	187461998	187462092	0.9070222	2	309097.5	20.974476	0.9361	16.65643	0.9504123	0.90082453	0.08291573	1.5891857	sub	0	sub:0	sub	sub	4181460
3	187462093	187463377	CTX	1285	84	0.8620207	84	0	4.0	mappable	NA	NA	NA	NA	inf	0.26851874612	0.19365672	inf	187462093	187462126	187463257	187463377	NA	missing	256265.0	NA	0.7563	NA	NA	NA	NA	NA	NA	NA	NA	NA	NA	4181460
3	187463378	189423299	CTX	1959922	29813	1.1234213	29698	1411	2240.0	mappable	0.250825	4.0	NA	0.17133041813	0.00065530799	0.20391874612	0.09568295	0.09633826	187463378	187463387	189423287	189423299	0.7966248	2	262993.5	16.60238	0.8143187	16.29143	0.9287507	0.85750148	0.08004294	1.0433784	1	0	1:0	1	LOH	4181460
3	189423300	189542278	DEL	118979	1891	0.2375647	1883	150	133.0	mappable	0.110425	NA	NA	0.03713041813	0.00632911392	0.40711874612	0.11862152	0.12495063	189423300	189423347	189542115	189542278	0.225397	1	208387.0	11.073113	0.6177	NA	NA	0.0	0.11878236	0.1187824	0	0	0:0	0	LOH	4181460
3	189542279	194369956	DEL	4827678	78727	1.1234213	78501	3643	5726.0	mappable	0.2397	4.0	NA	0.16131940622	0.00025846472	0.20940183959	0.09007833	0.0903368	189542279	189542310	194369885	194370027	0.7109833	2	262993.5	16.60238	0.8143187	16.29143	0.9287507	0.85750148	0.08004294	1.0433784	1	0	1:0	1	LOH	4181460
3	194369956	194388141	NA	18186	344	1.6644859	344	14	23.0	mappable	0.0711279	7.0	NA	0.01094168332	0.07142857143	0.10491874612	0.14133736	0.21276593	194369885	194370027	194388096	194388186	NA	missing	307831.2	16.626802	0.9344097	NA	NA	NA	NA	NA	NA	NA	NA	NA	NA	4181460
3	194388141	195332104	NA	943965	15252	1.1234213	15175	881	1152.0	mappable	0.29027273	4.0	NA	0.20247937903	0.00104384134	0.21206146838	0.10076392	0.10180776	194388096	194388186	195331984	195332104	0.7484988	2	262993.5	16.60238	0.8143187	16.29143	0.9287507	0.85750148	0.08004294	1.0433784	1	0	1:0	1	LOH	4181460
3	195332105	195490051	NA	157947	766	1.7424415	734	31	67.0	mappable	0.28858241	5.0	NA	0.07543041813	0.01587301587	0.14331874612	0.11581392	0.13168694	195332105	195332225	195489959	195490051	NA	missing	452110.8	25.690722	0.9517122	NA	NA	NA	NA	NA	NA	NA	NA	NA	NA	4181460
3	195490052	197779892	NA	2289841	26356	1.1234213	26193	1124	2291.0	mappable	0.27764167	4.0	edge	0.19188041813	0.00077700078	0.20811874612	0.09466642	0.09544342	195490052	195490144	197779892	197779892	0.7603512	2	262993.5	16.60238	0.8143187	16.29143	0.9287507	0.85750148	0.08004294	1.0433784	1	0	1:0	1	LOH	4181460
4	50084	8939952	NA	8889869	145489	2.0510025	144444	7102	11715.0	mappable	0.08215	2.0	edge	8.041813e-05	0.00012274457	0.00121874612	0.08664111	0.08676385	50084	50084	8939952	8939952	0.1547695	1	336240.0	17.472155	1.0201983	NA	NA	0.0	1.02550126	1.0255013	1	1	1:1	2	neutral	4181460
4	9800043	49089961	NA	39289921	598688	2.0510025	596905	27639	43000.0	mappable	0.08215	2.0	self	0.00097173832	3.399048e-05	0.00376728542	0.07927808	0.07931207	9800043	9800043	49089961	49089961	0.1497741	1	336240.0	17.472155	1.0201983	NA	NA	0.0	1.02550126	1.0255013	1	1	1:1	2	neutral	4181460
4	52680564	89500092	NA	36819529	510558	2.0510025	508962	24181	36682.0	mappable	0.08215	2.0	self	0.00145528137	3.879578e-05	0.00465876155	0.07957359	0.07961238	52680564	52680564	89499998	89500186	0.1475933	1	336240.0	17.472155	1.0201983	NA	NA	0.0	1.02550126	1.0255013	1	1	1:1	2	neutral	4181460
4	89500092	89530003	NA	29912	397	1.6644859	396	23	34.0	mappable	0.11468261	7.0	NA	0.03314113241	0.04166666667	0.07051874612	0.13451313	0.1761798	89499998	89500186	89529987	89530003	NA	missing	307831.2	16.626802	0.9344097	NA	NA	NA	NA	NA	NA	NA	NA	NA	NA	4181460
4	89530004	89570036	NA	40033	569	2.5786039	568	41	42.0	mappable	0.03233478	6.0	NA	0.048266321	0.02380952381	0.06768125388	0.13081384	0.15462336	89530004	89530020	89569857	89570036	0.1952705	1	376274.7	20.710779	1.1373011	NA	NA	0.0	1.28930193	1.2893019	1	1	1:1	2	neutral	4181460
4	89570037	133020019	NA	43449987	573782	2.0510025	572191	26681	40177.0	mappable	0.08215	2.0	NA	0.00048846795	3.537194e-05	0.00814533078	0.07882441	0.07885978	89570037	89570216	133019957	133020081	0.1270728	1	336240.0	17.472155	1.0201983	NA	NA	0.0	1.02550126	1.0255013	1	1	1:1	2	neutral	4181460
4	133020019	133044990	NA	24972	347	1.6662444	347	0	33.0	mappable	NA	NA	NA	NA	inf	0.09001874612	0.13691106	inf	133019957	133020081	133039965	133050015	NA	missing	305799.3	NA	0.9348	NA	NA	NA	NA	NA	NA	NA	NA	NA	NA	4181460
4	133044990	190799944	NA	57754957	833567	2.0510025	830411	40330	60551.0	mappable	0.08215	2.0	edge	0.00038490195	2.299749e-05	0.01121684309	0.07756916	0.07759216	133039965	133050015	190799944	190799944	0.1486844	1	336240.0	17.472155	1.0201983	NA	NA	0.0	1.02550126	1.0255013	1	1	1:1	2	neutral	4181460
5	50017	46399990	NA	46349987	688901	2.0510025	686533	31846	50174.0	mappable	0.08215	2.0	edge	0.00156900966	2.922866e-05	0.00476916947	0.07853589	0.07856511	50017	50017	46399990	46399990	0.1555778	1	336240.0	17.472155	1.0201983	NA	NA	0.0	1.02550126	1.0255013	1	1	1:1	2	neutral	4181460
5	49470005	68829703	NA	19359699	256450	2.0510025	255730	9765	18619.0	mappable	0.085575	2.0	self	0.00350917898	9.539254e-05	0.00523033168	0.08262225	0.08271765	49470005	49470005	68829703	68829703	0.1404092	1	336240.0	17.472155	1.0201983	NA	NA	0.0	1.02550126	1.0255013	1	1	1:1	2	neutral	4181460
5	70750153	92340039	NA	21589889	282851	2.0510025	282031	14305	20131.0	mappable	0.08215	2.0	NA	0.00147544879	6.613319e-05	0.00040750551	0.08208882	0.08215496	70750153	70750153	92339989	92340039	0.143411	1	336240.0	17.472155	1.0201983	NA	NA	0.0	1.02550126	1.0255013	1	1	1:1	2	neutral	4181460
5	92340040	92342099	NA	2060	25	1.2467865	25	0	1.0	mappable	NA	NA	NA	NA	inf	0.18311874612	0.18167897	inf	92340040	92340090	92342025	92342099	NA	missing	285747.0	NA	0.8417	NA	NA	NA	NA	NA	NA	NA	NA	NA	NA	4181460
5	92342100	92343493	DEL	1394	31	1.2467865	31	0	2.0	mappable	NA	NA	NA	NA	inf	0.18311874612	0.1914789	inf	92342100	92342233	92343489	92343493	NA	missing	285747.0	NA	0.8417	NA	NA	NA	NA	NA	NA	NA	NA	NA	NA	4181460
5	92343494	92343951	DEL	458	5	1.2467865	5	0	0.0	mappable	NA	NA	NA	NA	inf	0.18311874612	0.22626472	inf	92343494	92343574	92343716	92343951	NA	missing	285747.0	NA	0.8417	NA	NA	NA	NA	NA	NA	NA	NA	NA	NA	4181460
5	92343952	95985915	DEL	3641964	44519	1.1234213	44407	1553	3156.0	mappable	0.236275	4.0	NA	0.15420541813	0.0006006006	0.20401874612	0.09175876	0.09235936	92343952	92343988	95985772	95985915	0.7430985	2	262993.5	16.60238	0.8143187	16.29143	0.9287507	0.85750148	0.08004294	1.0433784	1	0	1:0	1	LOH	4181460
5	95985916	102929993	DEL	6944078	96958	2.0510025	96595	5617	6446.0	mappable	0.08449265	2.0	NA	0.00350541813	0.00016722408	0.00228125388	0.08799969	0.08816692	95985916	95985944	102929927	102929993	0.138972	1	336240.0	17.472155	1.0201983	NA	NA	0.0	1.02550126	1.0255013	1	1	1:1	2	neutral	4181460
5	102929994	102939894	NA	9901	177	1.6374095	177	0	20.0	mappable	NA	NA	NA	NA	inf	0.09641874612	0.15067777	inf	102929994	102930060	102939784	102939894	NA	missing	335125.6	NA	0.9284	NA	NA	NA	NA	NA	NA	NA	NA	NA	NA	4181460
5	102939895	117296858	NA	14356965	226228	2.0510025	225618	9788	15970.0	mappable	0.08215	2.0	NA	0.0022122506	9.619084e-05	7.990834e-05	0.0841211	0.08421729	102939895	102940005	117296808	117296858	0.1401984	1	336240.0	17.472155	1.0201983	NA	NA	0.0	1.02550126	1.0255013	1	1	1:1	2	neutral	4181460
5	117296859	119113227	INV	1816369	30165	3.0255648	30092	972	2210.0	mappable	0.14302097	3.0	identical	0.05830541813	0.0009569378	0.22548125388	0.09618795	0.09714488	117296859	117296900	119109934	119113227	0.6390123	2	409924.0	23.963699	1.2365055	16.72307	0.6557546	0.31150916	1.04153681	1.984028	2	1	2:1	3	gain	4181460
5	119113228	119403166	CTX	289939	4557	2.0510025	4554	61	363.0	mappable	0.06236364	2.0	self	0.01970594551	0.015625	0.01428125388	0.11022083	0.12584583	119113228	119120013	119403089	119403166	0.1988915	1	336240.0	17.472155	1.0201983	NA	NA	0.0	1.02550126	1.0255013	1	1	1:1	2	neutral	4181460
5	119403167	166089980	INV	46686816	645704	3.0255648	643972	27228	46998.0	mappable	0.1301	3.0	NA	0.05055833218	3.453158e-05	0.20892769513	0.07850368	0.07853821	119403167	119403188	166089957	166089980	0.6192152	2	409924.0	23.963699	1.2365055	16.72307	0.6557546	0.31150916	1.04153681	1.984028	2	1	2:1	3	gain	4181460
5	166089981	166149992	NA	60012	1031	2.5786039	1023	86	79.0	mappable	0.10504643	6.0	NA	0.01484470384	0.01063829787	0.10768125388	0.12600042	0.13663871	166089981	166090004	166149954	166149992	0.6300884	2	376274.7	20.710779	1.1373011	16.68931	0.6001847	0.2003694	1.03096528	1.5476386	sub	1	sub:1	sub	sub	4181460
5	166149993	168319942	NA	2169950	31023	3.0255648	30924	1124	2396.0	mappable	0.126675	3.0	NA	0.05488041813	0.00081766149	0.18728125388	0.09501535	0.09583301	166149993	166150031	168319829	168319942	0.5934816	2	409924.0	23.963699	1.2365055	16.72307	0.6557546	0.31150916	1.04153681	1.984028	2	1	2:1	3	gain	4181460
5	168319943	168340022	NA	20080	327	2.5786039	323	16	20.0	mappable	0.0862	6.0	NA	0.00413041813	0.05	0.12198125388	0.13992402	0.18992402	168319943	168320056	168339942	168340022	NA	missing	376274.7	20.710779	1.1373011	NA	NA	NA	NA	NA	NA	NA	NA	NA	NA	4181460
5	168340023	180689979	NA	12349958	165681	3.0255648	164993	7858	12590.0	mappable	0.119825	3.0	edge	0.0379252904	0.00011701381	0.2138828636	0.08489684	0.08501385	168340023	168340103	180689979	180689979	0.6016136	2	409924.0	23.963699	1.2365055	16.72307	0.6557546	0.31150916	1.04153681	1.984028	2	1	2:1	3	gain	4181460
6	201976	42340007	NA	42138039	633969	2.0510025	630122	29321	48330.0	mappable	0.08215	2.0	edge	0.00087770123	3.015045e-05	0.00115895547	0.07896206	0.07899221	201976	201976	42339995	42340007	0.1740451	1	336240.0	17.472155	1.0201983	NA	NA	0.0	1.02550126	1.0255013	1	1	1:1	2	neutral	4181460
6	42340008	42350007	NA	10000	183	1.6892222	183	0	15.0	mappable	NA	NA	NA	NA	inf	0.08491874612	0.150515	inf	42340008	42340020	42349944	42350070	NA	missing	312047.5	NA	0.9399	NA	NA	NA	NA	NA	NA	NA	NA	NA	NA	4181460
6	42350007	58019982	NA	15669977	223663	2.0510025	221379	9764	16631.0	mappable	0.0858879	2.0	NA	0.00325239662	8.300822e-05	0.00248823012	0.08367676	0.08375977	42349944	42350070	58019982	58019982	0.1388896	1	336240.0	17.472155	1.0201983	NA	NA	0.0	1.02550126	1.0255013	1	1	1:1	2	neutral	4181460
6	58610011	58769997	NA	159987	572	2.0510025	572	22	37.0	mappable	0.04586786	2.0	self	0.03620172473	0.04545454545	0.00148125388	0.11568989	0.16114444	58610011	58610011	58769997	58769997	NA	missing	336240.0	17.472155	1.0201983	NA	NA	NA	NA	NA	NA	NA	NA	NA	NA	4181460
6	61890002	170899935	NA	109009951	1537725	2.0510025	1532474	73762	110255.0	mappable	0.08215	2.0	edge	0.00115192353	1.265679e-05	0.00426117041	0.07490669	0.07491935	61890002	61890002	170899935	170899935	0.1455706	1	336240.0	17.472155	1.0201983	NA	NA	0.0	1.02550126	1.0255013	1	1	1:1	2	neutral	4181460
7	40386	4840053	NA	4799668	90281	2.5786039	89755	4669	7142.0	mappable	0.092425	6.0	edge	0.01035541813	0.00019256692	0.11698125388	0.0901124	0.09030497	40386	40386	4839993	4840053	0.3726114	2	376274.7	20.710779	1.1373011	16.68931	0.6001847	0.2003694	1.03096528	1.5476386	sub	1	sub:1	sub	sub	4181460
7	4840054	4850010	NA	9957	276	1.8752975	276	0	31.0	mappable	NA	NA	NA	NA	inf	0.04361874612	0.15058545	inf	4840054	4840114	4849974	4850010	NA	missing	283560.0	NA	0.9812	NA	NA	NA	NA	NA	NA	NA	NA	NA	NA	4181460
7	4850011	5404988	NA	554978	5159	2.5786039	5138	313	408.0	mappable	0.08878214	6.0	NA	0.00744020074	0.00299401198	0.12828125388	0.10481043	0.10780444	4850011	4850047	5399931	5404988	0.421589	2	376274.7	20.710779	1.1373011	16.68931	0.6001847	0.2003694	1.03096528	1.5476386	sub	1	sub:1	sub	sub	4181460
7	5404989	5479991	NA	75003	1159	2.0510025	1157	23	117.0	mappable	0.06993864	2.0	self	0.00846276369	0.04	0.02828125388	0.12349749	0.16349749	5404989	5410046	5479956	5480026	NA	missing	336240.0	17.472155	1.0201983	NA	NA	NA	NA	NA	NA	NA	NA	NA	NA	4181460
7	5479991	38253247	NA	32773257	495516	2.5786039	494082	23031	35148.0	mappable	0.089	6.0	NA	0.0095027036	4.08814e-05	0.1185451832	0.0801089	0.08014978	5479956	5480026	38253229	38253247	0.3929193	2	376274.7	20.710779	1.1373011	16.68931	0.6001847	0.2003694	1.03096528	1.5476386	sub	1	sub:1	sub	sub	4181460
7	38253248	38440088	NA	186841	2000	1.7424415	1995	74	156.0	mappable	0.1871	5.0	NA	0.09375466055	0.01265822785	0.04441874612	0.11421098	0.12686921	38253248	38253266	38439957	38440219	0.3971195	2	452110.8	25.690722	0.9517122	23.96337	0.6679277	0.33585532	0.57861663	1.1638249	1	sub	1:sub	sub	sub	4181460
7	38440088	48240126	NA	9800039	134435	2.5786039	133948	6732	10032.0	mappable	0.089	6.0	NA	0.00693041813	0.00013854253	0.11778125388	0.08611649	0.08625503	38439957	38440219	48239976	48240126	0.3899332	2	376274.7	20.710779	1.1373011	16.68931	0.6001847	0.2003694	1.03096528	1.5476386	sub	1	sub:1	sub	sub	4181460
7	48240127	48249985	NA	9859	173	2.0510025	171	0	23.0	mappable	NA	2.0	self	0.0057537924	0.5	0.00221874612	0.15074742	0.65074742	48240127	48240277	48249807	48250163	NA	missing	336240.0	NA	1.0201983	NA	NA	NA	NA	NA	NA	NA	NA	NA	NA	4181460
7	48249985	50109964	NA	1859980	27606	2.5786039	27555	1542	2009.0	mappable	0.09749167	6.0	NA	0.01442028353	0.00062774639	0.13397313608	0.09602986	0.0966576	48249807	48250163	50109924	50109964	0.432338	2	376274.7	20.710779	1.1373011	16.68931	0.6001847	0.2003694	1.03096528	1.5476386	sub	1	sub:1	sub	sub	4181460
7	50109965	50140074	NA	30110	418	3.0255648	417	9	34.0	mappable	0.10925615	3.0	NA	0.03392263124	0.1	0.24298125388	0.13442708	0.23442708	50109965	50110005	50139937	50140211	NA	missing	409924.0	23.963699	1.2365055	NA	NA	NA	NA	NA	NA	NA	NA	NA	NA	4181460
7	50140074	57999988	NA	7859915	97630	2.5786039	97315	4782	6933.0	mappable	0.089	6.0	NA	0.00693041813	0.00019619384	0.10998125388	0.08731305	0.08750925	50139937	50140211	57999988	57999988	0.4109085	2	376274.7	20.710779	1.1373011	16.68931	0.6001847	0.2003694	1.03096528	1.5476386	sub	1	sub:1	sub	sub	4181460
7	61530139	68820064	NA	7289926	68559	2.5786039	67863	3446	5197.0	mappable	0.089	6.0	NA	0.00693041813	0.00024142926	0.09868125388	0.08772902	0.08797045	61530139	61530139	68819954	68820064	0.3899468	2	376274.7	20.710779	1.1373011	16.68931	0.6001847	0.2003694	1.03096528	1.5476386	sub	1	sub:1	sub	sub	4181460
7	68820065	68870057	NA	49993	757	2.0510025	753	25	57.0	mappable	0.07097262	2.0	self	0.01541785774	0.03448275862	0.02868125388	0.12812761	0.16261037	68820065	68820175	68869996	68870057	NA	missing	336240.0	17.472155	1.0201983	NA	NA	NA	NA	NA	NA	NA	NA	NA	NA	4181460
7	68870058	70810001	NA	1939944	26043	2.5786039	25935	1545	1950.0	mappable	0.092425	6.0	NA	0.01035541813	0.00060496068	0.10158125388	0.09575066	0.09635562	68870058	68870119	70809987	70810001	0.4071105	2	376274.7	20.710779	1.1373011	16.68931	0.6001847	0.2003694	1.03096528	1.5476386	sub	1	sub:1	sub	sub	4181460
7	70810002	70830004	NA	20003	321	2.0082084	320	31	24.0	mappable	0.19132632	NA	NA	0.12032515497	0.03125	0.01411874612	0.1399783	0.1712283	70810002	70810016	70829945	70830063	0.5995923	2	344816.8	20.184397	1.0107	17.20976	0.6935692	0.38713843	0.61537686	1.3928315	sub	sub	sub:sub	sub	sub	4181460
7	70830004	72229988	NA	1399985	18483	2.5786039	18405	398	1586.0	mappable	0.1062	6.0	NA	0.02748041813	0.00210084034	0.08468125388	0.09795768	0.10005852	70829945	70830063	72229988	72229988	0.3839365	2	376274.7	20.710779	1.1373011	16.68931	0.6001847	0.2003694	1.03096528	1.5476386	sub	1	sub:1	sub	sub	4181460
7	72750118	74139961	NA	1389844	10247	2.5786039	10203	344	900.0	mappable	0.0754	6.0	NA	0.00908668714	0.00257731959	0.11648125388	0.09800803	0.10058535	72750118	72750118	74139961	74139961	0.4747206	2	376274.7	20.710779	1.1373011	16.68931	0.6001847	0.2003694	1.03096528	1.5476386	sub	1	sub:1	sub	sub	4181460
7	75160045	76059952	NA	899908	8414	2.5786039	8381	317	715.0	mappable	0.11398587	6.0	NA	0.03696166813	0.00285714286	0.09428125388	0.10111521	0.10397235	75160045	75160045	76059952	76059952	0.4144463	2	376274.7	20.710779	1.1373011	16.68931	0.6001847	0.2003694	1.03096528	1.5476386	sub	1	sub:1	sub	sub	4181460
7	76810004	98501562	NA	21691560	289165	2.5786039	288254	11412	20940.0	mappable	0.089	6.0	NA	0.00504156801	8.114907e-05	0.10727107941	0.08206599	0.08214714	76810004	76810004	98501543	98501562	0.3788236	2	376274.7	20.710779	1.1373011	16.68931	0.6001847	0.2003694	1.03096528	1.5476386	sub	1	sub:1	sub	sub	4181460
7	98501563	98506368	DUP	4806	79	3.1359236	79	0	4.0	mappable	NA	NA	NA	NA	inf	0.23618125388	0.163524	inf	98501563	98501589	98506357	98506368	NA	missing	390271.4	NA	1.261	NA	NA	NA	NA	NA	NA	NA	NA	NA	NA	4181460
7	98506369	99330011	DUP	823643	8910	2.5786039	8895	29	713.0	mappable	0.03968864	6.0	NA	0.03057727418	0.02272727273	0.11788125388	0.10177257	0.12449985	98506369	98506375	99329983	99330011	NA	missing	376274.7	20.710779	1.1373011	NA	NA	NA	NA	NA	NA	NA	NA	NA	NA	4181460
7	99330012	99419948	NA	89937	552	2.3569305	551	3	42.0	mappable	0.09344787	NA	NA	0.42918875146	0.25	0.06328125388	0.12153159	0.37153159	99330012	99330040	99419884	99420012	NA	missing	375876.3	21.085741	1.0881	NA	NA	NA	NA	NA	NA	NA	NA	NA	NA	4181460
7	99419948	110175592	NA	10755645	133027	2.5786039	132422	5926	9885.0	mappable	0.09338232	6.0	NA	0.01035541813	0.00015313936	0.11448125388	0.0856216	0.08577474	99419884	99420012	110175465	110175592	0.4025473	2	376274.7	20.710779	1.1373011	16.68931	0.6001847	0.2003694	1.03096528	1.5476386	sub	1	sub:1	sub	sub	4181460
7	110175593	110404527	DUP	228935	3367	4.343836	3362	127	242.0	mappable	0.191025	NA	NA	0.10899291813	0.00757575758	0.50428125388	0.11233066	0.11990641	110175593	110175716	110404330	110404527	0.7071256	2	512005.2	30.52339	1.5291	16.89068	0.6524993	0.30499852	1.50948622	2.8343498	3	sub	3:sub	sub	sub	4181460
7	110404528	115049983	DUP	4645456	59467	2.5786039	59299	1802	4058.0	mappable	0.085575	6.0	NA	0.00693041813	0.00050761421	0.11228125388	0.0903041	0.09081171	110404528	110404634	115049962	115050004	0.4059039	2	376274.7	20.710779	1.1373011	16.68931	0.6001847	0.2003694	1.03096528	1.5476386	sub	1	sub:1	sub	sub	4181460
7	115049983	115080109	NA	30127	402	3.0255648	401	0	32.0	mappable	NA	3.0	NA	0.02507327527	1.0	0.19208125388	0.13441972	1.13441972	115049962	115050004	115079997	115080109	NA	missing	409924.0	NA	1.2365055	NA	NA	NA	NA	NA	NA	NA	NA	NA	NA	4181460
7	115080110	137935006	NA	22854899	305049	2.5786039	304138	11332	22424.0	mappable	0.092425	6.0	NA	0.01116362077	8.167933e-05	0.10778125388	0.08181298	0.08189465	115080110	115080222	137929998	137935006	0.3992479	2	376274.7	20.710779	1.1373011	16.68931	0.6001847	0.2003694	1.03096528	1.5476386	sub	1	sub:1	sub	sub	4181460
7	137935007	137980009	NA	45003	526	2.0510025	520	17	50.0	mappable	0.12879758	2.0	self	0.02363811043	0.04347826087	0.00211874612	0.12938507	0.17286333	137935007	137940015	137979947	137980009	NA	missing	336240.0	17.472155	1.0201983	NA	NA	NA	NA	NA	NA	NA	NA	NA	NA	4181460
7	137980010	138490019	NA	510010	7233	2.5786039	7185	315	593.0	mappable	0.1418125	6.0	NA	0.01616791813	0.00275482094	0.10738125388	0.10548431	0.10823913	137980010	137980072	138489989	138490019	0.3772865	2	376274.7	20.710779	1.1373011	16.68931	0.6001847	0.2003694	1.03096528	1.5476386	sub	1	sub:1	sub	sub	4181460
7	138490020	138510004	NA	19985	311	3.0255648	308	0	36.0	mappable	NA	3.0	NA	0.05760541813	0.33333333333	0.17248125388	0.13999103	0.47332436	138490020	138490050	138509962	138510046	NA	missing	409924.0	NA	1.2365055	NA	NA	NA	NA	NA	NA	NA	NA	NA	NA	4181460
7	138510004	142109932	NA	3599929	43315	2.5786039	43187	1761	3332.0	mappable	0.099275	6.0	NA	0.01378041813	0.00052938062	0.11798125388	0.09182932	0.0923587	138509962	138510046	142039863	142180001	0.3890834	2	376274.7	20.710779	1.1373011	16.68931	0.6001847	0.2003694	1.03096528	1.5476386	sub	1	sub:1	sub	sub	4181460
7	142109932	142500066	NA	390135	2208	2.0510025	2199	219	149.0	mappable	0.08273784	2.0	self	0.00181079809	0.00438596491	0.01208125388	0.10767964	0.1120656	142039863	142180001	142499997	142500135	0.3088554	1	336240.0	17.472155	1.0201983	NA	NA	0.0	1.02550126	1.0255013	1	1	1:1	2	neutral	4181460
7	142500066	155010198	NA	12510133	161911	2.5786039	161357	7899	12308.0	mappable	0.089	6.0	NA	0.00693041813	0.00011830119	0.10868125388	0.0848299	0.0849482	142499997	142500135	155009991	155010405	0.3865969	2	376274.7	20.710779	1.1373011	16.68931	0.6001847	0.2003694	1.03096528	1.5476386	sub	1	sub:1	sub	sub	4181460
7	155010198	155019978	NA	9781	200	3.0255648	200	15	15.0	mappable	0.09572628	3.0	NA	0.01365670018	0.06666666667	0.22888125388	0.15087774	0.2175444	155009991	155010405	155019927	155019978	NA	missing	409924.0	23.963699	1.2365055	NA	NA	NA	NA	NA	NA	NA	NA	NA	NA	4181460
7	155019979	159119808	NA	4099830	72753	2.5786039	72129	3800	6275.0	mappable	0.085575	6.0	edge	0.00693041813	0.00022603978	0.11918125388	0.09104511	0.09127115	155019979	155020030	159119808	159119808	0.42715	2	376274.7	20.710779	1.1373011	16.68931	0.6001847	0.2003694	1.03096528	1.5476386	sub	1	sub:1	sub	sub	4181460
8	170012	6919904	NA	6749898	193333	2.0510025	192305	9989	14486.0	mappable	0.08255385	2.0	edge	0.00035662779	9.076881e-05	0.02528342261	0.08815841	0.08824918	170012	170012	6919904	6919904	0.1636451	1	336240.0	17.472155	1.0201983	NA	NA	0.0	1.02550126	1.0255013	1	1	1:1	2	neutral	4181460
8	8100000	11859985	NA	3759986	79371	2.0510025	79189	3930	6008.0	mappable	0.08215	2.0	self	0.00048443701	0.00024319066	0.00330170085	0.09156547	0.09180866	8100000	8100000	11859985	11859985	0.1289242	1	336240.0	17.472155	1.0201983	NA	NA	0.0	1.02550126	1.0255013	1	1	1:1	2	neutral	4181460
8	12580042	20150014	NA	7569979	172180	2.0510025	171737	10004	12206.0	mappable	0.08215	2.0	self	0.0004378732	9.572126e-05	0.02121164483	0.08752024	0.08761596	12580042	12580042	20149981	20150014	0.1432915	1	336240.0	17.472155	1.0201983	NA	NA	0.0	1.02550126	1.0255013	1	1	1:1	2	neutral	4181460
8	20150015	20161050	NA	11036	187	1.6644859	186	0	15.0	mappable	NA	7.0	NA	0.04206958187	1.0	0.08231874612	0.14892111	1.14892111	20150015	20150048	20161049	20161050	NA	missing	307831.2	NA	0.9344097	NA	NA	NA	NA	NA	NA	NA	NA	NA	NA	4181460
8	20161051	20161586	INV	536	5	1.8662865	5	0	0.0	mappable	NA	NA	NA	NA	inf	0.04561874612	0.22060229	inf	20161051	20161146	20161329	20161586	NA	missing	286335.6	NA	0.9792	NA	NA	NA	NA	NA	NA	NA	NA	NA	NA	4181460
8	20161587	20461012	INV	299426	5582	2.0510025	5574	67	425.0	mappable	0.09208077	2.0	NA	0.02136695659	0.01333333333	0.03371874612	0.1099394	0.12327273	20161587	20161717	20460962	20461012	0.2672043	1	336240.0	17.472155	1.0201983	NA	NA	0.0	1.02550126	1.0255013	1	1	1:1	2	neutral	4181460
8	20461013	20517667	INV	56655	1147	3.0255648	1146	40	81.0	mappable	0.17169872	3.0	identical	0.08962913608	0.0243902439	0.18468125388	0.12666312	0.15105337	20461013	20461056	20517648	20517667	0.7035036	2	409924.0	23.963699	1.2365055	16.72307	0.6557546	0.31150916	1.04153681	1.984028	2	1	2:1	3	gain	4181460
8	20517668	43789991	INV	23272328	341513	2.0510025	340287	14137	25413.0	mappable	0.085575	2.0	self	0.00281424092	6.509569e-05	0.01448979524	0.08172568	0.08179078	20517668	20517708	43789991	43789991	0.1584114	1	336240.0	17.472155	1.0201983	NA	NA	0.0	1.02550126	1.0255013	1	1	1:1	2	neutral	4181460
8	46880007	111288209	NA	64408209	867139	2.0510025	864679	38643	61607.0	mappable	0.08215	2.0	self	8.647186e-05	2.43309e-05	0.01035352359	0.0770988	0.07712313	46880007	46880007	111288127	111288209	0.1463092	1	336240.0	17.472155	1.0201983	NA	NA	0.0	1.02550126	1.0255013	1	1	1:1	2	neutral	4181460
8	111288210	111335910	DUP	47701	559	2.6407742	558	0	42.0	mappable	NA	NA	identical	0.1486996489	1.0	0.12628125388	0.12868579	1.12868579	111288210	111288271	111335789	111335910	NA	missing	389947.5	NA	1.1511	NA	NA	NA	NA	NA	NA	NA	NA	NA	NA	4181460
8	111335911	114609461	DUP	3273551	44374	2.0510025	44279	1095	3106.0	mappable	0.085575	2.0	self	0.00350541813	0.00084033613	0.02911874612	0.09241109	0.09325142	111335911	111335970	114609459	114609461	0.1548475	1	336240.0	17.472155	1.0201983	NA	NA	0.0	1.02550126	1.0255013	1	1	1:1	2	neutral	4181460
8	114609462	114617998	DEL	8537	112	1.1234213	112	1	10.0	mappable	0.21428571	4.0	identical	0.13221613241	1.0	0.15921874612	0.15314506	1.15314506	114609462	114609492	114617981	114617998	NA	missing	262993.5	16.60238	0.8143187	NA	NA	NA	NA	NA	NA	NA	NA	NA	NA	4181460
8	114617999	146289988	DEL	31671994	475438	2.0510025	473877	20215	35607.0	mappable	0.08215	2.0	edge	0.00050206901	4.592844e-05	0.00893224988	0.08026744	0.08031337	114617999	114618013	146289988	146289988	0.1532614	1	336240.0	17.472155	1.0201983	NA	NA	0.0	1.02550126	1.0255013	1	1	1:1	2	neutral	4181460
9	200101	38769828	NA	38569737	644921	2.0510025	643295	28652	46439.0	mappable	0.08215	2.0	edge	0.00125069895	3.302946e-05	0.00113302508	0.07936204	0.07939507	200101	200101	38769828	38769828	0.1550082	1	336240.0	17.472155	1.0201983	NA	NA	0.0	1.02550126	1.0255013	1	1	1:1	2	neutral	4181460
9	66840048	66849972	NA	9925	540	2.5786039	503	0	50.0	mappable	NA	6.0	NA	0.01752327527	0.02702702703	0.04678125388	0.15063813	0.17766515	66840048	66840048	66849972	66849972	NA	missing	376274.7	NA	1.1373011	NA	NA	NA	NA	NA	NA	NA	NA	NA	NA	4181460
9	68410004	68419976	NA	9973	1130	1.6644859	1055	0	261.0	mappable	NA	7.0	NA	0.00595446354	0.01333333333	0.06431874612	0.15055919	0.16389253	68410004	68410004	68419976	68419976	NA	missing	307831.2	NA	0.9344097	NA	NA	NA	NA	NA	NA	NA	NA	NA	NA	4181460
9	71030093	85665127	NA	14635035	202333	2.0510025	201732	8757	14945.0	mappable	0.078725	2.0	NA	0.00402319419	0.00010687186	6.178054e-05	0.08402329	0.08413017	71030093	71030093	85659979	85665127	0.1370966	1	336240.0	17.472155	1.0201983	NA	NA	0.0	1.02550126	1.0255013	1	1	1:1	2	neutral	4181460
9	85665128	85690023	NA	24896	276	2.3452164	276	0	23.0	mappable	NA	NA	NA	NA	inf	0.06068125388	0.13695229	inf	85665128	85670276	85689953	85690093	NA	missing	354619.6	NA	1.0855	NA	NA	NA	NA	NA	NA	NA	NA	NA	NA	4181460
9	85690023	141019791	NA	55329770	758500	2.0510025	755913	32016	57723.0	mappable	0.08215	2.0	edge	0.00022182864	2.890424e-05	0.00521539693	0.0777558	0.07778471	85689953	85690093	141019791	141019791	0.1537032	1	336240.0	17.472155	1.0201983	NA	NA	0.0	1.02550126	1.0255013	1	1	1:1	2	neutral	4181460
10	130013	7030037	NA	6900025	122043	1.6644859	121279	6686	9651.0	mappable	0.089	7.0	edge	0.00693041813	0.00013422819	0.09761874612	0.08803526	0.08816949	130013	130013	7029976	7030037	0.2380783	1	307831.2	16.626802	0.9344097	NA	NA	0.0	0.83224294	0.8322429	1	1	1:1	2	neutral	4181460
10	7030038	7060036	NA	29999	549	2.0510025	540	39	39.0	mappable	0.07495357	2.0	self	0.00203041813	0.02083333333	0.01011874612	0.13447524	0.15530857	7030038	7030099	7059986	7060086	0.1457922	1	336240.0	17.472155	1.0201983	NA	NA	0.0	1.02550126	1.0255013	1	1	1:1	2	neutral	4181460
10	7060036	13194904	NA	6134869	98097	1.6644859	97687	4776	7491.0	mappable	0.08215	7.0	identical	8.041813e-05	0.00019282684	0.09691874612	0.0886973	0.08889013	7059986	7060086	13189802	13200006	0.2154908	1	307831.2	16.626802	0.9344097	NA	NA	0.0	0.83224294	0.8322429	1	1	1:1	2	neutral	4181460
10	13194904	13229964	NA	35061	504	2.0510025	502	17	39.0	mappable	0.07523333	2.0	self	0.00507791521	0.05263157895	0.04241874612	0.13247157	0.18510314	13189802	13200006	13229919	13230009	NA	missing	336240.0	17.472155	1.0201983	NA	NA	NA	NA	NA	NA	NA	NA	NA	NA	4181460
10	13229964	14009968	NA	780005	12809	1.6644859	12741	596	1012.0	mappable	0.10233571	7.0	NA	0.02063041813	0.00151057402	0.10521874612	0.10218093	0.1036915	13229919	13230009	14009907	14010029	0.2806751	1	307831.2	16.626802	0.9344097	NA	NA	0.0	0.83224294	0.8322429	1	1	1:1	2	neutral	4181460
10	14009968	14019997	NA	10030	181	1.9762196	181	6	23.0	mappable	0.27135	NA	NA	0.18928041813	0.16666666667	0.02121874612	0.15046606	0.31713273	14009907	14010029	14019885	14019997	NA	missing	303388.6	19.296407	1.0036	NA	NA	NA	NA	NA	NA	NA	NA	NA	NA	4181460
10	14019998	31499993	NA	17479998	257497	1.6644859	256457	13715	19070.0	mappable	0.085575	7.0	NA	0.00557922023	6.777364e-05	0.10156762397	0.08312828	0.08319605	14019998	14020110	31499960	31499993	0.2124525	1	307831.2	16.626802	0.9344097	NA	NA	0.0	0.83224294	0.8322429	1	1	1:1	2	neutral	4181460
10	31499994	32850014	NA	1350021	17566	2.0510025	17483	729	1337.0	mappable	0.0951369	2.0	self	0.01808287843	0.0012345679	0.09097207641	0.09820988	0.09944445	31499994	31500027	32839989	32850014	0.2476726	1	336240.0	17.472155	1.0201983	NA	NA	0.0	1.02550126	1.0255013	1	1	1:1	2	neutral	4181460
10	32850015	39149984	NA	6299971	76372	1.6644859	75563	2782	5984.0	mappable	0.078725	7.0	NA	0.00018550992	0.00027847396	0.10519878723	0.08854685	0.08882532	32850015	32860040	39149984	39149984	0.2338665	1	307831.2	16.626802	0.9344097	NA	NA	0.0	0.83224294	0.8322429	1	1	1:1	2	neutral	4181460
10	42410000	46159967	NA	3749968	43621	1.6644859	43511	1651	3155.0	mappable	0.09333611	7.0	NA	0.01378041813	0.00056785917	0.09581874612	0.0915816	0.09214946	42410000	42410000	46159967	46159967	0.205201	1	307831.2	16.626802	0.9344097	NA	NA	0.0	0.83224294	0.8322429	1	1	1:1	2	neutral	4181460
10	48310177	48659961	NA	349785	5558	1.6644859	5541	216	415.0	mappable	0.087125	7.0	NA	0.00830541813	0.00429184549	0.11531874612	0.10860057	0.11289242	48310177	48310177	48659961	48659961	0.1201846	1	307831.2	16.626802	0.9344097	NA	NA	0.0	0.83224294	0.8322429	1	1	1:1	2	neutral	4181460
10	49390096	64639983	NA	15249888	213498	1.6644859	212849	10417	15280.0	mappable	0.085575	7.0	NA	0.00420682346	9.037506e-05	0.10369812391	0.08381423	0.08390461	49390096	49390096	64639899	64639983	0.2150256	1	307831.2	16.626802	0.9344097	NA	NA	0.0	0.83224294	0.8322429	1	1	1:1	2	neutral	4181460
10	64639984	64660011	NA	20028	358	2.0510025	356	21	16.0	mappable	0.06468879	2.0	self	0.02125837498	0.04347826087	0.02641874612	0.13996065	0.18343891	64639984	64640068	64659930	64660011	NA	missing	336240.0	17.472155	1.0201983	NA	NA	NA	NA	NA	NA	NA	NA	NA	NA	4181460
10	64660012	80760055	NA	16100044	221921	1.6644859	221235	10469	16477.0	mappable	0.085575	7.0	identical	0.00350541813	8.96459e-05	0.09731874612	0.08354023	0.08362988	64660012	64660093	80759981	80760055	0.2106489	1	307831.2	16.626802	0.9344097	NA	NA	0.0	0.83224294	0.8322429	1	1	1:1	2	neutral	4181460
10	80760056	80779925	NA	19870	311	2.0510025	274	0	21.0	mappable	NA	2.0	self	0.02130140006	0.02702702703	0.01771874612	0.14007266	0.16709968	80760056	80760130	80779846	80779925	NA	missing	336240.0	NA	1.0201983	NA	NA	NA	NA	NA	NA	NA	NA	NA	NA	4181460
10	80779926	94720166	NA	13940241	184113	1.6644859	183494	8318	13403.0	mappable	0.08215	7.0	NA	8.625973e-05	0.00011189437	0.09355976821	0.08427173	0.08438362	80779926	80780005	94719968	94720166	0.2223447	1	307831.2	16.626802	0.9344097	NA	NA	0.0	0.83224294	0.8322429	1	1	1:1	2	neutral	4181460
10	94720167	94739856	NA	19690	244	1.1368535	239	6	24.0	mappable	0.16088929	NA	NA	0.05750898956	0.09090909091	0.20751874612	0.14020157	0.23111066	94720167	94720365	94739707	94740005	NA	missing	284531.0	15.868076	0.8173	NA	NA	NA	NA	NA	NA	NA	NA	NA	NA	4181460
10	94739856	121460090	NA	26720235	365572	1.6644859	364325	15206	27620.0	mappable	0.089	7.0	NA	0.00693041813	6.077919e-05	0.09821874612	0.08106543	0.08112621	94739707	94740005	121459986	121460194	0.2232945	1	307831.2	16.626802	0.9344097	NA	NA	0.0	0.83224294	0.8322429	1	1	1:1	2	neutral	4181460
10	121460090	121499995	NA	39906	518	1.8734953	517	0	43.0	mappable	NA	NA	NA	0.19065769085	1.0	0.04401874612	0.13085307	1.13085307	121459986	121460194	121499967	121500023	NA	missing	311807.6	NA	0.9808	NA	NA	NA	NA	NA	NA	NA	NA	NA	NA	4181460
10	121499995	135439925	NA	13939931	224037	1.6644859	223053	12233	17366.0	mappable	0.089	7.0	edge	0.00693041813	7.566013e-05	0.09931874612	0.08427184	0.0843475	121499967	121500023	135439925	135439925	0.2304652	1	307831.2	16.626802	0.9344097	NA	NA	0.0	0.83224294	0.8322429	1	1	1:1	2	neutral	4181460
11	190010	21780033	NA	21590024	309111	2.0510025	307753	15720	23072.0	mappable	0.085575	2.0	edge	0.00350541813	5.855487e-05	0.00108125388	0.08208879	0.08214735	190010	190010	21779949	21780033	0.1421455	1	336240.0	17.472155	1.0201983	NA	NA	0.0	1.02550126	1.0255013	1	1	1:1	2	neutral	4181460
11	21780034	21799992	NA	19959	342	1.6644859	341	4	20.0	mappable	0.05739643	7.0	NA	0.02580450251	0.2	0.07991874612	0.14000943	0.34000943	21780034	21780118	21799984	21799992	NA	missing	307831.2	16.626802	0.9344097	NA	NA	NA	NA	NA	NA	NA	NA	NA	NA	4181460
11	21799993	21820007	NA	20015	473	2.5786039	473	1	35.0	mappable	0.05882353	6.0	NA	0.02324605246	1.0	0.06658125388	0.13996983	1.13996983	21799993	21800001	21819997	21820007	NA	missing	376274.7	20.710779	1.1373011	NA	NA	NA	NA	NA	NA	NA	NA	NA	NA	4181460
11	21820008	34035040	NA	12215035	176272	2.0510025	175564	8224	13080.0	mappable	0.085575	2.0	self	0.00367459851	0.00011196954	0.00877728236	0.08495399	0.08506596	21820008	21820018	34029954	34035040	0.1697061	1	336240.0	17.472155	1.0201983	NA	NA	0.0	1.02550126	1.0255013	1	1	1:1	2	neutral	4181460
11	34035041	34050034	NA	14994	164	3.0255648	161	1	18.0	mappable	0.15	3.0	identical	0.05166652924	0.25	0.19878125388	0.1441743	0.3941743	34035041	34040127	34049970	34050098	NA	missing	409924.0	23.963699	1.2365055	NA	NA	NA	NA	NA	NA	NA	NA	NA	NA	4181460
11	34050034	48899996	NA	14849963	208236	2.0510025	207517	9034	15556.0	mappable	0.08215	2.0	NA	8.041813e-05	0.00010255358	0.00181874612	0.08394911	0.08405167	34049970	34050098	48899996	48899996	0.1672415	1	336240.0	17.472155	1.0201983	NA	NA	0.0	1.02550126	1.0255013	1	1	1:1	2	neutral	4181460
11	48899997	50170092	NA	1270096	0	0.0	0	0	NA	mappable	NA	NA	NA	NA	inf	1.02481874612	0.09863632	inf	48899997	48899997	50170092	50170092	NA	missing	NA	NA	0.0	NA	NA	0.0	0.0	0.0	0	0	NA	0	homozygousDel	4181460
11	50170093	50261816	NA	91724	475	1.6644859	468	39	36.0	mappable	0.05434569	7.0	NA	0.03386096118	0.02173913043	0.10051874612	0.12132233	0.14306146	50170093	50170093	50199997	50261816	0.1533654	1	307831.2	16.626802	0.9344097	NA	NA	0.0	0.83224294	0.8322429	1	1	1:1	2	neutral	4181460
11	50261817	51579984	NA	1318169	18327	2.0510025	18142	1067	1125.0	mappable	0.0867	2.0	self	0.00519035375	0.00079872204	0.00808893654	0.09837628	0.099175	50261817	50323636	51579984	51579984	0.1454038	1	336240.0	17.472155	1.0201983	NA	NA	0.0	1.02550126	1.0255013	1	1	1:1	2	neutral	4181460
11	54792817	60090003	NA	5297187	73895	2.0510025	73612	3571	5113.0	mappable	0.08057692	2.0	self	8.041813e-05	0.00025947068	0.01128125388	0.08953836	0.08979783	54792817	54792817	60089997	60090009	0.1613232	1	336240.0	17.472155	1.0201983	NA	NA	0.0	1.02550126	1.0255013	1	1	1:1	2	neutral	4181460
11	60090003	60099985	NA	9983	212	3.0255648	212	6	22.0	mappable	0.14760473	3.0	identical	0.06553514786	0.16666666667	0.25168125388	0.15054281	0.31720947	60089997	60090009	60099962	60099985	NA	missing	409924.0	23.963699	1.2365055	NA	NA	NA	NA	NA	NA	NA	NA	NA	NA	4181460
11	60099986	89349940	NA	29249956	381224	2.0510025	380046	13286	28934.0	mappable	0.085575	2.0	self	0.00557505407	6.914195e-05	0.00016546972	0.08063888	0.08070802	60099986	60100009	89349940	89349940	0.1639213	1	336240.0	17.472155	1.0201983	NA	NA	0.0	1.02550126	1.0255013	1	1	1:1	2	neutral	4181460
11	89850037	116829922	NA	26979892	392924	2.0510025	391588	17748	28185.0	mappable	0.08215	2.0	NA	0.00233616134	5.239992e-05	0.00203658112	0.08101961	0.08107201	89850037	89850037	116829761	116829922	0.169926	1	336240.0	17.472155	1.0201983	NA	NA	0.0	1.02550126	1.0255013	1	1	1:1	2	neutral	4181460
11	116829923	116849938	NA	20016	269	2.3659415	269	0	18.0	mappable	NA	NA	NA	NA	inf	0.06528125388	0.13996912	inf	116829923	116830084	116849761	116850115	NA	missing	357784.6	NA	1.0901	NA	NA	NA	NA	NA	NA	NA	NA	NA	NA	4181460
11	116849938	134939862	NA	18089927	270595	2.0510025	269666	11956	20233.0	mappable	0.08215	2.0	edge	0.00329871737	7.760962e-05	0.00056119738	0.08295766	0.08303527	116849761	116850115	134939862	134939862	0.146495	1	336240.0	17.472155	1.0201983	NA	NA	0.0	1.02550126	1.0255013	1	1	1:1	2	neutral	4181460
12	160107	3159977	NA	2999871	45292	2.0510025	44982	2027	3636.0	mappable	0.08215	2.0	edge	0.00350541813	0.00042789902	0.01198125388	0.09295205	0.09337995	160107	160107	3159863	3159977	0.162823	1	336240.0	17.472155	1.0201983	NA	NA	0.0	1.02550126	1.0255013	1	1	1:1	2	neutral	4181460
12	3159978	3174946	NA	14969	249	2.762872	247	0	30.0	mappable	NA	NA	identical	0.26029253934	0.5	0.15338125388	0.14419933	0.64419933	3159978	3160092	3169883	3180009	NA	missing	335858.0	NA	1.1782	NA	NA	NA	NA	NA	NA	NA	NA	NA	NA	4181460
12	3174946	34819969	NA	31645027	432530	2.0510025	431077	18857	32171.0	mappable	0.08215	2.0	self	0.0011096329	4.92538e-05	0.00489981606	0.0802714	0.08032065	3169883	3180009	34819969	34819969	0.157442	1	336240.0	17.472155	1.0201983	NA	NA	0.0	1.02550126	1.0255013	1	1	1:1	2	neutral	4181460
12	38000003	54370007	NA	16370006	219446	2.0510025	218849	7749	16536.0	mappable	0.08215	2.0	self	0.00246804815	0.00011981788	0.00213360435	0.0834566	0.08357642	38000003	38000003	54369963	54370051	0.1520322	1	336240.0	17.472155	1.0201983	NA	NA	0.0	1.02550126	1.0255013	1	1	1:1	2	neutral	4181460
12	54370007	54379974	NA	9968	142	1.3585218	142	8	18.0	mappable	0.08921506	NA	identical	0.00714548024	0.125	0.15831874612	0.15056739	0.27556739	54369963	54370051	54379949	54379974	NA	missing	307203.0	16.213492	0.8665	NA	NA	NA	NA	NA	NA	NA	NA	NA	NA	4181460
12	54379975	125509997	NA	71130027	947075	2.0510025	943985	39501	70590.0	mappable	0.08215	2.0	NA	0.00106344116	2.347969e-05	0.00267344453	0.07667549	0.07669897	54379975	54380000	125509993	125510001	0.1537104	1	336240.0	17.472155	1.0201983	NA	NA	0.0	1.02550126	1.0255013	1	1	1:1	2	neutral	4181460
12	125509997	125548961	NA	38965	265	2.3803589	265	0	25.0	mappable	NA	NA	NA	NA	inf	0.06848125388	0.13114848	inf	125509993	125510001	125548938	125548984	NA	missing	346461.8	NA	1.0933	NA	NA	NA	NA	NA	NA	NA	NA	NA	NA	4181460
12	125548961	133819926	NA	8270968	135197	2.0510025	134398	7141	10705.0	mappable	0.08215	2.0	edge	0.00055583817	0.00012594458	0.0136940503	0.08703362	0.08715957	125548938	125548984	133819926	133819926	0.1640942	1	336240.0	17.472155	1.0201983	NA	NA	0.0	1.02550126	1.0255013	1	1	1:1	2	neutral	4181460
13	19450038	39929971	NA	20479934	289875	1.6644859	288915	13455	21896.0	mappable	0.089	7.0	edge	0.00693041813	6.938181e-05	0.06971874612	0.08234618	0.08241556	19450038	19450038	39929938	39930004	0.3089831	1	307831.2	16.626802	0.9344097	NA	NA	0.0	0.83224294	0.8322429	1	1	1:1	2	neutral	4181460
13	39929971	39950002	NA	20032	328	2.0942625	326	19	18.0	mappable	0.18405263	NA	NA	0.09605015497	0.04761904762	0.00498125388	0.13995783	0.18757688	39929938	39930004	39949981	39950023	NA	missing	328670.9	19.476794	1.0298	NA	NA	NA	NA	NA	NA	NA	NA	NA	NA	4181460
13	39950002	52320037	NA	12370036	162839	1.6644859	162310	6452	12095.0	mappable	0.08215	7.0	NA	0.00328279874	0.00014326648	0.06320515908	0.0848884	0.08503166	39949981	39950023	52319965	52320037	0.2990621	1	307831.2	16.626802	0.9344097	NA	NA	0.0	0.83224294	0.8322429	1	1	1:1	2	neutral	4181460
13	52320038	52339933	NA	19896	236	2.0870538	236	0	16.0	mappable	NA	NA	NA	NA	inf	0.00338125388	0.14005415	inf	52320038	52320110	52339750	52340116	NA	missing	333387.6	NA	1.0282	NA	NA	NA	NA	NA	NA	NA	NA	NA	NA	4181460
13	52339933	55519988	NA	3180056	38130	1.6644859	38060	1451	2799.0	mappable	0.09585	7.0	NA	0.01378041813	0.0006574622	0.07521874612	0.09258993	0.09324739	52339750	52340116	55519974	55519988	0.298021	1	307831.2	16.626802	0.9344097	NA	NA	0.0	0.83224294	0.8322429	1	1	1:1	2	neutral	4181460
13	55519989	69530055	NA	14010069	195523	2.0510025	195034	7601	13894.0	mappable	0.085575	2.0	self	0.00131480969	0.00012360939	0.08268533163	0.08424614	0.08436975	55519989	55520003	69529964	69530146	0.2892106	1	336240.0	17.472155	1.0201983	NA	NA	0.0	1.02550126	1.0255013	1	1	1:1	2	neutral	4181460
13	69530055	75058659	NA	5528605	83466	1.6644859	83197	4239	5981.0	mappable	0.08375658	7.0	NA	8.041813e-05	0.00022182786	0.07951874612	0.08929176	0.08951359	69529964	69530146	75058520	75058659	0.2513515	1	307831.2	16.626802	0.9344097	NA	NA	0.0	0.83224294	0.8322429	1	1	1:1	2	neutral	4181460
13	75058660	90580008	CTX	15521349	224034	1.6644859	223258	10529	15971.0	mappable	0.092425	7.0	NA	0.01035541813	8.847209e-05	0.07971874612	0.08372492	0.08381339	75058660	75058908	90579992	90580024	0.2948117	1	307831.2	16.626802	0.9344097	NA	NA	0.0	0.83224294	0.8322429	1	1	1:1	2	neutral	4181460
13	90580008	91992637	NA	1412630	21710	2.6493345	21627	1072	1573.0	mappable	0.19175	NA	NA	0.12680541813	0.00086580087	0.12818125388	0.09789548	0.09876128	90579992	90580024	91992637	91992637	0.7533552	2	388275.8	23.826017	1.153	16.98712	0.7228171	0.44563413	0.73435033	1.9149842	2	1	2:1	3	gain	4181460
13	91992638	92294169	DUP	301532	4648	4.7362611	4639	246	284.0	mappable	0.43567692	NA	NA	0.3536073412	0.00392156863	0.59138125388	0.10987833	0.1137999	91992638	91992641	92294087	92294169	0.9647931	2	546225.7	39.591207	1.6162	17.04848	0.8456381	0.69127611	0.73109846	4.0051626	4	1	4:1	5	gain	4181460
13	92294170	113299990	DUP	21005821	318275	1.6644859	317074	16015	23394.0	mappable	0.085575	7.0	NA	0.00350541813	5.809563e-05	0.07561874612	0.08222235	0.08228045	92294170	92294204	113299941	113300039	0.2849207	1	307831.2	16.626802	0.9344097	NA	NA	0.0	0.83224294	0.8322429	1	1	1:1	2	neutral	4181460
13	113299990	113315005	NA	15016	178	2.0510025	178	14	18.0	mappable	0.07735	2.0	self	0.00471958187	0.07142857143	0.04108125388	0.14415232	0.21558089	113299941	113300039	113309975	113315005	NA	missing	336240.0	17.472155	1.0201983	NA	NA	NA	NA	NA	NA	NA	NA	NA	NA	4181460
13	113315006	115099984	NA	1784979	27882	1.6644859	27625	939	2587.0	mappable	0.092425	7.0	edge	0.01035541813	0.0008361204	0.07251874612	0.09630443	0.09714055	113315006	113320036	115099984	115099984	0.2696528	1	307831.2	16.626802	0.9344097	NA	NA	0.0	0.83224294	0.8322429	1	1	1:1	2	neutral	4181460
14	20116837	20463419	DUP	346583	1925	2.5786039	1876	73	70.0	mappable	0.21878525	6.0	edge	0.06032386075	0.00819672131	0.08808125388	0.10867887	0.11687559	20116837	20330060	20463411	20463419	0.4581994	2	376274.7	20.710779	1.1373011	16.68931	0.6001847	0.2003694	1.03096528	1.5476386	sub	1	sub:1	sub	sub	4181460
14	20463420	20874543	NA	411124	6505	3.0255648	6474	298	481.0	mappable	0.112975	3.0	NA	0.03775541813	0.00303951368	0.21498125388	0.10724313	0.11028264	20463420	20463428	20874518	20874543	0.6105427	2	409924.0	23.963699	1.2365055	16.72307	0.6557546	0.31150916	1.04153681	1.984028	2	1	2:1	3	gain	4181460
14	20874544	22270002	DUP	1395459	18815	2.0510025	18759	1088	1438.0	mappable	0.07371667	2.0	self	0.00676958187	0.00087412587	0.01298125388	0.0979801	0.09885423	20874544	20874544	22269988	22270002	0.1793563	1	336240.0	17.472155	1.0201983	NA	NA	0.0	1.02550126	1.0255013	1	1	1:1	2	neutral	4181460
14	22270003	22704958	NA	434956	7922	1.2757945	7903	469	511.0	mappable	0.08215	NA	NA	0.00196996609	0.00204918033	0.17668030885	0.10677766	0.10882684	22270003	22270017	22699884	22704958	0.1834983	1	280559.1	14.766266	0.8481384	NA	NA	0.0	0.63789723	0.6378972	sub	sub	sub:sub	sub	sub	4181460
14	22704959	22959965	NA	255007	3969	0.5998033	3956	276	275.0	mappable	0.09585	NA	NA	0.01720541813	0.00346020761	0.32671874612	0.11135748	0.11481768	22704959	22710033	22959908	22959965	0.1335973	1	225846.4	11.783291	0.6981	NA	NA	0.0	0.29990164	0.2999016	0	0	0:0	0	LOH	4181460
14	22959966	22980034	NA	20069	388	1.3238298	387	17	21.0	mappable	0.04534167	NA	NA	0.03651958187	0.05555555556	0.16601874612	0.13993176	0.19548731	22959966	22960023	22979980	22980088	NA	missing	277449.2	14.939575	0.8588	NA	NA	NA	NA	NA	NA	NA	NA	NA	NA	4181460
14	22980034	34689913	NA	11709883	159238	2.0510025	158851	6559	11429.0	mappable	0.08215	2.0	self	0.00113090986	0.00014398848	0.00011139611	0.08517444	0.08531843	22979980	22980088	34689794	34689913	0.1289812	1	336240.0	17.472155	1.0201983	NA	NA	0.0	1.02550126	1.0255013	1	1	1:1	2	neutral	4181460
14	34689914	34710039	NA	20126	307	1.7424415	307	38	29.0	mappable	0.13998804	5.0	NA	0.05791846161	0.02631578947	0.05931874612	0.13989171	0.1662075	34689914	34690033	34709959	34710119	0.2732118	1	452110.8	25.690722	0.9517122	NA	NA	0.0	0.87122076	0.8712208	1	1	1:1	2	neutral	4181460
14	34710039	34720020	NA	9982	229	2.4528967	225	0	15.0	mappable	NA	NA	NA	0.11376032009	0.25	0.08458125388	0.15054445	0.40054445	34709959	34710119	34719991	34720020	NA	missing	355003.8	NA	1.1094	NA	NA	NA	NA	NA	NA	NA	NA	NA	NA	4181460
14	34720021	106070040	NA	71350025	1007479	2.0510025	1003941	47606	74312.0	mappable	0.08215	2.0	NA	0.0012123074	1.955378e-05	0.00069055919	0.07666239	0.07668195	34720021	34720050	106009942	106070040	0.1459318	1	336240.0	17.472155	1.0201983	NA	NA	0.0	1.02550126	1.0255013	1	1	1:1	2	neutral	4181460
14	106070041	106111576	CTX	41536	0	0.0	0	0	NA	mappable	NA	NA	NA	NA	inf	1.02481874612	0.13036047	inf	106070041	106070041	106111576	106111576	NA	missing	NA	NA	0.0	NA	NA	0.0	0.0	0.0	0	0	NA	0	homozygousDel	4181460
14	106111577	106113688	DEL	2112	0	0.0	0	0	NA	mappable	NA	NA	NA	NA	inf	1.02481874612	0.18108734	inf	106111577	106111577	106113688	106113688	NA	missing	NA	NA	0.0	NA	NA	0.0	0.0	0.0	0	0	NA	0	homozygousDel	4181460
14	106113689	106240762	DEL	127074	0	0.0	0	0	NA	mappable	NA	NA	NA	NA	inf	1.02481874612	0.11795715	inf	106113689	106113689	106240762	106240762	NA	missing	NA	NA	0.0	NA	NA	0.0	0.0	0.0	0	0	NA	0	homozygousDel	4181460
14	106240763	106321343	DEL	80581	829	0.9715033	819	84	60.0	mappable	0.33548879	NA	NA	0.23888041813	0.01063829787	0.24421874612	0.1227133	0.1333516	106240763	106250082	106321330	106321343	0.7421771	2	247563.8	16.203282	0.7806	15.99806	1.0593421	1.0	0.0	0.9715033	1	0	1:0	1	LOH	4181460
14	106321344	106324092	DEL	2749	78	1.4684549	78	0	8.0	mappable	NA	NA	NA	NA	inf	0.13391874612	0.17505944	inf	106321344	106321371	106324082	106324092	NA	missing	255122.9	NA	0.8909	NA	NA	NA	NA	NA	NA	NA	NA	NA	NA	4181460
14	106324093	106326869	CTX	2777	273	1.4684549	273	0	20.0	mappable	NA	NA	NA	NA	inf	0.13391874612	0.1748357	inf	106324093	106324100	106326867	106326869	NA	missing	255122.9	NA	0.8909	NA	NA	NA	NA	NA	NA	NA	NA	NA	NA	4181460
14	106326870	106326878	CTX	9	3	1.4684549	3	0	0.0	mappable	NA	NA	NA	NA	inf	0.13391874612	0.63092975	inf	106326870	106326874	106326877	106326878	NA	missing	255122.9	NA	0.8909	NA	NA	NA	NA	NA	NA	NA	NA	NA	NA	4181460
14	106326879	106330070	CTX	3192	743	1.4504331	741	0	39.0	mappable	NA	NA	NA	0.13762738782	0.5	0.13791874612	0.17181769	0.67181769	106326879	106326880	106330067	106330070	NA	missing	254182.9	NA	0.8869	NA	NA	NA	NA	NA	NA	NA	NA	NA	NA	4181460
14	106330071	106370359	DEL	40289	405	-0.1075531	403	3	33.0	mappable	0.07400813	NA	NA	0.10200603732	0.2	0.48371874612	0.1307352	0.3307352	106330071	106330081	106349982	106370359	NA	missing	173088.2	9.109907	0.5411	NA	NA	NA	NA	NA	NA	NA	NA	NA	NA	4181460
14	106370360	106370362	DEL	3	0	0.0	0	0	NA	mappable	NA	NA	NA	NA	inf	1.02481874612	1.26185951	inf	106370360	106370360	106370362	106370362	NA	missing	NA	NA	0.0	NA	NA	0.0	0.0	0.0	0	0	NA	0	homozygousDel	4181460
14	106370363	106689263	DEL	318901	1527	1.6946287	1525	7	113.0	mappable	0.44199764	NA	NA	0.23829039836	0.11111111111	0.08371874612	0.10939274	0.22050385	106370363	106400108	106689260	106689266	NA	missing	309385.2	22.576755	0.9411	NA	NA	NA	NA	NA	NA	NA	NA	NA	NA	4181460
14	106689263	107259908	NA	570646	8554	2.7624215	8106	362	556.0	mappable	0.09158243	NA	edge	0.00666958187	0.0012345679	0.15328125388	0.10459028	0.10582484	106689260	106689266	107259908	107259908	0.4875653	2	405478.5	22.746355	1.1781	17.36179	0.6171621	0.23432411	1.05755975	1.7048617	2	1	2:1	3	gain	4181460
15	20850000	20859924	NA	9925	165	2.0437127	133	0	11.0	mappable	NA	1.0	edge	0.2503998356	0.03125	0.02828125388	0.15063813	0.18188813	20850000	20850000	20859924	20859924	NA	missing	329297.7	NA	1.0185803	NA	NA	NA	NA	NA	NA	NA	NA	NA	NA	4181460
15	22480079	23069956	NA	589878	4054	2.0510025	4023	92	381.0	mappable	0.08108864	2.0	self	0.00098094551	0.0081300813	0.01191874612	0.10432937	0.11245945	22480079	22480079	23069956	23069956	0.0464159	1	336240.0	17.472155	1.0201983	NA	NA	0.0	1.02550126	1.0255013	1	1	1:1	2	neutral	4181460
15	23710146	24329926	NA	619781	10358	2.0510025	10302	670	750.0	mappable	0.07647308	2.0	NA	0.00334458187	0.00137741047	0.00741874612	0.10394255	0.10531996	23710146	23710146	24329926	24329926	0.127952	1	336240.0	17.472155	1.0201983	NA	NA	0.0	1.02550126	1.0255013	1	1	1:1	2	neutral	4181460
15	24329927	24830091	NA	500165	0	0.0	0	0	NA	mappable	NA	NA	NA	NA	inf	1.02481874612	0.10564099	inf	24329927	24329927	24830091	24830091	NA	missing	NA	NA	0.0	NA	NA	0.0	0.0	0.0	0	0	NA	0	homozygousDel	4181460
15	24830092	28529988	NA	3699897	57260	2.0510025	57050	2820	4048.0	mappable	0.078725	2.0	NA	8.041813e-05	0.000330033	0.00491874612	0.091663	0.09199304	24830092	24830092	28529988	28529988	0.1631148	1	336240.0	17.472155	1.0201983	NA	NA	0.0	1.02550126	1.0255013	1	1	1:1	2	neutral	4181460
15	29100034	30369914	NA	1269881	18279	2.0510025	18219	1092	1313.0	mappable	0.07960603	2.0	self	0.00323386759	0.00086805556	0.01841874612	0.09863751	0.09950557	29100034	29100034	30369914	30369914	0.1756672	1	336240.0	17.472155	1.0201983	NA	NA	0.0	1.02550126	1.0255013	1	1	1:1	2	neutral	4181460
15	31160110	79430522	NA	48270415	644594	2.0510025	642519	27751	48662.0	mappable	0.08215	2.0	self	9.327561e-05	3.353004e-05	0.00255216239	0.07835567	0.0783892	31160110	31160110	79430509	79430522	0.1530584	1	336240.0	17.472155	1.0201983	NA	NA	0.0	1.02550126	1.0255013	1	1	1:1	2	neutral	4181460
15	79430523	79432816	DEL	2294	33	2.0510025	33	7	4.0	mappable	0.10221077	2.0	self	0.02014118888	0.14285714286	0.01131874612	0.17915288	0.32201002	79430523	79430619	79432789	79432816	NA	missing	336240.0	17.472155	1.0201983	NA	NA	NA	NA	NA	NA	NA	NA	NA	NA	4181460
15	79432817	80192490	DEL	759674	12467	2.0510025	12404	645	941.0	mappable	0.0978	2.0	NA	0.01204195659	0.00141242938	0.01728125388	0.10238023	0.10379266	79432817	79432968	80189980	80192490	0.1482251	1	336240.0	17.472155	1.0201983	NA	NA	0.0	1.02550126	1.0255013	1	1	1:1	2	neutral	4181460
15	80192491	80192495	CTX	5	0	0.0	0	0	NA	mappable	NA	NA	NA	NA	inf	1.02481874612	0.86135312	inf	80192491	80192491	80192495	80192495	NA	missing	NA	NA	0.0	NA	NA	0.0	0.0	0.0	0	0	NA	0	homozygousDel	4181460
15	80192496	80820023	CTX	627528	9492	2.0510025	9476	520	735.0	mappable	0.07416667	2.0	NA	0.00790291521	0.00186567164	0.00548125388	0.10384582	0.1057115	80192496	80200145	80819959	80820023	0.102549	1	336240.0	17.472155	1.0201983	NA	NA	0.0	1.02550126	1.0255013	1	1	1:1	2	neutral	4181460
15	80820024	80850059	NA	30036	422	2.490292	422	0	36.0	mappable	NA	NA	NA	NA	inf	0.09288125388	0.13445916	inf	80820024	80820088	80849993	80850125	NA	missing	367888.3	NA	1.1177	NA	NA	NA	NA	NA	NA	NA	NA	NA	NA	4181460
15	80850059	82479795	NA	1629737	22855	2.0510025	22789	929	1659.0	mappable	0.085575	2.0	NA	0.00350541813	0.00100502513	0.00091874612	0.09691703	0.09792206	80849993	80850125	82479795	82479795	0.1674472	1	336240.0	17.472155	1.0201983	NA	NA	0.0	1.02550126	1.0255013	1	1	1:1	2	neutral	4181460
15	83211507	102399920	NA	19188417	295799	2.0510025	294802	13617	22184.0	mappable	0.08215	2.0	edge	0.00253071879	6.843222e-05	0.00124240069	0.08266604	0.08273447	83211507	83211507	102399920	102399920	0.1586466	1	336240.0	17.472155	1.0201983	NA	NA	0.0	1.02550126	1.0255013	1	1	1:1	2	neutral	4181460
16	100010	16289940	NA	16189941	298003	2.0510025	296876	13571	23165.0	mappable	0.085575	2.0	edge	0.00377527846	6.804573e-05	0.00317142411	0.08351221	0.08358025	100010	100010	16289940	16289940	0.1638711	1	336240.0	17.472155	1.0201983	NA	NA	0.0	1.02550126	1.0255013	1	1	1:1	2	neutral	4181460
16	16870104	18169896	NA	1299793	20432	2.0510025	20365	1170	1522.0	mappable	0.087025	2.0	self	0.00495541813	0.00080840744	0.00951874612	0.09847438	0.09928279	16870104	16870104	18169896	18169896	0.1506882	1	336240.0	17.472155	1.0201983	NA	NA	0.0	1.02550126	1.0255013	1	1	1:1	2	neutral	4181460
16	18800044	29039945	NA	10239902	125126	2.0510025	124631	5173	10022.0	mappable	0.085575	2.0	self	0.00350541813	0.00017642908	0.00098125388	0.08588225	0.08605868	18800044	18800044	29039945	29039945	0.1596301	1	336240.0	17.472155	1.0201983	NA	NA	0.0	1.02550126	1.0255013	1	1	1:1	2	neutral	4181460
16	29670028	31959970	NA	2289943	17555	2.0510025	17513	265	1460.0	mappable	0.098575	2.0	self	0.01958041813	0.00325732899	0.01311874612	0.09466613	0.09792346	29670028	29670028	31959970	31959970	0.2597784	1	336240.0	17.472155	1.0201983	NA	NA	0.0	1.02550126	1.0255013	1	1	1:1	2	neutral	4181460
16	32520030	32649899	NA	129870	3149	2.1424709	2846	0	272.0	mappable	NA	NA	NA	0.12735417699	0.00330033003	0.01568125388	0.11773911	0.12103944	32520030	32520030	32649899	32649899	NA	missing	539831.6	NA	1.0405	NA	NA	NA	NA	NA	NA	NA	NA	NA	NA	4181460
16	33590105	35279959	NA	1689855	15432	2.0510025	15374	72	1166.0	mappable	0.10192222	2.0	self	0.02063041813	0.00775193798	0.01501874612	0.09667221	0.10442415	33590105	33590105	35279959	35279959	0.2898751	1	336240.0	17.472155	1.0201983	NA	NA	0.0	1.02550126	1.0255013	1	1	1:1	2	neutral	4181460
16	46450014	90049897	NA	43599892	701535	2.0510025	699269	30126	52929.0	mappable	0.08215	2.0	self	0.0004053013	3.087182e-05	0.00227786733	0.07880897	0.07883984	46450014	46450014	90049789	90050005	0.1595818	1	336240.0	17.472155	1.0201983	NA	NA	0.0	1.02550126	1.0255013	1	1	1:1	2	neutral	4181460
16	90049897	90109969	NA	60073	1343	1.6644859	1315	96	111.0	mappable	0.06616724	7.0	edge	0.01742727418	0.00806451613	0.07771874612	0.12598878	0.1340533	90049789	90050005	90109969	90109969	0.1537672	1	307831.2	16.626802	0.9344097	NA	NA	0.0	0.83224294	0.8322429	1	1	1:1	2	neutral	4181460
17	20080	9625043	NA	9604965	115110	1.6644859	114461	5940	9256.0	mappable	0.092425	7.0	edge	0.00995048946	0.0001517681	0.09021725537	0.08622418	0.08637595	20080	20080	9619933	9630153	0.3400188	2	307831.2	16.626802	0.9344097	16.6182	0.6014929	0.20298578	0.66330946	1.0011764	1	sub	1:sub	sub	sub	4181460
17	9625043	9660049	NA	35007	552	2.0510025	551	1	52.0	mappable	0.07692308	2.0	self	0.01729225394	0.5	0.01111874612	0.13249108	0.63249108	9619933	9630153	9659961	9660049	NA	missing	336240.0	17.472155	1.0201983	NA	NA	NA	NA	NA	NA	NA	NA	NA	NA	4181460
17	9660050	18239982	NA	8579933	116773	1.6644859	116386	5204	8890.0	mappable	0.099275	7.0	NA	0.01378041813	0.00017885888	0.08441874612	0.08683369	0.08701255	9660050	9660138	18239982	18239982	0.3535144	2	307831.2	16.626802	0.9344097	16.6182	0.6014929	0.20298578	0.66330946	1.0011764	1	sub	1:sub	sub	sub	4181460
17	18750212	22239986	NA	3489775	25834	1.6644859	25181	819	2205.0	mappable	0.09585	7.0	NA	0.01378041813	0.00067934783	0.08631874612	0.09201874	0.09269809	18750212	18750212	22239986	22239986	0.3503022	2	307831.2	16.626802	0.9344097	16.6182	0.6014929	0.20298578	0.66330946	1.0011764	1	sub	1:sub	sub	sub	4181460
17	25390040	25829984	NA	439945	5047	1.7424415	5041	142	372.0	mappable	0.21014048	5.0	NA	0.12807089432	0.00675675676	0.08411874612	0.10668394	0.1134407	25390040	25390040	25829922	25830046	0.4909852	2	452110.8	25.690722	0.9517122	23.96337	0.6679277	0.33585532	0.57861663	1.1638249	1	sub	1:sub	sub	sub	4181460
17	25829984	44279982	NA	18450000	205939	1.6644859	205193	7786	16445.0	mappable	0.09585	7.0	NA	0.01378041813	0.00011721955	0.08801874612	0.08285994	0.08297716	25829922	25830046	44279982	44279982	0.3715222	2	307831.2	16.626802	0.9344097	16.6182	0.6014929	0.20298578	0.66330946	1.0011764	1	sub	1:sub	sub	sub	4181460
17	44790026	78234965	NA	33444941	431894	1.6644859	430275	18589	33150.0	mappable	0.092425	7.0	NA	0.01033344531	4.950005e-05	0.09007224721	0.08001509	0.08006459	44790026	44790026	78229913	78234965	0.3379234	2	307831.2	16.626802	0.9344097	16.6182	0.6014929	0.20298578	0.66330946	1.0011764	1	sub	1:sub	sub	sub	4181460
17	78234966	78259925	NA	24960	445	2.0437127	442	0	37.0	mappable	NA	1.0	NA	0.28461118736	0.33333333333	0.00318125388	0.13691756	0.47025089	78234966	78240018	78259847	78260003	NA	missing	329297.7	NA	1.0185803	NA	NA	NA	NA	NA	NA	NA	NA	NA	NA	4181460
17	78259925	81129884	NA	2869960	43484	1.6644859	43218	1694	3787.0	mappable	0.085575	7.0	edge	0.00693041813	0.00051020408	0.08361874612	0.0932288	0.093739	78259847	78260003	81129884	81129884	0.3728365	2	307831.2	16.626802	0.9344097	16.6182	0.6014929	0.20298578	0.66330946	1.0011764	1	sub	1:sub	sub	sub	4181460
18	130031	14119956	NA	13989927	212587	2.0510025	211895	11282	15771.0	mappable	0.08215	2.0	edge	0.00116769055	8.351428e-05	0.00304864964	0.0842535	0.08433702	130031	130031	14119956	14119956	0.1569864	1	336240.0	17.472155	1.0201983	NA	NA	0.0	1.02550126	1.0255013	1	1	1:1	2	neutral	4181460
18	14119957	14910026	NA	790070	0	0.0	0	0	NA	mappable	NA	NA	NA	NA	inf	1.02481874612	0.10208446	inf	14119957	14119957	14910026	14910026	NA	missing	NA	NA	0.0	NA	NA	0.0	0.0	0.0	0	0	NA	0	homozygousDel	4181460
18	14910027	14929888	NA	19862	364	2.0510025	361	32	23.0	mappable	0.03975735	2.0	NA	0.04035781717	0.02857142857	0.00371874612	0.14007836	0.16864978	14910027	14910027	14929888	14929888	NA	missing	336240.0	17.472155	1.0201983	NA	NA	NA	NA	NA	NA	NA	NA	NA	NA	4181460
18	18540053	78009968	NA	59469927	878446	2.0510025	875422	38697	64617.0	mappable	0.08215	2.0	edge	0.00219958252	2.397104e-05	0.00433277885	0.07744237	0.07746634	18540053	18540053	78009968	78009968	0.1562444	1	336240.0	17.472155	1.0201983	NA	NA	0.0	1.02550126	1.0255013	1	1	1:1	2	neutral	4181460
19	260137	12894070	NA	12633934	139160	2.0437127	138379	6034	11753.0	mappable	0.428075	1.0	edge	0.34600541813	0.00014673514	0.01891874612	0.08477881	0.08492555	260137	260137	12894046	12894070	0.9146396	2	329297.7	22.803412	1.0185803	16.30805	0.9322287	0.86445745	0.13850502	1.9052077	2	0	2:0	2	cnLOH	4181460
19	12894071	13015454	DUP	121384	1237	3.7716433	1225	10	111.0	mappable	0.69831667	NA	NA	0.58728647873	0.04545454545	0.37728125388	0.11841874	0.16387329	12894071	12894301	13009975	13015454	NA	missing	430393.2	36.115841	1.4021	NA	NA	NA	NA	NA	NA	NA	NA	NA	NA	4181460
19	13015455	24569972	DUP	11554520	116218	2.0198036	115353	4838	9477.0	mappable	0.441775	NA	NA	0.35581655182	0.00017534631	0.01154512757	0.08524439	0.08541974	13015455	13030125	24569972	24569972	0.9362354	2	316389.9	22.599282	1.0132736	15.75087	0.984339	0.96867795	0.0316322	1.9881714	2	0	2:0	2	cnLOH	4181460
19	27750002	36889984	NA	9139983	133491	2.0510025	132954	5739	9996.0	mappable	0.08215	2.0	NA	0.00350541813	0.00015936255	0.00731874612	0.08649112	0.08665049	27750002	27750002	36889876	36889984	0.1552881	1	336240.0	17.472155	1.0201983	NA	NA	0.0	1.02550126	1.0255013	1	1	1:1	2	neutral	4181460
19	36889985	36909914	NA	19930	286	2.4646109	286	0	23.0	mappable	NA	NA	NA	NA	inf	0.08718125388	0.14003	inf	36889985	36890093	36909814	36909914	NA	missing	331637.2	NA	1.112	NA	NA	NA	NA	NA	NA	NA	NA	NA	NA	4181460
19	36909915	43209995	NA	6300082	63816	2.0510025	63549	2066	5098.0	mappable	0.08215	2.0	NA	0.00296274623	0.00042881647	0.00376641441	0.08854675	0.08897556	36909915	36910015	43209995	43209995	0.2102003	1	336240.0	17.472155	1.0201983	NA	NA	0.0	1.02550126	1.0255013	1	1	1:1	2	neutral	4181460
19	43209996	43800005	NA	590010	0	0.0	0	0	NA	mappable	NA	NA	NA	NA	inf	1.02481874612	0.10432761	inf	43209996	43209996	43800005	43800005	NA	missing	NA	NA	0.0	NA	NA	0.0	0.0	0.0	0	0	NA	0	homozygousDel	4181460
19	43800006	59089999	NA	15289994	162631	2.0510025	161738	8248	13175.0	mappable	0.085575	2.0	edge	0.0036468897	0.00010939722	0.01261692113	0.08380093	0.08391032	43800006	43800006	59089999	59089999	0.1916634	1	336240.0	17.472155	1.0201983	NA	NA	0.0	1.02550126	1.0255013	1	1	1:1	2	neutral	4181460
20	60479	3951034	NA	3890558	59302	2.0510025	59050	2931	4435.0	mappable	0.07744405	2.0	edge	0.00152110275	0.00031416902	0.00053471582	0.09135947	0.09167364	60479	60479	3950928	3951034	0.1473793	1	336240.0	17.472155	1.0201983	NA	NA	0.0	1.02550126	1.0255013	1	1	1:1	2	neutral	4181460
20	3951035	3957964	DEL	6930	97	1.2517425	97	0	10.0	mappable	NA	NA	NA	NA	inf	0.18201874612	0.15675652	inf	3951035	3951257	3957961	3957964	NA	missing	280322.0	NA	0.8428	NA	NA	NA	NA	NA	NA	NA	NA	NA	NA	4181460
20	3957965	10480054	DEL	6522090	103599	2.0510025	103291	5219	7499.0	mappable	0.08215	2.0	NA	0.00093759782	0.00018096272	0.00637045841	0.08835131	0.08853227	3957965	3957986	10479979	10480054	0.1385651	1	336240.0	17.472155	1.0201983	NA	NA	0.0	1.02550126	1.0255013	1	1	1:1	2	neutral	4181460
20	10480055	10519946	NA	39892	591	1.8032102	591	0	53.0	mappable	NA	NA	NA	NA	inf	0.05961874612	0.13085741	inf	10480055	10480130	10519856	10519946	NA	missing	327704.0	NA	0.9652	NA	NA	NA	NA	NA	NA	NA	NA	NA	NA	4181460
20	10519947	25729738	NA	15209793	236696	2.0510025	236021	11483	16873.0	mappable	0.08215	2.0	NA	0.00014261514	8.227067e-05	0.00257630576	0.08382758	0.08390985	10519947	10520037	25729738	25729738	0.1391792	1	336240.0	17.472155	1.0201983	NA	NA	0.0	1.02550126	1.0255013	1	1	1:1	2	neutral	4181460
20	29810057	62909989	NA	33099933	497251	2.0510025	495383	18652	38622.0	mappable	0.08215	2.0	edge	0.00350541813	4.874007e-05	0.01128125388	0.08006301	0.08011175	29810057	29810057	62909989	62909989	0.1525744	1	336240.0	17.472155	1.0201983	NA	NA	0.0	1.02550126	1.0255013	1	1	1:1	2	neutral	4181460
21	10720001	11179964	NA	459964	5107	1.7424415	4834	0	713.0	mappable	NA	5.0	edge	0.08570541813	0.00366300366	0.06441874612	0.10631986	0.10998286	10720001	10720001	11179964	11179964	NA	missing	452110.8	NA	0.9517122	NA	NA	NA	NA	NA	NA	NA	NA	NA	NA	4181460
21	15410077	48099931	NA	32689864	516051	2.0510025	513780	22120	38982.0	mappable	0.08215	2.0	edge	0.00160321646	4.100545e-05	0.00050957763	0.08012069	0.0801617	15410077	15410077	48099931	48099931	0.1686056	1	336240.0	17.472155	1.0201983	NA	NA	0.0	1.02550126	1.0255013	1	1	1:1	2	neutral	4181460
22	16850007	37511687	NA	20661684	250602	2.0510025	249446	12322	19426.0	mappable	0.08215	2.0	edge	0.00038555059	7.419498e-05	0.00079475976	0.08230299	0.08237718	16850007	16850007	37511664	37511687	0.166873	1	336240.0	17.472155	1.0201983	NA	NA	0.0	1.02550126	1.0255013	1	1	1:1	2	neutral	4181460
22	37511688	37613442	DEL	101755	1944	1.1234213	1941	140	135.0	mappable	0.23840435	4.0	identical	0.15954237465	0.00699300699	0.22861874612	0.12023031	0.12722332	37511688	37511703	37613384	37613442	0.8116621	2	262993.5	16.60238	0.8143187	16.29143	0.9287507	0.85750148	0.08004294	1.0433784	1	0	1:0	1	LOH	4181460
22	37613443	37625075	DUP	11633	270	2.0510025	263	34	21.0	mappable	0.09065	2.0	self	0.01035541813	0.0243902439	0.03001874612	0.14808304	0.17247328	37613443	37613620	37625071	37625075	NA	missing	336240.0	17.472155	1.0201983	NA	NA	NA	NA	NA	NA	NA	NA	NA	NA	4181460
22	37625076	37625265	CTX	190	1	2.3015135	0	0	0.0	mappable	NA	NA	identical	0.11793041813	1.0	0.05098125388	0.26420583	1.26420583	37625076	37625077	37625077	37625265	NA	missing	NA	NA	1.0758	NA	NA	NA	NA	NA	NA	NA	NA	NA	NA	4181460
22	37625266	43261575	DEL	5636310	62956	2.0510025	62701	2332	5091.0	mappable	0.08215	2.0	self	8.041813e-05	0.00038654813	0.00368125388	0.08918093	0.08956748	37625266	37625277	43261518	43261575	0.1561471	1	336240.0	17.472155	1.0201983	NA	NA	0.0	1.02550126	1.0255013	1	1	1:1	2	neutral	4181460
22	43261576	49580001	DUP	6318426	112457	1.1234213	111881	5488	8851.0	mappable	0.256825	4.0	NA	0.17818041813	0.00016493485	0.21201874612	0.08853031	0.08869524	43261576	43261585	49579991	49580011	0.74927	2	262993.5	16.60238	0.8143187	16.29143	0.9287507	0.85750148	0.08004294	1.0433784	1	0	1:0	1	LOH	4181460
22	49580001	49590017	NA	10017	257	1.7424415	249	0	26.0	mappable	NA	5.0	NA	0.07604291813	0.125	0.14311874612	0.15048725	0.27548725	49579991	49580011	49589989	49590045	NA	missing	452110.8	NA	0.9517122	NA	NA	NA	NA	NA	NA	NA	NA	NA	NA	4181460
22	49590017	51179984	NA	1589969	27161	1.1234213	27000	1329	2280.0	mappable	0.27395	4.0	edge	0.19752990594	0.00067114094	0.22559147172	0.09708471	0.09775585	49589989	49590045	51179984	51179984	0.7624369	2	262993.5	16.60238	0.8143187	16.29143	0.9287507	0.85750148	0.08004294	1.0433784	1	0	1:0	1	LOH	4181460
23	2700027	58499983	NA	55799959	490321	2.0510025	488945	17868	34865.0	mappable	0.08215	2.0	edge	0.00156144629	5.196695e-05	0.02810153494	0.07771892	0.07777088	2700027	2700027	58499983	58499983	0.1682565	1	336240.0	17.472155	1.0201983	NA	NA	0.0	1.02550126	1.0255013	1	1	1:1	2	neutral	4181460
23	61750000	88459980	NA	26709981	245650	2.0510025	245033	7362	16882.0	mappable	0.08215	2.0	self	8.041813e-05	0.00012536041	0.02611874612	0.08106725	0.08119261	61750000	61750000	88459980	88459980	0.1702794	1	336240.0	17.472155	1.0201983	NA	NA	0.0	1.02550126	1.0255013	1	1	1:1	2	neutral	4181460
23	88990017	89349936	NA	359920	1088	1.6644859	1088	91	74.0	mappable	0.066425	7.0	NA	0.01564458187	0.01098901099	0.05941874612	0.10835811	0.11934712	88990017	88990017	89349936	89349936	0.15492	1	307831.2	16.626802	0.9344097	NA	NA	0.0	0.83224294	0.8322429	1	1	1:1	2	neutral	4181460
23	89349937	90140198	NA	790262	0	0.0	0	0	NA	mappable	NA	NA	NA	NA	inf	1.02481874612	0.10208263	inf	89349937	89349937	90140198	90140198	NA	missing	NA	NA	0.0	NA	NA	0.0	0.0	0.0	0	0	NA	0	homozygousDel	4181460
23	90140199	91529952	NA	1389754	5103	2.0510025	5087	430	369.0	mappable	0.08365	2.0	NA	0.00350541813	0.00224215247	0.03741874612	0.09800848	0.10025063	90140199	90140199	91529952	91529952	0.109281	1	336240.0	17.472155	1.0201983	NA	NA	0.0	1.02550126	1.0255013	1	1	1:1	2	neutral	4181460
23	91529953	92379999	NA	850047	0	0.0	0	0	NA	mappable	NA	NA	NA	NA	inf	1.02481874612	0.10153736	inf	91529953	91529953	92379999	92379999	NA	missing	NA	NA	0.0	NA	NA	0.0	0.0	0.0	0	0	NA	0	homozygousDel	4181460
23	92380000	154929639	NA	62549640	566405	2.0510025	564894	19095	39983.0	mappable	0.08215	2.0	edge	8.041813e-05	4.853191e-05	0.02781874612	0.07722455	0.07727309	92380000	92380000	154929639	154929639	0.170824	1	336240.0	17.472155	1.0201983	NA	NA	0.0	1.02550126	1.0255013	1	1	1:1	2	neutral	4181460
