#chromosome	start	end	crest	length	tcnNbrOfLoci	tcnMean	tcnNbrOfSNPs	tcnNbrOfHets	dhNbrOfLoci	map	dhMax	cluster	neighbour	distDH	errorSNP	distTcn	errorLength	totalError	minStart	maxStart	minStop	maxStop	area	peaks	meanCovT	meanCovB	tcnMeanRaw	AF	BAF	dhMean	c1Mean	c2Mean	A	B	genotype	TCN	GNL	PID
1	840009	12839977	NA	11999972	171922	2.002247976	170802	6727	26546.0	mappable	0.08215	1.0	edge	0.00269663369	0.00012743724	0.01411702108	0.08504657	0.08517401	840009	840009	12839977	12839977	0.2638037	1	367161.5	19.141106	0.9590731	NA	NA	0.0	1.00112399	1.001124	1	1	1:1	2	neutral	4124432
1	13780016	120529963	NA	106749958	1393406	2.002247976	1388424	58167	211442.0	mappable	0.08215	1.0	self	0.00035907483	1.583556e-05	0.00077498947	0.07499158	0.07500742	13780016	13780016	120529963	120529963	0.17406523	1	367161.5	19.141106	0.9590731	NA	NA	0.0	1.00112399	1.001124	1	1	1:1	2	neutral	4124432
1	121220004	121229986	NA	9983	177	2.002247976	176	9	30.0	mappable	0.17705676	1.0	self	0.03536588788	0.1	0.01462070938	0.15054281	0.25054281	121220004	121220004	121229986	121229986	NA	missing	367161.5	19.141106	0.9590731	NA	NA	NA	NA	NA	NA	NA	NA	NA	NA	4124432
1	144010127	144019970	NA	9844	155	3.000250988	92	0	25.0	mappable	NA	3.0	NA	0.13399488371	0.01587301587	0.25687929062	0.15077238	0.1666454	144010127	144010127	144019970	144019970	NA	missing	478772.3	NA	1.2555854	NA	NA	NA	NA	NA	NA	NA	NA	NA	NA	4124432
1	144920087	145739956	NA	819870	6367	3.000250988	5797	161	936.0	mappable	0.18040793	3.0	NA	0.17278034559	0.00136798906	0.28047929062	0.10180689	0.10317488	144920087	144920087	145739956	145739956	0.77266181	2	478772.3	29.629448	1.2555854	18.27267	0.6674267	0.33485339	0.99780339	2.0024476	2	1	2:1	3	gain	4124432
1	146540101	147829895	NA	1289795	11674	3.000250988	11639	527	1722.0	mappable	0.27567692	3.0	NA	0.19385283799	0.00178253119	0.30477929062	0.09852843	0.10031096	146540101	146540101	147829895	147829895	0.78780829	2	478772.3	29.629448	1.2555854	18.27267	0.6674267	0.33485339	0.99780339	2.0024476	2	1	2:1	3	gain	4124432
1	149815060	156229987	NA	6414929	67190	3.000250988	66894	2034	10622.0	mappable	0.2534	3.0	NA	0.17178443219	0.00042918455	0.30490075066	0.08844469	0.08887388	149815060	149815060	156229972	156230002	0.79950245	2	478772.3	29.629448	1.2555854	18.27267	0.6674267	0.33485339	0.99780339	2.0024476	2	1	2:1	3	gain	4124432
1	156229987	156249963	NA	19977	311	2.650256258	308	2	51.0	mappable	0.39547038	NA	NA	0.01393694644	0.2	0.19197929062	0.13999669	0.33999669	156229972	156230002	156249894	156250032	NA	missing	440986.6	30.769187	1.1516	NA	NA	NA	NA	NA	NA	NA	NA	NA	NA	4124432
1	156249963	194510039	NA	38260080	528509	3.000250988	526765	23418	80626.0	mappable	0.24655	3.0	NA	0.16371430939	3.974247e-05	0.3084431586	0.07939868	0.07943842	156249894	156250032	194509993	194510039	0.79431652	2	478772.3	29.629448	1.2555854	18.27267	0.6674267	0.33485339	0.99780339	2.0024476	2	1	2:1	3	gain	4124432
1	194510040	194529939	NA	19900	328	2.632080903	328	0	52.0	mappable	NA	NA	NA	NA	inf	0.18657929062	0.14005131	inf	194510040	194510086	194529868	194529939	NA	missing	458526.1	NA	1.1462	NA	NA	NA	NA	NA	NA	NA	NA	NA	NA	4124432
1	194529940	210220004	NA	15690070	205171	3.000250988	204416	8566	31257.0	mappable	0.23285	3.0	NA	0.149210118	0.00010728463	0.30850498285	0.08367029	0.08377757	194529940	194530011	210219938	210220070	0.81467211	2	478772.3	29.629448	1.2555854	18.27267	0.6674267	0.33485339	0.99780339	2.0024476	2	1	2:1	3	gain	4124432
1	210220004	210229942	NA	9939	155	3.621964581	155	0	24.0	mappable	NA	NA	NA	NA	inf	0.48067929062	0.15061506	inf	210219938	210220070	210229882	210230002	NA	missing	516630.0	NA	1.4403	NA	NA	NA	NA	NA	NA	NA	NA	NA	NA	4124432
1	210229942	237699976	NA	27470037	381414	3.000250988	379950	16962	57577.0	mappable	0.236275	3.0	NA	0.15350292035	5.427408e-05	0.30136093838	0.08093445	0.08098873	210229882	210230002	237699947	237699976	0.79852846	2	478772.3	29.629448	1.2555854	18.27267	0.6674267	0.33485339	0.99780339	2.0024476	2	1	2:1	3	gain	4124432
1	237699977	237720031	NA	20055	352	2.560389226	351	1	55.0	mappable	0.36585366	NA	NA	0.36762490535	0.5	0.16527929062	0.13994162	0.63994162	237699977	237700006	237719981	237720081	NA	missing	461503.4	31.517304	1.1249	NA	NA	NA	NA	NA	NA	NA	NA	NA	NA	4124432
1	237720031	241076390	NA	3356361	52185	3.000250988	52006	2709	8054.0	mappable	0.256825	3.0	NA	0.17748925606	0.00034626039	0.2955903896	0.09225745	0.09260371	237719981	237720081	241076333	241076390	0.78185052	2	478772.3	29.629448	1.2555854	18.27267	0.6674267	0.33485339	0.99780339	2.0024476	2	1	2:1	3	gain	4124432
1	241076391	245962993	INV	4886604	65187	3.000250988	64878	3333	10093.0	mappable	0.23895	3.0	NA	0.15841393537	0.00027457441	0.30072904747	0.09000738	0.09028195	241076391	241076462	245962979	245962993	0.7936575	2	478772.3	29.629448	1.2555854	18.27267	0.6674267	0.33485339	0.99780339	2.0024476	2	1	2:1	3	gain	4124432
1	245962994	246114880	CTX	151887	2441	2.04070871	2427	187	323.0	mappable	0.57505833	NA	NA	0.50201753382	0.00497512438	0.01087929062	0.11619369	0.12116881	245962994	245963023	246114861	246114880	0.97803552	2	369394.1	29.162695	0.9705	18.23953	0.9633538	0.92670764	0.07478418	1.9659245	2	0	2:0	2	cnLOH	4124432
1	246114881	246115277	INV	397	7	2.303578194	7	0	0.0	mappable	NA	NA	NA	NA	inf	0.08897929062	0.23166931	inf	246114881	246114892	246115269	246115277	NA	missing	376495.7	NA	1.0486	NA	NA	NA	NA	NA	NA	NA	NA	NA	NA	4124432
1	246115278	249209945	CTX	3094668	41094	2.13495129	40761	2448	6275.0	mappable	0.60599643	NA	edge	0.52420640942	0.00035971223	0.03887929062	0.09275856	0.09311827	246115278	246115287	249209945	249209945	0.97225661	2	381102.0	30.263986	0.9985	18.28994	0.9629886	0.92597725	0.07901749	2.0559338	2	0	2:0	2	cnLOH	4124432
2	20016	2140013	NA	2119998	36185	2.002247976	35687	1937	5996.0	mappable	0.08215	1.0	edge	0.00018140942	0.00041067762	0.00162070938	0.09516726	0.09557793	20016	20016	2139997	2140029	0.20776646	1	367161.5	19.141106	0.9590731	NA	NA	0.0	1.00112399	1.001124	1	1	1:1	2	neutral	4124432
2	2140013	2149966	NA	9954	136	2.486004903	136	0	28.0	mappable	NA	NA	NA	NA	inf	0.14317929062	0.15059038	inf	2139997	2140029	2149814	2150118	NA	missing	395232.0	NA	1.1028	NA	NA	NA	NA	NA	NA	NA	NA	NA	NA	4124432
2	2149966	87059860	NA	84909908	1274140	2.002247976	1269878	56075	193653.0	mappable	0.08215	1.0	NA	0.00142095399	1.657413e-05	0.01244143277	0.07593179	0.07594836	2149814	2150118	87059860	87059860	0.16001244	1	367161.5	19.141106	0.9590731	NA	NA	0.0	1.00112399	1.001124	1	1	1:1	2	neutral	4124432
2	88330099	89094923	NA	764825	9476	2.002247976	9458	148	1510.0	mappable	0.09226293	1.0	NA	0.00743140942	0.00602409639	0.01197929062	0.10232916	0.10835326	88330099	88330099	89059837	89130009	0.08659318	1	367161.5	19.141106	0.9590731	NA	NA	0.0	1.00112399	1.001124	1	1	1:1	2	neutral	4124432
2	89094923	89132275	NA	37353	34	-0.001662645	34	0	9.0	mappable	NA	NA	NA	NA	inf	0.59592070938	0.13167479	inf	89059837	89130009	89132262	89132275	NA	missing	150915.6	NA	0.3637	NA	NA	NA	NA	NA	NA	NA	NA	NA	NA	4124432
2	89132276	89160765	DEL	28490	992	0.166627677	991	4	170.0	mappable	0.42576667	NA	NA	0.33961474275	0.2	0.54592070938	0.13515186	0.33515186	89132276	89132354	89160763	89160765	NA	missing	157429.8	8.363457	0.4137	NA	NA	NA	NA	NA	NA	NA	NA	NA	NA	4124432
2	89160766	89161078	DEL	313	93	0.880178645	93	0	14.0	mappable	NA	NA	NA	NA	inf	0.33392070938	0.24125398	inf	89160766	89160769	89161072	89161078	NA	missing	234758.8	NA	0.6257	NA	NA	NA	NA	NA	NA	NA	NA	NA	NA	4124432
2	89161079	89161434	DEL	356	102	0.880178645	102	0	18.0	mappable	NA	NA	NA	NA	inf	0.33392070938	0.23596778	inf	89161079	89161087	89161413	89161434	NA	missing	234758.8	NA	0.6257	NA	NA	NA	NA	NA	NA	NA	NA	NA	NA	4124432
2	89161435	89197300	INV	35866	908	0.88287129	906	0	146.0	mappable	NA	NA	NA	0.32712231851	0.5	0.33312070938	0.13218483	0.63218483	89161435	89161525	89197190	89197300	NA	missing	239940.5	NA	0.6265	NA	NA	NA	NA	NA	NA	NA	NA	NA	NA	4124432
2	89197301	89229990	INV	32690	275	0.85156929	275	5	43.0	mappable	0.61698206	NA	NA	0.53501346684	0.2	0.34242070938	0.1333639	0.3333639	89197301	89197396	89229990	89229990	NA	missing	244662.2	17.793614	0.6172	NA	NA	NA	NA	NA	NA	NA	NA	NA	NA	4124432
2	89229991	89512915	NA	282925	0	0.0	0	0	NA	mappable	NA	NA	NA	NA	inf	0.95962070938	0.11043586	inf	89229991	89229991	89512915	89512915	NA	missing	NA	NA	0.0	NA	NA	0.0	0.0	0.0	0	0	NA	0	homozygousDel	4124432
2	89840102	90044439	NA	204338	444	2.239309466	435	0	100.0	mappable	NA	5.0	NA	0.01914120963	0.11111111111	0.06857929062	0.11337484	0.22448595	89840102	89840102	89889991	90044439	NA	missing	568939.3	NA	1.0295054	NA	NA	NA	NA	NA	NA	NA	NA	NA	NA	4124432
2	90061009	90061009	DEL	1	0	0.0	0	0	NA	mappable	NA	NA	NA	NA	inf	0.95962070938	inf	inf	90061009	90061009	90061009	90061009	NA	missing	NA	NA	0.0	NA	NA	0.0	0.0	0.0	0	0	NA	0	homozygousDel	4124432
2	90061010	90239998	DEL	178989	470	2.09321529	470	2	67.0	mappable	0.01851852	NA	NA	0.06345007206	0.5	0.02647929062	0.11461639	0.61461639	90061010	90100200	90239998	90239998	NA	missing	387279.6	19.722572	0.9861	NA	NA	NA	NA	NA	NA	NA	NA	NA	NA	4124432
2	95580145	96239991	NA	659847	4442	2.002247976	4436	15	711.0	mappable	0.03687109	1.0	NA	0.04173478956	0.04761904762	0.00907929062	0.10345663	0.15107568	95580145	95580145	96239991	96239991	NA	missing	367161.5	19.141106	0.9590731	NA	NA	NA	NA	NA	NA	NA	NA	NA	NA	4124432
2	96239992	96740020	NA	500029	0	0.0	0	0	NA	mappable	NA	NA	NA	NA	inf	0.95962070938	0.10564318	inf	96239992	96239992	96740020	96740020	NA	missing	NA	NA	0.0	NA	NA	0.0	0.0	0.0	0	0	NA	0	homozygousDel	4124432
2	96740021	132189994	NA	35449977	448634	2.002247976	447184	19303	67639.0	mappable	0.08215	1.0	NA	0.00094350388	4.81858e-05	0.0098164677	0.0797471	0.07979529	96740021	96740021	132189994	132189994	0.16224943	1	367161.5	19.141106	0.9590731	NA	NA	0.0	1.00112399	1.001124	1	1	1:1	2	neutral	4124432
2	132189995	133009999	NA	820005	0	0.0	0	0	NA	mappable	NA	NA	NA	NA	inf	0.95962070938	0.10180566	inf	132189995	132189995	133009999	133009999	NA	missing	NA	NA	0.0	NA	NA	0.0	0.0	0.0	0	0	NA	0	homozygousDel	4124432
2	133010000	157540077	NA	24530079	335491	2.002247976	334295	15961	52043.0	mappable	0.08215	1.0	NA	1.095751e-05	5.828525e-05	0.01339143789	0.08147287	0.08153116	133010000	133010000	157539961	157540077	0.15814636	1	367161.5	19.141106	0.9590731	NA	NA	0.0	1.00112399	1.001124	1	1	1:1	2	neutral	4124432
2	157540078	157549996	NA	9919	119	2.535818839	117	0	26.0	mappable	NA	NA	identical	0.04509990371	0.5	0.15797929062	0.15064802	0.65064802	157540078	157540194	157549862	157549996	NA	missing	425486.2	NA	1.1176	NA	NA	NA	NA	NA	NA	NA	NA	NA	NA	4124432
2	157549997	170969985	NA	13419990	178486	2.002247976	177803	6914	27984.0	mappable	0.07878026	1.0	self	0.00196864444	0.00013164824	0.02021579264	0.08446702	0.08459867	157549997	157550131	170969959	170970011	0.17421082	1	367161.5	19.141106	0.9590731	NA	NA	0.0	1.00112399	1.001124	1	1	1:1	2	neutral	4124432
2	170969985	170985021	NA	15037	213	2.513941097	212	2	29.0	mappable	0.20286576	NA	identical	0.2532711153	0.33333333333	0.15147929062	0.14413138	0.47746471	170969959	170970011	170979964	170990078	NA	missing	382507.1	23.005237	1.1111	NA	NA	NA	NA	NA	NA	NA	NA	NA	NA	4124432
2	170985021	225360000	NA	54374981	721685	2.002247976	719119	30954	111205.0	mappable	0.078725	1.0	NA	0.00068343154	2.983383e-05	0.01295409514	0.07783179	0.07786163	170979964	170990078	225359982	225360000	0.17021633	1	367161.5	19.141106	0.9590731	NA	NA	0.0	1.00112399	1.001124	1	1	1:1	2	neutral	4124432
2	225360001	225380000	NA	20000	267	1.838760323	267	0	50.0	mappable	NA	NA	NA	NA	inf	0.04912070938	0.13998042	inf	225360001	225360019	225379933	225380000	NA	missing	378443.9	NA	0.9105	NA	NA	NA	NA	NA	NA	NA	NA	NA	NA	4124432
2	225380001	231354983	NA	5974983	84578	2.002247976	84222	3779	12854.0	mappable	0.0795625	1.0	NA	0.00018140942	0.00024183797	0.01497929062	0.08884741	0.08908925	225380001	225380068	231349896	231360070	0.1954352	1	367161.5	19.141106	0.9590731	NA	NA	0.0	1.00112399	1.001124	1	1	1:1	2	neutral	4124432
2	231354983	231409952	NA	54970	603	2.297117528	599	4	107.0	mappable	0.21806667	2.0	identical	0.41016196497	0.125	0.10007929062	0.12701351	0.25201351	231349896	231360070	231409881	231410023	NA	missing	436772.6	24.650533	1.0466805	NA	NA	NA	NA	NA	NA	NA	NA	NA	NA	4124432
2	231409952	239850016	NA	8440065	129944	2.002247976	129318	6516	19276.0	mappable	0.08234091	1.0	NA	0.00018140942	0.0001400168	0.00857929062	0.08692318	0.0870632	231409881	231410023	239849987	239850045	0.18834449	1	367161.5	19.141106	0.9590731	NA	NA	0.0	1.00112399	1.001124	1	1	1:1	2	neutral	4124432
2	239850016	239870037	NA	20022	373	2.361133484	373	0	43.0	mappable	NA	NA	NA	NA	inf	0.10607929062	0.13996488	inf	239849987	239850045	239869933	239870141	NA	missing	379702.1	NA	1.0657	NA	NA	NA	NA	NA	NA	NA	NA	NA	NA	4124432
2	239870037	242999969	NA	3129933	52402	2.002247976	51992	2825	8153.0	mappable	0.078725	1.0	edge	0.00324359058	0.00030911901	0.00407929062	0.09268828	0.0929974	239869933	239870141	242999969	242999969	0.15682887	1	367161.5	19.141106	0.9590731	NA	NA	0.0	1.00112399	1.001124	1	1	1:1	2	neutral	4124432
3	100074	14180077	NA	14080008	233971	2.002247976	232926	11386	34881.0	mappable	0.078725	1.0	edge	0.00163072447	8.045052e-05	0.00626571239	0.08422065	0.0843011	100074	100074	14179877	14180277	0.17654007	1	367161.5	19.141106	0.9590731	NA	NA	0.0	1.00112399	1.001124	1	1	1:1	2	neutral	4124432
3	14180077	14189993	NA	9917	169	1.636138774	169	0	31.0	mappable	NA	NA	NA	NA	inf	0.10932070938	0.15065133	inf	14179877	14180277	14189967	14189993	NA	missing	338013.0	NA	0.8503	NA	NA	NA	NA	NA	NA	NA	NA	NA	NA	4124432
3	14189994	38270058	NA	24080066	353604	2.002247976	352328	16986	53767.0	mappable	0.08123152	1.0	NA	0.00012834953	5.475851e-05	0.00099674783	0.08156162	0.08161638	14189994	14190020	38269910	38270206	0.13962102	1	367161.5	19.141106	0.9590731	NA	NA	0.0	1.00112399	1.001124	1	1	1:1	2	neutral	4124432
3	38270058	38320008	NA	49951	689	1.750912774	689	0	111.0	mappable	NA	NA	NA	NA	inf	0.07522070938	0.12813756	inf	38269910	38270206	38319932	38320008	NA	missing	349430.7	NA	0.8844	NA	NA	NA	NA	NA	NA	NA	NA	NA	NA	4124432
3	38320009	75775285	NA	37455285	507647	2.002247976	505893	20333	76358.0	mappable	0.08215	1.0	NA	0.00078129913	4.52755e-05	0.00366805468	0.07949547	0.07954075	38320009	38320085	75769874	75780696	0.16424053	1	367161.5	19.141106	0.9590731	NA	NA	0.0	1.00112399	1.001124	1	1	1:1	2	neutral	4124432
3	75775285	75859949	NA	84665	643	1.686962452	643	0	56.0	mappable	NA	NA	NA	NA	inf	0.09422070938	0.12217861	inf	75769874	75780696	75789817	75930081	NA	missing	140464.3	NA	0.8654	NA	NA	NA	NA	NA	NA	NA	NA	NA	NA	4124432
3	75859949	90499969	NA	14640021	206859	2.002247976	206129	11084	32959.0	mappable	0.07881912	1.0	NA	0.00093379772	8.46525e-05	0.00077382506	0.08402156	0.08410621	75789817	75930081	90499969	90499969	0.15176617	1	367161.5	19.141106	0.9590731	NA	NA	0.0	1.00112399	1.001124	1	1	1:1	2	neutral	4124432
3	93570175	187463000	NA	93892832	1266819	2.002247976	1262645	56575	194160.0	mappable	0.08215	1.0	NA	0.00037932083	1.646145e-05	0.00017139628	0.07551583	0.0755323	93570175	93570175	187462997	187463000	0.16354226	1	367161.5	19.141106	0.9590731	NA	NA	0.0	1.00112399	1.001124	1	1	1:1	2	neutral	4124432
3	187463001	187463002	CTX	2	0	0.0	0	0	NA	mappable	NA	NA	NA	NA	inf	0.95962070938	2.0	inf	187463001	187463001	187463002	187463002	NA	missing	NA	NA	0.0	NA	NA	0.0	0.0	0.0	0	0	NA	0	homozygousDel	4124432
3	187463003	197779892	CTX	10316891	153304	2.002247976	152496	8653	23242.0	mappable	0.08215	1.0	edge	0.00127137714	0.00010569707	0.00472831152	0.08584242	0.08594812	187463003	187463011	197779892	197779892	0.16423893	1	367161.5	19.141106	0.9590731	NA	NA	0.0	1.00112399	1.001124	1	1	1:1	2	neutral	4124432
4	50084	8939952	NA	8889869	145839	2.002247976	144683	7474	21571.0	mappable	0.08215	1.0	edge	0.00047108268	0.00011588828	0.01477335579	0.08664111	0.086757	50084	50084	8939952	8939952	0.18438486	1	367161.5	19.141106	0.9590731	NA	NA	0.0	1.00112399	1.001124	1	1	1:1	2	neutral	4124432
4	9800043	37825020	NA	28024981	441327	2.002247976	439884	19872	67776.0	mappable	0.08215	1.0	NA	0.0004991335	4.691972e-05	0.00313893441	0.08084006	0.08088698	9800043	9800043	37819924	37825020	0.14886857	1	367161.5	19.141106	0.9590731	NA	NA	0.0	1.00112399	1.001124	1	1	1:1	2	neutral	4124432
4	37825021	37840003	NA	14983	140	2.361470065	140	0	21.0	mappable	NA	NA	NA	NA	inf	0.10617929062	0.14418531	inf	37825021	37830117	37839985	37840021	NA	missing	367032.0	NA	1.0658	NA	NA	NA	NA	NA	NA	NA	NA	NA	NA	4124432
4	37840003	49089961	NA	11249959	157775	2.002247976	157159	7969	24385.0	mappable	0.081175	1.0	NA	0.00018140942	0.00011648224	0.00257929062	0.08538464	0.08550112	37839985	37840021	49089961	49089961	0.16774268	1	367161.5	19.141106	0.9590731	NA	NA	0.0	1.00112399	1.001124	1	1	1:1	2	neutral	4124432
4	52680564	86160024	NA	33479465	468114	2.002247976	466640	20533	72106.0	mappable	0.078725	1.0	NA	0.00165915032	4.544009e-05	0.00139454866	0.08001033	0.08005577	52680564	52680564	86159948	86160100	0.16313486	1	367161.5	19.141106	0.9590731	NA	NA	0.0	1.00112399	1.001124	1	1	1:1	2	neutral	4124432
4	86160024	86189955	NA	29932	472	2.297183161	472	0	70.0	mappable	NA	NA	NA	NA	inf	0.08707929062	0.13450441	inf	86159948	86160100	86189773	86189955	NA	missing	387215.3	NA	1.0467	NA	NA	NA	NA	NA	NA	NA	NA	NA	NA	4124432
4	86189956	91169982	NA	4980027	65534	2.002247976	65307	3073	10147.0	mappable	0.07611944	1.0	NA	0.00344359058	0.0003030303	0.00507929062	0.08989684	0.09019987	86189956	86190138	91169943	91170021	0.1364264	1	367161.5	19.141106	0.9590731	NA	NA	0.0	1.00112399	1.001124	1	1	1:1	2	neutral	4124432
4	91169982	91190000	NA	20019	320	2.281363871	320	0	45.0	mappable	NA	NA	NA	NA	inf	0.08237929062	0.139967	inf	91169943	91170021	91189977	91190023	NA	missing	394530.9	NA	1.042	NA	NA	NA	NA	NA	NA	NA	NA	NA	NA	4124432
4	91190000	190550487	NA	99360495	1379714	2.002247976	1374821	67548	213246.0	mappable	0.08215	1.0	NA	0.00012698892	1.380453e-05	0.00030835247	0.07528372	0.07529752	91189977	91190023	190550482	190550487	0.15121914	1	367161.5	19.141106	0.9590731	NA	NA	0.0	1.00112399	1.001124	1	1	1:1	2	neutral	4124432
4	190550488	190865012	CTX	314525	7041	2.002247976	6608	138	1322.0	mappable	0.112825	1.0	self	0.05840640942	0.00175131349	0.00872070938	0.10951214	0.11126346	190550488	190550561	190799944	190930080	0.19448499	1	367161.5	19.141106	0.9590731	NA	NA	0.0	1.00112399	1.001124	1	1	1:1	2	neutral	4124432
4	190865012	190939997	NA	74986	334	2.230203613	329	0	30.0	mappable	NA	NA	edge	0.17019807609	0.2	0.06717929062	0.12349999	0.32349999	190799944	190930080	190939997	190939997	NA	missing	162872.0	NA	1.0268	NA	NA	NA	NA	NA	NA	NA	NA	NA	NA	4124432
5	50017	11900023	NA	11850013	196437	2.002247976	195448	10257	29906.0	mappable	0.078725	1.0	edge	0.00062835719	8.892051e-05	0.01325073478	0.08511223	0.08520115	50017	50017	11899906	11900140	0.16349512	1	367161.5	19.141106	0.9590731	NA	NA	0.0	1.00112399	1.001124	1	1	1:1	2	neutral	4124432
5	11900023	11929999	NA	29977	469	2.234579161	469	0	80.0	mappable	NA	NA	NA	NA	inf	0.06847929062	0.13448481	inf	11899906	11900140	11929949	11929999	NA	missing	377130.6	NA	1.0281	NA	NA	NA	NA	NA	NA	NA	NA	NA	NA	4124432
5	11930000	46399990	NA	34469993	492614	2.002247976	491028	20251	76916.0	mappable	0.08218333	1.0	NA	0.00047003054	4.579384e-05	0.00057657624	0.07987591	0.07992171	11930000	11930050	46399990	46399990	0.15614696	1	367161.5	19.141106	0.9590731	NA	NA	0.0	1.00112399	1.001124	1	1	1:1	2	neutral	4124432
5	49470005	54789997	NA	5319994	72610	2.002247976	72362	2835	11388.0	mappable	0.07805741	1.0	NA	0.00282029325	0.00032446463	0.00292726335	0.08951352	0.08983799	49470005	49470005	54789881	54789997	0.1624814	1	367161.5	19.141106	0.9590731	NA	NA	0.0	1.00112399	1.001124	1	1	1:1	2	neutral	4124432
5	54789998	54799849	NA	9852	113	2.610876323	113	0	16.0	mappable	NA	NA	NA	NA	inf	0.18027929062	0.15075906	inf	54789998	54790114	54799642	54800056	NA	missing	365808.3	NA	1.1399	NA	NA	NA	NA	NA	NA	NA	NA	NA	NA	4124432
5	54799849	68829703	NA	14029856	183892	2.002247976	183262	9258	27878.0	mappable	0.07898889	1.0	NA	0.00112740374	0.00010113269	0.00137227117	0.08423891	0.08434005	54799642	54800056	68829703	68829703	0.13848397	1	367161.5	19.141106	0.9590731	NA	NA	0.0	1.00112399	1.001124	1	1	1:1	2	neutral	4124432
5	70750153	70970008	NA	219856	2162	2.018596708	2159	3	348.0	mappable	0.13884518	NA	NA	0.16216030805	0.16666666667	0.0043097254	0.11270019	0.27936685	70750153	70750153	70969986	70970030	NA	missing	368200.3	21.316862	0.9639304	NA	NA	NA	NA	NA	NA	NA	NA	NA	NA	4124432
5	70970008	112239962	NA	41269962	564304	2.002247976	562631	25653	87007.0	mappable	0.08215	1.0	NA	0.00098189791	3.659518e-05	3.14508e-05	0.07905579	0.07909239	70969986	70970030	112239893	112239962	0.14818783	1	367161.5	19.141106	0.9590731	NA	NA	0.0	1.00112399	1.001124	1	1	1:1	2	neutral	4124432
5	112239963	112249958	NA	9996	167	1.688645355	167	0	34.0	mappable	NA	NA	NA	NA	inf	0.09372070938	0.15052154	inf	112239963	112240032	112249908	112250008	NA	missing	350076.0	NA	0.8659	NA	NA	NA	NA	NA	NA	NA	NA	NA	NA	4124432
5	112249958	176939991	NA	64690037	918045	2.002247976	915240	38509	139388.0	mappable	0.07973333	1.0	NA	0.00023840318	2.420487e-05	0.00283705945	0.07708008	0.07710429	112249908	112250008	176939967	176940015	0.16410976	1	367161.5	19.141106	0.9590731	NA	NA	0.0	1.00112399	1.001124	1	1	1:1	2	neutral	4124432
5	176939991	176949963	NA	9973	140	1.587671161	140	0	26.0	mappable	NA	NA	NA	NA	inf	0.12372070938	0.15055919	inf	176939967	176940015	176949925	176949963	NA	missing	338385.7	NA	0.8359	NA	NA	NA	NA	NA	NA	NA	NA	NA	NA	4124432
5	176949964	180689979	NA	3740016	45503	2.002247976	45229	2385	6827.0	mappable	0.0782	1.0	edge	0.00324359058	0.00037608123	0.00562070938	0.09159768	0.09197377	176949964	176950002	180689979	180689979	0.14492867	1	367161.5	19.141106	0.9590731	NA	NA	0.0	1.00112399	1.001124	1	1	1:1	2	neutral	4124432
6	202331	25130051	NA	24927725	377026	2.002247976	375220	19255	56481.0	mappable	0.08215	1.0	edge	0.00266074384	4.748113e-05	0.00325336416	0.08139595	0.08144343	202331	202331	25129963	25130139	0.18479303	1	367161.5	19.141106	0.9590731	NA	NA	0.0	1.00112399	1.001124	1	1	1:1	2	neutral	4124432
6	25130051	25139986	NA	9936	144	2.431142258	144	0	24.0	mappable	NA	NA	NA	NA	inf	0.12687929062	0.15062	inf	25129963	25130139	25139949	25139986	NA	missing	384930.0	NA	1.0865	NA	NA	NA	NA	NA	NA	NA	NA	NA	NA	4124432
6	25139987	28745053	NA	3605067	45021	2.002247976	44845	1920	7056.0	mappable	0.08451548	1.0	NA	0.00018140942	0.00047709924	0.00117929062	0.09182064	0.09229774	25139987	25140024	28739973	28750133	0.17113617	1	367161.5	19.141106	0.9590731	NA	NA	0.0	1.00112399	1.001124	1	1	1:1	2	neutral	4124432
6	28745053	28765001	NA	19949	184	2.459078452	184	0	25.0	mappable	NA	NA	NA	NA	inf	0.13517929062	0.14001652	inf	28739973	28750133	28759968	28770034	NA	missing	368808.3	NA	1.0948	NA	NA	NA	NA	NA	NA	NA	NA	NA	NA	4124432
6	28765001	32399956	NA	3634956	58224	2.002247976	57375	4818	8319.0	mappable	0.08066481	1.0	NA	0.00360640942	0.00017646021	0.00697929062	0.09177045	0.09194691	28759968	28770034	32399842	32400070	0.22757943	1	367161.5	19.141106	0.9590731	NA	NA	0.0	1.00112399	1.001124	1	1	1:1	2	neutral	4124432
6	32399956	32420019	NA	20064	632	1.796000108	631	0	105.0	mappable	NA	4.0	NA	0.20835399006	1.0	0.08252070938	0.13993528	1.13993528	32399842	32400070	32419994	32420019	NA	missing	1417181.6	NA	0.8977957	NA	NA	NA	NA	NA	NA	NA	NA	NA	NA	4124432
6	32420020	32465383	NA	45364	395	2.239309466	395	3	49.0	mappable	0.04334853	5.0	NA	0.03862006117	0.33333333333	0.12787929062	0.12928866	0.462622	32420020	32420045	32429961	32465383	NA	missing	568939.3	30.547497	1.0295054	NA	NA	NA	NA	NA	NA	NA	NA	NA	NA	4124432
6	32465384	32565004	NA	99621	4020	2.007050645	3907	12	598.0	mappable	0.21858147	NA	NA	0.12169881138	0.008	0.00087929062	0.12045173	0.12845173	32465384	32500806	32559997	32565004	NA	missing	407931.7	25.03945	0.9605	NA	NA	NA	NA	NA	NA	NA	NA	NA	NA	4124432
6	32565005	32579979	NA	14975	714	2.462780839	714	0	100.0	mappable	NA	NA	NA	NA	inf	0.13627929062	0.14419332	inf	32565005	32570012	32579951	32580007	NA	missing	397751.4	NA	1.0959	NA	NA	NA	NA	NA	NA	NA	NA	NA	NA	4124432
6	32579979	32600001	NA	20023	1587	2.002247976	1582	0	179.0	mappable	NA	1.0	NA	0.04534935981	0.2	0.03202070938	0.13996418	0.33996418	32579951	32580007	32599999	32600003	NA	missing	367161.5	NA	0.9590731	NA	NA	NA	NA	NA	NA	NA	NA	NA	NA	4124432
6	32600001	32629993	NA	29993	2404	2.424074065	2404	0	325.0	mappable	NA	NA	NA	NA	inf	0.12477929062	0.13447785	inf	32599999	32600003	32629986	32630000	NA	missing	403011.9	NA	1.0844	NA	NA	NA	NA	NA	NA	NA	NA	NA	NA	4124432
6	32629993	58019982	NA	25389991	368489	2.002247976	365908	15234	55817.0	mappable	0.08215	1.0	NA	0.00170078578	5.613562e-05	0.00022574737	0.08130823	0.08136436	32629986	32630000	58019982	58019982	0.1711088	1	367161.5	19.141106	0.9590731	NA	NA	0.0	1.00112399	1.001124	1	1	1:1	2	neutral	4124432
6	58610011	58769997	NA	159987	572	2.239309466	572	1	118.0	mappable	0.13043478	5.0	NA	0.04846619203	1.0	0.05907929062	0.11568989	1.11568989	58610011	58610011	58769997	58769997	NA	missing	568939.3	30.547497	1.0295054	NA	NA	NA	NA	NA	NA	NA	NA	NA	NA	4124432
6	61890002	73800000	NA	11909999	174658	2.002247976	174057	8119	27290.0	mappable	0.08215	1.0	self	0.00018140942	0.0001146789	0.00187929062	0.08508585	0.08520053	61890002	61890002	73799976	73800024	0.15758975	1	367161.5	19.141106	0.9590731	NA	NA	0.0	1.00112399	1.001124	1	1	1:1	2	neutral	4124432
6	73800000	73810003	NA	10004	196	1.476599548	196	1	36.0	mappable	0.26666667	NA	NA	0.18469807609	1.0	0.15672070938	0.15050846	1.15050846	73799976	73800024	73809991	73810003	NA	missing	326460.0	20.6758	0.8029	NA	NA	NA	NA	NA	NA	NA	NA	NA	NA	4124432
6	73810004	73820017	NA	10014	167	2.558033161	167	1	21.0	mappable	0.17073171	NA	NA	0.08876311674	1.0	0.16457929062	0.15049214	1.15049214	73810004	73810016	73819929	73820017	NA	missing	403022.9	23.591584	1.1242	NA	NA	NA	NA	NA	NA	NA	NA	NA	NA	4124432
6	73820018	114139957	NA	40319948	546913	2.002247976	544956	26098	83964.0	mappable	0.08215	1.0	self	0.00053442746	3.564427e-05	0.00036830708	0.07916092	0.07919657	73820018	73820106	114139900	114139957	0.15394198	1	367161.5	19.141106	0.9590731	NA	NA	0.0	1.00112399	1.001124	1	1	1:1	2	neutral	4124432
6	114139958	114169999	NA	30042	398	2.239309466	397	11	57.0	mappable	0.08230704	5.0	NA	0.00098002876	0.08333333333	0.05417929062	0.13445655	0.21778989	114139958	114140015	114169973	114169999	NA	missing	568939.3	30.547497	1.0295054	NA	NA	NA	NA	NA	NA	NA	NA	NA	NA	4124432
6	114170000	114189999	NA	20000	231	1.791639032	231	6	41.0	mappable	0.33644587	NA	NA	0.25447728424	0.16666666667	0.06312070938	0.13998042	0.30664709	114170000	114170026	114189940	114190058	NA	missing	357766.1	18.438459	0.8965	NA	NA	NA	NA	NA	NA	NA	NA	NA	NA	4124432
6	114189999	170899935	NA	56709944	816399	2.002247976	812899	39286	125870.0	mappable	0.08215	1.0	edge	0.00060476217	2.337268e-05	0.00083679563	0.0776485	0.07767187	114189940	114190058	170899935	170899935	0.15831405	1	367161.5	19.141106	0.9590731	NA	NA	0.0	1.00112399	1.001124	1	1	1:1	2	neutral	4124432
7	40386	19889962	NA	19849577	336036	2.002247976	334599	17550	51753.0	mappable	0.08215	1.0	edge	0.00086845909	5.267039e-05	0.00073296194	0.08249939	0.08255206	40386	40386	19889888	19890036	0.16294559	1	367161.5	19.141106	0.9590731	NA	NA	0.0	1.00112399	1.001124	1	1	1:1	2	neutral	4124432
7	19889962	19909983	NA	20022	402	2.264198258	402	0	50.0	mappable	NA	NA	NA	NA	inf	0.07727929062	0.13996488	inf	19889888	19890036	19909914	19909983	NA	missing	384501.0	NA	1.0369	NA	NA	NA	NA	NA	NA	NA	NA	NA	NA	4124432
7	19909984	57999988	NA	38090007	518823	2.002247976	517164	26327	77971.0	mappable	0.08215	1.0	NA	0.00110219656	3.573343e-05	0.00209177909	0.07941894	0.07945468	19909984	19910053	57999988	57999988	0.15154648	1	367161.5	19.141106	0.9590731	NA	NA	0.0	1.00112399	1.001124	1	1	1:1	2	neutral	4124432
7	61749999	72229988	NA	10479993	112445	2.002247976	111674	5303	18086.0	mappable	0.085575	1.0	self	0.00222467717	0.00016463615	0.01483809655	0.08575912	0.08592376	61749999	61750000	72229988	72229988	0.19092797	1	367161.5	19.141106	0.9590731	NA	NA	0.0	1.00112399	1.001124	1	1	1:1	2	neutral	4124432
7	72750118	74139961	NA	1389844	10261	2.002247976	10185	284	1676.0	mappable	0.08766389	1.0	self	0.00108525725	0.00277777778	0.01462070938	0.09800803	0.10078581	72750118	72750118	74139961	74139961	0.22263843	1	367161.5	19.141106	0.9590731	NA	NA	0.0	1.00112399	1.001124	1	1	1:1	2	neutral	4124432
7	75160045	76059952	NA	899908	8427	2.002247976	8390	398	1324.0	mappable	0.07581071	1.0	self	0.00632293841	0.00229885057	0.01027929062	0.10111521	0.10341406	75160045	75160045	76059952	76059952	0.19833822	1	367161.5	19.141106	0.9590731	NA	NA	0.0	1.00112399	1.001124	1	1	1:1	2	neutral	4124432
7	76810004	135990053	NA	59180053	772858	2.002247976	770003	32151	119622.0	mappable	0.08215	1.0	NA	0.00010516514	2.856735e-05	0.00068556254	0.07746351	0.07749208	76810004	76810004	135989946	135990160	0.16239543	1	367161.5	19.141106	0.9590731	NA	NA	0.0	1.00112399	1.001124	1	1	1:1	2	neutral	4124432
7	135990053	136009979	NA	19927	359	2.312665871	359	0	54.0	mappable	NA	NA	NA	NA	inf	0.09167929062	0.14003213	inf	135989946	135990160	136009951	136010007	NA	missing	388290.2	NA	1.0513	NA	NA	NA	NA	NA	NA	NA	NA	NA	NA	4124432
7	136009979	159119808	NA	23109834	316139	2.002247976	314350	14841	49211.0	mappable	0.08215	1.0	edge	0.00172359809	6.013229e-05	0.00963783223	0.08175945	0.08181958	136009951	136010007	159119808	159119808	0.16184029	1	367161.5	19.141106	0.9590731	NA	NA	0.0	1.00112399	1.001124	1	1	1:1	2	neutral	4124432
8	170012	1460022	NA	1290016	28280	2.002247976	28022	683	4849.0	mappable	0.07945	1.0	edge	0.01534946399	0.00106269926	0.01706029566	0.09852723	0.09958993	170012	170012	1459976	1460068	0.22931908	1	367161.5	19.141106	0.9590731	NA	NA	0.0	1.00112399	1.001124	1	1	1:1	2	neutral	4124432
8	1460022	1509996	NA	49975	1318	2.089176323	1315	0	201.0	mappable	NA	NA	NA	0.45067976742	0.33333333333	0.02527929062	0.12813187	0.46146521	1459976	1460068	1509982	1510010	NA	missing	362432.5	NA	0.9849	NA	NA	NA	NA	NA	NA	NA	NA	NA	NA	4124432
8	1509996	1580018	NA	70023	1227	1.796000108	1223	0	304.0	mappable	NA	4.0	NA	0.22464847291	0.25	0.06032070938	0.12425801	0.37425801	1509982	1510010	1579998	1580038	NA	missing	1417181.6	NA	0.8977957	NA	NA	NA	NA	NA	NA	NA	NA	NA	NA	4124432
8	1580018	1690009	NA	109992	1965	2.002247976	1959	1	346.0	mappable	0.42857143	1.0	NA	0.04383774642	0.14285714286	0.01827929062	0.1194241	0.26228124	1579998	1580038	1689984	1690009	NA	missing	367161.5	19.141106	0.9590731	NA	NA	NA	NA	NA	NA	NA	NA	NA	NA	4124432
8	1690010	1719989	NA	29980	660	1.807794903	660	0	104.0	mappable	NA	NA	NA	NA	inf	0.05832070938	0.1344835	inf	1690010	1690035	1719920	1719989	NA	missing	355808.4	NA	0.9013	NA	NA	NA	NA	NA	NA	NA	NA	NA	NA	4124432
8	1719990	1740002	NA	20013	392	2.211355097	392	0	71.0	mappable	NA	NA	NA	NA	inf	0.06157929062	0.13997124	inf	1719990	1720059	1739898	1740106	NA	missing	373706.4	NA	1.0212	NA	NA	NA	NA	NA	NA	NA	NA	NA	NA	4124432
8	1740002	2539983	NA	799982	19515	2.002247976	19184	848	3008.0	mappable	0.078725	1.0	NA	0.00018140942	0.00084817642	0.01182070938	0.10199082	0.102839	1739898	1740106	2539908	2539983	0.16272776	1	367161.5	19.141106	0.9590731	NA	NA	0.0	1.00112399	1.001124	1	1	1:1	2	neutral	4124432
8	2539984	2549994	NA	10011	242	1.768254419	242	21	40.0	mappable	0.06170833	6.0	NA	0.02026025725	0.04761904762	0.09012070938	0.15049703	0.19811608	2539984	2540059	2549986	2549994	NA	missing	359726.4	18.199999	0.8895523	NA	NA	NA	NA	NA	NA	NA	NA	NA	NA	4124432
8	2549995	2559989	NA	9995	253	2.202940581	253	0	35.0	mappable	NA	NA	NA	NA	inf	0.05907929062	0.15052317	inf	2549995	2550003	2559971	2559989	NA	missing	387925.0	NA	1.0187	NA	NA	NA	NA	NA	NA	NA	NA	NA	NA	4124432
8	2559990	2759969	NA	199980	5086	2.002247976	5048	239	861.0	mappable	0.09525948	1.0	NA	0.01906593323	0.0036101083	0.00032070938	0.11357508	0.11718519	2559990	2560008	2759935	2760003	0.13250715	1	367161.5	19.141106	0.9590731	NA	NA	0.0	1.00112399	1.001124	1	1	1:1	2	neutral	4124432
8	2759969	2780002	NA	20034	459	2.193852903	459	0	68.0	mappable	NA	NA	NA	NA	inf	0.05637929062	0.13995642	inf	2759935	2760003	2779967	2780002	NA	missing	382412.7	NA	1.016	NA	NA	NA	NA	NA	NA	NA	NA	NA	NA	4124432
8	2780003	6919904	NA	4139905	134005	2.002247976	133625	6594	20219.0	mappable	0.078725	1.0	NA	0.00302861169	0.00014338973	0.00629214776	0.09098698	0.09113037	2780003	2780038	6919904	6919904	0.18131157	1	367161.5	19.141106	0.9590731	NA	NA	0.0	1.00112399	1.001124	1	1	1:1	2	neutral	4124432
8	8100000	11859985	NA	3759988	79321	2.002247976	79126	3263	11847.0	mappable	0.078725	1.0	self	0.00201166787	0.0002891845	0.00114197642	0.09156546	0.09185465	8100000	8100000	11859985	11859985	0.15956508	1	367161.5	19.141106	0.9590731	NA	NA	0.0	1.00112399	1.001124	1	1	1:1	2	neutral	4124432
8	12580042	13020009	NA	439968	10544	2.002247976	10511	605	1596.0	mappable	0.08894286	1.0	NA	0.00697426656	0.00156739812	0.00152070938	0.10668351	0.10825091	12580042	12580042	13019998	13020020	0.22200237	1	367161.5	19.141106	0.9590731	NA	NA	0.0	1.00112399	1.001124	1	1	1:1	2	neutral	4124432
8	13020009	13044998	NA	24990	463	2.268573806	463	0	56.0	mappable	NA	NA	NA	NA	inf	0.07857929062	0.13690132	inf	13019998	13020020	13039955	13044998	NA	missing	371866.4	NA	1.0382	NA	NA	NA	NA	NA	NA	NA	NA	NA	NA	4124432
8	13044999	43789991	NA	30745002	509576	2.002247976	507819	23074	77271.0	mappable	0.08215	1.0	NA	0.00097782158	4.027224e-05	0.00169009608	0.08040573	0.080446	13044999	13050042	43789991	43789991	0.15728992	1	367161.5	19.141106	0.9590731	NA	NA	0.0	1.00112399	1.001124	1	1	1:1	2	neutral	4124432
8	46880007	63759998	NA	16879992	236380	2.002247976	235706	10445	36067.0	mappable	0.08215	1.0	NA	0.00018140942	8.993615e-05	0.00067929062	0.08330275	0.08339269	46880007	46880007	63759996	63760000	0.16012024	1	367161.5	19.141106	0.9590731	NA	NA	0.0	1.00112399	1.001124	1	1	1:1	2	neutral	4124432
8	63759998	63770010	NA	10013	192	2.326802258	192	0	27.0	mappable	NA	NA	NA	NA	inf	0.09587929062	0.15049377	inf	63759996	63760000	63769986	63770034	NA	missing	360943.3	NA	1.0555	NA	NA	NA	NA	NA	NA	NA	NA	NA	NA	4124432
8	63770010	146289988	NA	82519984	1152270	2.002247976	1148171	50916	176424.0	mappable	0.08215	1.0	edge	0.0009541433	1.817719e-05	0.00097221493	0.07605072	0.07606889	63769986	63770034	146289988	146289988	0.16761038	1	367161.5	19.141106	0.9590731	NA	NA	0.0	1.00112399	1.001124	1	1	1:1	2	neutral	4124432
9	200101	21300036	NA	21099939	390859	2.002247976	389747	18253	59510.0	mappable	0.08215	1.0	edge	0.0010503486	5.163956e-05	0.0003899932	0.08220056	0.0822522	200101	200101	21299968	21300036	0.1635115	1	367161.5	19.141106	0.9590731	NA	NA	0.0	1.00112399	1.001124	1	1	1:1	2	neutral	4124432
9	21300037	21310036	NA	10000	215	1.719274194	215	0	36.0	mappable	NA	NA	NA	NA	inf	0.08462070938	0.150515	inf	21300037	21300105	21309972	21310036	NA	missing	343321.7	NA	0.875	NA	NA	NA	NA	NA	NA	NA	NA	NA	NA	4124432
9	21310037	38769828	NA	17459798	254737	2.002247976	253910	11459	38875.0	mappable	0.08215	1.0	NA	0.00161844776	8.139346e-05	0.0024657386	0.08313404	0.08321544	21310037	21310101	38769828	38769828	0.15133962	1	367161.5	19.141106	0.9590731	NA	NA	0.0	1.00112399	1.001124	1	1	1:1	2	neutral	4124432
9	66840048	66849972	NA	9925	540	2.002247976	507	0	104.0	mappable	NA	1.0	self	0.0058623618	0.0303030303	0.01657929062	0.15063813	0.18094116	66840048	66840048	66849972	66849972	NA	missing	367161.5	NA	0.9590731	NA	NA	NA	NA	NA	NA	NA	NA	NA	NA	4124432
9	68410004	68419976	NA	9973	1130	1.927617613	1059	0	274.0	mappable	NA	NA	NA	0.1230308172	0.01408450704	0.02272070938	0.15055919	0.1646437	68410004	68410004	68419976	68419976	NA	missing	2366048.0	NA	0.9369	NA	NA	NA	NA	NA	NA	NA	NA	NA	NA	4124432
9	71030093	108544922	NA	37514831	506241	2.002247976	504571	21933	76964.0	mappable	0.08066481	1.0	NA	0.00179878734	4.23675e-05	0.00297509356	0.07948823	0.0795306	71030093	71030093	108539786	108550058	0.15988506	1	367161.5	19.141106	0.9590731	NA	NA	0.0	1.00112399	1.001124	1	1	1:1	2	neutral	4124432
9	108544922	108560003	NA	15082	239	2.351036065	239	0	36.0	mappable	NA	NA	NA	NA	inf	0.10307929062	0.14408661	inf	108539786	108550058	108559997	108560009	NA	missing	376450.0	NA	1.0627	NA	NA	NA	NA	NA	NA	NA	NA	NA	NA	4124432
9	108560003	141019791	NA	32459790	455098	2.002247976	452979	19772	68683.0	mappable	0.08215	1.0	edge	0.00171757419	4.568087e-05	0.00383800038	0.08015341	0.08019909	108559997	108560009	141019791	141019791	0.16002297	1	367161.5	19.141106	0.9590731	NA	NA	0.0	1.00112399	1.001124	1	1	1:1	2	neutral	4124432
10	130013	28945745	NA	28815735	455754	2.002247976	453409	22988	69667.0	mappable	0.08215	1.0	edge	8.514354e-05	3.947732e-05	0.00383716255	0.0807091	0.08074858	130013	130013	28929705	28945745	0.17597487	1	367161.5	19.141106	0.9590731	NA	NA	0.0	1.00112399	1.001124	1	1	1:1	2	neutral	4124432
10	28945746	29041777	DEL	96032	1467	0.899700323	1464	82	241.0	mappable	0.51681667	NA	identical	0.57933974275	0.01176470588	0.32812070938	0.12083696	0.13260166	28945746	28950018	29041712	29041777	0.96563278	2	240447.4	18.274004	0.6315	18.24593	1.1142398	1.0	0.0	0.8997003	1	0	1:0	1	LOH	4124432
10	29041778	31611204	DEL	2569427	36354	2.002247976	36193	2218	5299.0	mappable	0.08645921	1.0	self	0.00463140942	0.00042034468	0.00762070938	0.09392751	0.09434786	29041778	29041838	31611160	31611204	0.18348008	1	367161.5	19.141106	0.9590731	NA	NA	0.0	1.00112399	1.001124	1	1	1:1	2	neutral	4124432
10	31611205	31748136	CTX	136932	1513	1.102995032	1499	6	247.0	mappable	0.45328587	NA	NA	0.26509871711	0.05	0.26772070938	0.11721199	0.16721199	31611205	31611256	31748102	31748136	NA	missing	275405.8	18.543994	0.6919	NA	NA	NA	NA	NA	NA	NA	NA	NA	NA	4124432
10	31748137	31749946	CTX	1810	15	1.441258581	15	0	5.0	mappable	NA	NA	NA	NA	inf	0.16722070938	0.18481258	inf	31748137	31748311	31749872	31750020	NA	missing	312558.6	NA	0.7924	NA	NA	NA	NA	NA	NA	NA	NA	NA	NA	4124432
10	31749946	39149984	NA	7400039	90985	2.002247976	90705	2862	15657.0	mappable	0.085575	1.0	NA	0.00360640942	0.00031826862	0.00522070938	0.08764587	0.08796414	31749872	31750020	39149984	39149984	0.17218451	1	367161.5	19.141106	0.9590731	NA	NA	0.0	1.00112399	1.001124	1	1	1:1	2	neutral	4124432
10	42410000	42459996	NA	49997	1848	2.117112516	1848	0	369.0	mappable	NA	NA	NA	NA	inf	0.03357929062	0.12812666	inf	42410000	42410000	42459951	42460041	NA	missing	392798.8	NA	0.9932	NA	NA	NA	NA	NA	NA	NA	NA	NA	NA	4124432
10	42459996	43579914	NA	1119919	7404	1.923915226	7386	2	1407.0	mappable	0.2872807	NA	NA	0.08893623871	0.05263157895	0.02382070938	0.09952743	0.15215901	42459951	42460041	43579813	43580015	NA	missing	365025.7	20.612744	0.9358	NA	NA	NA	NA	NA	NA	NA	NA	NA	NA	4124432
10	43579914	43619956	NA	40043	690	2.206642968	689	0	101.0	mappable	NA	NA	NA	0.14252120534	1.0	0.06017929062	0.13081076	1.13081076	43579813	43580015	43619894	43620018	NA	missing	366876.9	NA	1.0198	NA	NA	NA	NA	NA	NA	NA	NA	NA	NA	4124432
10	43619956	46159967	NA	2540012	33684	2.002247976	33618	1404	5006.0	mappable	0.078725	1.0	self	0.00324359058	0.00068027211	0.00107929062	0.09400085	0.09468112	43619894	43620018	46159967	46159967	0.13150723	1	367161.5	19.141106	0.9590731	NA	NA	0.0	1.00112399	1.001124	1	1	1:1	2	neutral	4124432
10	48310177	48659961	NA	349785	5565	2.002247976	5548	229	827.0	mappable	0.07205	1.0	self	0.01165976705	0.00406504065	0.00922070938	0.10860057	0.11266561	48310177	48310177	48659961	48659961	0.21290285	1	367161.5	19.141106	0.9590731	NA	NA	0.0	1.00112399	1.001124	1	1	1:1	2	neutral	4124432
10	49390096	60399996	NA	11009901	151997	2.002247976	151454	8946	23365.0	mappable	0.08123152	1.0	self	0.00017298945	0.00010538518	0.00178975596	0.08549823	0.08560361	49390096	49390096	60399927	60400065	0.17250387	1	367161.5	19.141106	0.9590731	NA	NA	0.0	1.00112399	1.001124	1	1	1:1	2	neutral	4124432
10	60399996	60419942	NA	19947	282	2.531779871	280	3	33.0	mappable	0.10769551	NA	identical	0.05308595487	0.2	0.15677929062	0.14001794	0.34001794	60399927	60400065	60419868	60419942	NA	missing	390703.1	21.488669	1.1164	NA	NA	NA	NA	NA	NA	NA	NA	NA	NA	4124432
10	60419943	135439925	NA	75019991	1059090	2.002247976	1055107	45961	160436.0	mappable	0.08215	1.0	edge	0.00211584148	2.002363e-05	0.00437259241	0.07645034	0.07647037	60419943	60420017	135439925	135439925	0.15110594	1	367161.5	19.141106	0.9590731	NA	NA	0.0	1.00112399	1.001124	1	1	1:1	2	neutral	4124432
11	190010	202759	NA	12750	301	2.239309466	246	10	51.0	mappable	0.53164767	5.0	edge	0.04135830597	0.01538461538	0.12047929062	0.14664681	0.16203143	190010	190010	202755	202763	NA	missing	568939.3	30.547497	1.0295054	NA	NA	NA	NA	NA	NA	NA	NA	NA	NA	4124432
11	202759	25515004	NA	25312248	370698	2.002247976	368908	20046	55431.0	mappable	0.08215	1.0	self	0.00075662929	4.579593e-05	0.00521879326	0.08132286	0.08136865	202755	202763	25509990	25520018	0.17112506	1	367161.5	19.141106	0.9590731	NA	NA	0.0	1.00112399	1.001124	1	1	1:1	2	neutral	4124432
11	25515004	25530019	NA	15016	223	2.737430645	223	2	20.0	mappable	0.24296435	NA	identical	0.16099576214	0.5	0.21787929062	0.14415232	0.64415232	25509990	25520018	25529987	25530019	NA	missing	409093.3	25.424419	1.1775	NA	NA	NA	NA	NA	NA	NA	NA	NA	NA	4124432
11	25530020	48899996	NA	23369982	323991	2.002247976	322734	13681	50003.0	mappable	0.08686204	1.0	NA	0.00462781579	6.694785e-05	0.00249001254	0.08170551	0.08177246	25530020	25530052	48899996	48899996	0.167957	1	367161.5	19.141106	0.9590731	NA	NA	0.0	1.00112399	1.001124	1	1	1:1	2	neutral	4124432
11	48899997	50170092	NA	1270096	0	0.0	0	0	NA	mappable	NA	NA	NA	NA	inf	0.95962070938	0.09863632	inf	48899997	48899997	50170092	50170092	NA	missing	NA	NA	0.0	NA	NA	0.0	0.0	0.0	0	0	NA	0	homozygousDel	4124432
11	50170093	51354945	NA	1184853	17356	2.002247976	17194	1046	3139.0	mappable	0.07205	1.0	NA	0.00632699417	0.00082781457	0.01268126481	0.09912632	0.09995413	50170093	50170093	51349832	51354945	0.1310634	1	367161.5	19.141106	0.9590731	NA	NA	0.0	1.00112399	1.001124	1	1	1:1	2	neutral	4124432
11	51354946	51579984	NA	225039	1439	2.239309466	1421	14	306.0	mappable	0.06412954	5.0	NA	0.01728525725	0.03125	0.06647929062	0.11248711	0.14373711	51354946	51360059	51579984	51579984	NA	missing	568939.3	30.547497	1.0295054	NA	NA	NA	NA	NA	NA	NA	NA	NA	NA	4124432
11	54792817	89349940	NA	34557131	455633	2.002247976	453688	19534	68541.0	mappable	0.078725	1.0	self	0.00161826172	4.655927e-05	0.00118616765	0.07986429	0.07991085	54792817	54792817	89349940	89349940	0.1796834	1	367161.5	19.141106	0.9590731	NA	NA	0.0	1.00112399	1.001124	1	1	1:1	2	neutral	4124432
11	89850037	134939862	NA	45089834	664774	2.002247976	662118	32687	100279.0	mappable	0.078725	1.0	edge	0.00179520934	2.829495e-05	0.00263067923	0.07865872	0.07868701	89850037	89850037	134939862	134939862	0.16787968	1	367161.5	19.141106	0.9590731	NA	NA	0.0	1.00112399	1.001124	1	1	1:1	2	neutral	4124432
12	160107	34819969	NA	34659868	478594	2.002247976	476507	24045	73182.0	mappable	0.08215	1.0	edge	0.00133202875	3.826726e-05	0.00071698165	0.07985064	0.07988891	160107	160107	34819969	34819969	0.16579801	1	367161.5	19.141106	0.9590731	NA	NA	0.0	1.00112399	1.001124	1	1	1:1	2	neutral	4124432
12	38000003	98800014	NA	60800014	815327	2.002247976	812296	35520	127304.0	mappable	0.08215	1.0	NA	0.00090769578	2.594034e-05	0.0029900035	0.07734679	0.07737273	38000003	38000003	98799972	98800014	0.14853634	1	367161.5	19.141106	0.9590731	NA	NA	0.0	1.00112399	1.001124	1	1	1:1	2	neutral	4124432
12	98800015	98829980	NA	29966	399	1.819911806	399	0	55.0	mappable	NA	NA	NA	NA	inf	0.05472070938	0.1344896	inf	98800015	98800057	98829944	98830016	NA	missing	350584.6	NA	0.9049	NA	NA	NA	NA	NA	NA	NA	NA	NA	NA	4124432
12	98829980	99570118	NA	740139	9358	2.002247976	9331	161	1461.0	mappable	0.10109167	1.0	NA	0.00929487096	0.00531914894	0.00957929062	0.10257759	0.10789674	98829944	98830016	99569963	99570273	0.18501843	1	367161.5	19.141106	0.9590731	NA	NA	0.0	1.00112399	1.001124	1	1	1:1	2	neutral	4124432
12	99570118	99600008	NA	29891	292	2.346323935	292	0	36.0	mappable	NA	NA	NA	NA	inf	0.10167929062	0.1345223	inf	99569963	99570273	99599959	99600057	NA	missing	398569.0	NA	1.0613	NA	NA	NA	NA	NA	NA	NA	NA	NA	NA	4124432
12	99600008	133819926	NA	34219923	478307	2.002247976	475953	21619	72351.0	mappable	0.08215	1.0	edge	0.00020239601	4.171359e-05	0.00694111197	0.07990944	0.07995115	99599959	99600057	133819926	133819926	0.17773601	1	367161.5	19.141106	0.9590731	NA	NA	0.0	1.00112399	1.001124	1	1	1:1	2	neutral	4124432
13	19450038	30849983	NA	11399948	156881	2.002247976	156225	8387	23473.0	mappable	0.08274167	1.0	edge	0.00131965645	0.00011058277	0.00689686009	0.08531505	0.08542563	19450038	19450038	30849943	30849983	0.16175102	1	367161.5	19.141106	0.9590731	NA	NA	0.0	1.00112399	1.001124	1	1	1:1	2	neutral	4124432
13	30849984	30859986	NA	10003	152	1.587671161	152	0	28.0	mappable	NA	NA	NA	NA	inf	0.12372070938	0.1505101	inf	30849984	30850024	30859885	30859986	NA	missing	349705.0	NA	0.8359	NA	NA	NA	NA	NA	NA	NA	NA	NA	NA	4124432
13	30859987	42520000	NA	11660016	166465	2.002247976	165911	7518	25087.0	mappable	0.08383182	1.0	NA	0.00402982132	0.00012388503	0.00096443525	0.08519678	0.08532066	30859987	30860088	42519949	42520051	0.14878134	1	367161.5	19.141106	0.9590731	NA	NA	0.0	1.00112399	1.001124	1	1	1:1	2	neutral	4124432
13	42520000	42530004	NA	10005	142	1.625368194	142	0	29.0	mappable	NA	NA	NA	NA	inf	0.11252070938	0.15050683	inf	42519949	42520051	42529923	42530004	NA	missing	350167.1	NA	0.8471	NA	NA	NA	NA	NA	NA	NA	NA	NA	NA	4124432
13	42530005	60169940	NA	17639937	229185	2.002247976	228491	9041	35616.0	mappable	0.08215	1.0	NA	0.00019309575	0.00010273269	0.00016075738	0.0830829	0.08318563	42530005	42530086	60169872	60169940	0.15791014	1	367161.5	19.141106	0.9590731	NA	NA	0.0	1.00112399	1.001124	1	1	1:1	2	neutral	4124432
13	60169941	60189977	NA	20037	367	2.337909419	367	0	51.0	mappable	NA	NA	NA	NA	inf	0.09917929062	0.1399543	inf	60169941	60170009	60189883	60190071	NA	missing	381547.8	NA	1.0588	NA	NA	NA	NA	NA	NA	NA	NA	NA	NA	4124432
13	60189977	76327192	NA	16137217	235958	2.002247976	235145	12538	36869.0	mappable	0.08659286	1.0	NA	0.00417942168	7.490637e-05	0.0035264274	0.08352862	0.08360353	60189883	60190071	76327175	76327192	0.15092239	1	367161.5	19.141106	0.9590731	NA	NA	0.0	1.00112399	1.001124	1	1	1:1	2	neutral	4124432
13	76327193	76327423	INV	231	1	2.148751097	1	0	0.0	mappable	NA	NA	NA	NA	inf	0.04297929062	0.25472032	inf	76327193	76327376	76327376	76327423	NA	missing	375008.0	NA	1.0026	NA	NA	NA	NA	NA	NA	NA	NA	NA	NA	4124432
13	76327424	76328274	INV	851	9	2.148751097	9	0	0.0	mappable	NA	NA	NA	NA	inf	0.04297929062	0.20548617	inf	76327424	76327509	76327897	76328274	NA	missing	375008.0	NA	1.0026	NA	NA	NA	NA	NA	NA	NA	NA	NA	NA	4124432
13	76328275	76359941	DUP	31667	458	3.277979161	458	0	68.0	mappable	NA	NA	NA	NA	inf	0.37847929062	0.13377307	inf	76328275	76328411	76359875	76360007	NA	missing	522892.3	NA	1.3381	NA	NA	NA	NA	NA	NA	NA	NA	NA	NA	4124432
13	76359941	79943426	NA	3583486	53195	3.84612729	53045	1573	8187.0	mappable	0.3703819	NA	NA	0.29132106459	0.00058038305	0.54727929062	0.09185717	0.09243756	76359875	76360007	79943400	79943426	0.9054096	2	584166.2	39.639852	1.5069	18.57681	0.7354843	0.47096853	1.01736119	2.8287661	3	1	3:1	4	gain	4124432
13	79943427	79988823	CTX	45397	661	4.883468839	661	2	118.0	mappable	0.53391053	NA	NA	0.45194194333	0.5	0.85547929062	0.1292799	0.6292799	79943427	79943437	79988808	79988823	NA	missing	691832.4	53.060447	1.8151	NA	NA	NA	NA	NA	NA	NA	NA	NA	NA	4124432
13	79988824	93775960	CTX	13787137	196993	3.837071925	196326	9281	31520.0	mappable	0.3697	NA	NA	0.2863339401	0.00010052272	0.54458886507	0.08432834	0.08442886	79988824	79988850	93775868	93775960	0.95648416	2	594786.5	40.478526	1.5042096	18.94837	0.7382366	0.47647312	1.00440514	2.8326668	3	1	3:1	4	gain	4124432
13	93775961	94585303	ITX	809344	12346	3.000250988	12307	304	1924.0	mappable	0.20348333	3.0	NA	0.12696474275	0.0029154519	0.26027929062	0.10190359	0.10481904	93775961	93776033	94585227	94585303	0.71970885	2	478772.3	29.629448	1.2555854	18.27267	0.6674267	0.33485339	0.99780339	2.0024476	2	1	2:1	3	gain	4124432
13	94585304	95931694	DUP	1346391	20062	3.806747355	19997	717	3187.0	mappable	0.37559825	NA	NA	0.29130640942	0.00127877238	0.53557929062	0.09822861	0.09950739	94585304	94585363	95931602	95931694	0.95410111	2	572763.3	39.052041	1.4952	18.35672	0.7403653	0.4807305	0.98836389	2.8183835	3	1	3:1	4	gain	4124432
13	95931695	95931891	CTX	197	2	4.12750871	2	0	1.0	mappable	NA	NA	NA	NA	inf	0.63087929062	0.26239654	inf	95931695	95931708	95931758	95931891	NA	missing	535565.0	NA	1.5905	NA	NA	NA	NA	NA	NA	NA	NA	NA	NA	4124432
13	95931892	97075790	DUP	1143899	15539	3.81482529	15503	419	2470.0	mappable	0.3568625	NA	NA	0.27418140942	0.0021978022	0.53797929062	0.09937627	0.10157408	95931892	95931903	97075766	97075790	0.96773681	2	567244.7	38.457269	1.4976	18.15072	0.7351514	0.47030284	1.01035106	2.8044742	3	1	3:1	4	gain	4124432
13	97075791	97075964	DUP	174	1	3.72091929	1	0	0.0	mappable	NA	NA	NA	NA	inf	0.51007929062	0.26871089	inf	97075791	97075902	97075902	97075964	NA	missing	584205.0	NA	1.4697	NA	NA	NA	NA	NA	NA	NA	NA	NA	NA	4124432
13	97075965	97166443	INV	90479	1293	3.799679161	1289	77	167.0	mappable	0.32916396	NA	NA	0.24260894565	0.01234567901	0.53347929062	0.12146761	0.13381328	97075965	97076077	97166390	97166443	0.97410416	2	573939.7	38.262647	1.4931	18.42029	0.7204346	0.44086929	1.06225865	2.7374205	3	1	3:1	4	gain	4124432
13	97166444	97166448	DUP	5	0	0.0	0	0	NA	mappable	NA	NA	NA	NA	inf	0.95962070938	0.86135312	inf	97166444	97166444	97166448	97166448	NA	missing	NA	NA	0.0	NA	NA	0.0	0.0	0.0	0	0	NA	0	homozygousDel	4124432
13	97166449	103531927	DUP	6365479	90916	3.000250988	90556	4176	13802.0	mappable	0.19386512	3.0	NA	0.10978140942	0.00022045855	0.27097929062	0.08848838	0.08870884	97166449	97166453	103531667	103531927	0.72677527	2	478772.3	29.629448	1.2555854	18.27267	0.6674267	0.33485339	0.99780339	2.0024476	2	1	2:1	3	gain	4124432
13	103531928	103789888	INV	257961	4193	2.002247976	4183	205	681.0	mappable	0.07833258	1.0	self	0.00584889361	0.00465116279	0.00687929062	0.11125455	0.11590571	103531928	103531970	103789746	103789888	0.20302994	1	367161.5	19.141106	0.9590731	NA	NA	0.0	1.00112399	1.001124	1	1	1:1	2	neutral	4124432
13	103789889	103793146	NA	3258	53	2.872736065	51	0	8.0	mappable	NA	NA	NA	0.02230948429	0.5	0.25807929062	0.17138297	0.67138297	103789889	103790031	103793110	103793146	NA	missing	445800.0	NA	1.2177	NA	NA	NA	NA	NA	NA	NA	NA	NA	NA	4124432
13	103793147	105179915	DUP	1386769	23797	3.000250988	23708	1290	3705.0	mappable	0.18591628	3.0	NA	0.10543140942	0.00072516316	0.26237929062	0.09802338	0.09874854	103793147	103793217	105179790	105179915	0.74879361	2	478772.3	29.629448	1.2555854	18.27267	0.6674267	0.33485339	0.99780339	2.0024476	2	1	2:1	3	gain	4124432
13	105179916	105713534	DUP	533620	8653	2.898121987	8621	448	1407.0	mappable	0.1351	NA	NA	0.05386725634	0.00208333333	0.26562159965	0.10512233	0.10720566	105179916	105180174	105713488	105713534	0.72204927	2	482193.6	29.144208	1.2252423	18.859	0.6485703	0.29714063	1.0184861	1.8796359	2	1	2:1	3	gain	4124432
13	105713535	105713809	INV	275	7	2.468166129	7	0	0.0	mappable	NA	NA	NA	NA	inf	0.13787929062	0.2468134	inf	105713535	105713550	105713807	105713809	NA	missing	429195.0	NA	1.0975	NA	NA	NA	NA	NA	NA	NA	NA	NA	NA	4124432
13	105713810	105715022	INV	1213	31	2.468166129	30	0	3.0	mappable	NA	NA	NA	0.07803140942	1.0	0.13787929062	0.1952293	1.1952293	105713810	105713861	105715017	105715022	NA	missing	429195.0	NA	1.0975	NA	NA	NA	NA	NA	NA	NA	NA	NA	NA	4124432
13	105715023	105720039	DUP	5017	102	2.468166129	99	0	22.0	mappable	NA	NA	NA	0.04710341403	0.33333333333	0.13787929062	0.16269939	0.49603272	105715023	105715059	105719986	105720039	NA	missing	429195.0	NA	1.0975	NA	NA	NA	NA	NA	NA	NA	NA	NA	NA	4124432
13	105720040	107578135	NA	1858098	31313	2.002247976	31223	1687	4699.0	mappable	0.08397059	1.0	NA	0.00247364421	0.0005627462	0.00315498268	0.09603659	0.09659934	105720040	105720093	107578126	107578135	0.17434311	1	367161.5	19.141106	0.9590731	NA	NA	0.0	1.00112399	1.001124	1	1	1:1	2	neutral	4124432
13	107578136	107578530	DEL	395	0	0.0	0	0	NA	mappable	NA	NA	NA	NA	inf	0.95962070938	0.231865	inf	107578136	107578136	107578530	107578530	NA	missing	NA	NA	0.0	NA	NA	0.0	0.0	0.0	0	0	NA	0	homozygousDel	4124432
13	107578531	115099984	ITX	7521454	119482	3.000250988	118639	6046	19054.0	mappable	0.215725	3.0	edge	0.13375640942	0.00014515895	0.25887929062	0.08755578	0.08770094	107578531	107578547	115099984	115099984	0.7479438	2	478772.3	29.629448	1.2555854	18.27267	0.6674267	0.33485339	0.99780339	2.0024476	2	1	2:1	3	gain	4124432
14	20330060	78260034	NA	57929981	791500	2.002247976	788672	34814	120796.0	mappable	0.08215	1.0	edge	0.00115000923	2.656748e-05	0.00118268923	0.07755603	0.0775826	20330060	20330060	78259982	78260034	0.17556813	1	367161.5	19.141106	0.9590731	NA	NA	0.0	1.00112399	1.001124	1	1	1:1	2	neutral	4124432
14	78260035	78274935	NA	14901	142	2.596739935	142	0	22.0	mappable	NA	NA	NA	NA	inf	0.17607929062	0.14426765	inf	78260035	78260087	78269834	78280036	NA	missing	389090.0	NA	1.1357	NA	NA	NA	NA	NA	NA	NA	NA	NA	NA	4124432
14	78274935	106093106	NA	27818175	415370	2.002247976	413872	17808	62882.0	mappable	0.085575	1.0	NA	0.00182133428	5.179737e-05	0.00556410033	0.08087499	0.08092679	78269834	78280036	106009942	106093106	0.15968702	1	367161.5	19.141106	0.9590731	NA	NA	0.0	1.00112399	1.001124	1	1	1:1	2	neutral	4124432
14	106093107	106210499	CTX	117393	0	0.0	0	0	NA	mappable	NA	NA	NA	NA	inf	0.95962070938	0.11875789	inf	106093107	106093107	106210499	106210499	NA	missing	NA	NA	0.0	NA	NA	0.0	0.0	0.0	0	0	NA	0	homozygousDel	4124432
14	106211444	106212698	INV	1255	0	0.0	0	0	NA	mappable	NA	NA	NA	NA	inf	0.95962070938	0.19429791	inf	106211444	106211444	106212698	106212698	NA	missing	NA	NA	0.0	NA	NA	0.0	0.0	0.0	0	0	NA	0	homozygousDel	4124432
14	106212699	106213356	DEL	658	0	0.0	0	0	NA	mappable	NA	NA	NA	NA	inf	0.95962070938	0.21363085	inf	106212699	106212699	106213356	106213356	NA	missing	NA	NA	0.0	NA	NA	0.0	0.0	0.0	0	0	NA	0	homozygousDel	4124432
14	106213357	106324188	INV	110832	934	0.915519613	925	29	131.0	mappable	0.88752103	NA	NA	0.55321474275	0.02631578947	0.32342070938	0.11934588	0.14566167	106213357	106250082	106324182	106324188	NA	missing	230039.4	19.169948	0.6362	NA	NA	NA	NA	NA	NA	NA	NA	NA	NA	4124432
14	106324189	106326306	DEL	2118	147	0.98687471	147	0	55.0	mappable	NA	NA	NA	NA	inf	0.30222070938	0.18102026	inf	106324189	106324190	106326304	106326306	NA	missing	240370.0	NA	0.6574	NA	NA	NA	NA	NA	NA	NA	NA	NA	NA	4124432
14	106326307	106326491	DEL	185	10	0.98687471	10	0	4.0	mappable	NA	NA	NA	NA	inf	0.30222070938	0.26555553	inf	106326307	106326403	106326487	106326491	NA	missing	240370.0	NA	0.6574	NA	NA	NA	NA	NA	NA	NA	NA	NA	NA	4124432
14	106326492	106370368	DEL	43877	1265	0.535183484	1263	14	174.0	mappable	0.2518	NA	NA	0.16983140942	0.0625	0.43642070938	0.12969178	0.19219178	106326492	106326493	106349982	106370368	NA	missing	193062.2	10.811486	0.5232	NA	NA	NA	NA	NA	NA	NA	NA	NA	NA	4124432
14	106370369	106724943	CTX	354575	1761	0.839452387	1726	46	250.0	mappable	0.37107315	NA	NA	0.32895640942	0.01234567901	0.34602070938	0.10848498	0.12083066	106370369	106400108	106719873	106724943	0.98174008	2	238404.2	16.828534	0.6136	18.61863	1.0065211	1.0	0.0	0.8394524	1	0	1:0	1	LOH	4124432
14	106724944	107259908	NA	534965	7973	2.002247976	7720	386	1107.0	mappable	0.08923851	1.0	edge	0.00360640942	0.00156494523	0.00317929062	0.10510227	0.10666721	106724944	106730014	107259908	107259908	0.35086367	2	367161.5	19.141106	0.9590731	18.34529	0.534383	0.06876599	0.93228071	1.0699673	1	1	1:1	2	mixDH	4124432
15	20850000	20859924	NA	9925	165	2.297117528	149	0	17.0	mappable	NA	2.0	edge	0.3621505875	0.0625	0.03947929062	0.15063813	0.21313813	20850000	20850000	20859924	20859924	NA	missing	436772.6	NA	1.0466805	NA	NA	NA	NA	NA	NA	NA	NA	NA	NA	4124432
15	22480079	23069956	NA	589878	4046	2.002247976	4011	192	627.0	mappable	0.06980714	1.0	self	0.00131859058	0.00440528634	0.01132070938	0.10432937	0.10873466	22480079	22480079	23069956	23069956	0.12791385	1	367161.5	19.141106	0.9590731	NA	NA	0.0	1.00112399	1.001124	1	1	1:1	2	neutral	4124432
15	23710146	24329926	NA	619781	10362	2.002247976	10318	651	1474.0	mappable	0.084175	1.0	NA	0.00128613915	0.00143884892	0.01662070938	0.10394255	0.10538139	23710146	23710146	24329926	24329926	0.15413617	1	367161.5	19.141106	0.9590731	NA	NA	0.0	1.00112399	1.001124	1	1	1:1	2	neutral	4124432
15	24329927	24830091	NA	500165	0	0.0	0	0	NA	mappable	NA	NA	NA	NA	inf	0.95962070938	0.10564099	inf	24329927	24329927	24830091	24830091	NA	missing	NA	NA	0.0	NA	NA	0.0	0.0	0.0	0	0	NA	0	homozygousDel	4124432
15	24830092	27529987	NA	2699896	43085	2.002247976	42899	2188	6400.0	mappable	0.08215	1.0	NA	0.00018140942	0.00042122999	0.01532070938	0.09361336	0.09403459	24830092	24830092	27529921	27529987	0.1767777	1	367161.5	19.141106	0.9590731	NA	NA	0.0	1.00112399	1.001124	1	1	1:1	2	neutral	4124432
15	27529988	27550010	NA	20023	275	2.27025671	275	0	41.0	mappable	NA	NA	NA	NA	inf	0.07907929062	0.13996418	inf	27529988	27530054	27549996	27550010	NA	missing	378799.6	NA	1.0387	NA	NA	NA	NA	NA	NA	NA	NA	NA	NA	4124432
15	27550011	28529988	NA	979978	14055	2.002247976	13991	536	2129.0	mappable	0.08691667	1.0	NA	0.00703140942	0.00166666667	0.01122070938	0.10049044	0.10215711	27550011	27550025	28529988	28529988	0.14620768	1	367161.5	19.141106	0.9590731	NA	NA	0.0	1.00112399	1.001124	1	1	1:1	2	neutral	4124432
15	29100034	30369914	NA	1269882	18281	2.002247976	18227	704	2759.0	mappable	0.08250882	1.0	self	0.00136050327	0.00131926121	0.01655553789	0.09863751	0.09995677	29100034	29100034	30369914	30369914	0.2089843	1	367161.5	19.141106	0.9590731	NA	NA	0.0	1.00112399	1.001124	1	1	1:1	2	neutral	4124432
15	31160110	82479795	NA	51319696	690367	2.002247976	687961	27612	104820.0	mappable	0.08215	1.0	self	0.00161865517	3.331335e-05	0.00106669442	0.07808532	0.07811863	31160110	31160110	82479795	82479795	0.18071877	1	367161.5	19.141106	0.9590731	NA	NA	0.0	1.00112399	1.001124	1	1	1:1	2	neutral	4124432
15	83211507	102399920	NA	19188415	295847	2.002247976	294652	14557	44083.0	mappable	0.08215	1.0	edge	0.00039505135	6.3484e-05	0.00614951887	0.08266604	0.08272952	83211507	83211507	102399920	102399920	0.16577841	1	367161.5	19.141106	0.9590731	NA	NA	0.0	1.00112399	1.001124	1	1	1:1	2	neutral	4124432
16	100010	9199998	NA	9099994	183534	2.002247976	182685	8148	27408.0	mappable	0.078725	1.0	edge	0.00046830026	0.00011114816	0.00514182699	0.08651479	0.08662594	100010	100010	9199981	9200015	0.18095828	1	367161.5	19.141106	0.9590731	NA	NA	0.0	1.00112399	1.001124	1	1	1:1	2	neutral	4124432
16	9199998	9240017	NA	40020	878	2.230203613	872	69	116.0	mappable	0.2063	NA	identical	0.12005640942	0.01333333333	0.06717929062	0.13081785	0.14415118	9199981	9200015	9239986	9240017	0.30002998	1	368108.2	19.68951	1.0268	NA	NA	0.0	1.11510181	1.1151018	1	1	1:1	2	neutral	4124432
16	9240018	16289940	NA	7049925	113835	2.002247976	113300	6344	16697.0	mappable	0.0811913	1.0	self	0.00018718635	0.00014536997	0.00560652306	0.08791527	0.08806064	9240018	9240049	16289940	16289940	0.17979121	1	367161.5	19.141106	0.9590731	NA	NA	0.0	1.00112399	1.001124	1	1	1:1	2	neutral	4124432
16	16870104	18169896	NA	1299793	20480	2.002247976	20390	928	3049.0	mappable	0.07793929	1.0	self	0.00324359058	0.00098231827	0.00432070938	0.09847438	0.0994567	16870104	16870104	18169896	18169896	0.17852114	1	367161.5	19.141106	0.9590731	NA	NA	0.0	1.00112399	1.001124	1	1	1:1	2	neutral	4124432
16	18800044	29039945	NA	10239902	124928	2.002247976	124305	5443	18841.0	mappable	0.085575	1.0	self	0.00360640942	0.00016485328	0.00472070938	0.08588225	0.08604711	18800044	18800044	29039945	29039945	0.1570566	1	367161.5	19.141106	0.9590731	NA	NA	0.0	1.00112399	1.001124	1	1	1:1	2	neutral	4124432
16	29670028	31959970	NA	2289943	17549	2.002247976	17491	412	2754.0	mappable	0.07935	1.0	self	0.00261859058	0.00212765957	0.00817929062	0.09466613	0.09679379	29670028	29670028	31959970	31959970	0.20090995	1	367161.5	19.141106	0.9590731	NA	NA	0.0	1.00112399	1.001124	1	1	1:1	2	neutral	4124432
16	32520030	32649899	NA	129870	3149	1.927617613	2827	0	685.0	mappable	NA	NA	NA	0.20175157071	0.00310559006	0.02272070938	0.11773911	0.1208447	32520030	32520030	32649899	32649899	NA	missing	607620.0	NA	0.9369	NA	NA	NA	NA	NA	NA	NA	NA	NA	NA	4124432
16	34209955	34229955	NA	20001	297	1.768254419	292	0	50.0	mappable	NA	6.0	NA	0.00326355228	0.2	0.09252070938	0.13997971	0.33997971	34209955	34210019	34229896	34230014	NA	missing	359726.4	NA	0.8895523	NA	NA	NA	NA	NA	NA	NA	NA	NA	NA	4124432
16	34229955	35205266	NA	975312	11194	2.002247976	11182	79	1961.0	mappable	0.08095357	1.0	self	0.00133855228	0.01098901099	0.01112070938	0.10052522	0.11151423	34229896	34230014	35205244	35205288	0.30050484	1	367161.5	19.141106	0.9590731	NA	NA	0.0	1.00112399	1.001124	1	1	1:1	2	neutral	4124432
16	35205266	35279959	NA	74694	1724	1.768254419	1720	2	423.0	mappable	0.13662239	6.0	NA	0.04479190017	0.16666666667	0.06452070938	0.12354293	0.2902096	35205244	35205288	35279959	35279959	NA	missing	359726.4	18.199999	0.8895523	NA	NA	NA	NA	NA	NA	NA	NA	NA	NA	4124432
16	46450014	90109969	NA	43659963	702652	2.002247976	699787	31402	105780.0	mappable	0.08215	1.0	edge	0.00156283071	2.918345e-05	0.00398686688	0.0788028	0.07883199	46450014	46450014	90109969	90109969	0.17669611	1	367161.5	19.141106	0.9590731	NA	NA	0.0	1.00112399	1.001124	1	1	1:1	2	neutral	4124432
17	20080	4782608	NA	4762531	52376	3.000250988	51933	2574	8358.0	mappable	0.20424286	3.0	edge	0.11441179786	0.00033145509	0.27203182995	0.09015792	0.09048938	20080	20080	4782605	4782608	0.72341626	2	478772.3	29.629448	1.2555854	18.27267	0.6674267	0.33485339	0.99780339	2.0024476	2	1	2:1	3	gain	4124432
17	4782609	4987215	DEL	204607	2048	2.002247976	2031	68	297.0	mappable	0.112975	1.0	self	0.01730640942	0.01176470588	0.00562070938	0.11336264	0.12512735	4782609	4782622	4969984	4987215	0.19361005	1	367161.5	19.141106	0.9590731	NA	NA	0.0	1.00112399	1.001124	1	1	1:1	2	neutral	4124432
17	4987216	12689966	DEL	7702751	106604	3.000250988	106145	4959	16101.0	mappable	0.193	3.0	NA	0.10635640942	0.00018456995	0.26007929062	0.08742427	0.08760884	4987216	4990020	12689918	12689966	0.72997775	2	478772.3	29.629448	1.2555854	18.27267	0.6674267	0.33485339	0.99780339	2.0024476	2	1	2:1	3	gain	4124432
17	12689967	12719993	NA	30027	399	3.229174968	396	0	56.0	mappable	NA	NA	NA	0.01288461375	0.33333333333	0.36397929062	0.13446307	0.4677964	12689967	12690015	12719953	12719993	NA	missing	476566.7	NA	1.3236	NA	NA	NA	NA	NA	NA	NA	NA	NA	NA	4124432
17	12719994	18239982	NA	5519990	71186	3.000250988	70910	3711	10828.0	mappable	0.23174216	3.0	NA	0.15160026703	0.00025081515	0.26774655385	0.08930073	0.08955154	12719994	12720034	18239982	18239982	0.75950453	2	478772.3	29.629448	1.2555854	18.27267	0.6674267	0.33485339	0.99780339	2.0024476	2	1	2:1	3	gain	4124432
17	18750212	22239986	NA	3489775	25844	3.000250988	25153	1100	4008.0	mappable	0.24521667	3.0	NA	0.19826747499	0.00055834729	0.32847929062	0.09201874	0.09257709	18750212	18750212	22239986	22239986	0.84027748	2	478772.3	29.629448	1.2555854	18.27267	0.6674267	0.33485339	0.99780339	2.0024476	2	1	2:1	3	gain	4124432
17	25390040	30690032	NA	5299993	51382	3.000250988	51105	2101	7799.0	mappable	0.23036216	3.0	NA	0.14403140942	0.00042052145	0.30127929062	0.0895353	0.08995582	25390040	25390040	30689985	30690032	0.78728531	2	478772.3	29.629448	1.2555854	18.27267	0.6674267	0.33485339	0.99780339	2.0024476	2	1	2:1	3	gain	4124432
17	30690033	30700156	NA	10124	144	2.553994194	144	0	35.0	mappable	NA	NA	NA	NA	inf	0.16337929062	0.15031387	inf	30690033	30690080	30699974	30700338	NA	missing	428720.0	NA	1.123	NA	NA	NA	NA	NA	NA	NA	NA	NA	NA	4124432
17	30700156	44279982	NA	13579828	159403	3.000250988	158709	6469	24301.0	mappable	0.23043333	3.0	NA	0.14979263918	0.00013960631	0.29184485526	0.08440613	0.08454573	30699974	30700338	44279982	44279982	0.77671119	2	478772.3	29.629448	1.2555854	18.27267	0.6674267	0.33485339	0.99780339	2.0024476	2	1	2:1	3	gain	4124432
17	44790026	47009989	NA	2219964	22661	3.000250988	22594	531	3577.0	mappable	0.21046221	3.0	NA	0.14545640942	0.0016722408	0.26827929062	0.09486719	0.09653943	44790026	44790026	47009976	47009989	0.74872237	2	478772.3	29.629448	1.2555854	18.27267	0.6674267	0.33485339	0.99780339	2.0024476	2	1	2:1	3	gain	4124432
17	47009990	47090003	NA	80014	342	2.552647871	342	8	58.0	mappable	0.16753864	NA	NA	0.08557004578	0.125	0.16297929062	0.12279005	0.24779005	47009990	47010003	47089983	47090003	NA	missing	447520.7	26.190712	1.1226	NA	NA	NA	NA	NA	NA	NA	NA	NA	NA	4124432
17	47090004	49770022	NA	2680019	35078	3.000250988	34934	1155	5421.0	mappable	0.1902	3.0	NA	0.10970283799	0.00076982294	0.26657929062	0.09366009	0.09442992	47090004	47090024	49769972	49770022	0.73768894	2	478772.3	29.629448	1.2555854	18.27267	0.6674267	0.33485339	0.99780339	2.0024476	2	1	2:1	3	gain	4124432
17	49770023	49779948	NA	9926	194	2.450663935	194	0	29.0	mappable	NA	NA	NA	NA	inf	0.13267929062	0.15063648	inf	49770023	49770073	49779869	49780027	NA	missing	425888.6	NA	1.0923	NA	NA	NA	NA	NA	NA	NA	NA	NA	NA	4124432
17	49779948	74189982	NA	24410036	313733	3.000250988	312443	12712	48335.0	mappable	0.21766209	3.0	NA	0.13265659195	7.141837e-05	0.27748813827	0.08149637	0.08156779	49779869	49780027	74189931	74190033	0.77860114	2	478772.3	29.629448	1.2555854	18.27267	0.6674267	0.33485339	0.99780339	2.0024476	2	1	2:1	3	gain	4124432
17	74189982	74210024	NA	20043	301	3.291442387	299	2	53.0	mappable	0.02941176	NA	NA	0.04658401611	0.25	0.38247929062	0.13995007	0.38995007	74189931	74190033	74209939	74210024	NA	missing	472229.4	24.305926	1.3421	NA	NA	NA	NA	NA	NA	NA	NA	NA	NA	4124432
17	74210025	74814944	NA	604920	6416	3.000250988	6390	160	1062.0	mappable	0.1963	3.0	NA	0.11003910173	0.00537634409	0.27467929062	0.10413204	0.10950838	74210025	74210110	74799857	74830031	0.78508916	2	478772.3	29.629448	1.2555854	18.27267	0.6674267	0.33485339	0.99780339	2.0024476	2	1	2:1	3	gain	4124432
17	74814944	74839947	NA	25004	187	3.33452471	187	0	32.0	mappable	NA	NA	NA	NA	inf	0.39527929062	0.13689375	inf	74799857	74830031	74839867	74839947	NA	missing	439031.4	NA	1.3549	NA	NA	NA	NA	NA	NA	NA	NA	NA	NA	4124432
17	74839948	81109940	NA	6269995	97429	3.000250988	96760	4847	14828.0	mappable	0.208875	3.0	edge	0.13285355692	0.00018129079	0.26288288195	0.08857383	0.08875512	74839948	74840028	81109940	81109940	0.74001763	2	478772.3	29.629448	1.2555854	18.27267	0.6674267	0.33485339	0.99780339	2.0024476	2	1	2:1	3	gain	4124432
18	130031	179906	NA	49877	730	2.239309466	714	23	112.0	mappable	0.07594194	5.0	edge	0.00225640942	0.02564102564	0.08127929062	0.12815512	0.15379615	130031	130031	179766	179906	NA	missing	568939.3	30.547497	1.0295054	NA	NA	NA	NA	NA	NA	NA	NA	NA	NA	4124432
18	179907	3400124	NA	3220218	48600	2.002247976	48343	3125	7285.0	mappable	0.08215	1.0	NA	0.00018140942	0.00029568303	0.00577929062	0.09251239	0.09280807	179907	180047	3399968	3400124	0.17590631	1	367161.5	19.141106	0.9590731	NA	NA	0.0	1.00112399	1.001124	1	1	1:1	2	neutral	4124432
18	3400125	3410022	NA	9898	155	2.29146129	155	0	24.0	mappable	NA	NA	NA	NA	inf	0.08537929062	0.15068273	inf	3400125	3400281	3409983	3410022	NA	missing	376876.7	NA	1.045	NA	NA	NA	NA	NA	NA	NA	NA	NA	NA	4124432
18	3410023	14119956	NA	10709934	163256	2.002247976	162662	8724	23990.0	mappable	0.08118816	1.0	NA	0.00013492702	0.00010731917	0.00392686535	0.08564413	0.08575145	3410023	3410062	14119956	14119956	0.16443957	1	367161.5	19.141106	0.9590731	NA	NA	0.0	1.00112399	1.001124	1	1	1:1	2	neutral	4124432
18	14119957	14910026	NA	790070	0	0.0	0	0	NA	mappable	NA	NA	NA	NA	inf	0.95962070938	0.10208446	inf	14119957	14119957	14910026	14910026	NA	missing	NA	NA	0.0	NA	NA	0.0	0.0	0.0	0	0	NA	0	homozygousDel	4124432
18	14910027	14929888	NA	19862	364	1.961948839	363	1	60.0	mappable	0.15789474	NA	NA	0.11236339322	0.5	0.01252070938	0.14007836	0.64007836	14910027	14910027	14929888	14929888	NA	missing	355916.0	20.605662	0.9471	NA	NA	NA	NA	NA	NA	NA	NA	NA	NA	4124432
18	18540053	60793521	NA	42253475	599271	2.002247976	597109	26974	91180.0	mappable	0.08120714	1.0	self	0.00040003688	3.432298e-05	0.00167880313	0.07894976	0.07898408	18540053	18540053	60793521	60793521	0.1610179	1	367161.5	19.141106	0.9590731	NA	NA	0.0	1.00112399	1.001124	1	1	1:1	2	neutral	4124432
18	60793522	78009968	CTX	17216454	279587	2.002247976	278258	13682	43611.0	mappable	0.078725	1.0	edge	0.00016398631	6.662669e-05	0.00050395164	0.08320407	0.0832707	60793522	60793549	78009968	78009968	0.16603423	1	367161.5	19.141106	0.9590731	NA	NA	0.0	1.00112399	1.001124	1	1	1:1	2	neutral	4124432
19	260137	4450032	NA	4189897	52418	2.002247976	52006	2089	8595.0	mappable	0.08654615	1.0	edge	0.00423686674	0.00039984006	0.00809231287	0.09091536	0.0913152	260137	260137	4449993	4450071	0.18870536	1	367161.5	19.141106	0.9590731	NA	NA	0.0	1.00112399	1.001124	1	1	1:1	2	neutral	4124432
19	4450032	4464962	NA	14931	167	1.494774903	167	1	31.0	mappable	0.06666667	NA	identical	0.01530192391	1.0	0.15132070938	0.14423746	1.14423746	4449993	4450071	4459921	4464962	NA	missing	345993.3	18.452976	0.8083	NA	NA	NA	NA	NA	NA	NA	NA	NA	NA	4124432
19	4464963	24569972	NA	20105010	204458	2.002247976	202819	9294	32137.0	mappable	0.08215	1.0	self	0.00018140942	9.14662e-05	0.00302070938	0.08243666	0.08252812	4464963	4470004	24569972	24569972	0.20842179	1	367161.5	19.141106	0.9590731	NA	NA	0.0	1.00112399	1.001124	1	1	1:1	2	neutral	4124432
19	27750002	43209995	NA	15459996	197713	2.002247976	196667	7908	30771.0	mappable	0.08185833	1.0	NA	0.00157172581	0.00011168193	0.00893405448	0.08374495	0.08385663	27750002	27750002	43209995	43209995	0.17268324	1	367161.5	19.141106	0.9590731	NA	NA	0.0	1.00112399	1.001124	1	1	1:1	2	neutral	4124432
19	43209996	43800005	NA	590010	0	0.0	0	0	NA	mappable	NA	NA	NA	NA	inf	0.95962070938	0.10432761	inf	43209996	43209996	43800005	43800005	NA	missing	NA	NA	0.0	NA	NA	0.0	0.0	0.0	0	0	NA	0	homozygousDel	4124432
19	43800006	51769986	NA	7969981	87293	2.002247976	86826	3338	13787.0	mappable	0.085575	1.0	NA	0.00360640942	0.00026281209	0.00052070938	0.08723665	0.08749946	43800006	43800006	51769948	51770024	0.2158949	1	367161.5	19.141106	0.9590731	NA	NA	0.0	1.00112399	1.001124	1	1	1:1	2	neutral	4124432
19	51769986	51780011	NA	10026	143	2.540867548	143	0	18.0	mappable	NA	NA	NA	NA	inf	0.15947929062	0.15047258	inf	51769948	51770024	51779979	51780043	NA	missing	393464.3	NA	1.1191	NA	NA	NA	NA	NA	NA	NA	NA	NA	NA	4124432
19	51780011	57699993	NA	5919984	60835	2.002247976	60444	2698	9692.0	mappable	0.08215	1.0	NA	0.00138485047	0.00032372936	0.01370109567	0.0889001	0.08922383	51779979	51780043	57679978	57720008	0.23299726	1	367161.5	19.141106	0.9590731	NA	NA	0.0	1.00112399	1.001124	1	1	1:1	2	neutral	4124432
19	57699993	57729996	NA	30004	176	1.533818258	176	0	37.0	mappable	NA	NA	NA	NA	inf	0.13972070938	0.13447306	inf	57679978	57720008	57729915	57730077	NA	missing	347980.0	NA	0.8199	NA	NA	NA	NA	NA	NA	NA	NA	NA	NA	4124432
19	57729996	59089999	NA	1360004	14345	2.002247976	14290	505	2342.0	mappable	0.08689459	1.0	edge	0.00410283799	0.00178571429	0.01512070938	0.09815864	0.09994436	57729915	57730077	59089999	59089999	0.16737421	1	367161.5	19.141106	0.9590731	NA	NA	0.0	1.00112399	1.001124	1	1	1:1	2	neutral	4124432
20	60479	99933	NA	39455	526	2.239309466	526	19	69.0	mappable	0.12456667	5.0	edge	0.04259807609	0.05263157895	0.05687929062	0.13099361	0.18362519	60479	60479	99801	99933	NA	missing	568939.3	30.547497	1.0295054	NA	NA	NA	NA	NA	NA	NA	NA	NA	NA	4124432
20	99934	25729738	NA	25629810	399850	2.002247976	398519	18078	59889.0	mappable	0.08215	1.0	self	0.00090323826	5.152514e-05	0.00411200086	0.08126342	0.08131495	99934	100066	25729738	25729738	0.15526758	1	367161.5	19.141106	0.9590731	NA	NA	0.0	1.00112399	1.001124	1	1	1:1	2	neutral	4124432
20	29810057	34620013	NA	4809957	59893	2.002247976	59676	889	9686.0	mappable	0.08201875	1.0	self	0.00324359058	0.00090415913	0.00272070938	0.09009986	0.09100402	29810057	29810057	34619998	34620028	0.2029506	1	367161.5	19.141106	0.9590731	NA	NA	0.0	1.00112399	1.001124	1	1	1:1	2	neutral	4124432
20	34620013	34650024	NA	30012	298	1.768254419	297	0	45.0	mappable	NA	6.0	NA	0.05974636836	1.0	0.06982070938	0.13446958	1.13446958	34619998	34620028	34649980	34650068	NA	missing	359726.4	NA	0.8895523	NA	NA	NA	NA	NA	NA	NA	NA	NA	NA	4124432
20	34650024	35049980	NA	399957	4232	1.958583032	4222	22	639.0	mappable	0.12486855	NA	NA	0.07950479652	0.03125	0.01352070938	0.10747207	0.13872207	34649980	34650068	35049950	35050010	NA	missing	352764.8	18.529059	0.9461	NA	NA	NA	NA	NA	NA	NA	NA	NA	NA	4124432
20	35049980	35069954	NA	19975	271	1.768254419	270	0	42.0	mappable	NA	6.0	NA	0.02914252053	1.0	0.06312070938	0.1399981	1.1399981	35049950	35050010	35069837	35069954	NA	missing	359726.4	NA	0.8895523	NA	NA	NA	NA	NA	NA	NA	NA	NA	NA	4124432
20	35069955	52074959	NA	17005010	250115	2.002247976	249165	11323	37383.0	mappable	0.08215	1.0	self	0.00268803505	8.149295e-05	0.00482628721	0.08326583	0.08334732	35069955	35070072	52069884	52074959	0.15645561	1	367161.5	19.141106	0.9590731	NA	NA	0.0	1.00112399	1.001124	1	1	1:1	2	neutral	4124432
20	52095044	62909989	NA	10814949	182914	2.002247976	181785	8707	27863.0	mappable	0.08215	1.0	edge	0.00176282289	0.00010166734	0.01122979179	0.08559254	0.0856942	52095044	52100113	62909989	62909989	0.17916301	1	367161.5	19.141106	0.9590731	NA	NA	0.0	1.00112399	1.001124	1	1	1:1	2	neutral	4124432
21	10720001	10780004	NA	60004	2249	2.002247976	2221	0	407.0	mappable	NA	1.0	edge	0.01342163936	0.03571428571	0.02962070938	0.12600194	0.16171623	10720001	10720001	10779993	10780004	NA	missing	367161.5	NA	0.9590731	NA	NA	NA	NA	NA	NA	NA	NA	NA	NA	4124432
21	10780005	11014966	NA	234962	2582	2.239309466	2429	0	886.0	mappable	NA	5.0	NA	0.00882300235	0.00653594771	0.06147929062	0.11209463	0.11863058	10780005	10780016	10859932	11170000	NA	missing	568939.3	NA	1.0295054	NA	NA	NA	NA	NA	NA	NA	NA	NA	NA	4124432
21	11014966	11179964	NA	164999	291	1.796000108	270	0	65.0	mappable	NA	4.0	NA	0.17646993099	0.04761904762	0.02322070938	0.11539284	0.16301189	10859932	11170000	11179964	11179964	NA	missing	1417181.6	NA	0.8977957	NA	NA	NA	NA	NA	NA	NA	NA	NA	NA	4124432
21	15410077	24529995	NA	9119920	148517	2.002247976	147852	7064	23633.0	mappable	0.085375	1.0	self	0.00210268306	0.00012938284	0.0031430409	0.08650298	0.08663237	15410077	15410077	24529968	24529995	0.1868049	1	367161.5	19.141106	0.9590731	NA	NA	0.0	1.00112399	1.001124	1	1	1:1	2	neutral	4124432
21	24529996	24540018	NA	10023	168	2.513941097	168	3	29.0	mappable	0.1616375	NA	NA	0.07966890942	0.33333333333	0.15147929062	0.15047746	0.4838108	24529996	24530023	24539997	24540018	NA	missing	418557.1	25.113426	1.1111	NA	NA	NA	NA	NA	NA	NA	NA	NA	NA	4124432
21	24540019	24560003	NA	19985	328	1.851886968	328	1	66.0	mappable	0.02702703	NA	NA	0.05494156355	1.0	0.04522070938	0.13999103	1.13999103	24540019	24540040	24559952	24560054	NA	missing	376896.4	19.354142	0.9144	NA	NA	NA	NA	NA	NA	NA	NA	NA	NA	4124432
21	24560003	24570054	NA	10052	261	2.378299097	261	0	48.0	mappable	NA	NA	NA	NA	inf	0.11117929062	0.15043029	inf	24559952	24560054	24569965	24570143	NA	missing	409640.0	NA	1.0708	NA	NA	NA	NA	NA	NA	NA	NA	NA	NA	4124432
21	24570054	48099931	NA	23529878	367347	2.002247976	365209	17171	56371.0	mappable	0.08215	1.0	edge	0.00018140942	5.178932e-05	7.929062e-05	0.08167269	0.08172448	24569965	24570143	48099931	48099931	0.18119326	1	367161.5	19.141106	0.9590731	NA	NA	0.0	1.00112399	1.001124	1	1	1:1	2	neutral	4124432
22	16850007	22385869	NA	5535863	51156	2.002247976	50724	2672	7687.0	mappable	0.08472778	1.0	edge	0.00360640942	0.00032216495	0.00057929062	0.08928421	0.08960638	16850007	16850007	22385859	22385869	0.200242	1	367161.5	19.141106	0.9590731	NA	NA	0.0	1.00112399	1.001124	1	1	1:1	2	neutral	4124432
22	22385870	22397716	DEL	11847	193	1.323455355	192	0	23.0	mappable	NA	NA	identical	0.46348595487	1.0	0.20222070938	0.14779526	1.14779526	22385870	22385888	22397708	22397716	NA	missing	304506.9	NA	0.7574	NA	NA	NA	NA	NA	NA	NA	NA	NA	NA	4124432
22	22397717	22464966	DEL	67250	1042	2.002247976	1041	72	157.0	mappable	0.044475	1.0	self	0.03749359058	0.01369863014	0.04522070938	0.12470969	0.13840832	22397717	22397771	22459928	22470004	0.22689026	1	367161.5	19.141106	0.9590731	NA	NA	0.0	1.00112399	1.001124	1	1	1:1	2	neutral	4124432
22	22464966	23245009	NA	780045	10705	0.680185118	10616	707	1525.0	mappable	0.510275	NA	identical	0.43877096917	0.00125786164	0.39333988733	0.10218054	0.10343841	22459928	22470004	23239965	23250053	0.89238339	2	214475.3	16.085651	0.5662808	18.1495	1.2005415	1.0	0.0	0.6801851	sub	0	sub:0	sub	sub	4124432
22	23245009	29275193	NA	6030186	74973	2.002247976	74712	3222	11073.0	mappable	0.085575	1.0	self	0.00344610397	0.00028710881	0.00604771643	0.08879508	0.08908219	23239965	23250053	29269991	29280395	0.16717319	1	367161.5	19.141106	0.9590731	NA	NA	0.0	1.00112399	1.001124	1	1	1:1	2	neutral	4124432
22	29275193	29290021	NA	14829	133	1.471550839	133	9	20.0	mappable	0.21855	NA	identical	0.13658140942	0.11111111111	0.15822070938	0.14434041	0.25545152	29269991	29280395	29289984	29290058	NA	missing	323094.0	17.23168	0.8014	NA	NA	NA	NA	NA	NA	NA	NA	NA	NA	4124432
22	29290021	35214963	NA	5924943	79667	2.002247976	79305	3013	12103.0	mappable	0.08065	1.0	NA	0.00324359058	0.0002962963	0.01002070938	0.08889533	0.08919163	29289984	29290058	35209917	35220009	0.1848322	1	367161.5	19.141106	0.9590731	NA	NA	0.0	1.00112399	1.001124	1	1	1:1	2	neutral	4124432
22	35214963	35235006	NA	20044	174	1.563773935	174	0	21.0	mappable	NA	NA	NA	NA	inf	0.13082070938	0.13994937	inf	35209917	35220009	35229996	35240016	NA	missing	343428.8	NA	0.8288	NA	NA	NA	NA	NA	NA	NA	NA	NA	NA	4124432
22	35235006	51179984	NA	15944981	238008	2.002247976	236731	10282	36133.0	mappable	0.07936667	1.0	edge	0.00290793694	8.651267e-05	0.00568681766	0.08358898	0.08367549	35229996	35240016	51179984	51179984	0.1733206	1	367161.5	19.141106	0.9590731	NA	NA	0.0	1.00112399	1.001124	1	1	1:1	2	neutral	4124432
23	2700027	32329952	NA	29629928	281994	3.000250988	281046	9858	44204.0	mappable	0.256975	3.0	edge	0.17189408139	9.254118e-05	0.30513711738	0.08057839	0.08067093	2700027	2700027	32329843	32329952	0.79250143	2	478772.3	29.629448	1.2555854	18.27267	0.6674267	0.33485339	0.99780339	2.0024476	2	1	2:1	3	gain	4124432
23	32329953	32340013	NA	10061	143	2.553321032	143	0	27.0	mappable	NA	NA	NA	NA	inf	0.16317929062	0.15041568	inf	32329953	32330062	32339931	32340095	NA	missing	520445.0	NA	1.1228	NA	NA	NA	NA	NA	NA	NA	NA	NA	NA	4124432
23	32340013	58499983	NA	26159972	208707	3.000250988	208014	6107	32318.0	mappable	0.256825	3.0	NA	0.17845747148	0.00014705882	0.30243001436	0.08116601	0.08131306	32339931	32340095	58499983	58499983	0.81708678	2	478772.3	29.629448	1.2555854	18.27267	0.6674267	0.33485339	0.99780339	2.0024476	2	1	2:1	3	gain	4124432
23	61750000	88459980	NA	26709983	245840	3.000250988	245062	9652	37773.0	mappable	0.26875	3.0	NA	0.18438815647	9.587728e-05	0.30654633626	0.08106725	0.08116313	61750000	61750000	88459980	88459980	0.83155858	2	478772.3	29.629448	1.2555854	18.27267	0.6674267	0.33485339	0.99780339	2.0024476	2	1	2:1	3	gain	4124432
23	88990017	89349936	NA	359920	1090	2.988519806	1090	39	190.0	mappable	0.33452045	NA	NA	0.25255186396	0.02564102564	0.29247929062	0.10835811	0.13399914	88990017	88990017	89349936	89349936	0.82925283	2	487957.4	31.229271	1.2521	18.67506	0.697424	0.39484809	0.90425423	2.0842656	2	1	2:1	3	gain	4124432
23	89349937	90140198	NA	790262	0	0.0	0	0	NA	mappable	NA	NA	NA	NA	inf	0.95962070938	0.10208263	inf	89349937	89349937	90140198	90140198	NA	missing	NA	NA	0.0	NA	NA	0.0	0.0	0.0	0	0	NA	0	homozygousDel	4124432
23	90140199	91529952	NA	1389754	5103	3.000250988	5084	231	774.0	mappable	0.27435577	3.0	NA	0.18960320429	0.004	0.30147929062	0.09800848	0.10200848	90140199	90140199	91529952	91529952	0.72886106	2	478772.3	29.629448	1.2555854	18.27267	0.6674267	0.33485339	0.99780339	2.0024476	2	1	2:1	3	gain	4124432
23	91529953	92379999	NA	850047	0	0.0	0	0	NA	mappable	NA	NA	NA	NA	inf	0.95962070938	0.10153736	inf	91529953	91529953	92379999	92379999	NA	missing	NA	NA	0.0	NA	NA	0.0	0.0	0.0	0	0	NA	0	homozygousDel	4124432
23	92380000	101563429	NA	9183430	88249	3.000250988	87967	3149	13835.0	mappable	0.24655	3.0	NA	0.16458140942	0.00029146022	0.31137929062	0.08646554	0.086757	92380000	92380000	101429972	101563429	0.81983971	2	478772.3	29.629448	1.2555854	18.27267	0.6674267	0.33485339	0.99780339	2.0024476	2	1	2:1	3	gain	4124432
23	101633571	102037552	CTX	403982	2156	3.000250988	2143	45	334.0	mappable	0.27326625	3.0	NA	0.20568140942	0.01724137931	0.31667929062	0.10738871	0.12463009	101633571	101744198	102029993	102037552	0.77732696	2	478772.3	29.629448	1.2555854	18.27267	0.6674267	0.33485339	0.99780339	2.0024476	2	1	2:1	3	gain	4124432
23	102037553	154929639	CTX	52892087	477015	3.000250988	475462	16407	73156.0	mappable	0.263675	3.0	edge	0.17828140942	5.567929e-05	0.30707929062	0.07795281	0.07800849	102037553	102060139	154929639	154929639	0.81269252	2	478772.3	29.629448	1.2555854	18.27267	0.6674267	0.33485339	0.99780339	2.0024476	2	1	2:1	3	gain	4124432
