#chromosome	start	end	crest	length	tcnNbrOfLoci	tcnMean	tcnNbrOfSNPs	tcnNbrOfHets	dhNbrOfLoci	map	dhMax	cluster	neighbour	distDH	errorSNP	distTcn	errorLength	totalError	minStart	maxStart	minStop	maxStop	area	peaks	meanCovT	meanCovB	tcnMeanRaw	AF	BAF	dhMean	c1Mean	c2Mean	A	B	genotype	TCN	GNL	PID
1	840009	12839977	NA	11999970	171934	1.9772118	171010	7002	22400.0	mappable	0.08215	6.0	edge	0.004510503673	0.00012616705	0.0036916521	0.08504657	0.08517274	840009	840009	12839977	12839977	0.17015239	1	401361.87	20.816934	1.0031046	NA	NA	0.0	0.9886059	0.988605902	1	1	1:1	2	neutral	4174742
1	13780016	103634209	NA	89854198	1170018	1.9772118	1165956	50849	137224.0	mappable	0.078725	6.0	NA	0.000451361717	1.821129e-05	0.003627629	0.07569713	0.07571534	13780016	13780016	103634187	103634209	0.14279498	1	401361.87	20.816934	1.0031046	NA	NA	0.0	0.9886059	0.988605902	1	1	1:1	2	neutral	4174742
1	103634210	103638541	DEL	4332	69	2.24433935	69	0	9.0	mappable	NA	NA	NA	NA	inf	0.1188939209	0.16555171	inf	103634210	103634237	103638532	103638541	NA	missing	273654.0	NA	1.1181	NA	NA	NA	NA	NA	NA	NA	NA	NA	NA	4174742
1	103638542	117909997	DEL	14271456	189803	1.9772118	189212	8711	21792.0	mappable	0.07802391	6.0	NA	0.00031867715	0.00010750376	0.0051796561	0.08415161	0.08425911	103638542	103638559	117909968	117910026	0.16183015	1	401361.87	20.816934	1.0031046	NA	NA	0.0	0.9886059	0.988605902	1	1	1:1	2	neutral	4174742
1	117909997	118089961	NA	179965	2308	2.19756322	2299	134	250.0	mappable	0.072925	7.0	identical	0.004276440309	0.00699300699	0.1239939209	0.11456488	0.12155789	117909968	117910026	118089916	118090006	0.0659482	1	457897.85	23.642644	1.0979634	NA	NA	0.0	1.0987816	1.098781608	1	1	1:1	2	neutral	4174742
1	118089961	120529963	NA	2440003	31187	1.9772118	31106	1344	3598.0	mappable	0.08076522	6.0	NA	0.003589468782	0.00070224719	0.0329939209	0.09425759	0.09495983	118089916	118090006	120529963	120529963	0.16346627	1	401361.87	20.816934	1.0031046	NA	NA	0.0	0.9886059	0.988605902	1	1	1:1	2	neutral	4174742
1	121220004	121229986	NA	9983	177	2.03481006	177	0	20.0	mappable	NA	NA	NA	NA	inf	0.0286939209	0.15054281	inf	121220004	121220004	121229986	121229986	NA	missing	435676.0	NA	1.0279	NA	NA	NA	NA	NA	NA	NA	NA	NA	NA	4174742
1	144010127	144019970	NA	9844	155	1.98209161	93	0	10.0	mappable	NA	3.0	NA	0.29375508143	0.01612903226	0.0243939209	0.15077238	0.16690141	144010127	144010127	144019970	144019970	NA	missing	407233.09	NA	1.0052053	NA	NA	NA	NA	NA	NA	NA	NA	NA	NA	4174742
1	144920087	145739956	NA	819870	6369	1.9772118	5827	121	745.0	mappable	0.08091591	6.0	self	0.015126440309	0.00150829563	0.0376939209	0.10180689	0.10331519	144920087	144920087	145739956	145739956	0.12541849	1	401361.87	20.816934	1.0031046	NA	NA	0.0	0.9886059	0.988605902	1	1	1:1	2	neutral	4174742
1	146540101	147829895	NA	1289795	11666	1.9772118	11642	553	1330.0	mappable	0.07167222	6.0	self	0.007079218087	0.00173310225	0.0017939209	0.09852843	0.10026153	146540101	146540101	147829895	147829895	0.18054278	1	401361.87	20.816934	1.0031046	NA	NA	0.0	0.9886059	0.988605902	1	1	1:1	2	neutral	4174742
1	149815060	157394998	NA	7579942	82898	1.9772118	82552	2986	10420.0	mappable	0.08215	6.0	self	0.006573257687	0.00030012005	0.002560861	0.08751297	0.08781309	149815060	149815060	157389976	157394998	0.18191293	1	401361.87	20.816934	1.0031046	NA	NA	0.0	0.9886059	0.988605902	1	1	1:1	2	neutral	4174742
1	157394999	157739971	NA	344974	4834	2.19756322	4832	85	531.0	mappable	0.05485	7.0	identical	0.022537647205	0.01149425287	0.1331726135	0.10871853	0.12021278	157394999	157400021	157739929	157739971	0.13937631	1	457897.85	23.642644	1.0979634	NA	NA	0.0	1.0987816	1.098781608	1	1	1:1	2	neutral	4174742
1	157739972	167200011	NA	9460042	131866	1.9772118	131413	6682	15009.0	mappable	0.0782	6.0	self	0.000586627151	0.00014015417	0.0110600532	0.08630579	0.08644595	157739972	157740014	167199981	167200041	0.1568656	1	401361.87	20.816934	1.0031046	NA	NA	0.0	0.9886059	0.988605902	1	1	1:1	2	neutral	4174742
1	167200011	167380053	NA	180043	2510	2.19756322	2502	54	291.0	mappable	0.06255714	7.0	identical	0.019983872741	0.01612903226	0.1185939209	0.11456078	0.13068981	167199981	167200041	167379984	167380122	0.19950639	1	457897.85	23.642644	1.0979634	NA	NA	0.0	1.0987816	1.098781608	1	1	1:1	2	neutral	4174742
1	167380053	175169985	NA	7789934	102413	1.9772118	102079	3835	11822.0	mappable	0.080625	6.0	self	0.001940057119	0.00023986568	0.0159109216	0.08736226	0.08760213	167379984	167380122	175169957	175170013	0.16045769	1	401361.87	20.816934	1.0031046	NA	NA	0.0	0.9886059	0.988605902	1	1	1:1	2	neutral	4174742
1	175169985	175329980	NA	159996	2181	2.19756322	2170	111	259.0	mappable	0.06255577	7.0	identical	0.016195671078	0.00819672131	0.1201939209	0.11568935	0.12388607	175169957	175170013	175329958	175329980	0.11378129	1	457897.85	23.642644	1.0979634	NA	NA	0.0	1.0987816	1.098781608	1	1	1:1	2	neutral	4174742
1	175329981	248149995	NA	72820022	1007183	1.9772118	1003660	48779	116060.0	mappable	0.078725	6.0	NA	0.001030439577	1.911973e-05	0.0020576118	0.07657603	0.07659515	175329981	175330003	248149984	248150006	0.14834507	1	401361.87	20.816934	1.0031046	NA	NA	0.0	0.9886059	0.988605902	1	1	1:1	2	neutral	4174742
1	248149995	248174966	NA	24972	220	2.21646406	220	0	39.0	mappable	NA	NA	NA	NA	inf	0.1068939209	0.13691106	inf	248149984	248150006	248159927	248174966	NA	missing	456721.67	NA	1.1061	NA	NA	NA	NA	NA	NA	NA	NA	NA	NA	4174742
1	248174967	248984991	NA	810025	7613	1.9772118	7546	582	793.0	mappable	0.06751111	6.0	NA	0.010301440309	0.00154083205	0.0183939209	0.10189729	0.10343812	248174967	248190006	248899973	248984991	0.18904828	1	401361.87	20.816934	1.0031046	NA	NA	0.0	0.9886059	0.988605902	1	1	1:1	2	neutral	4174742
1	248984992	249209945	NA	224954	2562	1.83240499	2555	37	336.0	mappable	0.07624643	1.0	edge	0.011919297452	0.02272727273	0.0633060791	0.11249055	0.13521783	248984992	249070010	249209945	249209945	0.22976045	1	370677.52	19.281961	0.9407669	NA	NA	0.0	0.9162025	0.916202496	1	1	1:1	2	neutral	4174742
2	20016	48009989	NA	47989980	744121	1.9772118	741453	34227	87143.0	mappable	0.078725	6.0	edge	0.000285219519	2.710468e-05	0.0150476331	0.07838149	0.07840859	20016	20016	48009950	48010028	0.14820409	1	401361.87	20.816934	1.0031046	NA	NA	0.0	0.9886059	0.988605902	1	1	1:1	2	neutral	4174742
2	48009989	48039978	NA	29990	751	2.30403894	749	0	88.0	mappable	NA	NA	NA	0.15201779046	0.5	0.1445939209	0.13447915	0.63447915	48009950	48010028	48039952	48039978	NA	missing	459394.05	NA	1.1438	NA	NA	NA	NA	NA	NA	NA	NA	NA	NA	4174742
2	48039979	48045349	NA	5371	85	2.03271941	85	0	15.0	mappable	NA	NA	NA	NA	inf	0.0277939209	0.1614078	inf	48039979	48040005	48045290	48045349	NA	missing	458092.0	NA	1.027	NA	NA	NA	NA	NA	NA	NA	NA	NA	NA	4174742
2	48045350	48106512	INV	61163	1036	1.98209161	1035	3	120.0	mappable	0.31045054	3.0	NA	0.258151500868	0.25	0.0332939209	0.12578322	0.37578322	48045350	48045468	48106417	48106512	NA	missing	407233.09	27.528305	1.0052053	NA	NA	NA	NA	NA	NA	NA	NA	NA	NA	4174742
2	48106513	55519986	INV	7413474	124608	1.9772118	124220	6663	13456.0	mappable	0.0753	6.0	self	2.6440309e-05	0.00014182385	0.0204939209	0.08763582	0.08777764	48106513	48106696	55519947	55519986	0.13332827	1	401361.87	20.816934	1.0031046	NA	NA	0.0	0.9886059	0.988605902	1	1	1:1	2	neutral	4174742
2	55519987	55629988	NA	110002	1715	2.19756322	1707	40	213.0	mappable	0.0537	7.0	identical	0.022183583166	0.02083333333	0.1336939209	0.11942316	0.14025649	55519987	55520026	55629915	55629988	0.44754002	2	457897.85	23.642644	1.0979634	21.12144	0.5189528	0.03790563	1.0571316	1.140431615	1	1	1:1	2	mixDH	4174742
2	55629989	66009978	NA	10379992	142543	1.9772118	142141	5684	16307.0	mappable	0.078725	6.0	self	9.9053684e-05	0.00016431153	0.0399058534	0.08581002	0.08597433	55629989	55630062	66009948	66010008	0.14824999	1	401361.87	20.816934	1.0031046	NA	NA	0.0	0.9886059	0.988605902	1	1	1:1	2	neutral	4174742
2	66009978	66039972	NA	29995	453	2.19756322	451	0	43.0	mappable	NA	7.0	identical	0.001586826076	0.5	0.1421939209	0.13447698	0.63447698	66009948	66010008	66039943	66039972	NA	missing	457897.85	NA	1.0979634	NA	NA	NA	NA	NA	NA	NA	NA	NA	NA	4174742
2	66039973	87059860	NA	21019889	295682	1.9772118	294869	12377	33353.0	mappable	0.078725	6.0	self	0.000147795855	7.581501e-05	0.0040726719	0.08221909	0.0822949	66039973	66040002	87059860	87059860	0.14243398	1	401361.87	20.816934	1.0031046	NA	NA	0.0	0.9886059	0.988605902	1	1	1:1	2	neutral	4174742
2	88330099	89094923	NA	764825	9466	1.9772118	9435	346	1146.0	mappable	0.09730244	6.0	self	0.02516746213	0.00265251989	0.0265939209	0.10232916	0.10498168	88330099	88330099	89059837	89130009	0.11209744	1	401361.87	20.816934	1.0031046	NA	NA	0.0	0.9886059	0.988605902	1	1	1:1	2	neutral	4174742
2	89094923	89229990	NA	135068	2404	-0.01983141	2399	33	252.0	mappable	0.9932	NA	NA	0.914448559691	0.02702702703	0.8558060791	0.11734798	0.14437501	89059837	89130009	89229990	89229990	0.09301961	1	59550.32	3.573019	0.1434	NA	NA	0.0	0.0	-0.009915706	0	0	0:0	0	LOH	4174742
2	89229991	89475798	NA	245808	0	0.0	0	0	NA	mappable	NA	NA	NA	NA	inf	0.9992060791	0.11168709	inf	89229991	89229991	89475798	89475798	NA	missing	NA	NA	0.0	NA	NA	0.0	0.0	0.0	0	0	NA	0	homozygousDel	4174742
2	89840102	90239998	NA	399897	914	2.19756322	907	17	90.0	mappable	0.0705	7.0	NA	0.003397092483	0.04166666667	0.1223939209	0.10747332	0.14913999	89840102	89840102	90239998	90239998	NA	missing	457897.85	23.642644	1.0979634	NA	NA	NA	NA	NA	NA	NA	NA	NA	NA	4174742
2	95580145	96109951	NA	529807	4171	1.83240499	4157	40	573.0	mappable	0.10676905	1.0	NA	0.019048559691	0.01851851852	0.0549060791	0.10517953	0.12369805	95580145	95580145	96059869	96109951	0.23086951	1	370677.52	19.281961	0.9407669	NA	NA	0.0	0.9162025	0.916202496	1	1	1:1	2	neutral	4174742
2	96109952	96239991	NA	130040	270	2.10937647	270	0	24.0	mappable	NA	NA	NA	NA	inf	0.0607939209	0.11772603	inf	96109952	96160034	96239991	96239991	NA	missing	442697.42	NA	1.06	NA	NA	NA	NA	NA	NA	NA	NA	NA	NA	4174742
2	96239992	96740020	NA	500029	0	0.0	0	0	NA	mappable	NA	NA	NA	NA	inf	0.9992060791	0.10564318	inf	96239992	96239992	96740020	96740020	NA	missing	NA	NA	0.0	NA	NA	0.0	0.0	0.0	0	0	NA	0	homozygousDel	4174742
2	96740021	132040002	NA	35299987	447882	1.9772118	446671	19271	51922.0	mappable	0.078725	6.0	NA	0.001215166232	4.882336e-05	0.0021855084	0.07976656	0.07981538	96740021	96740021	131919989	132040002	0.13950617	1	401361.87	20.816934	1.0031046	NA	NA	0.0	0.9886059	0.988605902	1	1	1:1	2	neutral	4174742
2	132040003	132189994	NA	149992	468	2.19756322	468	19	52.0	mappable	0.08310094	7.0	NA	0.004349497043	0.05263157895	0.0890939209	0.11631609	0.16894767	132040003	132160016	132189994	132189994	NA	missing	457897.85	23.642644	1.0979634	NA	NA	NA	NA	NA	NA	NA	NA	NA	NA	4174742
2	132189995	133009999	NA	820005	0	0.0	0	0	NA	mappable	NA	NA	NA	NA	inf	0.9992060791	0.10180566	inf	132189995	132189995	133009999	133009999	NA	missing	NA	NA	0.0	NA	NA	0.0	0.0	0.0	0	0	NA	0	homozygousDel	4174742
2	133010000	169230077	NA	36220083	489594	1.9772118	487998	23099	54418.0	mappable	0.078725	6.0	NA	0.000548525772	4.049403e-05	0.0033152833	0.07964863	0.07968913	133010000	133010000	169229926	169230077	0.1382217	1	401361.87	20.816934	1.0031046	NA	NA	0.0	0.9886059	0.988605902	1	1	1:1	2	neutral	4174742
2	169230078	169265066	NA	34989	330	2.11820365	330	0	32.0	mappable	NA	NA	NA	NA	inf	0.0645939209	0.13249759	inf	169230078	169230229	169259955	169270177	NA	missing	434157.44	NA	1.0638	NA	NA	NA	NA	NA	NA	NA	NA	NA	NA	4174742
2	169265066	179489944	NA	10224881	138269	1.9772118	137832	5185	16167.0	mappable	0.08076522	6.0	NA	0.002454051652	0.00017787264	0.0009403579	0.08589006	0.08606794	169259955	169270177	179489870	179489944	0.16147979	1	401361.87	20.816934	1.0031046	NA	NA	0.0	0.9886059	0.988605902	1	1	1:1	2	neutral	4174742
2	179489945	182289985	NA	2800041	39058	2.19756322	38969	1012	4302.0	mappable	0.07039231	7.0	identical	0.008359132616	0.00090826521	0.1092939209	0.09338369	0.09429195	179489945	179490019	182289969	182290001	0.1219811	1	457897.85	23.642644	1.0979634	NA	NA	0.0	1.0987816	1.098781608	1	1	1:1	2	neutral	4174742
2	182289985	190295036	NA	8005052	104946	1.9772118	104675	4603	11244.0	mappable	0.078725	6.0	NA	2.6440309e-05	0.00020517029	0.0104939209	0.08721255	0.08741772	182289969	182290001	190289968	190295036	0.11470894	1	401361.87	20.816934	1.0031046	NA	NA	0.0	0.9886059	0.988605902	1	1	1:1	2	neutral	4174742
2	190295037	190310059	NA	15023	153	1.76627806	153	0	16.0	mappable	NA	NA	NA	NA	inf	0.0869060791	0.14414534	inf	190295037	190300105	190309984	190310134	NA	missing	390441.25	NA	0.9123	NA	NA	NA	NA	NA	NA	NA	NA	NA	NA	4174742
2	190310059	196539990	NA	6229934	82297	1.9772118	82034	2503	9031.0	mappable	0.08038214	6.0	NA	0.000145131332	0.0003615329	0.0059357485	0.08861012	0.08897165	190309984	190310134	196539974	196539990	0.18107987	1	401361.87	20.816934	1.0031046	NA	NA	0.0	0.9886059	0.988605902	1	1	1:1	2	neutral	4174742
2	196539991	197260000	NA	720010	9610	2.19756322	9598	103	1144.0	mappable	0.05861667	7.0	NA	0.017543106975	0.00869565217	0.1006939209	0.1027873	0.11148295	196539991	196540007	197259995	197260005	0.07937875	1	457897.85	23.642644	1.0979634	NA	NA	0.0	1.0987816	1.098781608	1	1	1:1	2	neutral	4174742
2	197260000	197280118	NA	20119	262	2.05060606	261	0	35.0	mappable	NA	NA	NA	0.721248559691	1.0	0.0354939209	0.13989662	1.13989662	197259995	197260005	197279994	197280118	NA	missing	449269.93	NA	1.0347	NA	NA	NA	NA	NA	NA	NA	NA	NA	NA	4174742
2	197280119	197309953	NA	29835	375	2.19756322	375	2	44.0	mappable	0.08247903	7.0	NA	0.003727590446	0.5	0.1232939209	0.13454678	0.63454678	197280119	197280243	197309882	197310024	NA	missing	457897.85	23.642644	1.0979634	NA	NA	NA	NA	NA	NA	NA	NA	NA	NA	4174742
2	197309953	241349978	NA	44040032	612938	1.9772118	610815	28365	71658.0	mappable	0.078725	6.0	NA	0.001501456699	3.279979e-05	0.0030746511	0.078764	0.0787968	197309882	197310024	241349883	241349978	0.16077952	1	401361.87	20.816934	1.0031046	NA	NA	0.0	0.9886059	0.988605902	1	1	1:1	2	neutral	4174742
2	241349979	241369981	NA	20003	434	1.993694	434	0	61.0	mappable	NA	NA	NA	NA	inf	0.0109939209	0.1399783	inf	241349979	241350074	241369961	241370001	NA	missing	370835.24	NA	1.0102	NA	NA	NA	NA	NA	NA	NA	NA	NA	NA	4174742
2	241369981	242999969	NA	1629989	25250	1.9772118	25097	1059	3399.0	mappable	0.089	6.0	edge	0.017098559691	0.00082508251	0.0252060791	0.09691598	0.09774107	241369961	241370001	242999969	242999969	0.16563545	1	401361.87	20.816934	1.0031046	NA	NA	0.0	0.9886059	0.988605902	1	1	1:1	2	neutral	4174742
3	100074	39340014	NA	39239947	602794	1.9772118	600807	30742	67999.0	mappable	0.078725	6.0	edge	0.00030239698	3.055488e-05	0.0153651177	0.07928385	0.0793144	100074	100074	39339979	39340014	0.14192979	1	401361.87	20.816934	1.0031046	NA	NA	0.0	0.9886059	0.988605902	1	1	1:1	2	neutral	4174742
3	39340015	39390014	NA	50000	580	2.19756322	580	3	69.0	mappable	0.09336181	7.0	identical	0.014610365247	0.33333333333	0.1299939209	0.12812595	0.46145928	39340015	39340050	39389936	39390092	NA	missing	457897.85	23.642644	1.0979634	NA	NA	NA	NA	NA	NA	NA	NA	NA	NA	4174742
3	39390014	42529967	NA	3139955	40474	1.9772118	40354	1363	4839.0	mappable	0.07937045	6.0	self	0.003555031704	0.00067430883	0.0155077223	0.09266848	0.09334278	39389936	39390092	42529925	42530009	0.14910399	1	401361.87	20.816934	1.0031046	NA	NA	0.0	0.9886059	0.988605902	1	1	1:1	2	neutral	4174742
3	42529967	42600012	NA	70046	1006	1.83240499	1004	31	154.0	mappable	0.07180735	1.0	NA	0.005321894854	0.0303030303	0.0563060791	0.12425436	0.15455739	42529925	42530009	42599854	42600170	NA	missing	370677.52	19.281961	0.9407669	NA	NA	NA	NA	NA	NA	NA	NA	NA	NA	4174742
3	42600012	42690037	NA	90026	1134	2.09148982	1132	1	154.0	mappable	0.08571429	NA	NA	0.089530702548	0.33333333333	0.0530939209	0.12152105	0.45485438	42599854	42600170	42689993	42690081	NA	missing	436295.22	23.684598	1.0523	NA	NA	NA	NA	NA	NA	NA	NA	NA	NA	4174742
3	42690037	84209999	NA	41519967	566472	1.9772118	564785	24016	65277.0	mappable	0.078725	6.0	NA	0.001683550567	3.890596e-05	0.001385333	0.07902857	0.07906748	42689993	42690081	84209968	84209999	0.15419234	1	401361.87	20.816934	1.0031046	NA	NA	0.0	0.9886059	0.988605902	1	1	1:1	2	neutral	4174742
3	84210000	84230015	NA	20016	352	2.14677582	352	0	31.0	mappable	NA	NA	NA	NA	inf	0.0768939209	0.13996912	inf	84210000	84210031	84229999	84230015	NA	missing	406289.56	NA	1.0761	NA	NA	NA	NA	NA	NA	NA	NA	NA	NA	4174742
3	84230016	90499969	NA	6269954	90002	1.9772118	89719	3713	9591.0	mappable	0.08255833	6.0	NA	0.003398559691	0.00025025025	0.0052939209	0.08857387	0.08882412	84230016	84230032	90499969	90499969	0.13811672	1	401361.87	20.816934	1.0031046	NA	NA	0.0	0.9886059	0.988605902	1	1	1:1	2	neutral	4174742
3	93570175	197779892	NA	104209727	1418619	1.9772118	1413885	68904	160766.0	mappable	0.078725	6.0	edge	8.9752954e-05	1.358013e-05	0.0060759194	0.07508941	0.07510299	93570175	93570175	197779892	197779892	0.14256576	1	401361.87	20.816934	1.0031046	NA	NA	0.0	0.9886059	0.988605902	1	1	1:1	2	neutral	4174742
4	50084	8939952	NA	8889871	145735	1.9772118	144805	6801	18665.0	mappable	0.078725	6.0	edge	0.000860581841	0.00012936611	0.0099809362	0.08664111	0.08677047	50084	50084	8939952	8939952	0.15799699	1	401361.87	20.816934	1.0031046	NA	NA	0.0	0.9886059	0.988605902	1	1	1:1	2	neutral	4174742
4	9800043	49089961	NA	39289921	598541	1.9772118	596745	28879	66207.0	mappable	0.08041136	6.0	self	7.3353823e-05	3.259984e-05	0.0123021359	0.07927808	0.07931067	9800043	9800043	49089961	49089961	0.1403212	1	401361.87	20.816934	1.0031046	NA	NA	0.0	0.9886059	0.988605902	1	1	1:1	2	neutral	4174742
4	52680564	78659951	NA	25979389	367884	1.9772118	366664	18462	40036.0	mappable	0.078725	6.0	self	9.1724473e-05	5.080784e-05	0.01041452	0.08119894	0.08124975	52680564	52680564	78659886	78660016	0.14821921	1	401361.87	20.816934	1.0031046	NA	NA	0.0	0.9886059	0.988605902	1	1	1:1	2	neutral	4174742
4	78659951	78740004	NA	80054	1010	2.19756322	1010	28	133.0	mappable	0.0807625	7.0	identical	0.002011059691	0.03571428571	0.1415939209	0.12278461	0.1584989	78659886	78660016	78739942	78740066	NA	missing	457897.85	23.642644	1.0979634	NA	NA	NA	NA	NA	NA	NA	NA	NA	NA	4174742
4	78740004	81140015	NA	2400012	31931	1.9772118	31838	1482	3611.0	mappable	0.078725	6.0	self	0.000180336988	0.00063492063	0.0295626002	0.09436361	0.09499853	78739942	78740066	81139998	81140015	0.14653134	1	401361.87	20.816934	1.0031046	NA	NA	0.0	0.9886059	0.988605902	1	1	1:1	2	neutral	4174742
4	81140016	82389965	NA	1249950	17619	2.19756322	17586	549	1817.0	mappable	0.08362823	7.0	NA	0.002563944307	0.00171821306	0.1106939209	0.09874866	0.10046688	81140016	81140033	82389882	82389965	0.14520827	1	457897.85	23.642644	1.0979634	NA	NA	0.0	1.0987816	1.098781608	1	1	1:1	2	neutral	4174742
4	82389966	82409991	NA	20026	261	2.09311588	261	1	31.0	mappable	0.1372549	NA	NA	0.058503461652	1.0	0.0537939209	0.13996206	1.13996206	82389966	82390049	82409944	82410038	NA	missing	419412.21	23.848929	1.053	NA	NA	NA	NA	NA	NA	NA	NA	NA	NA	4174742
4	82409991	82989931	NA	579941	8251	2.19756322	8234	595	875.0	mappable	0.07673621	7.0	NA	0.002922028544	0.00163398693	0.1048939209	0.10446294	0.10609692	82409944	82410038	82989854	82990008	0.1352185	1	457897.85	23.642644	1.0979634	NA	NA	0.0	1.0987816	1.098781608	1	1	1:1	2	neutral	4174742
4	82989931	91359927	NA	8369997	109663	1.9772118	109272	5719	12193.0	mappable	0.08174242	6.0	NA	0.003398559691	0.00016366612	0.0149939209	0.08696864	0.0871323	82989854	82990008	91359823	91359927	0.17770573	1	401361.87	20.816934	1.0031046	NA	NA	0.0	0.9886059	0.988605902	1	1	1:1	2	neutral	4174742
4	91359928	91410002	NA	50075	604	1.81389835	604	0	80.0	mappable	NA	NA	NA	NA	inf	0.0664060791	0.1281082	inf	91359928	91360032	91399990	91420014	NA	missing	366416.81	NA	0.9328	NA	NA	NA	NA	NA	NA	NA	NA	NA	NA	4174742
4	91410002	145384382	NA	53974387	716243	1.9772118	714055	35385	76475.0	mappable	0.078725	6.0	NA	1.6903557e-05	2.661556e-05	0.0063635548	0.07786412	0.07789074	91399990	91420014	145384361	145384382	0.13741449	1	401361.87	20.816934	1.0031046	NA	NA	0.0	0.9886059	0.988605902	1	1	1:1	2	neutral	4174742
4	145384383	145404990	NA	20608	230	2.21832241	230	0	24.0	mappable	NA	NA	NA	NA	inf	0.1076939209	0.13955841	inf	145384383	145384404	145399980	145410000	NA	missing	442403.41	NA	1.1069	NA	NA	NA	NA	NA	NA	NA	NA	NA	NA	4174742
4	145404990	185039971	NA	39634990	568165	1.9772118	566227	25473	62679.0	mappable	0.078725	6.0	NA	0.001476343951	3.64817e-05	0.0034423265	0.07923845	0.07927493	145399980	145410000	185039841	185039971	0.15210899	1	401361.87	20.816934	1.0031046	NA	NA	0.0	0.9886059	0.988605902	1	1	1:1	2	neutral	4174742
4	185039972	185060030	NA	20059	386	2.380696	386	0	42.0	mappable	NA	NA	NA	NA	inf	0.1775939209	0.1399388	inf	185039972	185040102	185059994	185060030	NA	missing	465194.63	NA	1.1768	NA	NA	NA	NA	NA	NA	NA	NA	NA	NA	4174742
4	185060031	190939951	NA	5879921	98638	1.9772118	97794	4736	12236.0	mappable	0.078725	6.0	edge	0.001098653777	0.00017921147	0.017035437	0.08893883	0.08911804	185060031	185060067	190939951	190939951	0.16617323	1	401361.87	20.816934	1.0031046	NA	NA	0.0	0.9886059	0.988605902	1	1	1:1	2	neutral	4174742
5	50017	46399990	NA	46349979	689174	1.9772118	686729	32662	77596.0	mappable	0.078725	6.0	edge	0.000409696281	2.848516e-05	0.0079935151	0.07853589	0.07856437	50017	50017	46399990	46399990	0.14543918	1	401361.87	20.816934	1.0031046	NA	NA	0.0	0.9886059	0.988605902	1	1	1:1	2	neutral	4174742
5	49470005	68829703	NA	19359700	256570	1.9772118	255751	11103	29117.0	mappable	0.07647308	6.0	self	0.002408519358	8.387854e-05	0.0076099781	0.08262225	0.08270613	49470005	49470005	68829703	68829703	0.14785668	1	401361.87	20.816934	1.0031046	NA	NA	0.0	0.9886059	0.988605902	1	1	1:1	2	neutral	4174742
5	70750153	130469963	NA	59719818	845344	1.9772118	843023	36364	92721.0	mappable	0.078725	6.0	NA	0.000991388542	2.584981e-05	0.0107930953	0.07742423	0.07745008	70750153	70750153	130449850	130469963	0.15177291	1	401361.87	20.816934	1.0031046	NA	NA	0.0	0.9886059	0.988605902	1	1	1:1	2	neutral	4174742
5	130469964	130499911	NA	29948	160	2.32610688	160	0	22.0	mappable	NA	NA	NA	NA	inf	0.1540939209	0.13449744	inf	130469964	130490077	130499758	130500064	NA	missing	459702.9	NA	1.1533	NA	NA	NA	NA	NA	NA	NA	NA	NA	NA	4174742
5	130499911	180689979	NA	50190074	684395	1.9772118	682163	32340	80285.0	mappable	0.078725	6.0	edge	0.000873972282	2.892514e-05	0.004811704	0.07818334	0.07821226	130499758	130500064	180689979	180689979	0.14051517	1	401361.87	20.816934	1.0031046	NA	NA	0.0	0.9886059	0.988605902	1	1	1:1	2	neutral	4174742
6	201976	779988	NA	578013	9849	2.19756322	9618	257	1238.0	mappable	0.07686087	7.0	edge	0.006876440309	0.00204918033	0.0713939209	0.10448915	0.10653834	201976	201976	779977	779988	0.26641978	1	457897.85	23.642644	1.0979634	NA	NA	0.0	1.0987816	1.098781608	1	1	1:1	2	neutral	4174742
6	779989	18199963	NA	17419977	261411	1.9772118	260406	13013	30983.0	mappable	0.078725	6.0	self	0.001593846715	7.133685e-05	0.0073596297	0.08314543	0.08321676	779989	780000	18199917	18199963	0.14188655	1	401361.87	20.816934	1.0031046	NA	NA	0.0	0.9886059	0.988605902	1	1	1:1	2	neutral	4174742
6	18199964	18900047	NA	700084	9797	2.19756322	9735	913	1073.0	mappable	0.0672	7.0	identical	0.011655011737	0.00102564103	0.1088939209	0.10300163	0.10402727	18199964	18200010	18899996	18900098	0.09722673	1	457897.85	23.642644	1.0979634	NA	NA	0.0	1.0987816	1.098781608	1	1	1:1	2	neutral	4174742
6	18900047	57679983	NA	38779942	578047	1.9772118	571878	31206	67119.0	mappable	0.078725	6.0	self	0.001046988653	2.6758e-05	0.009331057	0.07933735	0.07936411	18899996	18900098	57679949	57679983	0.1634787	1	401361.87	20.816934	1.0031046	NA	NA	0.0	0.9886059	0.988605902	1	1	1:1	2	neutral	4174742
6	57679984	58019982	NA	339999	647	1.83240499	640	32	85.0	mappable	0.1165	1.0	NA	0.05093744858	0.02564102564	0.0948060791	0.10884252	0.13448355	57679984	57680018	58019982	58019982	0.15103215	1	370677.52	19.281961	0.9407669	NA	NA	0.0	0.9162025	0.916202496	1	1	1:1	2	neutral	4174742
6	58610011	58769997	NA	159987	572	1.9772118	571	27	56.0	mappable	0.06592778	6.0	self	0.012823664867	0.03571428571	0.0139939209	0.11568989	0.15140418	58610011	58610011	58769997	58769997	NA	missing	401361.87	20.816934	1.0031046	NA	NA	NA	NA	NA	NA	NA	NA	NA	NA	4174742
6	61890002	90719849	NA	28829852	405115	1.9772118	403753	21460	43200.0	mappable	0.078725	6.0	self	0.001475112226	4.381737e-05	0.0011076945	0.0807068	0.08075061	61890002	61890002	90719689	90719849	0.14613713	1	401361.87	20.816934	1.0031046	NA	NA	0.0	0.9886059	0.988605902	1	1	1:1	2	neutral	4174742
6	90719850	91755014	NA	1035165	13780	2.19756322	13754	771	1545.0	mappable	0.07413864	7.0	identical	0.006351440309	0.00125470514	0.1026939209	0.10009294	0.10134764	90719850	90720010	91749983	91760045	0.12317833	1	457897.85	23.642644	1.0979634	NA	NA	0.0	1.0987816	1.098781608	1	1	1:1	2	neutral	4174742
6	91755014	170899935	NA	79144923	1119702	1.9772118	1115934	49918	127081.0	mappable	0.078725	6.0	edge	3.5858738e-05	1.862683e-05	0.0071278306	0.07622534	0.07624397	91749983	91760045	170899935	170899935	0.15744676	1	401361.87	20.816934	1.0031046	NA	NA	0.0	0.9886059	0.988605902	1	1	1:1	2	neutral	4174742
7	40386	869993	NA	829608	14673	1.83240499	14563	712	2005.0	mappable	0.09585	1.0	edge	0.017098559691	0.00121654501	0.0601060791	0.10171869	0.10293523	40386	40386	869976	870010	0.20832959	1	370677.52	19.281961	0.9407669	NA	NA	0.0	0.9162025	0.916202496	1	1	1:1	2	neutral	4174742
7	869993	3589909	NA	2719917	48571	1.9772118	48279	2351	6326.0	mappable	0.08215	6.0	self	0.003398559691	0.00037835793	0.0202939209	0.09356668	0.09394504	869976	870010	3589815	3590003	0.1677623	1	401361.87	20.816934	1.0031046	NA	NA	0.0	0.9886059	0.988605902	1	1	1:1	2	neutral	4174742
7	3589909	3599973	NA	10065	234	2.32076412	230	0	28.0	mappable	NA	NA	identical	0.044594182244	0.25	0.1517939209	0.15040919	0.40040919	3589815	3590003	3599840	3599973	NA	missing	447084.4	NA	1.151	NA	NA	NA	NA	NA	NA	NA	NA	NA	NA	4174742
7	3599974	23919957	NA	20319985	334723	1.9772118	333830	15318	37077.0	mappable	0.078725	6.0	NA	0.0014987004	6.168651e-05	0.0080751935	0.08238455	0.08244624	3599974	3600107	23919908	23920006	0.1431915	1	401361.87	20.816934	1.0031046	NA	NA	0.0	0.9886059	0.988605902	1	1	1:1	2	neutral	4174742
7	23919957	23949969	NA	30013	479	1.88776788	479	0	52.0	mappable	NA	NA	NA	NA	inf	0.0346060791	0.13446915	inf	23919908	23920006	23949932	23950006	NA	missing	397845.86	NA	0.9646	NA	NA	NA	NA	NA	NA	NA	NA	NA	NA	4174742
7	23949969	49359992	NA	25410026	346787	1.9772118	345646	17864	40203.0	mappable	0.078725	6.0	NA	0.000200075378	5.261773e-05	0.0067150462	0.08130447	0.08135708	23949932	23950006	49359951	49360033	0.14288902	1	401361.87	20.816934	1.0031046	NA	NA	0.0	0.9886059	0.988605902	1	1	1:1	2	neutral	4174742
7	49359992	50530018	NA	1170030	16868	2.19756322	16818	778	1908.0	mappable	0.07663372	7.0	identical	0.000802252481	0.00120772947	0.1029603484	0.09921563	0.10042336	49359951	49360033	50529975	50530018	0.09765068	1	457897.85	23.642644	1.0979634	NA	NA	0.0	1.0987816	1.098781608	1	1	1:1	2	neutral	4174742
7	50530019	57999988	NA	7469970	92573	1.9772118	92277	5386	10384.0	mappable	0.078725	6.0	self	0.000353363399	0.00017602535	0.0173592674	0.08759378	0.08776981	50530019	50530062	57999988	57999988	0.11536382	1	401361.87	20.816934	1.0031046	NA	NA	0.0	0.9886059	0.988605902	1	1	1:1	2	neutral	4174742
7	61530139	72229988	NA	10699850	114095	1.9772118	113276	4705	13595.0	mappable	0.08215	6.0	self	0.001859104586	0.00018102824	0.02078254	0.08564912	0.08583015	61530139	61530139	72229988	72229988	0.148247	1	401361.87	20.816934	1.0031046	NA	NA	0.0	0.9886059	0.988605902	1	1	1:1	2	neutral	4174742
7	72750118	74139961	NA	1389844	10244	1.9772118	10188	390	1396.0	mappable	0.0754	6.0	self	8.4273977e-05	0.00224215247	0.0081939209	0.09800803	0.10025018	72750118	72750118	74139961	74139961	0.16265964	1	401361.87	20.816934	1.0031046	NA	NA	0.0	0.9886059	0.988605902	1	1	1:1	2	neutral	4174742
7	75160045	76059952	NA	899908	8419	1.9772118	8388	311	1191.0	mappable	0.09469052	6.0	self	0.019973559691	0.00292397661	0.0057939209	0.10111521	0.10403919	75160045	75160045	76059952	76059952	0.22163784	1	401361.87	20.816934	1.0031046	NA	NA	0.0	0.9886059	0.988605902	1	1	1:1	2	neutral	4174742
7	76810004	137889983	NA	61079989	799650	1.9772118	796938	32652	89841.0	mappable	0.078725	6.0	NA	0.000516770087	2.827734e-05	0.0063387269	0.07732697	0.07735525	76810004	76810004	137889941	137889983	0.15033565	1	401361.87	20.816934	1.0031046	NA	NA	0.0	0.9886059	0.988605902	1	1	1:1	2	neutral	4174742
7	137889984	137900002	NA	10019	192	2.18603353	192	0	21.0	mappable	NA	NA	NA	NA	inf	0.0937939209	0.15048398	inf	137889984	137890026	137899981	137900002	NA	missing	427367.5	NA	1.093	NA	NA	NA	NA	NA	NA	NA	NA	NA	NA	4174742
7	137900003	156409995	NA	18509997	241711	1.9772118	240701	12765	28218.0	mappable	0.08215	6.0	NA	0.004225549662	7.259528e-05	0.0134526413	0.08284386	0.08291645	137900003	137900024	156409970	156409995	0.15342084	1	401361.87	20.816934	1.0031046	NA	NA	0.0	0.9886059	0.988605902	1	1	1:1	2	neutral	4174742
7	156409996	156419992	NA	9997	167	2.20484935	167	0	20.0	mappable	NA	NA	NA	NA	inf	0.1018939209	0.1505199	inf	156409996	156410021	156419984	156420000	NA	missing	435400.0	NA	1.1011	NA	NA	NA	NA	NA	NA	NA	NA	NA	NA	4174742
7	156419992	159119808	NA	2699817	47540	1.9772118	47060	2086	6755.0	mappable	0.0753	6.0	edge	2.6440309e-05	0.00039016777	0.0349060791	0.09361354	0.09400371	156419984	156420000	159119808	159119808	0.1817691	1	401361.87	20.816934	1.0031046	NA	NA	0.0	0.9886059	0.988605902	1	1	1:1	2	neutral	4174742
8	170012	2370016	NA	2200005	49342	1.83240499	48838	2492	6359.0	mappable	0.0753	1.0	edge	2.6440309e-05	0.00033377837	0.0613060791	0.09492586	0.09525963	170012	170012	2369994	2370016	0.16295026	1	370677.52	19.281961	0.9407669	NA	NA	0.0	0.9162025	0.916202496	1	1	1:1	2	neutral	4174742
8	2370017	5059996	NA	2689989	91452	1.9772118	91236	4664	9979.0	mappable	0.078725	6.0	NA	0.001780344335	0.00020491803	0.0030846592	0.0936366	0.09384152	2370017	2370039	5059988	5060004	0.22738463	1	401361.87	20.816934	1.0031046	NA	NA	0.0	0.9886059	0.988605902	1	1	1:1	2	neutral	4174742
8	5059996	5089997	NA	30002	1005	1.82853288	1005	0	114.0	mappable	NA	NA	NA	NA	inf	0.0601060791	0.13447393	inf	5059988	5060004	5089980	5090014	NA	missing	371501.63	NA	0.9391	NA	NA	NA	NA	NA	NA	NA	NA	NA	NA	4174742
8	5089997	6919904	NA	1829913	51576	1.9772118	51434	2243	6050.0	mappable	0.0782	6.0	NA	0.001370300228	0.00041928721	0.0032975441	0.09613839	0.09655768	5089980	5090014	6919904	6919904	0.17133508	1	401361.87	20.816934	1.0031046	NA	NA	0.0	0.9886059	0.988605902	1	1	1:1	2	neutral	4174742
8	8100000	10840023	NA	2740024	58311	1.9772118	58164	1525	7058.0	mappable	0.07416667	6.0	self	0.003426440309	0.00059808612	0.0013939209	0.09352019	0.09411827	8100000	8100000	10839965	10840023	0.17365264	1	401361.87	20.816934	1.0031046	NA	NA	0.0	0.9886059	0.988605902	1	1	1:1	2	neutral	4174742
8	10840024	10850055	NA	10032	226	2.44248624	225	1	31.0	mappable	0.05882353	NA	NA	0.21536620675	0.5	0.2041939209	0.15046281	0.65046281	10840024	10840082	10849914	10850196	NA	missing	440806.2	23.336799	1.2034	NA	NA	NA	NA	NA	NA	NA	NA	NA	NA	4174742
8	10850055	10900023	NA	49969	1058	2.19756322	1057	29	136.0	mappable	0.06312973	7.0	NA	0.019498737606	0.03333333333	0.0595939209	0.12813329	0.16146663	10849914	10850196	10899975	10900023	NA	missing	457897.85	23.642644	1.0979634	NA	NA	NA	NA	NA	NA	NA	NA	NA	NA	4174742
8	10900024	10910019	NA	9996	228	2.37744388	228	0	29.0	mappable	NA	NA	NA	NA	inf	0.1761939209	0.15052154	inf	10900024	10900072	10909973	10910019	NA	missing	418217.0	NA	1.1754	NA	NA	NA	NA	NA	NA	NA	NA	NA	NA	4174742
8	10910020	11379966	NA	469947	9985	2.19756322	9963	224	1226.0	mappable	0.078175	7.0	NA	0.003451440309	0.00406504065	0.0790939209	0.10614506	0.1102101	10910020	10910066	11379923	11379966	0.08430229	1	457897.85	23.642644	1.0979634	NA	NA	0.0	1.0987816	1.098781608	1	1	1:1	2	neutral	4174742
8	11379967	11390012	NA	10046	307	2.37442406	307	0	35.0	mappable	NA	NA	NA	NA	inf	0.1748939209	0.15044003	inf	11379967	11380010	11389980	11390044	NA	missing	473085.0	NA	1.1741	NA	NA	NA	NA	NA	NA	NA	NA	NA	NA	4174742
8	11390012	11859985	NA	469974	9216	1.9772118	9201	178	1117.0	mappable	0.08580278	6.0	NA	0.005781893025	0.00518134715	0.0045060791	0.1061446	0.11132594	11389980	11390044	11859985	11859985	0.26414192	1	401361.87	20.816934	1.0031046	NA	NA	0.0	0.9886059	0.988605902	1	1	1:1	2	neutral	4174742
8	12580042	43789991	NA	31209955	520550	1.9772118	518873	24343	59620.0	mappable	0.078725	6.0	self	0.000760173729	3.843345e-05	0.0007039701	0.08033579	0.08037423	12580042	12580042	43789991	43789991	0.14433316	1	401361.87	20.816934	1.0031046	NA	NA	0.0	0.9886059	0.988605902	1	1	1:1	2	neutral	4174742
8	46880007	46919997	NA	39991	1149	1.9772118	1133	19	117.0	mappable	0.06043284	6.0	self	0.002345128319	0.02857142857	0.0398939209	0.1308268	0.15939823	46880007	46880007	46919932	46920062	NA	missing	401361.87	20.816934	1.0031046	NA	NA	NA	NA	NA	NA	NA	NA	NA	NA	4174742
8	46919997	46939979	NA	19983	454	1.62574012	453	7	53.0	mappable	0.11509325	NA	identical	0.037663639056	0.125	0.1474060791	0.13999244	0.26499244	46919932	46920062	46939937	46939979	NA	missing	329900.73	17.763886	0.8518	NA	NA	NA	NA	NA	NA	NA	NA	NA	NA	4174742
8	46939980	53619952	NA	6679973	89873	1.9772118	89668	2957	10062.0	mappable	0.08185833	6.0	NA	0.003398559691	0.00031625553	0.0127939209	0.08821683	0.08853309	46939980	46940022	53619867	53620037	0.12785746	1	401361.87	20.816934	1.0031046	NA	NA	0.0	0.9886059	0.988605902	1	1	1:1	2	neutral	4174742
8	53619952	53635056	NA	15105	119	1.73491835	119	0	23.0	mappable	NA	NA	NA	NA	inf	0.1004060791	0.14406379	inf	53619867	53620037	53629998	53640114	NA	missing	377573.3	NA	0.8988	NA	NA	NA	NA	NA	NA	NA	NA	NA	NA	4174742
8	53635056	81279978	NA	27644925	379329	1.9772118	378111	16663	42612.0	mappable	0.078725	6.0	NA	0.000868861501	5.592528e-05	0.0110647625	0.08090448	0.0809604	53629998	53640114	81279941	81280015	0.15632442	1	401361.87	20.816934	1.0031046	NA	NA	0.0	0.9886059	0.988605902	1	1	1:1	2	neutral	4174742
8	81279978	81294966	NA	14989	168	2.28127412	168	0	22.0	mappable	NA	NA	NA	NA	inf	0.1347939209	0.1441793	inf	81279941	81280015	81289914	81300018	NA	missing	457605.0	NA	1.134	NA	NA	NA	NA	NA	NA	NA	NA	NA	NA	4174742
8	81294966	128748322	NA	47453357	645184	1.9772118	643009	31079	71207.0	mappable	0.078725	6.0	NA	2.5239373e-05	3.007338e-05	0.0124974751	0.07843135	0.07846142	81289914	81300018	128748307	128748322	0.13023665	1	401361.87	20.816934	1.0031046	NA	NA	0.0	0.9886059	0.988605902	1	1	1:1	2	neutral	4174742
8	128748323	128748326	CTX	4	0	0.0	0	0	NA	mappable	NA	NA	NA	NA	inf	0.9992060791	1.0	inf	128748323	128748323	128748326	128748326	NA	missing	NA	NA	0.0	NA	NA	0.0	0.0	0.0	0	0	NA	0	homozygousDel	4174742
8	128748327	128748517	CTX	191	8	1.93143918	8	0	1.0	mappable	NA	NA	NA	NA	inf	0.0158060791	0.26394177	inf	128748327	128748328	128748498	128748517	NA	missing	370515.0	NA	0.9834	NA	NA	NA	NA	NA	NA	NA	NA	NA	NA	4174742
8	128748518	146289988	CTX	17541471	272077	1.9772118	270961	13645	32156.0	mappable	0.078725	6.0	edge	0.00012474928	6.775068e-05	0.0141748512	0.08311078	0.08317853	128748518	128748588	146289988	146289988	0.15022235	1	401361.87	20.816934	1.0031046	NA	NA	0.0	0.9886059	0.988605902	1	1	1:1	2	neutral	4174742
9	200101	37039939	NA	36839849	623463	1.9772118	621789	30770	68838.0	mappable	0.078725	6.0	edge	0.001641064546	3.082234e-05	0.0018380747	0.07957107	0.07960189	200101	200101	37039849	37039939	0.14337186	1	401361.87	20.816934	1.0031046	NA	NA	0.0	0.9886059	0.988605902	1	1	1:1	2	neutral	4174742
9	37039940	37359985	NA	320046	3446	2.19756322	3430	143	396.0	mappable	0.071125	7.0	identical	0.006909773642	0.00628930818	0.1241939209	0.10936181	0.11565112	37039940	37040030	37359939	37359985	0.13537179	1	457897.85	23.642644	1.0979634	NA	NA	0.0	1.0987816	1.098781608	1	1	1:1	2	neutral	4174742
9	37359986	38769828	NA	1409843	18686	1.9772118	18635	749	2309.0	mappable	0.08320969	6.0	self	0.002636253285	0.00125	0.0121572404	0.09790914	0.09915914	37359986	37360032	38769828	38769828	0.1520836	1	401361.87	20.816934	1.0031046	NA	NA	0.0	0.9886059	0.988605902	1	1	1:1	2	neutral	4174742
9	66840048	66849972	NA	9925	540	2.19756322	504	0	24.0	mappable	NA	7.0	NA	0.026676440309	0.02777777778	0.0652939209	0.15063813	0.1784159	66840048	66840048	66849972	66849972	NA	missing	457897.85	NA	1.0979634	NA	NA	NA	NA	NA	NA	NA	NA	NA	NA	4174742
9	68410004	68419976	NA	9973	1130	1.98835124	1046	0	255.0	mappable	NA	NA	NA	0.221085885654	0.0119047619	0.0086939209	0.15055919	0.16246396	68410004	68410004	68419976	68419976	NA	missing	2532108.0	NA	1.0079	NA	NA	NA	NA	NA	NA	NA	NA	NA	NA	4174742
9	71030093	71550021	NA	519929	7110	2.19756322	7098	213	847.0	mappable	0.06902661	7.0	NA	0.009724827406	0.00444444444	0.0837939209	0.10532993	0.10977438	71030093	71030093	71549995	71550021	0.15565623	1	457897.85	23.642644	1.0979634	NA	NA	0.0	1.0987816	1.098781608	1	1	1:1	2	neutral	4174742
9	71550022	105000000	NA	33449980	444419	1.9772118	443009	21608	51639.0	mappable	0.078725	6.0	NA	0.000812836561	4.344426e-05	0.0031750654	0.0800144	0.08005784	71550022	71550048	104999956	105000044	0.12950793	1	401361.87	20.816934	1.0031046	NA	NA	0.0	0.9886059	0.988605902	1	1	1:1	2	neutral	4174742
9	105000000	105019983	NA	19984	382	1.85408524	382	0	45.0	mappable	NA	NA	NA	NA	inf	0.0491060791	0.13999173	inf	104999956	105000044	105019945	105020021	NA	missing	382720.79	NA	0.9501	NA	NA	NA	NA	NA	NA	NA	NA	NA	NA	4174742
9	105019983	130889924	NA	25869945	365958	1.9772118	364637	16559	42952.0	mappable	0.078725	6.0	NA	0.000642625228	5.593154e-05	0.00733253	0.08121902	0.08127495	105019945	105020021	130889838	130889924	0.14778862	1	401361.87	20.816934	1.0031046	NA	NA	0.0	0.9886059	0.988605902	1	1	1:1	2	neutral	4174742
9	130889925	130900009	NA	10085	328	2.20601082	328	0	40.0	mappable	NA	NA	NA	NA	inf	0.1023939209	0.15037681	inf	130889925	130890011	130899991	130900027	NA	missing	429848.8	NA	1.1016	NA	NA	NA	NA	NA	NA	NA	NA	NA	NA	4174742
9	130900009	135560012	NA	4660004	59749	1.9772118	59428	2296	7956.0	mappable	0.07937045	6.0	NA	2.6440309e-05	0.00038211693	0.0007060791	0.09028571	0.09066783	130899991	130900027	135559981	135560043	0.18617765	1	401361.87	20.816934	1.0031046	NA	NA	0.0	0.9886059	0.988605902	1	1	1:1	2	neutral	4174742
9	135560012	135579980	NA	19969	278	2.19346694	278	0	30.0	mappable	NA	NA	NA	NA	inf	0.0969939209	0.14000235	inf	135559981	135560043	135579928	135580032	NA	missing	443854.48	NA	1.0962	NA	NA	NA	NA	NA	NA	NA	NA	NA	NA	4174742
9	135579980	141019791	NA	5439814	83193	1.9772118	82649	4579	10920.0	mappable	0.08215	6.0	edge	0.002405900672	0.00019519813	0.0036229567	0.08938497	0.08958017	135579928	135580032	141019791	141019791	0.16081631	1	401361.87	20.816934	1.0031046	NA	NA	0.0	0.9886059	0.988605902	1	1	1:1	2	neutral	4174742
10	130013	2949991	NA	2819979	52142	1.9772118	51800	2255	6678.0	mappable	0.08072432	6.0	edge	0.003398559691	0.00038505968	0.0066939209	0.09333908	0.09372414	130013	130013	2949930	2950052	0.15416433	1	401361.87	20.816934	1.0031046	NA	NA	0.0	0.9886059	0.988605902	1	1	1:1	2	neutral	4174742
10	2949991	3070008	NA	120018	2530	1.83240499	2528	251	289.0	mappable	0.07269079	1.0	NA	0.006060650835	0.00395256917	0.0627060791	0.11853333	0.1224859	2949930	2950052	3069989	3070027	0.15858244	1	370677.52	19.281961	0.9407669	NA	NA	0.0	0.9162025	0.916202496	1	1	1:1	2	neutral	4174742
10	3070008	3090062	NA	20055	456	2.04665706	452	30	56.0	mappable	0.072275	NA	NA	0.066731893025	0.02941176471	0.0337939209	0.13994162	0.16935338	3069989	3070027	3089980	3090062	NA	missing	378902.43	20.202925	1.033	NA	NA	NA	NA	NA	NA	NA	NA	NA	NA	4174742
10	3090063	3190002	NA	99940	2273	1.83240499	2260	227	279.0	mappable	0.10383654	1.0	NA	0.025085098153	0.00416666667	0.0785060791	0.12041828	0.12458494	3090063	3090145	3189991	3190013	0.24456197	1	370677.52	19.281961	0.9407669	NA	NA	0.0	0.9162025	0.916202496	1	1	1:1	2	neutral	4174742
10	3190002	39149984	NA	35959988	528283	1.9772118	526089	25744	62178.0	mappable	0.078725	6.0	self	0.000461826016	3.579354e-05	0.0031816477	0.07968163	0.07971742	3189991	3190013	39149984	39149984	0.14409421	1	401361.87	20.816934	1.0031046	NA	NA	0.0	0.9886059	0.988605902	1	1	1:1	2	neutral	4174742
10	42410000	45730041	NA	3320042	39136	1.9772118	38959	1746	4681.0	mappable	0.08234091	6.0	self	0.003398559691	0.0005200208	0.0140060791	0.0923243	0.09284432	42410000	42410000	45729907	45730175	0.14613246	1	401361.87	20.816934	1.0031046	NA	NA	0.0	0.9886059	0.988605902	1	1	1:1	2	neutral	4174742
10	45730041	46159967	NA	429927	4499	2.19756322	4485	159	515.0	mappable	0.07685484	7.0	NA	0.001896601599	0.00578034682	0.0640939209	0.10687339	0.11265374	45729907	45730175	46159967	46159967	0.16695964	1	457897.85	23.642644	1.0979634	NA	NA	0.0	1.0987816	1.098781608	1	1	1:1	2	neutral	4174742
10	48310177	48659961	NA	349785	5556	1.83240499	5546	179	671.0	mappable	0.09572628	1.0	NA	0.014448559691	0.00529100529	0.0638060791	0.10860057	0.11389158	48310177	48310177	48659961	48659961	0.16417025	1	370677.52	19.281961	0.9407669	NA	NA	0.0	0.9162025	0.916202496	1	1	1:1	2	neutral	4174742
10	49390096	135439925	NA	86049841	1211217	1.9772118	1207104	54963	141673.0	mappable	0.078725	6.0	edge	0.001409180297	1.692763e-05	0.0006365407	0.07587636	0.07589329	49390096	49390096	135439925	135439925	0.14250487	1	401361.87	20.816934	1.0031046	NA	NA	0.0	0.9886059	0.988605902	1	1	1:1	2	neutral	4174742
11	190010	790052	NA	600043	8058	1.9772118	7964	420	1131.0	mappable	0.0753	6.0	edge	0.003451440309	0.00194552529	0.0144060791	0.10419539	0.10614092	190010	190010	789982	790122	0.14187281	1	401361.87	20.816934	1.0031046	NA	NA	0.0	0.9886059	0.988605902	1	1	1:1	2	neutral	4174742
11	790052	819958	NA	29907	532	2.11053794	532	0	73.0	mappable	NA	NA	NA	NA	inf	0.0612939209	0.13451531	inf	789982	790122	819790	819958	NA	missing	354842.3	NA	1.0605	NA	NA	NA	NA	NA	NA	NA	NA	NA	NA	4174742
11	819959	9325012	NA	8505054	128903	1.9772118	128161	8202	15164.0	mappable	0.081	6.0	NA	2.6440309e-05	0.0001118068	0.0059060791	0.08688139	0.0869932	819959	820127	9319981	9325012	0.14273272	1	401361.87	20.816934	1.0031046	NA	NA	0.0	0.9886059	0.988605902	1	1	1:1	2	neutral	4174742
11	9325013	9370008	NA	44996	145	1.83240499	145	16	18.0	mappable	0.06705303	1.0	NA	0.011698410006	0.0625	0.1122060791	0.12938695	0.19188695	9325013	9330044	9339996	9370008	NA	missing	370677.52	19.281961	0.9407669	NA	NA	NA	NA	NA	NA	NA	NA	NA	NA	4174742
11	9370009	10319989	NA	949981	11333	2.19756322	11308	94	1467.0	mappable	0.0866	7.0	NA	0.007848559691	0.00840336134	0.0566939209	0.10071741	0.10912078	9370009	9400021	10319962	10319989	0.27311441	1	457897.85	23.642644	1.0979634	NA	NA	0.0	1.0987816	1.098781608	1	1	1:1	2	neutral	4174742
11	10319990	19670000	NA	9350011	126000	1.9772118	125462	6186	14546.0	mappable	0.078725	6.0	NA	2.6440309e-05	0.000148721	0.0214060791	0.0863687	0.08651742	10319990	10320017	19669999	19670000	0.14022844	1	401361.87	20.816934	1.0031046	NA	NA	0.0	0.9886059	0.988605902	1	1	1:1	2	neutral	4174742
11	19670001	19690008	NA	20008	307	2.02296306	307	0	39.0	mappable	NA	NA	NA	NA	inf	0.0235939209	0.13997477	inf	19670001	19670002	19689986	19690030	NA	missing	400842.49	NA	1.0228	NA	NA	NA	NA	NA	NA	NA	NA	NA	NA	4174742
11	19690008	48899996	NA	29209993	419512	1.9772118	417955	18049	47405.0	mappable	0.078725	6.0	NA	0.000128142765	5.100479e-05	0.0096624236	0.0806453	0.0806963	19689986	19690030	48899996	48899996	0.1622369	1	401361.87	20.816934	1.0031046	NA	NA	0.0	0.9886059	0.988605902	1	1	1:1	2	neutral	4174742
11	48899997	50170092	NA	1270096	0	0.0	0	0	NA	mappable	NA	NA	NA	NA	inf	0.9992060791	0.09863632	inf	48899997	48899997	50170092	50170092	NA	missing	NA	NA	0.0	NA	NA	0.0	0.0	0.0	0	0	NA	0	homozygousDel	4174742
11	50170093	51579984	NA	1409892	18796	1.9772118	18703	435	1954.0	mappable	0.08201071	6.0	NA	0.007703089363	0.00189393939	0.0415467353	0.09790889	0.09980283	50170093	50170093	51579984	51579984	0.12214549	1	401361.87	20.816934	1.0031046	NA	NA	0.0	0.9886059	0.988605902	1	1	1:1	2	neutral	4174742
11	54792817	64319926	NA	9527111	122774	1.9772118	122213	6368	14318.0	mappable	0.0753	6.0	self	0.000950682721	0.00014432097	0.0123096767	0.08626785	0.08641217	54792817	54792817	64319820	64319926	0.15252239	1	401361.87	20.816934	1.0031046	NA	NA	0.0	0.9886059	0.988605902	1	1	1:1	2	neutral	4174742
11	64319927	64339873	NA	19947	303	1.83240499	301	17	51.0	mappable	0.08661546	1.0	NA	0.008334457127	0.05263157895	0.0577060791	0.14001794	0.19264952	64319927	64320033	64339746	64340000	NA	missing	370677.52	19.281961	0.9407669	NA	NA	NA	NA	NA	NA	NA	NA	NA	NA	4174742
11	64339873	64349998	NA	10126	181	2.19756322	175	16	17.0	mappable	0.091025	7.0	NA	0.0024416577	0.04545454545	0.1153939209	0.15031065	0.1957652	64339746	64340000	64349968	64349998	NA	missing	457897.85	23.642644	1.0979634	NA	NA	NA	NA	NA	NA	NA	NA	NA	NA	4174742
11	64349999	82469993	NA	18119997	240039	1.9772118	239181	10492	29190.0	mappable	0.08215	6.0	self	0.002774981197	8.810573e-05	0.0032329941	0.08294942	0.08303752	64349999	64350029	82469945	82469993	0.1503051	1	401361.87	20.816934	1.0031046	NA	NA	0.0	0.9886059	0.988605902	1	1	1:1	2	neutral	4174742
11	82469994	82500139	NA	30146	421	2.28801065	419	0	50.0	mappable	NA	NA	identical	0.124045762488	0.5	0.1376939209	0.1344115	0.6344115	82469994	82470042	82499991	82500287	NA	missing	456999.56	NA	1.1369	NA	NA	NA	NA	NA	NA	NA	NA	NA	NA	4174742
11	82500139	89349940	NA	6849802	91941	1.9772118	91625	4924	10100.0	mappable	0.0782	6.0	self	2.6440309e-05	0.00019083969	0.0111939209	0.08807612	0.08826696	82499991	82500287	89349940	89349940	0.13581128	1	401361.87	20.816934	1.0031046	NA	NA	0.0	0.9886059	0.988605902	1	1	1:1	2	neutral	4174742
11	89850037	130680033	NA	40830004	593905	1.9772118	591752	29194	67632.0	mappable	0.078725	6.0	self	0.000498672655	3.190098e-05	0.0059462705	0.07910414	0.07913604	89850037	89850037	130679883	130680183	0.14463787	1	401361.87	20.816934	1.0031046	NA	NA	0.0	0.9886059	0.988605902	1	1	1:1	2	neutral	4174742
11	130680033	134269964	NA	3589932	58609	1.83240499	58458	2590	6906.0	mappable	0.078725	1.0	NA	2.6440309e-05	0.00036483035	0.0527060791	0.09184624	0.09221107	130679883	130680183	134269926	134269964	0.13875291	1	370677.52	19.281961	0.9407669	NA	NA	0.0	0.9162025	0.916202496	1	1	1:1	2	neutral	4174742
11	134269965	134280019	NA	10055	189	2.19756322	182	19	35.0	mappable	0.10381588	7.0	NA	0.011755702548	0.03846153846	0.0886939209	0.15042542	0.18888696	134269965	134270003	134279988	134280019	NA	missing	457897.85	23.642644	1.0979634	NA	NA	NA	NA	NA	NA	NA	NA	NA	NA	4174742
11	134280020	134290000	NA	9981	172	1.64502053	160	0	18.0	mappable	NA	NA	NA	0.104849317267	0.08333333333	0.1391060791	0.15054608	0.23387942	134280020	134280051	134289984	134290016	NA	missing	310780.0	NA	0.8601	NA	NA	NA	NA	NA	NA	NA	NA	NA	NA	4174742
11	134290000	134299987	NA	9988	187	1.9772118	177	0	18.0	mappable	NA	6.0	self	0.019486059691	0.1	0.0099939209	0.15053462	0.25053462	134289984	134290016	134299961	134300013	NA	missing	401361.87	NA	1.0031046	NA	NA	NA	NA	NA	NA	NA	NA	NA	NA	4174742
11	134299987	134939862	NA	639876	11048	1.83240499	10977	804	1414.0	mappable	0.07957024	1.0	edge	0.003451440309	0.00114285714	0.0698060791	0.10369446	0.10483732	134299961	134300013	134939862	134939862	0.15348513	1	370677.52	19.281961	0.9407669	NA	NA	0.0	0.9162025	0.916202496	1	1	1:1	2	neutral	4174742
12	160107	34819969	NA	34659868	477406	1.9772118	475563	23609	54786.0	mappable	0.078725	6.0	edge	7.5582445e-05	3.929119e-05	0.0205808823	0.07985064	0.07988993	160107	160107	34819969	34819969	0.16338334	1	401361.87	20.816934	1.0031046	NA	NA	0.0	0.9886059	0.988605902	1	1	1:1	2	neutral	4174742
12	38000003	53540024	NA	15540029	210431	1.9772118	209605	8982	24514.0	mappable	0.078725	6.0	NA	0.000753602196	0.00010195759	0.0185625467	0.08371884	0.0838208	38000003	38000003	53529904	53540024	0.15871801	1	401361.87	20.816934	1.0031046	NA	NA	0.0	0.9886059	0.988605902	1	1	1:1	2	neutral	4174742
12	53540025	53559964	NA	19940	133	2.27035629	133	0	22.0	mappable	NA	NA	NA	NA	inf	0.1300939209	0.1400229	inf	53540025	53550145	53559902	53559964	NA	missing	432790.0	NA	1.1293	NA	NA	NA	NA	NA	NA	NA	NA	NA	NA	4174742
12	53559965	85960004	NA	32400042	427544	1.9772118	426182	19060	47859.0	mappable	0.078725	6.0	NA	0.000346568686	4.89668e-05	0.008780018	0.08016195	0.08021092	53559965	53560027	85959979	85960029	0.15455173	1	401361.87	20.816934	1.0031046	NA	NA	0.0	0.9886059	0.988605902	1	1	1:1	2	neutral	4174742
12	85960004	85970036	NA	10033	141	1.70286176	141	0	15.0	mappable	NA	NA	NA	NA	inf	0.1142060791	0.15046118	inf	85959979	85960029	85969987	85970036	NA	missing	361663.0	NA	0.885	NA	NA	NA	NA	NA	NA	NA	NA	NA	NA	4174742
12	85970037	133819926	NA	47849895	664862	1.9772118	662191	31708	79733.0	mappable	0.078725	6.0	edge	0.000368677505	2.908752e-05	0.0005335766	0.07839444	0.07842353	85970037	85970086	133819926	133819926	0.14233502	1	401361.87	20.816934	1.0031046	NA	NA	0.0	0.9886059	0.988605902	1	1	1:1	2	neutral	4174742
13	19450038	71999983	NA	52549950	726547	1.98209161	724102	34943	81768.0	mappable	0.35615	3.0	edge	0.278557519113	2.674727e-05	0.0147389575	0.07798126	0.07800801	19450038	19450038	71999966	72000000	0.90635023	2	407233.09	27.528305	1.0052053	20.51782	0.7073206	0.41464118	0.5801174	1.401974202	sub	sub	sub:sub	sub	sub	4174742
13	71999983	72009924	NA	9942	134	1.71470876	134	0	18.0	mappable	NA	NA	NA	NA	inf	0.1091060791	0.15061012	inf	71999966	72000000	72009830	72010018	NA	missing	365697.1	NA	0.8901	NA	NA	NA	NA	NA	NA	NA	NA	NA	NA	4174742
13	72009924	98800026	NA	26790106	384439	1.98209161	383226	18230	42026.0	mappable	0.359575	3.0	NA	0.282002025455	5.143239e-05	0.0026873963	0.08105305	0.08110448	72009830	72010018	98799984	98800068	0.91490829	2	407233.09	27.528305	1.0052053	20.51782	0.7073206	0.41464118	0.5801174	1.401974202	sub	sub	sub:sub	sub	sub	4174742
13	98800026	98810015	NA	9990	178	2.13712075	178	6	16.0	mappable	0.26595464	2.0	NA	0.187203203218	0.16666666667	0.0851939209	0.15053135	0.31719802	98799984	98800068	98809997	98810015	NA	missing	424909.74	28.124992	1.0719436	NA	NA	NA	NA	NA	NA	NA	NA	NA	NA	4174742
13	98810016	103259996	NA	4449983	64679	1.98209161	64478	2391	7773.0	mappable	0.35615	3.0	NA	0.279854447761	0.00038580247	0.0064740734	0.09055769	0.09094349	98810016	98810034	103259976	103260016	0.90665281	2	407233.09	27.528305	1.0052053	20.51782	0.7073206	0.41464118	0.5801174	1.401974202	sub	sub	sub:sub	sub	sub	4174742
13	103259996	103320055	NA	60060	868	2.13712075	868	127	67.0	mappable	0.30136324	2.0	NA	0.222611794985	0.00787401575	0.0652939209	0.12599126	0.13386528	103259976	103260016	103319952	103320158	0.94254949	2	424909.74	28.124992	1.0719436	20.07556	0.6886434	0.37728677	0.6654067	1.471714071	sub	sub	sub:sub	sub	sub	4174742
13	103320055	115099984	NA	11779931	190948	1.98209161	190126	9004	22671.0	mappable	0.359575	3.0	edge	0.280180726019	0.00010180189	0.0065321297	0.08514324	0.08524504	103319952	103320158	115099984	115099984	0.91186279	2	407233.09	27.528305	1.0052053	20.51782	0.7073206	0.41464118	0.5801174	1.401974202	sub	sub	sub:sub	sub	sub	4174742
14	20330060	49160008	NA	28829951	396349	1.9772118	394969	17872	43284.0	mappable	0.0753	6.0	edge	0.001974887679	5.194535e-05	0.0084341004	0.08070678	0.08075873	20330060	20330060	49159973	49160043	0.13852199	1	401361.87	20.816934	1.0031046	NA	NA	0.0	0.9886059	0.988605902	1	1	1:1	2	neutral	4174742
14	49160008	49179968	NA	19961	376	1.90100865	376	0	61.0	mappable	NA	NA	NA	NA	inf	0.0289060791	0.14000802	inf	49159973	49160043	49179925	49179968	NA	missing	395874.75	NA	0.9703	NA	NA	NA	NA	NA	NA	NA	NA	NA	NA	4174742
14	49179969	99549993	NA	50370029	719461	1.9772118	717261	32346	83976.0	mappable	0.078725	6.0	NA	0.000137467228	2.894691e-05	0.0083719405	0.07816756	0.0781965	49179969	49180012	99549982	99549993	0.13430645	1	401361.87	20.816934	1.0031046	NA	NA	0.0	0.9886059	0.988605902	1	1	1:1	2	neutral	4174742
14	99549994	99580022	NA	30029	529	2.13712075	528	1	76.0	mappable	0.03448276	2.0	NA	0.12030812082	0.5	0.0396939209	0.1344622	0.6344622	99549994	99550005	99579995	99580022	NA	missing	424909.74	28.124992	1.0719436	NA	NA	NA	NA	NA	NA	NA	NA	NA	NA	4174742
14	99580023	99679955	NA	99933	1516	1.83240499	1514	59	188.0	mappable	0.07931852	1.0	NA	0.002510596728	0.01639344262	0.0729060791	0.12041901	0.13681245	99580023	99580050	99679870	99679955	0.21446478	1	370677.52	19.281961	0.9407669	NA	NA	0.0	0.9162025	0.916202496	1	1	1:1	2	neutral	4174742
14	99679956	106325906	NA	6645952	90189	1.9772118	89754	4094	11458.0	mappable	0.08215	6.0	self	0.003384334622	0.00022084806	0.0002074407	0.0882455	0.08846635	99679956	99680041	106325894	106325906	0.16156834	1	401361.87	20.816934	1.0031046	NA	NA	0.0	0.9886059	0.988605902	1	1	1:1	2	neutral	4174742
14	106325907	106326317	CTX	411	31	2.21948388	30	0	7.0	mappable	NA	NA	NA	0.921248559691	1.0	0.1081939209	0.23033528	1.23033528	106325907	106325914	106326304	106326317	NA	missing	356192.86	NA	1.1074	NA	NA	NA	NA	NA	NA	NA	NA	NA	NA	4174742
14	106326318	106330071	CTX	3754	867	2.13712075	867	4	103.0	mappable	0.2779967	2.0	NA	0.199245257804	0.25	0.0977939209	0.16843222	0.41843222	106326318	106326403	106330067	106330071	NA	missing	424909.74	28.124992	1.0719436	NA	NA	NA	NA	NA	NA	NA	NA	NA	NA	4174742
14	106330072	106359414	DEL	29343	406	-0.11925329	399	16	61.0	mappable	1.00005	NA	NA	0.253423559691	0.04347826087	0.8986060791	0.13476427	0.17824253	106330072	106330081	106349982	106359414	NA	missing	41239.59	2.749306	0.1006	NA	NA	NA	NA	NA	NA	NA	NA	NA	NA	4174742
14	106359415	106535060	DEL	175646	876	0.98042706	859	154	69.0	mappable	0.83045294	NA	NA	0.749305912632	0.00584795322	0.4252060791	0.11479533	0.12064329	106359415	106400108	106529997	106535060	0.98685748	2	236917.22	21.631572	0.574	20.90391	1.0617338	1.0	0.0	0.980427059	1	0	1:0	1	LOH	4174742
14	106535061	106605005	NA	69945	347	2.23365382	347	0	22.0	mappable	NA	NA	NA	NA	inf	0.1142939209	0.12427043	inf	106535061	106540124	106559980	106650030	NA	missing	225306.82	NA	1.1135	NA	NA	NA	NA	NA	NA	NA	NA	NA	NA	4174742
14	106605005	107090005	NA	485001	5955	1.02804735	5777	368	643.0	mappable	0.81784286	NA	NA	0.739448559691	0.00183150183	0.4047060791	0.10588942	0.10772092	106559980	106650030	107079996	107090005	1.0	2	238645.84	21.789403	0.5945	20.33035	1.0548463	1.0	0.0	1.028047353	1	0	1:0	1	LOH	4174742
14	107090006	107259908	NA	169903	2886	2.19756322	2878	11	314.0	mappable	0.07650909	7.0	edge	0.005766416834	0.05263157895	0.0945939209	0.11511221	0.16774379	107090006	107100015	107259908	107259908	NA	missing	457897.85	23.642644	1.0979634	NA	NA	NA	NA	NA	NA	NA	NA	NA	NA	4174742
15	20850000	20859924	NA	9925	165	1.95629465	129	0	4.0	mappable	NA	NA	edge	0.191130702548	0.02777777778	0.0051060791	0.15063813	0.1784159	20850000	20850000	20859924	20859924	NA	missing	1021936.0	NA	0.9941	NA	NA	NA	NA	NA	NA	NA	NA	NA	NA	4174742
15	22480079	23069956	NA	589878	3995	1.83240499	3964	163	495.0	mappable	0.08279924	1.0	NA	0.006866741509	0.00515463918	0.0523060791	0.10432937	0.10948401	22480079	22480079	23069956	23069956	0.06358063	1	370677.52	19.281961	0.9407669	NA	NA	0.0	0.9162025	0.916202496	1	1	1:1	2	neutral	4174742
15	23710146	24329926	NA	619781	10358	1.9772118	10314	568	1206.0	mappable	0.069625	6.0	NA	0.007176440309	0.00163398693	0.0085060791	0.10394255	0.10557653	23710146	23710146	24329926	24329926	0.16973095	1	401361.87	20.816934	1.0031046	NA	NA	0.0	0.9886059	0.988605902	1	1	1:1	2	neutral	4174742
15	24329927	24830091	NA	500165	0	0.0	0	0	NA	mappable	NA	NA	NA	NA	inf	0.9992060791	0.10564099	inf	24329927	24329927	24830091	24830091	NA	missing	NA	NA	0.0	NA	NA	0.0	0.0	0.0	0	0	NA	0	homozygousDel	4174742
15	24830092	28529988	NA	3699897	57372	1.9772118	57179	2641	6539.0	mappable	0.078725	6.0	NA	2.6440309e-05	0.00035285815	0.0139939209	0.091663	0.09201586	24830092	24830092	28529988	28529988	0.13038514	1	401361.87	20.816934	1.0031046	NA	NA	0.0	0.9886059	0.988605902	1	1	1:1	2	neutral	4174742
15	29100034	30369914	NA	1269881	18280	1.83240499	18237	728	2269.0	mappable	0.09085435	1.0	NA	0.013673559691	0.00129701686	0.0595060791	0.09863751	0.09993453	29100034	29100034	30369914	30369914	0.14090349	1	370677.52	19.281961	0.9407669	NA	NA	0.0	0.9162025	0.916202496	1	1	1:1	2	neutral	4174742
15	31160110	56364931	NA	25204822	329732	1.9772118	328643	14065	38238.0	mappable	0.0753	6.0	self	2.6440309e-05	6.598918e-05	0.0146939209	0.08134315	0.08140914	31160110	31160110	56359840	56370022	0.15470624	1	401361.87	20.816934	1.0031046	NA	NA	0.0	0.9886059	0.988605902	1	1	1:1	2	neutral	4174742
15	56364931	57410000	NA	1045070	14154	2.19756322	14129	493	1640.0	mappable	0.07906164	7.0	identical	0.000310200913	0.00193050193	0.1049939209	0.10002417	0.10195467	56359840	56370022	57409990	57410000	0.13633441	1	457897.85	23.642644	1.0979634	NA	NA	0.0	1.0987816	1.098781608	1	1	1:1	2	neutral	4174742
15	57410001	77800002	NA	20390003	280362	1.9772118	279436	10872	34008.0	mappable	0.07936667	6.0	NA	3.3744997e-05	8.476731e-05	0.0048971956	0.08236771	0.08245248	57410001	57410011	77799989	77800015	0.14829801	1	401361.87	20.816934	1.0031046	NA	NA	0.0	0.9886059	0.988605902	1	1	1:1	2	neutral	4174742
15	77800002	77810040	NA	10039	168	1.70773994	168	0	23.0	mappable	NA	NA	NA	NA	inf	0.1121060791	0.15045142	inf	77799989	77800015	77809965	77810040	NA	missing	352870.0	NA	0.8871	NA	NA	NA	NA	NA	NA	NA	NA	NA	NA	4174742
15	77810041	82479795	NA	4669756	65795	1.9772118	65558	3018	7999.0	mappable	0.0810625	6.0	NA	0.003375974624	0.00030721966	0.0010401319	0.09027342	0.09058064	77810041	77810116	82479795	82479795	0.1343406	1	401361.87	20.816934	1.0031046	NA	NA	0.0	0.9886059	0.988605902	1	1	1:1	2	neutral	4174742
15	83211507	101799991	NA	18588488	286142	1.9772118	285171	13042	33839.0	mappable	0.078725	6.0	NA	0.001070453326	7.136231e-05	0.0006718325	0.08282292	0.08289428	83211507	83211507	101799970	101800012	0.15807508	1	401361.87	20.816934	1.0031046	NA	NA	0.0	0.9886059	0.988605902	1	1	1:1	2	neutral	4174742
15	101799991	101839837	NA	39847	563	2.08684394	563	0	76.0	mappable	NA	NA	NA	NA	inf	0.0510939209	0.13087135	inf	101799970	101800012	101839669	101839837	NA	missing	427467.94	NA	1.0503	NA	NA	NA	NA	NA	NA	NA	NA	NA	NA	4174742
15	101839838	102399920	NA	560083	9173	1.9772118	9156	584	1133.0	mappable	0.06845	6.0	edge	0.010301440309	0.00166389351	0.0200060791	0.10473792	0.10640181	101839838	101840006	102399920	102399920	0.11100633	1	401361.87	20.816934	1.0031046	NA	NA	0.0	0.9886059	0.988605902	1	1	1:1	2	neutral	4174742
16	100010	16289940	NA	16189936	298198	1.9772118	296927	13299	36729.0	mappable	0.0812	6.0	edge	0.001944532242	6.863418e-05	0.0014498289	0.08351221	0.08358084	100010	100010	16289940	16289940	0.16366736	1	401361.87	20.816934	1.0031046	NA	NA	0.0	0.9886059	0.988605902	1	1	1:1	2	neutral	4174742
16	16870104	18169896	NA	1299793	20456	1.9772118	20375	1034	2441.0	mappable	0.07937045	6.0	self	0.000619014237	0.00089686099	0.0143939209	0.09847438	0.09937124	16870104	16870104	18169896	18169896	0.20329242	1	401361.87	20.816934	1.0031046	NA	NA	0.0	0.9886059	0.988605902	1	1	1:1	2	neutral	4174742
16	18800044	23624963	NA	4824920	50348	1.9772118	50166	1618	6256.0	mappable	0.07074643	6.0	NA	0.006876440309	0.00055555556	0.0074939209	0.09008168	0.09063723	18800044	18800044	23609878	23624963	0.16903638	1	401361.87	20.816934	1.0031046	NA	NA	0.0	0.9886059	0.988605902	1	1	1:1	2	neutral	4174742
16	23624964	23670032	NA	45069	284	2.22134224	284	0	23.0	mappable	NA	NA	NA	NA	inf	0.1089939209	0.12936738	inf	23624964	23640049	23669978	23670086	NA	missing	439843.35	NA	1.1082	NA	NA	NA	NA	NA	NA	NA	NA	NA	NA	4174742
16	23670032	29039945	NA	5369915	74541	1.9772118	74213	3385	9111.0	mappable	0.071875	6.0	NA	0.005482662482	0.000269324	0.0243863385	0.08945957	0.08972889	23669978	23670086	29039945	29039945	0.16742023	1	401361.87	20.816934	1.0031046	NA	NA	0.0	0.9886059	0.988605902	1	1	1:1	2	neutral	4174742
16	29670028	31959970	NA	2289943	17548	1.9772118	17508	388	2429.0	mappable	0.065025	6.0	self	0.013726440309	0.0023364486	0.0067939209	0.09466613	0.09700258	29670028	29670028	31959970	31959970	0.15792904	1	401361.87	20.816934	1.0031046	NA	NA	0.0	0.9886059	0.988605902	1	1	1:1	2	neutral	4174742
16	32520030	32649899	NA	129870	3149	1.98209161	2934	0	137.0	mappable	NA	3.0	NA	0.30007713112	0.00465116279	0.0508939209	0.11773911	0.12239028	32520030	32520030	32649899	32649899	NA	missing	407233.09	NA	1.0052053	NA	NA	NA	NA	NA	NA	NA	NA	NA	NA	4174742
16	34200030	35279959	NA	1079930	13360	1.9772118	13349	44	1499.0	mappable	0.08273333	6.0	self	0.002493711206	0.01818181818	0.0117480252	0.09978792	0.11796974	34200030	34200075	35279959	35279959	0.1461026	1	401361.87	20.816934	1.0031046	NA	NA	0.0	0.9886059	0.988605902	1	1	1:1	2	neutral	4174742
16	46450014	47874968	NA	1424955	13461	2.19756322	13429	63	1631.0	mappable	0.079325	7.0	NA	0.003398559691	0.01052631579	0.0604939209	0.09783546	0.10836178	46450014	46450014	47869907	47880029	0.32647324	2	457897.85	23.642644	1.0979634	21.12144	0.5189528	0.03790563	1.0571316	1.140431615	1	1	1:1	2	mixDH	4174742
16	47874968	87399937	NA	39524981	647424	1.9772118	645264	30410	76543.0	mappable	0.078725	6.0	NA	0.001774033574	3.07031e-05	0.0013921048	0.07925104	0.07928174	47869907	47880029	87399852	87400022	0.15357843	1	401361.87	20.816934	1.0031046	NA	NA	0.0	0.9886059	0.988605902	1	1	1:1	2	neutral	4174742
16	87399937	87410004	NA	10068	184	1.71447647	184	0	33.0	mappable	NA	NA	NA	NA	inf	0.1092060791	0.15040433	inf	87399852	87400022	87409972	87410004	NA	missing	369008.8	NA	0.89	NA	NA	NA	NA	NA	NA	NA	NA	NA	NA	4174742
16	87410005	90109969	NA	2699965	41252	1.9772118	40955	2023	5586.0	mappable	0.0753	6.0	edge	2.6440309e-05	0.00043103448	0.0095939209	0.0936132	0.09404423	87410005	87410037	90109969	90109969	0.19553377	1	401361.87	20.816934	1.0031046	NA	NA	0.0	0.9886059	0.988605902	1	1	1:1	2	neutral	4174742
17	20080	10630055	NA	10609976	130206	1.9772118	129583	5451	16800.0	mappable	0.078725	6.0	edge	2.6440309e-05	0.00016463615	0.0063060791	0.08569378	0.08585841	20080	20080	10629970	10630055	0.18073521	1	401361.87	20.816934	1.0031046	NA	NA	0.0	0.9886059	0.988605902	1	1	1:1	2	neutral	4174742
17	10630056	10665016	NA	34961	459	1.646182	457	1	63.0	mappable	0.15151515	NA	identical	0.095968256661	0.33333333333	0.1386060791	0.13250773	0.46584107	10630056	10630141	10659884	10665016	NA	missing	335840.73	19.336285	0.8606	NA	NA	NA	NA	NA	NA	NA	NA	NA	NA	4174742
17	10665017	18239982	NA	7574966	101957	1.9772118	101640	4930	12232.0	mappable	0.08215	6.0	self	0.004583632912	0.0001905851	0.0133720187	0.0875166	0.08770718	10665017	10670149	18239982	18239982	0.15405839	1	401361.87	20.816934	1.0031046	NA	NA	0.0	0.9886059	0.988605902	1	1	1:1	2	neutral	4174742
17	18750212	22239986	NA	3489775	25824	1.9772118	25190	747	3294.0	mappable	0.078725	6.0	self	0.013673559691	0.00072411296	0.0074939209	0.09201874	0.09274286	18750212	18750212	22239986	22239986	0.21928192	1	401361.87	20.816934	1.0031046	NA	NA	0.0	0.9886059	0.988605902	1	1	1:1	2	neutral	4174742
17	25390040	26139966	NA	749927	7843	1.83240499	7831	168	905.0	mappable	0.0700819	1.0	NA	0.007133698373	0.00555555556	0.0798060791	0.10247797	0.10803352	25390040	25390040	26139886	26140046	0.16272118	1	370677.52	19.281961	0.9407669	NA	NA	0.0	0.9162025	0.916202496	1	1	1:1	2	neutral	4174742
17	26139966	44279982	NA	18140019	203018	1.9772118	202255	7305	25722.0	mappable	0.08215	6.0	self	0.00257594566	0.00012394646	0.0001434628	0.08294394	0.08306788	26139886	26140046	44279982	44279982	0.15393518	1	401361.87	20.816934	1.0031046	NA	NA	0.0	0.9886059	0.988605902	1	1	1:1	2	neutral	4174742
17	44790026	81149937	NA	36359913	476145	1.9772118	474220	21229	58735.0	mappable	0.078725	6.0	edge	8.790328e-06	4.319095e-05	0.0088705356	0.079631	0.0796742	44790026	44790026	81149937	81149937	0.144551	1	401361.87	20.816934	1.0031046	NA	NA	0.0	0.9886059	0.988605902	1	1	1:1	2	neutral	4174742
18	130031	14119956	NA	13989928	212695	1.9772118	212024	10720	24771.0	mappable	0.078725	6.0	edge	1.5313275e-05	8.778861e-05	0.0016000155	0.0842535	0.08434129	130031	130031	14119956	14119956	0.13839972	1	401361.87	20.816934	1.0031046	NA	NA	0.0	0.9886059	0.988605902	1	1	1:1	2	neutral	4174742
18	14119957	14910026	NA	790070	0	0.0	0	0	NA	mappable	NA	NA	NA	NA	inf	0.9992060791	0.10208446	inf	14119957	14119957	14910026	14910026	NA	missing	NA	NA	0.0	NA	NA	0.0	0.0	0.0	0	0	NA	0	homozygousDel	4174742
18	14910027	14929888	NA	19862	364	1.83240499	361	32	36.0	mappable	0.10048929	1.0	NA	0.021494855987	0.02857142857	0.0600060791	0.14007836	0.16864978	14910027	14910027	14929888	14929888	0.17439543	1	370677.52	19.281961	0.9407669	NA	NA	0.0	0.9162025	0.916202496	1	1	1:1	2	neutral	4174742
18	18540053	78009968	NA	59469923	878961	1.9772118	875754	41342	100356.0	mappable	0.078725	6.0	edge	0.000986700351	2.24482e-05	0.003415781	0.07744237	0.07746482	18540053	18540053	78009968	78009968	0.14193041	1	401361.87	20.816934	1.0031046	NA	NA	0.0	0.9886059	0.988605902	1	1	1:1	2	neutral	4174742
19	260137	8875319	NA	8615186	100720	1.9772118	100060	4895	13766.0	mappable	0.08215	6.0	edge	0.005286299179	0.000180018	0.0068684977	0.08681139	0.08699141	260137	260137	8839981	8875319	0.19712651	1	401361.87	20.816934	1.0031046	NA	NA	0.0	0.9886059	0.988605902	1	1	1:1	2	neutral	4174742
19	8929965	24569972	NA	15640009	155847	1.9772118	154775	7690	19903.0	mappable	0.08041136	6.0	self	0.002134044183	0.00011412919	0.0078842845	0.08368643	0.08380056	8929965	8930013	24569972	24569972	0.18195824	1	401361.87	20.816934	1.0031046	NA	NA	0.0	0.9886059	0.988605902	1	1	1:1	2	neutral	4174742
19	27750002	43209995	NA	15459995	197761	1.9772118	196927	8515	24735.0	mappable	0.078725	6.0	NA	0.001049034467	0.00010696331	0.0005365946	0.08374495	0.08385192	27750002	27750002	43209995	43209995	0.18077453	1	401361.87	20.816934	1.0031046	NA	NA	0.0	0.9886059	0.988605902	1	1	1:1	2	neutral	4174742
19	43209996	43800005	NA	590010	0	0.0	0	0	NA	mappable	NA	NA	NA	NA	inf	0.9992060791	0.10432761	inf	43209996	43209996	43800005	43800005	NA	missing	NA	NA	0.0	NA	NA	0.0	0.0	0.0	0	0	NA	0	homozygousDel	4174742
19	43800006	59089999	NA	15289996	162053	1.9772118	161182	7258	21009.0	mappable	0.078725	6.0	edge	0.000283877665	0.00012301636	0.0082476945	0.08380093	0.08392394	43800006	43800006	59089999	59089999	0.17072958	1	401361.87	20.816934	1.0031046	NA	NA	0.0	0.9886059	0.988605902	1	1	1:1	2	neutral	4174742
20	60479	80020	NA	19542	260	1.9772118	260	12	27.0	mappable	0.02712857	6.0	edge	0.05162286888	0.08333333333	0.0097060791	0.14030863	0.22364197	60479	60479	79969	80071	NA	missing	401361.87	20.816934	1.0031046	NA	NA	NA	NA	NA	NA	NA	NA	NA	NA	4174742
20	80020	210018	NA	129999	1670	2.19756322	1663	41	182.0	mappable	0.07768382	7.0	NA	0.015744147926	0.02083333333	0.0683939209	0.11772919	0.13856252	79969	80071	209989	210018	0.20527308	1	457897.85	23.642644	1.0979634	NA	NA	0.0	1.0987816	1.098781608	1	1	1:1	2	neutral	4174742
20	210019	220010	NA	9992	210	1.83240499	210	10	28.0	mappable	0.03130652	1.0	NA	0.04744491857	0.1	0.0899060791	0.15052808	0.25052808	210019	210048	219972	220010	NA	missing	370677.52	19.281961	0.9407669	NA	NA	NA	NA	NA	NA	NA	NA	NA	NA	4174742
20	220011	5809999	NA	5589989	85394	1.9772118	85020	4216	10514.0	mappable	0.078725	6.0	NA	0.001347850151	0.0002179124	0.0064367253	0.0892283	0.08944621	220011	220049	5809925	5810073	0.14696899	1	401361.87	20.816934	1.0031046	NA	NA	0.0	0.9886059	0.988605902	1	1	1:1	2	neutral	4174742
20	5809999	5835005	NA	25007	351	2.313563	351	0	34.0	mappable	NA	NA	NA	NA	inf	0.1486939209	0.13689212	inf	5809925	5810073	5829999	5835005	NA	missing	478136.15	NA	1.1479	NA	NA	NA	NA	NA	NA	NA	NA	NA	NA	4174742
20	5835006	10369944	NA	4534939	73348	1.9772118	73199	3528	8242.0	mappable	0.0753	6.0	NA	2.6440309e-05	0.00027196084	0.0098939209	0.09044596	0.09071792	5835006	5840012	10369877	10369944	0.13699201	1	401361.87	20.816934	1.0031046	NA	NA	0.0	0.9886059	0.988605902	1	1	1:1	2	neutral	4174742
20	10369945	10379972	NA	10028	184	1.64711118	184	0	27.0	mappable	NA	NA	NA	NA	inf	0.1382060791	0.15046932	inf	10369945	10370012	10379915	10379972	NA	missing	385628.0	NA	0.861	NA	NA	NA	NA	NA	NA	NA	NA	NA	NA	4174742
20	10379973	15690062	NA	5310090	82698	1.9772118	82463	4188	9186.0	mappable	0.0795625	6.0	NA	2.6440309e-05	0.00022609089	0.0138060791	0.08952429	0.08975038	10379973	10380030	15689964	15690062	0.12759651	1	401361.87	20.816934	1.0031046	NA	NA	0.0	0.9886059	0.988605902	1	1	1:1	2	neutral	4174742
20	15690063	16160026	NA	469964	7992	2.19756322	7974	250	877.0	mappable	0.08275	7.0	identical	0.001898559691	0.00373134328	0.1280939209	0.10614477	0.10987611	15690063	15690161	16159987	16160026	0.21476597	1	457897.85	23.642644	1.0979634	NA	NA	0.0	1.0987816	1.098781608	1	1	1:1	2	neutral	4174742
20	16160027	18339969	NA	2179943	36872	1.9772118	36769	1392	4322.0	mappable	0.08453333	6.0	self	0.003398559691	0.00066889632	0.0353939209	0.09498544	0.09565433	16160027	16160066	18339857	18339969	0.15216337	1	401361.87	20.816934	1.0031046	NA	NA	0.0	0.9886059	0.988605902	1	1	1:1	2	neutral	4174742
20	18339970	25729738	NA	7389769	111486	1.83240499	111126	5035	13053.0	mappable	0.08123152	1.0	NA	0.003398559691	0.00018539118	0.0561060791	0.08765357	0.08783896	18339970	18340082	25729738	25729738	0.15810701	1	370677.52	19.281961	0.9407669	NA	NA	0.0	0.9162025	0.916202496	1	1	1:1	2	neutral	4174742
20	29810057	49190044	NA	19379988	271557	1.9772118	270597	10721	33647.0	mappable	0.078725	6.0	NA	2.6440309e-05	8.561644e-05	0.0102939209	0.0826171	0.08270271	29810057	29810057	49189969	49190119	0.13657197	1	401361.87	20.816934	1.0031046	NA	NA	0.0	0.9886059	0.988605902	1	1	1:1	2	neutral	4174742
20	49190044	49210013	NA	19970	313	1.81087853	313	0	37.0	mappable	NA	NA	NA	NA	inf	0.0677060791	0.14000164	inf	49189969	49190119	49209982	49210013	NA	missing	376924.52	NA	0.9315	NA	NA	NA	NA	NA	NA	NA	NA	NA	NA	4174742
20	49210014	62909989	NA	13699976	225887	1.9772118	224748	9763	28022.0	mappable	0.078725	6.0	edge	2.6440309e-05	9.175154e-05	0.0008939209	0.08436088	0.08445264	49210014	49210045	62909989	62909989	0.1659744	1	401361.87	20.816934	1.0031046	NA	NA	0.0	0.9886059	0.988605902	1	1	1:1	2	neutral	4174742
21	10720001	10809997	NA	89998	3458	1.95997604	3195	0	408.0	mappable	NA	NA	edge	0.201555628478	0.00380228137	0.0035213191	0.12152436	0.12532664	10720001	10720001	10809975	10810019	NA	missing	1206352.23	NA	0.9956848	NA	NA	NA	NA	NA	NA	NA	NA	NA	NA	4174742
21	10809997	11179964	NA	369968	1675	1.98209161	1473	0	211.0	mappable	NA	3.0	NA	0.233302644013	0.00495049505	0.0159939209	0.1081254	0.1130759	10809975	10810019	11179964	11179964	NA	missing	407233.09	NA	1.0052053	NA	NA	NA	NA	NA	NA	NA	NA	NA	NA	4174742
21	15410077	34919994	NA	19509921	307242	1.9772118	305946	16047	33842.0	mappable	0.078725	6.0	self	0.000372905334	5.76668e-05	0.0033682655	0.08258421	0.08264188	15410077	15410077	34919977	34919994	0.15917661	1	401361.87	20.816934	1.0031046	NA	NA	0.0	0.9886059	0.988605902	1	1	1:1	2	neutral	4174742
21	34919995	34960040	NA	40046	605	2.26896253	605	4	87.0	mappable	0.87760735	NA	identical	0.798855912632	0.25	0.1294939209	0.13080983	0.38080983	34919995	34920012	34959902	34960040	NA	missing	468328.97	35.333748	1.1287	NA	NA	NA	NA	NA	NA	NA	NA	NA	NA	4174742
21	34960041	48099931	NA	13139893	208420	1.9772118	207219	11765	25816.0	mappable	0.078725	6.0	edge	1.1624744e-05	7.712479e-05	0.005453704	0.08457571	0.08465284	34960041	34960179	48099931	48099931	0.16389612	1	401361.87	20.816934	1.0031046	NA	NA	0.0	0.9886059	0.988605902	1	1	1:1	2	neutral	4174742
22	16850007	17360021	NA	510015	1636	2.19756322	1617	49	184.0	mappable	0.068925	7.0	edge	0.005801440309	0.01470588235	0.1150939209	0.10548423	0.12019011	16850007	16850007	17319946	17400096	0.126204	1	457897.85	23.642644	1.0979634	NA	NA	0.0	1.0987816	1.098781608	1	1	1:1	2	neutral	4174742
22	17360021	22764610	NA	5404590	54741	1.9772118	54448	2807	6790.0	mappable	0.07611944	6.0	NA	2.6440309e-05	0.00032258065	0.0166939209	0.08942243	0.08974501	17319946	17400096	22764606	22764610	0.16655937	1	401361.87	20.816934	1.0031046	NA	NA	0.0	0.9886059	0.988605902	1	1	1:1	2	neutral	4174742
22	22764611	23241798	DEL	477188	6792	1.01596806	6781	185	852.0	mappable	0.887025	NA	NA	0.804848559691	0.00510204082	0.4099060791	0.10602094	0.11112298	22764611	22764615	23239965	23241798	0.90711774	2	234378.39	21.634928	0.5893	20.14299	1.0700513	1.0	0.0	1.015968059	1	0	1:0	1	LOH	4174742
22	23241799	51179984	DEL	27938190	392906	1.9772118	391139	19484	49201.0	mappable	0.08215	6.0	edge	0.003003305927	4.705882e-05	0.0118135197	0.08085468	0.08090174	23241799	23250053	51179984	51179984	0.16490945	1	401361.87	20.816934	1.0031046	NA	NA	0.0	0.9886059	0.988605902	1	1	1:1	2	neutral	4174742
23	2700027	58499983	NA	55799957	490578	1.9772118	489359	15892	56329.0	mappable	0.08215	6.0	edge	0.003398559691	5.844194e-05	0.0053060791	0.07771892	0.07777736	2700027	2700027	58499983	58499983	0.17649219	1	401361.87	20.816934	1.0031046	NA	NA	0.0	0.9886059	0.988605902	1	1	1:1	2	neutral	4174742
23	61750000	68719982	NA	6969983	66297	1.9772118	66260	183	7536.0	mappable	0.09729444	6.0	self	0.018441741509	0.00454545455	0.0344060791	0.0879789	0.09252435	61750000	61750000	68719912	68720052	0.21261958	1	401361.87	20.816934	1.0031046	NA	NA	0.0	0.9886059	0.988605902	1	1	1:1	2	neutral	4174742
23	68719982	68769991	NA	50010	451	1.66476553	450	0	64.0	mappable	NA	NA	identical	0.071248559691	1.0	0.1306060791	0.12812358	1.12812358	68719912	68720052	68769861	68769991	NA	missing	326388.69	NA	0.8686	NA	NA	NA	NA	NA	NA	NA	NA	NA	NA	4174742
23	68769992	88459980	NA	19689989	178977	1.9772118	178532	7170	19644.0	mappable	0.078725	6.0	self	2.6440309e-05	0.00013131976	0.0109060791	0.08253904	0.08267036	68769992	68770122	88459980	88459980	0.13818152	1	401361.87	20.816934	1.0031046	NA	NA	0.0	0.9886059	0.988605902	1	1	1:1	2	neutral	4174742
23	88990017	89349936	NA	359920	1089	1.9772118	1089	51	134.0	mappable	0.08825833	6.0	NA	0.009506893025	0.01960784314	0.0124060791	0.10835811	0.12796596	88990017	88990017	89349936	89349936	0.01290616	1	401361.87	20.816934	1.0031046	NA	NA	0.0	0.9886059	0.988605902	1	1	1:1	2	neutral	4174742
23	89349937	90140198	NA	790262	0	0.0	0	0	NA	mappable	NA	NA	NA	NA	inf	0.9992060791	0.10208263	inf	89349937	89349937	90140198	90140198	NA	missing	NA	NA	0.0	NA	NA	0.0	0.0	0.0	0	0	NA	0	homozygousDel	4174742
23	90140199	91529952	NA	1389754	5103	1.9772118	5095	347	505.0	mappable	0.08217652	6.0	NA	0.003425074843	0.00281690141	0.0234060791	0.09800848	0.10082538	90140199	90140199	91529952	91529952	0.10909996	1	401361.87	20.816934	1.0031046	NA	NA	0.0	0.9886059	0.988605902	1	1	1:1	2	neutral	4174742
23	91529953	92379999	NA	850047	0	0.0	0	0	NA	mappable	NA	NA	NA	NA	inf	0.9992060791	0.10153736	inf	91529953	91529953	92379999	92379999	NA	missing	NA	NA	0.0	NA	NA	0.0	0.0	0.0	0	0	NA	0	homozygousDel	4174742
23	92380000	154929639	NA	62549644	566876	1.9772118	565261	17669	63576.0	mappable	0.08215	6.0	edge	0.000309382783	5.185646e-05	0.0160243406	0.07722455	0.07727641	92380000	92380000	154929639	154929639	0.17768219	1	401361.87	20.816934	1.0031046	NA	NA	0.0	0.9886059	0.988605902	1	1	1:1	2	neutral	4174742
