#chromosome	start	end	crest	length	tcnNbrOfLoci	tcnMean	tcnNbrOfSNPs	tcnNbrOfHets	dhNbrOfLoci	map	dhMax	cluster	neighbour	distDH	errorSNP	distTcn	errorLength	totalError	minStart	maxStart	minStop	maxStop	area	peaks	meanCovT	meanCovB	tcnMeanRaw	AF	BAF	dhMean	c1Mean	c2Mean	A	B	genotype	TCN	GNL	PID
1	840009	12839977	NA	11999971	171873	3.98826377	170863	8128	41434.0	mappable	0.08215	1.0	edge	0.00076838119	0.000109445113	0.0131649194	0.08504657	0.08515601	840009	840009	12839977	12839977	0.158621696	1	419328.18	21.743178	0.9850541	NA	NA	0.0	1.99413189	1.99413189	2	2	2:2	4	gain	4103570
1	13780016	25379997	NA	11599985	156062	3.98826377	155467	7819	39750.0	mappable	0.08215	1.0	self	0.00367512869	0.000118849536	0.0152863234	0.08522381	0.08534266	13780016	13780016	25379971	25380023	0.164190493	1	419328.18	21.743178	0.9850541	NA	NA	0.0	1.99413189	1.99413189	2	2	2:2	4	gain	4103570
1	25379997	25390018	NA	10022	162	5.13801847	155	10	46.0	mappable	0.09052285	NA	identical	0.0200394399	0.058823529412	0.2395064129	0.15047909	0.20930262	25379971	25380023	25389978	25390018	NA	missing	392408.3	20.777748	1.2246	NA	NA	NA	NA	NA	NA	NA	NA	NA	NA	4103570
1	25390019	105230002	NA	79839987	1033276	3.98826377	1029293	46064	280622.0	mappable	0.078725	1.0	NA	3.305279e-05	1.9981218e-05	0.0091316429	0.07618871	0.07620869	25390019	25390059	105229982	105230002	0.145474335	1	419328.18	21.743178	0.9850541	NA	NA	0.0	1.99413189	1.99413189	2	2	2:2	4	gain	4103570
1	105230003	105240020	NA	10018	205	3.24260666	205	0	62.0	mappable	NA	NA	NA	NA	inf	0.1553935871	0.15048561	inf	105230003	105230023	105239970	105240020	NA	missing	377488.0	NA	0.8297	NA	NA	NA	NA	NA	NA	NA	NA	NA	NA	4103570
1	105240021	119945028	NA	14705008	196841	3.98826377	196206	10128	53659.0	mappable	0.07936048	1.0	NA	3.118222e-05	9.2919532e-05	0.0129935871	0.08399901	0.08409193	105240021	105240071	119939953	119950103	0.149968338	1	419328.18	21.743178	0.9850541	NA	NA	0.0	1.99413189	1.99413189	2	2	2:2	4	gain	4103570
1	119945028	119959976	NA	14949	164	4.4051003	162	0	41.0	mappable	NA	NA	NA	0.34981524635	0.5	0.0868064129	0.14421938	0.64421938	119939953	119950103	119959945	119959976	NA	missing	454335.0	NA	1.0719	NA	NA	NA	NA	NA	NA	NA	NA	NA	NA	4103570
1	119959977	120529963	NA	569987	6606	3.74173113	6594	128	1849.0	mappable	0.12576724	5.0	NA	0.04261397907	0.007142857143	0.0371935871	0.10459939	0.11174225	119959977	119960008	120529963	120529963	0.180463701	1	394289.87	20.502343	0.9336902	NA	NA	0.0	1.87086556	1.87086556	2	2	2:2	4	gain	4103570
1	121220004	121229986	NA	9983	177	4.11807668	177	0	55.0	mappable	NA	NA	NA	NA	inf	0.0270064129	0.15054281	inf	121220004	121220004	121229986	121229986	NA	missing	454210.0	NA	1.0121	NA	NA	NA	NA	NA	NA	NA	NA	NA	NA	4103570
1	144010127	144019970	NA	9844	155	4.00336323	83	0	36.0	mappable	NA	NA	NA	0.23737041586	0.013888888889	0.0031064129	0.15077238	0.16466127	144010127	144010127	144019970	144019970	NA	missing	1259958.0	NA	0.9882	NA	NA	NA	NA	NA	NA	NA	NA	NA	NA	4103570
1	144920087	145739956	NA	819870	6377	3.98826377	5804	179	1909.0	mappable	0.08317115	1.0	self	0.02021934011	0.001329787234	0.0141935871	0.10180689	0.10313668	144920087	144920087	145739956	145739956	0.099850975	1	419328.18	21.743178	0.9850541	NA	NA	0.0	1.99413189	1.99413189	2	2	2:2	4	gain	4103570
1	146540101	147829895	NA	1289795	11679	3.98826377	11653	382	3146.0	mappable	0.06665	1.0	self	0.01373118222	0.002450980392	0.0108935871	0.09852843	0.10097941	146540101	146540101	147829895	147829895	0.127522156	1	419328.18	21.743178	0.9850541	NA	NA	0.0	1.99413189	1.99413189	2	2	2:2	4	gain	4103570
1	149815060	205710073	NA	55895017	746868	3.98826377	744418	32585	204237.0	mappable	0.078725	1.0	self	0.0001269472	2.854533e-05	0.0091942983	0.0777115	0.07774005	149815060	149815060	205709989	205710157	0.144766688	1	419328.18	21.743178	0.9850541	NA	NA	0.0	1.99413189	1.99413189	2	2	2:2	4	gain	4103570
1	205710073	205740069	NA	29997	412	4.35868551	411	2	99.0	mappable	0.03205128	4.0	NA	0.0461842779	0.333333333333	0.0814064129	0.13447611	0.46780944	205709989	205710157	205739940	205740069	NA	missing	430180.5	22.475483	1.0622297	NA	NA	NA	NA	NA	NA	NA	NA	NA	NA	4103570
1	206249858	206270012	NA	20155	270	4.35868551	268	0	93.0	mappable	NA	4.0	NA	0.02328463411	0.5	0.0793064129	0.13987139	0.63987139	206249858	206250005	206269988	206270036	NA	missing	430180.5	NA	1.0622297	NA	NA	NA	NA	NA	NA	NA	NA	NA	NA	4103570
1	206270012	249209945	NA	42939937	593870	3.98826377	591517	30331	159764.0	mappable	0.078725	1.0	edge	0.00054886413	3.0596946e-05	0.0076047411	0.07887736	0.07890796	206269988	206270036	249209945	249209945	0.151136516	1	419328.18	21.743178	0.9850541	NA	NA	0.0	1.99413189	1.99413189	2	2	2:2	4	gain	4103570
2	20016	44059989	NA	44039978	679162	3.98826377	676809	30678	182731.0	mappable	0.078725	1.0	edge	0.00036168195	3.0274591e-05	0.0028244147	0.078764	0.07879428	20016	20016	44059945	44059989	0.138686583	1	419328.18	21.743178	0.9850541	NA	NA	0.0	1.99413189	1.99413189	2	2	2:2	4	gain	4103570
2	44059990	44070007	NA	10018	182	3.5238706	182	0	56.0	mappable	NA	NA	NA	NA	inf	0.0967935871	0.15048561	inf	44059990	44060034	44069985	44070007	NA	missing	378653.75	NA	0.8883	NA	NA	NA	NA	NA	NA	NA	NA	NA	NA	4103570
2	44070008	87059860	NA	42989863	631985	3.98826377	629969	30984	172386.0	mappable	0.078725	1.0	NA	0.00132002393	3.030303e-05	0.0015445466	0.07887215	0.07890245	44070008	44070030	87059860	87059860	0.136197685	1	419328.18	21.743178	0.9850541	NA	NA	0.0	1.99413189	1.99413189	2	2	2:2	4	gain	4103570
2	88330099	89050017	NA	719919	9354	3.98826377	9320	293	2585.0	mappable	0.05878397	1.0	NA	0.01904155958	0.003058103976	0.0023935871	0.10278826	0.10584636	88330099	88330099	89049908	89050126	0.105760095	1	419328.18	21.743178	0.9850541	NA	NA	0.0	1.99413189	1.99413189	2	2	2:2	4	gain	4103570
2	89050017	89094923	NA	44907	127	3.34436085	127	0	40.0	mappable	NA	NA	NA	NA	inf	0.1341935871	0.12941087	inf	89049908	89050126	89059837	89130009	NA	missing	435184.0	NA	0.8509	NA	NA	NA	NA	NA	NA	NA	NA	NA	NA	4103570
2	89094923	89229990	NA	135068	2404	0.32389326	2403	35	737.0	mappable	0.32875	NA	NA	0.24999381778	0.028571428571	0.7634935871	0.11734798	0.14591941	89059837	89130009	89229990	89229990	0.120993757	1	98335.39	4.91677	0.2216	NA	NA	0.0	0.16194663	0.16194663	0	0	0:0	0	LOH	4103570
2	89840102	90239998	NA	399897	914	3.98826377	901	18	351.0	mappable	0.16137532	1.0	self	0.04682645173	0.032258064516	0.0030064129	0.10747332	0.13973139	89840102	89840102	90239998	90239998	NA	missing	419328.18	21.743178	0.9850541	NA	NA	NA	NA	NA	NA	NA	NA	NA	NA	4103570
2	95580145	96239991	NA	659847	4446	3.98826377	4444	2	1247.0	mappable	0.23684211	1.0	NA	0.0014956559	0.25	0.0127935871	0.10345663	0.35345663	95580145	95580145	96239991	96239991	NA	missing	419328.18	21.743178	0.9850541	NA	NA	NA	NA	NA	NA	NA	NA	NA	NA	4103570
2	96239992	96740020	NA	500029	0	0.0	0	0	NA	mappable	NA	NA	NA	NA	inf	0.9850935871	0.10564318	inf	96239992	96239992	96740020	96740020	NA	missing	NA	NA	0.0	NA	NA	0.0	0.0	0.0	0	0	NA	0	homozygousDel	4103570
2	96740021	131489988	NA	34749971	442949	3.98826377	441612	21896	118536.0	mappable	0.0753	1.0	NA	0.00158218041	4.304593e-05	0.0018427915	0.0798387	0.07988174	96740021	96740021	131489899	131490077	0.143972108	1	419328.18	21.743178	0.9850541	NA	NA	0.0	1.99413189	1.99413189	2	2	2:2	4	gain	4103570
2	131489988	131499839	NA	9852	133	3.45139474	133	0	42.0	mappable	NA	NA	NA	NA	inf	0.1118935871	0.15075906	inf	131489899	131490077	131499618	131500060	NA	missing	382124.0	NA	0.8732	NA	NA	NA	NA	NA	NA	NA	NA	NA	NA	4103570
2	131499839	132189994	NA	690156	5520	3.98826377	5511	44	1447.0	mappable	0.06884342	1.0	NA	0.00754039274	0.018867924528	0.0175064129	0.10311105	0.12197898	131499618	131500060	132189994	132189994	0.347805467	2	419328.18	21.743178	0.9850541	12.1494	0.5219599	0.04391983	1.90654995	2.08171383	2	2	2:2	4	gain	4103570
2	132189995	133009999	NA	820005	0	0.0	0	0	NA	mappable	NA	NA	NA	NA	inf	0.9850935871	0.10180566	inf	132189995	132189995	133009999	133009999	NA	missing	NA	NA	0.0	NA	NA	0.0	0.0	0.0	0	0	NA	0	homozygousDel	4103570
2	133010000	133129976	NA	119977	2826	4.35868551	2800	0	706.0	mappable	NA	4.0	NA	0.03315007284	0.038461538462	0.1330064129	0.11853679	0.15699833	133010000	133010000	133129930	133130022	NA	missing	430180.5	NA	1.0622297	NA	NA	NA	NA	NA	NA	NA	NA	NA	NA	4103570
2	133129976	151129943	NA	17999970	247520	3.98826377	246750	10585	67479.0	mappable	0.078725	1.0	NA	0.00270622549	8.8066931e-05	0.0001013866	0.08298242	0.08307048	133129930	133130022	151129814	151130072	0.137417067	1	419328.18	21.743178	0.9850541	NA	NA	0.0	1.99413189	1.99413189	2	2	2:2	4	gain	4103570
2	151129943	151150050	NA	20108	294	4.36910236	294	0	79.0	mappable	NA	NA	NA	NA	inf	0.0793064129	0.13990434	inf	151129814	151130072	151149972	151150128	NA	missing	428555.92	NA	1.0644	NA	NA	NA	NA	NA	NA	NA	NA	NA	NA	4103570
2	151150050	190509990	NA	39359946	525190	3.98826377	523406	24444	143661.0	mappable	0.0753	1.0	NA	0.00128206237	3.8127192e-05	0.0157285337	0.07927	0.07930813	151149972	151150128	190509955	190509990	0.144288591	1	419328.18	21.743178	0.9850541	NA	NA	0.0	1.99413189	1.99413189	2	2	2:2	4	gain	4103570
2	190509991	190520028	NA	10038	133	3.28676414	133	0	48.0	mappable	NA	NA	NA	NA	inf	0.1461935871	0.15045304	inf	190509991	190510026	190519996	190520028	NA	missing	428892.0	NA	0.8389	NA	NA	NA	NA	NA	NA	NA	NA	NA	NA	4103570
2	190520029	208099936	NA	17579908	217652	3.98826377	216876	9712	59564.0	mappable	0.078725	1.0	NA	3.118222e-05	9.5347063e-05	0.0123935871	0.08309988	0.08319522	190520029	190520061	208099863	208099936	0.162978645	1	419328.18	21.743178	0.9850541	NA	NA	0.0	1.99413189	1.99413189	2	2	2:2	4	gain	4103570
2	208099937	208110006	NA	10070	132	3.34820063	132	0	49.0	mappable	NA	NA	NA	NA	inf	0.1333935871	0.15040109	inf	208099937	208100010	208109978	208110006	NA	missing	377013.0	NA	0.8517	NA	NA	NA	NA	NA	NA	NA	NA	NA	NA	4103570
2	208110007	242999969	NA	34889965	510802	3.98826377	508763	24872	134701.0	mappable	0.078725	1.0	edge	0.00194184322	3.7162288e-05	8.50766e-05	0.07982022	0.07985738	208110007	208110035	242999969	242999969	0.141820711	1	419328.18	21.743178	0.9850541	NA	NA	0.0	1.99413189	1.99413189	2	2	2:2	4	gain	4103570
3	100074	66159927	NA	66059854	960761	3.98826377	957445	45867	257952.0	mappable	0.078725	1.0	edge	0.00020600733	2.0332642e-05	0.0022846216	0.07699038	0.07701072	100074	100074	66159855	66159927	0.141774458	1	419328.18	21.743178	0.9850541	NA	NA	0.0	1.99413189	1.99413189	2	2	2:2	4	gain	4103570
3	66289994	90040040	NA	23750053	335691	3.98826377	334722	13866	90987.0	mappable	0.078725	1.0	self	0.00077224167	6.7408156e-05	0.0005862887	0.0816279	0.08169531	66289994	66290039	90039987	90040040	0.156858785	1	419328.18	21.743178	0.9850541	NA	NA	0.0	1.99413189	1.99413189	2	2	2:2	4	gain	4103570
3	90040041	90060120	NA	20080	349	3.74173113	346	8	93.0	mappable	0.08440102	5.0	NA	0.05043563065	0.090909090909	0.0724935871	0.13992402	0.23083311	90040041	90040094	90059946	90060294	NA	missing	394289.87	20.502343	0.9336902	NA	NA	NA	NA	NA	NA	NA	NA	NA	NA	4103570
3	90060120	90259931	NA	199812	1745	4.35868551	1739	27	459.0	mappable	0.12974167	4.0	NA	0.02851358522	0.030303030303	0.0426064129	0.1135829	0.14388593	90059946	90060294	90199759	90320103	NA	missing	430180.5	22.475483	1.0622297	NA	NA	NA	NA	NA	NA	NA	NA	NA	NA	4103570
3	90259931	90330011	NA	70081	302	3.74173113	302	2	92.0	mappable	0.03345495	5.0	NA	0.03261094528	0.5	0.1110935871	0.12424879	0.62424879	90199759	90320103	90329986	90330011	NA	missing	394289.87	20.502343	0.9336902	NA	NA	NA	NA	NA	NA	NA	NA	NA	NA	4103570
3	90330012	90499969	NA	169958	3812	3.98826377	3775	18	994.0	mappable	0.1111375	1.0	self	0.01404925257	0.018181818182	0.0040935871	0.11510911	0.13329093	90330012	90330037	90499969	90499969	NA	missing	419328.18	21.743178	0.9850541	NA	NA	NA	NA	NA	NA	NA	NA	NA	NA	4103570
3	93570175	141549935	NA	47979771	645387	3.98826377	643337	30401	174828.0	mappable	0.078725	1.0	NA	4.926064e-05	3.0816641e-05	0.0082455701	0.07838243	0.07841324	93570175	93570175	141549855	141549935	0.14447221	1	419328.18	21.743178	0.9850541	NA	NA	0.0	1.99413189	1.99413189	2	2	2:2	4	gain	4103570
3	141549936	141559949	NA	10014	179	4.42573912	179	0	73.0	mappable	NA	NA	NA	NA	inf	0.0911064129	0.15049214	inf	141549936	141550016	141559889	141560009	NA	missing	391572.0	NA	1.0762	NA	NA	NA	NA	NA	NA	NA	NA	NA	NA	4103570
3	141559949	155319991	NA	13760044	189242	3.98826377	188728	9097	52513.0	mappable	0.08168214	1.0	NA	0.00158353709	0.000104047446	0.02009232	0.08433843	0.08444248	141559889	141560009	155319948	155320034	0.124806462	1	419328.18	21.743178	0.9850541	NA	NA	0.0	1.99413189	1.99413189	2	2	2:2	4	gain	4103570
3	155319991	155344978	NA	24988	371	4.18383293	371	0	125.0	mappable	NA	NA	NA	NA	inf	0.0407064129	0.1369024	inf	155319948	155320034	155339875	155344978	NA	missing	445750.3	NA	1.0258	NA	NA	NA	NA	NA	NA	NA	NA	NA	NA	4103570
3	155344979	197645027	NA	42300051	583671	3.98826377	581542	27897	158730.0	mappable	0.078725	1.0	NA	0.00084879556	3.3305579e-05	0.0047613433	0.0789448	0.07897811	155344979	155350082	197639983	197650071	0.147763041	1	419328.18	21.743178	0.9850541	NA	NA	0.0	1.99413189	1.99413189	2	2	2:2	4	gain	4103570
3	197645027	197670000	NA	24974	293	4.35868551	293	4	67.0	mappable	0.06218636	4.0	NA	0.01656981858	0.25	0.1213064129	0.13690998	0.38690998	197639983	197650071	197669994	197670006	NA	missing	430180.5	22.475483	1.0622297	NA	NA	NA	NA	NA	NA	NA	NA	NA	NA	4103570
3	197670000	197779892	NA	109893	1164	3.98032455	1164	12	357.0	mappable	0.18466136	NA	edge	0.10590518142	0.083333333333	0.0016935871	0.11943336	0.20276669	197669994	197670006	197779892	197779892	NA	missing	421958.64	23.861112	0.9834	NA	NA	NA	NA	NA	NA	NA	NA	NA	NA	4103570
4	50084	8939952	NA	8889869	145552	3.98826377	144539	7279	35366.0	mappable	0.078725	1.0	edge	0.00156148509	0.000120598167	0.0056265211	0.08664111	0.08676171	50084	50084	8939952	8939952	0.157208696	1	419328.18	21.743178	0.9850541	NA	NA	0.0	1.99413189	1.99413189	2	2	2:2	4	gain	4103570
4	9800043	30450015	NA	20649973	325319	3.98826377	324191	15667	86458.0	mappable	0.078725	1.0	NA	3.118222e-05	5.954153e-05	0.0106064129	0.08230576	0.0823653	9800043	9800043	30449940	30450090	0.145250958	1	419328.18	21.743178	0.9850541	NA	NA	0.0	1.99413189	1.99413189	2	2	2:2	4	gain	4103570
4	30450015	30459931	NA	9917	157	3.66450258	157	0	43.0	mappable	NA	NA	NA	NA	inf	0.0674935871	0.15065133	inf	30449940	30450090	30459851	30460011	NA	missing	417825.6	NA	0.9176	NA	NA	NA	NA	NA	NA	NA	NA	NA	NA	4103570
4	30459931	49089961	NA	18630036	273936	3.98826377	273113	12335	74365.0	mappable	0.078725	1.0	NA	0.00049280261	7.5999392e-05	0.0031201518	0.08281187	0.08288787	30459851	30460011	49089961	49089961	0.131499927	1	419328.18	21.743178	0.9850541	NA	NA	0.0	1.99413189	1.99413189	2	2	2:2	4	gain	4103570
4	52680564	190799944	NA	138119397	1921472	3.98826377	1914427	94929	517656.0	mappable	0.078725	1.0	edge	0.0002283698	9.806902e-06	0.0048117989	0.07396083	0.07397064	52680564	52680564	190799944	190799944	0.159812948	1	419328.18	21.743178	0.9850541	NA	NA	0.0	1.99413189	1.99413189	2	2	2:2	4	gain	4103570
5	50017	37950019	NA	37900007	566142	3.98826377	563942	29402	148789.0	mappable	0.078725	1.0	edge	0.00055470366	3.1644568e-05	0.0076688943	0.0794417	0.07947334	50017	50017	37949882	37950019	0.13952734	1	419328.18	21.743178	0.9850541	NA	NA	0.0	1.99413189	1.99413189	2	2	2:2	4	gain	4103570
5	37950020	37969993	NA	19974	275	4.36766244	275	0	85.0	mappable	NA	NA	NA	NA	inf	0.0790064129	0.13999881	inf	37950020	37950157	37969931	37970055	NA	missing	451778.56	NA	1.0641	NA	NA	NA	NA	NA	NA	NA	NA	NA	NA	4103570
5	37969993	46399990	NA	8429999	123160	3.98826377	122736	5075	33412.0	mappable	0.078725	1.0	NA	5.117676e-05	0.000181851246	0.0115379376	0.08692968	0.08711153	37969931	37970055	46399990	46399990	0.159667627	1	419328.18	21.743178	0.9850541	NA	NA	0.0	1.99413189	1.99413189	2	2	2:2	4	gain	4103570
5	49470005	50199990	NA	729986	8737	3.98826377	8597	298	2351.0	mappable	0.07371957	1.0	NA	0.00541868222	0.002283105023	0.0046935871	0.10268253	0.10496564	49470005	49470005	50199901	50200079	0.190358764	1	419328.18	21.743178	0.9850541	NA	NA	0.0	1.99413189	1.99413189	2	2	2:2	4	gain	4103570
5	50199990	50209974	NA	9985	136	4.53709277	136	0	36.0	mappable	NA	NA	NA	NA	inf	0.1143064129	0.15053953	inf	50199901	50200079	50209930	50210018	NA	missing	450056.2	NA	1.0994	NA	NA	NA	NA	NA	NA	NA	NA	NA	NA	4103570
5	50209974	68829703	NA	18619731	247890	3.98826377	247139	11362	67856.0	mappable	0.078725	1.0	NA	0.00126164973	8.2555932e-05	0.0072645126	0.08281461	0.08289716	50209930	50210018	68829703	68829703	0.145986059	1	419328.18	21.743178	0.9850541	NA	NA	0.0	1.99413189	1.99413189	2	2	2:2	4	gain	4103570
5	70750153	99289979	NA	28539828	373629	3.98826377	372627	14903	103337.0	mappable	0.078725	1.0	NA	0.0001917151	6.287331e-05	0.0087891325	0.08075433	0.0808172	70750153	70750153	99289921	99289979	0.134386916	1	419328.18	21.743178	0.9850541	NA	NA	0.0	1.99413189	1.99413189	2	2	2:2	4	gain	4103570
5	99289980	99310045	NA	20066	404	4.22511058	404	0	122.0	mappable	NA	NA	NA	NA	inf	0.0493064129	0.13993387	inf	99289980	99290038	99309978	99310045	NA	missing	413474.6	NA	1.0344	NA	NA	NA	NA	NA	NA	NA	NA	NA	NA	4103570
5	99310046	144739998	NA	45429954	653572	3.98826377	651790	31001	177782.0	mappable	0.078725	1.0	NA	0.00043966116	3.0503615e-05	0.0044303862	0.07862519	0.07865569	99310046	99310113	144739996	144740000	0.13744099	1	419328.18	21.743178	0.9850541	NA	NA	0.0	1.99413189	1.99413189	2	2	2:2	4	gain	4103570
5	144739998	144750034	NA	10037	156	3.57138789	156	0	45.0	mappable	NA	NA	NA	NA	inf	0.0868935871	0.15045467	inf	144739996	144740000	144749997	144750034	NA	missing	413955.6	NA	0.8982	NA	NA	NA	NA	NA	NA	NA	NA	NA	NA	4103570
5	144750035	144779989	NA	29955	494	4.30286614	494	9	123.0	mappable	0.13473902	NA	NA	0.05598284217	0.111111111111	0.0655064129	0.13449439	0.2456055	144750035	144750072	144779979	144779989	NA	missing	434062.15	24.533947	1.0506	NA	NA	NA	NA	NA	NA	NA	NA	NA	NA	4103570
5	144779990	180689979	NA	35909994	502845	3.98826377	501095	26234	133814.0	mappable	0.078725	1.0	edge	0.0015225594	3.5734706e-05	0.0006269359	0.079688	0.07972373	144779990	144780000	180689979	180689979	0.141172309	1	419328.18	21.743178	0.9850541	NA	NA	0.0	1.99413189	1.99413189	2	2	2:2	4	gain	4103570
6	180248	30696318	NA	30516074	453626	3.98826377	450930	24611	121748.0	mappable	0.078725	1.0	edge	0.00014799304	3.6621988e-05	0.0003900871	0.0804406	0.08047722	180248	180248	30689697	30696318	0.153344936	1	419328.18	21.743178	0.9850541	NA	NA	0.0	1.99413189	1.99413189	2	2	2:2	4	gain	4103570
6	30696319	33267997	DEL	2571681	53864	2.05071805	50988	6220	11723.0	mappable	0.7603	NA	identical	0.68600990629	0.000109950522	0.4037178835	0.09392193	0.09403189	30696319	30700044	33267991	33267997	0.988461196	2	244447.86	21.256336	0.5813757	12.00024	1.0028732	1.0	0.0	2.05071805	2	0	2:0	2	cnLOH	4103570
6	33267998	34809769	DEL	1541772	20153	3.98826377	20086	1012	5032.0	mappable	0.07317586	1.0	self	0.00484656683	0.000926784059	0.0161064129	0.09729445	0.09822123	33267998	33268024	34809490	34809769	0.123579038	1	419328.18	21.743178	0.9850541	NA	NA	0.0	1.99413189	1.99413189	2	2	2:2	4	gain	4103570
6	34809770	34819977	NA	10208	141	4.71612255	130	0	34.0	mappable	NA	NA	identical	0.04634582624	0.090909090909	0.1516064129	0.15017932	0.24108841	34809770	34810049	34819860	34819977	NA	missing	449054.0	NA	1.1367	NA	NA	NA	NA	NA	NA	NA	NA	NA	NA	4103570
6	34819978	58019982	NA	23200008	332261	3.98826377	329696	15392	89391.0	mappable	0.078725	1.0	self	4.657068e-05	5.5688589e-05	0.0049521258	0.08174068	0.08179637	34819978	34820095	58019982	58019982	0.150657233	1	419328.18	21.743178	0.9850541	NA	NA	0.0	1.99413189	1.99413189	2	2	2:2	4	gain	4103570
6	58610011	58769997	NA	159987	572	3.98826377	571	24	154.0	mappable	0.14618312	1.0	self	0.06742693744	0.04	0.0009935871	0.11568989	0.15568989	58610011	58610011	58769997	58769997	NA	missing	419328.18	21.743178	0.9850541	NA	NA	NA	NA	NA	NA	NA	NA	NA	NA	4103570
6	61890002	74329997	NA	12439996	180552	3.98826377	179788	10487	47529.0	mappable	0.07825	1.0	self	3.118222e-05	8.8880988e-05	0.0042935871	0.08485909	0.08494797	61890002	61890002	74329942	74330052	0.146654042	1	419328.18	21.743178	0.9850541	NA	NA	0.0	1.99413189	1.99413189	2	2	2:2	4	gain	4103570
6	74329997	74389994	NA	59998	688	4.35868551	681	120	167.0	mappable	0.08381127	4.0	NA	0.0029046021	0.007874015748	0.0785064129	0.12600309	0.1338771	74329942	74330052	74389988	74389994	0.107937017	1	430180.5	22.475483	1.0622297	NA	NA	0.0	2.17934276	2.17934276	2	2	2:2	4	gain	4103570
6	74389995	74410060	NA	20066	293	3.64146389	292	0	97.0	mappable	NA	NA	NA	0.31013270667	1.0	0.0722935871	0.13993387	1.13993387	74389995	74390001	74409988	74410060	NA	missing	397289.81	NA	0.9128	NA	NA	NA	NA	NA	NA	NA	NA	NA	NA	4103570
6	74410061	74970008	NA	559948	7976	3.98826377	7949	178	2255.0	mappable	0.06402308	1.0	NA	0.01580618222	0.00487804878	0.0063935871	0.10473983	0.10961788	74410061	74410133	74969970	74970008	0.181481399	1	419328.18	21.743178	0.9850541	NA	NA	0.0	1.99413189	1.99413189	2	2	2:2	4	gain	4103570
6	74970009	74999993	NA	29985	487	4.35566312	487	0	135.0	mappable	NA	NA	NA	NA	inf	0.0765064129	0.13448133	inf	74970009	74970047	74999907	75000079	NA	missing	443746.79	NA	1.0616	NA	NA	NA	NA	NA	NA	NA	NA	NA	NA	4103570
6	74999993	88099993	NA	13100002	179853	3.98826377	179379	7320	49422.0	mappable	0.078725	1.0	NA	0.00073378712	0.000128320287	0.0112332523	0.08459141	0.08471973	74999907	75000079	88099976	88100010	0.170349024	1	419328.18	21.743178	0.9850541	NA	NA	0.0	1.99413189	1.99413189	2	2	2:2	4	gain	4103570
6	88099993	88120006	NA	20014	299	3.57522767	299	0	84.0	mappable	NA	NA	NA	NA	inf	0.0860935871	0.13997053	inf	88099976	88100010	88119991	88120021	NA	missing	434331.28	NA	0.899	NA	NA	NA	NA	NA	NA	NA	NA	NA	NA	4103570
6	88120006	135560066	NA	47440063	646387	3.98826377	644647	27649	176908.0	mappable	0.0753	1.0	NA	0.00187006079	3.4027494e-05	0.0100122558	0.07843259	0.07846662	88119991	88120021	135559975	135560157	0.146610417	1	419328.18	21.743178	0.9850541	NA	NA	0.0	1.99413189	1.99413189	2	2	2:2	4	gain	4103570
6	135560066	135569954	NA	9889	121	3.3995577	121	0	47.0	mappable	NA	NA	NA	NA	inf	0.1226935871	0.15069763	inf	135559975	135560157	135569905	135569954	NA	missing	426382.0	NA	0.8624	NA	NA	NA	NA	NA	NA	NA	NA	NA	NA	4103570
6	135569955	170899935	NA	35329984	522656	3.98826377	520464	25943	139855.0	mappable	0.078725	1.0	edge	0.00017809785	3.5542918e-05	0.0081750063	0.07976266	0.0797982	135569955	135570004	170899935	170899935	0.155156607	1	419328.18	21.743178	0.9850541	NA	NA	0.0	1.99413189	1.99413189	2	2	2:2	4	gain	4103570
7	40386	1214997	NA	1174612	20746	3.98826377	20511	1232	4391.0	mappable	0.085575	1.0	edge	0.00681881778	0.000681663258	0.0034064129	0.09918789	0.09986955	40386	40386	1209989	1220005	0.209030638	1	419328.18	21.743178	0.9850541	NA	NA	0.0	1.99413189	1.99413189	2	2	2:2	4	gain	4103570
7	1214997	1259951	NA	44955	431	4.71276274	423	4	116.0	mappable	0.11429257	NA	identical	0.01681881778	0.083333333333	0.1509064129	0.12939796	0.2127313	1209989	1220005	1259873	1259951	NA	missing	400451.86	20.611493	1.136	NA	NA	NA	NA	NA	NA	NA	NA	NA	NA	4103570
7	1259952	34740022	NA	33480072	526567	3.98826377	524743	28793	140557.0	mappable	0.078725	1.0	NA	0.00020402166	3.266266e-05	0.0020009741	0.08001024	0.08004291	1259952	1260030	34739967	34740022	0.136542732	1	419328.18	21.743178	0.9850541	NA	NA	0.0	1.99413189	1.99413189	2	2	2:2	4	gain	4103570
7	34740023	34770075	NA	30053	476	4.22367066	476	0	126.0	mappable	NA	NA	NA	NA	inf	0.0490064129	0.13445178	inf	34740023	34740078	34769999	34770075	NA	missing	436755.95	NA	1.0341	NA	NA	NA	NA	NA	NA	NA	NA	NA	NA	4103570
7	34770076	45280048	NA	10509973	138234	3.98826377	137824	6612	37471.0	mappable	0.0753	1.0	NA	0.00345618222	0.00014240957	0.0124935871	0.08574397	0.08588638	34770076	34770152	45279990	45280048	0.131717915	1	419328.18	21.743178	0.9850541	NA	NA	0.0	1.99413189	1.99413189	2	2	2:2	4	gain	4103570
7	45280049	45290007	NA	9959	173	4.36814241	173	0	49.0	mappable	NA	NA	NA	NA	inf	0.0791064129	0.15058217	inf	45280049	45280107	45289981	45290007	NA	missing	446063.3	NA	1.0642	NA	NA	NA	NA	NA	NA	NA	NA	NA	NA	4103570
7	45290008	50849968	NA	5559963	81148	3.98826377	80912	4692	21792.0	mappable	0.07713333	1.0	NA	0.00042112236	0.000202922078	0.0007409029	0.08925924	0.08946216	45290008	45290034	50849890	50850046	0.1110029	1	419328.18	21.743178	0.9850541	NA	NA	0.0	1.99413189	1.99413189	2	2	2:2	4	gain	4103570
7	50849968	50880061	NA	30094	458	3.55458885	458	0	123.0	mappable	NA	NA	NA	NA	inf	0.0903935871	0.134434	inf	50849890	50850046	50879992	50880061	NA	missing	371274.77	NA	0.8947	NA	NA	NA	NA	NA	NA	NA	NA	NA	NA	4103570
7	50880062	57999988	NA	7119927	86976	3.98826377	86710	5050	22796.0	mappable	0.0775	1.0	NA	3.118222e-05	0.000188111362	0.0091064129	0.08786022	0.08804833	50880062	50880131	57999988	57999988	0.128976165	1	419328.18	21.743178	0.9850541	NA	NA	0.0	1.99413189	1.99413189	2	2	2:2	4	gain	4103570
7	61530139	69310187	NA	7780049	74470	3.98826377	73932	2589	19609.0	mappable	0.078725	1.0	self	3.118222e-05	0.000319795331	0.0287064129	0.08736925	0.08768905	61530139	61530139	69309976	69310187	0.140744447	1	419328.18	21.743178	0.9850541	NA	NA	0.0	1.99413189	1.99413189	2	2	2:2	4	gain	4103570
7	69310188	72229988	NA	2919801	39714	5.40008351	39572	1312	10568.0	mappable	0.20112885	NA	NA	0.10717074086	0.000687757909	0.2941064129	0.09312097	0.09380873	69310188	69310399	72229988	72229988	0.741123073	2	516807.83	31.00847	1.2792	11.53058	0.6136984	0.22739684	2.0860608	3.31402271	sub	2	sub:2	sub	sub	4103570
7	72750118	74139961	NA	1389845	10238	5.39758669	10187	433	2512.0	mappable	0.20667783	NA	NA	0.12296477174	0.002066115702	0.2935862234	0.09800802	0.10007414	72750118	72750118	74139961	74139961	0.736886946	2	472840.37	28.370422	1.2786798	10.55391	0.6137048	0.22740951	2.08506207	3.31252462	sub	2	sub:2	sub	sub	4103570
7	75160045	76059952	NA	899908	8421	5.36936526	8371	268	2180.0	mappable	0.16965909	NA	NA	0.09184381778	0.003144654088	0.2877064129	0.10111521	0.10425986	75160045	75160045	76059952	76059952	0.724719325	2	474678.23	28.312848	1.2728	10.64388	0.6097537	0.21950733	2.09537513	3.27399013	3	2	3:2	5	gain	4103570
7	76810004	84959951	NA	8149948	116460	5.00890584	116107	5593	31424.0	mappable	0.170725	NA	NA	0.08216881778	0.000168180289	0.2126064129	0.08711424	0.08728242	76810004	76810004	84959860	84959951	0.704149836	2	527049.58	31.232568	1.1977	12.55926	0.6062669	0.21253373	1.97217219	3.03673365	3	2	3:2	5	gain	4103570
7	84970047	89129960	NA	4159914	55690	5.14233822	55446	3006	15136.0	mappable	0.18560833	NA	NA	0.10614381778	0.000307692308	0.2404064129	0.0909582	0.09126589	84970047	84970102	89129912	89130008	0.730495456	2	537478.83	32.060141	1.2255	12.51724	0.6103715	0.22074301	2.00360151	3.13873671	3	2	3:2	5	gain	4103570
7	89129960	89139996	NA	10037	153	5.67942756	152	0	39.0	mappable	NA	NA	NA	0.02957585435	1.0	0.3523064129	0.15045467	1.15045467	89129912	89130008	89139858	89140134	NA	missing	587813.3	NA	1.3374	NA	NA	NA	NA	NA	NA	NA	NA	NA	NA	4103570
7	89139996	97470042	NA	8330047	105325	5.12903818	104905	4449	28867.0	mappable	0.1874	NA	NA	0.1119239739	0.000205423172	0.2376354496	0.08699475	0.08720017	89139858	89140134	97469981	97470042	0.736170607	2	535459.94	31.967758	1.222729	12.49849	0.6110067	0.22201345	1.99516137	3.13387681	3	2	3:2	5	gain	4103570
7	97470043	97479990	NA	9948	232	4.4348586	232	0	61.0	mappable	NA	NA	NA	NA	inf	0.0930064129	0.15060025	inf	97470043	97470104	97479843	97479990	NA	missing	468662.0	NA	1.0781	NA	NA	NA	NA	NA	NA	NA	NA	NA	NA	4103570
7	97479991	133015063	NA	35535075	453332	5.1749226	451833	19210	122296.0	mappable	0.174625	NA	NA	0.09877304239	4.8288184e-05	0.2471952422	0.0797361	0.07978439	97479991	97480138	133009997	133020129	0.723385186	2	526750.53	31.420207	1.2322888	12.19981	0.6102841	0.22056821	2.01674959	3.15817301	3	2	3:2	5	gain	4103570
7	133015063	133059904	NA	44842	517	5.55799449	517	2	145.0	mappable	0.24696017	NA	NA	0.05715188452	0.5	0.3270064129	0.12942837	0.62942837	133009997	133020129	133059717	133060091	NA	missing	559765.66	34.278312	1.3121	NA	NA	NA	NA	NA	NA	NA	NA	NA	NA	4103570
7	133059904	159119808	NA	26059907	357995	5.15824163	356241	17146	93589.0	mappable	0.1849	NA	edge	0.10805428164	5.2910053e-05	0.2437198161	0.08118422	0.08123713	133059717	133060091	159119808	159119808	0.705174878	2	512822.78	30.589429	1.2288134	11.91083	0.6103287	0.22065742	2.01001867	3.14822296	3	2	3:2	5	gain	4103570
8	170012	259991	NA	89980	1588	3.74173113	1584	34	408.0	mappable	0.09325174	5.0	edge	0.03259323639	0.026315789474	0.0394935871	0.12152649	0.14784228	170012	170012	239977	280005	0.199597892	1	394289.87	20.502343	0.9336902	NA	NA	0.0	1.87086556	1.87086556	2	2	2:2	4	gain	4103570
8	259991	319995	NA	60005	884	4.41047695	884	3	239.0	mappable	0.19589876	2.0	NA	0.11714257643	0.333333333333	0.0311064129	0.12600175	0.45933509	239977	280005	309926	319995	NA	missing	399267.06	20.486714	1.0730202	NA	NA	NA	NA	NA	NA	NA	NA	NA	NA	4103570
8	319996	510014	NA	190019	2998	3.98826377	2996	11	849.0	mappable	0.041825	1.0	self	0.02638118222	0.076923076923	0.0132935871	0.1140525	0.19097558	319996	330065	509991	510037	NA	missing	419328.18	21.743178	0.9850541	NA	NA	NA	NA	NA	NA	NA	NA	NA	NA	4103570
8	510014	520015	NA	10002	245	4.93259019	240	0	39.0	mappable	NA	NA	identical	0.00789160109	0.2	0.1967064129	0.15051173	0.35051173	509991	510037	519986	520044	NA	missing	396350.0	NA	1.1818	NA	NA	NA	NA	NA	NA	NA	NA	NA	NA	4103570
8	520015	3719999	NA	3199987	85424	3.98826377	84741	4706	21818.0	mappable	0.08215	1.0	NA	0.00272904816	0.000185563184	0.0084431247	0.09255131	0.09273687	519986	520044	3719997	3719999	0.153898534	1	419328.18	21.743178	0.9850541	NA	NA	0.0	1.99413189	1.99413189	2	2	2:2	4	gain	4103570
8	3720000	3730002	NA	10003	393	3.54738926	393	0	98.0	mappable	NA	NA	NA	NA	inf	0.0918935871	0.1505101	inf	3720000	3720002	3729994	3730002	NA	missing	392951.2	NA	0.8932	NA	NA	NA	NA	NA	NA	NA	NA	NA	NA	4103570
8	3730003	6890012	NA	3160011	101116	3.98826377	100860	5475	26789.0	mappable	0.0753	1.0	NA	9.342679e-05	0.000174489618	0.0141243161	0.09262905	0.09280354	3730003	3730011	6889948	6890012	0.143801786	1	419328.18	21.743178	0.9850541	NA	NA	0.0	1.99413189	1.99413189	2	2	2:2	4	gain	4103570
8	6890013	6919904	NA	29892	877	3.74173113	875	78	232.0	mappable	0.07693462	5.0	NA	0.00532847951	0.0125	0.0617935871	0.13452186	0.14702186	6890013	6890077	6919904	6919904	0.256295338	1	394289.87	20.502343	0.9336902	NA	NA	0.0	1.87086556	1.87086556	2	2	2:2	4	gain	4103570
8	8100000	8159986	NA	59987	1347	4.35868551	1346	2	386.0	mappable	0.2037037	4.0	NA	0.00853455852	0.333333333333	0.0776064129	0.12600519	0.45933852	8100000	8100000	8159942	8160030	NA	missing	430180.5	22.475483	1.0622297	NA	NA	NA	NA	NA	NA	NA	NA	NA	NA	4103570
8	8159986	8810009	NA	650026	14591	3.98826377	14561	492	4126.0	mappable	0.07478333	1.0	NA	0.00415794521	0.001915708812	0.0252681975	0.10357254	0.10548825	8159942	8160030	8809973	8810045	0.123145621	1	419328.18	21.743178	0.9850541	NA	NA	0.0	1.99413189	1.99413189	2	2	2:2	4	gain	4103570
8	8810009	8830008	NA	20000	399	3.78113592	399	0	102.0	mappable	NA	NA	NA	NA	inf	0.0431935871	0.13998042	inf	8809973	8810045	8829981	8830035	NA	missing	422978.03	NA	0.9419	NA	NA	NA	NA	NA	NA	NA	NA	NA	NA	4103570
8	8830008	11859985	NA	3029978	62987	3.98826377	62853	2388	16828.0	mappable	0.078725	1.0	NA	3.118222e-05	0.000396667989	0.0136064129	0.09288986	0.09328653	8829981	8830035	11859985	11859985	0.136743373	1	419328.18	21.743178	0.9850541	NA	NA	0.0	1.99413189	1.99413189	2	2	2:2	4	gain	4103570
8	12580042	42089993	NA	29509958	496031	3.98826377	494404	23605	133303.0	mappable	0.076725	1.0	NA	0.00128856361	3.9632213e-05	0.0036708364	0.08059739	0.08063702	12580042	12580042	42089979	42089993	0.143876157	1	419328.18	21.743178	0.9850541	NA	NA	0.0	1.99413189	1.99413189	2	2	2:2	4	gain	4103570
8	42089994	42120091	NA	30098	345	4.54957205	345	0	102.0	mappable	NA	NA	NA	NA	inf	0.1169064129	0.13443227	inf	42089994	42090008	42109984	42130198	NA	missing	406741.62	NA	1.102	NA	NA	NA	NA	NA	NA	NA	NA	NA	NA	4103570
8	42120091	43769999	NA	1649910	23426	3.98826377	23344	474	6454.0	mappable	0.074475	1.0	NA	0.00603438617	0.001798561151	0.0188726128	0.09683375	0.09863231	42109984	42130198	43769999	43769999	0.151889224	1	419328.18	21.743178	0.9850541	NA	NA	0.0	1.99413189	1.99413189	2	2	2:2	4	gain	4103570
8	43770000	43789991	NA	19992	1037	3.74173113	1025	34	268.0	mappable	0.06447453	5.0	NA	0.01428165392	0.021739130435	0.0558935871	0.13998608	0.16172521	43770000	43770000	43789991	43789991	0.211681726	1	394289.87	20.502343	0.9336902	NA	NA	0.0	1.87086556	1.87086556	2	2	2:2	4	gain	4103570
8	46880007	55769997	NA	8889992	120700	3.98826377	120368	5014	32454.0	mappable	0.0782	1.0	NA	2.969352e-05	0.000187055743	0.0054127459	0.08664103	0.08682809	46880007	46880007	55769974	55769997	0.125754953	1	419328.18	21.743178	0.9850541	NA	NA	0.0	1.99413189	1.99413189	2	2	2:2	4	gain	4103570
8	55769998	55780094	NA	10097	157	3.49219241	157	0	39.0	mappable	NA	NA	NA	NA	inf	0.1033935871	0.15035741	inf	55769998	55770021	55779816	55780094	NA	missing	391465.0	NA	0.8817	NA	NA	NA	NA	NA	NA	NA	NA	NA	NA	4103570
8	55780095	68219915	NA	12439821	172124	3.98826377	171614	7498	47324.0	mappable	0.0753	1.0	NA	3.118222e-05	0.000124875125	0.0057064129	0.08485916	0.08498404	55780095	55780373	68219828	68220002	0.138828797	1	419328.18	21.743178	0.9850541	NA	NA	0.0	1.99413189	1.99413189	2	2	2:2	4	gain	4103570
8	68219915	68235010	NA	15096	140	3.20180899	140	2	45.0	mappable	0.11512792	NA	identical	0.03637173769	0.5	0.1638935871	0.14407272	0.64407272	68219828	68220002	68229940	68235010	NA	missing	437934.0	24.417622	0.8212	NA	NA	NA	NA	NA	NA	NA	NA	NA	NA	4103570
8	68235011	128753697	NA	60518688	823822	3.98826377	821252	35564	225120.0	mappable	0.078725	1.0	self	0.00015251056	2.6223318e-05	0.0024549525	0.07736681	0.07739304	68235011	68240081	128753541	128753697	0.14156349	1	419328.18	21.743178	0.9850541	NA	NA	0.0	1.99413189	1.99413189	2	2	2:2	4	gain	4103570
8	128753698	145240040	CTX	16486343	261032	3.98826377	260002	13237	67737.0	mappable	0.078725	1.0	self	0.00062238874	7.0096733e-05	0.0024474357	0.08342104	0.08349113	128753698	128753749	145239990	145240040	0.142110625	1	419328.18	21.743178	0.9850541	NA	NA	0.0	1.99413189	1.99413189	2	2	2:2	4	gain	4103570
8	145510002	145870015	NA	360014	5208	3.98826377	5193	83	1188.0	mappable	0.11630294	1.0	NA	0.04332266394	0.010204081633	0.0135935871	0.1083559	0.11855998	145510002	145510055	145869984	145870015	0.089651396	1	419328.18	21.743178	0.9850541	NA	NA	0.0	1.99413189	1.99413189	2	2	2:2	4	gain	4103570
8	145870016	145909999	NA	39984	604	4.38638137	604	0	154.0	mappable	NA	NA	NA	NA	inf	0.0829064129	0.13082896	inf	145870016	145870047	145909965	145909999	NA	missing	412630.66	NA	1.068	NA	NA	NA	NA	NA	NA	NA	NA	NA	NA	4103570
8	145910000	146289988	NA	379990	4636	3.98826377	4605	155	1203.0	mappable	0.08323269	1.0	edge	0.00622948588	0.005376344086	0.0061404292	0.10790046	0.11327681	145910000	145910034	146289988	146289988	0.151593929	1	419328.18	21.743178	0.9850541	NA	NA	0.0	1.99413189	1.99413189	2	2	2:2	4	gain	4103570
9	200101	38769828	NA	38569735	645872	3.98826377	644102	31819	173852.0	mappable	0.078725	1.0	edge	0.00111126575	2.9772538e-05	0.0013565259	0.07936204	0.07939181	200101	200101	38769828	38769828	0.137283242	1	419328.18	21.743178	0.9850541	NA	NA	0.0	1.99413189	1.99413189	2	2	2:2	4	gain	4103570
9	66840048	66849972	NA	9925	540	3.98826377	508	0	222.0	mappable	NA	1.0	self	0.00746307877	0.03125	0.0139935871	0.15063813	0.18188813	66840048	66840048	66849972	66849972	NA	missing	419328.18	NA	0.9850541	NA	NA	NA	NA	NA	NA	NA	NA	NA	NA	4103570
9	68410004	68419976	NA	9973	1130	3.77009655	1061	0	512.0	mappable	NA	NA	NA	0.22226152873	0.014492753623	0.0454935871	0.15055919	0.16505195	68410004	68410004	68419976	68419976	NA	missing	2826598.0	NA	0.9396	NA	NA	NA	NA	NA	NA	NA	NA	NA	NA	4103570
9	71030093	131470075	NA	60439988	824113	3.98826377	821527	36690	224223.0	mappable	0.078725	1.0	self	0.00100120262	2.5462786e-05	0.0059933141	0.07737243	0.07739789	71030093	71030093	131459986	131480164	0.151943604	1	419328.18	21.743178	0.9850541	NA	NA	0.0	1.99413189	1.99413189	2	2	2:2	4	gain	4103570
9	131470075	131490059	NA	19985	142	5.03962408	142	2	33.0	mappable	0.15488215	NA	identical	0.07612597267	0.5	0.2190064129	0.13999103	0.63999103	131459986	131480164	131489880	131490238	NA	missing	318192.0	17.784469	1.2041	NA	NA	NA	NA	NA	NA	NA	NA	NA	NA	4103570
9	131490059	138189984	NA	6699926	97895	3.98826377	97311	4768	23881.0	mappable	0.08215	1.0	NA	0.00339381778	0.000186846039	0.0156064129	0.08820009	0.08838694	131489880	131490238	138189967	138189984	0.165546776	1	419328.18	21.743178	0.9850541	NA	NA	0.0	1.99413189	1.99413189	2	2	2:2	4	gain	4103570
9	138189985	138200026	NA	10042	215	4.5697309	215	0	44.0	mappable	NA	NA	NA	NA	inf	0.1211064129	0.15044654	inf	138189985	138190002	138199983	138200026	NA	missing	366410.0	NA	1.1062	NA	NA	NA	NA	NA	NA	NA	NA	NA	NA	4103570
9	138200027	141019791	NA	2819766	39452	3.98826377	39139	1234	8858.0	mappable	0.078725	1.0	edge	0.00135374172	0.000646412411	0.0008521951	0.09333955	0.09398596	138200027	138200070	141019791	141019791	0.218312996	1	419328.18	21.743178	0.9850541	NA	NA	0.0	1.99413189	1.99413189	2	2	2:2	4	gain	4103570
10	130013	2060055	NA	1930043	34268	3.98826377	33959	1317	8773.0	mappable	0.078725	1.0	edge	0.00339381778	0.000615763547	0.0211064129	0.09578452	0.09640028	130013	130013	2059991	2060119	0.19416387	1	419328.18	21.743178	0.9850541	NA	NA	0.0	1.99413189	1.99413189	2	2	2:2	4	gain	4103570
10	2060055	2069966	NA	9912	212	4.76459978	211	16	49.0	mappable	0.04657194	NA	identical	0.0288036312	0.058823529412	0.1617064129	0.15065958	0.20948311	2059991	2060119	2069925	2069966	NA	missing	435136.7	22.814459	1.1468	NA	NA	NA	NA	NA	NA	NA	NA	NA	NA	4103570
10	2069967	39149984	NA	37080018	551704	3.98826377	548766	28774	148718.0	mappable	0.078725	1.0	self	3.118222e-05	3.1537782e-05	0.0023064129	0.0795414	0.07957294	2069967	2070008	39149984	39149984	0.135474442	1	419328.18	21.743178	0.9850541	NA	NA	0.0	1.99413189	1.99413189	2	2	2:2	4	gain	4103570
10	42410000	46159967	NA	3749968	43618	3.98826377	43426	1767	11733.0	mappable	0.08194167	1.0	self	0.00339381778	0.000510464523	0.0116935871	0.0915816	0.09209207	42410000	42410000	46159967	46159967	0.145355052	1	419328.18	21.743178	0.9850541	NA	NA	0.0	1.99413189	1.99413189	2	2	2:2	4	gain	4103570
10	48310177	48659961	NA	349785	5565	3.74173113	5551	288	1400.0	mappable	0.09385577	5.0	NA	0.01244381778	0.003311258278	0.0470935871	0.10860057	0.11191183	48310177	48310177	48659961	48659961	0.104874999	1	394289.87	20.502343	0.9336902	NA	NA	0.0	1.87086556	1.87086556	2	2	2:2	4	gain	4103570
10	49390096	83260083	NA	33869991	466674	3.98826377	465294	20702	125181.0	mappable	0.078725	1.0	NA	0.00046288295	4.5285753e-05	0.0016014244	0.07995681	0.0800021	49390096	49390096	83259973	83260193	0.139519241	1	419328.18	21.743178	0.9850541	NA	NA	0.0	1.99413189	1.99413189	2	2	2:2	4	gain	4103570
10	83260083	83269969	NA	9887	274	3.46579392	274	0	82.0	mappable	NA	NA	NA	NA	inf	0.1088935871	0.15070094	inf	83259973	83260193	83269925	83269969	NA	missing	397854.3	NA	0.8762	NA	NA	NA	NA	NA	NA	NA	NA	NA	NA	4103570
10	83269970	102399959	NA	19129992	251486	3.98826377	250681	11088	68886.0	mappable	0.078725	1.0	NA	0.00076660103	8.4083074e-05	0.0009908613	0.08268107	0.08276516	83269970	83270014	102399849	102399959	0.135340657	1	419328.18	21.743178	0.9850541	NA	NA	0.0	1.99413189	1.99413189	2	2	2:2	4	gain	4103570
10	102399960	102409975	NA	10016	147	4.44205819	147	0	36.0	mappable	NA	NA	NA	NA	inf	0.0945064129	0.15048888	inf	102399960	102400070	102409773	102409975	NA	missing	374251.4	NA	1.0796	NA	NA	NA	NA	NA	NA	NA	NA	NA	NA	4103570
10	102409976	126909955	NA	24499986	351379	3.98826377	350092	16882	93587.0	mappable	0.078725	1.0	NA	0.00142121427	5.5044862e-05	0.003159323	0.08147875	0.08153379	102409976	102410178	126909888	126909955	0.155096213	1	419328.18	21.743178	0.9850541	NA	NA	0.0	1.99413189	1.99413189	2	2	2:2	4	gain	4103570
10	126909956	126920039	NA	10084	156	3.26420542	155	20	42.0	mappable	0.049675	NA	identical	0.02865618222	0.047619047619	0.1508935871	0.15037842	0.19799747	126909956	126910023	126919993	126920039	NA	missing	384273.3	20.126942	0.8342	NA	NA	NA	NA	NA	NA	NA	NA	NA	NA	4103570
10	126920040	131910095	NA	4990056	80032	3.98826377	79711	4570	20542.0	mappable	0.07937045	1.0	self	3.118222e-05	0.000204457166	0.0021935871	0.08988512	0.09008957	126920040	126920086	131909965	131910225	0.15128055	1	419328.18	21.743178	0.9850541	NA	NA	0.0	1.99413189	1.99413189	2	2	2:2	4	gain	4103570
10	131910095	131920069	NA	9975	142	4.35868551	141	14	34.0	mappable	0.05345	4.0	identical	0.02530618222	0.066666666667	0.1508064129	0.15055592	0.21722258	131909965	131910225	131919979	131920069	NA	missing	430180.5	22.475483	1.0622297	NA	NA	NA	NA	NA	NA	NA	NA	NA	NA	4103570
10	131920070	135439925	NA	3519856	61453	3.98826377	61007	2544	14475.0	mappable	0.078725	1.0	edge	0.00339381778	0.000334448161	0.0059064129	0.09196635	0.0923008	131920070	131920160	135439925	135439925	0.169325578	1	419328.18	21.743178	0.9850541	NA	NA	0.0	1.99413189	1.99413189	2	2	2:2	4	gain	4103570
11	190010	230032	NA	40023	847	4.35868551	798	59	212.0	mappable	0.09266667	4.0	edge	0.01159659556	0.009259259259	0.0737064129	0.13081692	0.14007618	190010	190010	229977	230032	0.189640601	1	430180.5	22.475483	1.0622297	NA	NA	0.0	2.17934276	2.17934276	2	2	2:2	4	gain	4103570
11	230033	23970037	NA	23740009	343159	3.98826377	341702	18496	89734.0	mappable	0.078725	1.0	NA	0.00215787471	5.0117777e-05	0.0162161306	0.08162993	0.08168005	230033	230088	23969960	23970037	0.152412618	1	419328.18	21.743178	0.9850541	NA	NA	0.0	1.99413189	1.99413189	2	2	2:2	4	gain	4103570
11	23970038	23979973	NA	9936	179	4.40414036	179	0	54.0	mappable	NA	NA	NA	NA	inf	0.0866064129	0.15062	inf	23970038	23970115	23979947	23979973	NA	missing	442867.8	NA	1.0717	NA	NA	NA	NA	NA	NA	NA	NA	NA	NA	4103570
11	23979974	48899996	NA	24920025	350560	3.98826377	349116	15665	94297.0	mappable	0.07576786	1.0	NA	0.00318090771	5.844877e-05	0.0028267495	0.08139742	0.08145587	23979974	23980000	48899996	48899996	0.174050338	1	419328.18	21.743178	0.9850541	NA	NA	0.0	1.99413189	1.99413189	2	2	2:2	4	gain	4103570
11	48899997	50170092	NA	1270096	0	0.0	0	0	NA	mappable	NA	NA	NA	NA	inf	0.9850935871	0.09863632	inf	48899997	48899997	50170092	50170092	NA	missing	NA	NA	0.0	NA	NA	0.0	0.0	0.0	0	0	NA	0	homozygousDel	4103570
11	50170093	51240002	NA	1069910	14471	3.98826377	14359	498	3708.0	mappable	0.08126173	1.0	NA	0.00250555248	0.001639344262	0.0194064129	0.09985492	0.10149426	50170093	50170093	51239967	51240037	0.158465122	1	419328.18	21.743178	0.9850541	NA	NA	0.0	1.99413189	1.99413189	2	2	2:2	4	gain	4103570
11	51240002	51249990	NA	9989	350	3.74173113	350	22	85.0	mappable	0.07291159	5.0	NA	0.00584459685	0.045454545455	0.0668935871	0.15053299	0.19598753	51239967	51240037	51249979	51249990	NA	missing	394289.87	20.502343	0.9336902	NA	NA	NA	NA	NA	NA	NA	NA	NA	NA	4103570
11	51249991	51259993	NA	10003	316	4.35868551	316	18	62.0	mappable	0.1064	4.0	NA	0.02764381778	0.055555555556	0.0733064129	0.1505101	0.20606565	51249991	51250002	51259966	51260020	NA	missing	430180.5	22.475483	1.0622297	NA	NA	NA	NA	NA	NA	NA	NA	NA	NA	4103570
11	51259993	51579984	NA	319992	3657	3.98826377	3618	151	917.0	mappable	0.06936923	1.0	self	0.00670618222	0.005263157895	0.0251935871	0.10936327	0.11462642	51259966	51260020	51579984	51579984	0.127185428	1	419328.18	21.743178	0.9850541	NA	NA	0.0	1.99413189	1.99413189	2	2	2:2	4	gain	4103570
11	54792817	83890016	NA	29097203	383754	3.98826377	382254	16000	100884.0	mappable	0.078725	1.0	NA	0.00025941456	5.7146123e-05	0.0030734793	0.08066345	0.0807206	54792817	54792817	83889969	83890016	0.144871275	1	419328.18	21.743178	0.9850541	NA	NA	0.0	1.99413189	1.99413189	2	2	2:2	4	gain	4103570
11	83890017	83900008	NA	9992	173	4.42717904	173	0	49.0	mappable	NA	NA	NA	NA	inf	0.0914064129	0.15052808	inf	83890017	83890064	83899994	83900022	NA	missing	469955.7	NA	1.0765	NA	NA	NA	NA	NA	NA	NA	NA	NA	NA	4103570
11	83900008	89349940	NA	5449933	71835	3.98826377	71591	3759	19546.0	mappable	0.078725	1.0	NA	3.118222e-05	0.000249812641	0.0128935871	0.08937426	0.08962408	83899994	83900022	89349940	89349940	0.148989468	1	419328.18	21.743178	0.9850541	NA	NA	0.0	1.99413189	1.99413189	2	2	2:2	4	gain	4103570
11	89850037	134939862	NA	45089832	664817	3.98826377	662526	32993	176974.0	mappable	0.078725	1.0	edge	0.00039180486	2.8342261e-05	0.0024225498	0.07865872	0.07868706	89850037	89850037	134939862	134939862	0.135310329	1	419328.18	21.743178	0.9850541	NA	NA	0.0	1.99413189	1.99413189	2	2	2:2	4	gain	4103570
12	160107	34479991	NA	34319890	468900	3.98826377	466907	22307	127294.0	mappable	0.078725	1.0	edge	5.056181e-05	4.1152263e-05	0.0012855029	0.079896	0.07993715	160107	160107	34479975	34479991	0.168462038	1	419328.18	21.743178	0.9850541	NA	NA	0.0	1.99413189	1.99413189	2	2	2:2	4	gain	4103570
12	34479992	34560007	NA	80016	2138	3.74173113	2135	22	496.0	mappable	0.09321379	5.0	NA	0.02059467985	0.04	0.0751935871	0.12278978	0.16278978	34479992	34480008	34559994	34560020	NA	missing	394289.87	20.502343	0.9336902	NA	NA	NA	NA	NA	NA	NA	NA	NA	NA	4103570
12	34560007	34765007	NA	205001	5403	3.9707251	5402	31	1439.0	mappable	0.18553333	NA	NA	0.10512298445	0.03125	0.0036935871	0.11334481	0.14459481	34559994	34560020	34759931	34770083	0.194724621	1	447758.66	24.520117	0.9814	NA	NA	0.0	1.98536255	1.98536255	2	2	2:2	4	gain	4103570
12	34765007	34780036	NA	15030	258	4.41047695	257	0	65.0	mappable	NA	2.0	NA	0.09981524635	1.0	0.1152064129	0.14413835	1.14413835	34759931	34770083	34779971	34780101	NA	missing	399267.06	NA	1.0730202	NA	NA	NA	NA	NA	NA	NA	NA	NA	NA	4103570
12	34780036	34819969	NA	39934	980	3.98826377	980	8	248.0	mappable	0.03224167	1.0	self	0.04651451555	0.125	0.0250935871	0.13084441	0.25584441	34779971	34780101	34819969	34819969	NA	missing	419328.18	21.743178	0.9850541	NA	NA	NA	NA	NA	NA	NA	NA	NA	NA	4103570
12	38000003	108430010	NA	70430016	948222	3.98826377	945068	40957	259312.0	mappable	0.0753	1.0	NA	0.00107372722	2.2672138e-05	0.0061315684	0.07671745	0.07674013	38000003	38000003	108429993	108430027	0.151365712	1	419328.18	21.743178	0.9850541	NA	NA	0.0	1.99413189	1.99413189	2	2	2:2	4	gain	4103570
12	108430010	108440015	NA	10006	174	4.45021773	174	0	50.0	mappable	NA	NA	NA	NA	inf	0.0962064129	0.1505052	inf	108429993	108430027	108439967	108440063	NA	missing	436578.0	NA	1.0813	NA	NA	NA	NA	NA	NA	NA	NA	NA	NA	4103570
12	108440015	133819926	NA	25379914	355572	3.98826377	354031	15657	93090.0	mappable	0.078725	1.0	edge	0.00099095451	5.8146296e-05	0.0137396823	0.08131012	0.08136827	108439967	108440063	133819926	133819926	0.150247002	1	419328.18	21.743178	0.9850541	NA	NA	0.0	1.99413189	1.99413189	2	2	2:2	4	gain	4103570
13	19450058	19590011	NA	139954	1911	4.35868551	1905	154	438.0	mappable	0.112975	4.0	edge	0.03204381778	0.00625	0.0831064129	0.11699606	0.12324606	19450058	19450058	19589971	19590051	0.070998515	1	430180.5	22.475483	1.0622297	NA	NA	0.0	2.17934276	2.17934276	2	2	2:2	4	gain	4103570
13	19590011	79279994	NA	59689991	831097	3.98826377	828380	40411	224013.0	mappable	0.078725	1.0	NA	0.00043152654	2.318733e-05	0.0005530158	0.07742639	0.07744958	19589971	19590051	79279975	79280013	0.145695832	1	419328.18	21.743178	0.9850541	NA	NA	0.0	1.99413189	1.99413189	2	2	2:2	4	gain	4103570
13	79279994	79299858	NA	19865	334	3.63186444	334	0	107.0	mappable	NA	NA	NA	NA	inf	0.0742935871	0.14007622	inf	79279975	79280013	79299704	79300012	NA	missing	404427.84	NA	0.9108	NA	NA	NA	NA	NA	NA	NA	NA	NA	NA	4103570
13	79299858	113044923	NA	33745070	503294	3.98826377	501420	26916	132563.0	mappable	0.078725	1.0	NA	0.00036479429	3.4734283e-05	0.0061943714	0.07997385	0.08000859	79299704	79300012	113039839	113050007	0.156568751	1	419328.18	21.743178	0.9850541	NA	NA	0.0	1.99413189	1.99413189	2	2	2:2	4	gain	4103570
13	113044923	113059969	NA	15047	169	3.31940227	169	0	44.0	mappable	NA	NA	NA	NA	inf	0.1393935871	0.14412141	inf	113039839	113050007	113059889	113059969	NA	missing	420084.0	NA	0.8457	NA	NA	NA	NA	NA	NA	NA	NA	NA	NA	4103570
13	113059970	115099984	NA	2040015	31798	3.98826377	31467	1502	7394.0	mappable	0.071875	1.0	edge	0.00345618222	0.000545553737	0.0006935871	0.09541917	0.09596473	113059970	113060050	115099984	115099984	0.196917711	1	419328.18	21.743178	0.9850541	NA	NA	0.0	1.99413189	1.99413189	2	2	2:2	4	gain	4103570
14	20330060	20339992	NA	9933	222	3.74173113	221	2	105.0	mappable	0.05434783	5.0	edge	0.06509748656	0.333333333333	0.1021935871	0.15062494	0.48395827	20330060	20330060	20339973	20339992	NA	missing	394289.87	20.502343	0.9336902	NA	NA	NA	NA	NA	NA	NA	NA	NA	NA	4103570
14	20339993	55029882	NA	34689894	476492	3.98826377	474769	22461	129468.0	mappable	0.07721364	1.0	NA	0.00343309225	4.1351363e-05	0.0023536556	0.07984666	0.07988801	20339993	20340012	55029746	55029882	0.158180088	1	419328.18	21.743178	0.9850541	NA	NA	0.0	1.99413189	1.99413189	2	2	2:2	4	gain	4103570
14	55029883	55040014	NA	10132	113	3.34628074	113	0	39.0	mappable	NA	NA	NA	NA	inf	0.1337935871	0.150301	inf	55029883	55030019	55039977	55040014	NA	missing	390756.0	NA	0.8513	NA	NA	NA	NA	NA	NA	NA	NA	NA	NA	4103570
14	55040015	71405194	NA	16365182	222553	3.98826377	221890	8261	61841.0	mappable	0.07371667	1.0	NA	0.00406227306	0.000112057373	0.0030164523	0.08345808	0.08357014	55040015	55040052	71399978	71410410	0.15069952	1	419328.18	21.743178	0.9850541	NA	NA	0.0	1.99413189	1.99413189	2	2	2:2	4	gain	4103570
14	71405194	71419960	NA	14767	175	4.57165079	175	0	52.0	mappable	NA	NA	NA	NA	inf	0.1215064129	0.1444034	inf	71399978	71410410	71419920	71419960	NA	missing	495216.67	NA	1.1066	NA	NA	NA	NA	NA	NA	NA	NA	NA	NA	4103570
14	71419961	106211175	NA	34791216	508147	3.98826377	506325	23823	134411.0	mappable	0.078725	1.0	NA	0.00072227611	3.8996997e-05	0.002909691	0.07983325	0.07987224	71419961	71420001	106009942	106211175	0.145565693	1	419328.18	21.743178	0.9850541	NA	NA	0.0	1.99413189	1.99413189	2	2	2:2	4	gain	4103570
14	106211300	106211412	DEL	113	0	0.0	0	0	NA	mappable	NA	NA	NA	NA	inf	0.9850935871	0.29324744	inf	106211300	106211300	106211412	106211412	NA	missing	NA	NA	0.0	NA	NA	0.0	0.0	0.0	0	0	NA	0	homozygousDel	4103570
14	106211413	106211728	DEL	316	0	0.0	0	0	NA	mappable	NA	NA	NA	NA	inf	0.9850935871	0.24085414	inf	106211413	106211413	106211728	106211728	NA	missing	NA	NA	0.0	NA	NA	0.0	0.0	0.0	0	0	NA	0	homozygousDel	4103570
14	106211729	106325825	DEL	114097	1029	0.39396926	1025	1	199.0	mappable	0.2	NA	NA	0.25679738921	0.2	0.7488935871	0.11904832	0.31904832	106211729	106250082	106325822	106325825	NA	missing	84869.24	5.092154	0.2362	NA	NA	NA	NA	NA	NA	NA	NA	NA	NA	4103570
14	106325826	106327122	DEL	1297	242	1.88668405	241	0	47.0	mappable	NA	NA	NA	0.52124381778	1.0	0.4378935871	0.19340559	1.19340559	106325826	106325840	106327118	106327122	NA	missing	176082.86	NA	0.5472	NA	NA	NA	NA	NA	NA	NA	NA	NA	NA	4103570
14	106327123	106330465	DEL	3343	722	1.7633311	722	0	180.0	mappable	NA	NA	NA	NA	inf	0.4635935871	0.17083902	inf	106327123	106327126	106330460	106330465	NA	missing	168950.88	NA	0.5215	NA	NA	NA	NA	NA	NA	NA	NA	NA	NA	4103570
14	106330466	106331463	DEL	998	72	0.53556118	72	0	9.0	mappable	NA	NA	NA	NA	inf	0.7193935871	0.20074484	inf	106330466	106330467	106331458	106331463	NA	missing	98063.33	NA	0.2657	NA	NA	NA	NA	NA	NA	NA	NA	NA	NA	4103570
14	106331464	106346893	DEL	15430	223	0.45156597	223	0	49.0	mappable	NA	NA	NA	NA	inf	0.7368935871	0.1437458	inf	106331464	106331531	106346795	106346893	NA	missing	90474.75	NA	0.2482	NA	NA	NA	NA	NA	NA	NA	NA	NA	NA	4103570
14	106346894	106346898	DEL	5	0	0.0	0	0	NA	mappable	NA	NA	NA	NA	inf	0.9850935871	0.86135312	inf	106346894	106346894	106346898	106346898	NA	missing	NA	NA	0.0	NA	NA	0.0	0.0	0.0	0	0	NA	0	homozygousDel	4103570
14	106346899	106610313	DEL	263415	930	2.19482647	929	4	210.0	mappable	0.19719615	NA	NA	0.11911806021	0.2	0.3736935871	0.11106805	0.31106805	106346899	106346915	106529997	106610313	NA	missing	240429.47	13.624336	0.6114	NA	NA	NA	NA	NA	NA	NA	NA	NA	NA	4103570
14	106610314	107259908	DEL	649595	8881	4.16127422	8663	60	2336.0	mappable	0.10858333	NA	edge	0.24999381778	0.003597122302	0.0360064129	0.10357767	0.10717479	106610314	106650030	107259908	107259908	0.518390476	2	456274.33	25.57362	1.0211	12.75318	0.5712404	0.14248076	1.78418636	2.37708786	sub	2	sub:2	sub	sub	4103570
15	20850000	20859924	NA	9925	165	3.65106334	151	0	47.0	mappable	NA	NA	edge	0.394713383	0.071428571429	0.0702935871	0.15063813	0.2220667	20850000	20850000	20859924	20859924	NA	missing	842600.0	NA	0.9148	NA	NA	NA	NA	NA	NA	NA	NA	NA	NA	4103570
15	22480079	23069956	NA	589878	4044	3.98826377	4008	175	990.0	mappable	0.09576371	1.0	self	0.02031881778	0.004739336493	0.0038935871	0.10432937	0.10906871	22480079	22480079	23069956	23069956	0.113069665	1	419328.18	21.743178	0.9850541	NA	NA	0.0	1.99413189	1.99413189	2	2	2:2	4	gain	4103570
15	23710146	24329926	NA	619781	10367	3.98826377	10315	592	2676.0	mappable	0.0807625	1.0	NA	0.00455096064	0.001552795031	0.0284064129	0.10394255	0.10549534	23710146	23710146	24329926	24329926	0.201381733	1	419328.18	21.743178	0.9850541	NA	NA	0.0	1.99413189	1.99413189	2	2	2:2	4	gain	4103570
15	24329927	24830091	NA	500165	0	0.0	0	0	NA	mappable	NA	NA	NA	NA	inf	0.9850935871	0.10564099	inf	24329927	24329927	24830091	24830091	NA	missing	NA	NA	0.0	NA	NA	0.0	0.0	0.0	0	0	NA	0	homozygousDel	4103570
15	24830092	28529988	NA	3699898	57410	3.98826377	57194	2792	14740.0	mappable	0.07881912	1.0	NA	0.00132232284	0.000332446809	0.0250171619	0.091663	0.09199545	24830092	24830092	28529988	28529988	0.171534145	1	419328.18	21.743178	0.9850541	NA	NA	0.0	1.99413189	1.99413189	2	2	2:2	4	gain	4103570
15	29100034	30350006	NA	1249973	18017	3.98826377	17980	693	4714.0	mappable	0.07485776	1.0	self	0.00193094481	0.001369863014	0.0095576156	0.09874853	0.1001184	29100034	29100034	30349996	30350016	0.107507927	1	419328.18	21.743178	0.9850541	NA	NA	0.0	1.99413189	1.99413189	2	2	2:2	4	gain	4103570
15	30350006	30369914	NA	19909	272	4.35868551	272	17	68.0	mappable	0.0537	4.0	NA	0.02505618222	0.058823529412	0.0709064129	0.14004491	0.19886844	30349996	30350016	30369914	30369914	NA	missing	430180.5	22.475483	1.0622297	NA	NA	NA	NA	NA	NA	NA	NA	NA	NA	4103570
15	31160110	68339967	NA	37179864	508500	3.98826377	506885	21885	139658.0	mappable	0.078725	1.0	NA	7.111042e-05	4.2553191e-05	0.0008074974	0.07952913	0.07957168	31160110	31160110	68339899	68339967	0.132578427	1	419328.18	21.743178	0.9850541	NA	NA	0.0	1.99413189	1.99413189	2	2	2:2	4	gain	4103570
15	68339968	68365000	NA	25033	266	3.61842521	266	0	86.0	mappable	NA	NA	NA	NA	inf	0.0770935871	0.13687808	inf	68339968	68340036	68359954	68365000	NA	missing	411199.0	NA	0.908	NA	NA	NA	NA	NA	NA	NA	NA	NA	NA	4103570
15	68365001	82479795	NA	14114795	181653	3.98826377	180931	8168	48404.0	mappable	0.0753	1.0	NA	3.118222e-05	0.000112485939	0.0041935871	0.08420803	0.08432051	68365001	68370047	82479795	82479795	0.151607194	1	419328.18	21.743178	0.9850541	NA	NA	0.0	1.99413189	1.99413189	2	2	2:2	4	gain	4103570
15	83211507	102380068	NA	19168562	295772	3.98826377	294690	14540	79059.0	mappable	0.078725	1.0	self	3.118222e-05	6.401229e-05	0.0012935871	0.08267114	0.08273515	83211507	83211507	102379950	102380068	0.152031236	1	419328.18	21.743178	0.9850541	NA	NA	0.0	1.99413189	1.99413189	2	2	2:2	4	gain	4103570
15	102380069	102399920	NA	19852	298	3.74173113	270	0	110.0	mappable	NA	5.0	edge	0.03079381778	0.035714285714	0.0642935871	0.14008548	0.17579977	102380069	102380187	102399920	102399920	NA	missing	394289.87	NA	0.9336902	NA	NA	NA	NA	NA	NA	NA	NA	NA	NA	4103570
16	100010	1079956	NA	979947	14707	3.98826377	14544	682	3067.0	mappable	0.08685278	1.0	edge	0.01365914036	0.001183431953	0.0033935871	0.10049067	0.10167411	100010	100010	1079913	1079956	0.252395481	1	419328.18	21.743178	0.9850541	NA	NA	0.0	1.99413189	1.99413189	2	2	2:2	4	gain	4103570
16	1079957	1089982	NA	10026	210	4.49677507	210	0	45.0	mappable	NA	NA	NA	NA	inf	0.1059064129	0.15047258	inf	1079957	1080000	1089961	1090003	NA	missing	346388.0	NA	1.091	NA	NA	NA	NA	NA	NA	NA	NA	NA	NA	4103570
16	1089982	1190057	NA	100076	2181	3.74173113	2157	173	385.0	mappable	0.08035	5.0	NA	0.00339381778	0.005076142132	0.0503935871	0.12040405	0.1254802	1089961	1090003	1189994	1190057	0.080431328	1	394289.87	20.502343	0.9336902	NA	NA	0.0	1.87086556	1.87086556	2	2	2:2	4	gain	4103570
16	1190058	15790044	NA	14599990	272346	3.98826377	271271	13136	70376.0	mappable	0.08051324	1.0	self	0.00277897478	7.0382883e-05	0.0277144702	0.08403551	0.08410589	1190058	1190121	15789980	15790044	0.162843992	1	419328.18	21.743178	0.9850541	NA	NA	0.0	1.99413189	1.99413189	2	2	2:2	4	gain	4103570
16	15790045	15799975	NA	9931	194	3.74173113	188	0	50.0	mappable	NA	5.0	NA	0.01605045253	0.166666666667	0.0551935871	0.15062823	0.3172949	15790045	15790109	15799923	15800027	NA	missing	394289.87	NA	0.9336902	NA	NA	NA	NA	NA	NA	NA	NA	NA	NA	4103570
16	15799975	16190013	NA	390039	6609	4.35868551	6593	289	1707.0	mappable	0.09125227	4.0	NA	0.01249609051	0.003278688525	0.0554064129	0.1076817	0.11096038	15799923	15800027	16189933	16190093	0.162904151	1	430180.5	22.475483	1.0622297	NA	NA	0.0	2.17934276	2.17934276	2	2	2:2	4	gain	4103570
16	16190013	16289940	NA	99929	1911	3.98826377	1887	116	442.0	mappable	0.07001667	1.0	self	0.01165277383	0.007142857143	0.0284296991	0.12041943	0.12756228	16189933	16190093	16289940	16289940	0.208260607	1	419328.18	21.743178	0.9850541	NA	NA	0.0	1.99413189	1.99413189	2	2	2:2	4	gain	4103570
16	16870104	18169896	NA	1299793	20482	3.98826377	20383	1360	5338.0	mappable	0.0769	1.0	self	0.00171451555	0.00068540096	0.0309064129	0.09847438	0.09915978	16870104	16870104	18169896	18169896	0.120007894	1	419328.18	21.743178	0.9850541	NA	NA	0.0	1.99413189	1.99413189	2	2	2:2	4	gain	4103570
16	18800044	20420017	NA	1619974	22405	3.98826377	22341	1069	6044.0	mappable	0.071875	1.0	NA	0.00688118222	0.000882612533	0.0105064129	0.09695776	0.09784037	18800044	18800044	20419982	20420017	0.142478405	1	419328.18	21.743178	0.9850541	NA	NA	0.0	1.99413189	1.99413189	2	2	2:2	4	gain	4103570
16	20420018	20474993	NA	54976	176	3.49459227	176	0	51.0	mappable	NA	NA	NA	NA	inf	0.1028935871	0.12701224	inf	20420018	20420053	20429873	20474993	NA	missing	393794.0	NA	0.8822	NA	NA	NA	NA	NA	NA	NA	NA	NA	NA	4103570
16	20474994	29039945	NA	8564952	102676	3.98826377	102130	5362	27277.0	mappable	0.07802391	1.0	NA	3.118222e-05	0.000169262018	0.0224064129	0.0868432	0.08701246	20474994	20520114	29039945	29039945	0.150903416	1	419328.18	21.743178	0.9850541	NA	NA	0.0	1.99413189	1.99413189	2	2	2:2	4	gain	4103570
16	29670028	31959970	NA	2289943	17555	3.98826377	17504	315	4597.0	mappable	0.08153696	1.0	self	0.00884104001	0.002732240437	0.0148064129	0.09466613	0.09739837	29670028	29670028	31959970	31959970	0.20931848	1	419328.18	21.743178	0.9850541	NA	NA	0.0	1.99413189	1.99413189	2	2	2:2	4	gain	4103570
16	32520030	32649899	NA	129870	3149	3.98826377	2767	0	1245.0	mappable	NA	1.0	self	0.00621040757	0.002617801047	0.0163064129	0.11773911	0.12035691	32520030	32520030	32649899	32649899	NA	missing	419328.18	NA	0.9850541	NA	NA	NA	NA	NA	NA	NA	NA	NA	NA	4103570
16	33889971	34044994	NA	155024	455	3.67554195	445	0	128.0	mappable	NA	NA	NA	0.08773321354	0.1	0.0651935871	0.11599494	0.21599494	33889971	33890001	33899983	34044994	NA	missing	461625.0	NA	0.9199	NA	NA	NA	NA	NA	NA	NA	NA	NA	NA	4103570
16	34044995	35279959	NA	1234965	14265	3.98826377	14245	130	3668.0	mappable	0.05782097	1.0	self	0.0240097188	0.006666666667	0.0268190311	0.09883357	0.10550024	34044995	34190006	35279959	35279959	0.220180068	1	419328.18	21.743178	0.9850541	NA	NA	0.0	1.99413189	1.99413189	2	2	2:2	4	gain	4103570
16	46450014	55439976	NA	8989964	125806	3.98826377	125423	4816	33893.0	mappable	0.0753	1.0	NA	0.00372888085	0.000192344682	0.0075318711	0.08658052	0.08677287	46450014	46450014	55439838	55439976	0.127761181	1	419328.18	21.743178	0.9850541	NA	NA	0.0	1.99413189	1.99413189	2	2	2:2	4	gain	4103570
16	55439977	55460007	NA	20031	369	3.62658474	369	0	105.0	mappable	NA	NA	NA	NA	inf	0.0753935871	0.13995853	inf	55439977	55440115	55459997	55460017	NA	missing	391473.26	NA	0.9097	NA	NA	NA	NA	NA	NA	NA	NA	NA	NA	4103570
16	55460007	90109969	NA	34649971	577305	3.98826377	575119	28360	150085.0	mappable	0.078725	1.0	edge	0.0012953437	3.2738582e-05	0.0128707373	0.07985195	0.07988469	55459997	55460017	90109969	90109969	0.150290829	1	419328.18	21.743178	0.9850541	NA	NA	0.0	1.99413189	1.99413189	2	2	2:2	4	gain	4103570
17	20080	79929	NA	59850	958	3.74173113	934	11	228.0	mappable	0.0577875	5.0	edge	0.01772761079	0.028571428571	0.0802935871	0.12603138	0.15460281	20080	20080	79829	79929	NA	missing	394289.87	20.502343	0.9336902	NA	NA	NA	NA	NA	NA	NA	NA	NA	NA	4103570
17	79930	8204929	NA	8125000	95812	3.98826377	95241	4839	24023.0	mappable	0.078725	1.0	self	0.00339381778	0.000184877057	0.0219064129	0.08713102	0.0873159	79930	80030	8199847	8204929	0.186685578	1	419328.18	21.743178	0.9850541	NA	NA	0.0	1.99413189	1.99413189	2	2	2:2	4	gain	4103570
17	8204930	8255057	NA	50128	486	4.41047695	486	36	101.0	mappable	0.17744167	2.0	identical	0.09868548445	0.027777777778	0.1282064129	0.12809568	0.15587346	8204930	8210012	8249983	8260131	0.031343919	1	399267.06	20.486714	1.0730202	NA	NA	0.0	2.20523848	2.20523848	2	2	2:2	4	gain	4103570
17	8255057	18239982	NA	9984926	135158	3.98826377	134672	6877	35716.0	mappable	0.08190357	1.0	self	0.00339381778	0.000135814206	0.0025064129	0.08601662	0.08615243	8249983	8260131	18239982	18239982	0.155144379	1	419328.18	21.743178	0.9850541	NA	NA	0.0	1.99413189	1.99413189	2	2	2:2	4	gain	4103570
17	18750212	22239986	NA	3489775	25827	3.98826377	25232	823	6849.0	mappable	0.07519175	1.0	self	0.00230618222	0.000705218618	0.0031064129	0.09201874	0.09272396	18750212	18750212	22239986	22239986	0.18661436	1	419328.18	21.743178	0.9850541	NA	NA	0.0	1.99413189	1.99413189	2	2	2:2	4	gain	4103570
17	25390040	44279982	NA	18889944	210900	3.98826377	210134	9802	55909.0	mappable	0.078725	1.0	self	0.00242805152	9.4643195e-05	0.0003585004	0.08274339	0.08283803	25390040	25390040	44279982	44279982	0.157746763	1	419328.18	21.743178	0.9850541	NA	NA	0.0	1.99413189	1.99413189	2	2	2:2	4	gain	4103570
17	44790026	81138745	NA	36348721	476272	3.98826377	474135	22474	124023.0	mappable	0.078725	1.0	edge	3.314213e-05	4.0633889e-05	0.007710348	0.07963241	0.07967305	44790026	44790026	81138745	81138745	0.154510777	1	419328.18	21.743178	0.9850541	NA	NA	0.0	1.99413189	1.99413189	2	2	2:2	4	gain	4103570
18	130031	12060005	NA	11929979	183362	3.98826377	182772	10044	49148.0	mappable	0.078725	1.0	edge	0.0001092281	9.4037991e-05	0.0034441156	0.0850771	0.08517114	130031	130031	12059973	12060005	0.152197675	1	419328.18	21.743178	0.9850541	NA	NA	0.0	1.99413189	1.99413189	2	2	2:2	4	gain	4103570
18	12060006	12089990	NA	29985	381	4.35868551	376	47	54.0	mappable	0.05763333	4.0	identical	0.01903118222	0.019230769231	0.1427064129	0.13448133	0.15371209	12060006	12060038	12089976	12089990	NA	missing	430180.5	22.475483	1.0622297	NA	NA	NA	NA	NA	NA	NA	NA	NA	NA	4103570
18	12089991	14119956	NA	2029968	28968	3.98826377	28890	1481	7807.0	mappable	0.085575	1.0	NA	0.01049907298	0.000641436818	0.0060160476	0.09545161	0.09609305	12089991	12090005	14119956	14119956	0.161530885	1	419328.18	21.743178	0.9850541	NA	NA	0.0	1.99413189	1.99413189	2	2	2:2	4	gain	4103570
18	14119957	14910026	NA	790070	0	0.0	0	0	NA	mappable	NA	NA	NA	NA	inf	0.9850935871	0.10208446	inf	14119957	14119957	14910026	14910026	NA	missing	NA	NA	0.0	NA	NA	0.0	0.0	0.0	0	0	NA	0	homozygousDel	4103570
18	14910027	14929888	NA	19862	364	4.21311126	361	1	93.0	mappable	0.1627907	NA	NA	0.37009239243	0.25	0.0468064129	0.14007836	0.39007836	14910027	14910027	14929888	14929888	NA	missing	424263.8	24.6665	1.0319	NA	NA	NA	NA	NA	NA	NA	NA	NA	NA	4103570
18	18540053	78009968	NA	59469921	879561	3.98826377	876287	43036	235202.0	mappable	0.078725	1.0	edge	0.00087327859	2.1594075e-05	0.0056259815	0.07744237	0.07746396	18540053	18540053	78009968	78009968	0.143361638	1	419328.18	21.743178	0.9850541	NA	NA	0.0	1.99413189	1.99413189	2	2	2:2	4	gain	4103570
19	260137	2014961	NA	1754826	23988	6.03806693	23865	856	4978.0	mappable	0.2808	NA	edge	0.20243728215	0.00102145046	0.4270272566	0.09641855	0.09744	260137	260137	1999892	2014961	0.770089601	2	463413.87	29.489973	1.4121208	9.36608	0.6530696	0.3061392	2.09478897	3.94327796	4	2	4:2	6	gain	4103570
19	2014962	24054991	NA	22040032	225044	3.98826377	223800	9712	55539.0	mappable	0.078725	1.0	self	0.00025237314	9.1274188e-05	0.0340406111	0.08198864	0.08207992	2014962	2030031	24049968	24060014	0.186110024	1	419328.18	21.743178	0.9850541	NA	NA	0.0	1.99413189	1.99413189	2	2	2:2	4	gain	4103570
19	24054991	24099976	NA	44986	489	4.35868551	487	36	111.0	mappable	0.0628	4.0	identical	0.01619903936	0.026315789474	0.1309064129	0.12938964	0.15570543	24049968	24060014	24099923	24100029	0.323704505	2	430180.5	22.475483	1.0622297	11.55827	0.5262792	0.05255834	2.06480012	2.2938854	2	2	2:2	4	gain	4103570
19	24099976	24569972	NA	469997	7386	3.98826377	7120	386	1868.0	mappable	0.0662375	1.0	self	0.01500618222	0.001533742331	0.0129064129	0.1061442	0.10767794	24099923	24100029	24569972	24569972	0.119111344	1	419328.18	21.743178	0.9850541	NA	NA	0.0	1.99413189	1.99413189	2	2	2:2	4	gain	4103570
19	27750002	41505004	NA	13755004	180261	3.98826377	179416	8218	46177.0	mappable	0.078725	1.0	self	0.00032958449	0.00011033874	0.0286655721	0.08434031	0.08445065	27750002	27750002	41489986	41520022	0.137758512	1	419328.18	21.743178	0.9850541	NA	NA	0.0	1.99413189	1.99413189	2	2	2:2	4	gain	4103570
19	41505004	41550000	NA	44997	296	4.41047695	296	23	78.0	mappable	0.17281304	2.0	identical	0.09405686126	0.04347826087	0.1677064129	0.12938668	0.17286494	41489986	41520022	41529956	41570044	NA	missing	399267.06	20.486714	1.0730202	NA	NA	NA	NA	NA	NA	NA	NA	NA	NA	4103570
19	41550000	43209995	NA	1659996	17116	3.98826377	17047	501	4507.0	mappable	0.08504551	1.0	NA	0.00350535624	0.001754385965	0.0256064129	0.09679255	0.09854693	41529956	41570044	43209995	43209995	0.07809042	1	419328.18	21.743178	0.9850541	NA	NA	0.0	1.99413189	1.99413189	2	2	2:2	4	gain	4103570
19	43209996	43800005	NA	590010	0	0.0	0	0	NA	mappable	NA	NA	NA	NA	inf	0.9850935871	0.10432761	inf	43209996	43209996	43800005	43800005	NA	missing	NA	NA	0.0	NA	NA	0.0	0.0	0.0	0	0	NA	0	homozygousDel	4103570
19	43800006	49234995	NA	5434990	59812	3.98826377	59510	3283	14984.0	mappable	0.07805741	1.0	NA	3.118222e-05	0.000278940028	0.0327064129	0.08939009	0.08966903	43800006	43800006	49229988	49234995	0.176241944	1	419328.18	21.743178	0.9850541	NA	NA	0.0	1.99413189	1.99413189	2	2	2:2	4	gain	4103570
19	49234996	49249971	NA	14976	139	4.93882984	136	23	21.0	mappable	0.06784128	NA	identical	0.00618118222	0.038461538462	0.1980064129	0.14419232	0.18265385	49234996	49240003	49249915	49250027	NA	missing	381281.2	19.67903	1.1831	NA	NA	NA	NA	NA	NA	NA	NA	NA	NA	4103570
19	49249971	59089999	NA	9840029	102513	3.98826377	102056	5336	25919.0	mappable	0.078725	1.0	edge	3.118222e-05	0.00017262213	0.0091064129	0.08609471	0.08626733	49249915	49250027	59089999	59089999	0.182403463	1	419328.18	21.743178	0.9850541	NA	NA	0.0	1.99413189	1.99413189	2	2	2:2	4	gain	4103570
20	60479	2750010	NA	2689532	43320	3.98826377	43151	2361	11379.0	mappable	0.07428333	1.0	edge	0.00345618222	0.000395256917	0.0113935871	0.09363768	0.09403293	60479	60479	2749941	2750079	0.13940586	1	419328.18	21.743178	0.9850541	NA	NA	0.0	1.99413189	1.99413189	2	2	2:2	4	gain	4103570
20	2750010	2769997	NA	19988	378	4.23758986	378	0	131.0	mappable	NA	NA	NA	NA	inf	0.0519064129	0.13998891	inf	2749941	2750079	2769937	2769997	NA	missing	413630.73	NA	1.037	NA	NA	NA	NA	NA	NA	NA	NA	NA	NA	4103570
20	2769998	25729738	NA	22959743	356745	3.98826377	355637	16256	96082.0	mappable	0.07788889	1.0	NA	0.00015424081	5.7590417e-05	0.0027812433	0.08179088	0.08184847	2769998	2770058	25729738	25729738	0.154307156	1	419328.18	21.743178	0.9850541	NA	NA	0.0	1.99413189	1.99413189	2	2	2:2	4	gain	4103570
20	29810057	62909989	NA	33099938	497610	3.98826377	495598	20573	130548.0	mappable	0.078725	1.0	edge	0.00180682724	4.4283057e-05	0.0082748516	0.08006301	0.08010729	29810057	29810057	62909989	62909989	0.157795559	1	419328.18	21.743178	0.9850541	NA	NA	0.0	1.99413189	1.99413189	2	2	2:2	4	gain	4103570
21	10720001	10755032	NA	35032	1751	4.35868551	1695	0	756.0	mappable	NA	4.0	edge	0.03785631778	0.017857142857	0.0553064129	0.13248204	0.15033918	10720001	10720001	10739886	10770178	NA	missing	430180.5	NA	1.0622297	NA	NA	NA	NA	NA	NA	NA	NA	NA	NA	4103570
21	10755032	11179964	NA	424933	3382	3.95056625	3088	0	1432.0	mappable	NA	NA	NA	0.09601881778	0.003401360544	0.0078935871	0.10696974	0.1103711	10739886	10770178	11179964	11179964	NA	missing	1216314.67	NA	0.9772	NA	NA	NA	NA	NA	NA	NA	NA	NA	NA	4103570
21	15410077	48099931	NA	32689858	516478	3.98826377	513905	23334	136335.0	mappable	0.078725	1.0	edge	4.125704e-05	3.8607057e-05	0.0062299757	0.08012069	0.0801593	15410077	15410077	48099931	48099931	0.171521992	1	419328.18	21.743178	0.9850541	NA	NA	0.0	1.99413189	1.99413189	2	2	2:2	4	gain	4103570
22	16850007	22550501	NA	5700497	53807	3.98826377	53434	1969	13846.0	mappable	0.07591711	1.0	edge	0.00039356849	0.000426985482	0.0018788978	0.08911601	0.089543	16850007	16850007	22550490	22550501	0.154269349	1	419328.18	21.743178	0.9850541	NA	NA	0.0	1.99413189	1.99413189	2	2	2:2	4	gain	4103570
22	22550502	22550623	CTX	122	7	1.98411849	7	0	1.0	mappable	NA	NA	NA	NA	inf	0.4175935871	0.28856959	inf	22550502	22550507	22550620	22550623	NA	missing	248056.25	NA	0.5675	NA	NA	NA	NA	NA	NA	NA	NA	NA	NA	4103570
22	22550624	23029741	CTX	479118	6011	2.04843482	5977	395	1547.0	mappable	0.69464167	NA	NA	0.61646881778	0.002331002331	0.4041935871	0.10598822	0.10831922	22550624	22550647	23029736	23029741	0.994605736	2	246444.63	21.123826	0.5809	12.10817	0.9861135	0.97222691	0.02844568	2.01998914	2	0	2:0	2	cnLOH	4103570
22	23029742	23241800	DEL	212059	3286	0.03446978	3276	167	853.0	mappable	0.181475	NA	NA	0.09929381778	0.005681818182	0.8237935871	0.11303199	0.11871381	23029742	23029744	23239965	23241800	0.224883786	1	66438.95	3.796512	0.1613	NA	NA	0.0	0.01723489	0.01723489	0	0	0:0	0	LOH	4103570
22	23241801	51179984	DEL	27938187	392795	3.98826377	391056	19496	99399.0	mappable	0.078725	1.0	edge	0.00083158058	4.7092065e-05	0.0101715486	0.08085468	0.08090177	23241801	23250053	51179984	51179984	0.174605292	1	419328.18	21.743178	0.9850541	NA	NA	0.0	1.99413189	1.99413189	2	2	2:2	4	gain	4103570
23	2700027	22979984	NA	20279958	193048	2.00672133	193048	235	24977.0	mappable	0.147225	NA	NA	NA	NA	NA	NA	NA	2700027	2700027	22979941	22979984	0.121315682	1	213106.78	10.094532	0.9903	NA	NA	NA	NA	NA	2	NA	2	2	gain	4103570
23	22979985	22989984	NA	10000	133	1.68729956	133	0	11.0	mappable	NA	NA	NA	NA	NA	NA	NA	NA	22979985	22980028	22989906	22989984	NA	missing	204028.3	NA	0.8572	NA	NA	NA	NA	NA	2	NA	2	2	gain	4103570
23	22989985	32489970	NA	9499986	90987	2.00648134	90987	120	11902.0	mappable	0.147225	NA	NA	NA	NA	NA	NA	NA	22989985	22990063	32489914	32489970	0.05651408	1	215525.11	9.449449	0.9902	NA	NA	NA	NA	NA	2	NA	2	2	gain	4103570
23	32489971	32509978	NA	20008	326	2.25510715	326	1	39.0	mappable	0.375	NA	NA	NA	NA	NA	NA	NA	32489971	32490027	32509934	32510022	NA	missing	224608.25	15.441817	1.0938	NA	NA	NA	NA	NA	2	NA	2	2	gain	4103570
23	32509978	58499983	NA	25990006	205612	2.0002417	205612	249	26045.0	mappable	0.140375	NA	NA	NA	NA	NA	NA	NA	32509934	32510022	58499983	58499983	0.008790724	1	213272.18	10.268661	0.9876	NA	NA	NA	NA	NA	2	NA	2	2	gain	4103570
23	61750000	88459980	NA	26709981	245622	2.00960116	245622	223	31691.0	mappable	0.1849	NA	NA	NA	NA	NA	NA	NA	61750000	61750000	88459980	88459980	0.03043947	1	214139.52	10.706976	0.9915	NA	NA	NA	NA	NA	2	NA	2	2	gain	4103570
23	88990017	89349936	NA	359920	1090	2.02976001	1090	0	146.0	mappable	NA	NA	NA	NA	NA	NA	NA	NA	88990017	88990017	89349936	89349936	NA	missing	210944.06	NA	0.9999	NA	NA	NA	NA	NA	2	NA	2	2	gain	4103570
23	89349937	90140198	NA	790262	0	0.0	0	0	NA	mappable	NA	NA	NA	NA	NA	NA	NA	NA	89349937	89349937	90140198	90140198	NA	missing	NA	NA	0.0	NA	NA	0.0	0.0	0.0	0	0	0	0	homozygousDel	4103570
23	90140199	91529952	NA	1389754	5102	2.06767785	5102	3	608.0	mappable	0.07715	NA	NA	NA	NA	NA	NA	NA	90140199	90140199	91529952	91529952	NA	missing	213291.81	11.331127	1.0157	NA	NA	NA	NA	NA	2	NA	2	2	gain	4103570
23	91529953	92379999	NA	850047	0	0.0	0	0	NA	mappable	NA	NA	NA	NA	NA	NA	NA	NA	91529953	91529953	92379999	92379999	NA	missing	NA	NA	0.0	NA	NA	0.0	0.0	0.0	0	0	0	0	homozygousDel	4103570
23	92380000	106710047	NA	14330048	126466	1.99928175	126466	139	16156.0	mappable	0.1027	NA	NA	NA	NA	NA	NA	NA	92380000	92380000	106709841	106710253	0.11614302	1	213493.86	9.809178	0.9872	NA	NA	NA	NA	NA	2	NA	2	2	gain	4103570
23	106710047	106729991	NA	19945	159	1.75041596	159	0	23.0	mappable	NA	NA	NA	NA	NA	NA	NA	NA	106709841	106710253	106729975	106729991	NA	missing	185504.38	NA	0.8835	NA	NA	NA	NA	NA	2	NA	2	2	gain	4103570
23	106729992	115070009	NA	8340018	74693	1.9668836	74693	72	10059.0	mappable	0.311625	NA	NA	NA	NA	NA	NA	NA	106729992	106730008	115069903	115070115	NA	missing	211678.66	9.239941	0.9737	NA	NA	NA	NA	NA	2	NA	2	2	gain	4103570
23	115070009	115089988	NA	19980	220	2.48813385	220	0	24.0	mappable	NA	NA	NA	NA	NA	NA	NA	NA	115069903	115070115	115089868	115089988	NA	missing	199235.55	NA	1.1909	NA	NA	NA	NA	NA	2	NA	2	2	gain	4103570
23	115089989	116940038	NA	1850050	21334	2.02400034	21334	17	2578.0	mappable	0.1849	NA	NA	NA	NA	NA	NA	NA	115089989	115090109	116939946	116940130	NA	missing	214317.74	11.906541	0.9975	NA	NA	NA	NA	NA	2	NA	2	2	gain	4103570
23	116940038	116964993	NA	24956	340	2.34438205	340	0	39.0	mappable	NA	NA	NA	NA	NA	NA	NA	NA	116939946	116940130	116959913	116964993	NA	missing	241733.26	NA	1.131	NA	NA	NA	NA	NA	2	NA	2	2	gain	4103570
23	116964994	154929639	NA	37964646	343377	1.99448203	343377	445	43361.0	mappable	0.3082	NA	NA	NA	NA	NA	NA	NA	116964994	116970074	154929639	154929639	0.180065002	1	212187.35	9.793262	0.9852	NA	NA	NA	NA	NA	2	NA	2	2	gain	4103570
24	2653090	2919837	NA	266748	293	0.92894285	293	0	48.0	mappable	NA	NA	NA	NA	NA	NA	NA	NA	2653090	2653090	2919837	2919837	NA	missing	119858.76	NA	0.5412	NA	NA	NA	NA	NA	1	NA	1	1	neutral	4103570
24	3712028	3719919	NA	7892	141	0.80031019	141	0	21.0	mappable	NA	NA	NA	NA	NA	NA	NA	NA	3712028	3712028	3719919	3719919	NA	missing	111212.86	NA	0.4876	NA	NA	NA	NA	NA	1	NA	1	1	neutral	4103570
24	6420014	10069977	NA	3649964	6065	1.0016587	6065	28	784.0	mappable	0.376375	NA	NA	NA	NA	NA	NA	NA	6420014	6420014	10069977	10069977	NA	missing	114748.47	7.274233	0.5715	NA	NA	NA	NA	NA	1	NA	1	1	neutral	4103570
24	13130467	18490447	NA	5359981	10813	2.02160048	10813	152	1882.0	mappable	0.29476532	NA	NA	NA	NA	NA	NA	NA	13130467	13130467	18427820	18490447	0.36546651	2	245839.43	10.24331	0.9965	NA	NA	NA	NA	NA	2	NA	2	2	gain	4103570
24	18490448	19558992	NA	1068545	1105	0.96062104	1105	3	120.0	mappable	0.200575	NA	NA	NA	NA	NA	NA	NA	18490448	18553075	19558992	19558992	NA	missing	115072.64	5.753632	0.5544	NA	NA	NA	NA	NA	1	NA	1	1	neutral	4103570
24	20802956	23808171	NA	3005216	2839	0.94070218	2840	8	397.0	mappable	0.06683571	NA	NA	NA	NA	NA	NA	NA	20802956	20802956	23808171	23808171	NA	missing	118347.2	5.939903	0.5461	NA	NA	NA	NA	NA	1	NA	1	1	neutral	4103570
24	24381338	24508205	NA	126868	228	0.96638071	228	0	25.0	mappable	NA	NA	NA	NA	NA	NA	NA	NA	24381338	24381338	24508205	24508205	NA	missing	117189.82	NA	0.5568	NA	NA	NA	NA	NA	1	NA	1	1	neutral	4103570
24	28780461	28789809	NA	9349	78	1.39643616	78	9	19.0	mappable	0.31832368	NA	NA	NA	NA	NA	NA	NA	28780461	28780461	28789809	28789809	NA	missing	265211.43	16.486116	0.736	NA	NA	NA	NA	NA	1	NA	1	1	neutral	4103570
