#chromosome	start	end	crest	length	tcnNbrOfLoci	tcnMean	tcnNbrOfSNPs	tcnNbrOfHets	dhNbrOfLoci	map	dhMax	cluster	neighbour	distDH	errorSNP	distTcn	errorLength	totalError	minStart	maxStart	minStop	maxStop	area	peaks	meanCovT	meanCovB	tcnMeanRaw	AF	BAF	dhMean	c1Mean	c2Mean	A	B	genotype	TCN	GNL	PID
1	840009	2348848	NA	1508840	20376	2.00171755	20244	1096	3288.0	mappable	0.089	1.0	edge	0.006855784361	0.00081433225	0.002162265	0.0974421	0.09825644	840009	840009	2348747	2348848	0.18482055	1	403792.68	20.961284	0.9812978	NA	NA	0.0	1.000858774	1.00085877	1	1	1:1	2	neutral	4184094
1	2348849	2350010	DEL	1162	21	1.93744025	19	0	1.0	mappable	NA	NA	NA	0.388813251894	0.5	0.030962265	0.19641746	0.69641746	2348849	2348859	2349984	2350036	NA	missing	299595.6	NA	0.9564	NA	NA	NA	NA	NA	NA	NA	NA	NA	NA	4184094
1	2350010	8427559	NA	6077551	95277	0.99900667	94676	4936	15594.0	mappable	0.681525	8.0	NA	0.603458903146	0.00018079913	0.4027172468	0.0887506	0.0889314	2349984	2350036	8427465	8427559	0.94971279	2	245472.09	20.125806	0.5928979	20.30011	0.9901144	0.98022889	0.009875737	0.98913093	1	0	1:0	1	LOH	4184094
1	8427560	12839977	DEL	4412418	55887	2.00171755	55683	2096	9462.0	mappable	0.08215	1.0	self	0.003430784361	0.00043478261	0.015862265	0.09060787	0.09104265	8427560	8427597	12839977	12839977	0.1859497	1	403792.68	20.961284	0.9812978	NA	NA	0.0	1.000858774	1.00085877	1	1	1:1	2	neutral	4184094
1	13780016	16739986	NA	2959971	42118	2.00171755	41972	2209	6796.0	mappable	0.089	1.0	NA	0.005960135933	0.00042462845	0.0066967823	0.09303558	0.09346021	13780016	13780016	16739953	16739986	0.18254314	1	403792.68	20.961284	0.9812978	NA	NA	0.0	1.000858774	1.00085877	1	1	1:1	2	neutral	4184094
1	16739987	16749948	NA	9962	166	1.68211551	166	0	34.0	mappable	NA	NA	NA	NA	inf	0.129862265	0.15057724	inf	16739987	16740020	16749863	16750033	NA	missing	335273.3	NA	0.8575	NA	NA	NA	NA	NA	NA	NA	NA	NA	NA	4184094
1	16749948	79040020	NA	62290079	796538	2.00171755	793778	34733	125042.0	mappable	0.078725	1.0	NA	0.000355081147	2.667449e-05	0.0076459943	0.07724245	0.07726912	16749863	16750033	79039986	79040054	0.15885942	1	403792.68	20.961284	0.9812978	NA	NA	0.0	1.000858774	1.00085877	1	1	1:1	2	neutral	4184094
1	79040020	79049942	NA	9923	124	2.23407133	124	0	23.0	mappable	NA	NA	NA	NA	inf	0.083937735	0.15064142	inf	79039986	79040054	79049880	79050004	NA	missing	456712.5	NA	1.0713	NA	NA	NA	NA	NA	NA	NA	NA	NA	NA	4184094
1	79049942	82680024	NA	3630083	54213	2.00171755	54025	2659	7674.0	mappable	0.078725	1.0	NA	0.003430784361	0.00035124693	0.001237735	0.09177861	0.09212985	79049880	79050004	82679989	82680024	0.11858859	1	403792.68	20.961284	0.9812978	NA	NA	0.0	1.000858774	1.00085877	1	1	1:1	2	neutral	4184094
1	82680025	82689998	NA	9974	174	1.80242019	174	0	20.0	mappable	NA	NA	NA	NA	inf	0.083262265	0.15055755	inf	82680025	82680060	82689991	82689998	NA	missing	384228.9	NA	0.9041	NA	NA	NA	NA	NA	NA	NA	NA	NA	NA	4184094
1	82689999	114500030	NA	31810033	419534	2.00171755	418022	19933	61638.0	mappable	0.078725	1.0	NA	0.000850151419	4.663744e-05	0.0019495624	0.08024723	0.08029387	82689999	82690006	114499896	114500164	0.15081946	1	403792.68	20.961284	0.9812978	NA	NA	0.0	1.000858774	1.00085877	1	1	1:1	2	neutral	4184094
1	114500030	114509945	NA	9916	120	2.31126253	120	0	16.0	mappable	NA	NA	NA	NA	inf	0.113837735	0.15065298	inf	114499896	114500164	114509884	114510006	NA	missing	435011.1	NA	1.1012	NA	NA	NA	NA	NA	NA	NA	NA	NA	NA	4184094
1	114509945	120529963	NA	6020020	79936	2.00171755	79734	3925	12161.0	mappable	0.0753	1.0	NA	0.003615539424	0.00024230676	0.011333273	0.08880468	0.08904698	114509884	114510006	120529963	120529963	0.15010325	1	403792.68	20.961284	0.9812978	NA	NA	0.0	1.000858774	1.00085877	1	1	1:1	2	neutral	4184094
1	121220004	121229986	NA	9983	177	2.00171755	176	10	25.0	mappable	0.05510931	1.0	self	0.023609901913	0.09090909091	0.047662265	0.15054281	0.2414519	121220004	121220004	121229986	121229986	NA	missing	403792.68	20.961284	0.9812978	NA	NA	NA	NA	NA	NA	NA	NA	NA	NA	4184094
1	144010127	144019970	NA	9844	155	2.02023931	91	0	19.0	mappable	NA	7.0	NA	0.2412643785	0.015625	0.015662265	0.15077238	0.16639738	144010127	144010127	144019970	144019970	NA	missing	414233.78	NA	0.9884722	NA	NA	NA	NA	NA	NA	NA	NA	NA	NA	4184094
1	144920087	145739956	NA	819870	6365	2.00171755	5835	155	936.0	mappable	0.08351731	1.0	self	0.02114561487	0.00145985401	0.015737735	0.10180689	0.10326674	144920087	144920087	145739956	145739956	0.18795732	1	403792.68	20.961284	0.9812978	NA	NA	0.0	1.000858774	1.00085877	1	1	1:1	2	neutral	4184094
1	146540101	147829895	NA	1289795	11650	2.00171755	11606	491	1718.0	mappable	0.08341111	1.0	self	0.007480784361	0.00186915888	0.001062265	0.09852843	0.10039759	146540101	146540101	147829895	147829895	0.21956532	1	403792.68	20.961284	0.9812978	NA	NA	0.0	1.000858774	1.00085877	1	1	1:1	2	neutral	4184094
1	149815060	160810041	NA	10994982	133230	2.00171755	132792	5472	21199.0	mappable	0.08215	1.0	NA	0.003430784361	0.00016920474	0.010537735	0.08550538	0.08567458	149815060	149815060	160809946	160810041	0.14463572	1	403792.68	20.961284	0.9812978	NA	NA	0.0	1.000858774	1.00085877	1	1	1:1	2	neutral	4184094
1	160810042	160830015	NA	19974	352	2.1963793	352	0	68.0	mappable	NA	NA	NA	NA	inf	0.069337735	0.13999881	inf	160810042	160810137	160829950	160830080	NA	missing	443403.14	NA	1.0567	NA	NA	NA	NA	NA	NA	NA	NA	NA	NA	4184094
1	160830015	249209945	NA	88379939	1210305	2.00171755	1206272	54632	182775.0	mappable	0.078725	1.0	edge	0.001475229331	1.704884e-05	0.0019665336	0.07576557	0.07578262	160829950	160830080	249209945	249209945	0.15034857	1	403792.68	20.961284	0.9812978	NA	NA	0.0	1.000858774	1.00085877	1	1	1:1	2	neutral	4184094
2	20016	5509966	NA	5489951	89553	2.00171755	88979	4333	14538.0	mappable	0.0753	1.0	edge	0.003419215639	0.00020383204	0.030962265	0.08933213	0.08953596	20016	20016	5509917	5509966	0.17219382	1	403792.68	20.961284	0.9812978	NA	NA	0.0	1.000858774	1.00085877	1	1	1:1	2	neutral	4184094
2	5509967	5520005	NA	10039	165	2.27047253	165	0	27.0	mappable	NA	NA	NA	NA	inf	0.098037735	0.15045142	inf	5509967	5510016	5519967	5520005	NA	missing	415782.22	NA	1.0854	NA	NA	NA	NA	NA	NA	NA	NA	NA	NA	4184094
2	5520006	27040064	NA	21520061	314768	2.00171755	313961	12952	48519.0	mappable	0.078725	1.0	NA	0.001316897732	7.26797e-05	0.0004274273	0.08210457	0.08217725	5520006	5520044	27039976	27040064	0.1467057	1	403792.68	20.961284	0.9812978	NA	NA	0.0	1.000858774	1.00085877	1	1	1:1	2	neutral	4184094
2	27040065	27049949	NA	9885	180	1.48100532	179	11	29.0	mappable	0.10545608	NA	identical	0.037274027605	0.08333333333	0.207762265	0.15070426	0.23403759	27040065	27040153	27049849	27050049	NA	missing	430796.67	23.386105	0.7796	NA	NA	NA	NA	NA	NA	NA	NA	NA	NA	4184094
2	27049949	32656686	NA	5606739	79701	2.00171755	79459	2782	12607.0	mappable	0.07898889	1.0	self	0.001840582159	0.00033068783	0.0007252998	0.08921112	0.08954181	27049849	27050049	32656617	32656686	0.14983987	1	403792.68	20.961284	0.9812978	NA	NA	0.0	1.000858774	1.00085877	1	1	1:1	2	neutral	4184094
2	32656687	32889133	CTX	232447	2926	1.68159918	2919	9	467.0	mappable	0.22904884	NA	identical	0.141255784361	0.0625	0.130062265	0.11219226	0.17469226	32656687	32656706	32879989	32889133	NA	missing	368611.01	22.568021	0.8573	NA	NA	NA	NA	NA	NA	NA	NA	NA	NA	4184094
2	32889134	42090009	CTX	9200878	159508	2.00171755	159128	6825	23543.0	mappable	0.078725	1.0	NA	3.021803e-06	0.00013881177	0.0147652302	0.08645531	0.08659412	32889134	32910051	42089979	42090039	0.14288265	1	403792.68	20.961284	0.9812978	NA	NA	0.0	1.000858774	1.00085877	1	1	1:1	2	neutral	4184094
2	42090009	42099973	NA	9965	173	1.83443259	173	0	33.0	mappable	NA	NA	NA	NA	inf	0.070862265	0.15057232	inf	42089979	42090039	42099835	42099973	NA	missing	367524.29	NA	0.9165	NA	NA	NA	NA	NA	NA	NA	NA	NA	NA	4184094
2	42099974	42110012	NA	10039	203	2.19973544	203	0	34.0	mappable	NA	NA	NA	NA	inf	0.070637735	0.15045142	inf	42099974	42100112	42109986	42110038	NA	missing	393494.44	NA	1.058	NA	NA	NA	NA	NA	NA	NA	NA	NA	NA	4184094
2	42110012	49049989	NA	6939979	113192	2.00171755	112854	6157	17267.0	mappable	0.08215	1.0	NA	0.0040380088	0.00015396459	0.0085439183	0.08800299	0.08815696	42109986	42110038	49049970	49050008	0.14716572	1	403792.68	20.961284	0.9812978	NA	NA	0.0	1.000858774	1.00085877	1	1	1:1	2	neutral	4184094
2	49049989	49060008	NA	10020	196	1.79209361	196	0	37.0	mappable	NA	NA	NA	NA	inf	0.087262265	0.15048235	inf	49049970	49050008	49059985	49060008	NA	missing	377788.89	NA	0.9001	NA	NA	NA	NA	NA	NA	NA	NA	NA	NA	4184094
2	49060009	60268661	NA	11208653	180965	2.00171755	180514	9346	25939.0	mappable	0.0753	1.0	NA	0.003419215639	0.00010208248	0.006437735	0.08540399	0.08550607	49060009	49060032	60259943	60268661	0.12466988	1	403792.68	20.961284	0.9812978	NA	NA	0.0	1.000858774	1.00085877	1	1	1:1	2	neutral	4184094
2	60268662	63447993	ITX	3179332	39585	3.01379386	39482	1324	6396.0	mappable	0.3009	9.0	NA	0.222630784361	0.00070077085	0.405137735	0.09259134	0.09329211	60268662	60270119	63447821	63447993	0.85812761	2	566275.2	36.199591	1.3733254	20.21764	0.6638236	0.3276472	1.013166367	2.0006275	2	1	2:1	3	gain	4184094
2	63447994	63448126	ITX	133	2	2.69541139	2	0	0.0	mappable	NA	NA	NA	NA	inf	0.262637735	0.28347554	inf	63447994	63448021	63448025	63448126	NA	missing	574530.0	NA	1.25	NA	NA	NA	NA	NA	NA	NA	NA	NA	NA	4184094
2	63448127	74640038	DUP	11191912	148895	2.00171755	148418	5394	22946.0	mappable	0.078725	1.0	NA	5.784361e-06	0.00017044486	0.004137735	0.08541186	0.0855823	63448127	63448136	74639966	74640038	0.14206351	1	403792.68	20.961284	0.9812978	NA	NA	0.0	1.000858774	1.00085877	1	1	1:1	2	neutral	4184094
2	74640039	74674972	NA	34934	388	2.16901386	388	0	73.0	mappable	NA	NA	NA	NA	inf	0.058737735	0.13251752	inf	74640039	74640111	74669930	74674972	NA	missing	376683.78	NA	1.0461	NA	NA	NA	NA	NA	NA	NA	NA	NA	NA	4184094
2	74674973	87059860	NA	12384890	180652	2.00171755	180159	8706	26280.0	mappable	0.078725	1.0	NA	0.00100521997	0.00010870747	0.01136977	0.08488216	0.08499087	74674973	74680015	87059860	87059860	0.14050334	1	403792.68	20.961284	0.9812978	NA	NA	0.0	1.000858774	1.00085877	1	1	1:1	2	neutral	4184094
2	88330099	89094923	NA	764825	9473	2.00171755	9442	337	1472.0	mappable	0.07101327	1.0	self	0.010269215639	0.0027173913	0.012037735	0.10232916	0.10504656	88330099	88330099	89059837	89130009	0.1542348	1	403792.68	20.961284	0.9812978	NA	NA	0.0	1.000858774	1.00085877	1	1	1:1	2	neutral	4184094
2	89094923	89160438	NA	65516	905	0.92491886	905	18	141.0	mappable	0.53495882	NA	NA	0.456239607891	0.05555555556	0.423162265	0.12500344	0.180559	89059837	89130009	89160438	89160438	NA	missing	234229.86	17.061796	0.5642	NA	NA	NA	NA	NA	NA	NA	NA	NA	NA	4184094
2	89160439	89229990	DEL	69552	1499	0.03218582	1497	67	223.0	mappable	0.126675	NA	NA	0.044530784361	0.01449275362	0.768962265	0.12433323	0.13882598	89160439	89160439	89229990	89229990	0.08607721	1	88584.65	4.429232	0.2184	NA	NA	0.0	0.016092911	0.01609291	0	0	0:0	0	LOH	4184094
2	89229991	89512910	NA	282920	0	0.0	0	0	NA	mappable	NA	NA	NA	NA	inf	0.987362265	0.11043601	inf	89229991	89229991	89512910	89512910	NA	missing	NA	NA	0.0	NA	NA	0.0	0.0	0.0	0	0	NA	0	homozygousDel	4184094
2	89840102	90008153	NA	168052	444	2.00171755	436	0	43.0	mappable	NA	1.0	NA	0.007273894208	0.125	0.012737735	0.11521701	0.24021701	89840102	89840102	89889991	90008153	NA	missing	403792.68	NA	0.9812978	NA	NA	NA	NA	NA	NA	NA	NA	NA	NA	4184094
2	90061006	90239998	DEL	178993	470	2.15748785	470	22	69.0	mappable	0.06670833	4.0	NA	0.012010882305	0.04545454545	0.073637735	0.11461618	0.16007072	90061006	90100200	90239998	90239998	NA	missing	440400.45	22.856702	1.0416354	NA	NA	NA	NA	NA	NA	NA	NA	NA	NA	4184094
2	95580145	96239991	NA	659847	4446	2.00171755	4426	131	766.0	mappable	0.133825	1.0	NA	0.037555784361	0.00662251656	0.026362265	0.10345663	0.11007915	95580145	95580145	96239991	96239991	0.12448461	1	403792.68	20.961284	0.9812978	NA	NA	0.0	1.000858774	1.00085877	1	1	1:1	2	neutral	4184094
2	96239992	96740020	NA	500029	0	0.0	0	0	NA	mappable	NA	NA	NA	NA	inf	0.987362265	0.10564318	inf	96239992	96239992	96740020	96740020	NA	missing	NA	NA	0.0	NA	NA	0.0	0.0	0.0	0	0	NA	0	homozygousDel	4184094
2	96740021	104030237	NA	7290217	86511	2.00171755	86269	3499	13321.0	mappable	0.0721587	1.0	NA	0.003419215639	0.00026730821	0.005537735	0.0877288	0.08799611	96740021	96740021	104030203	104030237	0.14630015	1	403792.68	20.961284	0.9812978	NA	NA	0.0	1.000858774	1.00085877	1	1	1:1	2	neutral	4184094
2	104030238	104050044	CTX	19807	274	1.31423101	273	0	48.0	mappable	NA	NA	identical	0.421280784361	1.0	0.272362265	0.14011762	1.14011762	104030238	104030246	104049989	104050099	NA	missing	310866.7	NA	0.715	NA	NA	NA	NA	NA	NA	NA	NA	NA	NA	4184094
2	104050044	132189994	NA	28139954	361767	2.00171755	360700	14633	54541.0	mappable	0.078725	1.0	NA	0.001129147909	6.369427e-05	0.0081348565	0.08082076	0.08088446	104049989	104050099	132189994	132189994	0.15327402	1	403792.68	20.961284	0.9812978	NA	NA	0.0	1.000858774	1.00085877	1	1	1:1	2	neutral	4184094
2	132189995	133009999	NA	820005	0	0.0	0	0	NA	mappable	NA	NA	NA	NA	inf	0.987362265	0.10180566	inf	132189995	132189995	133009999	133009999	NA	missing	NA	NA	0.0	NA	NA	0.0	0.0	0.0	0	0	NA	0	homozygousDel	4184094
2	133010000	133036709	NA	26710	2000	1.78691302	1997	0	390.0	mappable	NA	6.0	NA	0.043730784361	0.33333333333	0.061062265	0.13600731	0.46934064	133010000	133010000	133036704	133036714	NA	missing	806364.6	NA	0.8980933	NA	NA	NA	NA	NA	NA	NA	NA	NA	NA	4184094
2	133036709	162680000	NA	29643297	397700	2.00171755	396360	16054	58712.0	mappable	0.078725	1.0	NA	0.000610439806	5.750101e-05	0.0047346141	0.08057627	0.08063377	133036704	133036714	162679959	162680000	0.14431001	1	403792.68	20.961284	0.9812978	NA	NA	0.0	1.000858774	1.00085877	1	1	1:1	2	neutral	4184094
2	162680001	162689982	NA	9982	134	2.24646323	134	0	18.0	mappable	NA	NA	NA	NA	inf	0.088737735	0.15054445	inf	162680001	162680042	162689923	162690041	NA	missing	441418.75	NA	1.0761	NA	NA	NA	NA	NA	NA	NA	NA	NA	NA	4184094
2	162689982	242999969	NA	80309995	1104228	2.00171755	1100234	51056	165398.0	mappable	0.078725	1.0	edge	0.001281019163	1.816827e-05	0.0016988683	0.07616414	0.07618231	162689923	162690041	242999969	242999969	0.15383584	1	403792.68	20.961284	0.9812978	NA	NA	0.0	1.000858774	1.00085877	1	1	1:1	2	neutral	4184094
3	100074	25739999	NA	25639934	409323	2.00171755	407949	21129	60968.0	mappable	0.078725	1.0	edge	0.00192350696	4.443852e-05	0.0050240512	0.08126154	0.08130598	100074	100074	25739993	25740005	0.14225887	1	403792.68	20.961284	0.9812978	NA	NA	0.0	1.000858774	1.00085877	1	1	1:1	2	neutral	4184094
3	25739999	25790037	NA	50039	668	2.17159551	668	0	109.0	mappable	NA	NA	NA	NA	inf	0.059737735	0.12811672	inf	25739993	25740005	25789911	25790163	NA	missing	442311.18	NA	1.0471	NA	NA	NA	NA	NA	NA	NA	NA	NA	NA	4184094
3	25790037	27219985	NA	1429949	20806	2.00171755	20761	416	3095.0	mappable	0.08215	1.0	NA	0.006855784361	0.0021691974	0.013262265	0.09781131	0.09998051	25789911	25790163	27219736	27220234	0.09300678	1	403792.68	20.961284	0.9812978	NA	NA	0.0	1.000858774	1.00085877	1	1	1:1	2	neutral	4184094
3	27219985	27240014	NA	20030	333	2.21445082	333	0	47.0	mappable	NA	NA	NA	NA	inf	0.076337735	0.13995924	inf	27219736	27220234	27239976	27240052	NA	missing	438118.59	NA	1.0637	NA	NA	NA	NA	NA	NA	NA	NA	NA	NA	4184094
3	27240014	36319987	NA	9079974	129365	2.00171755	128981	6107	19078.0	mappable	0.07813913	1.0	NA	0.001105080003	0.00015405947	0.0052266099	0.08652668	0.08668074	27239976	27240052	36319889	36320085	0.15398632	1	403792.68	20.961284	0.9812978	NA	NA	0.0	1.000858774	1.00085877	1	1	1:1	2	neutral	4184094
3	36319987	36329982	NA	9996	149	2.20412424	149	0	20.0	mappable	NA	NA	NA	NA	inf	0.072337735	0.15052154	inf	36319889	36320085	36329948	36329982	NA	missing	455822.0	NA	1.0597	NA	NA	NA	NA	NA	NA	NA	NA	NA	NA	4184094
3	36329983	90499969	NA	54169991	742333	2.00171755	740173	32948	111396.0	mappable	0.078725	1.0	NA	0.000374429476	2.848678e-05	0.0129808364	0.0778483	0.07787679	36329983	36330017	90499969	90499969	0.14528286	1	403792.68	20.961284	0.9812978	NA	NA	0.0	1.000858774	1.00085877	1	1	1:1	2	neutral	4184094
3	93570175	110609978	NA	17039804	240361	2.00171755	239568	11831	34584.0	mappable	0.07973333	1.0	self	5.784361e-06	7.92142e-05	0.009262265	0.08325561	0.08333482	93570175	93570175	110609951	110609978	0.14456007	1	403792.68	20.961284	0.9812978	NA	NA	0.0	1.000858774	1.00085877	1	1	1:1	2	neutral	4184094
3	110609979	179070015	NA	68460043	918994	2.02023931	916264	43039	135623.0	mappable	0.3493	7.0	NA	0.269011596573	2.185076e-05	0.0022132839	0.07683809	0.07685994	110609979	110610006	179069921	179070015	0.87131035	2	414233.78	27.703034	0.9884722	20.54742	0.7131933	0.42638657	0.579418202	1.4408211	sub	sub	sub:sub	sub	sub	4184094
3	179070016	179080038	NA	10023	143	2.35256886	143	0	24.0	mappable	NA	NA	NA	NA	inf	0.129837735	0.15047746	inf	179070016	179070110	179079995	179080038	NA	missing	423644.0	NA	1.1172	NA	NA	NA	NA	NA	NA	NA	NA	NA	NA	4184094
3	179080039	186440034	NA	7359996	92429	2.02023931	92112	3874	14440.0	mappable	0.36985	7.0	NA	0.294555784361	0.00023860654	0.002137735	0.08767595	0.08791455	179080039	179080082	186439998	186440070	0.9163505	2	414233.78	27.703034	0.9884722	20.54742	0.7131933	0.42638657	0.579418202	1.4408211	sub	sub	sub:sub	sub	sub	4184094
3	186440034	186459989	NA	19956	207	2.31229519	206	1	29.0	mappable	0.33333333	NA	NA	0.119197451028	0.5	0.114237735	0.14001156	0.64001156	186439998	186440070	186449954	186470024	NA	missing	438851.67	29.256778	1.1016	NA	NA	NA	NA	NA	NA	NA	NA	NA	NA	4184094
3	186459989	197779892	NA	11319905	167574	2.02023931	166951	8138	25747.0	mappable	0.363	7.0	edge	0.284726157506	0.00011415525	0.0192164208	0.08535206	0.08546621	186449954	186470024	197779892	197779892	0.89945555	2	414233.78	27.703034	0.9884722	20.54742	0.7131933	0.42638657	0.579418202	1.4408211	sub	sub	sub:sub	sub	sub	4184094
4	50084	8939952	NA	8889872	145428	2.00171755	144474	7106	23821.0	mappable	0.085575	1.0	edge	0.008680069726	0.00012408487	0.0170091617	0.08664111	0.08676519	50084	50084	8939952	8939952	0.14475691	1	403792.68	20.961284	0.9812978	NA	NA	0.0	1.000858774	1.00085877	1	1	1:1	2	neutral	4184094
4	9800043	49089961	NA	39289924	598810	2.00171755	596909	30451	87210.0	mappable	0.078725	1.0	self	0.001334777897	3.091764e-05	0.0038284359	0.07927807	0.07930899	9800043	9800043	49089961	49089961	0.14466251	1	403792.68	20.961284	0.9812978	NA	NA	0.0	1.000858774	1.00085877	1	1	1:1	2	neutral	4184094
4	52680564	190939997	NA	138259453	1921922	2.00171755	1915408	89629	279517.0	mappable	0.078725	1.0	edge	0.000398261204	1.040226e-05	0.0096957747	0.07395683	0.07396723	52680564	52680564	190939997	190939997	0.14842538	1	403792.68	20.961284	0.9812978	NA	NA	0.0	1.000858774	1.00085877	1	1	1:1	2	neutral	4184094
5	50017	7669942	NA	7619926	127552	2.00171755	126927	6411	20131.0	mappable	0.078725	1.0	edge	0.003430784361	0.00014214641	0.025962265	0.08748391	0.08762606	50017	50017	7669825	7670059	0.15062205	1	403792.68	20.961284	0.9812978	NA	NA	0.0	1.000858774	1.00085877	1	1	1:1	2	neutral	4184094
5	7669942	7679933	NA	9992	170	2.22968253	170	0	20.0	mappable	NA	NA	NA	NA	inf	0.082237735	0.15052808	inf	7669825	7670059	7679863	7680003	NA	missing	395922.5	NA	1.0696	NA	NA	NA	NA	NA	NA	NA	NA	NA	NA	4184094
5	7679933	46399990	NA	38720059	561488	2.00171755	559652	27660	81685.0	mappable	0.078725	1.0	NA	0.000105587898	3.39075e-05	0.008114517	0.07934437	0.07937828	7679863	7680003	46399990	46399990	0.14922394	1	403792.68	20.961284	0.9812978	NA	NA	0.0	1.000858774	1.00085877	1	1	1:1	2	neutral	4184094
5	49470005	68829703	NA	19359699	256538	2.00171755	255805	12293	37722.0	mappable	0.078725	1.0	self	2.3542118e-05	7.678722e-05	0.0058928546	0.08262225	0.08269904	49470005	49470005	68829703	68829703	0.14354634	1	403792.68	20.961284	0.9812978	NA	NA	0.0	1.000858774	1.00085877	1	1	1:1	2	neutral	4184094
5	70750153	108779919	NA	38029767	511708	2.00171755	510118	29061	73564.0	mappable	0.078725	1.0	self	1.8925857e-05	3.262643e-05	0.0080327001	0.07942614	0.07945877	70750153	70750153	108779781	108780057	0.13957989	1	403792.68	20.961284	0.9812978	NA	NA	0.0	1.000858774	1.00085877	1	1	1:1	2	neutral	4184094
5	108779919	108809972	NA	30054	336	1.78691302	334	35	33.0	mappable	0.047175	6.0	NA	0.031544215639	0.02702702703	0.070462265	0.13445135	0.16147837	108779781	108780057	108809931	108810013	0.26850827	1	806364.6	42.287124	0.8980933	NA	NA	0.0	0.89345651	0.89345651	1	1	1:1	2	neutral	4184094
5	108809972	108840028	NA	30057	500	2.15748785	470	0	70.0	mappable	NA	4.0	NA	0.009692602735	0.03333333333	0.078337735	0.13445004	0.16778338	108809931	108810013	108839991	108840028	NA	missing	440400.45	NA	1.0416354	NA	NA	NA	NA	NA	NA	NA	NA	NA	NA	4184094
5	108840029	180689979	NA	71849955	1017455	2.00171755	1014422	47108	152884.0	mappable	0.078725	1.0	edge	1.7672703e-05	1.994654e-05	0.0035218667	0.0766328	0.07665275	108840029	108840066	180689979	180689979	0.13896213	1	403792.68	20.961284	0.9812978	NA	NA	0.0	1.000858774	1.00085877	1	1	1:1	2	neutral	4184094
6	201976	3599942	NA	3397968	54881	3.01379386	54446	2442	8706.0	mappable	0.30135	9.0	edge	0.222549134958	0.00034770515	0.3895425673	0.09218187	0.09252957	201976	201976	3599882	3600002	0.85345212	2	566275.2	36.199591	1.3733254	20.21764	0.6638236	0.3276472	1.013166367	2.0006275	2	1	2:1	3	gain	4184094
6	3599942	3629988	NA	30047	456	2.74239734	456	0	70.0	mappable	NA	NA	NA	NA	inf	0.280837735	0.13445438	inf	3599882	3600002	3629939	3629988	NA	missing	485140.48	NA	1.2682	NA	NA	NA	NA	NA	NA	NA	NA	NA	NA	4184094
6	3629989	14870003	NA	11240015	169665	3.01379386	169025	8713	25659.0	mappable	0.284225	9.0	NA	0.205505784361	0.00010694043	0.389137735	0.08538929	0.08549623	3629989	3630038	14869958	14870048	0.87252514	2	566275.2	36.199591	1.3733254	20.21764	0.6638236	0.3276472	1.013166367	2.0006275	2	1	2:1	3	gain	4184094
6	14870003	15249938	NA	379936	4119	2.73852487	4093	279	719.0	mappable	0.34517155	NA	NA	0.263730784361	0.00327868852	0.279337735	0.10790165	0.11118034	14869958	14870048	15249824	15250052	0.90144079	2	500101.83	33.340122	1.2667	19.35802	0.6990226	0.39804525	0.82423403	1.91429084	2	1	2:1	3	gain	4184094
6	15249938	20239953	NA	4990016	71622	3.01379386	71391	3363	10954.0	mappable	0.291075	9.0	NA	0.208930784361	0.00027824151	0.381937735	0.08988516	0.09016341	15249824	15250052	20239903	20239953	0.8754936	2	566275.2	36.199591	1.3733254	20.21764	0.6638236	0.3276472	1.013166367	2.0006275	2	1	2:1	3	gain	4184094
6	20239954	20260032	NA	20079	386	2.92918559	385	26	54.0	mappable	0.24545454	3.0	NA	0.173192147998	0.03703703704	0.294037735	0.13992472	0.17696176	20239954	20240004	20259997	20260067	NA	missing	547775.66	34.97888	1.3405524	NA	NA	NA	NA	NA	NA	NA	NA	NA	NA	4184094
6	20260032	20839981	NA	579950	9514	3.01379386	9472	320	1505.0	mappable	0.27548537	9.0	NA	0.202572451028	0.00276243094	0.390237735	0.10446281	0.10722524	20259997	20260067	20839912	20840050	0.82408857	2	566275.2	36.199591	1.3733254	20.21764	0.6638236	0.3276472	1.013166367	2.0006275	2	1	2:1	3	gain	4184094
6	20839981	20870005	NA	30025	503	3.32997987	503	0	78.0	mappable	NA	NA	NA	NA	inf	0.508437735	0.13446394	inf	20839912	20840050	20869917	20870093	NA	missing	629956.1	NA	1.4958	NA	NA	NA	NA	NA	NA	NA	NA	NA	NA	4184094
6	20870005	23699996	NA	2829992	42273	3.01379386	42118	2230	6369.0	mappable	0.284225	9.0	NA	0.205505784361	0.00041928721	0.364037735	0.09331681	0.09373609	20869917	20870093	23699978	23700014	0.8623305	2	566275.2	36.199591	1.3733254	20.21764	0.6638236	0.3276472	1.013166367	2.0006275	2	1	2:1	3	gain	4184094
6	23699996	23710005	NA	10010	193	2.62028551	187	10	16.0	mappable	0.56684388	NA	NA	0.315436371514	0.0625	0.233537735	0.15049867	0.21299867	23699978	23700014	23709947	23710063	NA	missing	541793.8	39.811321	1.2209	NA	NA	NA	NA	NA	NA	NA	NA	NA	NA	4184094
6	23710005	33480023	NA	9770021	154801	3.01379386	151811	10934	22750.0	mappable	0.284225	9.0	NA	0.190067940112	7.18236e-05	0.4222221434	0.0861329	0.08620473	23709947	23710063	33479966	33480023	0.87085429	2	566275.2	36.199591	1.3733254	20.21764	0.6638236	0.3276472	1.013166367	2.0006275	2	1	2:1	3	gain	4184094
6	33480024	33619991	NA	139968	1693	2.92918559	1683	47	292.0	mappable	0.30573088	3.0	NA	0.247352843185	0.01754385965	0.324337735	0.11699507	0.13453893	33480024	33480081	33619975	33619991	0.86001671	2	547775.66	34.97888	1.3405524	20.03527	0.6637111	0.3274222	0.985052602	1.94413299	2	1	2:1	3	gain	4184094
6	33619992	35059957	NA	1439966	20108	3.01379386	20025	1140	3276.0	mappable	0.29132778	9.0	NA	0.215780784361	0.00081766149	0.390037735	0.09776316	0.09858082	33619992	33620008	35059838	35059957	0.8603245	2	566275.2	36.199591	1.3733254	20.21764	0.6638236	0.3276472	1.013166367	2.0006275	2	1	2:1	3	gain	4184094
6	35059958	35090019	NA	30062	426	3.29693481	426	0	68.0	mappable	NA	NA	NA	NA	inf	0.495637735	0.13444788	inf	35059958	35060077	35089999	35090019	NA	missing	603236.74	NA	1.483	NA	NA	NA	NA	NA	NA	NA	NA	NA	NA	4184094
6	35090020	40280000	NA	5189981	75326	3.01379386	75114	2871	11995.0	mappable	0.277375	9.0	NA	0.202080784361	0.00032435939	0.376737735	0.08965676	0.08998112	35090020	35090040	40279931	40280069	0.86336556	2	566275.2	36.199591	1.3733254	20.21764	0.6638236	0.3276472	1.013166367	2.0006275	2	1	2:1	3	gain	4184094
6	40280000	40329943	NA	49944	831	2.67191842	829	46	146.0	mappable	0.33562906	NA	NA	0.159093536217	0.02083333333	0.253537735	0.12813922	0.14897255	40279931	40280069	40329887	40329943	0.85898555	2	486143.2	30.330676	1.2409	19.20895	0.648558	0.29711601	0.939024337	1.73289408	2	1	2:1	3	gain	4184094
6	40329944	46990033	NA	6660091	91621	3.01379386	91377	2984	14712.0	mappable	0.27395	9.0	NA	0.194216460179	0.00030978934	0.3786908025	0.08823357	0.08854336	40329944	40330000	46989918	46990148	0.84715981	2	566275.2	36.199591	1.3733254	20.21764	0.6638236	0.3276472	1.013166367	2.0006275	2	1	2:1	3	gain	4184094
6	46990033	51300047	NA	4310017	62800	2.92918559	62631	2593	9234.0	mappable	0.27923654	3.0	NA	0.201850926791	0.00036218761	0.35874352	0.09074714	0.09110933	46989918	46990148	51299842	51300252	0.88090925	2	547775.66	34.97888	1.3405524	20.03527	0.6637111	0.3274222	0.985052602	1.94413299	2	1	2:1	3	gain	4184094
6	51300047	54290056	NA	2990010	42327	3.01379386	42212	2002	6330.0	mappable	0.28507115	9.0	NA	0.203122451028	0.00047236656	0.393237735	0.09297258	0.09344495	51299842	51300252	54289933	54290056	0.88616245	2	566275.2	36.199591	1.3733254	20.21764	0.6638236	0.3276472	1.013166367	2.0006275	2	1	2:1	3	gain	4184094
6	54290057	58019982	NA	3729926	55766	2.00171755	54243	2426	8137.0	mappable	0.078725	1.0	self	5.784361e-06	0.00025348542	0.024662265	0.09161404	0.09186752	54290057	54290180	58019982	58019982	0.13293167	1	403792.68	20.961284	0.9812978	NA	NA	0.0	1.000858774	1.00085877	1	1	1:1	2	neutral	4184094
6	58610011	58769997	NA	159987	572	2.00171755	572	12	76.0	mappable	0.0397931	1.0	self	0.03892611219	0.08333333333	0.000937735	0.11568989	0.19902322	58610011	58610011	58769997	58769997	NA	missing	403792.68	20.961284	0.9812978	NA	NA	NA	NA	NA	NA	NA	NA	NA	NA	4184094
6	61890002	75950011	NA	14060013	202543	2.00171755	201736	10921	28407.0	mappable	0.078725	1.0	NA	1.7640666e-05	8.528057e-05	0.003849761	0.08422792	0.0843132	61890002	61890002	75949974	75950048	0.14155902	1	403792.68	20.961284	0.9812978	NA	NA	0.0	1.000858774	1.00085877	1	1	1:1	2	neutral	4184094
6	75950011	75970048	NA	20038	266	1.83210911	266	0	43.0	mappable	NA	NA	NA	NA	inf	0.071762265	0.1399536	inf	75949974	75950048	75969995	75970101	NA	missing	409314.3	NA	0.9156	NA	NA	NA	NA	NA	NA	NA	NA	NA	NA	4184094
6	75970048	97700013	NA	21729966	301894	2.00171755	301070	15057	43251.0	mappable	0.078725	1.0	NA	5.784361e-06	6.296833e-05	0.009462265	0.0820574	0.08212037	75969995	75970101	97699925	97700101	0.1433091	1	403792.68	20.961284	0.9812978	NA	NA	0.0	1.000858774	1.00085877	1	1	1:1	2	neutral	4184094
6	97700013	97720010	NA	19998	258	2.18760171	258	0	37.0	mappable	NA	NA	NA	NA	inf	0.065937735	0.13998183	inf	97699925	97700101	97719991	97720010	NA	missing	451141.6	NA	1.0533	NA	NA	NA	NA	NA	NA	NA	NA	NA	NA	4184094
6	97720011	119019979	NA	21299971	280932	2.00171755	280077	13025	41244.0	mappable	0.078725	1.0	NA	0.000487389613	7.20513e-05	0.0004681509	0.08215459	0.08222664	97720011	97720030	119019928	119020030	0.13539685	1	403792.68	20.961284	0.9812978	NA	NA	0.0	1.000858774	1.00085877	1	1	1:1	2	neutral	4184094
6	119019979	119020949	NA	971	16	1.56981392	14	0	5.0	mappable	NA	NA	NA	0.046774771194	0.5	0.173362265	0.2015453	0.7015453	119019928	119020030	119020872	119020949	NA	missing	352966.7	NA	0.814	NA	NA	NA	NA	NA	NA	NA	NA	NA	NA	4184094
6	119020950	120070556	CTX	1049607	15045	1.61654171	15024	601	2310.0	mappable	0.23077241	NA	NA	0.146582508499	0.00160771704	0.155262265	0.09999291	0.10160063	119020950	119021005	120070526	120070556	0.66021146	2	352285.09	21.388738	0.8321	20.75846	0.6423798	0.28475965	0.578107932	1.03843378	1	sub	1:sub	sub	sub	4184094
6	120070557	163106921	CTX	43036372	611895	2.00171755	609933	29652	91495.0	mappable	0.078725	1.0	self	0.000304890947	3.163456e-05	0.0061579544	0.0788673	0.07889893	120070557	120070564	163106884	163106921	0.14193461	1	403792.68	20.961284	0.9812978	NA	NA	0.0	1.000858774	1.00085877	1	1	1:1	2	neutral	4184094
6	163106922	163180116	DEL	73195	1016	0.99900667	1014	34	141.0	mappable	0.60377741	8.0	identical	0.529830905134	0.02777777778	0.392562265	0.12376653	0.15154431	163106922	163107012	163180112	163180116	1.0	2	245472.09	20.125806	0.5928979	20.30011	0.9901144	0.98022889	0.009875737	0.98913093	1	0	1:0	1	LOH	4184094
6	163180117	170899935	DEL	7719820	125518	2.00171755	124611	6653	19831.0	mappable	0.078725	1.0	edge	0.000976446366	0.00013229263	0.025943627	0.08741207	0.08754436	163180117	163180175	170899935	170899935	0.16251798	1	403792.68	20.961284	0.9812978	NA	NA	0.0	1.000858774	1.00085877	1	1	1:1	2	neutral	4184094
7	40386	74533	NA	34148	708	3.01379386	708	1	113.0	mappable	0.25490196	9.0	edge	0.176182745146	1.0	0.410337735	0.13280642	1.13280642	40386	40386	69039	74533	NA	missing	566275.2	36.199591	1.3733254	NA	NA	NA	NA	NA	NA	NA	NA	NA	NA	4184094
7	74534	90016	NA	15483	237	2.73620139	237	0	33.0	mappable	NA	NA	NA	NA	inf	0.278437735	0.1436947	inf	74534	80028	89998	90016	NA	missing	446304.4	NA	1.2658	NA	NA	NA	NA	NA	NA	NA	NA	NA	NA	4184094
7	90017	11905007	NA	11814991	195657	3.01379386	194836	10677	30028.0	mappable	0.28765	9.0	NA	0.20893120336	8.697165e-05	0.3819870647	0.0851277	0.08521467	90017	90035	11899967	11905007	0.85228836	2	566275.2	36.199591	1.3733254	20.21764	0.6638236	0.3276472	1.013166367	2.0006275	2	1	2:1	3	gain	4184094
7	11905008	18045041	NA	6140034	108874	2.92918559	108578	6521	15358.0	mappable	0.284225	3.0	NA	0.205505784361	0.00014669209	0.359737735	0.08869252	0.08883921	11905008	11910048	18039930	18050152	0.87336026	2	547775.66	34.97888	1.3405524	20.03527	0.6637111	0.3274222	0.985052602	1.94413299	2	1	2:1	3	gain	4184094
7	18045041	20719981	NA	2674941	44753	3.17895361	44658	1690	6390.0	mappable	0.27334826	NA	NA	0.191805784361	0.00056022409	0.449937735	0.0936721	0.09423232	18039930	18050152	20719911	20719981	0.8114115	2	616148.82	39.00976	1.4373	21.01912	0.6553856	0.31077127	1.095513074	2.08344053	2	1	2:1	3	gain	4184094
7	20719982	20730013	NA	10032	206	2.67682354	204	6	28.0	mappable	0.20949815	NA	NA	0.133903006584	0.125	0.255437735	0.15046281	0.27546281	20719982	20720052	20729982	20730044	NA	missing	553058.8	34.273665	1.2428	NA	NA	NA	NA	NA	NA	NA	NA	NA	NA	4184094
7	20730013	46689991	NA	25959979	354979	3.01379386	353904	16859	53407.0	mappable	0.284225	9.0	NA	0.205505784361	5.576001e-05	0.386237735	0.08120249	0.08125825	20729982	20730044	46689971	46690011	0.86919537	2	566275.2	36.199591	1.3733254	20.21764	0.6638236	0.3276472	1.013166367	2.0006275	2	1	2:1	3	gain	4184094
7	46689991	46710001	NA	20011	346	2.92918559	345	11	51.0	mappable	0.28883898	3.0	NA	0.210119767412	0.08333333333	0.285937735	0.13997265	0.22330598	46689971	46690011	46709972	46710030	NA	missing	547775.66	34.97888	1.3405524	NA	NA	NA	NA	NA	NA	NA	NA	NA	NA	4184094
7	46710001	57999988	NA	11289991	149308	3.01379386	148817	9455	21509.0	mappable	0.27395	9.0	NA	0.196183243192	0.00010056315	0.3839259647	0.08536596	0.08546653	46709972	46710030	57999988	57999988	0.87592507	2	566275.2	36.199591	1.3733254	20.21764	0.6638236	0.3276472	1.013166367	2.0006275	2	1	2:1	3	gain	4184094
7	61530139	62135027	NA	604889	10258	2.81933038	9931	128	1424.0	mappable	0.27521551	NA	NA	0.003747237617	0.0021978022	0.310637735	0.10413244	0.10633024	61530139	61530139	62129992	62140062	0.91393579	2	668697.68	42.739741	1.298	25.25989	0.6653885	0.33077694	0.943380451	1.87594993	2	1	2:1	3	gain	4184094
7	62135027	62180022	NA	44996	1087	2.36083013	1053	0	147.0	mappable	NA	NA	NA	0.198325228806	0.02941176471	0.133037735	0.12938695	0.15879872	62129992	62140062	62179985	62180022	NA	missing	399747.79	NA	1.1204	NA	NA	NA	NA	NA	NA	NA	NA	NA	NA	4184094
7	62180023	70310001	NA	8129981	75879	2.92918559	75489	3676	12038.0	mappable	0.270525	3.0	NA	0.194553045138	0.00024594196	0.3308178099	0.08712767	0.08737361	62180023	62180060	70309988	70310014	0.87641656	2	547775.66	34.97888	1.3405524	20.03527	0.6637111	0.3274222	0.985052602	1.94413299	2	1	2:1	3	gain	4184094
7	70310001	70329987	NA	19987	349	3.01379386	343	70	49.0	mappable	0.28566509	9.0	NA	0.206945878701	0.01315789474	0.375337735	0.13998961	0.15314751	70309988	70310014	70329896	70330078	0.90164625	2	566275.2	36.199591	1.3733254	20.21764	0.6638236	0.3276472	1.013166367	2.0006275	2	1	2:1	3	gain	4184094
7	70329987	71149996	NA	820010	13273	2.92918559	13233	602	2219.0	mappable	0.27395	3.0	NA	0.191805784361	0.0015576324	0.303637735	0.10180561	0.10336325	70329896	70330078	71149965	71149996	0.89152862	2	547775.66	34.97888	1.3405524	20.03527	0.6637111	0.3274222	0.985052602	1.94413299	2	1	2:1	3	gain	4184094
7	71149997	71160019	NA	10023	214	3.24504373	214	1	39.0	mappable	0.07142857	NA	NA	0.00729064421	1.0	0.475537735	0.15047746	1.15047746	71149997	71150028	71159964	71160074	NA	missing	545998.0	29.249893	1.4629	NA	NA	NA	NA	NA	NA	NA	NA	NA	NA	4184094
7	71160019	72095010	NA	934992	12944	2.92918559	12875	557	2178.0	mappable	0.27376466	3.0	NA	0.202130784361	0.00159744409	0.336437735	0.10083392	0.10243137	71159964	71160074	71969913	72220107	0.78829231	2	547775.66	34.97888	1.3405524	20.03527	0.6637111	0.3274222	0.985052602	1.94413299	2	1	2:1	3	gain	4184094
7	72095010	72229988	NA	134979	153	3.2081262	152	19	23.0	mappable	0.19476869	NA	NA	0.116334507766	0.05	0.461237735	0.11735453	0.16735453	71969913	72220107	72229988	72229988	NA	missing	598302.0	35.89812	1.4486	NA	NA	NA	NA	NA	NA	NA	NA	NA	NA	4184094
7	72750118	74139961	NA	1389844	10222	2.92918559	10158	433	1812.0	mappable	0.31505	3.0	NA	0.226055784361	0.00201207243	0.347737735	0.09800803	0.1000201	72750118	72750118	74139961	74139961	0.86954457	2	547775.66	34.97888	1.3405524	20.03527	0.6637111	0.3274222	0.985052602	1.94413299	2	1	2:1	3	gain	4184094
7	75160045	76059952	NA	899908	8423	2.92918559	8372	466	1407.0	mappable	0.28745435	3.0	NA	0.205744914796	0.00193423598	0.336537735	0.10111521	0.10304945	75160045	75160045	76059952	76059952	0.86221411	2	547775.66	34.97888	1.3405524	20.03527	0.6637111	0.3274222	0.985052602	1.94413299	2	1	2:1	3	gain	4184094
7	76810004	82359958	NA	5549955	80597	3.01379386	80410	3670	11541.0	mappable	0.28271944	9.0	NA	0.205612602543	0.00025926886	0.372337735	0.0892696	0.08952886	76810004	76810004	82359912	82359958	0.87165334	2	566275.2	36.199591	1.3733254	20.21764	0.6638236	0.3276472	1.013166367	2.0006275	2	1	2:1	3	gain	4184094
7	82359959	82370024	NA	10066	157	2.7070288	157	1	23.0	mappable	0.30434783	NA	NA	0.225628610448	1.0	0.267137735	0.15040757	1.15040757	82359959	82360005	82369952	82370096	NA	missing	526507.8	34.337465	1.2545	NA	NA	NA	NA	NA	NA	NA	NA	NA	NA	4184094
7	82370024	100539979	NA	18169958	227823	3.01379386	226964	10254	33140.0	mappable	0.277375	9.0	NA	0.196626430209	9.0009e-05	0.3807404397	0.08293575	0.08302576	82369952	82370096	100539910	100539979	0.88110162	2	566275.2	36.199591	1.3733254	20.21764	0.6638236	0.3276472	1.013166367	2.0006275	2	1	2:1	3	gain	4184094
7	100619975	101950053	NA	1330079	15486	2.92918559	15390	911	2531.0	mappable	0.28331087	3.0	NA	0.202080784361	0.00099304866	0.338937735	0.09831353	0.09930658	100619975	100620012	101949878	101950053	0.86870647	2	547775.66	34.97888	1.3405524	20.03527	0.6637111	0.3274222	0.985052602	1.94413299	2	1	2:1	3	gain	4184094
7	101950054	110259987	NA	8309935	108273	3.01379386	107845	5129	16063.0	mappable	0.2808	9.0	NA	0.202546676446	0.000180018	0.380675376	0.08700795	0.08718797	101950054	101950229	110259883	110259987	0.88732876	2	566275.2	36.199591	1.3733254	20.21764	0.6638236	0.3276472	1.013166367	2.0006275	2	1	2:1	3	gain	4184094
7	110259988	110280010	NA	20023	327	2.74033203	326	0	56.0	mappable	NA	NA	NA	0.201280784361	1.0	0.280037735	0.13996418	1.13996418	110259988	110260092	110279986	110280010	NA	missing	543278.26	NA	1.2674	NA	NA	NA	NA	NA	NA	NA	NA	NA	NA	4184094
7	110280011	120090061	NA	9810052	127832	3.01379386	127528	3558	18457.0	mappable	0.28010603	9.0	NA	0.202159943324	0.0002589332	0.3871600729	0.08611103	0.08636996	110280011	110280035	120089971	120090061	0.88764185	2	566275.2	36.199591	1.3733254	20.21764	0.6638236	0.3276472	1.013166367	2.0006275	2	1	2:1	3	gain	4184094
7	120090062	120100072	NA	10011	153	2.6786307	153	0	23.0	mappable	NA	NA	NA	NA	inf	0.256137735	0.15049703	inf	120090062	120090152	120099925	120100219	NA	missing	544776.7	NA	1.2435	NA	NA	NA	NA	NA	NA	NA	NA	NA	NA	4184094
7	120100072	125340005	NA	5239934	69335	3.01379386	69125	3577	9833.0	mappable	0.27395	9.0	NA	0.191805784361	0.00026406126	0.370337735	0.08960125	0.08986531	120099925	120100219	125339993	125340017	0.88396791	2	566275.2	36.199591	1.3733254	20.21764	0.6638236	0.3276472	1.013166367	2.0006275	2	1	2:1	3	gain	4184094
7	125340005	125360009	NA	20005	381	2.67708171	380	12	36.0	mappable	0.37261591	NA	NA	0.294858057089	0.07692307692	0.255537735	0.13997689	0.21689997	125339993	125340017	125359934	125360084	NA	missing	565610.38	37.962138	1.2429	NA	NA	NA	NA	NA	NA	NA	NA	NA	NA	4184094
7	125360009	132230035	NA	6870027	89345	3.01379386	89005	4818	13611.0	mappable	0.284225	9.0	NA	0.207602681772	0.00019387359	0.3971311001	0.08805962	0.0882535	125359934	125360084	132229998	132230035	0.87466996	2	566275.2	36.199591	1.3733254	20.21764	0.6638236	0.3276472	1.013166367	2.0006275	2	1	2:1	3	gain	4184094
7	132230036	132260003	NA	29968	429	2.73749222	424	1	72.0	mappable	0.38181818	NA	NA	0.295089117695	0.16666666667	0.278937735	0.13448872	0.30115539	132230036	132230073	132259928	132260003	NA	missing	496576.96	34.308953	1.2663	NA	NA	NA	NA	NA	NA	NA	NA	NA	NA	4184094
7	132260004	135319984	NA	3059981	41986	3.01379386	41846	2082	6335.0	mappable	0.29725	9.0	NA	0.218367287749	0.000450045	0.4010990221	0.09282857	0.09327861	132260004	132260079	135319950	135319984	0.9027468	2	566275.2	36.199591	1.3733254	20.21764	0.6638236	0.3276472	1.013166367	2.0006275	2	1	2:1	3	gain	4184094
7	135319985	142660045	NA	7340061	93981	2.92918559	93609	4183	14513.0	mappable	0.2808	3.0	NA	0.202080784361	0.00021953897	0.353137735	0.08769099	0.08791053	135319985	135320019	142659942	142660148	0.83472707	2	547775.66	34.97888	1.3405524	20.03527	0.6637111	0.3274222	0.985052602	1.94413299	2	1	2:1	3	gain	4184094
7	142660045	142960002	NA	299958	3446	3.1885057	3438	11	552.0	mappable	0.2326	NA	NA	0.142641078479	0.05263157895	0.453637735	0.10992393	0.16255551	142659942	142660148	142959886	142960118	NA	missing	597965.56	36.717183	1.441	NA	NA	NA	NA	NA	NA	NA	NA	NA	NA	4184094
7	142960002	154120041	NA	11160040	141768	2.92918559	141289	8061	21267.0	mappable	0.27395	3.0	NA	0.191805784361	0.00011712345	0.358437735	0.08542687	0.08554399	142959886	142960118	154119968	154120114	0.86119704	2	547775.66	34.97888	1.3405524	20.03527	0.6637111	0.3274222	0.985052602	1.94413299	2	1	2:1	3	gain	4184094
7	154120041	154139998	NA	19958	338	3.01379386	337	9	59.0	mappable	0.3964639	9.0	NA	0.152693217872	0.1	0.402437735	0.14001014	0.24001014	154119968	154120114	154139960	154140036	NA	missing	566275.2	36.199591	1.3733254	NA	NA	NA	NA	NA	NA	NA	NA	NA	NA	4184094
7	154139998	154700008	NA	560011	8125	2.92918559	8062	486	1273.0	mappable	0.29347692	3.0	NA	0.211006871318	0.00182149362	0.341637735	0.10473894	0.10656043	154139960	154140036	154699996	154700008	0.83812036	2	547775.66	34.97888	1.3405524	20.03527	0.6637111	0.3274222	0.985052602	1.94413299	2	1	2:1	3	gain	4184094
7	154700009	154709946	NA	9938	201	2.61408956	201	12	36.0	mappable	0.11501136	NA	NA	0.036292147998	0.08333333333	0.231137735	0.1506167	0.23395004	154700009	154700021	154709873	154709946	NA	missing	465493.8	29.042425	1.2185	NA	NA	NA	NA	NA	NA	NA	NA	NA	NA	4184094
7	154709947	155189972	NA	480026	9069	3.01379386	8984	331	1506.0	mappable	0.31085904	9.0	NA	0.227680784361	0.00240384615	0.370137735	0.10597288	0.10837673	154709947	154710020	155189903	155190041	0.82048911	2	566275.2	36.199591	1.3733254	20.21764	0.6638236	0.3276472	1.013166367	2.0006275	2	1	2:1	3	gain	4184094
7	155189972	155230013	NA	40042	780	2.92918559	774	69	108.0	mappable	0.30549598	3.0	NA	0.220246793133	0.01333333333	0.302637735	0.13081107	0.1441444	155189903	155190041	155229998	155230013	0.86605969	2	547775.66	34.97888	1.3405524	20.03527	0.6637111	0.3274222	0.985052602	1.94413299	2	1	2:1	3	gain	4184094
7	155230014	156540050	NA	1310037	23194	3.01379386	23082	853	3767.0	mappable	0.263	9.0	NA	0.185086475208	0.00103626943	0.3793156258	0.0984195	0.09945577	155230014	155230029	156539996	156540050	0.84256271	2	566275.2	36.199591	1.3733254	20.21764	0.6638236	0.3276472	1.013166367	2.0006275	2	1	2:1	3	gain	4184094
7	156540051	157970007	NA	1429958	26248	2.92918559	25963	1315	4718.0	mappable	0.2808	3.0	NA	0.191859930195	0.000625	0.3505188155	0.09781127	0.09843627	156540051	156540105	157969959	157970055	0.84591345	2	547775.66	34.97888	1.3405524	20.03527	0.6637111	0.3274222	0.985052602	1.94413299	2	1	2:1	3	gain	4184094
7	157970007	159119808	NA	1149802	19254	3.01379386	19036	558	3510.0	mappable	0.28606078	9.0	edge	0.212355784361	0.00129032258	0.372137735	0.09933962	0.10062994	157969959	157970055	159119808	159119808	0.84277639	2	566275.2	36.199591	1.3733254	20.21764	0.6638236	0.3276472	1.013166367	2.0006275	2	1	2:1	3	gain	4184094
8	170012	6919904	NA	6749894	193377	2.00171755	192208	10704	28860.0	mappable	0.08215	1.0	edge	0.004117184985	8.423181e-05	0.026587525	0.08815841	0.08824265	170012	170012	6919904	6919904	0.17168257	1	403792.68	20.961284	0.9812978	NA	NA	0.0	1.000858774	1.00085877	1	1	1:1	2	neutral	4184094
8	8100000	11859985	NA	3759986	79360	2.00171755	79127	4138	12452.0	mappable	0.078725	1.0	self	0.000248865755	0.0002287806	0.0173565833	0.09156547	0.09179425	8100000	8100000	11859985	11859985	0.15052856	1	403792.68	20.961284	0.9812978	NA	NA	0.0	1.000858774	1.00085877	1	1	1:1	2	neutral	4184094
8	12580042	14009980	NA	1429939	35744	2.00171755	35647	1853	5130.0	mappable	0.078725	1.0	self	5.784361e-06	0.00051387461	0.011662265	0.09781136	0.09832524	12580042	12580042	14009929	14010031	0.16676403	1	403792.68	20.961284	0.9812978	NA	NA	0.0	1.000858774	1.00085877	1	1	1:1	2	neutral	4184094
8	14009980	14040030	NA	30051	622	1.78691302	618	36	80.0	mappable	0.06916627	6.0	NA	0.004811639881	0.025	0.067862265	0.13445265	0.15945265	14009929	14010031	14039966	14040030	0.1556485	1	806364.6	42.287124	0.8980933	NA	NA	0.0	0.89345651	0.89345651	1	1	1:1	2	neutral	4184094
8	14040031	14059976	NA	19946	467	2.15748785	467	51	55.0	mappable	0.06655	4.0	NA	0.012169215639	0.01960784314	0.042537735	0.14001865	0.15962649	14040031	14040095	14059922	14060030	0.17712123	1	440400.45	22.856702	1.0416354	NA	NA	0.0	1.078743923	1.07874392	1	1	1:1	2	neutral	4184094
8	14059976	31411529	NA	17351560	310041	2.00171755	309100	14578	46769.0	mappable	0.08215	1.0	NA	0.002826241434	6.444129e-05	0.0189406098	0.08316506	0.0832295	14059922	14060030	31411502	31411529	0.14788665	1	403792.68	20.961284	0.9812978	NA	NA	0.0	1.000858774	1.00085877	1	1	1:1	2	neutral	4184094
8	31411530	31423998	DEL	12469	165	1.16372108	165	0	26.0	mappable	NA	NA	NA	NA	inf	0.330662265	0.14699335	inf	31411530	31411598	31419898	31423998	NA	missing	285645.6	NA	0.6567	NA	NA	NA	NA	NA	NA	NA	NA	NA	NA	4184094
8	31423999	34519968	DEL	3095970	43374	2.00171755	43213	1542	6471.0	mappable	0.078725	1.0	NA	5.784361e-06	0.00058719906	0.023262265	0.09275595	0.09334314	31423999	31430002	34519921	34520015	0.17995316	1	403792.68	20.961284	0.9812978	NA	NA	0.0	1.000858774	1.00085877	1	1	1:1	2	neutral	4184094
8	34519968	34530061	NA	10094	182	2.17520981	182	0	21.0	mappable	NA	NA	NA	NA	inf	0.061137735	0.15036226	inf	34519921	34520015	34529991	34530131	NA	missing	426298.0	NA	1.0485	NA	NA	NA	NA	NA	NA	NA	NA	NA	NA	4184094
8	34530061	43789991	NA	9259934	130171	2.00171755	129753	5061	20176.0	mappable	0.08215	1.0	NA	0.004237910335	0.00018251506	0.0079179502	0.08642082	0.08660334	34529991	34530131	43789991	43789991	0.17190723	1	403792.68	20.961284	0.9812978	NA	NA	0.0	1.000858774	1.00085877	1	1	1:1	2	neutral	4184094
8	46880007	62970037	NA	16090031	224425	2.00171755	223857	10640	33215.0	mappable	0.08215	1.0	NA	0.003205205512	8.922198e-05	0.0087160102	0.08354336	0.08363258	46880007	46880007	62969967	62970107	0.146629	1	403792.68	20.961284	0.9812978	NA	NA	0.0	1.000858774	1.00085877	1	1	1:1	2	neutral	4184094
8	62970037	62980015	NA	9979	158	1.82410601	158	0	19.0	mappable	NA	NA	NA	NA	inf	0.074862265	0.15054936	inf	62969967	62970107	62979951	62980015	NA	missing	386030.0	NA	0.9125	NA	NA	NA	NA	NA	NA	NA	NA	NA	NA	4184094
8	62980016	71700101	NA	8720086	115595	2.00171755	115264	4263	17238.0	mappable	0.08215	1.0	NA	0.003430784361	0.00021781747	0.000637735	0.08674565	0.08696347	62980016	62980080	71699996	71700101	0.15023263	1	403792.68	20.961284	0.9812978	NA	NA	0.0	1.000858774	1.00085877	1	1	1:1	2	neutral	4184094
8	71700102	71725023	NA	24922	318	1.86902665	318	0	45.0	mappable	NA	NA	NA	NA	inf	0.057462265	0.13693816	inf	71700102	71700207	71719928	71725023	NA	missing	412304.49	NA	0.9299	NA	NA	NA	NA	NA	NA	NA	NA	NA	NA	4184094
8	71725024	146289988	NA	74564969	1047731	2.00171755	1044267	46788	156275.0	mappable	0.078725	1.0	edge	0.000105228925	1.990208e-05	0.0055948789	0.076476	0.0764959	71725024	71730119	146289988	146289988	0.14626326	1	403792.68	20.961284	0.9812978	NA	NA	0.0	1.000858774	1.00085877	1	1	1:1	2	neutral	4184094
9	200101	775045	NA	574945	13567	2.15748785	13516	1219	2029.0	mappable	0.07309891	4.0	edge	0.003737037446	0.00078740157	0.0385296124	0.10453109	0.10531849	200101	200101	769984	780106	0.16222604	1	440400.45	22.856702	1.0416354	NA	NA	0.0	1.078743923	1.07874392	1	1	1:1	2	neutral	4184094
9	775045	10739983	NA	9964941	194393	2.00171755	193876	8859	28358.0	mappable	0.078725	1.0	self	0.001330515057	0.00010665529	0.0013844566	0.08602732	0.08613397	769984	780106	10739961	10740005	0.14273725	1	403792.68	20.961284	0.9812978	NA	NA	0.0	1.000858774	1.00085877	1	1	1:1	2	neutral	4184094
9	10739983	10760014	NA	20032	428	1.78691302	419	20	49.0	mappable	0.09008021	6.0	NA	0.012790668082	0.03448275862	0.088262265	0.13995783	0.17444059	10739961	10740005	10759908	10760014	NA	missing	806364.6	42.287124	0.8980933	NA	NA	NA	NA	NA	NA	NA	NA	NA	NA	4184094
9	10760015	10784955	NA	24941	369	2.15748785	367	20	59.0	mappable	0.10326364	4.0	NA	0.005603610448	0.04545454545	0.042637735	0.13692786	0.1823824	10760015	10760121	10779828	10784955	NA	missing	440400.45	22.856702	1.0416354	NA	NA	NA	NA	NA	NA	NA	NA	NA	NA	4184094
9	10784956	38769828	NA	27984881	436835	2.00171755	435680	21067	63434.0	mappable	0.078725	1.0	self	0.000644786043	4.50045e-05	0.011605319	0.08084681	0.08089181	10784956	10790083	38769828	38769828	0.14940246	1	403792.68	20.961284	0.9812978	NA	NA	0.0	1.000858774	1.00085877	1	1	1:1	2	neutral	4184094
9	66840048	66849972	NA	9925	538	2.02023931	535	0	65.0	mappable	NA	7.0	NA	0.268475403362	0.33333333333	0.009762265	0.15063813	0.48397146	66840048	66840048	66849972	66849972	NA	missing	414233.78	NA	0.9884722	NA	NA	NA	NA	NA	NA	NA	NA	NA	NA	4184094
9	68410004	68419976	NA	9973	1130	2.03347747	1025	0	248.0	mappable	NA	NA	NA	0.185606075907	0.00952380952	0.006237735	0.15055919	0.160083	68410004	68410004	68419976	68419976	NA	missing	2346412.0	NA	0.9936	NA	NA	NA	NA	NA	NA	NA	NA	NA	NA	4184094
9	71030093	113929989	NA	42899902	586328	2.00171755	584474	27716	88250.0	mappable	0.078725	1.0	NA	0.0032440768	3.38192e-05	0.0157256582	0.07888155	0.07891537	71030093	71030093	113929954	113930024	0.13769028	1	403792.68	20.961284	0.9812978	NA	NA	0.0	1.000858774	1.00085877	1	1	1:1	2	neutral	4184094
9	113929989	113939857	NA	9869	174	2.2299407	174	0	28.0	mappable	NA	NA	NA	NA	inf	0.082337735	0.1507308	inf	113929954	113930024	113939701	113939857	NA	missing	456282.5	NA	1.0697	NA	NA	NA	NA	NA	NA	NA	NA	NA	NA	4184094
9	113939858	141019791	NA	27079936	374678	2.00171755	373105	16211	60365.0	mappable	0.078725	1.0	edge	0.000962604077	5.623348e-05	0.0078415349	0.08100209	0.08105832	113939858	113940014	141019791	141019791	0.16314978	1	403792.68	20.961284	0.9812978	NA	NA	0.0	1.000858774	1.00085877	1	1	1:1	2	neutral	4184094
10	130013	299979	NA	169967	2179	3.19470165	2175	119	326.0	mappable	0.35616774	NA	edge	0.277274534361	0.0081300813	0.456037735	0.11510861	0.12323869	130013	130013	299704	299979	0.86294416	2	608770.59	39.95057	1.4434	20.67965	0.6822523	0.36450462	1.01510907	2.17959258	2	1	2:1	3	gain	4184094
10	299980	3920025	NA	3620046	68496	2.92918559	67985	2940	11162.0	mappable	0.284225	3.0	NA	0.208930784361	0.00028977108	0.359637735	0.09179543	0.0920852	299980	300255	3919885	3920165	0.86589666	2	547775.66	34.97888	1.3405524	20.03527	0.6637111	0.3274222	0.985052602	1.94413299	2	1	2:1	3	gain	4184094
10	3920025	3930023	NA	9999	185	2.60195582	185	0	28.0	mappable	NA	NA	NA	NA	inf	0.226437735	0.15051663	inf	3919885	3920165	3929891	3930155	NA	missing	502774.4	NA	1.2138	NA	NA	NA	NA	NA	NA	NA	NA	NA	NA	4184094
10	3930023	8400102	NA	4470080	74747	3.01379386	74416	3956	11537.0	mappable	0.2945	9.0	NA	0.215780784361	0.00023331778	0.380537735	0.09053104	0.09076436	3929891	3930155	8399953	8400251	0.8531366	2	566275.2	36.199591	1.3733254	20.21764	0.6638236	0.3276472	1.013166367	2.0006275	2	1	2:1	3	gain	4184094
10	8400102	8490015	NA	89914	1772	2.92918559	1770	99	287.0	mappable	0.27469889	3.0	NA	0.19597967871	0.0099009901	0.292437735	0.12153431	0.1314353	8399953	8400251	8489993	8490015	0.84353081	2	547775.66	34.97888	1.3405524	20.03527	0.6637111	0.3274222	0.985052602	1.94413299	2	1	2:1	3	gain	4184094
10	8490016	12239989	NA	3749974	58415	3.01379386	58209	2778	8872.0	mappable	0.30164318	9.0	NA	0.222630784361	0.00033512064	0.387837735	0.09158159	0.09191672	8490016	8490038	12239944	12239989	0.88084242	2	566275.2	36.199591	1.3733254	20.21764	0.6638236	0.3276472	1.013166367	2.0006275	2	1	2:1	3	gain	4184094
10	12239990	19720003	NA	7480018	118679	2.92918559	118248	5417	18237.0	mappable	0.284225	3.0	NA	0.205007308985	0.00017099863	0.3518271754	0.08758634	0.08775734	12239990	12240035	19719997	19720003	0.86281672	2	547775.66	34.97888	1.3405524	20.03527	0.6637111	0.3274222	0.985052602	1.94413299	2	1	2:1	3	gain	4184094
10	19720004	19739982	NA	19979	485	3.1141543	483	94	40.0	mappable	0.39114318	NA	NA	0.307392147998	0.01041666667	0.424837735	0.13999527	0.15041194	19720004	19720010	19739935	19739982	0.92340686	2	573929.01	37.95219	1.4122	19.92683	0.6888016	0.37760317	0.96911988	2.14503442	2	1	2:1	3	gain	4184094
10	19739983	38782174	NA	19042192	254005	2.92918559	253056	13188	38573.0	mappable	0.2808	3.0	NA	0.202080784361	7.073637e-05	0.359137735	0.08270376	0.0827745	19739983	19740030	38782146	38782174	0.8764023	2	547775.66	34.97888	1.3405524	20.03527	0.6637111	0.3274222	0.985052602	1.94413299	2	1	2:1	3	gain	4184094
10	38984987	39149984	NA	164998	5047	2.66004285	4784	0	987.0	mappable	NA	NA	NA	0.169095928592	0.00380228137	0.248937735	0.1153929	0.11919518	38984987	39080000	39149984	39149984	NA	missing	630629.19	NA	1.2363	NA	NA	NA	NA	NA	NA	NA	NA	NA	NA	4184094
10	42410000	46159967	NA	3749968	43615	2.92918559	43516	1690	6816.0	mappable	0.28765	3.0	NA	0.209668876998	0.00055897149	0.353354814	0.0915816	0.09214058	42410000	42410000	46159967	46159967	0.80942286	2	547775.66	34.97888	1.3405524	20.03527	0.6637111	0.3274222	0.985052602	1.94413299	2	1	2:1	3	gain	4184094
10	48310177	48659961	NA	349785	5555	2.92918559	5537	115	876.0	mappable	0.25256915	3.0	NA	0.169089117695	0.00751879699	0.334837735	0.10860057	0.11611937	48310177	48310177	48659961	48659961	0.87774506	2	547775.66	34.97888	1.3405524	20.03527	0.6637111	0.3274222	0.985052602	1.94413299	2	1	2:1	3	gain	4184094
10	49390096	50329942	NA	939847	15321	3.01379386	15281	662	2382.0	mappable	0.27985	9.0	NA	0.201130784361	0.00142450142	0.406237735	0.10079595	0.10222045	49390096	49390096	50329868	50330016	0.87278222	2	566275.2	36.199591	1.3733254	20.21764	0.6638236	0.3276472	1.013166367	2.0006275	2	1	2:1	3	gain	4184094
10	50329942	50340043	NA	10102	152	2.67501639	146	12	16.0	mappable	0.28981004	NA	NA	0.204646661442	0.05555555556	0.254737735	0.15034934	0.20590489	50329868	50330016	50339970	50340043	NA	missing	538371.7	34.260017	1.2421	NA	NA	NA	NA	NA	NA	NA	NA	NA	NA	4184094
10	50340044	53119939	NA	2779896	26267	3.01379386	26228	796	4018.0	mappable	0.27395	9.0	NA	0.194955388487	0.00119760479	0.374321989	0.09342913	0.09462674	50340044	50340117	53119834	53119939	0.8639036	2	566275.2	36.199591	1.3733254	20.21764	0.6638236	0.3276472	1.013166367	2.0006275	2	1	2:1	3	gain	4184094
10	53119940	59650065	NA	6530128	100245	2.92918559	99762	7938	13626.0	mappable	0.28136735	3.0	NA	0.201592333627	0.00011875074	0.3521763434	0.08834437	0.08846312	53119940	53120045	59649966	59650164	0.88348061	2	547775.66	34.97888	1.3405524	20.03527	0.6637111	0.3274222	0.985052602	1.94413299	2	1	2:1	3	gain	4184094
10	59650065	59659989	NA	9925	143	2.68121234	143	0	21.0	mappable	NA	NA	NA	NA	inf	0.257137735	0.15063813	inf	59649966	59650164	59659955	59660023	NA	missing	540281.7	NA	1.2445	NA	NA	NA	NA	NA	NA	NA	NA	NA	NA	4184094
10	59659989	66106435	NA	6446447	90561	3.01379386	90291	4708	13518.0	mappable	0.2808	9.0	NA	0.202080784361	0.00020088389	0.399237735	0.08841705	0.08861793	59659955	59660023	66106406	66106435	0.87644132	2	566275.2	36.199591	1.3733254	20.21764	0.6638236	0.3276472	1.013166367	2.0006275	2	1	2:1	3	gain	4184094
10	66106436	66106536	CTX	101	1	2.64558563	1	0	0.0	mappable	NA	NA	NA	NA	inf	0.243337735	0.30038097	inf	66106436	66106524	66106524	66106536	NA	missing	523151.1	NA	1.2307	NA	NA	NA	NA	NA	NA	NA	NA	NA	NA	4184094
10	66106537	135439925	CTX	69333398	978819	2.00171755	975271	44643	152300.0	mappable	0.078725	1.0	edge	0.001958598077	2.075335e-05	0.011789358	0.07678414	0.07680489	66106537	66106755	135439925	135439925	0.14755028	1	403792.68	20.961284	0.9812978	NA	NA	0.0	1.000858774	1.00085877	1	1	1:1	2	neutral	4184094
11	190010	7979992	NA	7789985	118296	2.00171755	117613	7258	18047.0	mappable	0.08215	1.0	edge	0.005187837675	0.00012592872	0.0085742772	0.08736223	0.08748816	190010	190010	7979952	7980032	0.16766824	1	403792.68	20.961284	0.9812978	NA	NA	0.0	1.000858774	1.00085877	1	1	1:1	2	neutral	4184094
11	7979992	7999976	NA	19985	297	1.81300494	276	0	56.0	mappable	NA	NA	NA	0.052567549067	0.04761904762	0.079162265	0.13999103	0.18761007	7979952	7980032	7999885	7999976	NA	missing	381150.1	NA	0.9082	NA	NA	NA	NA	NA	NA	NA	NA	NA	NA	4184094
11	7999977	8019974	NA	19998	332	2.15748785	332	33	44.0	mappable	0.11145	4.0	NA	0.032730784361	0.0303030303	0.055137735	0.13998183	0.17028487	7999977	8000068	8019939	8020009	0.09723806	1	440400.45	22.856702	1.0416354	NA	NA	0.0	1.078743923	1.07874392	1	1	1:1	2	neutral	4184094
11	8019974	41040006	NA	33020036	473289	2.00171755	471464	21457	70491.0	mappable	0.078725	1.0	NA	1.5203368e-05	4.295717e-05	0.0154461476	0.08007419	0.08011714	8019939	8020009	41039982	41040030	0.14344139	1	403792.68	20.961284	0.9812978	NA	NA	0.0	1.000858774	1.00085877	1	1	1:1	2	neutral	4184094
11	41040006	41050003	NA	9998	150	2.25962962	150	0	17.0	mappable	NA	NA	NA	NA	inf	0.093837735	0.15051827	inf	41039982	41040030	41049994	41050003	NA	missing	440507.5	NA	1.0812	NA	NA	NA	NA	NA	NA	NA	NA	NA	NA	4184094
11	41050004	48844986	NA	7794983	101277	2.00171755	100970	3911	15893.0	mappable	0.078725	1.0	NA	0.003430784361	0.0002371354	0.006062265	0.0873587	0.08759583	41050004	41050013	48839963	48850009	0.14949825	1	403792.68	20.961284	0.9812978	NA	NA	0.0	1.000858774	1.00085877	1	1	1:1	2	neutral	4184094
11	48844986	48899996	NA	55011	1057	1.86567051	1053	0	159.0	mappable	NA	NA	NA	0.149889875271	0.25	0.058762265	0.12700483	0.37700483	48839963	48850009	48899996	48899996	NA	missing	427495.78	NA	0.9286	NA	NA	NA	NA	NA	NA	NA	NA	NA	NA	4184094
11	48899997	50170092	NA	1270096	0	0.0	0	0	NA	mappable	NA	NA	NA	NA	inf	0.987362265	0.09863632	inf	48899997	48899997	50170092	50170092	NA	missing	NA	NA	0.0	NA	NA	0.0	0.0	0.0	0	0	NA	0	homozygousDel	4184094
11	50170093	51579984	NA	1409892	18374	2.00171755	18349	89	2755.0	mappable	0.09676786	1.0	NA	0.02168435579	0.00877192982	0.033862265	0.09790889	0.10668082	50170093	50170093	51579984	51579984	0.37201117	2	403792.68	20.961284	0.9812978	20.17595	0.5241856	0.04837114	0.952446098	1.04927145	1	1	1:1	2	mixDH	4184094
11	54793872	89349940	NA	34556071	455512	2.00171755	453993	17218	70742.0	mappable	0.078725	1.0	self	0.00095601284	5.337319e-05	0.0060289069	0.07986444	0.07991781	54793872	54793872	89349940	89349940	0.16365209	1	403792.68	20.961284	0.9812978	NA	NA	0.0	1.000858774	1.00085877	1	1	1:1	2	neutral	4184094
11	89850037	95080086	NA	5230051	75639	2.00171755	75424	3363	11164.0	mappable	0.0753	1.0	NA	8.4601329e-05	0.00027948575	0.0263153752	0.08961218	0.08989167	89850037	89850037	95079962	95080210	0.14123577	1	403792.68	20.961284	0.9812978	NA	NA	0.0	1.000858774	1.00085877	1	1	1:1	2	neutral	4184094
11	95080086	95090027	NA	9942	157	2.2007681	157	0	27.0	mappable	NA	NA	NA	NA	inf	0.071037735	0.15061012	inf	95079962	95080210	95089989	95090065	NA	missing	452474.0	NA	1.0584	NA	NA	NA	NA	NA	NA	NA	NA	NA	NA	4184094
11	95090027	98443286	NA	3353260	48250	2.00171755	48092	3049	6794.0	mappable	0.07669828	1.0	NA	0.003419215639	0.0003118179	0.012962265	0.09226312	0.09257494	95089989	95090065	98443247	98443286	0.15206599	1	403792.68	20.961284	0.9812978	NA	NA	0.0	1.000858774	1.00085877	1	1	1:1	2	neutral	4184094
11	98443287	98455326	CTX	12040	217	1.45983582	198	0	35.0	mappable	NA	NA	NA	0.719663476669	0.05263157895	0.215962265	0.14754107	0.20017265	98443287	98443431	98455326	98455326	NA	missing	335655.26	NA	0.7714	NA	NA	NA	NA	NA	NA	NA	NA	NA	NA	4184094
11	98455327	98459992	CTX	4666	72	1.73994437	58	0	8.0	mappable	NA	NA	NA	0.151976022457	0.07142857143	0.107462265	0.16409623	0.2355248	98455327	98455361	98459977	98460007	NA	missing	371656.2	NA	0.8799	NA	NA	NA	NA	NA	NA	NA	NA	NA	NA	4184094
11	98459992	101920028	NA	3460037	55315	3.01379386	55110	2728	7929.0	mappable	0.291775	9.0	NA	0.216417630332	0.00034094783	0.3675899722	0.09207104	0.09241199	98459977	98460007	101919831	101920225	0.88681598	2	566275.2	36.199591	1.3733254	20.21764	0.6638236	0.3276472	1.013166367	2.0006275	2	1	2:1	3	gain	4184094
11	101920028	101929993	NA	9966	145	3.42137013	145	0	34.0	mappable	NA	NA	NA	NA	inf	0.543837735	0.15057068	inf	101919831	101920225	101929929	101930057	NA	missing	591015.7	NA	1.5312	NA	NA	NA	NA	NA	NA	NA	NA	NA	NA	4184094
11	101929993	121389998	NA	19460006	279732	3.01379386	278708	11851	43000.0	mappable	0.2808	9.0	NA	0.202080784361	7.770008e-05	0.390037735	0.08259681	0.08267451	101929929	101930057	121389995	121390001	0.87729318	2	566275.2	36.199591	1.3733254	20.21764	0.6638236	0.3276472	1.013166367	2.0006275	2	1	2:1	3	gain	4184094
11	121389998	121409995	NA	19998	288	3.43918348	288	0	46.0	mappable	NA	NA	NA	NA	inf	0.550737735	0.13998183	inf	121389995	121390001	121409979	121410011	NA	missing	640514.73	NA	1.5381	NA	NA	NA	NA	NA	NA	NA	NA	NA	NA	4184094
11	121409995	134939862	NA	13529868	204757	3.01379386	204085	10607	31714.0	mappable	0.2808	9.0	edge	0.205505784361	8.866034e-05	0.375137735	0.08442507	0.08451374	121409979	121410011	134939862	134939862	0.86684665	2	566275.2	36.199591	1.3733254	20.21764	0.6638236	0.3276472	1.013166367	2.0006275	2	1	2:1	3	gain	4184094
12	160107	34819969	NA	34659866	477423	2.00171755	475619	21845	71927.0	mappable	0.078725	1.0	edge	0.000219145609	4.228866e-05	0.003330741	0.07985064	0.07989293	160107	160107	34819969	34819969	0.15394267	1	403792.68	20.961284	0.9812978	NA	NA	0.0	1.000858774	1.00085877	1	1	1:1	2	neutral	4184094
12	38000003	49420269	NA	11420269	162495	2.00171755	161997	4995	24028.0	mappable	0.0753	1.0	NA	0.003370014802	0.00018211619	0.0012103976	0.0853057	0.08548781	38000003	38000003	49420209	49420269	0.16384718	1	403792.68	20.961284	0.9812978	NA	NA	0.0	1.000858774	1.00085877	1	1	1:1	2	neutral	4184094
12	49420270	49422249	DEL	1980	20	1.6180907	20	0	5.0	mappable	NA	NA	NA	NA	inf	0.154662265	0.18262698	inf	49420270	49420388	49422145	49422249	NA	missing	300078.9	NA	0.8327	NA	NA	NA	NA	NA	NA	NA	NA	NA	NA	4184094
12	49422250	133819926	DEL	84397683	1140591	2.00171755	1136456	52440	174290.0	mappable	0.078725	1.0	edge	0.0007556052	1.767753e-05	0.0105150829	0.07595696	0.07597464	49422250	49422292	133819926	133819926	0.1477824	1	403792.68	20.961284	0.9812978	NA	NA	0.0	1.000858774	1.00085877	1	1	1:1	2	neutral	4184094
13	19450038	74689967	NA	55239934	765399	2.00171755	762939	34501	113082.0	mappable	0.078725	1.0	edge	0.000912215936	2.706067e-05	0.0004521206	0.07776289	0.07778995	19450038	19450038	74689859	74690075	0.15418873	1	403792.68	20.961284	0.9812978	NA	NA	0.0	1.000858774	1.00085877	1	1	1:1	2	neutral	4184094
13	74689967	74699974	NA	10008	120	2.28880222	120	0	22.0	mappable	NA	NA	NA	NA	inf	0.105137735	0.15050193	inf	74689859	74690075	74699904	74699974	NA	missing	479442.2	NA	1.0925	NA	NA	NA	NA	NA	NA	NA	NA	NA	NA	4184094
13	74699975	84450009	NA	9750037	140226	2.00171755	139758	6962	19957.0	mappable	0.078725	1.0	NA	0.000374898324	0.00013460762	0.0012014018	0.08614386	0.08627847	74699975	74700045	84449896	84450122	0.13427958	1	403792.68	20.961284	0.9812978	NA	NA	0.0	1.000858774	1.00085877	1	1	1:1	2	neutral	4184094
13	84450009	84460030	NA	10022	124	1.68418082	124	0	35.0	mappable	NA	NA	NA	NA	inf	0.129062265	0.15047909	inf	84449896	84450122	84459966	84460030	NA	missing	332799.0	NA	0.8583	NA	NA	NA	NA	NA	NA	NA	NA	NA	NA	4184094
13	84460031	91849978	NA	7389951	108719	2.00171755	108185	6803	14994.0	mappable	0.0753	1.0	NA	0.001801002058	0.00013629549	0.015006181	0.08765343	0.08778973	84460031	84460095	91849954	91849978	0.12769963	1	403792.68	20.961284	0.9812978	NA	NA	0.0	1.000858774	1.00085877	1	1	1:1	2	neutral	4184094
13	91849979	91855502	NA	5524	94	2.48784709	93	0	10.0	mappable	NA	NA	NA	0.053078189998	1.0	0.182237735	0.16088166	1.16088166	91849979	91850003	91855471	91855502	NA	missing	508658.0	NA	1.1696	NA	NA	NA	NA	NA	NA	NA	NA	NA	NA	4184094
13	91855503	91859965	ITX	4463	73	2.48784709	73	0	12.0	mappable	NA	NA	NA	NA	inf	0.182237735	0.16496481	inf	91855503	91855603	91859820	91860110	NA	missing	508658.0	NA	1.1696	NA	NA	NA	NA	NA	NA	NA	NA	NA	NA	4184094
13	91859965	92249647	NA	389683	6009	3.01379386	5997	145	886.0	mappable	0.25964565	9.0	NA	0.182047451028	0.00636942675	0.370637735	0.10768933	0.11405876	91859820	91860110	92249624	92249647	0.90640546	2	566275.2	36.199591	1.3733254	20.21764	0.6638236	0.3276472	1.013166367	2.0006275	2	1	2:1	3	gain	4184094
13	92249648	92249811	ITX	164	4	2.76253418	4	0	0.0	mappable	NA	NA	NA	NA	inf	0.288637735	0.27182954	inf	92249648	92249670	92249793	92249811	NA	missing	545876.0	NA	1.276	NA	NA	NA	NA	NA	NA	NA	NA	NA	NA	4184094
13	92249812	115099984	DUP	22850175	346951	2.00171755	345364	17450	52265.0	mappable	0.078725	1.0	edge	0.001047640152	5.253204e-05	0.0143140786	0.08181397	0.08186651	92249812	92249814	115099984	115099984	0.15414574	1	403792.68	20.961284	0.9812978	NA	NA	0.0	1.000858774	1.00085877	1	1	1:1	2	neutral	4184094
14	20330060	28869896	NA	8539837	117268	2.00171755	116831	4881	17398.0	mappable	0.078725	1.0	edge	5.784361e-06	0.00018807598	0.010237735	0.08685917	0.08704725	20330060	20330060	28869728	28869896	0.18519789	1	403792.68	20.961284	0.9812978	NA	NA	0.0	1.000858774	1.00085877	1	1	1:1	2	neutral	4184094
14	28869897	29330155	NA	460259	6430	2.15748785	6421	278	934.0	mappable	0.0847	4.0	NA	0.00605633481	0.00348432056	0.0444405344	0.10631463	0.10979895	28869897	28870065	29329931	29330155	0.10554782	1	440400.45	22.856702	1.0416354	NA	NA	0.0	1.078743923	1.07874392	1	1	1:1	2	neutral	4184094
14	29330156	29340094	NA	9939	125	1.91781975	122	1	22.0	mappable	0.15789474	NA	NA	0.053061203081	0.25	0.038562265	0.15061506	0.40061506	29330156	29330380	29339986	29340202	NA	missing	414115.0	23.975079	0.9488	NA	NA	NA	NA	NA	NA	NA	NA	NA	NA	4184094
14	29340094	29759976	NA	419883	5446	2.15748785	5434	160	806.0	mappable	0.09386019	4.0	NA	0.019462631907	0.00581395349	0.0540868353	0.10706851	0.11288247	29339986	29340202	29759893	29759976	0.20867113	1	440400.45	22.856702	1.0416354	NA	NA	0.0	1.078743923	1.07874392	1	1	1:1	2	neutral	4184094
14	29759977	60270026	NA	30510053	420485	2.00171755	419088	18833	61396.0	mappable	0.078725	1.0	NA	0.001326595363	4.943642e-05	0.0076121429	0.08044152	0.08049096	29759977	29760060	60269959	60270026	0.15221135	1	403792.68	20.961284	0.9812978	NA	NA	0.0	1.000858774	1.00085877	1	1	1:1	2	neutral	4184094
14	60270027	60279967	NA	9941	135	2.27227968	135	0	29.0	mappable	NA	NA	NA	NA	inf	0.098737735	0.15061176	inf	60270027	60270094	60279920	60279967	NA	missing	441600.0	NA	1.0861	NA	NA	NA	NA	NA	NA	NA	NA	NA	NA	4184094
14	60279968	80990024	NA	20710057	281304	2.00171755	280564	10298	43727.0	mappable	0.078725	1.0	NA	5.784361e-06	9.060433e-05	0.006937735	0.08229156	0.08238217	60279968	60280015	80989927	80990121	0.15479924	1	403792.68	20.961284	0.9812978	NA	NA	0.0	1.000858774	1.00085877	1	1	1:1	2	neutral	4184094
14	80990024	81009964	NA	19941	314	1.86747766	313	22	46.0	mappable	0.12849324	NA	NA	0.05638478644	0.04347826087	0.058062265	0.14002219	0.18350045	80989927	80990121	81009874	81010054	NA	missing	416139.29	22.318207	0.9293	NA	NA	NA	NA	NA	NA	NA	NA	NA	NA	4184094
14	81009964	81019997	NA	10034	148	2.17340266	136	0	16.0	mappable	NA	NA	NA	0.082898641504	0.08333333333	0.060437735	0.15045955	0.23379288	81009874	81010054	81019987	81020007	NA	missing	434952.22	NA	1.0478	NA	NA	NA	NA	NA	NA	NA	NA	NA	NA	4184094
14	81019997	106210624	NA	25190632	375586	2.00171755	374312	16597	58101.0	mappable	0.08215	1.0	self	0.003868035108	5.596597e-05	0.0133148908	0.08134584	0.0814018	81019987	81020007	106009942	106210624	0.14404984	1	403792.68	20.961284	0.9812978	NA	NA	0.0	1.000858774	1.00085877	1	1	1:1	2	neutral	4184094
14	106210625	106325357	DEL	114733	1000	0.13751696	995	1	173.0	mappable	0.0	NA	NA	0.431555784361	0.16666666667	0.728162265	0.11899152	0.28565818	106210625	106250082	106325357	106325357	NA	missing	93521.07	4.676054	0.2592	NA	NA	NA	NA	NA	NA	NA	NA	NA	NA	4184094
14	106325358	106363826	DEL	38469	1342	0.54928943	1342	1	226.0	mappable	0.05263158	NA	NA	0.026087636691	1.0	0.568662265	0.13130762	1.13130762	106325358	106325382	106349982	106363826	NA	missing	137677.95	7.246208	0.4187	NA	NA	NA	NA	NA	NA	NA	NA	NA	NA	4184094
14	106363827	106724943	CTX	361117	2111	1.04212557	2107	0	320.0	mappable	NA	NA	NA	0.187086757162	0.25	0.377762265	0.10833	0.35833	106363827	106400108	106719873	106724943	NA	missing	265909.0	NA	0.6096	NA	NA	NA	NA	NA	NA	NA	NA	NA	NA	4184094
14	106724944	107259908	NA	534965	7978	2.15748785	7729	235	1161.0	mappable	0.069625	4.0	edge	0.001864875271	0.0020661157	0.087637735	0.10510227	0.10716838	106724944	106730014	107259908	107259908	0.23164337	1	440400.45	22.856702	1.0416354	NA	NA	0.0	1.078743923	1.07874392	1	1	1:1	2	neutral	4184094
15	20850000	20859924	NA	9925	165	2.09388797	143	0	28.0	mappable	NA	NA	edge	0.207981861049	0.04545454545	0.029637735	0.15063813	0.19609267	20850000	20850000	20859924	20859924	NA	missing	657536.0	NA	1.017	NA	NA	NA	NA	NA	NA	NA	NA	NA	NA	4184094
15	22480079	23069956	NA	589878	4050	2.00171755	4030	78	686.0	mappable	0.12033214	1.0	self	0.015930784361	0.01020408163	0.022462265	0.10432937	0.11453345	22480079	22480079	23069956	23069956	0.0501425	1	403792.68	20.961284	0.9812978	NA	NA	0.0	1.000858774	1.00085877	1	1	1:1	2	neutral	4184094
15	23710146	24329926	NA	619781	10357	2.00171755	10307	662	1525.0	mappable	0.07903629	1.0	NA	0.003430784361	0.00140449438	0.034662265	0.10394255	0.10534704	23710146	23710146	24329926	24329926	0.14598863	1	403792.68	20.961284	0.9812978	NA	NA	0.0	1.000858774	1.00085877	1	1	1:1	2	neutral	4184094
15	24329927	24830091	NA	500165	0	0.0	0	0	NA	mappable	NA	NA	NA	NA	inf	0.987362265	0.10564099	inf	24329927	24329927	24830091	24830091	NA	missing	NA	NA	0.0	NA	NA	0.0	0.0	0.0	0	0	NA	0	homozygousDel	4184094
15	24830092	28529988	NA	3699897	57403	2.00171755	57189	2990	8655.0	mappable	0.0753	1.0	NA	5.784361e-06	0.00031230481	0.032462265	0.091663	0.09197531	24830092	24830092	28529988	28529988	0.16082026	1	403792.68	20.961284	0.9812978	NA	NA	0.0	1.000858774	1.00085877	1	1	1:1	2	neutral	4184094
15	29100034	30369914	NA	1269881	18283	2.00171755	18238	1024	2795.0	mappable	0.08215	1.0	self	0.003430784361	0.0009354537	0.038762265	0.09863751	0.09957296	29100034	29100034	30369914	30369914	0.16439132	1	403792.68	20.961284	0.9812978	NA	NA	0.0	1.000858774	1.00085877	1	1	1:1	2	neutral	4184094
15	31160110	82479795	NA	51319690	690118	2.00171755	687966	28450	106613.0	mappable	0.078725	1.0	self	0.001932473712	3.26776e-05	0.0057010558	0.07808532	0.078118	31160110	31160110	82479795	82479795	0.15331273	1	403792.68	20.961284	0.9812978	NA	NA	0.0	1.000858774	1.00085877	1	1	1:1	2	neutral	4184094
15	83213963	102399920	NA	19185959	295884	2.00171755	294920	15224	45582.0	mappable	0.08215	1.0	edge	0.00288160154	6.177415e-05	0.0070785758	0.08266667	0.08272844	83213963	83213963	102399920	102399920	0.15158085	1	403792.68	20.961284	0.9812978	NA	NA	0.0	1.000858774	1.00085877	1	1	1:1	2	neutral	4184094
16	100010	16289940	NA	16189937	297832	2.00171755	296722	14049	47604.0	mappable	0.08215	1.0	edge	0.004549212291	6.597176e-05	0.0165880047	0.08351221	0.08357818	100010	100010	16289940	16289940	0.15884936	1	403792.68	20.961284	0.9812978	NA	NA	0.0	1.000858774	1.00085877	1	1	1:1	2	neutral	4184094
16	16870104	18169896	NA	1299793	20467	2.00171755	20405	756	3301.0	mappable	0.08671818	1.0	self	0.009562602543	0.00122249389	0.042762265	0.09847438	0.09969688	16870104	16870104	18169896	18169896	0.18868592	1	403792.68	20.961284	0.9812978	NA	NA	0.0	1.000858774	1.00085877	1	1	1:1	2	neutral	4184094
16	18800044	29039945	NA	10239902	124807	2.00171755	124177	6188	20276.0	mappable	0.078725	1.0	self	0.002162408732	0.00014669209	0.0149060895	0.08588225	0.08602894	18800044	18800044	29039945	29039945	0.1736471	1	403792.68	20.961284	0.9812978	NA	NA	0.0	1.000858774	1.00085877	1	1	1:1	2	neutral	4184094
16	29670028	31959970	NA	2289943	17525	2.00171755	17469	595	3040.0	mappable	0.089025	1.0	self	0.010280784361	0.00153609831	0.000562265	0.09466613	0.09620223	29670028	29670028	31959970	31959970	0.16616061	1	403792.68	20.961284	0.9812978	NA	NA	0.0	1.000858774	1.00085877	1	1	1:1	2	neutral	4184094
16	32520030	32649899	NA	129870	3149	1.99552728	2746	3	551.0	mappable	0.41280275	NA	NA	0.194391498647	0.00246305419	0.008462265	0.11773911	0.12020217	32520030	32520030	32649899	32649899	NA	missing	638136.33	45.405854	0.9789	NA	NA	NA	NA	NA	NA	NA	NA	NA	NA	4184094
16	33590105	35279959	NA	1689855	15434	2.00171755	15394	119	2459.0	mappable	0.08482353	1.0	self	0.000830784361	0.00628930818	0.046862265	0.09667221	0.10296152	33590105	33590105	35279959	35279959	0.1923892	1	403792.68	20.961284	0.9812978	NA	NA	0.0	1.000858774	1.00085877	1	1	1:1	2	neutral	4184094
16	46450014	82039985	NA	35589988	534916	2.00171755	533232	22409	83090.0	mappable	0.078725	1.0	NA	0.001532650646	4.150755e-05	0.0020490896	0.07972902	0.07977053	46450014	46450014	82039958	82040012	0.15940095	1	403792.68	20.961284	0.9812978	NA	NA	0.0	1.000858774	1.00085877	1	1	1:1	2	neutral	4184094
16	82039985	82080006	NA	40022	887	2.23303867	887	0	134.0	mappable	NA	NA	NA	NA	inf	0.083537735	0.13081723	inf	82039958	82040012	82079998	82080006	NA	missing	438033.64	NA	1.0709	NA	NA	NA	NA	NA	NA	NA	NA	NA	NA	4184094
16	82080007	82290001	NA	209995	5021	2.00171755	5016	202	759.0	mappable	0.08932059	1.0	NA	0.010601372597	0.00483091787	0.022137735	0.1131222	0.11795312	82080007	82080015	82289960	82290001	0.1239268	1	403792.68	20.961284	0.9812978	NA	NA	0.0	1.000858774	1.00085877	1	1	1:1	2	neutral	4184094
16	82290002	82350009	NA	60008	1532	2.02023931	1532	3	262.0	mappable	0.33180625	7.0	NA	0.253087034361	0.33333333333	0.042462265	0.12600118	0.45933451	82290002	82290043	82349999	82350009	NA	missing	414233.78	27.703034	0.9884722	NA	NA	NA	NA	NA	NA	NA	NA	NA	NA	4184094
16	82350010	82359995	NA	9986	259	2.19921911	259	0	44.0	mappable	NA	NA	NA	NA	inf	0.070437735	0.1505379	inf	82350010	82350020	82359943	82359995	NA	missing	456972.0	NA	1.0578	NA	NA	NA	NA	NA	NA	NA	NA	NA	NA	4184094
16	82359996	90109969	NA	7749976	159688	2.00171755	159024	8634	25900.0	mappable	0.08215	1.0	edge	0.004083358099	0.00010755001	0.0070131768	0.08739059	0.08749814	82359996	82360048	90109969	90109969	0.16564816	1	403792.68	20.961284	0.9812978	NA	NA	0.0	1.000858774	1.00085877	1	1	1:1	2	neutral	4184094
17	20080	18239982	NA	18219905	232427	2.00171755	231386	10493	37142.0	mappable	0.08215	1.0	edge	0.005766124256	8.670771e-05	0.0134699999	0.08292214	0.08300884	20080	20080	18239982	18239982	0.16039082	1	403792.68	20.961284	0.9812978	NA	NA	0.0	1.000858774	1.00085877	1	1	1:1	2	neutral	4184094
17	18750212	22239986	NA	3489775	25833	2.00171755	25148	1068	4345.0	mappable	0.085575	1.0	self	0.010280784361	0.00057045066	0.008262265	0.09201874	0.09258919	18750212	18750212	22239986	22239986	0.16371663	1	403792.68	20.961284	0.9812978	NA	NA	0.0	1.000858774	1.00085877	1	1	1:1	2	neutral	4184094
17	25390040	44279982	NA	18889945	210999	2.00171755	210154	10867	33996.0	mappable	0.08215	1.0	self	0.004423826124	8.538251e-05	0.0064230435	0.08274339	0.08282877	25390040	25390040	44279982	44279982	0.16641447	1	403792.68	20.961284	0.9812978	NA	NA	0.0	1.000858774	1.00085877	1	1	1:1	2	neutral	4184094
17	44790026	81149937	NA	36359916	475994	2.00171755	474155	18650	76477.0	mappable	0.078725	1.0	edge	0.001197655798	4.880906e-05	0.0038126499	0.079631	0.07967981	44790026	44790026	81149937	81149937	0.16314064	1	403792.68	20.961284	0.9812978	NA	NA	0.0	1.000858774	1.00085877	1	1	1:1	2	neutral	4184094
18	130031	14119956	NA	13989926	212663	2.00171755	212038	9978	32390.0	mappable	0.078725	1.0	edge	5.784361e-06	9.432183e-05	0.010262265	0.0842535	0.08434783	130031	130031	14119956	14119956	0.16492295	1	403792.68	20.961284	0.9812978	NA	NA	0.0	1.000858774	1.00085877	1	1	1:1	2	neutral	4184094
18	14119957	14910026	NA	790070	0	0.0	0	0	NA	mappable	NA	NA	NA	NA	inf	0.987362265	0.10208446	inf	14119957	14119957	14910026	14910026	NA	missing	NA	NA	0.0	NA	NA	0.0	0.0	0.0	0	0	NA	0	homozygousDel	4184094
18	14910027	14929888	NA	19862	364	2.00171755	361	32	49.0	mappable	0.08220872	1.0	NA	0.001301946485	0.02857142857	0.027662265	0.14007836	0.16864978	14910027	14910027	14929888	14929888	0.16121004	1	403792.68	20.961284	0.9812978	NA	NA	0.0	1.000858774	1.00085877	1	1	1:1	2	neutral	4184094
18	18540053	47810009	NA	29269958	407469	2.00171755	406298	14792	61137.0	mappable	0.078725	1.0	self	0.000767832816	6.264879e-05	0.0046529075	0.08063568	0.08069832	18540053	18540053	47809871	47810009	0.15073926	1	403792.68	20.961284	0.9812978	NA	NA	0.0	1.000858774	1.00085877	1	1	1:1	2	neutral	4184094
18	47810010	47820028	NA	10019	141	1.70560848	141	5	30.0	mappable	0.11775978	NA	NA	0.03904056697	0.2	0.120762265	0.15048398	0.35048398	47810010	47810148	47819988	47820068	NA	missing	305251.7	15.926176	0.8666	NA	NA	NA	NA	NA	NA	NA	NA	NA	NA	4184094
18	47820028	47849959	NA	29932	481	2.16075259	481	0	68.0	mappable	NA	NA	NA	NA	inf	0.055537735	0.13450441	inf	47819988	47820068	47849873	47850045	NA	missing	426225.58	NA	1.0429	NA	NA	NA	NA	NA	NA	NA	NA	NA	NA	4184094
18	47849959	47875073	NA	25115	349	1.82023354	348	0	57.0	mappable	NA	NA	NA	0.587947451028	1.0	0.076362265	0.13683389	1.13683389	47849873	47850045	47869982	47880164	NA	missing	367403.46	NA	0.911	NA	NA	NA	NA	NA	NA	NA	NA	NA	NA	4184094
18	47875073	60793494	NA	12918424	190777	2.00171755	190077	9161	28458.0	mappable	0.08215	1.0	self	0.004177191082	0.00010140959	0.003593242	0.08466351	0.08476492	47869982	47880164	60793494	60793494	0.14551388	1	403792.68	20.961284	0.9812978	NA	NA	0.0	1.000858774	1.00085877	1	1	1:1	2	neutral	4184094
18	60793495	78009968	CTX	17216479	279834	2.00171755	278689	13353	42276.0	mappable	0.078725	1.0	edge	0.000314661313	6.897979e-05	0.0017306004	0.08320407	0.08327305	60793495	60793521	78009968	78009968	0.15401608	1	403792.68	20.961284	0.9812978	NA	NA	0.0	1.000858774	1.00085877	1	1	1:1	2	neutral	4184094
19	260137	6182181	NA	5922045	72101	1.96167003	71686	3017	12386.0	mappable	0.804825	NA	edge	0.729381415562	0.00029137529	0.0215768334	0.08889812	0.08918949	260137	260137	6181994	6182181	0.9300076	2	316559.68	28.264257	0.9657854	16.07131	0.999328	0.99865607	0.001318172	1.96035186	2	0	2:0	2	cnLOH	4184094
19	6182182	6935015	CTX	752834	8841	0.99900667	8770	453	1495.0	mappable	0.722625	8.0	NA	0.637055784361	0.00190839695	0.408662265	0.10244867	0.10435706	6182182	6182274	6929994	6935015	0.90124687	2	245472.09	20.125806	0.5928979	20.30011	0.9901144	0.98022889	0.009875737	0.98913093	1	0	1:0	1	LOH	4184094
19	6935016	7030613	NA	95598	1071	1.62351215	1061	2	117.0	mappable	1.0	NA	NA	0.417855784361	0.08333333333	0.152562265	0.12088469	0.20421802	6935016	6940037	6999825	7061401	NA	missing	213733.02	10.686651	0.8348	NA	NA	NA	NA	NA	NA	NA	NA	NA	NA	4184094
19	7030613	7349989	NA	319377	2785	0.99900667	2755	191	470.0	mappable	0.688375	8.0	NA	0.530880784361	0.00456621005	0.419662265	0.10937987	0.11394608	6999825	7061401	7299922	7400056	0.90400844	2	245472.09	20.125806	0.5928979	20.30011	0.9901144	0.98022889	0.009875737	0.98913093	1	0	1:0	1	LOH	4184094
19	7349989	24569972	NA	17219988	171688	2.00171755	170483	8109	28320.0	mappable	0.08215	1.0	self	0.003400711708	0.00010736526	0.0222448788	0.08320305	0.08331041	7299922	7400056	24569972	24569972	0.19165321	1	403792.68	20.961284	0.9812978	NA	NA	0.0	1.000858774	1.00085877	1	1	1:1	2	neutral	4184094
19	27750002	43209995	NA	15459994	197753	2.00171755	196776	9411	31763.0	mappable	0.078725	1.0	NA	5.784361e-06	9.626492e-05	0.025662265	0.08374495	0.08384122	27750002	27750002	43209995	43209995	0.17088056	1	403792.68	20.961284	0.9812978	NA	NA	0.0	1.000858774	1.00085877	1	1	1:1	2	neutral	4184094
19	43209996	43800005	NA	590010	0	0.0	0	0	NA	mappable	NA	NA	NA	NA	inf	0.987362265	0.10432761	inf	43209996	43209996	43800005	43800005	NA	missing	NA	NA	0.0	NA	NA	0.0	0.0	0.0	0	0	NA	0	homozygousDel	4184094
19	43800006	59089999	NA	15289994	162372	2.00171755	161451	9107	26724.0	mappable	0.08215	1.0	edge	0.002372202532	9.973073e-05	0.0236434508	0.08380093	0.08390066	43800006	43800006	59089999	59089999	0.18504131	1	403792.68	20.961284	0.9812978	NA	NA	0.0	1.000858774	1.00085877	1	1	1:1	2	neutral	4184094
20	60479	25729738	NA	25669263	400270	2.00171755	399058	19675	60567.0	mappable	0.078725	1.0	edge	0.000738636148	4.787896e-05	0.013856993	0.08125609	0.08130397	60479	60479	25729738	25729738	0.16336551	1	403792.68	20.961284	0.9812978	NA	NA	0.0	1.000858774	1.00085877	1	1	1:1	2	neutral	4184094
20	29810057	29830003	NA	19947	978	1.78691302	933	0	186.0	mappable	NA	6.0	NA	0.027884030453	0.02222222222	0.069562265	0.14001794	0.16224016	29810057	29810057	29829979	29830003	NA	missing	806364.6	NA	0.8980933	NA	NA	NA	NA	NA	NA	NA	NA	NA	NA	4184094
20	29830004	47340000	NA	17509999	245341	2.00171755	244592	9431	39078.0	mappable	0.07973333	1.0	NA	0.000209097959	9.823183e-05	0.0033838256	0.08311973	0.08321796	29830004	29830028	47339974	47340000	0.15950222	1	403792.68	20.961284	0.9812978	NA	NA	0.0	1.000858774	1.00085877	1	1	1:1	2	neutral	4184094
20	47340001	47350026	NA	10026	171	1.77866905	171	0	24.0	mappable	NA	NA	NA	NA	inf	0.092462265	0.15047258	inf	47340001	47340027	47349994	47350058	NA	missing	356301.1	NA	0.8949	NA	NA	NA	NA	NA	NA	NA	NA	NA	NA	4184094
20	47350026	48939996	NA	1589971	22411	2.00171755	22248	1188	3591.0	mappable	0.07935	1.0	NA	5.784361e-06	0.00074019245	0.002462265	0.0970847	0.09782489	47349994	47350058	48939982	48940010	0.17464331	1	403792.68	20.961284	0.9812978	NA	NA	0.0	1.000858774	1.00085877	1	1	1:1	2	neutral	4184094
20	48939996	48974908	NA	34913	468	1.74304234	468	0	89.0	mappable	NA	NA	NA	NA	inf	0.106262265	0.13252514	inf	48939982	48940010	48969671	48974908	NA	missing	355683.91	NA	0.8811	NA	NA	NA	NA	NA	NA	NA	NA	NA	NA	4184094
20	48974909	62909989	NA	13935082	227905	2.00171755	226861	10347	36393.0	mappable	0.08215	1.0	edge	0.002208796694	8.781944e-05	0.0109650776	0.08427362	0.08436144	48974909	48980146	62909989	62909989	0.14483125	1	403792.68	20.961284	0.9812978	NA	NA	0.0	1.000858774	1.00085877	1	1	1:1	2	neutral	4184094
21	10720001	10755032	NA	35032	1751	2.00171755	1704	0	238.0	mappable	NA	1.0	edge	0.031610392109	0.02127659574	0.053162265	0.13248204	0.15375864	10720001	10720001	10739886	10770178	NA	missing	403792.68	NA	0.9812978	NA	NA	NA	NA	NA	NA	NA	NA	NA	NA	4184094
21	10755032	11179964	NA	424933	3379	1.78691302	3135	0	474.0	mappable	NA	6.0	NA	0.013843926615	0.00409836066	0.1176062425	0.10696974	0.1110681	10739886	10770178	11179964	11179964	NA	missing	806364.6	NA	0.8980933	NA	NA	NA	NA	NA	NA	NA	NA	NA	NA	4184094
21	15410077	48099931	NA	32689857	516121	2.00171755	513607	26580	77860.0	mappable	0.078725	1.0	edge	0.001324472647	3.437844e-05	0.0009598918	0.08012069	0.08015507	15410077	15410077	48099931	48099931	0.14949551	1	403792.68	20.961284	0.9812978	NA	NA	0.0	1.000858774	1.00085877	1	1	1:1	2	neutral	4184094
22	16850007	22735026	NA	5885020	55893	2.00171755	55538	2353	9148.0	mappable	0.07881912	1.0	edge	5.784361e-06	0.00036941263	0.000737735	0.08893389	0.0893033	16850007	16850007	22729965	22740087	0.16753379	1	403792.68	20.961284	0.9812978	NA	NA	0.0	1.000858774	1.00085877	1	1	1:1	2	neutral	4184094
22	22735026	23229991	NA	494966	6773	1.06148791	6747	150	1175.0	mappable	0.6642	NA	NA	0.653703861285	0.00571428571	0.370262265	0.10572518	0.11143946	22729965	22740087	23229981	23230001	0.96009037	2	246379.09	20.53159	0.6171	19.57603	1.0002831	1.0	0.0	1.06148791	1	0	1:0	1	LOH	4184094
22	23229991	23245009	NA	15019	565	1.37903032	565	13	100.0	mappable	0.11330761	NA	NA	0.034588393057	0.07692307692	0.247262265	0.14414933	0.2210724	23229981	23230001	23239965	23250053	NA	missing	289697.78	15.801697	0.7401	NA	NA	NA	NA	NA	NA	NA	NA	NA	NA	4184094
22	23245009	51179984	NA	27934983	392229	2.00171755	390594	16635	64610.0	mappable	0.078725	1.0	edge	0.002073407541	5.474353e-05	0.0098648173	0.08085522	0.08090997	23239965	23250053	51179984	51179984	0.16193047	1	403792.68	20.961284	0.9812978	NA	NA	0.0	1.000858774	1.00085877	1	1	1:1	2	neutral	4184094
23	2700027	58499983	NA	55799959	491033	0.99900667	489750	17969	74390.0	mappable	0.667825	8.0	edge	0.590383789735	5.196155e-05	0.3923914433	0.07771892	0.07777088	2700027	2700027	58499983	58499983	0.93813713	2	245472.09	20.125806	0.5928979	20.30011	0.9901144	0.98022889	0.009875737	0.98913093	1	0	1:0	1	LOH	4184094
23	61750000	88459980	NA	26709981	245900	0.99900667	245264	10004	35948.0	mappable	0.65755	8.0	NA	0.578830784361	9.400263e-05	0.395962265	0.08106725	0.08116125	61750000	61750000	88459980	88459980	0.96307178	2	245472.09	20.125806	0.5928979	20.30011	0.9901144	0.98022889	0.009875737	0.98913093	1	0	1:0	1	LOH	4184094
23	88990017	89349936	NA	359920	1089	0.98739468	1089	47	167.0	mappable	0.60197262	NA	NA	0.523253403409	0.02127659574	0.398962265	0.10835811	0.12963471	88990017	88990017	89349936	89349936	0.91788907	2	245840.85	19.462401	0.5884	20.48602	0.9487095	0.89741907	0.050643935	0.93675075	1	0	1:0	1	LOH	4184094
23	89349937	90140198	NA	790262	0	0.0	0	0	NA	mappable	NA	NA	NA	NA	inf	0.987362265	0.10208263	inf	89349937	89349937	90140198	90140198	NA	missing	NA	NA	0.0	NA	NA	0.0	0.0	0.0	0	0	NA	0	homozygousDel	4184094
23	90140199	91529952	NA	1389754	5102	0.99900667	5087	330	722.0	mappable	0.67588333	8.0	NA	0.597164117695	0.00289855072	0.403662265	0.09800848	0.10090703	90140199	90140199	91529952	91529952	0.98381683	2	245472.09	20.125806	0.5928979	20.30011	0.9901144	0.98022889	0.009875737	0.98913093	1	0	1:0	1	LOH	4184094
23	91529953	92379999	NA	850047	0	0.0	0	0	NA	mappable	NA	NA	NA	NA	inf	0.987362265	0.10153736	inf	91529953	91529953	92379999	92379999	NA	missing	NA	NA	0.0	NA	NA	0.0	0.0	0.0	0	0	NA	0	homozygousDel	4184094
23	92380000	143089968	NA	50709969	458675	0.99900667	457511	15257	67718.0	mappable	0.667825	8.0	NA	0.585680784361	6.091618e-05	0.395062265	0.07813792	0.07819884	92380000	92380000	143089921	143090015	0.9499852	2	245472.09	20.125806	0.5928979	20.30011	0.9901144	0.98022889	0.009875737	0.98913093	1	0	1:0	1	LOH	4184094
23	143089968	143099887	NA	9920	115	0.83094696	115	0	15.0	mappable	NA	NA	NA	NA	inf	0.459562265	0.15064637	inf	143089921	143090015	143099702	143099887	NA	missing	225991.1	NA	0.5278	NA	NA	NA	NA	NA	NA	NA	NA	NA	NA	4184094
23	143099888	154929639	NA	11829752	108584	0.99900667	108296	3643	16318.0	mappable	0.6644	8.0	edge	0.589105784361	0.00025458248	0.388462265	0.08512117	0.08537576	143099888	143100073	154929639	154929639	0.93043234	2	245472.09	20.125806	0.5928979	20.30011	0.9901144	0.98022889	0.009875737	0.98913093	1	0	1:0	1	LOH	4184094
