#chromosome	start	end	crest	length	tcnNbrOfLoci	tcnMean	tcnNbrOfSNPs	tcnNbrOfHets	dhNbrOfLoci	map	dhMax	cluster	neighbour	distDH	errorSNP	distTcn	errorLength	totalError	minStart	maxStart	minStop	maxStop	area	peaks	meanCovT	meanCovB	tcnMeanRaw	AF	BAF	dhMean	c1Mean	c2Mean	A	B	genotype	TCN	GNL	PID
1	840009	12839977	NA	11999974	171976	1.99984909	170846	7725	32190.0	mappable	0.078725	2.0	edge	0.00063545537	0.0001129433	0.0259084653	0.08504657	0.08515951	840009	840009	12839977	12839977	0.18972072	1	413870.4	21.503702	0.9684755	NA	NA	0.0	0.999924544	0.99992454	1	1	1:1	2	neutral	4176584
1	13780016	18919841	NA	5139826	69807	1.99984909	69529	3699	12856.0	mappable	0.078725	2.0	NA	0.0001449177	0.00025144581	0.0149402087	0.0897131	0.08996455	13780016	13780016	18919649	18920033	0.1634203	1	413870.4	21.503702	0.9684755	NA	NA	0.0	0.999924544	0.99992454	1	1	1:1	2	neutral	4176584
1	18919841	18930016	NA	10176	209	2.26678846	209	0	39.0	mappable	NA	NA	NA	NA	inf	0.0827597913	0.15023042	inf	18919649	18920033	18929981	18930051	NA	missing	439728.3	NA	1.0525	NA	NA	NA	NA	NA	NA	NA	NA	NA	NA	4176584
1	18930016	72514715	NA	53584707	682799	1.99984909	680442	26209	132224.0	mappable	0.078725	2.0	NA	0.00074112718	3.50091e-05	0.003348644	0.07789582	0.07793083	18929981	18930051	72514701	72514715	0.15767003	1	413870.4	21.503702	0.9684755	NA	NA	0.0	0.999924544	0.99992454	1	1	1:1	2	neutral	4176584
1	72514716	72530978	DEL	16263	246	1.37597923	230	0	55.0	mappable	NA	NA	identical	0.48640259692	0.0625	0.1976402087	0.14296635	0.20546635	72514716	72514782	72530896	72530978	NA	missing	316227.5	NA	0.7721	NA	NA	NA	NA	NA	NA	NA	NA	NA	NA	4176584
1	72530979	74521432	DEL	1990454	27165	1.99984909	27105	821	5612.0	mappable	0.08292237	2.0	self	0.0021300823	0.00113507378	0.0006402087	0.09558098	0.09671605	72530979	72530981	74521411	74521432	0.14500205	1	413870.4	21.503702	0.9684755	NA	NA	0.0	0.999924544	0.99992454	1	1	1:1	2	neutral	4176584
1	74521433	74524464	DEL	3032	46	1.82138385	46	2	4.0	mappable	0.38358974	NA	identical	0.30471982589	0.5	0.0574402087	0.17291982	0.67291982	74521433	74521538	74524427	74524464	NA	missing	356253.3	24.645421	0.9123	NA	NA	NA	NA	NA	NA	NA	NA	NA	NA	4176584
1	74524465	120529963	DEL	46005503	613077	1.99984909	611124	26467	121908.0	mappable	0.078725	2.0	self	9.364408e-05	3.518773e-05	0.0053197591	0.07856909	0.07860428	74524465	74524498	120529963	120529963	0.14298421	1	413870.4	21.503702	0.9684755	NA	NA	0.0	0.999924544	0.99992454	1	1	1:1	2	neutral	4176584
1	121220004	121229986	NA	9983	177	1.99984909	176	11	33.0	mappable	0.121525	2.0	self	0.0427699177	0.08333333333	0.0412402087	0.15054281	0.23387614	121220004	121220004	121229986	121229986	NA	missing	413870.4	21.503702	0.9684755	NA	NA	NA	NA	NA	NA	NA	NA	NA	NA	4176584
1	144010127	144019970	NA	9844	155	2.12287385	104	0	14.0	mappable	NA	NA	NA	0.27508225621	0.01960784314	0.0374597913	0.15077238	0.17038022	144010127	144010127	144019970	144019970	NA	missing	1256658.0	NA	1.0072	NA	NA	NA	NA	NA	NA	NA	NA	NA	NA	4176584
1	144920087	145739956	NA	819870	6376	1.99984909	5799	162	1187.0	mappable	0.07553279	2.0	self	0.01714829608	0.00135317997	5.97913e-05	0.10180689	0.10316007	144920087	144920087	145739956	145739956	0.20618649	1	413870.4	21.503702	0.9684755	NA	NA	0.0	0.999924544	0.99992454	1	1	1:1	2	neutral	4176584
1	146540101	147829895	NA	1289795	11676	1.99984909	11643	647	2139.0	mappable	0.07716667	2.0	self	0.0024199177	0.00147058824	0.0075402087	0.09852843	0.09999902	146540101	146540101	147829895	147829895	0.13170983	1	413870.4	21.503702	0.9684755	NA	NA	0.0	0.999924544	0.99992454	1	1	1:1	2	neutral	4176584
1	149815060	184000009	NA	34184958	444941	1.99984909	443359	21273	86470.0	mappable	0.07898889	2.0	self	0.00030170672	4.37541e-05	0.0084572033	0.07991415	0.0799579	149815060	149815060	183999984	184000009	0.15666423	1	413870.4	21.503702	0.9684755	NA	NA	0.0	0.999924544	0.99992454	1	1	1:1	2	neutral	4176584
1	184000010	184009997	NA	9988	155	1.8105696	155	8	33.0	mappable	0.08622198	7.0	NA	0.0073520581	0.125	0.0723402087	0.15053462	0.27553462	184000010	184000035	184009993	184009997	NA	missing	397007.2	20.746089	0.908896	NA	NA	NA	NA	NA	NA	NA	NA	NA	NA	4176584
1	184009998	184079979	NA	69982	978	2.22834769	978	4	194.0	mappable	0.15122143	NA	NA	0.07235151087	0.25	0.0706597913	0.12426454	0.37426454	184009998	184010002	184079959	184079979	NA	missing	437944.6	26.958147	1.0404	NA	NA	NA	NA	NA	NA	NA	NA	NA	NA	4176584
1	184079980	187039995	NA	2960017	41060	1.99984909	40983	1364	8384.0	mappable	0.0712	2.0	self	0.00684478118	0.00069396253	0.0043501956	0.09303548	0.09372945	184079980	184080000	187039984	187040006	0.13405869	1	413870.4	21.503702	0.9684755	NA	NA	0.0	0.999924544	0.99992454	1	1	1:1	2	neutral	4176584
1	187039995	187050005	NA	10011	166	1.50718615	159	0	32.0	mappable	NA	NA	identical	0.12079028638	0.14285714286	0.1563402087	0.15049703	0.29335418	187039984	187040006	187049964	187050005	NA	missing	373508.3	NA	0.8134	NA	NA	NA	NA	NA	NA	NA	NA	NA	NA	4176584
1	187050006	205729982	NA	18679977	260120	1.99984909	259213	12424	52331.0	mappable	0.078725	2.0	self	0.0001449177	7.502438e-05	0.0128597913	0.08279863	0.08287365	187050006	187050047	205729946	205729982	0.16085849	1	413870.4	21.503702	0.9684755	NA	NA	0.0	0.999924544	0.99992454	1	1	1:1	2	neutral	4176584
1	205729983	205749957	NA	19975	286	2.44946154	283	19	63.0	mappable	0.13627449	NA	identical	0.06199232719	0.04545454545	0.1402597913	0.1399981	0.18545265	205729983	205730019	205749786	205750128	NA	missing	446048.9	23.272114	1.11	NA	NA	NA	NA	NA	NA	NA	NA	NA	NA	4176584
1	205749957	234605850	NA	28855896	391280	1.99984909	389958	18913	75550.0	mappable	0.078725	2.0	self	0.00013639456	4.941932e-05	0.0003465027	0.08070256	0.08075197	205749786	205750128	234605850	234605850	0.14142475	1	413870.4	21.503702	0.9684755	NA	NA	0.0	0.999924544	0.99992454	1	1	1:1	2	neutral	4176584
1	234605851	249209945	CTX	14604096	205864	1.99984909	204852	10652	40897.0	mappable	0.078725	2.0	edge	0.00088411554	8.573388e-05	0.0109381763	0.08403407	0.08411981	234605851	234605882	249209945	249209945	0.1654054	1	413870.4	21.503702	0.9684755	NA	NA	0.0	0.999924544	0.99992454	1	1	1:1	2	neutral	4176584
2	20016	1739984	NA	1719969	29618	1.8105696	29335	1371	6309.0	mappable	0.07038056	7.0	edge	0.0035699177	0.00060459492	0.0550402087	0.09655328	0.09715788	20016	20016	1739954	1740014	0.17956652	1	397007.2	20.746089	0.908896	NA	NA	0.0	0.9052848	0.9052848	1	1	1:1	2	neutral	4176584
2	1739984	1750045	NA	10062	190	1.54005206	188	11	27.0	mappable	0.11009872	8.0	NA	0.02514105791	0.07692307692	0.1731402087	0.15041406	0.22733714	1739954	1740014	1749983	1750107	NA	missing	371422.1	19.835237	0.8237452	NA	NA	NA	NA	NA	NA	NA	NA	NA	NA	4176584
2	1750045	40229974	NA	38479937	583531	1.99984909	581325	29160	113544.0	mappable	0.078725	2.0	self	0.00183342213	3.188267e-05	0.0017725898	0.07937263	0.07940451	1749983	1750107	40229938	40230010	0.1626988	1	413870.4	21.503702	0.9684755	NA	NA	0.0	0.999924544	0.99992454	1	1	1:1	2	neutral	4176584
2	40229974	40240084	NA	10111	207	2.31774345	204	32	16.0	mappable	0.08065	1.0	identical	0.0094800823	0.02857142857	0.1534597913	0.15033482	0.17890625	40229938	40230010	40239944	40240084	0.20111075	1	446308.3	23.698671	1.0685391	NA	NA	0.0	1.158871724	1.15887172	1	1	1:1	2	neutral	4176584
2	40240085	87059860	NA	46819784	697927	1.99984909	695745	30864	138884.0	mappable	0.078725	2.0	self	0.00024129024	3.026176e-05	0.0027628188	0.07849104	0.0785213	40240085	40240225	87059860	87059860	0.13352075	1	413870.4	21.503702	0.9684755	NA	NA	0.0	0.999924544	0.99992454	1	1	1:1	2	neutral	4176584
2	88330099	89160000	NA	829902	10215	1.99984909	10195	87	2050.0	mappable	0.09809167	2.0	self	0.0204050823	0.00934579439	0.0201597913	0.10171604	0.11106184	88330099	88330099	89159998	89160002	0.20591182	1	413870.4	21.503702	0.9684755	NA	NA	0.0	0.999924544	0.99992454	1	1	1:1	2	neutral	4176584
2	89160000	89229990	NA	69991	1668	0.11156385	1667	0	342.0	mappable	NA	NA	NA	0.5211300823	1.0	0.5956402087	0.12426311	1.12426311	89159998	89160002	89229990	89229990	NA	missing	163032.8	NA	0.3741	NA	NA	NA	NA	NA	NA	NA	NA	NA	NA	4176584
2	89229991	89495838	NA	265848	0	0.0	0	0	NA	mappable	NA	NA	NA	NA	inf	0.9697402087	0.1109863	inf	89229991	89229991	89495838	89495838	NA	missing	NA	NA	0.0	NA	NA	0.0	0.0	0.0	0	0	NA	0	homozygousDel	4176584
2	89840102	90025240	NA	185139	444	1.8105696	433	0	129.0	mappable	NA	7.0	NA	0.01928530232	0.09090909091	0.0537402087	0.11429715	0.20520624	89840102	89840102	89889991	90025240	NA	missing	397007.2	NA	0.908896	NA	NA	NA	NA	NA	NA	NA	NA	NA	NA	4176584
2	90025241	90239998	INV	214758	470	2.10984846	469	0	90.0	mappable	NA	NA	NA	0.1211300823	1.0	0.0333597913	0.11291555	1.11291555	90025241	90100200	90239998	90239998	NA	missing	422359.2	NA	1.0031	NA	NA	NA	NA	NA	NA	NA	NA	NA	NA	4176584
2	95580145	96239991	NA	659847	4445	1.99984909	4431	15	890.0	mappable	0.07863362	2.0	NA	0.0241203262	0.03448275862	0.0294402087	0.10345663	0.13793939	95580145	95580145	96239991	96239991	NA	missing	413870.4	21.503702	0.9684755	NA	NA	NA	NA	NA	NA	NA	NA	NA	NA	4176584
2	96239992	96740020	NA	500029	0	0.0	0	0	NA	mappable	NA	NA	NA	NA	inf	0.9697402087	0.10564318	inf	96239992	96239992	96740020	96740020	NA	missing	NA	NA	0.0	NA	NA	0.0	0.0	0.0	0	0	NA	0	homozygousDel	4176584
2	96740021	109489987	NA	12749967	161117	1.99984909	160626	7574	31300.0	mappable	0.07825	2.0	NA	0.0001449177	0.00012399256	0.0047597913	0.08473144	0.08485543	96740021	96740021	109489961	109490013	0.1484298	1	413870.4	21.503702	0.9684755	NA	NA	0.0	0.999924544	0.99992454	1	1	1:1	2	neutral	4176584
2	109489987	109500013	NA	10027	150	1.64157	150	0	30.0	mappable	NA	NA	NA	NA	inf	0.1140402087	0.15047095	inf	109489961	109490013	109499982	109500013	NA	missing	392641.0	NA	0.8557	NA	NA	NA	NA	NA	NA	NA	NA	NA	NA	4176584
2	109500014	132189994	NA	22689982	287412	1.99984909	286524	11946	56484.0	mappable	0.078725	2.0	NA	0.00073026254	7.791803e-05	0.0096393618	0.08184796	0.08192587	109500014	109500045	132189994	132189994	0.16464026	1	413870.4	21.503702	0.9684755	NA	NA	0.0	0.999924544	0.99992454	1	1	1:1	2	neutral	4176584
2	132189995	133009999	NA	820005	0	0.0	0	0	NA	mappable	NA	NA	NA	NA	inf	0.9697402087	0.10180566	inf	132189995	132189995	133009999	133009999	NA	missing	NA	NA	0.0	NA	NA	0.0	0.0	0.0	0	0	NA	0	homozygousDel	4176584
2	133010000	133024996	NA	14997	1227	1.59804615	1227	0	254.0	mappable	NA	NA	NA	NA	inf	0.1277402087	0.1441713	inf	133010000	133010000	133019989	133024996	NA	missing	355691.4	NA	0.842	NA	NA	NA	NA	NA	NA	NA	NA	NA	NA	4176584
2	133024997	160669953	NA	27644958	373438	1.99984909	372329	15118	75919.0	mappable	0.0753	2.0	NA	0.0018664165	6.163328e-05	0.0084498346	0.08090447	0.0809661	133024997	133030004	160669892	160670014	0.14277459	1	413870.4	21.503702	0.9684755	NA	NA	0.0	0.999924544	0.99992454	1	1	1:1	2	neutral	4176584
2	160669953	160685002	NA	15050	162	2.31774345	160	24	27.0	mappable	0.07775403	1.0	identical	0.00655217577	0.03846153846	0.1636597913	0.14411843	0.18257997	160669892	160670014	160679993	160690011	NA	missing	446308.3	23.698671	1.0685391	NA	NA	NA	NA	NA	NA	NA	NA	NA	NA	4176584
2	160685002	214330013	NA	53645015	704046	1.99984909	701963	28652	142761.0	mappable	0.078725	2.0	NA	0.00025191782	3.253726e-05	0.0170146357	0.0778909	0.07792344	160679993	160690011	214329985	214330013	0.15208494	1	413870.4	21.503702	0.9684755	NA	NA	0.0	0.999924544	0.99992454	1	1	1:1	2	neutral	4176584
2	214330014	214350037	NA	20024	267	2.51236462	267	0	61.0	mappable	NA	NA	NA	NA	inf	0.1600597913	0.13996347	inf	214330014	214330042	214349986	214350037	NA	missing	425220.2	NA	1.1298	NA	NA	NA	NA	NA	NA	NA	NA	NA	NA	4176584
2	214350038	242999969	NA	28649933	425248	1.99984909	423369	18907	82927.0	mappable	0.078725	2.0	edge	0.00013908269	4.811393e-05	0.0056770735	0.08073622	0.08078434	214350038	214350089	242999969	242999969	0.16529628	1	413870.4	21.503702	0.9684755	NA	NA	0.0	0.999924544	0.99992454	1	1	1:1	2	neutral	4176584
3	100074	60442303	NA	60342238	866439	1.99984909	863612	38622	169053.0	mappable	0.0753	2.0	edge	0.00194273815	2.412778e-05	0.0038833167	0.07737942	0.07740355	100074	100074	60442240	60442303	0.15964018	1	413870.4	21.503702	0.9684755	NA	NA	0.0	0.999924544	0.99992454	1	1	1:1	2	neutral	4176584
3	60442304	60454728	DUP	12425	292	2.73419136	292	30	66.0	mappable	0.30400581	5.0	identical	0.22513589625	0.03333333333	0.2040597913	0.14704846	0.1803818	60442304	60442322	60454700	60454728	NA	missing	515321.7	31.89114	1.1996244	NA	NA	NA	NA	NA	NA	NA	NA	NA	NA	4176584
3	60454729	60473245	DUP	18517	420	1.99984909	415	32	87.0	mappable	0.07981402	2.0	self	0.0137449177	0.02702702703	0.0266402087	0.14107792	0.16810495	60454729	60454786	60473213	60473245	0.06877677	1	413870.4	21.503702	0.9684755	NA	NA	0.0	0.999924544	0.99992454	1	1	1:1	2	neutral	4176584
3	60473246	60563611	DEL	90366	2026	1.00459692	2018	145	400.0	mappable	0.42394318	NA	identical	0.3400419244	0.00653594771	0.3145402087	0.12148091	0.12801686	60473246	60473265	60563536	60563611	0.95181333	2	277028.0	19.787714	0.6552	20.47527	0.943999	0.88799794	0.056258462	0.94833846	1	0	1:0	1	LOH	4176584
3	60563612	90259931	DEL	29696325	429890	1.99984909	428351	22743	85585.0	mappable	0.07813913	2.0	self	0.00170911155	4.118277e-05	0.0002650083	0.0805679	0.08060909	60563612	60563632	90199759	90320103	0.15336395	1	413870.4	21.503702	0.9684755	NA	NA	0.0	0.999924544	0.99992454	1	1	1:1	2	neutral	4176584
3	90259931	90499969	NA	240039	4114	1.54005206	4101	5	1397.0	mappable	0.053375	8.0	NA	0.02168702297	0.05555555556	0.1494402087	0.1119012	0.16745676	90199759	90320103	90499969	90499969	NA	missing	371422.1	19.835237	0.8237452	NA	NA	NA	NA	NA	NA	NA	NA	NA	NA	4176584
3	93570175	164486585	NA	70916417	957126	1.99984909	954045	45340	190685.0	mappable	0.07987115	2.0	NA	0.00050544479	2.065305e-05	0.0055888373	0.07668824	0.0767089	93570175	93570175	164486505	164486585	0.14680361	1	413870.4	21.503702	0.9684755	NA	NA	0.0	0.999924544	0.99992454	1	1	1:1	2	neutral	4176584
3	164486586	164488881	DEL	2296	36	1.76610538	36	0	8.0	mappable	NA	NA	NA	NA	inf	0.0748402087	0.17913271	inf	164486586	164486648	164488854	164488881	NA	missing	375940.0	NA	0.8949	NA	NA	NA	NA	NA	NA	NA	NA	NA	NA	4176584
3	164488882	176731131	DEL	12242250	171397	1.99984909	170869	8334	35359.0	mappable	0.07898889	2.0	NA	0.0001449177	0.00011284135	0.0093597913	0.08494241	0.08505525	164488882	164488949	176730861	176731131	0.14411754	1	413870.4	21.503702	0.9684755	NA	NA	0.0	0.999924544	0.99992454	1	1	1:1	2	neutral	4176584
3	176731132	176857511	DEL	126380	1828	1.09450385	1799	107	376.0	mappable	0.60885385	NA	identical	0.53248253328	0.00735294118	0.2862402087	0.11801214	0.12536508	176731132	176731158	176857503	176857511	0.99484272	2	291258.8	22.653459	0.6835	20.63576	1.0510937	1.0	0.0	1.09450385	1	0	1:0	1	LOH	4176584
3	176857512	187464530	DEL	10607020	136660	1.99984909	136217	4771	27963.0	mappable	0.078725	2.0	NA	0.00069389385	0.00019179133	0.0076327644	0.08569525	0.08588704	176857512	176857516	187464379	187464530	0.15723185	1	413870.4	21.503702	0.9684755	NA	NA	0.0	0.999924544	0.99992454	1	1	1:1	2	neutral	4176584
3	187464531	187464533	CTX	3	0	0.0	0	0	NA	mappable	NA	NA	NA	NA	inf	0.9697402087	1.26185951	inf	187464531	187464531	187464533	187464533	NA	missing	NA	NA	0.0	NA	NA	0.0	0.0	0.0	0	0	NA	0	homozygousDel	4176584
3	187464534	197779892	CTX	10315360	153451	1.99984909	152714	8746	30250.0	mappable	0.07937045	2.0	edge	0.00025431749	0.00010545186	0.0120006714	0.08584321	0.08594866	187464534	187464659	197779892	197779892	0.16661234	1	413870.4	21.503702	0.9684755	NA	NA	0.0	0.999924544	0.99992454	1	1	1:1	2	neutral	4176584
4	50084	512001	NA	461918	4565	1.99984909	4528	104	1013.0	mappable	0.12376829	2.0	edge	0.03296928463	0.00709219858	0.0260402087	0.1062853	0.1133775	50084	50084	511998	512001	0.26388814	1	413870.4	21.503702	0.9684755	NA	NA	0.0	0.999924544	0.99992454	1	1	1:1	2	neutral	4176584
4	512002	515778	DEL	3777	85	1.48463	85	2	19.0	mappable	0.46666667	NA	identical	0.38779674896	0.5	0.1634402087	0.16830731	0.66830731	512002	512013	515775	515778	NA	missing	368738.6	27.040831	0.8063	NA	NA	NA	NA	NA	NA	NA	NA	NA	NA	4176584
4	515779	1351267	DEL	835489	13258	1.99984909	13119	487	2580.0	mappable	0.08215	2.0	self	0.0067050823	0.00159744409	0.0477402087	0.10166599	0.10326344	515779	515844	1351228	1351267	0.1638881	1	413870.4	21.503702	0.9684755	NA	NA	0.0	0.999924544	0.99992454	1	1	1:1	2	neutral	4176584
4	1351268	1445052	NA	93785	1192	1.54005206	1174	5	253.0	mappable	0.024475	8.0	identical	0.03378063199	0.04347826087	0.1402402087	0.12108685	0.16456512	1351268	1351307	1409911	1445052	NA	missing	371422.1	19.835237	0.8237452	NA	NA	NA	NA	NA	NA	NA	NA	NA	NA	4176584
4	1445053	8939952	NA	7494900	126563	1.99984909	125557	6548	23115.0	mappable	0.07973333	2.0	self	0.00120481615	0.00013239772	0.0169180198	0.08757535	0.08770774	1445053	1480194	8939952	8939952	0.17578874	1	413870.4	21.503702	0.9684755	NA	NA	0.0	0.999924544	0.99992454	1	1	1:1	2	neutral	4176584
4	9800043	33466335	NA	23666294	374438	1.99984909	373293	17205	74683.0	mappable	0.078725	2.0	self	0.000785851	5.449591e-05	0.0007071568	0.08164488	0.08169938	9800043	9800043	33466208	33466335	0.1461157	1	413870.4	21.503702	0.9684755	NA	NA	0.0	0.999924544	0.99992454	1	1	1:1	2	neutral	4176584
4	33466336	33472317	DEL	5982	81	1.76134	80	0	20.0	mappable	NA	NA	identical	0.37567553684	1.0	0.0763402087	0.15940812	1.15940812	33466336	33466342	33472272	33472317	NA	missing	386949.4	NA	0.8934	NA	NA	NA	NA	NA	NA	NA	NA	NA	NA	4176584
4	33472318	49060002	DEL	15587685	224570	1.99984909	223851	12146	45065.0	mappable	0.07973333	2.0	self	0.0001592762	7.773028e-05	0.0038606926	0.08370336	0.08378109	33472318	33472338	49059943	49060002	0.135254	1	413870.4	21.503702	0.9684755	NA	NA	0.0	0.999924544	0.99992454	1	1	1:1	2	neutral	4176584
4	49060003	49089961	NA	29959	345	1.8105696	345	4	75.0	mappable	0.06193982	7.0	NA	0.01693010289	0.25	0.1003402087	0.13449264	0.38449264	49060003	49060062	49089961	49089961	NA	missing	397007.2	20.746089	0.908896	NA	NA	NA	NA	NA	NA	NA	NA	NA	NA	4176584
4	52680564	74019005	NA	21338443	305906	1.99984909	304918	14039	61903.0	mappable	0.078725	2.0	NA	0.0004978071	6.654688e-05	0.0035366318	0.08214581	0.08221235	52680564	52680564	74018972	74019005	0.14985814	1	413870.4	21.503702	0.9684755	NA	NA	0.0	0.999924544	0.99992454	1	1	1:1	2	neutral	4176584
4	74019006	74020407	DEL	1402	10	2.04599231	10	0	2.0	mappable	NA	NA	NA	NA	inf	0.0132597913	0.19132768	inf	74019006	74019069	74019763	74020407	NA	missing	397906.0	NA	0.983	NA	NA	NA	NA	NA	NA	NA	NA	NA	NA	4176584
4	74020408	180900009	DEL	106879610	1450588	1.99984909	1446248	65155	293340.0	mappable	0.078725	2.0	NA	0.000397124	1.438952e-05	0.0005923643	0.07498666	0.07500105	74020408	74020517	180899992	180900026	0.15596722	1	413870.4	21.503702	0.9684755	NA	NA	0.0	0.999924544	0.99992454	1	1	1:1	2	neutral	4176584
4	180900009	180910041	NA	10033	174	1.65936077	174	0	39.0	mappable	NA	NA	NA	NA	inf	0.1084402087	0.15046118	inf	180899992	180900026	180909949	180910041	NA	missing	382298.0	NA	0.8613	NA	NA	NA	NA	NA	NA	NA	NA	NA	NA	4176584
4	180910042	190799944	NA	9889905	164609	1.99984909	163496	7541	33187.0	mappable	0.078725	2.0	edge	0.00026484533	0.0001155535	0.0212878088	0.08606768	0.08618324	180910042	180910134	190799944	190799944	0.16269246	1	413870.4	21.503702	0.9684755	NA	NA	0.0	0.999924544	0.99992454	1	1	1:1	2	neutral	4176584
5	50017	16899997	NA	16849982	270979	1.99984909	269750	13841	52867.0	mappable	0.078725	2.0	edge	0.00124752073	6.63614e-05	0.013171575	0.08331166	0.08337802	50017	50017	16899984	16900010	0.16072844	1	413870.4	21.503702	0.9684755	NA	NA	0.0	0.999924544	0.99992454	1	1	1:1	2	neutral	4176584
5	16899997	17160052	NA	260056	2994	1.8105696	2973	117	612.0	mappable	0.0673	7.0	NA	0.00847761001	0.00724637681	0.0803402087	0.11118237	0.11842875	16899984	16900010	17159993	17160052	0.17331168	1	397007.2	20.746089	0.908896	NA	NA	0.0	0.9052848	0.9052848	1	1	1:1	2	neutral	4176584
5	17160053	17174920	NA	14868	163	2.2652	162	0	31.0	mappable	NA	NA	NA	0.07902481914	1.0	0.0822597913	0.14430095	1.14430095	17160053	17160112	17169820	17180020	NA	missing	405338.3	NA	1.052	NA	NA	NA	NA	NA	NA	NA	NA	NA	NA	4176584
5	17174920	46355390	NA	29180474	414078	1.99984909	412733	18588	84746.0	mappable	0.078725	2.0	self	0.00039912668	5.01731e-05	0.0121029372	0.08065004	0.08070021	17169820	17180020	46355386	46355394	0.15601991	1	413870.4	21.503702	0.9684755	NA	NA	0.0	0.999924544	0.99992454	1	1	1:1	2	neutral	4176584
5	46355390	46399990	NA	44601	1237	1.54005206	1201	13	366.0	mappable	0.04564722	8.0	NA	0.00627915637	0.02040816327	0.1390402087	0.12949352	0.14990168	46355386	46355394	46399990	46399990	NA	missing	371422.1	19.835237	0.8237452	NA	NA	NA	NA	NA	NA	NA	NA	NA	NA	4176584
5	49470005	49535006	NA	65002	2644	1.54005206	2534	47	791.0	mappable	0.11598952	8.0	NA	0.01577282423	0.00636942675	0.1546402087	0.12509228	0.13146171	49470005	49470005	49529984	49535006	0.34813929	1	371422.1	19.835237	0.8237452	NA	NA	0.0	0.770026029	0.77002603	1	1	1:1	2	neutral	4176584
5	49535007	66540070	NA	17005064	226465	1.99984909	225673	11341	44946.0	mappable	0.078725	2.0	NA	0.0001449177	8.242664e-05	0.0096597913	0.08326581	0.08334824	49535007	49540029	66539983	66540157	0.14633366	1	413870.4	21.503702	0.9684755	NA	NA	0.0	0.999924544	0.99992454	1	1	1:1	2	neutral	4176584
5	66540070	66550097	NA	10028	153	2.52284846	153	0	30.0	mappable	NA	NA	NA	NA	inf	0.1633597913	0.15046932	inf	66539983	66540157	66549963	66550231	NA	missing	461285.0	NA	1.1331	NA	NA	NA	NA	NA	NA	NA	NA	NA	NA	4176584
5	66550097	68829703	NA	2279607	27494	1.99984909	27389	1330	5460.0	mappable	0.0735561	2.0	NA	0.0035699177	0.00069735007	0.0143597913	0.09469538	0.09539273	66549963	66550231	68829703	68829703	0.15585877	1	413870.4	21.503702	0.9684755	NA	NA	0.0	0.999924544	0.99992454	1	1	1:1	2	neutral	4176584
5	70750153	98495735	NA	27745585	363357	1.99984909	362285	17522	72981.0	mappable	0.07588158	2.0	self	0.00267090195	5.378079e-05	0.0101749442	0.08088732	0.0809411	70750153	70750153	98495712	98495758	0.14381485	1	413870.4	21.503702	0.9684755	NA	NA	0.0	0.999924544	0.99992454	1	1	1:1	2	neutral	4176584
5	98495735	98594641	NA	98907	2000	2.53142615	1996	60	434.0	mappable	0.08428864	NA	identical	0.00159902169	0.015625	0.1660597913	0.12052705	0.13615205	98495712	98495758	98594630	98594641	0.26092568	1	424315.3	22.847745	1.1358	NA	NA	0.0	1.265713077	1.26571308	1	1	1:1	2	neutral	4176584
5	98594642	180689979	NA	82095348	1165598	1.99984909	1161818	53998	230203.0	mappable	0.078725	2.0	edge	0.00030706964	1.730793e-05	0.0037893586	0.07607225	0.07608955	98594642	98594653	180689979	180689979	0.1540789	1	413870.4	21.503702	0.9684755	NA	NA	0.0	0.999924544	0.99992454	1	1	1:1	2	neutral	4176584
6	201976	1670037	NA	1468062	24784	1.98527908	24460	1367	4670.0	mappable	0.66458621	9.0	edge	0.5821050823	0.00059136606	0.0065402087	0.09763012	0.09822149	201976	201976	1669996	1670078	0.92356075	2	410568.6	33.711973	0.9638893	20.62712	0.9952889	0.99057782	0.009352824	1.97592626	2	0	2:0	2	cnLOH	4176584
6	1670037	1680003	NA	9967	170	1.70300883	170	20	31.0	mappable	0.60157271	3.0	NA	0.52270279681	0.05	0.0900402087	0.15056903	0.20056903	1669996	1670078	1679875	1680131	NA	missing	377054.5	31.059112	0.8750391	NA	NA	NA	NA	NA	NA	NA	NA	NA	NA	4176584
6	1680003	14905006	NA	13225004	200644	1.98527908	199872	10076	38884.0	mappable	0.654125	9.0	NA	0.57405729289	9.218289e-05	0.0037284083	0.08454241	0.0846346	1679875	1680131	14899974	14910038	0.94253267	2	410568.6	33.711973	0.9638893	20.62712	0.9952889	0.99057782	0.009352824	1.97592626	2	0	2:0	2	cnLOH	4176584
6	14905006	15260008	NA	355003	3867	1.70300883	3842	157	818.0	mappable	0.68616818	3.0	NA	0.59567215689	0.00549450549	0.0880402087	0.10847474	0.11396925	14899974	14910038	15259954	15260062	0.922486	2	377054.5	31.059112	0.8750391	20.86683	1.0284457	1.0	0.0	1.70300883	2	0	2:0	2	cnLOH	4176584
6	15260008	23839991	NA	8579985	127000	1.98527908	126525	6389	25177.0	mappable	0.64385	9.0	NA	0.56537834988	0.00014568765	0.0115427402	0.08683366	0.08697934	15259954	15260062	23839977	23839991	0.97025662	2	410568.6	33.711973	0.9638893	20.62712	0.9952889	0.99057782	0.009352824	1.97592626	2	0	2:0	2	cnLOH	4176584
6	23839992	23859995	NA	20004	393	1.70300883	389	33	73.0	mappable	0.64600029	3.0	NA	0.5661294287	0.02702702703	0.1177402087	0.13997759	0.16700462	23839992	23840006	23859978	23859995	0.99930772	2	377054.5	31.059112	0.8750391	20.86683	1.0284457	1.0	0.0	1.70300883	2	0	2:0	2	cnLOH	4176584
6	23859996	28765001	NA	4905007	65576	1.98527908	65309	4091	12964.0	mappable	0.64897987	9.0	NA	0.57112002364	0.00022946306	0.0048088443	0.08998542	0.09021488	23859996	23860013	28759968	28770034	0.95638933	2	410568.6	33.711973	0.9638893	20.62712	0.9952889	0.99057782	0.009352824	1.97592626	2	0	2:0	2	cnLOH	4176584
6	28765001	28850009	NA	85009	733	1.61933154	729	60	149.0	mappable	0.72247763	NA	NA	0.64404706022	0.015625	0.1210402087	0.12213496	0.13775996	28759968	28770034	28849913	28850009	1.0	2	384282.7	31.441316	0.8487	21.92687	1.029786	1.0	0.0	1.61933154	sub	0	sub:0	sub	sub	4176584
6	28850010	30979974	NA	2129965	34460	1.98527908	34181	3180	6200.0	mappable	0.654125	9.0	NA	0.5752550823	0.0002891009	0.0028402087	0.09513662	0.09542572	28850010	28850106	30979933	30980015	0.9845115	2	410568.6	33.711973	0.9638893	20.62712	0.9952889	0.99057782	0.009352824	1.97592626	2	0	2:0	2	cnLOH	4176584
6	30979974	30990008	NA	10035	362	1.70300883	361	9	70.0	mappable	0.67060263	3.0	NA	0.56114324019	0.1	0.0971402087	0.15045792	0.25045792	30979933	30980015	30989997	30990019	NA	missing	377054.5	31.059112	0.8750391	NA	NA	NA	NA	NA	NA	NA	NA	NA	NA	4176584
6	30990008	31199995	NA	209988	4219	1.98527908	4170	614	706.0	mappable	0.667275	9.0	NA	0.5940800823	0.00150829563	0.0131597913	0.11312251	0.1146308	30989997	30990019	31189985	31199995	0.99655086	2	410568.6	33.711973	0.9638893	20.62712	0.9952889	0.99057782	0.009352824	1.97592626	2	0	2:0	2	cnLOH	4176584
6	31199996	31235026	NA	35031	315	1.71908692	314	11	62.0	mappable	0.785275	NA	NA	0.7064050823	0.08333333333	0.0896402087	0.1324824	0.21581574	31199996	31210006	31219982	31250070	NA	missing	437936.7	38.202989	0.8801	NA	NA	NA	NA	NA	NA	NA	NA	NA	NA	4176584
6	31235026	32465396	NA	1230371	19147	1.98527908	18873	1537	3340.0	mappable	0.674675	9.0	NA	0.5992300823	0.00055218112	0.0500597913	0.09885984	0.09941202	31219982	31250070	32429961	32465396	0.97904049	2	410568.6	33.711973	0.9638893	20.62712	0.9952889	0.99057782	0.009352824	1.97592626	2	0	2:0	2	cnLOH	4176584
6	32465397	32565004	NA	99608	3761	3.46798308	3498	39	461.0	mappable	0.09402157	NA	NA	0.0032800823	0.00331125828	0.4608597913	0.12045309	0.12376435	32465397	32500832	32559997	32565004	0.52910822	2	484220.7	27.335038	1.4306	16.39099	0.5845505	0.16910103	1.440771787	2.02721129	2	sub	2:sub	sub	sub	4176584
6	32565005	34360028	NA	1795027	35527	1.98527908	34330	3859	5747.0	mappable	0.667475	9.0	NA	0.5857652703	0.00019778481	0.0462217357	0.09626689	0.09646468	32565005	32570012	34359996	34360028	0.97522902	2	410568.6	33.711973	0.9638893	20.62712	0.9952889	0.99057782	0.009352824	1.97592626	2	0	2:0	2	cnLOH	4176584
6	34360029	34414982	NA	54954	553	1.70300883	550	17	113.0	mappable	0.63091968	3.0	NA	0.55401199719	0.05	0.1071402087	0.12701689	0.17701689	34360029	34360061	34409856	34414982	NA	missing	377054.5	31.059112	0.8750391	NA	NA	NA	NA	NA	NA	NA	NA	NA	NA	4176584
6	34414983	57845022	NA	23430043	336609	1.99984909	333735	14478	65989.0	mappable	0.078725	2.0	self	0.00031753301	5.763024e-05	0.0031856135	0.08169315	0.08175078	34414983	34420109	57689985	58000059	0.16556817	1	413870.4	21.503702	0.9684755	NA	NA	0.0	0.999924544	0.99992454	1	1	1:1	2	neutral	4176584
6	57845022	58019982	NA	174961	504	2.63277	499	26	84.0	mappable	0.16666667	NA	NA	0.06669674896	0.03225806452	0.1979597913	0.11483249	0.14709055	57689985	58000059	58019982	58019982	NA	missing	394043.2	22.647007	1.1677	NA	NA	NA	NA	NA	NA	NA	NA	NA	NA	4176584
6	58610011	58769997	NA	159987	572	1.99984909	572	22	143.0	mappable	0.05375793	2.0	self	0.02511199088	0.04545454545	0.0279402087	0.11568989	0.16114444	58610011	58610011	58769997	58769997	NA	missing	413870.4	21.503702	0.9684755	NA	NA	NA	NA	NA	NA	NA	NA	NA	NA	4176584
6	61890002	63539948	NA	1649947	23152	1.99984909	23059	1259	4986.0	mappable	0.07653013	2.0	self	0.0019699177	0.00073964497	0.0145402087	0.0968336	0.09757324	61890002	61890002	63539881	63540015	0.14876843	1	413870.4	21.503702	0.9684755	NA	NA	0.0	0.999924544	0.99992454	1	1	1:1	2	neutral	4176584
6	63539948	63647178	NA	107231	2017	2.31774345	2010	272	376.0	mappable	0.06903864	1.0	identical	0.00983128134	0.00358422939	0.1399597913	0.11968621	0.12327044	63539881	63540015	63647175	63647178	0.07610553	1	446308.3	23.698671	1.0685391	NA	NA	0.0	1.158871724	1.15887172	1	1	1:1	2	neutral	4176584
6	63647179	86631140	NA	22983965	323477	1.99984909	322369	16483	65078.0	mappable	0.07973333	2.0	NA	0.00029908574	5.685048e-05	0.0014257731	0.08178579	0.08184265	63647179	63647182	86631111	86631140	0.14438536	1	413870.4	21.503702	0.9684755	NA	NA	0.0	0.999924544	0.99992454	1	1	1:1	2	neutral	4176584
6	86631141	86632838	DEL	1698	14	1.51576385	14	0	2.0	mappable	NA	NA	NA	NA	inf	0.1536402087	0.18639988	inf	86631141	86631219	86632753	86632838	NA	missing	357528.0	NA	0.8161	NA	NA	NA	NA	NA	NA	NA	NA	NA	NA	4176584
6	86632839	168370023	DEL	81737192	1145594	1.99984909	1141935	50191	232527.0	mappable	0.078725	2.0	NA	0.00063433426	1.857079e-05	0.0035093603	0.0760905	0.07610907	86632839	86632904	168369942	168370023	0.17016441	1	413870.4	21.503702	0.9684755	NA	NA	0.0	0.999924544	0.99992454	1	1	1:1	2	neutral	4176584
6	168370024	168379997	NA	9974	192	1.4805	184	1	45.0	mappable	0.19047619	NA	identical	0.26808376447	0.11111111111	0.1647402087	0.15055755	0.26166867	168370024	168370105	168379956	168379997	NA	missing	404994.3	24.106804	0.805	NA	NA	NA	NA	NA	NA	NA	NA	NA	NA	4176584
6	168379998	170899935	NA	2519938	44930	1.99984909	44436	1919	9374.0	mappable	0.085575	2.0	edge	0.0067050823	0.00041476566	0.0460402087	0.09405145	0.09446621	168379998	168380039	170899935	170899935	0.21255209	1	413870.4	21.503702	0.9684755	NA	NA	0.0	0.999924544	0.99992454	1	1	1:1	2	neutral	4176584
7	40386	1330033	NA	1289648	22488	1.8105696	22275	843	4343.0	mappable	0.071875	7.0	edge	0.0035699177	0.0009469697	0.0646402087	0.09852923	0.09947619	40386	40386	1329907	1330033	0.19810073	1	397007.2	20.746089	0.908896	NA	NA	0.0	0.9052848	0.9052848	1	1	1:1	2	neutral	4176584
7	1330034	4049997	NA	2719964	51870	1.99984909	51556	2335	9684.0	mappable	0.08204286	2.0	NA	0.00448495206	0.00037750094	0.0220441532	0.09356657	0.09394407	1330034	1330160	4049988	4049997	0.181859	1	413870.4	21.503702	0.9684755	NA	NA	0.0	0.999924544	0.99992454	1	1	1:1	2	neutral	4176584
7	4049998	4060000	NA	10003	219	2.22358231	219	0	40.0	mappable	NA	NA	NA	NA	inf	0.0691597913	0.1505101	inf	4049998	4050007	4059983	4060000	NA	missing	436404.4	NA	1.0389	NA	NA	NA	NA	NA	NA	NA	NA	NA	NA	4176584
7	4060001	6899926	NA	2839926	35372	1.8105696	35233	1306	6965.0	mappable	0.078725	7.0	NA	0.0001449177	0.00069204152	0.0534402087	0.0932948	0.09398684	4060001	4060018	6749843	6899926	0.18732049	1	397007.2	20.746089	0.908896	NA	NA	0.0	0.9052848	0.9052848	1	1	1:1	2	neutral	4176584
7	6899927	7125011	NA	225085	1763	2.31774345	1757	170	353.0	mappable	0.0786	1.0	NA	0.0002699177	0.00568181818	0.1056597913	0.11248524	0.11816706	6899927	7050010	7119961	7130061	0.09855126	1	446308.3	23.698671	1.0685391	NA	NA	0.0	1.158871724	1.15887172	1	1	1:1	2	neutral	4176584
7	7125011	7140019	NA	15009	182	1.8105696	182	26	33.0	mappable	0.12117549	7.0	NA	0.04230557249	0.03846153846	0.0714402087	0.14415931	0.18262085	7119961	7130061	7139972	7140066	NA	missing	397007.2	20.746089	0.908896	NA	NA	NA	NA	NA	NA	NA	NA	NA	NA	4176584
7	7140019	7159984	NA	19966	385	2.31774345	382	47	63.0	mappable	0.071125	1.0	NA	0.00015602882	0.02	0.0522597913	0.14000447	0.16000447	7139972	7140066	7159962	7159984	0.27360227	1	446308.3	23.698671	1.0685391	NA	NA	0.0	1.158871724	1.15887172	1	1	1:1	2	neutral	4176584
7	7159985	42269984	NA	35110012	535277	1.99984909	533586	26604	105993.0	mappable	0.078725	2.0	NA	0.00069724697	3.534193e-05	0.014311334	0.07979133	0.07982667	7159985	7160007	42269955	42269984	0.15101316	1	413870.4	21.503702	0.9684755	NA	NA	0.0	0.999924544	0.99992454	1	1	1:1	2	neutral	4176584
7	42269985	42280016	NA	10032	128	1.58343231	128	0	29.0	mappable	NA	NA	NA	NA	inf	0.1323402087	0.15046281	inf	42269985	42270014	42279942	42280016	NA	missing	362381.0	NA	0.8374	NA	NA	NA	NA	NA	NA	NA	NA	NA	NA	4176584
7	42280017	57999988	NA	15719974	207562	1.99984909	206951	9857	41148.0	mappable	0.0753	2.0	NA	0.00053190104	9.552923e-05	0.0092018693	0.08366067	0.0837562	42280017	42280091	57999988	57999988	0.13647749	1	413870.4	21.503702	0.9684755	NA	NA	0.0	0.999924544	0.99992454	1	1	1:1	2	neutral	4176584
7	61530139	67070036	NA	5539898	40998	1.8105696	40568	1991	9660.0	mappable	0.084175	7.0	NA	0.0067050823	0.00041305246	0.0662402087	0.08928002	0.08969308	61530139	61530139	67069968	67070036	0.17421449	1	397007.2	20.746089	0.908896	NA	NA	0.0	0.9052848	0.9052848	1	1	1:1	2	neutral	4176584
7	67070037	67080122	NA	10086	147	2.31774345	134	0	28.0	mappable	NA	1.0	NA	0.04334898473	0.07692307692	0.0821597913	0.15037519	0.22729826	67070037	67070105	67079972	67080122	NA	missing	446308.3	NA	1.0685391	NA	NA	NA	NA	NA	NA	NA	NA	NA	NA	4176584
7	67080123	72229988	NA	5149866	73001	1.8105696	72706	3469	14646.0	mappable	0.085575	7.0	NA	0.0067050823	0.00026567481	0.0502402087	0.08970177	0.08996745	67080123	67080273	72229988	72229988	0.15297579	1	397007.2	20.746089	0.908896	NA	NA	0.0	0.9052848	0.9052848	1	1	1:1	2	neutral	4176584
7	72750118	74139961	NA	1389844	10252	1.8105696	10200	386	2064.0	mappable	0.089025	7.0	NA	0.0077300823	0.00228310502	0.0532402087	0.09800803	0.10029113	72750118	72750118	74139961	74139961	0.1988381	1	397007.2	20.746089	0.908896	NA	NA	0.0	0.9052848	0.9052848	1	1	1:1	2	neutral	4176584
7	75160045	76059952	NA	899908	8429	1.99984909	8388	463	1645.0	mappable	0.08065	2.0	self	0.0017800823	0.00198412698	0.0482402087	0.10111521	0.10309934	75160045	75160045	76059952	76059952	0.18291628	1	413870.4	21.503702	0.9684755	NA	NA	0.0	0.999924544	0.99992454	1	1	1:1	2	neutral	4176584
7	76810004	99520030	NA	22710029	300227	1.99984909	299046	15251	60786.0	mappable	0.078725	2.0	self	0.00110371456	6.085686e-05	0.0016577751	0.08184369	0.08190455	76810004	76810004	99519995	99520065	0.14787366	1	413870.4	21.503702	0.9684755	NA	NA	0.0	0.999924544	0.99992454	1	1	1:1	2	neutral	4176584
7	99520030	99579977	NA	59948	610	2.63817077	610	44	113.0	mappable	0.07156923	NA	identical	0.00730068694	0.02272727273	0.1996597913	0.12601264	0.14873991	99519995	99520065	99569954	99590000	0.19704654	1	426134.1	22.431225	1.1694	NA	NA	0.0	1.319085385	1.31908538	sub	sub	sub:sub	sub	sub	4176584
7	99579977	108228901	NA	8648926	103253	1.99984909	102749	5434	20166.0	mappable	0.078725	2.0	self	0.0019416691	0.00016840687	0.0019410567	0.08679015	0.08695856	99569954	99590000	108228873	108228901	0.16457642	1	413870.4	21.503702	0.9684755	NA	NA	0.0	0.999924544	0.99992454	1	1	1:1	2	neutral	4176584
7	108228902	120390079	CTX	12161178	161331	1.99984909	160940	5493	33086.0	mappable	0.078725	2.0	NA	0.0001449177	0.00016995241	0.0150597913	0.084977	0.08514695	108228902	108228905	120389994	120390164	0.14514773	1	413870.4	21.503702	0.9684755	NA	NA	0.0	0.999924544	0.99992454	1	1	1:1	2	neutral	4176584
7	120390079	120399932	NA	9854	111	2.43135308	111	0	18.0	mappable	NA	NA	NA	NA	inf	0.1345597913	0.15075573	inf	120389994	120390164	120399789	120400075	NA	missing	442592.2	NA	1.1043	NA	NA	NA	NA	NA	NA	NA	NA	NA	NA	4176584
7	120399932	157869953	NA	37470024	502072	1.99984909	500030	23452	98892.0	mappable	0.078725	2.0	NA	0.00038863302	3.922492e-05	0.0066088052	0.07949368	0.0795329	120399789	120400075	157869870	157870036	0.15653288	1	413870.4	21.503702	0.9684755	NA	NA	0.0	0.999924544	0.99992454	1	1	1:1	2	neutral	4176584
7	157869953	157960006	NA	90054	2634	1.54005206	2556	84	610.0	mappable	0.108425	8.0	identical	0.0306800823	0.00617283951	0.1664402087	0.12151774	0.12769058	157869870	157870036	157959983	157960029	0.39099586	2	371422.1	19.835237	0.8237452	21.83508	0.5578348	0.11566963	0.680957401	0.85909466	1	sub	1:sub	sub	sub	4176584
7	157960006	159119808	NA	1159803	19510	1.99984909	19242	754	4216.0	mappable	0.07825	2.0	edge	0.0001449177	0.00097943193	0.0434402087	0.09927801	0.10025744	157959983	157960029	159119808	159119808	0.1997359	1	413870.4	21.503702	0.9684755	NA	NA	0.0	0.999924544	0.99992454	1	1	1:1	2	neutral	4176584
8	170012	229998	NA	59987	1230	1.99984909	1223	96	216.0	mappable	0.09122273	2.0	edge	0.01343841563	0.00970873786	0.0211402087	0.12600519	0.13571393	170012	170012	229996	230000	0.21938497	1	413870.4	21.503702	0.9684755	NA	NA	0.0	0.999924544	0.99992454	1	1	1:1	2	neutral	4176584
8	229998	2299917	NA	2069920	46641	1.8105696	45940	2304	9438.0	mappable	0.07937045	7.0	NA	0.0001449177	0.00033300033	0.0727402087	0.09532369	0.09565669	229996	230000	2299824	2300010	0.1991818	1	397007.2	20.746089	0.908896	NA	NA	0.0	0.9052848	0.9052848	1	1	1:1	2	neutral	4176584
8	2299917	2330005	NA	30089	676	1.54005206	674	52	129.0	mappable	0.10209167	8.0	NA	0.02118563785	0.01851851852	0.1099402087	0.13443617	0.15295469	2299824	2300010	2319990	2330005	0.1609414	1	371422.1	19.835237	0.8237452	NA	NA	0.0	0.770026029	0.77002603	1	1	1:1	2	neutral	4176584
8	2330006	6919904	NA	4589906	145020	1.99984909	144660	7580	28207.0	mappable	0.079325	2.0	self	0.00039363421	0.00012594458	0.0199362099	0.09037492	0.09050087	2330006	2340021	6919904	6919904	0.15099125	1	413870.4	21.503702	0.9684755	NA	NA	0.0	0.999924544	0.99992454	1	1	1:1	2	neutral	4176584
8	8100000	11859985	NA	3759988	79369	1.99984909	79130	5505	14632.0	mappable	0.078725	2.0	self	0.00010163945	0.00017409471	0.0162224354	0.09156546	0.09173956	8100000	8100000	11859985	11859985	0.12972414	1	413870.4	21.503702	0.9684755	NA	NA	0.0	0.999924544	0.99992454	1	1	1:1	2	neutral	4176584
8	12580042	42997369	NA	30417331	505325	1.99984909	503725	22875	99490.0	mappable	0.078725	2.0	self	0.0008322421	4.085969e-05	0.0147726185	0.08045573	0.08049659	12580042	12580042	42997268	42997369	0.16700258	1	413870.4	21.503702	0.9684755	NA	NA	0.0	0.999924544	0.99992454	1	1	1:1	2	neutral	4176584
8	42997370	43099940	NA	102571	2000	2.13399308	1984	5	616.0	mappable	0.02390833	NA	identical	0.2734207073	0.04761904762	0.0409597913	0.12014708	0.16776613	42997370	42997471	43099770	43099940	NA	missing	450737.8	22.946649	1.0107	NA	NA	NA	NA	NA	NA	NA	NA	NA	NA	4176584
8	43099941	43729972	NA	630032	11666	1.99984909	11662	58	2634.0	mappable	0.106125	2.0	self	0.0238300823	0.01612903226	0.0341402087	0.10381486	0.11994389	43099941	43100111	43729941	43729972	0.42159873	2	413870.4	21.503702	0.9684755	20.69453	0.5301174	0.06023473	0.939694362	1.06015473	1	1	1:1	2	mixDH	4176584
8	43729973	43789991	NA	60019	1959	1.63775769	1957	3	598.0	mappable	0.1881723	NA	NA	0.101157785	0.2	0.1152402087	0.12599908	0.32599908	43729973	43730004	43789991	43789991	NA	missing	384059.8	22.591753	0.8545	NA	NA	NA	NA	NA	NA	NA	NA	NA	NA	4176584
8	46880007	46990012	NA	110006	2738	1.8105696	2735	1	698.0	mappable	0.02857143	7.0	NA	0.02562014021	0.25	0.0848402087	0.11942279	0.36942279	46880007	46880007	46989893	46990012	NA	missing	397007.2	20.746089	0.908896	NA	NA	NA	NA	NA	NA	NA	NA	NA	NA	4176584
8	46990013	61839995	NA	14849983	204686	1.99984909	204200	8336	41102.0	mappable	0.078725	2.0	self	0.0035699177	0.00011335298	0.0016597913	0.08394911	0.08406246	46990013	46990132	61839912	61840078	0.12391193	1	413870.4	21.503702	0.9684755	NA	NA	0.0	0.999924544	0.99992454	1	1	1:1	2	neutral	4176584
8	61839995	61860065	NA	20071	325	2.31774345	323	41	52.0	mappable	0.04858214	1.0	identical	0.0262949177	0.02325581395	0.1541597913	0.13993035	0.16318616	61839912	61840078	61859980	61860150	0.05951684	1	446308.3	23.698671	1.0685391	NA	NA	0.0	1.158871724	1.15887172	1	1	1:1	2	neutral	4176584
8	61860065	101639892	NA	39779831	528705	1.99984909	526995	22018	107610.0	mappable	0.07936667	2.0	self	0.00057006545	4.21443e-05	0.0035852582	0.07922193	0.07926408	61859980	61860150	101639648	101639892	0.13859969	1	413870.4	21.503702	0.9684755	NA	NA	0.0	0.999924544	0.99992454	1	1	1:1	2	neutral	4176584
8	101639893	101650057	NA	10165	187	2.68042385	176	0	27.0	mappable	NA	NA	identical	0.00854299463	0.09090909091	0.2129597913	0.15024803	0.24115712	101639893	101640137	101649963	101650057	NA	missing	459422.9	NA	1.1827	NA	NA	NA	NA	NA	NA	NA	NA	NA	NA	4176584
8	101650058	146289988	NA	44639935	652412	1.99984909	649917	31966	126995.0	mappable	0.078725	2.0	edge	0.00016073096	2.901831e-05	0.0034092416	0.0787035	0.07873251	101650058	101650152	146289988	146289988	0.14754078	1	413870.4	21.503702	0.9684755	NA	NA	0.0	0.999924544	0.99992454	1	1	1:1	2	neutral	4176584
9	200101	18004872	NA	17804783	337554	1.99984909	336616	17356	67065.0	mappable	0.078725	2.0	edge	0.00064018333	5.466273e-05	0.0001857427	0.08303661	0.08309127	200101	200101	18004871	18004873	0.15423085	1	413870.4	21.503702	0.9684755	NA	NA	0.0	0.999924544	0.99992454	1	1	1:1	2	neutral	4176584
9	18004872	18019959	NA	15088	268	2.22739462	268	0	43.0	mappable	NA	NA	NA	NA	inf	0.0703597913	0.14408066	inf	18004871	18004873	18019900	18019959	NA	missing	427086.4	NA	1.0401	NA	NA	NA	NA	NA	NA	NA	NA	NA	NA	4176584
9	18019960	21972595	NA	3952636	64090	1.99984909	63925	2877	12701.0	mappable	0.07898889	2.0	NA	0.0032800823	0.0003287311	0.0040402087	0.09126426	0.09159299	18019960	18020019	21972445	21972595	0.15223815	1	413870.4	21.503702	0.9684755	NA	NA	0.0	0.999924544	0.99992454	1	1	1:1	2	neutral	4176584
9	21972596	21973913	INV	1318	20	2.06600692	18	0	8.0	mappable	NA	NA	NA	0.67304824086	0.5	0.0195597913	0.19297318	0.69297318	21972596	21972621	21973907	21973913	NA	missing	400400.0	NA	0.9893	NA	NA	NA	NA	NA	NA	NA	NA	NA	NA	4176584
9	21973914	21991016	INV	17103	278	1.9348	272	5	42.0	mappable	0.16453289	NA	NA	0.06826651954	0.09090909091	0.0217402087	0.14222767	0.23313676	21973914	21974104	21991016	21991016	NA	missing	402678.7	23.010209	0.948	NA	NA	NA	NA	NA	NA	NA	NA	NA	NA	4176584
9	21991017	22016344	INV	25328	375	1.17488	375	9	66.0	mappable	0.60428474	NA	NA	0.52541482256	0.11111111111	0.2609402087	0.13671993	0.24783104	21991017	21991059	22016273	22016344	NA	missing	309332.9	21.767871	0.7088	NA	NA	NA	NA	NA	NA	NA	NA	NA	NA	4176584
9	22016345	38769828	INV	16753485	243322	1.99984909	242554	11787	48386.0	mappable	0.08215	2.0	self	0.00267939799	7.964954e-05	0.0091128035	0.08334042	0.08342007	22016345	22016348	38769828	38769828	0.15819228	1	413870.4	21.503702	0.9684755	NA	NA	0.0	0.999924544	0.99992454	1	1	1:1	2	neutral	4176584
9	66840048	66849972	NA	9925	540	1.8105696	509	0	145.0	mappable	NA	7.0	NA	0.01803658437	0.03225806452	0.0888402087	0.15063813	0.18289619	66840048	66840048	66849972	66849972	NA	missing	397007.2	NA	0.908896	NA	NA	NA	NA	NA	NA	NA	NA	NA	NA	4176584
9	68410004	68419976	NA	9973	1130	1.88746385	1063	0	318.0	mappable	NA	NA	NA	0.2037330431	0.01492537313	0.0366402087	0.15055919	0.16548457	68410004	68410004	68419976	68419976	NA	missing	2712880.0	NA	0.9331	NA	NA	NA	NA	NA	NA	NA	NA	NA	NA	4176584
9	71030093	87079950	NA	16049858	220505	1.99984909	219660	9808	44112.0	mappable	0.078725	2.0	NA	0.0001449177	9.387027e-05	0.0056402087	0.08355595	0.08364982	71030093	71030093	87079900	87080000	0.15537058	1	413870.4	21.503702	0.9684755	NA	NA	0.0	0.999924544	0.99992454	1	1	1:1	2	neutral	4176584
9	87079950	87089997	NA	10048	186	2.35351846	186	0	47.0	mappable	NA	NA	NA	NA	inf	0.1100597913	0.15043678	inf	87079900	87080000	87089949	87089997	NA	missing	417456.0	NA	1.0798	NA	NA	NA	NA	NA	NA	NA	NA	NA	NA	4176584
9	87089998	93647135	NA	6557139	88755	1.99984909	88440	4979	17306.0	mappable	0.080125	2.0	NA	0.00010532159	0.00018892877	0.0132813951	0.08832114	0.08851007	87089998	87090046	93647130	93647135	0.12691577	1	413870.4	21.503702	0.9684755	NA	NA	0.0	0.999924544	0.99992454	1	1	1:1	2	neutral	4176584
9	93647136	93652468	DEL	5333	78	1.98527908	77	6	18.0	mappable	0.48732326	9.0	identical	0.63740217532	0.14285714286	0.0120402087	0.16154134	0.30439848	93647136	93647150	93652467	93652468	NA	missing	410568.6	33.711973	0.9638893	NA	NA	NA	NA	NA	NA	NA	NA	NA	NA	4176584
9	93652469	141019791	DEL	47367328	652364	1.99984909	649720	28287	125878.0	mappable	0.078725	2.0	edge	0.0006908372	3.233002e-05	0.0034966425	0.0784394	0.07847173	93652469	93652484	141019791	141019791	0.17724865	1	413870.4	21.503702	0.9684755	NA	NA	0.0	0.999924544	0.99992454	1	1	1:1	2	neutral	4176584
10	130013	22950022	NA	22820013	371500	1.99984909	369628	18644	73578.0	mappable	0.078725	2.0	edge	0.00110112986	4.875195e-05	0.0137664504	0.08182035	0.0818691	130013	130013	22949977	22950067	0.1764319	1	413870.4	21.503702	0.9684755	NA	NA	0.0	0.999924544	0.99992454	1	1	1:1	2	neutral	4176584
10	22950022	23000071	NA	50050	819	2.24423231	819	0	162.0	mappable	NA	NA	NA	NA	inf	0.0756597913	0.12811411	inf	22949977	22950067	22999967	23000175	NA	missing	437392.8	NA	1.0454	NA	NA	NA	NA	NA	NA	NA	NA	NA	NA	4176584
10	23000071	38600358	NA	15600289	206319	1.99984909	205625	8534	41828.0	mappable	0.078725	2.0	NA	0.00095895247	0.00010836584	0.0092710653	0.08369928	0.08380764	22999967	23000175	38429948	38600358	0.15820984	1	413870.4	21.503702	0.9684755	NA	NA	0.0	0.999924544	0.99992454	1	1	1:1	2	neutral	4176584
10	38789957	39149984	NA	360028	6764	1.54005206	6722	0	3259.0	mappable	NA	8.0	NA	0.01209310611	0.02380952381	0.1403402087	0.10835557	0.1321651	38789957	38790044	39149984	39149984	NA	missing	371422.1	NA	0.8237452	NA	NA	NA	NA	NA	NA	NA	NA	NA	NA	4176584
10	42410000	42979982	NA	569983	5355	1.8105696	5257	230	1610.0	mappable	0.099925	7.0	NA	0.01766644593	0.00304878049	0.0933402087	0.10459945	0.10764823	42410000	42410000	42979887	42979982	0.1713628	1	397007.2	20.746089	0.908896	NA	NA	0.0	0.9052848	0.9052848	1	1	1:1	2	neutral	4176584
10	42979983	45039947	NA	2059965	24519	1.99984909	24451	1274	4622.0	mappable	0.07510789	2.0	NA	0.0024699177	0.00074515648	0.0168402087	0.0953553	0.09610046	42979983	42980078	45039881	45040013	0.14621764	1	413870.4	21.503702	0.9684755	NA	NA	0.0	0.999924544	0.99992454	1	1	1:1	2	neutral	4176584
10	45039947	45050019	NA	10073	193	2.33668077	193	0	49.0	mappable	NA	NA	NA	NA	inf	0.1047597913	0.15039623	inf	45039881	45040013	45049988	45050050	NA	missing	427265.6	NA	1.0745	NA	NA	NA	NA	NA	NA	NA	NA	NA	NA	4176584
10	45050019	46159967	NA	1109949	13569	1.99984909	13532	753	2663.0	mappable	0.0753	2.0	NA	0.0035699177	0.00126582278	0.0062402087	0.09959137	0.10085719	45049988	45050050	46159967	46159967	0.12824475	1	413870.4	21.503702	0.9684755	NA	NA	0.0	0.999924544	0.99992454	1	1	1:1	2	neutral	4176584
10	48310177	48659961	NA	349786	5569	1.99984909	5553	273	946.0	mappable	0.07420608	2.0	self	0.00281302362	0.00346020761	0.0183371481	0.10860055	0.11206076	48310177	48310177	48659961	48659961	0.11245019	1	413870.4	21.503702	0.9684755	NA	NA	0.0	0.999924544	0.99992454	1	1	1:1	2	neutral	4176584
10	49390096	64699994	NA	15309900	214745	1.99984909	214112	8382	43488.0	mappable	0.08274167	2.0	self	0.0026059392	0.00011092623	0.0021051749	0.08379434	0.08390526	49390096	49390096	64699981	64699994	0.15224442	1	413870.4	21.503702	0.9684755	NA	NA	0.0	0.999924544	0.99992454	1	1	1:1	2	neutral	4176584
10	64699995	64714984	NA	14990	180	1.54005206	170	14	31.0	mappable	0.04358333	8.0	identical	0.0258699177	0.04166666667	0.1460402087	0.1441783	0.18584497	64699995	64700008	64709951	64720017	NA	missing	371422.1	19.835237	0.8237452	NA	NA	NA	NA	NA	NA	NA	NA	NA	NA	4176584
10	64714984	131749994	NA	67035020	933223	1.99984909	930102	41912	181814.0	mappable	0.078725	2.0	self	0.00103700612	2.220594e-05	0.0022359766	0.07692778	0.07694998	64709951	64720017	131749974	131749994	0.15120365	1	413870.4	21.503702	0.9684755	NA	NA	0.0	0.999924544	0.99992454	1	1	1:1	2	neutral	4176584
10	131749995	131780083	NA	30089	308	1.54005206	307	7	57.0	mappable	0.13466071	8.0	NA	0.05599436801	0.125	0.1691402087	0.13443617	0.25943617	131749995	131750015	131779979	131780187	NA	missing	371422.1	19.835237	0.8237452	NA	NA	NA	NA	NA	NA	NA	NA	NA	NA	4176584
10	131780083	131809967	NA	29885	423	2.15210154	422	4	83.0	mappable	0.26405314	NA	NA	0.18622946422	0.2	0.0466597913	0.13452492	0.33452492	131779979	131780187	131809934	131810000	NA	missing	414538.9	24.469308	1.0164	NA	NA	NA	NA	NA	NA	NA	NA	NA	NA	4176584
10	131809967	134649980	NA	2840014	48933	1.99984909	48486	3395	9145.0	mappable	0.08215	2.0	self	0.0032800823	0.0002602811	0.0403402087	0.09329461	0.09355489	131809934	131810000	134649956	134649980	0.17930327	1	413870.4	21.503702	0.9684755	NA	NA	0.0	0.999924544	0.99992454	1	1	1:1	2	neutral	4176584
10	134649981	134659948	NA	9968	230	1.54005206	222	3	41.0	mappable	0.089125	8.0	NA	0.01182335961	0.09090909091	0.1524402087	0.15056739	0.24147649	134649981	134650005	134659895	134659948	NA	missing	371422.1	19.835237	0.8237452	NA	NA	NA	NA	NA	NA	NA	NA	NA	NA	4176584
10	134659949	135439925	NA	779977	13791	1.8105696	13594	865	2665.0	mappable	0.078725	7.0	edge	0.0001449177	0.00094161959	0.0606402087	0.1021812	0.10312282	134659949	134660002	135439925	135439925	0.18825998	1	397007.2	20.746089	0.908896	NA	NA	0.0	0.9052848	0.9052848	1	1	1:1	2	neutral	4176584
11	190010	23730053	NA	23540046	340902	1.99984909	339369	17610	64628.0	mappable	0.078725	2.0	edge	0.00083108427	5.223842e-05	0.0095354692	0.08167061	0.08172285	190010	190010	23729993	23730113	0.15769565	1	413870.4	21.503702	0.9684755	NA	NA	0.0	0.999924544	0.99992454	1	1	1:1	2	neutral	4176584
11	23730053	23755021	NA	24969	286	1.69430692	286	0	71.0	mappable	NA	NA	NA	NA	inf	0.0974402087	0.13691268	inf	23729993	23730113	23749969	23760073	NA	missing	385251.2	NA	0.8723	NA	NA	NA	NA	NA	NA	NA	NA	NA	NA	4176584
11	23755021	40980037	NA	17225017	250512	1.99984909	249578	11727	50396.0	mappable	0.078725	2.0	NA	0.00176643128	7.89827e-05	0.0056344062	0.08320159	0.08328057	23749969	23760073	40979978	40980037	0.14997137	1	413870.4	21.503702	0.9684755	NA	NA	0.0	0.999924544	0.99992454	1	1	1:1	2	neutral	4176584
11	40980038	41040006	NA	59969	930	2.20928615	930	0	231.0	mappable	NA	NA	NA	NA	inf	0.0646597913	0.12600863	inf	40980038	40980097	41039982	41040030	NA	missing	426208.3	NA	1.0344	NA	NA	NA	NA	NA	NA	NA	NA	NA	NA	4176584
11	41040006	48645019	NA	7605016	100341	1.99984909	99979	4285	19294.0	mappable	0.078725	2.0	NA	0.00112595117	0.0002151926	0.0040843077	0.08749473	0.08770992	41039982	41040030	48609993	48645019	0.1738664	1	413870.4	21.503702	0.9684755	NA	NA	0.0	0.999924544	0.99992454	1	1	1:1	2	neutral	4176584
11	48645020	48899996	NA	254977	2075	1.8105696	2072	0	687.0	mappable	NA	7.0	NA	0.05652490988	0.33333333333	0.0875402087	0.11135853	0.44469186	48645020	48680046	48899996	48899996	NA	missing	397007.2	NA	0.908896	NA	NA	NA	NA	NA	NA	NA	NA	NA	NA	4176584
11	48899997	50170092	NA	1270096	0	0.0	0	0	NA	mappable	NA	NA	NA	NA	inf	0.9697402087	0.09863632	inf	48899997	48899997	50170092	50170092	NA	missing	NA	NA	0.0	NA	NA	0.0	0.0	0.0	0	0	NA	0	homozygousDel	4176584
11	50170093	50261816	NA	91724	475	1.8105696	466	39	99.0	mappable	0.08497121	7.0	NA	0.00580865372	0.02083333333	0.1050402087	0.12132233	0.14215566	50170093	50170093	50199997	50261816	0.19464121	1	397007.2	20.746089	0.908896	NA	NA	0.0	0.9052848	0.9052848	1	1	1:1	2	neutral	4176584
11	50261817	50519954	NA	258138	5325	1.99984909	5312	445	1225.0	mappable	0.07683056	2.0	self	0.00413655547	0.00218340611	0.0493532416	0.11124842	0.11343183	50261817	50323636	50519880	50519954	0.09343455	1	413870.4	21.503702	0.9684755	NA	NA	0.0	0.999924544	0.99992454	1	1	1:1	2	neutral	4176584
11	50519955	50640016	NA	120062	3275	1.8105696	3261	242	825.0	mappable	0.085725	7.0	NA	0.00454119341	0.00390625	0.0739402087	0.11852962	0.12243587	50519955	50520029	50639971	50640061	0.14006284	1	397007.2	20.746089	0.908896	NA	NA	0.0	0.9052848	0.9052848	1	1	1:1	2	neutral	4176584
11	50640016	50760002	NA	119987	3378	1.54005206	3286	48	1133.0	mappable	0.11252273	8.0	NA	0.0300050823	0.00714285714	0.1441402087	0.11853595	0.12567881	50639971	50640061	50759997	50760002	0.28917685	1	371422.1	19.835237	0.8237452	NA	NA	0.0	0.770026029	0.77002603	1	1	1:1	2	neutral	4176584
11	51310012	51579984	NA	269973	2753	1.99984909	2715	78	683.0	mappable	0.11515	2.0	self	0.0471550823	0.00862068966	0.0458402087	0.11084966	0.11947035	51310012	51310030	51579984	51579984	0.18533985	1	413870.4	21.503702	0.9684755	NA	NA	0.0	0.999924544	0.99992454	1	1	1:1	2	neutral	4176584
11	54792817	89109723	NA	34316912	453650	1.99984909	451919	18816	88471.0	mappable	0.078725	2.0	NA	0.00103442128	4.867601e-05	0.002023017	0.0798964	0.07994508	54792817	54792817	88969827	89109723	0.16098937	1	413870.4	21.503702	0.9684755	NA	NA	0.0	0.999924544	0.99992454	1	1	1:1	2	neutral	4176584
11	89109724	89111233	DEL	1510	0	0.0	0	0	NA	mappable	NA	NA	NA	NA	inf	0.9697402087	0.18938797	inf	89109724	89109724	89111233	89111233	NA	missing	NA	NA	0.0	NA	NA	0.0	0.0	0.0	0	0	NA	0	homozygousDel	4176584
11	89111234	89349940	DEL	238707	2087	1.99984909	2074	67	420.0	mappable	0.05238468	2.0	NA	0.02283658437	0.0125	0.0114402087	0.11195149	0.12445149	89111234	89150072	89349940	89349940	0.28769433	1	413870.4	21.503702	0.9684755	NA	NA	0.0	0.999924544	0.99992454	1	1	1:1	2	neutral	4176584
11	89850037	94300049	NA	4450013	64993	1.99984909	64775	3219	12830.0	mappable	0.08201875	2.0	NA	0.0032800823	0.00029095141	0.0159402087	0.09055765	0.0908486	89850037	89850037	94299989	94300109	0.16050522	1	413870.4	21.503702	0.9684755	NA	NA	0.0	0.999924544	0.99992454	1	1	1:1	2	neutral	4176584
11	94300049	94310090	NA	10042	150	2.39863077	150	0	22.0	mappable	NA	NA	NA	NA	inf	0.1242597913	0.15044654	inf	94299989	94300109	94309998	94310182	NA	missing	427542.0	NA	1.094	NA	NA	NA	NA	NA	NA	NA	NA	NA	NA	4176584
11	94310090	98780016	NA	4469927	64826	1.99984909	64591	3479	12992.0	mappable	0.078725	2.0	NA	0.0001449177	0.00026925148	0.0114402087	0.09053125	0.0908005	94309998	94310182	98779987	98780045	0.12420997	1	413870.4	21.503702	0.9684755	NA	NA	0.0	0.999924544	0.99992454	1	1	1:1	2	neutral	4176584
11	98780016	98789968	NA	9953	239	1.54005206	237	51	43.0	mappable	0.068125	8.0	identical	0.0127699177	0.01886792453	0.1558402087	0.15059203	0.16945995	98779987	98780045	98789926	98789968	0.31895917	1	371422.1	19.835237	0.8237452	NA	NA	0.0	0.770026029	0.77002603	1	1	1:1	2	neutral	4176584
11	98789969	134939862	NA	36149898	534698	1.99984909	532709	24829	103913.0	mappable	0.078725	2.0	edge	5.545398e-05	3.728839e-05	0.0049623598	0.07965751	0.0796948	98789969	98790011	134939862	134939862	0.16166804	1	413870.4	21.503702	0.9684755	NA	NA	0.0	0.999924544	0.99992454	1	1	1:1	2	neutral	4176584
12	160107	34670027	NA	34509925	474738	2.9844754	472637	23050	93860.0	mappable	0.24655	6.0	edge	0.16800166532	3.975985e-05	0.3119168699	0.07987058	0.07991034	160107	160107	34669995	34670059	0.8099823	2	545975.9	33.832118	1.2784063	20.68162	0.6628426	0.3256853	1.006237817	1.97823758	2	1	2:1	3	gain	4176584
12	34670027	34680002	NA	9976	303	2.49743308	303	2	72.0	mappable	0.41126885	NA	NA	0.33239893766	0.5	0.1553597913	0.15055428	0.65055428	34669995	34670059	34679997	34680002	NA	missing	484674.0	34.200266	1.1251	NA	NA	NA	NA	NA	NA	NA	NA	NA	NA	4176584
12	34680003	34710002	NA	30000	890	2.98159615	889	3	216.0	mappable	0.31135897	NA	NA	0.0675377277	0.25	0.3077597913	0.1344748	0.3844748	34680003	34680008	34709985	34710019	NA	missing	534078.6	34.214409	1.2775	NA	NA	NA	NA	NA	NA	NA	NA	NA	NA	4176584
12	34710002	34739989	NA	29988	853	2.54508692	852	4	233.0	mappable	0.36050294	NA	NA	0.2809800823	0.2	0.1703597913	0.13448002	0.33448002	34709985	34710019	34739965	34740013	NA	missing	508494.7	34.23797	1.1401	NA	NA	NA	NA	NA	NA	NA	NA	NA	NA	4176584
12	34739989	34765007	NA	25019	646	2.9844754	642	0	163.0	mappable	NA	6.0	NA	0.14623994002	0.25	0.3342597913	0.13688564	0.38688564	34739965	34740013	34759931	34770083	NA	missing	545975.9	NA	1.2784063	NA	NA	NA	NA	NA	NA	NA	NA	NA	NA	4176584
12	34765007	34819969	NA	54963	1238	2.73419136	1236	6	328.0	mappable	0.2576459	5.0	NA	0.1787759803	0.125	0.2043597913	0.12701499	0.25201499	34759931	34770083	34819969	34819969	NA	missing	515321.7	31.89114	1.1996244	NA	NA	NA	NA	NA	NA	NA	NA	NA	NA	4176584
12	38000003	38014978	NA	14976	875	2.73419136	870	0	285.0	mappable	NA	5.0	NA	0.18694873031	0.2	0.1918597913	0.14419232	0.34419232	38000003	38000003	38009949	38014978	NA	missing	515321.7	NA	1.1996244	NA	NA	NA	NA	NA	NA	NA	NA	NA	NA	4176584
12	38014979	38029949	NA	14971	524	2.19784923	524	3	191.0	mappable	0.49551422	NA	NA	0.41664429924	0.33333333333	0.0610597913	0.14419732	0.47753066	38014979	38020008	38029861	38030037	NA	missing	487556.0	35.754107	1.0308	NA	NA	NA	NA	NA	NA	NA	NA	NA	NA	4176584
12	38029949	38789971	NA	760023	15972	2.73419136	15937	338	4342.0	mappable	0.2515843	5.0	NA	0.1777039195	0.00268096515	0.1726597913	0.10237676	0.10505773	38029861	38030037	38789928	38790014	0.79739898	2	515321.7	31.89114	1.1996244	20.80238	0.6656741	0.33134829	0.914110872	1.82008049	2	1	2:1	3	gain	4176584
12	38789971	48599989	NA	9810020	136236	2.9844754	135816	6564	27273.0	mappable	0.243125	6.0	NA	0.16200123525	0.00014320493	0.3280055736	0.08611104	0.08625425	38789928	38790014	48599973	48600005	0.81910496	2	545975.9	33.832118	1.2784063	20.68162	0.6628426	0.3256853	1.006237817	1.97823758	2	1	2:1	3	gain	4176584
12	48599989	48610034	NA	10046	163	2.61625	161	6	34.0	mappable	0.1975101	NA	NA	0.41517219105	0.125	0.1927597913	0.15044003	0.27544003	48599973	48600005	48609959	48610034	NA	missing	506318.3	31.725262	1.1625	NA	NA	NA	NA	NA	NA	NA	NA	NA	NA	4176584
12	48610035	61449962	NA	12839928	152762	2.9844754	152161	7000	29972.0	mappable	0.2467133	6.0	NA	0.1676800823	0.00013156164	0.3170597913	0.08469504	0.0848266	48610035	48610110	61449863	61449962	0.82094325	2	545975.9	33.832118	1.2784063	20.68162	0.6628426	0.3256853	1.006237817	1.97823758	2	1	2:1	3	gain	4176584
12	61449963	61530012	NA	80050	1508	2.73419136	1506	6	330.0	mappable	0.2463712	5.0	NA	0.18707532039	0.125	0.2075597913	0.12278516	0.24778516	61449963	61450062	61529965	61530059	NA	missing	515321.7	31.89114	1.1996244	NA	NA	NA	NA	NA	NA	NA	NA	NA	NA	4176584
12	61530012	74040007	NA	12509997	167707	2.9844754	167129	7641	33867.0	mappable	0.24655	6.0	NA	0.16731658305	0.0001216693	0.3092383551	0.08482995	0.08495162	61529965	61530059	74039831	74040007	0.81794629	2	545975.9	33.832118	1.2784063	20.68162	0.6628426	0.3256853	1.006237817	1.97823758	2	1	2:1	3	gain	4176584
12	74040008	74070008	NA	30001	471	2.63181692	470	0	98.0	mappable	NA	NA	NA	0.36793859293	1.0	0.1976597913	0.13447437	1.13447437	74040008	74040184	74069974	74070008	NA	missing	523373.3	NA	1.1674	NA	NA	NA	NA	NA	NA	NA	NA	NA	NA	4176584
12	74070009	80960020	NA	6890012	94186	2.9844754	93880	3581	19338.0	mappable	0.2434	6.0	NA	0.1642550823	0.00025726782	0.3041597913	0.08804338	0.08830065	74070009	74070043	80959926	80960114	0.80888826	2	545975.9	33.832118	1.2784063	20.68162	0.6628426	0.3256853	1.006237817	1.97823758	2	1	2:1	3	gain	4176584
12	80960020	80979992	NA	19973	219	2.70170923	219	0	55.0	mappable	NA	NA	NA	NA	inf	0.2196597913	0.13999952	inf	80959926	80960114	80979974	80980010	NA	missing	534616.8	NA	1.1894	NA	NA	NA	NA	NA	NA	NA	NA	NA	NA	4176584
12	80979992	86680019	NA	5700028	78488	2.9844754	78281	3287	16413.0	mappable	0.2397	6.0	NA	0.1608300823	0.00028620492	0.2911597913	0.08911648	0.08940269	80979974	80980010	86679990	86680048	0.81930358	2	545975.9	33.832118	1.2784063	20.68162	0.6628426	0.3256853	1.006237817	1.97823758	2	1	2:1	3	gain	4176584
12	86680019	86700001	NA	19983	310	2.73419136	310	34	69.0	mappable	0.22670932	5.0	NA	0.14783940433	0.02941176471	0.1564597913	0.13999244	0.16940421	86679990	86680048	86699982	86700020	0.89959305	2	515321.7	31.89114	1.1996244	20.80238	0.6656741	0.33134829	0.914110872	1.82008049	2	1	2:1	3	gain	4176584
12	86700001	100140029	NA	13440031	183571	2.9844754	182941	8193	36797.0	mappable	0.243125	6.0	NA	0.16224564673	0.00011334013	0.3218938784	0.08445934	0.08457268	86699982	86700020	100139987	100140071	0.83823467	2	545975.9	33.832118	1.2784063	20.68162	0.6628426	0.3256853	1.006237817	1.97823758	2	1	2:1	3	gain	4176584
12	100140029	100179997	NA	39969	569	2.73419136	569	3	122.0	mappable	0.22469651	5.0	NA	0.14582659392	0.33333333333	0.2072597913	0.13083359	0.46416693	100139987	100140071	100179952	100179997	NA	missing	515321.7	31.89114	1.1996244	NA	NA	NA	NA	NA	NA	NA	NA	NA	NA	4176584
12	100179998	105040014	NA	4860017	66725	2.9844754	66494	2337	13434.0	mappable	0.26637727	6.0	NA	0.1848050823	0.0003894081	0.3041597913	0.09003927	0.09042868	100179998	100180043	105039970	105040014	0.83940263	2	545975.9	33.832118	1.2784063	20.68162	0.6628426	0.3256853	1.006237817	1.97823758	2	1	2:1	3	gain	4176584
12	105040015	105050043	NA	10029	170	3.36536846	170	0	37.0	mappable	NA	NA	NA	NA	inf	0.4285597913	0.15046769	inf	105040015	105040059	105049940	105050146	NA	missing	591414.4	NA	1.3983	NA	NA	NA	NA	NA	NA	NA	NA	NA	NA	4176584
12	105050043	117089988	NA	12039946	163491	2.9844754	162883	6631	31641.0	mappable	0.243125	6.0	NA	0.16447238667	0.00013815971	0.308006781	0.08502922	0.08516738	105049940	105050146	117089954	117089988	0.82265668	2	545975.9	33.832118	1.2784063	20.68162	0.6628426	0.3256853	1.006237817	1.97823758	2	1	2:1	3	gain	4176584
12	117089989	117099994	NA	10006	182	2.50061	171	0	38.0	mappable	NA	NA	NA	0.05901375233	0.09090909091	0.1563597913	0.1505052	0.24141429	117089989	117090023	117099987	117099994	NA	missing	535591.7	NA	1.1261	NA	NA	NA	NA	NA	NA	NA	NA	NA	NA	4176584
12	117099995	123860165	NA	6760171	80815	2.9844754	80460	3637	16130.0	mappable	0.243125	6.0	NA	0.1642550823	0.000250501	0.2934597913	0.08814989	0.08840039	117099995	117100002	123849958	123870372	0.81479829	2	545975.9	33.832118	1.2784063	20.68162	0.6628426	0.3256853	1.006237817	1.97823758	2	1	2:1	3	gain	4176584
12	123860165	123915019	NA	54855	106	2.39291231	106	0	22.0	mappable	NA	NA	NA	NA	inf	0.1224597913	0.12703788	inf	123849958	123870372	123879975	123950063	NA	missing	429084.0	NA	1.0922	NA	NA	NA	NA	NA	NA	NA	NA	NA	NA	4176584
12	123915019	133050207	NA	9135189	150967	2.9844754	149904	8721	28825.0	mappable	0.23285	6.0	NA	0.15399623622	0.00010220769	0.26149422	0.08649396	0.08659616	123879975	123950063	133049895	133050207	0.79519242	2	545975.9	33.832118	1.2784063	20.68162	0.6628426	0.3256853	1.006237817	1.97823758	2	1	2:1	3	gain	4176584
12	133050208	133819926	NA	769719	7872	2.73419136	7782	490	1465.0	mappable	0.1986	5.0	edge	0.1197300823	0.00172413793	0.2238597913	0.10228101	0.10400515	133050208	133050520	133819926	133819926	0.84045174	2	515321.7	31.89114	1.1996244	20.80238	0.6656741	0.33134829	0.914110872	1.82008049	2	1	2:1	3	gain	4176584
13	19450038	19729965	NA	279928	5492	1.8105696	5427	449	1050.0	mappable	0.078175	7.0	edge	0.0019699177	0.00194552529	0.0574402087	0.11052963	0.11247515	19450038	19450038	19729921	19730009	0.09308749	1	397007.2	20.746089	0.908896	NA	NA	0.0	0.9052848	0.9052848	1	1	1:1	2	neutral	4176584
13	19729965	19739987	NA	10023	221	2.31774345	196	0	36.0	mappable	NA	1.0	NA	0.02713070853	0.04	0.0983597913	0.15047746	0.19047746	19729921	19730009	19739972	19739987	NA	missing	446308.3	NA	1.0685391	NA	NA	NA	NA	NA	NA	NA	NA	NA	NA	4176584
13	19739988	62529969	NA	42789986	580759	1.99984909	578782	26550	115276.0	mappable	0.078725	2.0	NA	0.00193433447	3.505697e-05	0.0030802268	0.07889307	0.07892812	19739988	19740003	62529938	62529969	0.1559585	1	413870.4	21.503702	0.9684755	NA	NA	0.0	0.999924544	0.99992454	1	1	1:1	2	neutral	4176584
13	62529970	62620002	NA	90033	1509	2.24105538	1509	0	326.0	mappable	NA	NA	NA	NA	inf	0.0746597913	0.12152022	inf	62529970	62530001	62619997	62620007	NA	missing	418476.1	NA	1.0444	NA	NA	NA	NA	NA	NA	NA	NA	NA	NA	4176584
13	62620002	62640003	NA	20002	362	1.71718077	361	0	68.0	mappable	NA	NA	NA	0.6134377746	1.0	0.0902402087	0.13997901	1.13997901	62619997	62620007	62639906	62640003	NA	missing	376719.8	NA	0.8795	NA	NA	NA	NA	NA	NA	NA	NA	NA	NA	4176584
13	62640004	63250037	NA	610034	8881	1.98658385	8880	0	1950.0	mappable	NA	NA	NA	0.30574546691	1.0	0.0054402087	0.10406623	1.10406623	62640004	62640101	63249905	63250037	NA	missing	412517.3	NA	0.9643	NA	NA	NA	NA	NA	NA	NA	NA	NA	NA	4176584
13	63250038	63269959	NA	19922	332	2.21786385	331	0	60.0	mappable	NA	NA	NA	0.4211300823	1.0	0.0673597913	0.14003568	1.14003568	63250038	63250170	63269903	63269959	NA	missing	410135.1	NA	1.0371	NA	NA	NA	NA	NA	NA	NA	NA	NA	NA	4176584
13	63269960	63300003	NA	30044	460	1.97705308	460	2	87.0	mappable	0.23404255	NA	NA	0.15517263549	0.5	0.0084402087	0.13445569	0.63445569	63269960	63270016	63299888	63300118	NA	missing	413920.9	25.539802	0.9613	NA	NA	NA	NA	NA	NA	NA	NA	NA	NA	4176584
13	63300003	63320005	NA	20003	299	1.76515231	299	1	62.0	mappable	0.31428571	NA	NA	0.23541579658	1.0	0.0751402087	0.1399783	1.1399783	63299888	63300118	63319959	63320051	NA	missing	388261.2	25.514307	0.8946	NA	NA	NA	NA	NA	NA	NA	NA	NA	NA	4176584
13	63320005	115099984	NA	51779988	770290	1.99984909	767022	40382	156032.0	mappable	0.078725	2.0	edge	0.00029284323	2.291056e-05	0.0042264316	0.07804607	0.07806898	63319959	63320051	115099984	115099984	0.15903756	1	413870.4	21.503702	0.9684755	NA	NA	0.0	0.999924544	0.99992454	1	1	1:1	2	neutral	4176584
14	20330060	106113678	NA	85783626	1208067	1.99984909	1203727	54361	237270.0	mappable	0.078725	2.0	edge	0.00013576272	1.703548e-05	0.0021383189	0.07588924	0.07590627	20330060	20330060	106009942	106113678	0.16102624	1	413870.4	21.503702	0.9684755	NA	NA	0.0	0.999924544	0.99992454	1	1	1:1	2	neutral	4176584
14	106113679	106147972	DEL	34294	0	0.0	0	0	NA	mappable	NA	NA	NA	NA	inf	0.9697402087	0.13275216	inf	106113679	106113679	106147972	106147972	NA	missing	NA	NA	0.0	NA	NA	0.0	0.0	0.0	0	0	NA	0	homozygousDel	4176584
14	106147973	106328020	DEL	180048	1498	0.08583077	1483	72	319.0	mappable	0.12185	NA	NA	0.04598841563	0.01149425287	0.6037402087	0.11456052	0.12605477	106147973	106250082	106328015	106328020	0.23681417	1	162843.2	8.964603	0.366	NA	NA	0.0	0.042915385	0.04291538	0	0	0:0	0	LOH	4176584
14	106328021	106380226	DEL	52206	856	0.12204769	856	3	189.0	mappable	0.37272117	NA	NA	0.29385125347	0.33333333333	0.5923402087	0.12761672	0.46095005	106328021	106328023	106349982	106380226	NA	missing	170314.2	12.022182	0.3774	NA	NA	NA	NA	NA	NA	NA	NA	NA	NA	4176584
14	106380227	106724943	DEL	344717	2111	0.99729	2067	160	333.0	mappable	0.5713375	NA	NA	0.5033300823	0.00490196078	0.3168402087	0.10872488	0.11362685	106380227	106400108	106719873	106724943	0.98718326	2	271971.3	20.632309	0.6529	20.17235	1.0378921	1.0	0.0	0.99729	1	0	1:0	1	LOH	4176584
14	106724944	107259908	NA	534965	7993	2.31774345	7755	315	1475.0	mappable	0.08935	1.0	edge	0.0160300823	0.00180831826	0.0825597913	0.10510227	0.10691059	106724944	106730014	107259908	107259908	0.43776713	2	446308.3	23.698671	1.0685391	20.22668	0.5453941	0.09078811	1.053659948	1.2640835	1	1	1:1	2	mixDH	4176584
15	20850000	20859924	NA	9925	165	3.20969923	136	0	13.0	mappable	NA	NA	edge	0.22246091187	0.03448275862	0.3795597913	0.15063813	0.18512088	20850000	20850000	20859924	20859924	NA	missing	1408132.0	NA	1.3493	NA	NA	NA	NA	NA	NA	NA	NA	NA	NA	4176584
15	22480079	22645004	NA	164926	196	3.48577385	172	0	35.0	mappable	NA	NA	NA	0.17699714579	0.04166666667	0.4664597913	0.11539709	0.15706376	22480079	22480079	22489988	22800020	NA	missing	884086.7	NA	1.4362	NA	NA	NA	NA	NA	NA	NA	NA	NA	NA	4176584
15	22645004	23069956	NA	424953	3836	2.73419136	3819	243	687.0	mappable	0.244225	5.0	NA	0.1629300823	0.00384615385	0.2065597913	0.10696935	0.11081551	22489988	22800020	23069956	23069956	0.71845627	2	515321.7	31.89114	1.1996244	20.80238	0.6656741	0.33134829	0.914110872	1.82008049	2	1	2:1	3	gain	4176584
15	23710146	24329926	NA	619781	10358	2.73419136	10325	775	1979.0	mappable	0.24521667	5.0	NA	0.1637550823	0.00123915737	0.2459597913	0.10394255	0.1051817	23710146	23710146	24329926	24329926	0.76899595	2	515321.7	31.89114	1.1996244	20.80238	0.6656741	0.33134829	0.914110872	1.82008049	2	1	2:1	3	gain	4176584
15	24329927	24830091	NA	500165	0	0.0	0	0	NA	mappable	NA	NA	NA	NA	inf	0.9697402087	0.10564099	inf	24329927	24329927	24830091	24830091	NA	missing	NA	NA	0.0	NA	NA	0.0	0.0	0.0	0	0	NA	0	homozygousDel	4176584
15	24830092	28529988	NA	3699897	57410	2.73419136	57176	2917	11261.0	mappable	0.263675	5.0	NA	0.1813800823	0.00031735957	0.2480597913	0.091663	0.09198036	24830092	24830092	28529988	28529988	0.79279734	2	515321.7	31.89114	1.1996244	20.80238	0.6656741	0.33134829	0.914110872	1.82008049	2	1	2:1	3	gain	4176584
15	29100034	30369914	NA	1269881	18292	2.73419136	18261	410	3665.0	mappable	0.270525	5.0	NA	0.1985050823	0.0022675737	0.2353597913	0.09863751	0.10090508	29100034	29100034	30369914	30369914	0.76058668	2	515321.7	31.89114	1.1996244	20.80238	0.6656741	0.33134829	0.914110872	1.82008049	2	1	2:1	3	gain	4176584
15	31160110	70760018	NA	39599913	543733	2.9844754	541884	24489	106365.0	mappable	0.249975	6.0	NA	0.17000228734	3.796796e-05	0.3169311828	0.07924246	0.07928043	31160110	31160110	70759997	70760039	0.81673278	2	545975.9	33.832118	1.2784063	20.68162	0.6628426	0.3256853	1.006237817	1.97823758	2	1	2:1	3	gain	4176584
15	70760018	70779976	NA	19959	319	2.78303846	319	2	73.0	mappable	0.44475525	NA	NA	0.36588532705	0.5	0.2452597913	0.14000943	0.64000943	70759997	70760039	70779951	70779976	NA	missing	556726.5	40.216678	1.215	NA	NA	NA	NA	NA	NA	NA	NA	NA	NA	4176584
15	70779977	82479795	NA	11699823	146485	2.9844754	145888	6314	28146.0	mappable	0.24655	6.0	NA	0.16280196887	0.00014469686	0.3211534555	0.08517894	0.08532363	70779977	70780002	82479795	82479795	0.81767398	2	545975.9	33.832118	1.2784063	20.68162	0.6628426	0.3256853	1.006237817	1.97823758	2	1	2:1	3	gain	4176584
15	83213963	102399920	NA	19185958	296097	2.9844754	294946	14484	57437.0	mappable	0.2397	6.0	edge	0.15876720574	6.395907e-05	0.3050128921	0.08266667	0.08273063	83213963	83213963	102399920	102399920	0.80634294	2	545975.9	33.832118	1.2784063	20.68162	0.6628426	0.3256853	1.006237817	1.97823758	2	1	2:1	3	gain	4176584
16	100010	7349999	NA	7249991	140081	1.99984909	139394	5982	26533.0	mappable	0.078725	2.0	edge	0.00109249236	0.00014997001	0.0285977597	0.08775953	0.0879095	100010	100010	7349997	7349999	0.17964781	1	413870.4	21.503702	0.9684755	NA	NA	0.0	0.999924544	0.99992454	1	1	1:1	2	neutral	4176584
16	7350000	7369970	NA	19971	521	1.68731769	521	0	104.0	mappable	NA	NA	NA	NA	inf	0.0996402087	0.14000093	inf	7350000	7350002	7369916	7370024	NA	missing	370578.3	NA	0.8701	NA	NA	NA	NA	NA	NA	NA	NA	NA	NA	4176584
16	7369970	16289940	NA	8919973	157638	1.99984909	156925	8336	29755.0	mappable	0.07881912	2.0	NA	0.00037407081	0.00011050945	0.0115707692	0.08662281	0.08673332	7369916	7370024	16289940	16289940	0.16556369	1	413870.4	21.503702	0.9684755	NA	NA	0.0	0.999924544	0.99992454	1	1	1:1	2	neutral	4176584
16	16870104	18169896	NA	1299793	20483	1.99984909	20373	1215	3911.0	mappable	0.07935	2.0	self	0.0001449177	0.00075471698	0.0096402087	0.09847438	0.0992291	16870104	16870104	18169896	18169896	0.13379667	1	413870.4	21.503702	0.9684755	NA	NA	0.0	0.999924544	0.99992454	1	1	1:1	2	neutral	4176584
16	18800044	29039945	NA	10239902	125149	1.99984909	124447	5587	24526.0	mappable	0.07704167	2.0	self	0.0001449177	0.00015900779	0.0140402087	0.08588225	0.08604126	18800044	18800044	29039945	29039945	0.15360748	1	413870.4	21.503702	0.9684755	NA	NA	0.0	0.999924544	0.99992454	1	1	1:1	2	neutral	4176584
16	29670028	31959970	NA	2289944	17553	1.99984909	17464	686	3384.0	mappable	0.081175	2.0	self	0.00331177821	0.00129032258	0.0135373374	0.09466613	0.09595645	29670028	29670028	31959970	31959970	0.18152987	1	413870.4	21.503702	0.9684755	NA	NA	0.0	0.999924544	0.99992454	1	1	1:1	2	neutral	4176584
16	32520030	32649899	NA	129870	3149	1.99984909	2780	0	517.0	mappable	NA	2.0	self	0.0036699177	0.0027100271	0.0449402087	0.11773911	0.12044914	32520030	32520030	32649899	32649899	NA	missing	413870.4	NA	0.9684755	NA	NA	NA	NA	NA	NA	NA	NA	NA	NA	4176584
16	33590105	35159999	NA	1569895	13429	1.99984909	13348	92	3290.0	mappable	0.07318415	2.0	self	0.01138128134	0.00578034682	0.0502402087	0.09717117	0.10295152	33590105	33590105	35159937	35159999	0.315322	1	413870.4	21.503702	0.9684755	NA	NA	0.0	0.999924544	0.99992454	1	1	1:1	2	neutral	4176584
16	35160000	35279959	NA	119960	2007	1.52688308	2003	1	725.0	mappable	0.05882353	NA	NA	0.09700650545	0.2	0.1501402087	0.11853823	0.31853823	35160000	35160062	35279959	35279959	NA	missing	360544.2	19.087634	0.8196	NA	NA	NA	NA	NA	NA	NA	NA	NA	NA	4176584
16	46450014	69714951	NA	23264938	315456	1.99984909	314257	13182	62479.0	mappable	0.078725	2.0	self	2.257509e-05	6.954103e-05	0.001785092	0.08172721	0.08179675	46450014	46450014	69709823	69720079	0.15940087	1	413870.4	21.503702	0.9684755	NA	NA	0.0	0.999924544	0.99992454	1	1	1:1	2	neutral	4176584
16	69714951	69798219	NA	83269	792	1.8105696	790	29	177.0	mappable	0.04898182	7.0	NA	0.02816764498	0.03225806452	0.0515402087	0.1223579	0.15461596	69709823	69720079	69798196	69798219	NA	missing	397007.2	20.746089	0.908896	NA	NA	NA	NA	NA	NA	NA	NA	NA	NA	4176584
16	69798220	69819273	DEL	21054	278	1.03446	278	7	55.0	mappable	0.61190833	NA	NA	0.53303841563	0.14285714286	0.3051402087	0.13925824	0.28211539	69798220	69798249	69819269	69819273	NA	missing	277366.8	22.189341	0.6646	NA	NA	NA	NA	NA	NA	NA	NA	NA	NA	4176584
16	69819274	85949713	DEL	16130445	311770	1.99984909	310663	15114	59022.0	mappable	0.078725	2.0	NA	0.00023379253	6.164848e-05	0.00543625	0.08353073	0.08359238	69819274	69819396	85949710	85949713	0.15803363	1	413870.4	21.503702	0.9684755	NA	NA	0.0	0.999924544	0.99992454	1	1	1:1	2	neutral	4176584
16	85949714	85949716	CTX	3	0	0.0	0	0	NA	mappable	NA	NA	NA	NA	inf	0.9697402087	1.26185951	inf	85949714	85949714	85949716	85949716	NA	missing	NA	NA	0.0	NA	NA	0.0	0.0	0.0	0	0	NA	0	homozygousDel	4176584
16	85949717	90109969	CTX	4160254	75227	1.99984909	74702	3709	13850.0	mappable	0.078725	2.0	edge	0.00200824996	0.00023623907	0.0111328563	0.09095771	0.09119395	85949717	85949735	90109969	90109969	0.16522398	1	413870.4	21.503702	0.9684755	NA	NA	0.0	0.999924544	0.99992454	1	1	1:1	2	neutral	4176584
17	20080	18239982	NA	18219903	232617	1.99984909	231519	10744	45191.0	mappable	0.0753	2.0	edge	0.0035699177	8.445946e-05	0.0187402087	0.08292214	0.0830066	20080	20080	18239982	18239982	0.17362651	1	413870.4	21.503702	0.9684755	NA	NA	0.0	0.999924544	0.99992454	1	1	1:1	2	neutral	4176584
17	18750212	22239986	NA	3489775	25850	1.99984909	25127	1102	5133.0	mappable	0.0782	2.0	self	0.0001449177	0.00054794521	0.0123402087	0.09201874	0.09256669	18750212	18750212	22239986	22239986	0.19434012	1	413870.4	21.503702	0.9684755	NA	NA	0.0	0.999924544	0.99992454	1	1	1:1	2	neutral	4176584
17	25390040	41389992	NA	15999953	178274	1.98527908	177679	5995	34572.0	mappable	0.6507	9.0	NA	0.5718300823	0.00015174507	0.0030597913	0.08357164	0.08372338	25390040	25390040	41379974	41400010	0.9673645	2	410568.6	33.711973	0.9638893	20.62712	0.9952889	0.99057782	0.009352824	1.97592626	2	0	2:0	2	cnLOH	4176584
17	41389992	41410000	NA	20009	254	1.41791462	252	0	43.0	mappable	NA	NA	NA	0.45329382499	0.5	0.1844402087	0.13997406	0.63997406	41379974	41400010	41409995	41410005	NA	missing	813370.0	NA	0.7853	NA	NA	NA	NA	NA	NA	NA	NA	NA	NA	4176584
17	41410000	44279982	NA	2869983	32381	1.98527908	32212	1194	6358.0	mappable	0.65483846	9.0	NA	0.5821050823	0.00073367572	0.0019402087	0.09322875	0.09396242	41409995	41410005	44279982	44279982	0.97139384	2	410568.6	33.711973	0.9638893	20.62712	0.9952889	0.99057782	0.009352824	1.97592626	2	0	2:0	2	cnLOH	4176584
17	44790026	56100011	NA	11309987	148484	1.98527908	147956	7388	28691.0	mappable	0.654125	9.0	NA	0.57425386439	0.00012632643	0.0076837919	0.08535666	0.08548299	44790026	44790026	56089961	56100011	0.98057767	2	410568.6	33.711973	0.9638893	20.62712	0.9952889	0.99057782	0.009352824	1.97592626	2	0	2:0	2	cnLOH	4176584
17	56100012	56130013	NA	30002	256	2.24582077	256	0	48.0	mappable	NA	NA	NA	NA	inf	0.0761597913	0.13447393	inf	56100012	56110062	56129993	56130033	NA	missing	432809.7	NA	1.0459	NA	NA	NA	NA	NA	NA	NA	NA	NA	NA	4176584
17	56130013	78984913	NA	22854903	296049	1.98527908	294780	12175	57784.0	mappable	0.6644	9.0	NA	0.58580015623	7.438262e-05	0.0080103988	0.08181297	0.08188736	56129993	56130033	78979827	78984913	0.96974339	2	410568.6	33.711973	0.9638893	20.62712	0.9952889	0.99057782	0.009352824	1.97592626	2	0	2:0	2	cnLOH	4176584
17	78984914	79019971	NA	35058	559	1.70300883	554	16	96.0	mappable	0.61962209	3.0	NA	0.52765786007	0.04761904762	0.0930402087	0.13247265	0.1800917	78984914	78990000	79019913	79019971	NA	missing	377054.5	31.059112	0.8750391	NA	NA	NA	NA	NA	NA	NA	NA	NA	NA	4176584
17	79019972	81149937	NA	2129966	31091	1.98527908	30819	1586	5879.0	mappable	0.64385	9.0	edge	0.5649800823	0.00053821313	0.0226402087	0.09513662	0.09567483	79019972	79020030	81149937	81149937	0.99255384	2	410568.6	33.711973	0.9638893	20.62712	0.9952889	0.99057782	0.009352824	1.97592626	2	0	2:0	2	cnLOH	4176584
18	130031	14119956	NA	13989926	212741	1.99984909	212057	10658	41890.0	mappable	0.0753	2.0	edge	0.0001449177	8.816787e-05	0.0137402087	0.0842535	0.08434167	130031	130031	14119956	14119956	0.16514892	1	413870.4	21.503702	0.9684755	NA	NA	0.0	0.999924544	0.99992454	1	1	1:1	2	neutral	4176584
18	14119957	14910026	NA	790070	0	0.0	0	0	NA	mappable	NA	NA	NA	NA	inf	0.9697402087	0.10208446	inf	14119957	14119957	14910026	14910026	NA	missing	NA	NA	0.0	NA	NA	0.0	0.0	0.0	0	0	NA	0	homozygousDel	4176584
18	14910027	14929888	NA	19862	364	1.8105696	362	2	86.0	mappable	0.09090909	7.0	NA	0.01284826411	0.25	0.0790402087	0.14007836	0.39007836	14910027	14910027	14929888	14929888	NA	missing	397007.2	20.746089	0.908896	NA	NA	NA	NA	NA	NA	NA	NA	NA	NA	4176584
18	18540053	26984886	NA	8444834	112233	1.99984909	111808	4544	22445.0	mappable	0.07598235	2.0	NA	0.00348152605	0.00020124774	0.0109092731	0.0869201	0.08712135	18540053	18540053	26984879	26984886	0.16950121	1	413870.4	21.503702	0.9684755	NA	NA	0.0	0.999924544	0.99992454	1	1	1:1	2	neutral	4176584
18	26984887	26986342	DEL	1456	19	1.84616385	19	0	4.0	mappable	NA	NA	NA	NA	inf	0.0496402087	0.1903349	inf	26984887	26984977	26986276	26986342	NA	missing	397011.0	NA	0.9201	NA	NA	NA	NA	NA	NA	NA	NA	NA	NA	4176584
18	26986343	59619952	DEL	32633615	470883	1.99984909	469487	18646	93536.0	mappable	0.078725	2.0	NA	0.00014296074	4.989522e-05	0.0091017788	0.08012867	0.08017856	26986343	26986410	59619879	59620025	0.14146756	1	413870.4	21.503702	0.9684755	NA	NA	0.0	0.999924544	0.99992454	1	1	1:1	2	neutral	4176584
18	59619952	59630008	NA	10057	195	1.60598846	195	0	43.0	mappable	NA	NA	NA	NA	inf	0.1252402087	0.15042217	inf	59619879	59620025	59629995	59630008	NA	missing	386143.8	NA	0.8445	NA	NA	NA	NA	NA	NA	NA	NA	NA	NA	4176584
18	59630009	78009968	NA	18379960	295850	1.99984909	294482	14784	59531.0	mappable	0.0753	2.0	edge	0.0001449177	6.191567e-05	0.0053402087	0.08287878	0.08294069	59630009	59630022	78009968	78009968	0.16586734	1	413870.4	21.503702	0.9684755	NA	NA	0.0	0.999924544	0.99992454	1	1	1:1	2	neutral	4176584
19	260137	494974	NA	234838	2930	1.70300883	2893	124	601.0	mappable	0.64275249	3.0	edge	0.56879215126	0.00621118012	0.0983402087	0.11209941	0.11831059	260137	260137	489936	500012	0.93429022	2	377054.5	31.059112	0.8750391	20.86683	1.0284457	1.0	0.0	1.70300883	2	0	2:0	2	cnLOH	4176584
19	494974	13459999	NA	12965029	142545	1.98527908	141642	6487	27682.0	mappable	0.667825	9.0	NA	0.58478802343	0.000135318	0.0331429924	0.0846449	0.08478022	489936	500012	13459988	13460010	0.97088432	2	410568.6	33.711973	0.9638893	20.62712	0.9952889	0.99057782	0.009352824	1.97592626	2	0	2:0	2	cnLOH	4176584
19	13459999	13480023	NA	20025	338	2.21023923	338	0	59.0	mappable	NA	NA	NA	NA	inf	0.0649597913	0.13996277	inf	13459988	13460010	13479999	13480023	NA	missing	409295.5	NA	1.0347	NA	NA	NA	NA	NA	NA	NA	NA	NA	NA	4176584
19	13480024	24569972	NA	11089951	111178	1.98527908	110259	4802	22433.0	mappable	0.660975	9.0	NA	0.58212141003	0.00017479462	0.038755316	0.08546004	0.08563484	13480024	13480048	24569972	24569972	0.83185846	2	410568.6	33.711973	0.9638893	20.62712	0.9952889	0.99057782	0.009352824	1.97592626	2	0	2:0	2	cnLOH	4176584
19	27750002	43209995	NA	15459996	197894	1.99984909	196897	8167	39373.0	mappable	0.078725	2.0	NA	0.00214598144	0.00010912265	0.030400782	0.08374495	0.08385407	27750002	27750002	43209995	43209995	0.17644558	1	413870.4	21.503702	0.9684755	NA	NA	0.0	0.999924544	0.99992454	1	1	1:1	2	neutral	4176584
19	43209996	43800005	NA	590010	0	0.0	0	0	NA	mappable	NA	NA	NA	NA	inf	0.9697402087	0.10432761	inf	43209996	43209996	43800005	43800005	NA	missing	NA	NA	0.0	NA	NA	0.0	0.0	0.0	0	0	NA	0	homozygousDel	4176584
19	43800006	59089999	NA	15289995	162600	1.99984909	161663	7508	32024.0	mappable	0.08215	2.0	edge	0.00178436774	0.00011841326	0.0328243053	0.08380093	0.08391934	43800006	43800006	59089999	59089999	0.17702409	1	413870.4	21.503702	0.9684755	NA	NA	0.0	0.999924544	0.99992454	1	1	1:1	2	neutral	4176584
20	60479	19549981	NA	19489505	308055	1.99984909	307035	15703	60043.0	mappable	0.0795131	2.0	edge	0.00159073371	5.980146e-05	0.0064081813	0.08258936	0.08264916	60479	60479	19549946	19550016	0.15633524	1	413870.4	21.503702	0.9684755	NA	NA	0.0	0.999924544	0.99992454	1	1	1:1	2	neutral	4176584
20	19549981	19560023	NA	10043	151	2.32429077	151	0	29.0	mappable	NA	NA	NA	NA	inf	0.1008597913	0.15044491	inf	19549946	19550016	19559914	19560023	NA	missing	437242.2	NA	1.0706	NA	NA	NA	NA	NA	NA	NA	NA	NA	NA	4176584
20	19560024	25729738	NA	6169715	92376	1.99984909	92125	3566	17751.0	mappable	0.078725	2.0	NA	0.00047787559	0.00026198585	0.0192408387	0.08866517	0.08892715	19560024	19560133	25729738	25729738	0.14833896	1	413870.4	21.503702	0.9684755	NA	NA	0.0	0.999924544	0.99992454	1	1	1:1	2	neutral	4176584
20	29810057	29869988	NA	59932	1697	1.54005206	1619	30	624.0	mappable	0.07137941	8.0	NA	0.00514638829	0.00925925926	0.1326402087	0.1260157	0.13527495	29810057	29810057	29869966	29869988	NA	missing	371422.1	19.835237	0.8237452	NA	NA	NA	NA	NA	NA	NA	NA	NA	NA	4176584
20	29869989	62909989	NA	33040006	496134	1.99984909	493996	19764	95045.0	mappable	0.078725	2.0	edge	0.00093589123	4.566002e-05	0.0038199339	0.08007139	0.08011705	29869989	29870011	62909989	62909989	0.16619261	1	413870.4	21.503702	0.9684755	NA	NA	0.0	0.999924544	0.99992454	1	1	1:1	2	neutral	4176584
21	10720001	11179964	NA	459965	5133	1.99984909	4730	0	1582.0	mappable	NA	2.0	edge	0.01826905568	0.00248138958	0.0618059402	0.10631984	0.10880123	10720001	10720001	11179964	11179964	NA	missing	413870.4	NA	0.9684755	NA	NA	NA	NA	NA	NA	NA	NA	NA	NA	4176584
21	15410077	18390021	NA	2979945	47101	2.9844754	46898	2296	9535.0	mappable	0.2493	6.0	NA	0.1711050823	0.00040016006	0.3193597913	0.09299361	0.09339377	15410077	15410077	18389991	18390021	0.80286592	2	545975.9	33.832118	1.2784063	20.68162	0.6628426	0.3256853	1.006237817	1.97823758	2	1	2:1	3	gain	4176584
21	18390022	18419962	NA	29941	541	2.73419136	536	40	119.0	mappable	0.27976196	5.0	NA	0.20089203882	0.02222222222	0.1964597913	0.13450049	0.15672271	18390022	18390052	18419919	18419962	0.8621481	2	515321.7	31.89114	1.1996244	20.80238	0.6656741	0.33134829	0.914110872	1.82008049	2	1	2:1	3	gain	4176584
21	18419963	18494987	NA	75025	1105	2.9844754	1100	86	251.0	mappable	0.30845263	6.0	NA	0.11489674896	0.01098901099	0.2953597913	0.12349427	0.13448328	18419963	18420006	18489960	18494987	0.84613561	2	545975.9	33.832118	1.2784063	20.68162	0.6628426	0.3256853	1.006237817	1.97823758	2	1	2:1	3	gain	4176584
21	18494988	18510016	NA	15029	210	2.36336692	197	0	42.0	mappable	NA	NA	NA	0.3041050823	0.07692307692	0.1131597913	0.14413935	0.22106243	18494988	18500015	18509989	18510043	NA	missing	476566.2	NA	1.0829	NA	NA	NA	NA	NA	NA	NA	NA	NA	NA	4176584
21	18510016	21400022	NA	2890007	45812	2.9844754	45642	2332	9239.0	mappable	0.2282	6.0	NA	0.1505550823	0.00039968026	0.2874597913	0.09318517	0.09358485	18509989	18510043	21399959	21400085	0.80391726	2	545975.9	33.832118	1.2784063	20.68162	0.6628426	0.3256853	1.006237817	1.97823758	2	1	2:1	3	gain	4176584
21	21400022	21410016	NA	9995	182	2.53047308	182	0	33.0	mappable	NA	NA	NA	NA	inf	0.1657597913	0.15052317	inf	21399959	21400085	21409985	21410016	NA	missing	548308.0	NA	1.1355	NA	NA	NA	NA	NA	NA	NA	NA	NA	NA	4176584
21	21410017	33520026	NA	12110013	194280	2.9844754	193440	9865	39970.0	mappable	0.243125	6.0	NA	0.16351198185	9.341429e-05	0.3035648917	0.08499897	0.08509238	21410017	21410048	33519979	33520073	0.81516806	2	545975.9	33.832118	1.2784063	20.68162	0.6628426	0.3256853	1.006237817	1.97823758	2	1	2:1	3	gain	4176584
21	33520026	33540045	NA	20020	344	2.73419136	342	33	65.0	mappable	0.2313	5.0	NA	0.1524300823	0.02857142857	0.2004597913	0.1399663	0.16853772	33519979	33520073	33539924	33540166	0.89177934	2	515321.7	31.89114	1.1996244	20.80238	0.6656741	0.33134829	0.914110872	1.82008049	2	1	2:1	3	gain	4176584
21	33540045	39900009	NA	6359965	91504	2.9844754	91000	4773	17550.0	mappable	0.23236316	6.0	NA	0.1539800823	0.00018950161	0.3157597913	0.08849328	0.08868278	33539924	33540166	39899993	39900009	0.82770825	2	545975.9	33.832118	1.2784063	20.68162	0.6628426	0.3256853	1.006237817	1.97823758	2	1	2:1	3	gain	4176584
21	39900010	39939992	NA	39983	660	2.73419136	658	107	120.0	mappable	0.23349773	5.0	NA	0.15699220351	0.00917431193	0.2022597913	0.13082927	0.14000358	39900010	39900026	39939969	39939992	0.86963658	2	515321.7	31.89114	1.1996244	20.80238	0.6656741	0.33134829	0.914110872	1.82008049	2	1	2:1	3	gain	4176584
21	39939993	47779987	NA	7839995	129857	2.9844754	129016	5777	24951.0	mappable	0.243125	6.0	NA	0.1642550823	0.00015110305	0.2938597913	0.08732701	0.08747811	39939993	39940016	47779972	47780002	0.8089171	2	545975.9	33.832118	1.2784063	20.68162	0.6628426	0.3256853	1.006237817	1.97823758	2	1	2:1	3	gain	4176584
21	47779987	47880044	NA	100058	1615	2.73419136	1597	145	330.0	mappable	0.18201667	5.0	NA	0.10916341563	0.00613496933	0.1858597913	0.12040593	0.1265409	47779972	47780002	47879979	47880044	0.82501452	2	515321.7	31.89114	1.1996244	20.80238	0.6656741	0.33134829	0.914110872	1.82008049	2	1	2:1	3	gain	4176584
21	47880045	48099931	NA	219887	3486	2.9844754	3471	395	639.0	mappable	0.25457234	6.0	edge	0.1745300823	0.00243902439	0.3264597913	0.1126989	0.11513792	47880045	47880110	48099931	48099931	0.87397439	2	545975.9	33.832118	1.2784063	20.68162	0.6628426	0.3256853	1.006237817	1.97823758	2	1	2:1	3	gain	4176584
22	16850007	23030093	NA	6180087	59813	1.99984909	59417	2730	11468.0	mappable	0.07898889	2.0	edge	0.0001449177	0.00031989763	0.0130402087	0.08865564	0.08897554	16850007	16850007	23029996	23030190	0.21290206	1	413870.4	21.503702	0.9684755	NA	NA	0.0	0.999924544	0.99992454	1	1	1:1	2	neutral	4176584
22	23030093	23223518	NA	193426	2464	2.31774345	2459	157	455.0	mappable	0.07205	1.0	NA	0.0116699177	0.00617283951	0.0918597913	0.11388599	0.12005883	23029996	23030190	23223509	23223518	0.22292195	1	446308.3	23.698671	1.0685391	NA	NA	0.0	1.158871724	1.15887172	1	1	1:1	2	neutral	4176584
22	23223519	23223541	CTX	23	6	2.16353846	6	0	1.0	mappable	NA	NA	NA	NA	inf	0.0502597913	0.44212946	inf	23223519	23223525	23223541	23223541	NA	missing	434913.0	NA	1.02	NA	NA	NA	NA	NA	NA	NA	NA	NA	NA	4176584
22	23223542	23320078	CTX	96537	2153	2.31774345	2143	81	358.0	mappable	0.09328409	1.0	NA	0.0077300823	0.01098901099	0.1138597913	0.12078174	0.13177075	23223542	23223544	23319994	23320078	0.11428031	1	446308.3	23.698671	1.0685391	NA	NA	0.0	1.158871724	1.15887172	1	1	1:1	2	neutral	4176584
22	23320079	51179984	NA	27859909	391521	1.99984909	389684	18702	73806.0	mappable	0.078725	2.0	edge	0.00025231583	4.868786e-05	0.0129479204	0.08086792	0.0809166	23320079	23320163	51179984	51179984	0.16237212	1	413870.4	21.503702	0.9684755	NA	NA	0.0	0.999924544	0.99992454	1	1	1:1	2	neutral	4176584
23	2700027	58499983	NA	55799957	490518	1.96717769	490518	420	54410.0	mappable	0.318475	NA	NA	NA	NA	NA	NA	NA	2700027	2700027	58499983	58499983	0.24403317	1	335007.8	15.102366	1.5774	NA	NA	NA	NA	NA	2	NA	2	2	gain	4176584
23	61750000	84709868	NA	22959869	200801	1.84597808	200801	149	22389.0	mappable	0.448625	NA	NA	NA	NA	NA	NA	NA	61750000	61750000	84709699	84709868	0.29996299	1	316687.6	14.075006	1.5011	NA	NA	NA	NA	NA	2	NA	2	2	gain	4176584
23	84709869	84750072	NA	40204	592	2.06772731	592	0	59.0	mappable	NA	NA	NA	NA	NA	NA	NA	NA	84709869	84710038	84749976	84750072	NA	missing	331576.0	NA	1.6407	NA	NA	NA	NA	NA	2	NA	2	2	gain	4176584
23	84750073	88459980	NA	3709908	44143	1.83517654	44143	60	4932.0	mappable	0.11489167	NA	NA	NA	NA	NA	NA	NA	84750073	84750169	88459980	88459980	NA	missing	316014.6	14.555825	1.4943	NA	NA	NA	NA	NA	2	NA	2	2	gain	4176584
23	88990017	89349936	NA	359920	1088	1.86503962	1088	0	132.0	mappable	NA	NA	NA	NA	NA	NA	NA	NA	88990017	88990017	89349936	89349936	NA	missing	319103.9	NA	1.5131	NA	NA	NA	NA	NA	2	NA	2	2	gain	4176584
23	89349937	90140198	NA	790262	0	0.0	0	0	NA	mappable	NA	NA	NA	NA	NA	NA	NA	NA	89349937	89349937	90140198	90140198	NA	missing	NA	NA	0.0	NA	NA	0.0	0.0	0.0	0	0	-1	0	homozygousDel	4176584
23	90140199	91529952	NA	1389754	5103	1.80070692	5103	1	587.0	mappable	0.2173913	NA	NA	NA	NA	NA	NA	NA	90140199	90140199	91529952	91529952	NA	missing	315263.3	12.336389	1.4726	NA	NA	NA	NA	NA	2	NA	2	2	gain	4176584
23	91529953	92379999	NA	850047	0	0.0	0	0	NA	mappable	NA	NA	NA	NA	NA	NA	NA	NA	91529953	91529953	92379999	92379999	NA	missing	NA	NA	0.0	NA	NA	0.0	0.0	0.0	0	0	-1	0	homozygousDel	4176584
23	92380000	122250002	NA	29870003	271966	1.91142269	271966	214	30214.0	mappable	0.208875	NA	NA	NA	NA	NA	NA	NA	92380000	92380000	122249991	122250002	0.01813144	1	326859.1	15.069864	1.5423	NA	NA	NA	NA	NA	2	NA	2	2	gain	4176584
23	122250003	122270067	NA	20065	237	2.20814731	237	0	13.0	mappable	NA	NA	NA	NA	NA	NA	NA	NA	122250003	122250014	122269982	122270152	NA	missing	351102.3	NA	1.7291	NA	NA	NA	NA	NA	2	NA	2	2	gain	4176584
23	122270067	154929639	NA	32659573	294169	1.92603654	294169	297	32042.0	mappable	0.26025	NA	NA	NA	NA	NA	NA	NA	122269982	122270152	154929639	154929639	0.13324663	1	328240.9	14.920043	1.5515	NA	NA	NA	NA	NA	2	NA	2	2	gain	4176584
24	2653090	2919837	NA	266748	293	0.98058423	293	0	36.0	mappable	NA	NA	NA	NA	NA	NA	NA	NA	2653090	2653090	2919837	2919837	NA	missing	207531.2	NA	0.9563	NA	NA	NA	NA	NA	1	NA	1	1	neutral	4176584
24	3712028	3719919	NA	7892	141	0.98534962	141	0	20.0	mappable	NA	NA	NA	NA	NA	NA	NA	NA	3712028	3712028	3719919	3719919	NA	missing	213471.4	NA	0.9593	NA	NA	NA	NA	NA	1	NA	1	1	neutral	4176584
24	6420014	10069977	NA	3649964	6071	0.88511769	6071	34	832.0	mappable	0.31195714	NA	NA	NA	NA	NA	NA	NA	6420014	6420014	10069977	10069977	0.41641599	2	196464.2	7.896349	0.8962	NA	NA	NA	NA	NA	1	NA	1	1	neutral	4176584
24	13130053	19558992	NA	6428940	11924	0.82777423	11925	172	2563.0	mappable	0.10313409	NA	NA	NA	NA	NA	NA	NA	13130053	13130053	19558992	19558992	0.29012853	1	216136.5	9.696482	0.8601	NA	NA	NA	NA	NA	1	NA	1	1	neutral	4176584
24	20802956	23808171	NA	3005216	2839	0.92308192	2840	8	342.0	mappable	0.18059444	NA	NA	NA	NA	NA	NA	NA	20802956	20802956	23808171	23808171	NA	missing	199923.9	8.19043	0.9201	NA	NA	NA	NA	NA	1	NA	1	1	neutral	4176584
24	24381338	24508205	NA	126868	228	0.95485115	228	0	18.0	mappable	NA	NA	NA	NA	NA	NA	NA	NA	24381338	24381338	24508205	24508205	NA	missing	186574.5	NA	0.9401	NA	NA	NA	NA	NA	1	NA	1	1	neutral	4176584
24	28780461	28789809	NA	9349	78	0.69450231	78	6	33.0	mappable	0.30909556	NA	NA	NA	NA	NA	NA	NA	28780461	28780461	28789809	28789809	NA	missing	288591.4	10.100699	0.7762	NA	NA	NA	NA	NA	1	NA	1	1	neutral	4176584
