#chromosome	start	end	crest	length	tcnNbrOfLoci	tcnMean	tcnNbrOfSNPs	tcnNbrOfHets	dhNbrOfLoci	map	dhMax	cluster	neighbour	distDH	errorSNP	distTcn	errorLength	totalError	minStart	maxStart	minStop	maxStop	area	peaks	meanCovT	meanCovB	tcnMeanRaw	AF	BAF	dhMean	c1Mean	c2Mean	A	B	genotype	TCN	GNL	PID
1	840009	2277768	NA	1437760	19321	1.96639	19179	1136	2309.0	mappable	0.902375	NA	edge	0.82392622212	0.00078308536	0.01696927658	0.09777373	0.09855682	840009	840009	2277716	2277768	0.9225926	2	397022.95	37.433592	0.9226	20.156	0.9929045	0.98580908	0.013952444	1.9524376	2	0	2:0	2	cnLOH	4138464
1	2277769	4199995	DEL	1922227	29064	1.01155988	28860	1784	3480.0	mappable	0.8425	4.0	NA	0.75679676668	0.00050301811	0.43036927658	0.09581138	0.0963144	2277769	2277827	4199926	4199995	0.9524522	2	219110.22	19.776718	0.5200955	19.73248	0.9910348	0.98206956	0.009068856	1.002491	1	0	1:0	1	LOH	4138464
1	4199996	4209945	NA	9950	247	0.85144556	239	5	40.0	mappable	0.905875	NA	NA	0.20836462382	0.07692307692	0.48696927658	0.15059696	0.22752003	4199996	4200065	4209880	4210010	NA	missing	223647.5	21.299762	0.4526	NA	NA	NA	NA	NA	NA	NA	NA	NA	NA	4138464
1	4209945	6409201	NA	2199257	40331	1.01155988	40069	2108	4870.0	mappable	0.839075	4.0	NA	0.76022176668	0.00042194093	0.42126927658	0.09492807	0.09535001	4209880	4210010	6409145	6409201	0.9723512	2	219110.22	19.776718	0.5200955	19.73248	0.9910348	0.98206956	0.009068856	1.002491	1	0	1:0	1	LOH	4138464
1	6409202	7390045	DEL	980844	12109	2.0029903	12064	314	1574.0	mappable	0.07947619	2.0	self	0.00392890953	0.00278551532	0.00236927658	0.10048401	0.10326953	6409202	6409226	7389992	7390045	0.1909572	1	396495.91	20.634153	0.9380287	NA	NA	0.0	1.001495152	1.0014952	1	1	1:1	2	neutral	4138464
1	7390046	7410023	NA	19978	342	2.44059722	339	32	41.0	mappable	0.05266667	NA	identical	0.02644119629	0.02857142857	0.18293072342	0.13999598	0.16856741	7390046	7390099	7409991	7410055	NA	missing	458801.96	23.597677	1.1225	NA	NA	NA	NA	NA	NA	NA	NA	NA	NA	4138464
1	7410023	9130038	NA	1720016	22649	2.0029903	22516	991	2865.0	mappable	0.07769815	2.0	self	0.00106156666	0.00089047195	0.01496927658	0.0965531	0.09744357	7409991	7410055	9129945	9130131	0.1754675	1	396495.91	20.634153	0.9380287	NA	NA	0.0	1.001495152	1.0014952	1	1	1:1	2	neutral	4138464
1	9130038	9149995	NA	19958	330	1.62431556	330	3	55.0	mappable	0.16243378	NA	identical	0.08358055046	0.33333333333	0.16116927658	0.14001014	0.47334347	9129945	9130131	9149985	9150005	NA	missing	409569.78	23.58129	0.7784	NA	NA	NA	NA	NA	NA	NA	NA	NA	NA	4138464
1	9149995	12839977	NA	3689983	47309	2.0029903	47137	1733	5902.0	mappable	0.08215	2.0	self	0.00165390827	0.00052493438	0.0065587646	0.09167927	0.0922042	9149985	9150005	12839977	12839977	0.1694754	1	396495.91	20.634153	0.9380287	NA	NA	0.0	1.001495152	1.0014952	1	1	1:1	2	neutral	4138464
1	13780016	67275946	NA	53495935	682525	2.0029903	679923	27965	82986.0	mappable	0.078725	2.0	NA	0.00280408714	3.271502e-05	0.00129398395	0.07790308	0.07793579	13780016	13780016	67275919	67275946	0.1648965	1	396495.91	20.634153	0.9380287	NA	NA	0.0	1.001495152	1.0014952	1	1	1:1	2	neutral	4138464
1	67275947	67276456	INV	510	8	1.73011667	8	0	1.0	mappable	NA	NA	NA	NA	inf	0.11656927658	0.22236173	inf	67275947	67276137	67276378	67276456	NA	missing	331422.5	NA	0.823	NA	NA	NA	NA	NA	NA	NA	NA	NA	NA	4138464
1	67276457	67277314	CTX	858	11	1.73011667	11	0	1.0	mappable	NA	NA	NA	NA	inf	0.11656927658	0.20523695	inf	67276457	67276685	67277275	67277314	NA	missing	331422.5	NA	0.823	NA	NA	NA	NA	NA	NA	NA	NA	NA	NA	4138464
1	67277315	67625366	DEL	348052	4494	1.01155988	4470	218	556.0	mappable	0.80458571	4.0	NA	0.72597176668	0.0041322314	0.39746927658	0.10864285	0.11277508	67277315	67277353	67625316	67625366	0.9704553	2	219110.22	19.776718	0.5200955	19.73248	0.9910348	0.98206956	0.009068856	1.002491	1	0	1:0	1	LOH	4138464
1	67625367	67630008	DEL	4642	55	1.35198444	52	0	5.0	mappable	NA	NA	NA	0.00346919077	0.33333333333	0.27596927658	0.16419646	0.49752979	67625367	67625370	67629979	67630008	NA	missing	291866.0	NA	0.6636	NA	NA	NA	NA	NA	NA	NA	NA	NA	NA	4138464
1	67630009	97960025	NA	30330022	400999	2.0029903	399442	18493	46766.0	mappable	0.08215	2.0	NA	0.00336754782	4.987531e-05	0.00047623919	0.08046916	0.08051903	67630009	67630038	97959987	97960025	0.1537794	1	396495.91	20.634153	0.9380287	NA	NA	0.0	1.001495152	1.0014952	1	1	1:1	2	neutral	4138464
1	97960026	97962904	DEL	2879	31	1.71967889	30	0	4.0	mappable	NA	NA	NA	0.8470726926	1.0	0.12096927658	0.17404392	1.17404392	97960026	97960091	97962896	97962904	NA	missing	349986.0	NA	0.8186	NA	NA	NA	NA	NA	NA	NA	NA	NA	NA	4138464
1	97962905	109810047	DEL	11847143	164875	2.0029903	164402	7632	18902.0	mappable	0.08198333	2.0	NA	0.002256742	0.00012338063	0.00651915223	0.0851135	0.08523688	97962905	97962979	109809951	109810047	0.161789	1	396495.91	20.634153	0.9380287	NA	NA	0.0	1.001495152	1.0014952	1	1	1:1	2	neutral	4138464
1	109810048	109820028	NA	9981	193	1.78823611	193	0	28.0	mappable	NA	NA	NA	NA	inf	0.09206927658	0.15054608	inf	109810048	109810144	109819981	109820028	NA	missing	401337.0	NA	0.8475	NA	NA	NA	NA	NA	NA	NA	NA	NA	NA	4138464
1	109820029	120529963	NA	10709936	139921	2.0029903	139461	6756	16289.0	mappable	0.08215	2.0	NA	0.00272922811	0.00013858093	0.00357533645	0.08564413	0.08578271	109820029	109820076	120529963	120529963	0.1449698	1	396495.91	20.634153	0.9380287	NA	NA	0.0	1.001495152	1.0014952	1	1	1:1	2	neutral	4138464
1	121220004	121229986	NA	9983	177	2.0029903	176	10	23.0	mappable	0.08377937	2.0	self	0.01224954445	0.09090909091	0.03583072342	0.15054281	0.2414519	121220004	121220004	121229986	121229986	NA	missing	396495.91	20.634153	0.9380287	NA	NA	NA	NA	NA	NA	NA	NA	NA	NA	4138464
1	144010127	144019970	NA	9844	155	1.93792333	105	0	23.0	mappable	NA	NA	NA	0.28180867144	0.02	0.02896927658	0.15077238	0.17077238	144010127	144010127	144019970	144019970	NA	missing	1195028.0	NA	0.9106	NA	NA	NA	NA	NA	NA	NA	NA	NA	NA	4138464
1	144920087	145739956	NA	819870	6366	2.0029903	5788	35	840.0	mappable	0.12513684	2.0	self	0.01775323332	0.00163132137	0.01953072342	0.10180689	0.10343821	144920087	144920087	145739956	145739956	0.1593224	1	396495.91	20.634153	0.9380287	NA	NA	0.0	1.001495152	1.0014952	1	1	1:1	2	neutral	4138464
1	146540101	147829895	NA	1289795	11647	2.0029903	11632	207	1606.0	mappable	0.07165577	2.0	self	0.00719746409	0.0045045045	0.00343072342	0.09852843	0.10303293	146540101	146540101	147829895	147829895	0.2051641	1	396495.91	20.634153	0.9380287	NA	NA	0.0	1.001495152	1.0014952	1	1	1:1	2	neutral	4138464
1	149815060	197319921	NA	47504868	635295	2.0029903	633041	29770	75326.0	mappable	0.08215	2.0	self	0.00248808157	3.122756e-05	0.00427287313	0.07842654	0.07845777	149815060	149815060	197319799	197319921	0.1552776	1	396495.91	20.634153	0.9380287	NA	NA	0.0	1.001495152	1.0014952	1	1	1:1	2	neutral	4138464
1	197319922	197330021	NA	10100	156	2.50678222	155	0	30.0	mappable	NA	NA	identical	0.21844406397	1.0	0.21083072342	0.15035257	1.15035257	197319922	197320044	197329935	197330021	NA	missing	493231.1	NA	1.1504	NA	NA	NA	NA	NA	NA	NA	NA	NA	NA	4138464
1	197330022	199065010	NA	1734989	22581	2.0029903	22486	1179	2526.0	mappable	0.08229884	2.0	NA	0.00060199923	0.00078492936	0.02603072342	0.09649485	0.09727978	197330022	197330108	199059967	199065010	0.1475105	1	396495.91	20.634153	0.9380287	NA	NA	0.0	1.001495152	1.0014952	1	1	1:1	2	neutral	4138464
1	199065011	199079945	NA	14935	132	1.75099222	132	0	20.0	mappable	NA	NA	NA	NA	inf	0.10776927658	0.14423344	inf	199065011	199070054	199079822	199079945	NA	missing	365454.0	NA	0.8318	NA	NA	NA	NA	NA	NA	NA	NA	NA	NA	4138464
1	199079946	244961841	NA	45881896	626292	2.0029903	624172	27162	76785.0	mappable	0.078725	2.0	NA	0.00088331901	3.415067e-05	0.00209820334	0.07858107	0.07861522	199079946	199080069	244961837	244961841	0.1676618	1	396495.91	20.634153	0.9380287	NA	NA	0.0	1.001495152	1.0014952	1	1	1:1	2	neutral	4138464
1	244961842	244962279	INV	438	5	1.24286222	4	0	1.0	mappable	NA	NA	NA	0.01548638932	1.0	0.32196927658	0.22792576	1.22792576	244961842	244961951	244962252	244962279	NA	missing	266900.0	NA	0.6176	NA	NA	NA	NA	NA	NA	NA	NA	NA	NA	4138464
1	244962280	245082261	INV	119982	1519	1.01155988	1517	113	187.0	mappable	0.84608571	4.0	NA	0.76734676668	0.00869565217	0.40046927658	0.11853637	0.12723202	244962280	244962344	245082260	245082261	1.0	2	219110.22	19.776718	0.5200955	19.73248	0.9910348	0.98206956	0.009068856	1.002491	1	0	1:0	1	LOH	4138464
1	245082262	249209945	CTX	4127685	58117	2.0029903	57777	3357	7095.0	mappable	0.085575	2.0	edge	0.00651889079	0.00027048959	0.0128603532	0.09100464	0.09127513	245082262	245082290	249209945	249209945	0.1897127	1	396495.91	20.634153	0.9380287	NA	NA	0.0	1.001495152	1.0014952	1	1	1:1	2	neutral	4138464
2	20016	13824995	NA	13804980	219126	2.0029903	218029	12089	26634.0	mappable	0.078725	2.0	edge	0.00012823332	7.583801e-05	0.01036927658	0.08432171	0.08439754	20016	20016	13819987	13824995	0.1572898	1	396495.91	20.634153	0.9380287	NA	NA	0.0	1.001495152	1.0014952	1	1	1:1	2	neutral	4138464
2	13824996	13839989	NA	14994	155	2.45222111	155	0	29.0	mappable	NA	NA	NA	NA	inf	0.18783072342	0.1441743	inf	13824996	13830004	13839976	13839989	NA	missing	403532.22	NA	1.1274	NA	NA	NA	NA	NA	NA	NA	NA	NA	NA	4138464
2	13839990	24339984	NA	10499995	152767	2.0029903	152360	6675	18152.0	mappable	0.0753	2.0	NA	0.00355323332	0.00014120305	0.00156927658	0.08574901	0.08589021	13839990	13840003	24339940	24339984	0.144832	1	396495.91	20.634153	0.9380287	NA	NA	0.0	1.001495152	1.0014952	1	1	1:1	2	neutral	4138464
2	24339985	24379976	NA	39992	555	2.16565667	555	0	97.0	mappable	NA	NA	NA	NA	inf	0.06703072342	0.13082649	inf	24339985	24340029	24379936	24379976	NA	missing	412659.91	NA	1.0066	NA	NA	NA	NA	NA	NA	NA	NA	NA	NA	4138464
2	24379977	33830019	NA	9450045	130564	2.0029903	130066	4920	15901.0	mappable	0.078725	2.0	NA	0.00012694331	0.00018456995	0.00513775752	0.08631148	0.08649605	24379977	24380017	33829953	33830085	0.1778699	1	396495.91	20.634153	0.9380287	NA	NA	0.0	1.001495152	1.0014952	1	1	1:1	2	neutral	4138464
2	33830019	33839967	NA	9949	198	2.23919556	198	0	28.0	mappable	NA	NA	NA	NA	inf	0.09803072342	0.1505986	inf	33829953	33830085	33839911	33839967	NA	missing	418515.0	NA	1.0376	NA	NA	NA	NA	NA	NA	NA	NA	NA	NA	4138464
2	33839968	87059860	NA	53219897	806920	2.0029903	804498	35738	95662.0	mappable	0.078725	2.0	NA	0.00078950007	2.620751e-05	0.00041902425	0.07792573	0.07795194	33839968	33840024	87059860	87059860	0.1491551	1	396495.91	20.634153	0.9380287	NA	NA	0.0	1.001495152	1.0014952	1	1	1:1	2	neutral	4138464
2	88330099	89050017	NA	719919	9342	2.0029903	9318	400	1143.0	mappable	0.08175	2.0	self	0.00166000197	0.00235849057	0.00706927658	0.10278826	0.10514675	88330099	88330099	89049908	89050126	0.1581061	1	396495.91	20.634153	0.9380287	NA	NA	0.0	1.001495152	1.0014952	1	1	1:1	2	neutral	4138464
2	89050017	89160767	NA	110751	1153	0.52052056	1153	42	125.0	mappable	0.0479	NA	NA	0.03095323332	0.02380952381	0.62646927658	0.11935339	0.14316291	89049908	89050126	89160763	89160767	0.4071561	2	137071.29	7.958406	0.3131	20.50527	0.6150149	0.23002984	0.200392649	0.3201279	sub	0	sub:0	sub	sub	4138464
2	89160768	89197301	INV	36534	1103	1.01155988	1103	18	109.0	mappable	0.7877	4.0	NA	0.70884676668	0.05555555556	0.44416927658	0.13195265	0.18750821	89160768	89160769	89197190	89197301	NA	missing	219110.22	19.776718	0.5200955	NA	NA	NA	NA	NA	NA	NA	NA	NA	NA	4138464
2	89197302	89229990	INV	32689	275	1.03813944	275	6	34.0	mappable	0.72645962	NA	NA	0.64760638206	0.16666666667	0.40826927658	0.13336429	0.30003096	89197302	89197396	89229990	89229990	NA	missing	221235.95	13.242248	0.5313	NA	NA	NA	NA	NA	NA	NA	NA	NA	NA	4138464
2	89840102	90239998	NA	399897	914	2.0029903	906	17	131.0	mappable	0.03035904	2.0	self	0.04109517093	0.04	0.00183072342	0.10747332	0.14747332	89840102	89840102	90239998	90239998	NA	missing	396495.91	20.634153	0.9380287	NA	NA	NA	NA	NA	NA	NA	NA	NA	NA	4138464
2	95580145	96239991	NA	659847	4441	2.0029903	4428	45	534.0	mappable	0.03146081	2.0	NA	0.04747068615	0.01724137931	0.00126927658	0.10345663	0.12069801	95580145	95580145	96239991	96239991	0.2437968	1	396495.91	20.634153	0.9380287	NA	NA	0.0	1.001495152	1.0014952	1	1	1:1	2	neutral	4138464
2	96239992	96740020	NA	500029	0	0.0	0	0	NA	mappable	NA	NA	NA	NA	inf	0.93956927658	0.10564318	inf	96239992	96239992	96740020	96740020	NA	missing	NA	NA	0.0	NA	NA	0.0	0.0	0.0	0	0	NA	0	homozygousDel	4138464
2	96740021	132189994	NA	35449976	448271	2.0029903	446849	19687	53267.0	mappable	0.08215	2.0	NA	0.00329384177	4.737316e-05	0.00275430907	0.0797471	0.07979447	96740021	96740021	132189994	132189994	0.1453179	1	396495.91	20.634153	0.9380287	NA	NA	0.0	1.001495152	1.0014952	1	1	1:1	2	neutral	4138464
2	132189995	133009999	NA	820005	0	0.0	0	0	NA	mappable	NA	NA	NA	NA	inf	0.93956927658	0.10180566	inf	132189995	132189995	133009999	133009999	NA	missing	NA	NA	0.0	NA	NA	0.0	0.0	0.0	0	0	NA	0	homozygousDel	4138464
2	133010000	202889964	NA	69879971	929327	2.0029903	926248	39199	108135.0	mappable	0.078725	2.0	NA	0.00041195994	2.365352e-05	0.0075527655	0.07675075	0.07677441	133010000	133010000	202889906	202890022	0.1627598	1	396495.91	20.634153	0.9380287	NA	NA	0.0	1.001495152	1.0014952	1	1	1:1	2	neutral	4138464
2	202889964	202919999	NA	30036	400	2.21879444	398	2	48.0	mappable	0.44670407	NA	identical	0.72993413728	0.25	0.08943072342	0.13445916	0.38445916	202889906	202890022	202919999	202919999	NA	missing	412877.14	28.070434	1.029	NA	NA	NA	NA	NA	NA	NA	NA	NA	NA	4138464
2	202920000	242999969	NA	40079972	573799	2.0029903	571481	25983	69011.0	mappable	0.08215	2.0	edge	0.00242665046	3.533694e-05	0.00335861779	0.07918792	0.07922325	202920000	202920000	242999969	242999969	0.1611892	1	396495.91	20.634153	0.9380287	NA	NA	0.0	1.001495152	1.0014952	1	1	1:1	2	neutral	4138464
3	100074	10699979	NA	10599906	184595	2.0029903	183805	10886	21476.0	mappable	0.078725	2.0	edge	0.00013965699	8.564577e-05	3.563753e-05	0.08569881	0.08578445	100074	100074	10699927	10700031	0.1641363	1	396495.91	20.634153	0.9380287	NA	NA	0.0	1.001495152	1.0014952	1	1	1:1	2	neutral	4138464
3	10699979	10710098	NA	10120	155	2.52409944	151	6	15.0	mappable	0.14798403	NA	identical	0.06110502053	0.1	0.21813072342	0.15032031	0.25032031	10699927	10700031	10709971	10710098	NA	missing	401760.0	20.909562	1.1577	NA	NA	NA	NA	NA	NA	NA	NA	NA	NA	4138464
3	10710099	35310033	NA	24599939	361355	2.0029903	360156	15958	43169.0	mappable	0.078725	2.0	NA	0.00142938536	5.828865e-05	0.00147245856	0.08145926	0.08151755	10710099	10710226	35309992	35310033	0.1522596	1	396495.91	20.634153	0.9380287	NA	NA	0.0	1.001495152	1.0014952	1	1	1:1	2	neutral	4138464
3	35310034	35330050	NA	20017	308	1.83639222	308	0	58.0	mappable	NA	NA	NA	NA	inf	0.07176927658	0.13996841	inf	35310034	35310075	35329969	35330050	NA	missing	378775.42	NA	0.8678	NA	NA	NA	NA	NA	NA	NA	NA	NA	NA	4138464
3	35330051	60439938	NA	25109888	319437	2.0029903	318447	11536	38542.0	mappable	0.078725	2.0	NA	0.00171274169	7.983395e-05	0.0010200055	0.08136116	0.081441	35330051	35330132	60439739	60439938	0.1526917	1	396495.91	20.634153	0.9380287	NA	NA	0.0	1.001495152	1.0014952	1	1	1:1	2	neutral	4138464
3	60439939	60446305	NA	6367	135	1.49550389	135	2	19.0	mappable	0.08815959	NA	NA	0.00930635484	0.5	0.21546927658	0.15827295	0.65827295	60439939	60440138	60446283	60446305	NA	missing	321450.0	17.489445	0.7241	NA	NA	NA	NA	NA	NA	NA	NA	NA	NA	4138464
3	60446306	60482253	ITX	35948	823	1.14465222	823	5	105.0	mappable	0.4922623	NA	NA	0.41340906826	0.2	0.36336927658	0.13215605	0.33215605	60446306	60446317	60482131	60482253	NA	missing	245351.63	18.401372	0.5762	NA	NA	NA	NA	NA	NA	NA	NA	NA	NA	4138464
3	60482254	60482604	DEL	351	7	2.0029903	6	0	0.0	mappable	NA	2.0	self	0.05321220768	1.0	0.03216927658	0.23653727	1.23653727	60482254	60482272	60482556	60482604	NA	missing	396495.91	NA	0.9380287	NA	NA	NA	NA	NA	NA	NA	NA	NA	NA	4138464
3	60482605	75519996	ITX	15037393	227943	2.0029903	227213	11485	26982.0	mappable	0.08215	2.0	NA	0.00201181747	8.186656e-05	0.00599039677	0.0838854	0.08396727	60482605	60482652	75279989	75760003	0.163869	1	396495.91	20.634153	0.9380287	NA	NA	0.0	1.001495152	1.0014952	1	1	1:1	2	neutral	4138464
3	75519996	75865031	NA	345036	2783	2.72526389	2783	0	82.0	mappable	NA	NA	NA	NA	inf	0.30293072342	0.108717	inf	75279989	75760003	75799981	75930081	NA	missing	139092.15	NA	1.2425	NA	NA	NA	NA	NA	NA	NA	NA	NA	NA	4138464
3	75865031	90499969	NA	14634941	206713	2.0029903	206030	8743	24043.0	mappable	0.078725	2.0	NA	0.00141494247	0.00010608954	0.01043535322	0.08402333	0.08412942	75799981	75930081	90499969	90499969	0.1392498	1	396495.91	20.634153	0.9380287	NA	NA	0.0	1.001495152	1.0014952	1	1	1:1	2	neutral	4138464
3	93570175	147425025	NA	53854852	727292	2.0029903	724846	34928	85617.0	mappable	0.078725	2.0	NA	0.00015534174	2.675657e-05	6.483201e-05	0.07787382	0.07790057	93570175	93570175	147419984	147425025	0.1585961	1	396495.91	20.634153	0.9380287	NA	NA	0.0	1.001495152	1.0014952	1	1	1:1	2	neutral	4138464
3	147425026	147445018	NA	19993	172	1.759295	172	0	25.0	mappable	NA	NA	NA	NA	inf	0.10426927658	0.13998537	inf	147425026	147430067	147439969	147450067	NA	missing	385911.7	NA	0.8353	NA	NA	NA	NA	NA	NA	NA	NA	NA	NA	4138464
3	147445018	190840033	NA	43395024	592948	2.0029903	591082	25917	71339.0	mappable	0.078725	2.0	NA	0.00072377502	3.599323e-05	0.00516976664	0.07883008	0.07886607	147439969	147450067	190839999	190840067	0.1401086	1	396495.91	20.634153	0.9380287	NA	NA	0.0	1.001495152	1.0014952	1	1	1:1	2	neutral	4138464
3	190840033	190849948	NA	9916	182	1.78349167	182	0	25.0	mappable	NA	NA	NA	NA	inf	0.09406927658	0.15065298	inf	190839999	190840067	190849884	190850012	NA	missing	368495.7	NA	0.8455	NA	NA	NA	NA	NA	NA	NA	NA	NA	NA	4138464
3	190849948	197779892	NA	6929946	98855	2.0029903	98343	5310	12020.0	mappable	0.0753	2.0	edge	0.00151878059	0.00017176228	0.00187272304	0.08801108	0.08818284	190849884	190850012	197779892	197779892	0.1625787	1	396495.91	20.634153	0.9380287	NA	NA	0.0	1.001495152	1.0014952	1	1	1:1	2	neutral	4138464
4	50084	8939952	NA	8889869	145590	2.0029903	144602	7194	17808.0	mappable	0.078725	2.0	edge	0.00012823332	0.00012221951	0.01656927658	0.08664111	0.08676333	50084	50084	8939952	8939952	0.1643578	1	396495.91	20.634153	0.9380287	NA	NA	0.0	1.001495152	1.0014952	1	1	1:1	2	neutral	4138464
4	9800043	32719993	NA	22919954	361900	2.0029903	360703	15168	43061.0	mappable	0.08215	2.0	NA	0.00192796112	6.110975e-05	0.00778482922	0.08179925	0.08186036	9800043	9800043	32719983	32719993	0.1636846	1	396495.91	20.634153	0.9380287	NA	NA	0.0	1.001495152	1.0014952	1	1	1:1	2	neutral	4138464
4	32719994	32730005	NA	10012	169	2.22401333	169	0	17.0	mappable	NA	NA	NA	NA	inf	0.09163072342	0.1504954	inf	32719994	32720004	32729997	32730013	NA	missing	395903.3	NA	1.0312	NA	NA	NA	NA	NA	NA	NA	NA	NA	NA	4138464
4	32730005	49089961	NA	16359957	236908	2.0029903	236187	10159	27935.0	mappable	0.078725	2.0	NA	5.256926e-05	9.191176e-05	0.00141857356	0.08345969	0.0835516	32729997	32730013	49089961	49089961	0.1572011	1	396495.91	20.634153	0.9380287	NA	NA	0.0	1.001495152	1.0014952	1	1	1:1	2	neutral	4138464
4	52680564	70819979	NA	18139416	262777	2.0029903	261796	14968	30499.0	mappable	0.078725	2.0	NA	9.798363e-05	6.270379e-05	0.00072322733	0.0829441	0.08300681	52680564	52680564	70819913	70820045	0.146746	1	396495.91	20.634153	0.9380287	NA	NA	0.0	1.001495152	1.0014952	1	1	1:1	2	neutral	4138464
4	70819979	70829976	NA	9998	143	1.81409333	143	0	15.0	mappable	NA	NA	NA	NA	inf	0.08116927658	0.15051827	inf	70819913	70820045	70829951	70829976	NA	missing	379311.7	NA	0.8584	NA	NA	NA	NA	NA	NA	NA	NA	NA	NA	4138464
4	70829977	79319972	NA	8489997	113231	2.0029903	112865	4678	13503.0	mappable	0.078725	2.0	NA	0.00012991646	0.00019825535	0.00988448697	0.08689104	0.0870893	70829977	70830002	79319912	79319972	0.1763503	1	396495.91	20.634153	0.9380287	NA	NA	0.0	1.001495152	1.0014952	1	1	1:1	2	neutral	4138464
4	79319973	79339983	NA	20011	291	2.246075	291	0	44.0	mappable	NA	NA	NA	NA	inf	0.10093072342	0.13997265	inf	79319973	79320033	79339950	79339983	NA	missing	431383.97	NA	1.0405	NA	NA	NA	NA	NA	NA	NA	NA	NA	NA	4138464
4	79339984	126530057	NA	47190074	628044	2.0029903	626151	29040	73413.0	mappable	0.078725	2.0	NA	0.00012823332	3.232793e-05	0.00253072342	0.07845605	0.07848838	79339984	79340017	126529916	126530198	0.1524017	1	396495.91	20.634153	0.9380287	NA	NA	0.0	1.001495152	1.0014952	1	1	1:1	2	neutral	4138464
4	126530057	126550058	NA	20002	312	1.82429389	312	0	42.0	mappable	NA	NA	NA	NA	inf	0.07686927658	0.13997901	inf	126529916	126530198	126549998	126550058	NA	missing	370356.15	NA	0.8627	NA	NA	NA	NA	NA	NA	NA	NA	NA	NA	4138464
4	126550059	155589954	NA	29039897	381078	2.0029903	379851	18032	44317.0	mappable	0.078725	2.0	NA	0.00181236279	5.192647e-05	0.00101642257	0.0806727	0.08072463	126550059	126550119	155589854	155589954	0.1484123	1	396495.91	20.634153	0.9380287	NA	NA	0.0	1.001495152	1.0014952	1	1	1:1	2	neutral	4138464
4	155589955	155609976	NA	20022	214	2.26386667	214	0	24.0	mappable	NA	NA	NA	NA	inf	0.10843072342	0.13996488	inf	155589955	155590055	155609933	155609976	NA	missing	418423.99	NA	1.048	NA	NA	NA	NA	NA	NA	NA	NA	NA	NA	4138464
4	155609977	190799944	NA	35189972	534036	2.0029903	531483	29094	63146.0	mappable	0.078725	2.0	edge	0.00115572038	3.160057e-05	0.00559425523	0.07978089	0.07981249	155609977	155610020	190799944	190799944	0.1649156	1	396495.91	20.634153	0.9380287	NA	NA	0.0	1.001495152	1.0014952	1	1	1:1	2	neutral	4138464
5	50017	2580025	NA	2530011	41054	2.99027148	40701	2081	5459.0	mappable	0.32511591	1.0	edge	0.23195451466	0.00041084634	0.38958336872	0.094026	0.09443685	50017	50017	2579992	2580058	0.885406	2	568586.46	37.179607	1.3542128	19.6658	0.6653321	0.33066428	1.000747749	1.9895237	2	1	2:1	3	gain	4138464
5	2580025	2599990	NA	19966	440	2.59052167	435	0	60.0	mappable	NA	NA	NA	0.39288647256	0.2	0.24613072342	0.14000447	0.34000447	2579992	2580058	2599971	2600009	NA	missing	518495.94	NA	1.1857	NA	NA	NA	NA	NA	NA	NA	NA	NA	NA	4138464
5	2599990	28919984	NA	26320000	398969	2.99027148	397703	19420	47353.0	mappable	0.304775	1.0	NA	0.22600566394	4.834187e-05	0.4003274946	0.08113703	0.08118538	2599971	2600009	28919934	28919984	0.9023631	2	568586.46	37.179607	1.3542128	19.6658	0.6653321	0.33066428	1.000747749	1.9895237	2	1	2:1	3	gain	4138464
5	28919985	28929965	NA	9981	232	2.56300389	230	0	27.0	mappable	NA	NA	NA	0.33566508418	0.5	0.23453072342	0.15054608	0.65054608	28919985	28920035	28929904	28929965	NA	missing	554486.7	NA	1.1741	NA	NA	NA	NA	NA	NA	NA	NA	NA	NA	4138464
5	28929966	46399990	NA	17470029	248138	2.99027148	247235	12851	28614.0	mappable	0.311625	1.0	NA	0.23089152222	7.270612e-05	0.4143835396	0.08313112	0.08320383	28929966	28930027	46399990	46399990	0.9119303	2	568586.46	37.179607	1.3542128	19.6658	0.6653321	0.33066428	1.000747749	1.9895237	2	1	2:1	3	gain	4138464
5	49470005	68829703	NA	19359701	256614	2.99027148	255781	10247	30879.0	mappable	0.3082	1.0	NA	0.22925874376	9.025271e-05	0.42403707927	0.08262225	0.08271251	49470005	49470005	68829703	68829703	0.921032	2	568586.46	37.179607	1.3542128	19.6658	0.6653321	0.33066428	1.000747749	1.9895237	2	1	2:1	3	gain	4138464
5	70750153	107349984	NA	36599838	490196	2.99027148	488658	22541	56995.0	mappable	0.311625	1.0	NA	0.23315838639	4.152996e-05	0.42450799272	0.07960093	0.07964246	70750153	70750153	107349932	107349984	0.9024862	2	568586.46	37.179607	1.3542128	19.6658	0.6653321	0.33066428	1.000747749	1.9895237	2	1	2:1	3	gain	4138464
5	107349985	107370052	NA	20068	317	3.22841222	317	0	46.0	mappable	NA	NA	NA	NA	inf	0.51503072342	0.13993246	inf	107349985	107350037	107369988	107370052	NA	missing	586629.12	NA	1.4546	NA	NA	NA	NA	NA	NA	NA	NA	NA	NA	4138464
5	107370053	118350891	NA	10980841	178867	2.99027148	178378	8657	20805.0	mappable	0.304775	1.0	NA	0.22579700601	0.00010933742	0.41585593713	0.08551216	0.0856215	107370053	107370117	118350884	118350891	0.9167976	2	568586.46	37.179607	1.3542128	19.6658	0.6653321	0.33066428	1.000747749	1.9895237	2	1	2:1	3	gain	4138464
5	118350892	118769796	INV	418905	6449	1.01155988	6422	296	736.0	mappable	0.866225	4.0	NA	0.78281692797	0.00309597523	0.40826927658	0.1070878	0.11018378	118350892	118350917	118759982	118769796	0.9436654	2	219110.22	19.776718	0.5200955	19.73248	0.9910348	0.98206956	0.009068856	1.002491	1	0	1:0	1	LOH	4138464
5	118769797	123220138	INV	4450342	68337	2.99027148	68149	3054	7972.0	mappable	0.3082	1.0	NA	0.22934676668	0.00030845157	0.40883072342	0.09055722	0.09086567	118769797	118790016	123219998	123220138	0.9055969	2	568586.46	37.179607	1.3542128	19.6658	0.6653321	0.33066428	1.000747749	1.9895237	2	1	2:1	3	gain	4138464
5	123220139	123230035	NA	9897	161	2.70818389	161	0	19.0	mappable	NA	NA	NA	NA	inf	0.29573072342	0.15068438	inf	123220139	123220279	123229982	123230088	NA	missing	576704.4	NA	1.2353	NA	NA	NA	NA	NA	NA	NA	NA	NA	NA	4138464
5	123230035	150099941	NA	26869908	359863	2.99027148	358636	16892	41937.0	mappable	0.3082	1.0	NA	0.23115226901	5.519068e-05	0.41930716057	0.08103896	0.08109415	123229982	123230088	150099880	150099941	0.9048414	2	568586.46	37.179607	1.3542128	19.6658	0.6653321	0.33066428	1.000747749	1.9895237	2	1	2:1	3	gain	4138464
5	150099942	150109998	NA	10057	170	3.36695	170	0	19.0	mappable	NA	NA	NA	NA	inf	0.57343072342	0.15042217	inf	150099942	150100003	150109938	150109998	NA	missing	599387.5	NA	1.513	NA	NA	NA	NA	NA	NA	NA	NA	NA	NA	4138464
5	150109999	158149826	NA	8039830	113774	2.99027148	113432	5789	13425.0	mappable	0.318475	1.0	NA	0.23702483933	0.00016310553	0.42620687966	0.08718877	0.08735188	150109999	150110059	158149764	158149826	0.9139528	2	568586.46	37.179607	1.3542128	19.6658	0.6653321	0.33066428	1.000747749	1.9895237	2	1	2:1	3	gain	4138464
5	158149827	158497111	INV	347286	4624	1.04596778	4621	2	597.0	mappable	0.95833333	NA	NA	0.09375390953	0.2	0.40496927658	0.10866161	0.30866161	158149827	158150075	158497003	158497111	NA	missing	227754.38	22.30095	0.5346	NA	NA	NA	NA	NA	NA	NA	NA	NA	NA	4138464
5	158497112	180689979	INV	22192872	306975	2.99027148	305902	13344	37220.0	mappable	0.311625	1.0	edge	0.23021626889	6.936256e-05	0.4079989052	0.08195514	0.08202451	158497112	158497113	180689979	180689979	0.8867829	2	568586.46	37.179607	1.3542128	19.6658	0.6653321	0.33066428	1.000747749	1.9895237	2	1	2:1	3	gain	4138464
6	201976	58019982	NA	57818014	859076	2.0029903	853678	40233	105306.0	mappable	0.078725	2.0	edge	0.00168165241	2.191541e-05	0.00070549131	0.07756443	0.07758634	201976	201976	58019982	58019982	0.1582761	1	396495.91	20.634153	0.9380287	NA	NA	0.0	1.001495152	1.0014952	1	1	1:1	2	neutral	4138464
6	58610011	58769997	NA	159987	572	2.0029903	569	25	60.0	mappable	0.0756	2.0	self	0.00189018773	0.03571428571	0.03633072342	0.11568989	0.15140418	58610011	58610011	58769997	58769997	NA	missing	396495.91	20.634153	0.9380287	NA	NA	NA	NA	NA	NA	NA	NA	NA	NA	4138464
6	61890002	75020021	NA	13130020	190205	2.0029903	189436	10004	22394.0	mappable	0.07947619	2.0	NA	0.00329676668	9.282465e-05	0.00016927658	0.08457959	0.08467242	61890002	61890002	75019999	75020021	0.1526169	1	396495.91	20.634153	0.9380287	NA	NA	0.0	1.001495152	1.0014952	1	1	1:1	2	neutral	4138464
6	75020022	75040046	NA	20025	349	2.19625833	349	0	46.0	mappable	NA	NA	NA	NA	inf	0.07993072342	0.13996277	inf	75020022	75020044	75039985	75040107	NA	missing	420441.27	NA	1.0195	NA	NA	NA	NA	NA	NA	NA	NA	NA	NA	4138464
6	75040046	162269998	NA	87229964	1206589	2.0029903	1202792	55879	142339.0	mappable	0.078725	2.0	NA	0.00175420878	1.675744e-05	0.00299552859	0.07581984	0.0758366	75039985	75040107	162269996	162270000	0.1459047	1	396495.91	20.634153	0.9380287	NA	NA	0.0	1.001495152	1.0014952	1	1	1:1	2	neutral	4138464
6	162269998	162280017	NA	10020	179	1.67199722	179	0	35.0	mappable	NA	NA	NA	NA	inf	0.14106927658	0.15048235	inf	162269996	162270000	162279980	162280054	NA	missing	344408.3	NA	0.7985	NA	NA	NA	NA	NA	NA	NA	NA	NA	NA	4138464
6	162280017	170899935	NA	8619921	140653	2.0029903	139814	7339	17840.0	mappable	0.08215	2.0	edge	0.00074047904	0.00012227929	0.01656963917	0.08680841	0.08693069	162279980	162280054	170899935	170899935	0.1779097	1	396495.91	20.634153	0.9380287	NA	NA	0.0	1.001495152	1.0014952	1	1	1:1	2	neutral	4138464
7	40386	2400063	NA	2359679	39374	2.99027148	39162	1333	5071.0	mappable	0.30647181	1.0	edge	0.22410986556	0.00064724919	0.37599031097	0.0944726	0.09511985	40386	40386	2399993	2400063	0.901029	2	568586.46	37.179607	1.3542128	19.6658	0.6653321	0.33066428	1.000747749	1.9895237	2	1	2:1	3	gain	4138464
7	2400064	2410072	NA	10009	197	2.04325	194	6	28.0	mappable	0.46672685	NA	NA	0.38709602142	0.11111111111	0.01543072342	0.1505003	0.26161141	2400064	2400134	2409994	2410072	NA	missing	590970.0	38.945743	0.955	NA	NA	NA	NA	NA	NA	NA	NA	NA	NA	4138464
7	2410073	34389987	NA	31979917	503138	2.99027148	501529	26172	59460.0	mappable	0.311625	1.0	NA	0.23326466999	3.599582e-05	0.41907576633	0.0802225	0.08025849	2410073	2410151	34389901	34389987	0.9046213	2	568586.46	37.179607	1.3542128	19.6658	0.6653321	0.33066428	1.000747749	1.9895237	2	1	2:1	3	gain	4138464
7	34389988	34400148	NA	10161	142	2.62064889	142	0	19.0	mappable	NA	NA	NA	NA	inf	0.25883072342	0.15025444	inf	34389988	34390074	34399982	34400148	NA	missing	538916.2	NA	1.1984	NA	NA	NA	NA	NA	NA	NA	NA	NA	NA	4138464
7	34400149	49810010	NA	15409865	210044	2.99027148	209346	10249	25133.0	mappable	0.311625	1.0	NA	0.23411718452	9.134923e-05	0.42351259198	0.08376139	0.08385274	34400149	34400315	49809974	49810010	0.9149036	2	568586.46	37.179607	1.3542128	19.6658	0.6653321	0.33066428	1.000747749	1.9895237	2	1	2:1	3	gain	4138464
7	49810011	49850043	NA	40033	597	2.86641111	596	0	75.0	mappable	NA	NA	NA	0.07885323332	1.0	0.36243072342	0.13081384	1.13081384	49810011	49810047	49849992	49850043	NA	missing	557619.16	NA	1.302	NA	NA	NA	NA	NA	NA	NA	NA	NA	NA	4138464
7	49850044	57999988	NA	8149946	101303	2.99027148	101008	5007	12063.0	mappable	0.297925	1.0	NA	0.22000032827	0.00018860807	0.40844461442	0.08711424	0.08730285	49850044	49850095	57999988	57999988	0.9223076	2	568586.46	37.179607	1.3542128	19.6658	0.6653321	0.33066428	1.000747749	1.9895237	2	1	2:1	3	gain	4138464
7	61770004	63384937	NA	1614934	17087	2.90863667	16809	382	1835.0	mappable	0.28264457	NA	NA	0.0471689889	0.00151515152	0.38023072342	0.0969789	0.09849405	61770004	61780016	63379816	63384937	0.9224043	2	594912.2	38.421413	1.3198	21.11285	0.6569751	0.31395024	0.997734745	1.9109019	2	1	2:1	3	gain	4138464
7	63384938	72229988	NA	8845051	94096	2.99027148	93612	4917	11550.0	mappable	0.31505	1.0	NA	0.23625753937	0.0001851509	0.40917896352	0.08666848	0.08685364	63384938	63390059	72229988	72229988	0.9109643	2	568586.46	37.179607	1.3542128	19.6658	0.6653321	0.33066428	1.000747749	1.9895237	2	1	2:1	3	gain	4138464
7	72750118	74139961	NA	1389844	10250	2.99027148	10186	501	1328.0	mappable	0.30101154	1.0	NA	0.22249676668	0.0017699115	0.41273072342	0.09800803	0.09977794	72750118	72750118	74139961	74139961	0.9131932	2	568586.46	37.179607	1.3542128	19.6658	0.6653321	0.33066428	1.000747749	1.9895237	2	1	2:1	3	gain	4138464
7	75160045	76059952	NA	899908	8422	2.99027148	8369	503	1062.0	mappable	0.29670573	1.0	NA	0.22425267316	0.00179856115	0.40223072342	0.10111521	0.10291377	75160045	75160045	76059952	76059952	0.9340257	2	568586.46	37.179607	1.3542128	19.6658	0.6653321	0.33066428	1.000747749	1.9895237	2	1	2:1	3	gain	4138464
7	76810004	87454940	NA	10644941	149576	2.99027148	149106	7785	17366.0	mappable	0.311625	1.0	NA	0.2357152954	0.0001211387	0.40978521612	0.08567635	0.08579749	76810004	76810004	87449851	87454940	0.9089904	2	568586.46	37.179607	1.3542128	19.6658	0.6653321	0.33066428	1.000747749	1.9895237	2	1	2:1	3	gain	4138464
7	87454941	107409919	NA	19954980	242758	2.0029903	241763	9340	29525.0	mappable	0.078725	2.0	self	0.00016858583	9.675859e-05	0.00424390445	0.08247339	0.08257015	87454941	87460030	107409819	107410019	0.1612541	1	396495.91	20.634153	0.9380287	NA	NA	0.0	1.001495152	1.0014952	1	1	1:1	2	neutral	4138464
7	107409919	107419948	NA	10030	141	1.09270056	141	7	18.0	mappable	0.02883929	NA	identical	0.05001394761	0.14285714286	0.38526927658	0.15046606	0.2933232	107409819	107410019	107419891	107420005	NA	missing	436631.1	22.704817	0.5543	NA	NA	NA	NA	NA	NA	NA	NA	NA	NA	4138464
7	107419948	159119808	NA	51699869	696570	2.0029903	693725	32495	83631.0	mappable	0.078725	2.0	edge	0.00179576438	2.829735e-05	0.00597838708	0.07805287	0.07808117	107419891	107420005	159119808	159119808	0.1661686	1	396495.91	20.634153	0.9380287	NA	NA	0.0	1.001495152	1.0014952	1	1	1:1	2	neutral	4138464
8	170012	6509964	NA	6339961	183867	2.0029903	182837	9902	22366.0	mappable	0.078725	2.0	edge	0.00258523311	9.147457e-05	0.02057973033	0.08851107	0.08860255	170012	170012	6509905	6509964	0.1728506	1	396495.91	20.634153	0.9380287	NA	NA	0.0	1.001495152	1.0014952	1	1	1:1	2	neutral	4138464
8	6509965	6549984	NA	40020	1009	2.16692462	1007	78	122.0	mappable	0.12496628	5.0	NA	0.04912176668	0.0125	0.03863072342	0.13081785	0.14331785	6509965	6510024	6549955	6549984	0.1625218	1	414533.84	21.941763	1.0071345	NA	NA	0.0	1.08346231	1.0834623	1	1	1:1	2	neutral	4138464
8	6549985	6590000	NA	40016	1017	1.90328889	1017	5	149.0	mappable	0.17281775	NA	NA	0.09396451559	0.2	0.04356927658	0.13081908	0.33081908	6549985	6550014	6589888	6590112	NA	missing	393185.72	23.299894	0.896	NA	NA	NA	NA	NA	NA	NA	NA	NA	NA	4138464
8	6590000	6919904	NA	329905	7449	2.0029903	7404	452	873.0	mappable	0.07825	2.0	self	0.00142033859	0.00201207243	0.01573072342	0.10910068	0.11111275	6589888	6590112	6919904	6919904	0.1608739	1	396495.91	20.634153	0.9380287	NA	NA	0.0	1.001495152	1.0014952	1	1	1:1	2	neutral	4138464
8	8100000	11859985	NA	3759987	79287	2.0029903	79021	4551	9565.0	mappable	0.08215	2.0	self	0.00311781193	0.00020759809	0.00201463251	0.09156546	0.09177306	8100000	8100000	11859985	11859985	0.1614461	1	396495.91	20.634153	0.9380287	NA	NA	0.0	1.001495152	1.0014952	1	1	1:1	2	neutral	4138464
8	12580042	43789991	NA	31209952	520777	2.0029903	519138	23577	62218.0	mappable	0.078725	2.0	self	0.00179109396	3.965736e-05	0.00924707283	0.08033579	0.08037545	12580042	12580042	43789991	43789991	0.1460118	1	396495.91	20.634153	0.9380287	NA	NA	0.0	1.001495152	1.0014952	1	1	1:1	2	neutral	4138464
8	46880007	46919997	NA	39991	1149	2.16692462	1147	0	120.0	mappable	NA	5.0	NA	0.02872792004	0.5	0.06333072342	0.1308268	0.6308268	46880007	46880007	46919932	46920062	NA	missing	414533.84	NA	1.0071345	NA	NA	NA	NA	NA	NA	NA	NA	NA	NA	4138464
8	46919997	47170013	NA	250017	4858	2.0029903	4858	12	566.0	mappable	0.0847	2.0	NA	0.00584676668	0.08333333333	0.02086927658	0.11153453	0.19486786	46919932	46920062	47169976	47170013	NA	missing	396495.91	20.634153	0.9380287	NA	NA	NA	NA	NA	NA	NA	NA	NA	NA	4138464
8	47170014	47210045	NA	40032	801	2.17490833	801	3	85.0	mappable	0.247	NA	NA	0.16814676668	0.33333333333	0.07093072342	0.13081415	0.46414748	47170014	47170051	47209999	47210045	NA	missing	395211.66	19.760583	1.0105	NA	NA	NA	NA	NA	NA	NA	NA	NA	NA	4138464
8	47210046	64329901	NA	17119858	237186	2.0029903	236648	8293	28152.0	mappable	0.07757143	2.0	NA	0.00042121098	0.00011323746	0.00268931879	0.08323218	0.08334542	47210046	47210092	64329780	64330022	0.1524023	1	396495.91	20.634153	0.9380287	NA	NA	0.0	1.001495152	1.0014952	1	1	1:1	2	neutral	4138464
8	64329901	64340021	NA	10121	157	1.81562508	156	10	21.0	mappable	0.0627439	6.0	identical	0.00121908698	0.09090909091	0.15116927658	0.1503187	0.24122779	64329780	64330022	64339964	64340021	NA	missing	383568.74	20.455128	0.8590457	NA	NA	NA	NA	NA	NA	NA	NA	NA	NA	4138464
8	64340022	113179990	NA	48839976	648859	2.0029903	646775	26726	76457.0	mappable	0.08215	2.0	self	0.0031949549	3.471017e-05	0.00095279494	0.07830376	0.07833847	64340022	64340079	113179944	113180036	0.1456731	1	396495.91	20.634153	0.9380287	NA	NA	0.0	1.001495152	1.0014952	1	1	1:1	2	neutral	4138464
8	113179990	113220026	NA	40037	489	1.80958611	489	1	85.0	mappable	0.23076923	NA	NA	0.15191599745	1.0	0.08306927658	0.13081261	1.13081261	113179944	113180036	113219997	113220055	NA	missing	376967.63	23.198008	0.8565	NA	NA	NA	NA	NA	NA	NA	NA	NA	NA	4138464
8	113220026	113270001	NA	49976	549	2.07219111	549	0	97.0	mappable	NA	NA	NA	NA	inf	0.02763072342	0.12813163	inf	113219997	113220055	113269904	113270098	NA	missing	394720.5	NA	0.9672	NA	NA	NA	NA	NA	NA	NA	NA	NA	NA	4138464
8	113270001	113289990	NA	19990	297	1.81562508	296	0	36.0	mappable	NA	6.0	NA	0.02640992457	1.0	0.08316927658	0.13998749	1.13998749	113269904	113270098	113289906	113289990	NA	missing	383568.74	NA	0.8590457	NA	NA	NA	NA	NA	NA	NA	NA	NA	NA	4138464
8	113289991	129102178	NA	15812192	227360	2.0029903	226681	9495	27064.0	mappable	0.08215	2.0	self	0.00351612947	9.828976e-05	0.00178271366	0.08363115	0.08372944	113289991	113290075	129102128	129102178	0.1613057	1	396495.91	20.634153	0.9380287	NA	NA	0.0	1.001495152	1.0014952	1	1	1:1	2	neutral	4138464
8	129102179	146289988	CTX	17187813	266188	2.0029903	265102	13402	32038.0	mappable	0.078725	2.0	edge	0.00286940512	6.902264e-05	0.00625772196	0.08321239	0.08328141	129102179	129102265	146289988	146289988	0.1583205	1	396495.91	20.634153	0.9380287	NA	NA	0.0	1.001495152	1.0014952	1	1	1:1	2	neutral	4138464
9	200595	10315464	NA	10114875	199109	2.0029903	198557	10534	23198.0	mappable	0.078725	2.0	edge	0.00092467723	9.020386e-05	0.00610287184	0.08594766	0.08603787	200595	200595	10315460	10315464	0.1468105	1	396495.91	20.634153	0.9380287	NA	NA	0.0	1.001495152	1.0014952	1	1	1:1	2	neutral	4138464
9	10315465	10428426	CTX	112962	2253	1.01155988	2249	78	254.0	mappable	0.86336944	4.0	NA	0.78294676668	0.01219512195	0.37646927658	0.11915061	0.13134574	10315465	10315487	10428360	10428426	0.9740588	2	219110.22	19.776718	0.5200955	19.73248	0.9910348	0.98206956	0.009068856	1.002491	1	0	1:0	1	LOH	4138464
9	10428427	10428430	CTX	4	0	0.0	0	0	NA	mappable	NA	NA	NA	NA	inf	0.93956927658	1.0	inf	10428427	10428427	10428430	10428430	NA	missing	NA	NA	0.0	NA	NA	0.0	0.0	0.0	0	0	NA	0	homozygousDel	4138464
9	10428431	10428834	CTX	404	8	1.16125778	7	0	0.0	mappable	NA	NA	NA	0.0566310111	1.0	0.35636927658	0.23099459	1.23099459	10428431	10428481	10428833	10428834	NA	missing	242092.5	NA	0.5832	NA	NA	NA	NA	NA	NA	NA	NA	NA	NA	4138464
9	10428835	38769828	CTX	28340997	444238	2.0029903	442922	20889	52167.0	mappable	0.078725	2.0	self	0.00215716888	4.50349e-05	0.00533515028	0.08078723	0.08083227	10428835	10428877	38769828	38769828	0.138151	1	396495.91	20.634153	0.9380287	NA	NA	0.0	1.001495152	1.0014952	1	1	1:1	2	neutral	4138464
9	66840048	66849972	NA	9925	540	2.0029903	510	0	60.0	mappable	NA	2.0	self	0.01675911568	0.03333333333	0.00546927658	0.15063813	0.18397146	66840048	66840048	66849972	66849972	NA	missing	396495.91	NA	0.9380287	NA	NA	NA	NA	NA	NA	NA	NA	NA	NA	4138464
9	68410004	68419976	NA	9973	1130	2.0029903	1042	0	284.0	mappable	NA	2.0	self	0.0584337232	0.01136363636	0.02566927658	0.15055919	0.16192283	68410004	68410004	68419976	68419976	NA	missing	396495.91	NA	0.9380287	NA	NA	NA	NA	NA	NA	NA	NA	NA	NA	4138464
9	71030093	98830003	NA	27799913	373936	2.0029903	372700	16821	45046.0	mappable	0.078725	2.0	NA	0.00264941969	5.538018e-05	0.00177255602	0.08087809	0.08093347	71030093	71030093	98829992	98830003	0.1455016	1	396495.91	20.634153	0.9380287	NA	NA	0.0	1.001495152	1.0014952	1	1	1:1	2	neutral	4138464
9	98830004	98839975	NA	9972	163	2.31249722	163	0	19.0	mappable	NA	NA	NA	NA	inf	0.12893072342	0.15056083	inf	98830004	98830015	98839936	98839975	NA	missing	430301.7	NA	1.0685	NA	NA	NA	NA	NA	NA	NA	NA	NA	NA	4138464
9	98839976	141019791	NA	42179816	587056	2.0029903	584699	25764	71184.0	mappable	0.078725	2.0	edge	0.00034384517	3.556061e-05	0.00332520446	0.0789576	0.07899316	98839976	98840015	141019791	141019791	0.1592596	1	396495.91	20.634153	0.9380287	NA	NA	0.0	1.001495152	1.0014952	1	1	1:1	2	neutral	4138464
10	130013	2340501	NA	2210492	39842	2.0029903	39486	2140	4981.0	mappable	0.077425	2.0	edge	0.00040213219	0.0004008016	0.01128972234	0.09489495	0.09529576	130013	130013	2340376	2340501	0.2008066	1	396495.91	20.634153	0.9380287	NA	NA	0.0	1.001495152	1.0014952	1	1	1:1	2	neutral	4138464
10	2340502	2340519	DEL	18	0	0.0	0	0	NA	mappable	NA	NA	NA	NA	inf	0.93956927658	0.47962493	inf	2340502	2340502	2340519	2340519	NA	missing	NA	NA	0.0	NA	NA	0.0	0.0	0.0	0	0	NA	0	homozygousDel	4138464
10	2340520	3008110	DUP	667591	13467	2.0029903	13378	496	1684.0	mappable	0.06902661	2.0	NA	0.00645288672	0.00170940171	0.00626648491	0.10336663	0.10507603	2340520	2340537	3008064	3008110	0.1675491	1	396495.91	20.634153	0.9380287	NA	NA	0.0	1.001495152	1.0014952	1	1	1:1	2	neutral	4138464
10	3008111	3008331	DEL	221	3	2.29185889	3	0	0.0	mappable	NA	NA	NA	NA	inf	0.12023072342	0.25680855	inf	3008111	3008159	3008319	3008331	NA	missing	419381.4	NA	1.0598	NA	NA	NA	NA	NA	NA	NA	NA	NA	NA	4138464
10	3008332	8089943	DUP	5081612	86377	2.0029903	85951	5507	10574.0	mappable	0.08215	2.0	NA	0.00329676668	0.00016854879	0.00036927658	0.08977928	0.08994783	3008332	3008334	8089885	8090001	0.1825685	1	396495.91	20.634153	0.9380287	NA	NA	0.0	1.001495152	1.0014952	1	1	1:1	2	neutral	4138464
10	8089943	8100014	NA	10072	157	1.77495167	157	0	18.0	mappable	NA	NA	NA	NA	inf	0.09766927658	0.15039785	inf	8089885	8090001	8099981	8100014	NA	missing	378339.0	NA	0.8419	NA	NA	NA	NA	NA	NA	NA	NA	NA	NA	4138464
10	8100015	19729995	NA	11629983	184437	2.0029903	183674	9585	22862.0	mappable	0.078725	2.0	NA	0.00126641863	9.665571e-05	0.00070098319	0.08521028	0.08530694	8100015	8100048	19729957	19730033	0.1691149	1	396495.91	20.634153	0.9380287	NA	NA	0.0	1.001495152	1.0014952	1	1	1:1	2	neutral	4138464
10	19729995	19749997	NA	20003	471	2.25058222	471	0	56.0	mappable	NA	NA	NA	NA	inf	0.10283072342	0.1399783	inf	19729957	19730033	19749973	19750021	NA	missing	406614.11	NA	1.0424	NA	NA	NA	NA	NA	NA	NA	NA	NA	NA	4138464
10	19749997	39149984	NA	19399992	260657	2.0029903	259405	11264	31918.0	mappable	0.078725	2.0	NA	0.00022258877	7.989773e-05	0.00327839316	0.08261202	0.08269192	19749973	19750021	39149984	39149984	0.1527842	1	396495.91	20.634153	0.9380287	NA	NA	0.0	1.001495152	1.0014952	1	1	1:1	2	neutral	4138464
10	42410000	46159967	NA	3749968	43626	2.0029903	43495	1559	5208.0	mappable	0.08215	2.0	self	0.00329676668	0.00059171598	0.00876927658	0.0915816	0.09217332	42410000	42410000	46159967	46159967	0.1943628	1	396495.91	20.634153	0.9380287	NA	NA	0.0	1.001495152	1.0014952	1	1	1:1	2	neutral	4138464
10	48310177	48659961	NA	349785	5551	2.0029903	5537	176	662.0	mappable	0.06898333	2.0	self	0.00820718069	0.00526315789	0.02013072342	0.10860057	0.11386373	48310177	48310177	48659961	48659961	0.178758	1	396495.91	20.634153	0.9380287	NA	NA	0.0	1.001495152	1.0014952	1	1	1:1	2	neutral	4138464
10	49390096	131749994	NA	82359903	1147449	2.0029903	1143661	54425	137338.0	mappable	0.078725	2.0	self	0.00057029055	1.717859e-05	0.00321056739	0.07605882	0.076076	49390096	49390096	131749974	131749994	0.1567069	1	396495.91	20.634153	0.9380287	NA	NA	0.0	1.001495152	1.0014952	1	1	1:1	2	neutral	4138464
10	131749995	131780083	NA	30089	308	1.81562508	294	0	38.0	mappable	NA	6.0	identical	0.01724459276	0.07142857143	0.15826927658	0.13443617	0.20586474	131749995	131750015	131779979	131780187	NA	missing	383568.74	NA	0.8590457	NA	NA	NA	NA	NA	NA	NA	NA	NA	NA	4138464
10	131780083	134920047	NA	3139965	54962	2.0029903	54541	2938	7104.0	mappable	0.0753	2.0	NA	0.00012823332	0.00029770765	0.03566927658	0.09266846	0.09296616	131779979	131780187	134919931	134920163	0.1634829	1	396495.91	20.634153	0.9380287	NA	NA	0.0	1.001495152	1.0014952	1	1	1:1	2	neutral	4138464
10	134920047	134939920	NA	19874	444	2.11560278	430	4	81.0	mappable	0.3366381	NA	NA	0.2715399485	0.05555555556	0.04593072342	0.14006981	0.19562536	134919931	134920163	134939740	134939920	NA	missing	403159.66	21.46071	0.9855	NA	NA	NA	NA	NA	NA	NA	NA	NA	NA	4138464
10	134939921	135439925	NA	500005	7784	2.0029903	7697	394	933.0	mappable	0.071875	2.0	edge	0.00355323332	0.00208768267	0.02766927658	0.10564357	0.10773125	134939921	134940101	135439925	135439925	0.2119578	1	396495.91	20.634153	0.9380287	NA	NA	0.0	1.001495152	1.0014952	1	1	1:1	2	neutral	4138464
11	190010	3690016	NA	3500009	48950	2.0029903	48617	2256	6039.0	mappable	0.078725	2.0	edge	0.00073700239	0.00038639876	0.01330926636	0.09200086	0.09238726	190010	190010	3689991	3690016	0.1578666	1	396495.91	20.634153	0.9380287	NA	NA	0.0	1.001495152	1.0014952	1	1	1:1	2	neutral	4138464
11	3690017	3699934	NA	9918	163	2.25366611	162	0	23.0	mappable	NA	NA	NA	0.20319804873	1.0	0.10413072342	0.15064967	1.15064967	3690017	3690042	3699822	3700046	NA	missing	417208.9	NA	1.0437	NA	NA	NA	NA	NA	NA	NA	NA	NA	NA	4138464
11	3699934	48899996	NA	45200068	645650	2.0029903	643036	32716	76573.0	mappable	0.08215	2.0	NA	0.00272504347	2.830536e-05	0.00220834294	0.07864782	0.07867612	3699822	3700046	48899996	48899996	0.1618628	1	396495.91	20.634153	0.9380287	NA	NA	0.0	1.001495152	1.0014952	1	1	1:1	2	neutral	4138464
11	48899997	50170092	NA	1270096	0	0.0	0	0	NA	mappable	NA	NA	NA	NA	inf	0.93956927658	0.09863632	inf	48899997	48899997	50170092	50170092	NA	missing	NA	NA	0.0	NA	NA	0.0	0.0	0.0	0	0	NA	0	homozygousDel	4138464
11	50170093	51579984	NA	1409893	18796	2.0029903	18626	1064	2111.0	mappable	0.07892949	2.0	NA	4.060887e-05	0.00081037277	0.01439447343	0.09790889	0.09871926	50170093	50170093	51579984	51579984	0.1617167	1	396495.91	20.634153	0.9380287	NA	NA	0.0	1.001495152	1.0014952	1	1	1:1	2	neutral	4138464
11	54792817	74949964	NA	20157152	251272	2.0029903	250224	9408	30411.0	mappable	0.078725	2.0	NA	0.00012781944	9.564802e-05	0.00093269351	0.08242396	0.08251961	54792817	54792817	74949922	74950006	0.1743571	1	396495.91	20.634153	0.9380287	NA	NA	0.0	1.001495152	1.0014952	1	1	1:1	2	neutral	4138464
11	74949964	74960018	NA	10055	132	1.77993333	132	0	16.0	mappable	NA	NA	NA	NA	inf	0.09556927658	0.15042542	inf	74949922	74950006	74959965	74960018	NA	missing	360170.0	NA	0.844	NA	NA	NA	NA	NA	NA	NA	NA	NA	NA	4138464
11	74960019	89349940	NA	14389922	204124	2.0029903	203507	8460	24050.0	mappable	0.07802391	2.0	NA	0.00012823332	0.00011016856	0.00166927658	0.0841094	0.08421957	74960019	74960072	89349940	89349940	0.1684142	1	396495.91	20.634153	0.9380287	NA	NA	0.0	1.001495152	1.0014952	1	1	1:1	2	neutral	4138464
11	89850037	89869910	NA	19874	333	1.81562508	332	0	53.0	mappable	NA	6.0	NA	0.04855020302	1.0	0.10256927658	0.14006981	1.14006981	89850037	89850037	89869816	89870004	NA	missing	383568.74	NA	0.8590457	NA	NA	NA	NA	NA	NA	NA	NA	NA	NA	4138464
11	89869910	128030002	NA	38160096	555846	2.0029903	553705	26343	66076.0	mappable	0.078725	2.0	NA	0.00010522326	3.510866e-05	0.00244273343	0.07941058	0.07944569	89869816	89870004	128029992	128030012	0.1612366	1	396495.91	20.634153	0.9380287	NA	NA	0.0	1.001495152	1.0014952	1	1	1:1	2	neutral	4138464
11	128030002	128040004	NA	10003	184	2.28094667	184	0	31.0	mappable	NA	NA	NA	NA	inf	0.11563072342	0.1505101	inf	128029992	128030012	128039965	128040004	NA	missing	447045.6	NA	1.0552	NA	NA	NA	NA	NA	NA	NA	NA	NA	NA	4138464
11	128040005	134939862	NA	6899860	107890	2.0029903	107529	5574	12782.0	mappable	0.08215	2.0	edge	0.00387363795	0.000168492	0.01298025257	0.08803539	0.08820388	128040005	128040044	134939862	134939862	0.1513416	1	396495.91	20.634153	0.9380287	NA	NA	0.0	1.001495152	1.0014952	1	1	1:1	2	neutral	4138464
12	160107	19989992	NA	19829887	269832	2.99027148	268626	11104	33153.0	mappable	0.311625	1.0	edge	0.2348299944	8.124137e-05	0.4166151037	0.08250426	0.0825855	160107	160107	19989930	19989992	0.897316	2	568586.46	37.179607	1.3542128	19.6658	0.6653321	0.33066428	1.000747749	1.9895237	2	1	2:1	3	gain	4138464
12	19989993	20000058	NA	10066	184	2.50868	183	0	17.0	mappable	NA	NA	NA	0.07885323332	1.0	0.21163072342	0.15040757	1.15040757	19989993	19990055	19999939	20000177	NA	missing	529278.6	NA	1.1512	NA	NA	NA	NA	NA	NA	NA	NA	NA	NA	4138464
12	20000058	34819969	NA	14819913	207284	2.99027148	206583	9925	25041.0	mappable	0.31563718	1.0	NA	0.23626705508	9.410879e-05	0.41624232152	0.08395941	0.08405352	19999939	20000177	34819969	34819969	0.9018774	2	568586.46	37.179607	1.3542128	19.6658	0.6653321	0.33066428	1.000747749	1.9895237	2	1	2:1	3	gain	4138464
12	38000003	56149459	NA	18149458	240729	2.99027148	239768	9817	28789.0	mappable	0.318475	1.0	NA	0.24177510404	9.278159e-05	0.42688586593	0.08294136	0.08303414	38000003	38000003	56149162	56149459	0.9106099	2	568586.46	37.179607	1.3542128	19.6658	0.6653321	0.33066428	1.000747749	1.9895237	2	1	2:1	3	gain	4138464
12	56149460	113149987	CTX	57000531	761507	2.99027148	758957	31122	91009.0	mappable	0.311625	1.0	NA	0.2323022864	2.969827e-05	0.41776915813	0.07762628	0.07765597	56149460	56149645	113149958	113150016	0.9058233	2	568586.46	37.179607	1.3542128	19.6658	0.6653321	0.33066428	1.000747749	1.9895237	2	1	2:1	3	gain	4138464
12	113149987	113160018	NA	10032	200	3.24288278	200	0	28.0	mappable	NA	NA	NA	NA	inf	0.52113072342	0.15046281	inf	113149958	113150016	113159993	113160043	NA	missing	608115.6	NA	1.4607	NA	NA	NA	NA	NA	NA	NA	NA	NA	NA	4138464
12	113160018	117089988	NA	3929972	60736	2.99027148	60527	2733	7457.0	mappable	0.31398793	1.0	NA	0.23397080301	0.0003400204	0.39708249502	0.09129882	0.09163884	113159993	113160043	117089954	117089988	0.9137053	2	568586.46	37.179607	1.3542128	19.6658	0.6653321	0.33066428	1.000747749	1.9895237	2	1	2:1	3	gain	4138464
12	117089989	117099994	NA	10006	182	2.63156111	181	11	26.0	mappable	0.18440588	NA	NA	0.10555264903	0.08333333333	0.26343072342	0.1505052	0.23383853	117089989	117090023	117099987	117099994	NA	missing	567303.3	34.443415	1.203	NA	NA	NA	NA	NA	NA	NA	NA	NA	NA	4138464
12	117099995	130819950	NA	13719956	197839	2.99027148	197041	9222	24754.0	mappable	0.311625	1.0	NA	0.23619676668	9.981036e-05	0.39973072342	0.0843534	0.08445321	117099995	117100002	130819896	130819950	0.9003901	2	568586.46	37.179607	1.3542128	19.6658	0.6653321	0.33066428	1.000747749	1.9895237	2	1	2:1	3	gain	4138464
12	130819951	130830020	NA	10070	156	2.43846222	149	11	21.0	mappable	0.34513357	NA	NA	0.20008544189	0.05555555556	0.18203072342	0.15040109	0.20595664	130819951	130820005	130829957	130830020	NA	missing	535986.2	35.732413	1.1216	NA	NA	NA	NA	NA	NA	NA	NA	NA	NA	4138464
12	130830021	133819926	NA	2989910	41523	2.99027148	41141	2789	5294.0	mappable	0.30135	1.0	edge	0.22897223507	0.00031535793	0.37533342554	0.09297279	0.09328815	130830021	130830084	133819926	133819926	0.8743094	2	568586.46	37.179607	1.3542128	19.6658	0.6653321	0.33066428	1.000747749	1.9895237	2	1	2:1	3	gain	4138464
13	19450038	48853798	NA	29403763	409049	1.01155988	407608	18387	49977.0	mappable	0.839075	4.0	edge	0.75881697857	5.044136e-05	0.41703660739	0.08061429	0.08066473	19450038	19450038	48853785	48853798	0.9634182	2	219110.22	19.776718	0.5200955	19.73248	0.9910348	0.98206956	0.009068856	1.002491	1	0	1:0	1	LOH	4138464
13	48853799	48863624	DEL	9826	113	0.62039111	113	0	12.0	mappable	NA	NA	NA	NA	inf	0.58436927658	0.1508024	inf	48853799	48853842	48863545	48863624	NA	missing	153476.69	NA	0.3552	NA	NA	NA	NA	NA	NA	NA	NA	NA	NA	4138464
13	48863625	48916006	DEL	52382	773	0.86544167	772	2	85.0	mappable	0.66666667	NA	NA	0.92213843334	0.33333333333	0.48106927658	0.12757719	0.46091052	48863625	48863673	48915997	48916006	NA	missing	198314.8	16.526233	0.4585	NA	NA	NA	NA	NA	NA	NA	NA	NA	NA	4138464
13	48916007	48986541	DEL	70535	1015	0.08426889	1014	2	116.0	mappable	0.16666667	NA	NA	0.07890323332	0.33333333333	0.81036927658	0.12417693	0.45751026	48916007	48916038	48986518	48986541	NA	missing	54437.53	3.175522	0.1292	NA	NA	NA	NA	NA	NA	NA	NA	NA	NA	4138464
13	48986542	49010020	DEL	23479	149	0.80139167	149	0	16.0	mappable	NA	NA	NA	NA	inf	0.50806927658	0.13774974	inf	48986542	48986639	49009987	49010053	NA	missing	186130.65	NA	0.4315	NA	NA	NA	NA	NA	NA	NA	NA	NA	NA	4138464
13	49010020	49619950	NA	609931	8592	1.04786556	8566	190	1008.0	mappable	0.75128571	NA	NA	0.6808490394	0.00462962963	0.40416927658	0.10406755	0.10869718	49009987	49010053	49619898	49619950	0.9782725	2	226682.29	20.027021	0.5354	19.83085	0.9648102	0.9296203	0.03687423	1.0109913	1	0	1:0	1	LOH	4138464
13	49619951	49639987	NA	20037	265	0.91881667	265	0	35.0	mappable	NA	NA	NA	NA	inf	0.45856927658	0.1399543	inf	49619951	49620003	49639932	49640042	NA	missing	214014.62	NA	0.481	NA	NA	NA	NA	NA	NA	NA	NA	NA	NA	4138464
13	49639987	55059948	NA	5419962	64990	1.01155988	64784	2558	7845.0	mappable	0.83586923	4.0	NA	0.75557349081	0.0003617945	0.41666927658	0.08940605	0.08976784	49639932	49640042	55059780	55060116	0.9801631	2	219110.22	19.776718	0.5200955	19.73248	0.9910348	0.98206956	0.009068856	1.002491	1	0	1:0	1	LOH	4138464
13	55059948	55070061	NA	10114	163	0.87587944	163	0	23.0	mappable	NA	NA	NA	NA	inf	0.47666927658	0.15032998	inf	55059780	55060116	55069986	55070061	NA	missing	190702.86	NA	0.4629	NA	NA	NA	NA	NA	NA	NA	NA	NA	NA	4138464
13	55070062	103079981	NA	48009925	687724	1.01155988	685331	32833	80140.0	mappable	0.839075	4.0	NA	0.76104285592	2.839215e-05	0.41970634654	0.07837964	0.07840804	55070062	55070137	103079911	103079981	0.9752882	2	219110.22	19.776718	0.5200955	19.73248	0.9910348	0.98206956	0.009068856	1.002491	1	0	1:0	1	LOH	4138464
13	103079982	103099925	NA	19944	312	0.88560556	312	0	38.0	mappable	NA	NA	NA	NA	inf	0.47256927658	0.14002006	inf	103079982	103080052	103099819	103100031	NA	missing	196999.39	NA	0.467	NA	NA	NA	NA	NA	NA	NA	NA	NA	NA	4138464
13	103099925	115099984	NA	12000064	194020	1.01155988	193115	9592	23839.0	mappable	0.845925	4.0	edge	0.76533505052	9.530163e-05	0.42497892404	0.08504653	0.08514183	103099819	103100031	115099984	115099984	0.9500023	2	219110.22	19.776718	0.5200955	19.73248	0.9910348	0.98206956	0.009068856	1.002491	1	0	1:0	1	LOH	4138464
14	20330060	106211103	NA	85881054	1206445	2.0029903	1202100	55479	143137.0	mappable	0.078725	2.0	edge	0.00196174026	1.671598e-05	5.262194e-05	0.07588452	0.07590124	20330060	20330060	106009942	106211103	0.1635653	1	396495.91	20.634153	0.9380287	NA	NA	0.0	1.001495152	1.0014952	1	1	1:1	2	neutral	4138464
14	106211104	106324483	CTX	113380	932	0.12103833	930	11	108.0	mappable	0.325325	NA	NA	0.24647176668	0.08333333333	0.79486927658	0.1191128	0.20244613	106211104	106250082	106324439	106324483	NA	missing	62096.83	3.54839	0.1447	NA	NA	NA	NA	NA	NA	NA	NA	NA	NA	4138464
14	106324484	106325564	DEL	1081	82	0.80518722	82	0	11.0	mappable	NA	NA	NA	NA	inf	0.50646927658	0.1984491	inf	106324484	106324535	106325563	106325564	NA	missing	191844.29	NA	0.4331	NA	NA	NA	NA	NA	NA	NA	NA	NA	NA	4138464
14	106325565	106330070	DEL	4506	920	0.79807056	917	3	100.0	mappable	0.10259384	NA	NA	0.23226998096	0.16666666667	0.50946927658	0.16477679	0.33144346	106325565	106325601	106330067	106330070	NA	missing	190523.35	10.813488	0.4301	NA	NA	NA	NA	NA	NA	NA	NA	NA	NA	4138464
14	106330071	106330462	CTX	392	57	0.08213389	52	0	8.0	mappable	NA	NA	NA	0.83209676668	0.2	0.81126927658	0.23216104	0.43216104	106330071	106330081	106330460	106330462	NA	missing	57255.56	NA	0.1283	NA	NA	NA	NA	NA	NA	NA	NA	NA	NA	4138464
14	106330463	106380238	DEL	49776	350	0.05603944	345	12	48.0	mappable	-0.000125	NA	NA	0.07890323332	0.05882352941	0.82226927658	0.12817914	0.18700267	106330463	106330467	106349982	106380238	NA	missing	52307.19	2.615359	0.1173	NA	NA	NA	NA	NA	NA	NA	NA	NA	NA	4138464
14	106380239	106610313	CTX	230075	1222	1.10029167	1204	81	152.0	mappable	0.74009022	NA	NA	0.66123698407	0.0101010101	0.38206927658	0.11228546	0.12238647	106380239	106400108	106559980	106610313	1.0	2	226147.56	20.234255	0.5575	18.99981	0.9744605	0.94892104	0.028100877	1.0721908	1	0	1:0	1	LOH	4138464
14	106610314	107259908	DEL	649595	8873	2.0029903	8492	358	949.0	mappable	0.08759722	2.0	edge	0.0087439889	0.00135317997	0.03453072342	0.10357767	0.10493085	106610314	106650030	107259908	107259908	0.3247183	1	396495.91	20.634153	0.9380287	NA	NA	0.0	1.001495152	1.0014952	1	1	1:1	2	neutral	4138464
15	20850000	20859924	NA	9925	165	2.03304944	139	0	6.0	mappable	NA	NA	edge	0.10582774494	0.03846153846	0.01113072342	0.15063813	0.18909966	20850000	20850000	20859924	20859924	NA	missing	990058.0	NA	0.9507	NA	NA	NA	NA	NA	NA	NA	NA	NA	NA	4138464
15	22480079	23069956	NA	589878	4054	2.0029903	4021	173	515.0	mappable	0.075325	2.0	self	0.00181156666	0.00485436893	0.02926927658	0.10432937	0.10918374	22480079	22480079	23069956	23069956	0.1374417	1	396495.91	20.634153	0.9380287	NA	NA	0.0	1.001495152	1.0014952	1	1	1:1	2	neutral	4138464
15	23710146	24329926	NA	619781	10354	2.0029903	10293	522	1251.0	mappable	0.08451548	2.0	NA	0.00772176668	0.00171526587	0.01796927658	0.10394255	0.10565781	23710146	23710146	24329926	24329926	0.1469242	1	396495.91	20.634153	0.9380287	NA	NA	0.0	1.001495152	1.0014952	1	1	1:1	2	neutral	4138464
15	24329927	24830091	NA	500165	0	0.0	0	0	NA	mappable	NA	NA	NA	NA	inf	0.93956927658	0.10564099	inf	24329927	24329927	24830091	24830091	NA	missing	NA	NA	0.0	NA	NA	0.0	0.0	0.0	0	0	NA	0	homozygousDel	4138464
15	24830092	28529988	NA	3699899	57373	2.0029903	57143	3069	6800.0	mappable	0.08348939	2.0	NA	0.00456554509	0.00030312216	0.01150584604	0.091663	0.09196612	24830092	24830092	28529988	28529988	0.1777139	1	396495.91	20.634153	0.9380287	NA	NA	0.0	1.001495152	1.0014952	1	1	1:1	2	neutral	4138464
15	29100034	30369914	NA	1269881	18280	2.0029903	18224	1249	2096.0	mappable	0.07740278	2.0	self	0.00051343334	0.00076628352	0.02606927658	0.09863751	0.09940379	29100034	29100034	30369914	30369914	0.1719317	1	396495.91	20.634153	0.9380287	NA	NA	0.0	1.001495152	1.0014952	1	1	1:1	2	neutral	4138464
15	31160110	33310015	NA	2149906	23957	2.0029903	23869	915	2885.0	mappable	0.08255385	2.0	NA	0.00329676668	0.00099700897	0.01573072342	0.09507582	0.09607283	31160110	31160110	33309981	33310049	0.1490909	1	396495.91	20.634153	0.9380287	NA	NA	0.0	1.001495152	1.0014952	1	1	1:1	2	neutral	4138464
15	33310015	33330069	NA	20055	459	1.86794278	459	0	70.0	mappable	NA	NA	NA	NA	inf	0.05846927658	0.13994162	inf	33309981	33310049	33329994	33330144	NA	missing	373145.27	NA	0.8811	NA	NA	NA	NA	NA	NA	NA	NA	NA	NA	4138464
15	33330069	41595002	NA	8264934	113886	2.0029903	113471	4817	13919.0	mappable	0.078725	2.0	NA	0.00012823332	0.0001911315	0.00493072342	0.08703761	0.08722874	33329994	33330144	41589973	41600031	0.1522506	1	396495.91	20.634153	0.9380287	NA	NA	0.0	1.001495152	1.0014952	1	1	1:1	2	neutral	4138464
15	41595002	41615106	NA	20105	126	1.72537222	126	0	15.0	mappable	NA	NA	NA	NA	inf	0.11856927658	0.13990645	inf	41589973	41600031	41609981	41620231	NA	missing	377566.0	NA	0.821	NA	NA	NA	NA	NA	NA	NA	NA	NA	NA	4138464
15	41615106	42710001	NA	1094896	14589	2.0029903	14547	456	1774.0	mappable	0.08176711	2.0	NA	0.00291387194	0.00200803213	0.00813072342	0.09968916	0.10169719	41609981	41620231	42709998	42710001	0.2195751	1	396495.91	20.634153	0.9380287	NA	NA	0.0	1.001495152	1.0014952	1	1	1:1	2	neutral	4138464
15	42710002	42715769	NA	5768	83	1.41295056	83	0	10.0	mappable	NA	NA	NA	NA	inf	0.25026927658	0.16007869	inf	42710002	42710005	42715752	42715769	NA	missing	301198.9	NA	0.6893	NA	NA	NA	NA	NA	NA	NA	NA	NA	NA	4138464
15	42715770	45009304	ITX	2293535	22189	1.01155988	22140	410	2668.0	mappable	0.82621667	4.0	NA	0.75679676668	0.00217864924	0.41626927658	0.094656	0.09683465	42715770	42715787	45009156	45009304	0.9502903	2	219110.22	19.776718	0.5200955	19.73248	0.9910348	0.98206956	0.009068856	1.002491	1	0	1:0	1	LOH	4138464
15	45009305	45009696	DEL	392	4	1.17169556	4	0	0.0	mappable	NA	NA	NA	NA	inf	0.35196927658	0.23216104	inf	45009305	45009404	45009662	45009696	NA	missing	258082.2	NA	0.5876	NA	NA	NA	NA	NA	NA	NA	NA	NA	NA	4138464
15	45009697	58549996	ITX	13540301	189373	2.0029903	188874	7184	22622.0	mappable	0.078725	2.0	NA	0.00053770253	0.00013015749	0.00253647926	0.08442111	0.08455127	45009697	45009746	58549993	58549996	0.1766204	1	396495.91	20.634153	0.9380287	NA	NA	0.0	1.001495152	1.0014952	1	1	1:1	2	neutral	4138464
15	58549997	58559979	NA	9983	236	2.20859389	236	0	28.0	mappable	NA	NA	NA	NA	inf	0.08513072342	0.15054281	inf	58549997	58550000	58559926	58560032	NA	missing	402458.8	NA	1.0247	NA	NA	NA	NA	NA	NA	NA	NA	NA	NA	4138464
15	58559979	82479795	NA	23919817	325181	2.0029903	323987	13609	39388.0	mappable	0.078725	2.0	NA	0.00012823332	6.755387e-05	0.00133072342	0.08159368	0.08166123	58559926	58560032	82479795	82479795	0.1614197	1	396495.91	20.634153	0.9380287	NA	NA	0.0	1.001495152	1.0014952	1	1	1:1	2	neutral	4138464
15	83211507	102399920	NA	19188418	295884	2.0029903	294835	13492	35917.0	mappable	0.078725	2.0	edge	0.00081916951	6.877106e-05	0.00142128277	0.08266604	0.08273481	83211507	83211507	102399920	102399920	0.1583719	1	396495.91	20.634153	0.9380287	NA	NA	0.0	1.001495152	1.0014952	1	1	1:1	2	neutral	4138464
16	100010	872216	NA	772207	10363	2.0029903	10282	483	1258.0	mappable	0.07744405	2.0	edge	0.00355323332	0.00177304965	0.01306927658	0.10225666	0.10402971	100010	100010	872186	872216	0.1804239	1	396495.91	20.634153	0.9380287	NA	NA	0.0	1.001495152	1.0014952	1	1	1:1	2	neutral	4138464
16	872217	899992	NA	27776	812	2.16692462	807	5	137.0	mappable	0.06814773	5.0	NA	0.0020174874	0.1	0.07983072342	0.13548712	0.23548712	872217	872247	899974	899992	NA	missing	414533.84	21.941763	1.0071345	NA	NA	NA	NA	NA	NA	NA	NA	NA	NA	4138464
16	899993	1039991	NA	139999	2561	1.81562508	2506	233	351.0	mappable	0.093875	6.0	NA	0.02042176668	0.00347222222	0.06366927658	0.11699288	0.12046511	899993	900011	1039960	1040022	0.2529373	1	383568.74	20.455128	0.8590457	NA	NA	0.0	0.907812539	0.9078125	1	1	1:1	2	neutral	4138464
16	1039991	1050014	NA	10024	196	2.16692462	196	3	28.0	mappable	0.08412255	5.0	NA	0.0052693157	0.33333333333	0.07103072342	0.15047583	0.48380917	1039960	1040022	1049950	1050078	NA	missing	414533.84	21.941763	1.0071345	NA	NA	NA	NA	NA	NA	NA	NA	NA	NA	4138464
16	1050014	6180010	NA	5129998	87812	2.0029903	87499	3115	10922.0	mappable	0.078725	2.0	NA	0.00266978405	0.00029171529	0.00348687326	0.08972421	0.09001593	1049950	1050078	6179983	6180037	0.1895389	1	396495.91	20.634153	0.9380287	NA	NA	0.0	1.001495152	1.0014952	1	1	1:1	2	neutral	4138464
16	6180010	6190013	NA	10004	290	2.15948889	290	0	29.0	mappable	NA	NA	NA	NA	inf	0.06443072342	0.15050846	inf	6179983	6180037	6189992	6190013	NA	missing	418532.9	NA	1.004	NA	NA	NA	NA	NA	NA	NA	NA	NA	NA	4138464
16	6190014	16289940	NA	10099930	195952	2.0029903	195152	10490	24269.0	mappable	0.078725	2.0	NA	0.00046392112	8.857396e-05	0.00898693498	0.08595554	0.08604412	6190014	6190035	16289940	16289940	0.173287	1	396495.91	20.634153	0.9380287	NA	NA	0.0	1.001495152	1.0014952	1	1	1:1	2	neutral	4138464
16	16870104	18169896	NA	1299793	20453	2.0029903	20359	986	2461.0	mappable	0.06709643	2.0	self	0.01382823332	0.00092592593	0.00566927658	0.09847438	0.09940031	16870104	16870104	18169896	18169896	0.183134	1	396495.91	20.634153	0.9380287	NA	NA	0.0	1.001495152	1.0014952	1	1	1:1	2	neutral	4138464
16	18800044	29039945	NA	10239903	124656	2.0029903	124065	5356	16011.0	mappable	0.078725	2.0	self	0.00033808993	0.00016815201	0.00172987629	0.08588225	0.0860504	18800044	18800044	29039945	29039945	0.153355	1	396495.91	20.634153	0.9380287	NA	NA	0.0	1.001495152	1.0014952	1	1	1:1	2	neutral	4138464
16	29670028	31959970	NA	2289945	17552	2.0029903	17478	402	2266.0	mappable	0.07460278	2.0	self	0.00356699383	0.00210084034	0.0054949896	0.09466612	0.09676697	29670028	29670028	31959970	31959970	0.2285913	1	396495.91	20.634153	0.9380287	NA	NA	0.0	1.001495152	1.0014952	1	1	1:1	2	neutral	4138464
16	32520030	32649899	NA	129870	3149	2.0029903	2848	0	391.0	mappable	NA	2.0	self	0.00551573332	0.00332225914	0.01743072342	0.11773911	0.12106137	32520030	32520030	32649899	32649899	NA	missing	396495.91	NA	0.9380287	NA	NA	NA	NA	NA	NA	NA	NA	NA	NA	4138464
16	33889971	35279959	NA	1389989	14718	2.0029903	14681	95	1863.0	mappable	0.05726364	2.0	self	0.01642823332	0.00757575758	0.01086927658	0.09800731	0.10558306	33889971	33890001	35279959	35279959	0.3658366	2	396495.91	20.634153	0.9380287	19.79815	0.5226775	0.04535491	0.956072428	1.0469179	1	1	1:1	2	mixDH	4138464
16	46450014	60250028	NA	13800015	192690	1.01155988	191974	8828	23402.0	mappable	0.8425	4.0	NA	0.76364676668	0.00010479983	0.41896927658	0.08432355	0.08442835	46450014	46450014	60249984	60250028	0.9699873	2	219110.22	19.776718	0.5200955	19.73248	0.9910348	0.98206956	0.009068856	1.002491	1	0	1:0	1	LOH	4138464
16	60250029	60260031	NA	10003	142	1.46419056	142	16	19.0	mappable	0.0359875	NA	NA	0.04286573332	0.0625	0.22866927658	0.1505101	0.2130101	60250029	60250073	60259899	60260031	NA	missing	312038.8	19.67972	0.7109	NA	NA	NA	NA	NA	NA	NA	NA	NA	NA	4138464
16	60260032	70890087	NA	10630058	132089	2.0029903	131588	5720	15629.0	mappable	0.078725	2.0	self	0.00302574351	0.0001607717	7.986075e-05	0.08568376	0.08584453	60260032	60260164	70889917	70890087	0.1654239	1	396495.91	20.634153	0.9380287	NA	NA	0.0	1.001495152	1.0014952	1	1	1:1	2	neutral	4138464
16	70890088	71200012	NA	309925	4232	2.41450278	4206	1	541.0	mappable	0.0	NA	identical	0.53152176668	0.03703703704	0.17193072342	0.10963975	0.14667679	70890088	70890258	71199994	71200030	NA	missing	326642.2	16.33211	1.1115	NA	NA	NA	NA	NA	NA	NA	NA	NA	NA	4138464
16	71200012	81739952	NA	10539944	199244	2.0029903	198710	9729	23890.0	mappable	0.0753	2.0	self	0.00186517509	9.74374e-05	0.00537810344	0.08572887	0.08582631	71199994	71200030	81739833	81740071	0.1566855	1	396495.91	20.634153	0.9380287	NA	NA	0.0	1.001495152	1.0014952	1	1	1:1	2	neutral	4138464
16	81739952	81760008	NA	20057	433	2.16692462	430	31	57.0	mappable	0.08915988	5.0	identical	0.00992890953	0.02941176471	0.14833072342	0.13994021	0.16935197	81739833	81740071	81759957	81760059	NA	missing	414533.84	21.941763	1.0071345	NA	NA	NA	NA	NA	NA	NA	NA	NA	NA	4138464
16	81760008	90109969	NA	8349964	174217	2.0029903	173526	8597	21566.0	mappable	0.078725	2.0	edge	0.00024031261	0.0001076774	0.00853777162	0.08698171	0.08708939	81759957	81760059	90109969	90109969	0.1672211	1	396495.91	20.634153	0.9380287	NA	NA	0.0	1.001495152	1.0014952	1	1	1:1	2	neutral	4138464
17	20080	18239982	NA	18219905	232358	2.0029903	231297	11008	28841.0	mappable	0.078725	2.0	edge	0.00016711353	8.287064e-05	0.00253510947	0.08292214	0.08300501	20080	20080	18239982	18239982	0.1899711	1	396495.91	20.634153	0.9380287	NA	NA	0.0	1.001495152	1.0014952	1	1	1:1	2	neutral	4138464
17	18750212	22239986	NA	3489775	25817	2.0029903	25191	268	3391.0	mappable	0.09226429	2.0	self	0.01396621112	0.00111856823	0.00513072342	0.09201874	0.09313731	18750212	18750212	22239986	22239986	0.2608093	1	396495.91	20.634153	0.9380287	NA	NA	0.0	1.001495152	1.0014952	1	1	1:1	2	neutral	4138464
17	25390040	44279982	NA	18889947	210781	2.0029903	209882	9099	26200.0	mappable	0.0753	2.0	self	0.00339498299	0.00010002	0.00571611869	0.08274339	0.08284341	25390040	25390040	44279982	44279982	0.1547772	1	396495.91	20.634153	0.9380287	NA	NA	0.0	1.001495152	1.0014952	1	1	1:1	2	neutral	4138464
17	44790026	81149937	NA	36359914	476074	2.0029903	474073	20396	59108.0	mappable	0.078725	2.0	edge	0.00121767649	4.464884e-05	0.00211775581	0.079631	0.07967565	44790026	44790026	81149937	81149937	0.1762079	1	396495.91	20.634153	0.9380287	NA	NA	0.0	1.001495152	1.0014952	1	1	1:1	2	neutral	4138464
18	130031	14119956	NA	13989927	212628	2.0029903	211874	11351	25597.0	mappable	0.08215	2.0	edge	0.00296304924	8.261732e-05	0.00786416154	0.0842535	0.08433612	130031	130031	14119956	14119956	0.1652394	1	396495.91	20.634153	0.9380287	NA	NA	0.0	1.001495152	1.0014952	1	1	1:1	2	neutral	4138464
18	14119957	14910026	NA	790070	0	0.0	0	0	NA	mappable	NA	NA	NA	NA	inf	0.93956927658	0.10208446	inf	14119957	14119957	14910026	14910026	NA	missing	NA	NA	0.0	NA	NA	0.0	0.0	0.0	0	0	NA	0	homozygousDel	4138464
18	14910027	14929888	NA	19862	364	2.0029903	363	34	46.0	mappable	0.12095	2.0	NA	0.04209676668	0.02857142857	0.00303072342	0.14007836	0.16864978	14910027	14910027	14929888	14929888	NA	missing	396495.91	20.634153	0.9380287	NA	NA	NA	NA	NA	NA	NA	NA	NA	NA	4138464
18	18540053	25165332	NA	6625280	86725	2.0029903	86456	2821	10703.0	mappable	0.078725	2.0	NA	0.00012823332	0.0003236246	0.00676927658	0.08826301	0.08858663	18540053	18540053	25165306	25165358	0.1438469	1	396495.91	20.634153	0.9380287	NA	NA	0.0	1.001495152	1.0014952	1	1	1:1	2	neutral	4138464
18	25165332	25200010	NA	34679	512	2.14264611	512	3	64.0	mappable	0.25897197	NA	NA	0.18011873637	0.33333333333	0.05733072342	0.13261039	0.46594372	25165306	25165358	25199927	25200093	NA	missing	404990.82	23.624464	0.9969	NA	NA	NA	NA	NA	NA	NA	NA	NA	NA	4138464
18	25200010	55609994	NA	30409987	433222	2.0029903	431834	17243	52858.0	mappable	0.078725	2.0	NA	0.00028621432	5.367975e-05	0.00851404623	0.08045686	0.08051054	25199927	25200093	55609980	55610008	0.1572903	1	396495.91	20.634153	0.9380287	NA	NA	0.0	1.001495152	1.0014952	1	1	1:1	2	neutral	4138464
18	55609994	55619994	NA	10001	167	1.78230556	167	0	21.0	mappable	NA	NA	NA	NA	inf	0.09456927658	0.15051336	inf	55609980	55610008	55619943	55620045	NA	missing	364117.8	NA	0.845	NA	NA	NA	NA	NA	NA	NA	NA	NA	NA	4138464
18	55619994	60793438	NA	5173445	78495	2.0029903	78198	3794	9830.0	mappable	0.078725	2.0	NA	0.00012823332	0.00024443901	0.00333072342	0.08967527	0.0899197	55619943	55620045	60793417	60793438	0.1375838	1	396495.91	20.634153	0.9380287	NA	NA	0.0	1.001495152	1.0014952	1	1	1:1	2	neutral	4138464
18	60793439	60793443	CTX	5	0	0.0	0	0	NA	mappable	NA	NA	NA	NA	inf	0.93956927658	0.86135312	inf	60793439	60793439	60793443	60793443	NA	missing	NA	NA	0.0	NA	NA	0.0	0.0	0.0	0	0	NA	0	homozygousDel	4138464
18	60793444	78009968	CTX	17216528	279731	2.0029903	278466	14445	34979.0	mappable	0.078725	2.0	edge	0.00068201267	6.365372e-05	0.01137526161	0.08320405	0.08326771	60793444	60793444	78009968	78009968	0.1673513	1	396495.91	20.634153	0.9380287	NA	NA	0.0	1.001495152	1.0014952	1	1	1:1	2	neutral	4138464
19	260137	910016	NA	649880	8737	2.0029903	8667	447	1139.0	mappable	0.10955	2.0	edge	0.02384676668	0.00193423598	0.02096927658	0.10357428	0.10550851	260137	260137	899978	910016	0.1910889	1	396495.91	20.634153	0.9380287	NA	NA	0.0	1.001495152	1.0014952	1	1	1:1	2	neutral	4138464
19	910017	934986	NA	24970	146	2.35235056	145	3	17.0	mappable	0.18794674	NA	identical	0.10347176668	0.25	0.14573072342	0.13691214	0.38691214	910017	920055	929969	934986	NA	missing	421705.7	24.752291	1.0853	NA	NA	NA	NA	NA	NA	NA	NA	NA	NA	4138464
19	934987	24490915	NA	23555932	245748	2.0029903	244399	10276	31784.0	mappable	0.08215	2.0	self	0.00304419585	8.602151e-05	0.000563824	0.08166736	0.08175338	934987	940004	24490886	24490944	0.2028985	1	396495.91	20.634153	0.9380287	NA	NA	0.0	1.001495152	1.0014952	1	1	1:1	2	neutral	4138464
19	24490915	24569972	NA	79058	2025	2.34499667	1748	6	235.0	mappable	0.05801351	NA	NA	0.09944357136	0.0035335689	0.14263072342	0.12292092	0.12645449	24490886	24490944	24569972	24569972	NA	missing	770655.82	40.566466	1.0822	NA	NA	NA	NA	NA	NA	NA	NA	NA	NA	4138464
19	27750002	27899986	NA	149986	5110	1.9836529	5027	1	725.0	mappable	0.2	NA	NA	0.31360709757	0.0119047619	0.00969215329	0.11631648	0.12822124	27750002	27750002	27899966	27899986	NA	missing	429628.07	25.777684	0.9298771	NA	NA	NA	NA	NA	NA	NA	NA	NA	NA	4138464
19	27899987	43209995	NA	15310010	192479	2.0029903	191634	7868	24069.0	mappable	0.078725	2.0	NA	0.0001653512	0.00011477103	0.0057661765	0.0837943	0.08390907	27899987	27900007	43209995	43209995	0.1863595	1	396495.91	20.634153	0.9380287	NA	NA	0.0	1.001495152	1.0014952	1	1	1:1	2	neutral	4138464
19	43209996	43800005	NA	590010	0	0.0	0	0	NA	mappable	NA	NA	NA	NA	inf	0.93956927658	0.10432761	inf	43209996	43209996	43800005	43800005	NA	missing	NA	NA	0.0	NA	NA	0.0	0.0	0.0	0	0	NA	0	homozygousDel	4138464
19	43800006	54475013	NA	10675008	112735	2.0029903	112116	5173	14025.0	mappable	0.08215	2.0	NA	0.00329676668	0.00017265193	0.00086927658	0.08566142	0.08583407	43800006	43800006	54469911	54480115	0.1887306	1	396495.91	20.634153	0.9380287	NA	NA	0.0	1.001495152	1.0014952	1	1	1:1	2	neutral	4138464
19	54475013	54490025	NA	15013	118	1.58778333	118	0	19.0	mappable	NA	NA	NA	NA	inf	0.17656927658	0.14415532	inf	54469911	54480115	54489970	54490025	NA	missing	298511.2	NA	0.763	NA	NA	NA	NA	NA	NA	NA	NA	NA	NA	4138464
19	54490026	59089999	NA	4599974	49785	2.0029903	49474	2169	6450.0	mappable	0.085575	2.0	edge	0.00672176668	0.00040322581	0.00586927658	0.09036201	0.09076524	54490026	54490081	59089999	59089999	0.1771878	1	396495.91	20.634153	0.9380287	NA	NA	0.0	1.001495152	1.0014952	1	1	1:1	2	neutral	4138464
20	60479	25729738	NA	25669263	400255	2.0029903	398953	18663	48272.0	mappable	0.08215	2.0	edge	0.0032686398	5.009016e-05	0.00028346578	0.08125609	0.08130618	60479	60479	25729738	25729738	0.1551132	1	396495.91	20.634153	0.9380287	NA	NA	0.0	1.001495152	1.0014952	1	1	1:1	2	neutral	4138464
20	29810057	29819993	NA	9937	568	2.16692462	529	0	77.0	mappable	NA	5.0	NA	0.01672176668	0.02564102564	0.04723072342	0.15061835	0.17625937	29810057	29810057	29819976	29819993	NA	missing	414533.84	NA	1.0071345	NA	NA	NA	NA	NA	NA	NA	NA	NA	NA	4138464
20	29819994	52480030	NA	22660039	318899	2.0029903	317770	12622	39107.0	mappable	0.078725	2.0	self	0.00122130101	7.272198e-05	0.00302728378	0.08185434	0.08192706	29819994	29820011	52479995	52480030	0.1573913	1	396495.91	20.634153	0.9380287	NA	NA	0.0	1.001495152	1.0014952	1	1	1:1	2	neutral	4138464
20	52480031	52525035	NA	45005	746	2.23255333	668	5	99.0	mappable	0.05068887	NA	identical	0.33219243767	0.01204819277	0.09523072342	0.12938454	0.14143273	52480031	52480066	52519968	52525035	NA	missing	439270.89	22.430854	1.0348	NA	NA	NA	NA	NA	NA	NA	NA	NA	NA	4138464
20	52525036	62909989	NA	10384954	177076	2.0029903	176288	7826	21553.0	mappable	0.08215	2.0	edge	0.00444121693	0.00011610356	0.01040098726	0.08580748	0.08592358	52525036	52530103	62909989	62909989	0.1693649	1	396495.91	20.634153	0.9380287	NA	NA	0.0	1.001495152	1.0014952	1	1	1:1	2	neutral	4138464
21	10720001	11179964	NA	459964	5133	2.0029903	4892	0	711.0	mappable	NA	2.0	edge	0.02686429914	0.00414937759	0.04446927658	0.10631986	0.11046923	10720001	10720001	11179964	11179964	NA	missing	396495.91	NA	0.9380287	NA	NA	NA	NA	NA	NA	NA	NA	NA	NA	4138464
21	15410077	46010002	NA	30599928	479367	2.99027148	477244	22489	57843.0	mappable	0.31505	1.0	NA	0.23585417673	4.063059e-05	0.41666882534	0.0804278	0.08046843	15410077	15410077	46009991	46010002	0.8986777	2	568586.46	37.179607	1.3542128	19.6658	0.6653321	0.33066428	1.000747749	1.9895237	2	1	2:1	3	gain	4138464
21	46010003	46019995	NA	9993	214	2.53999333	207	34	27.0	mappable	0.35590756	NA	NA	0.11472442147	0.0243902439	0.22483072342	0.15052644	0.17491669	46010003	46010014	46019991	46019995	NA	missing	571886.0	36.385869	1.1644	NA	NA	NA	NA	NA	NA	NA	NA	NA	NA	4138464
21	46019996	48099931	NA	2079936	36375	2.99027148	35943	1845	4580.0	mappable	0.32790904	1.0	edge	0.24423320778	0.00043917435	0.3798939894	0.09529206	0.09573123	46019996	46020000	48099931	48099931	0.916076	2	568586.46	37.179607	1.3542128	19.6658	0.6653321	0.33066428	1.000747749	1.9895237	2	1	2:1	3	gain	4138464
22	16850007	23040900	NA	6190894	60136	2.0029903	59723	2369	7579.0	mappable	0.08215	2.0	edge	0.00329676668	0.00035945363	0.00186927658	0.08864574	0.08900519	16850007	16850007	23039996	23040900	0.1950079	1	396495.91	20.634153	0.9380287	NA	NA	0.0	1.001495152	1.0014952	1	1	1:1	2	neutral	4138464
22	23040901	23261141	DEL	220241	3302	0.20193111	3280	233	378.0	mappable	0.996625	NA	NA	0.91777176668	0.00398406375	0.76076927658	0.11268416	0.11666822	23040901	23060004	23261122	23261141	0.3183237	1	73164.43	4.572777	0.1788	NA	NA	0.0	0.100965556	0.1009656	0	0	0:0	0	LOH	4138464
22	23261142	23261815	CTX	674	13	1.83496889	11	0	0.0	mappable	NA	NA	NA	0.58781343334	0.5	0.07236927658	0.21284283	0.71284283	23261142	23261166	23261769	23261815	NA	missing	324557.14	NA	0.8672	NA	NA	NA	NA	NA	NA	NA	NA	NA	NA	4138464
22	23261816	23263573	CTX	1758	37	1.83496889	35	0	7.0	mappable	NA	NA	NA	0.88989676668	0.5	0.07236927658	0.18553359	0.68553359	23261816	23261819	23263556	23263573	NA	missing	324557.14	NA	0.8672	NA	NA	NA	NA	NA	NA	NA	NA	NA	NA	4138464
22	23263574	48420024	DEL	25156458	339287	2.0029903	337794	15606	41952.0	mappable	0.078725	2.0	NA	0.00015760263	5.848295e-05	0.00233014068	0.08135232	0.0814108	23263574	23263601	48419994	48420024	0.1724458	1	396495.91	20.634153	0.9380287	NA	NA	0.0	1.001495152	1.0014952	1	1	1:1	2	neutral	4138464
22	48420025	48430007	NA	9983	178	2.40975833	169	0	18.0	mappable	NA	NA	identical	0.03695097204	0.11111111111	0.16993072342	0.15054281	0.26165392	48420025	48420055	48429989	48430025	NA	missing	446805.0	NA	1.1095	NA	NA	NA	NA	NA	NA	NA	NA	NA	NA	4138464
22	48430007	51179984	NA	2749978	52747	2.0029903	52376	3259	6289.0	mappable	0.08215	2.0	edge	0.00672176668	0.00027548209	0.01716927658	0.09349731	0.0937728	48429989	48430025	51179984	51179984	0.1535117	1	396495.91	20.634153	0.9380287	NA	NA	0.0	1.001495152	1.0014952	1	1	1:1	2	neutral	4138464
23	2700027	58499983	NA	55799959	490627	2.99027148	488928	19919	56209.0	mappable	0.325325	1.0	edge	0.24582420514	4.625775e-05	0.4171432584	0.07771892	0.07776517	2700027	2700027	58499983	58499983	0.9070821	2	568586.46	37.179607	1.3542128	19.6658	0.6653321	0.33066428	1.000747749	1.9895237	2	1	2:1	3	gain	4138464
23	61750000	70875057	NA	9125058	81199	2.99027148	80981	1711	9166.0	mappable	0.32106111	1.0	NA	0.23962176668	0.00051840332	0.41373072342	0.08649994	0.08701835	61750000	61750000	70859972	70875057	0.9212445	2	568586.46	37.179607	1.3542128	19.6658	0.6653321	0.33066428	1.000747749	1.9895237	2	1	2:1	3	gain	4138464
23	70985014	88459980	NA	17474968	164400	2.99027148	163990	6042	18501.0	mappable	0.318475	1.0	NA	0.24073653729	0.0001549907	0.41977943206	0.08312971	0.0832847	70985014	71070052	88459980	88459980	0.9219544	2	568586.46	37.179607	1.3542128	19.6658	0.6653321	0.33066428	1.000747749	1.9895237	2	1	2:1	3	gain	4138464
23	88990017	89349936	NA	359920	1089	2.99027148	1089	60	136.0	mappable	0.27502299	1.0	NA	0.1961697518	0.01666666667	0.43193072342	0.10835811	0.12502478	88990017	88990017	89349936	89349936	0.9037114	2	568586.46	37.179607	1.3542128	19.6658	0.6653321	0.33066428	1.000747749	1.9895237	2	1	2:1	3	gain	4138464
23	89349937	90140198	NA	790262	0	0.0	0	0	NA	mappable	NA	NA	NA	NA	inf	0.93956927658	0.10208263	inf	89349937	89349937	90140198	90140198	NA	missing	NA	NA	0.0	NA	NA	0.0	0.0	0.0	0	0	NA	0	homozygousDel	4138464
23	90140199	91529952	NA	1389754	5103	2.99027148	5086	388	536.0	mappable	0.36183077	1.0	NA	0.28297753591	0.0024691358	0.39643072342	0.09800848	0.10047761	90140199	90140199	91529952	91529952	0.9416163	2	568586.46	37.179607	1.3542128	19.6658	0.6653321	0.33066428	1.000747749	1.9895237	2	1	2:1	3	gain	4138464
23	91529953	92379999	NA	850047	0	0.0	0	0	NA	mappable	NA	NA	NA	NA	inf	0.93956927658	0.10153736	inf	91529953	91529953	92379999	92379999	NA	missing	NA	NA	0.0	NA	NA	0.0	0.0	0.0	0	0	NA	0	homozygousDel	4138464
23	92380000	92942661	NA	562662	6359	2.99027148	6341	452	701.0	mappable	0.34838351	1.0	NA	0.26953027732	0.00212765957	0.38293072342	0.10470158	0.10682924	92380000	92380000	92942601	92942661	0.9152539	2	568586.46	37.179607	1.3542128	19.6658	0.6653321	0.33066428	1.000747749	1.9895237	2	1	2:1	3	gain	4138464
23	92942662	92943006	ITX	345	1	2.35804389	1	0	0.0	mappable	NA	NA	NA	NA	inf	0.14813072342	0.23723519	inf	92942662	92942681	92942681	92943006	NA	missing	464447.8	NA	1.0877	NA	NA	NA	NA	NA	NA	NA	NA	NA	NA	4138464
23	92943007	93522712	DEL	579706	6539	1.99367056	6536	184	756.0	mappable	0.9077	NA	NA	0.82688010001	0.00534759358	0.00546927658	0.10446613	0.10981372	92943007	92943195	93522336	93522712	0.9456587	2	385795.94	36.436283	0.9341	19.3449	0.9939839	0.98796788	0.011994043	1.9816765	2	0	2:0	2	cnLOH	4138464
23	93522713	154929639	DEL	61406930	553747	2.99027148	552067	19444	63734.0	mappable	0.325325	1.0	edge	0.24492805932	4.733952e-05	0.40785034339	0.07730395	0.07735129	93522713	93522839	154929639	154929639	0.8961176	2	568586.46	37.179607	1.3542128	19.6658	0.6653321	0.33066428	1.000747749	1.9895237	2	1	2:1	3	gain	4138464
