#chromosome	start	end	crest	length	tcnNbrOfLoci	tcnMean	tcnNbrOfSNPs	tcnNbrOfHets	dhNbrOfLoci	map	dhMax	cluster	neighbour	distDH	errorSNP	distTcn	errorLength	totalError	minStart	maxStart	minStop	maxStop	area	peaks	meanCovT	meanCovB	tcnMeanRaw	AF	BAF	dhMean	c1Mean	c2Mean	A	B	genotype	TCN	GNL	PID
1	840009	12839977	NA	11999972	171329	1.9947465	170496	6845	20117.0	mappable	0.08215	8.0	edge	0.00583203236	0.00013025922	0.0050949159	0.08504657	0.08517683	840009	840009	12839977	12839977	0.18088679	1	392878.1	20.410065	0.9852609	NA	NA	0.0	0.997373248	0.99737325	1	1	1:1	2	neutral	4189200
1	13780016	106784890	NA	93004885	1214145	1.9947465	1209518	52367	124922.0	mappable	0.078725	8.0	NA	0.00148508539	1.754632e-05	0.00239660912	0.07555494	0.07557249	13780016	13780016	106779738	106784890	0.14259177	1	392878.1	20.410065	0.9852609	NA	NA	0.0	0.997373248	0.99737325	1	1	1:1	2	neutral	4189200
1	106784891	106829967	NA	45077	667	1.827228	667	0	60.0	mappable	NA	NA	NA	NA	inf	0.05508313914	0.12936524	inf	106784891	106790043	106829818	106829967	NA	missing	413445.8	NA	0.9307	NA	NA	NA	NA	NA	NA	NA	NA	NA	NA	4189200
1	106829968	120529963	NA	13699996	177269	1.9947465	176744	5986	18375.0	mappable	0.08215	8.0	NA	0.0034806295	0.00015360983	0.00628313914	0.08436088	0.08451449	106829968	106830117	120529963	120529963	0.14099256	1	392878.1	20.410065	0.9852609	NA	NA	0.0	0.997373248	0.99737325	1	1	1:1	2	neutral	4189200
1	121220004	121229986	NA	9983	177	2.04214921	177	2	13.0	mappable	0.2392619	NA	NA	0.24037824855	0.5	0.01491686086	0.15054281	0.65054281	121220004	121220004	121229986	121229986	NA	missing	428290.0	28.246745	1.0007	NA	NA	NA	NA	NA	NA	NA	NA	NA	NA	4189200
1	144010127	144019970	NA	9844	155	1.918416	92	0	14.0	mappable	NA	NA	NA	0.2128963776	0.01587301587	0.02538313914	0.15077238	0.1666454	144010127	144010127	144019970	144019970	NA	missing	1170472.0	NA	0.9604	NA	NA	NA	NA	NA	NA	NA	NA	NA	NA	4189200
1	144920087	145739956	NA	819870	6361	1.9947465	5828	143	675.0	mappable	0.085175	8.0	self	0.0179693705	0.00147928994	0.01601686086	0.10180689	0.10328618	144920087	144920087	145739956	145739956	0.12718404	1	392878.1	20.410065	0.9852609	NA	NA	0.0	0.997373248	0.99737325	1	1	1:1	2	neutral	4189200
1	146540101	147829895	NA	1289795	11637	1.9947465	11607	286	1170.0	mappable	0.08064211	8.0	self	0.0034806295	0.00316455696	0.00248313914	0.09852843	0.10169298	146540101	146540101	147829895	147829895	0.2101614	1	392878.1	20.410065	0.9852609	NA	NA	0.0	0.997373248	0.99737325	1	1	1:1	2	neutral	4189200
1	149815060	246670003	NA	96854952	1311913	1.9947465	1306925	61526	132898.0	mappable	0.078725	8.0	self	0.001604649	1.503443e-05	0.0022873892	0.07538828	0.07540331	149815060	149815060	246669977	246670003	0.14534737	1	392878.1	20.410065	0.9852609	NA	NA	0.0	0.997373248	0.99737325	1	1	1:1	2	neutral	4189200
1	246670004	246679993	NA	9990	174	2.48488691	174	10	18.0	mappable	0.1131871	NA	identical	0.03451772628	0.1	0.15911686086	0.15053135	0.25053135	246670004	246670030	246679923	246680063	NA	missing	353310.0	18.49117	1.1449	NA	NA	NA	NA	NA	NA	NA	NA	NA	NA	4189200
1	246679993	249209945	NA	2529953	31060	1.9947465	30876	1305	3313.0	mappable	0.08271923	8.0	edge	0.0034806295	0.00067159167	0.00831686086	0.09402615	0.09469774	246679923	246680063	249209945	249209945	0.1941211	1	392878.1	20.410065	0.9852609	NA	NA	0.0	0.997373248	0.99737325	1	1	1:1	2	neutral	4189200
2	20016	13760046	NA	13740036	217820	1.9947465	216674	11561	23273.0	mappable	0.078725	8.0	edge	0.00067071504	7.870297e-05	0.00183436034	0.0843459	0.0844246	20016	20016	13759989	13760046	0.16160608	1	392878.1	20.410065	0.9852609	NA	NA	0.0	0.997373248	0.99737325	1	1	1:1	2	neutral	4189200
2	13760047	13770024	NA	9978	159	2.3774263	159	0	20.0	mappable	NA	NA	NA	NA	inf	0.12411686086	0.150551	inf	13760047	13760104	13769990	13770024	NA	missing	439075.0	NA	1.1099	NA	NA	NA	NA	NA	NA	NA	NA	NA	NA	4189200
2	13770025	37730037	NA	23960017	352531	1.9947465	351368	16696	35805.0	mappable	0.078725	8.0	NA	0.00090191488	5.600045e-05	0.00439712089	0.08158561	0.08164161	13770025	13770059	37729974	37730100	0.15838324	1	392878.1	20.410065	0.9852609	NA	NA	0.0	0.997373248	0.99737325	1	1	1:1	2	neutral	4189200
2	37730037	37749988	NA	19952	391	2.2862383	391	0	31.0	mappable	NA	NA	NA	NA	inf	0.09441686086	0.14001439	inf	37729974	37730100	37749970	37749988	NA	missing	413355.2	NA	1.0802	NA	NA	NA	NA	NA	NA	NA	NA	NA	NA	4189200
2	37749989	47879910	NA	10129925	170464	1.9947465	169948	7828	17062.0	mappable	0.07870565	8.0	NA	0.00122771293	0.0001198466	2.967976e-05	0.08593974	0.08605959	37749989	37750007	47879794	47880026	0.15090133	1	392878.1	20.410065	0.9852609	NA	NA	0.0	0.997373248	0.99737325	1	1	1:1	2	neutral	4189200
2	47879910	47889944	NA	10035	206	1.72314473	206	0	29.0	mappable	NA	NA	NA	NA	inf	0.08898313914	0.15045792	inf	47879794	47880026	47889879	47889944	NA	missing	371734.4	NA	0.8968	NA	NA	NA	NA	NA	NA	NA	NA	NA	NA	4189200
2	47889945	63099872	NA	15209933	235305	1.9947465	234562	12825	22179.0	mappable	0.078725	8.0	NA	0.00111621603	7.370283e-05	0.00307780049	0.08382753	0.08390123	47889945	47890010	63099544	63100200	0.1324403	1	392878.1	20.410065	0.9852609	NA	NA	0.0	0.997373248	0.99737325	1	1	1:1	2	neutral	4189200
2	63099872	63119984	NA	20113	237	1.70410885	237	0	30.0	mappable	NA	NA	NA	NA	inf	0.09518313914	0.13990083	inf	63099544	63100200	63119967	63119984	NA	missing	385361.7	NA	0.8906	NA	NA	NA	NA	NA	NA	NA	NA	NA	NA	4189200
2	63119985	71019957	NA	7899974	107199	1.9947465	106810	4674	10999.0	mappable	0.0753	8.0	NA	0.0033693705	0.00019751136	0.00101686086	0.08728511	0.08748262	63119985	63120002	71019847	71019957	0.14220848	1	392878.1	20.410065	0.9852609	NA	NA	0.0	0.997373248	0.99737325	1	1	1:1	2	neutral	4189200
2	71019958	71104951	NA	84994	1313	1.79567419	1310	46	148.0	mappable	0.06995833	1.0	NA	0.00752214827	0.02040816327	0.04418313914	0.12213686	0.14254502	71019958	71020068	71099857	71110045	0.09807608	1	378180.0	19.756259	0.9204229	NA	NA	0.0	0.897837094	0.89783709	1	1	1:1	2	neutral	4189200
2	71104951	71139947	NA	34997	438	2.2156548	437	22	44.0	mappable	0.21414302	4.0	NA	0.10113876904	0.04347826087	0.06961686086	0.1324947	0.17597296	71099857	71110045	71139894	71139947	NA	missing	388773.2	21.515301	1.0572109	NA	NA	NA	NA	NA	NA	NA	NA	NA	NA	4189200
2	71139948	75599969	NA	4460023	56710	1.9947465	56534	1951	6056.0	mappable	0.085575	8.0	NA	0.01077460963	0.00047014575	0.00905697974	0.09054436	0.09101451	71139948	71140001	75599936	75600002	0.16423923	1	392878.1	20.410065	0.9852609	NA	NA	0.0	0.997373248	0.99737325	1	1	1:1	2	neutral	4189200
2	75599969	75609998	NA	10030	180	2.25492121	180	0	24.0	mappable	NA	NA	NA	NA	inf	0.08421686086	0.15046606	inf	75599936	75600002	75609983	75609998	NA	missing	416661.2	NA	1.07	NA	NA	NA	NA	NA	NA	NA	NA	NA	NA	4189200
2	75609999	87040107	NA	11430114	166662	1.9947465	166135	7213	15755.0	mappable	0.0753	8.0	NA	0.00232226126	0.00012919897	0.00036874114	0.08530117	0.08543037	75609999	75610014	87039929	87040107	0.15011005	1	392878.1	20.410065	0.9852609	NA	NA	0.0	0.997373248	0.99737325	1	1	1:1	2	neutral	4189200
2	87040108	87059860	NA	19753	284	2.20149794	284	0	36.0	mappable	NA	NA	NA	NA	inf	0.06681686086	0.14015629	inf	87040108	87040286	87059860	87059860	NA	missing	388185.1	NA	1.0526	NA	NA	NA	NA	NA	NA	NA	NA	NA	NA	4189200
2	88330099	89094923	NA	764825	9466	1.9947465	9420	503	1032.0	mappable	0.07588158	8.0	NA	0.00278779155	0.00182149362	0.00198313914	0.10232916	0.10415066	88330099	88330099	89059837	89130009	0.16105481	1	392878.1	20.410065	0.9852609	NA	NA	0.0	0.997373248	0.99737325	1	1	1:1	2	neutral	4189200
2	89094923	89229990	NA	135068	2404	-0.07543879	2400	45	241.0	mappable	0.078725	NA	NA	5.56295e-05	0.02040816327	0.67478313914	0.11734798	0.13775615	89059837	89130009	89229990	89229990	0.28357698	1	126366.8	6.739561	0.311	NA	NA	0.0	0.0	-0.03771939	0	0	0:0	0	LOH	4189200
2	89840102	90239998	NA	399897	914	1.9947465	907	1	100.0	mappable	0.3	8.0	self	0.0020866324	0.125	0.04571686086	0.10747332	0.23247332	89840102	89840102	90239998	90239998	NA	missing	392878.1	20.410065	0.9852609	NA	NA	NA	NA	NA	NA	NA	NA	NA	NA	4189200
2	95580145	96239991	NA	659847	4438	1.9947465	4425	53	510.0	mappable	0.09319167	8.0	NA	0.0163306295	0.01515151515	0.00308313914	0.10345663	0.11860815	95580145	95580145	96239991	96239991	0.28982668	1	392878.1	20.410065	0.9852609	NA	NA	0.0	0.997373248	0.99737325	1	1	1:1	2	neutral	4189200
2	96239992	96740020	NA	500029	0	0.0	0	0	NA	mappable	NA	NA	NA	NA	inf	0.98578313914	0.10564318	inf	96239992	96239992	96740020	96740020	NA	missing	NA	NA	0.0	NA	NA	0.0	0.0	0.0	0	0	NA	0	homozygousDel	4189200
2	96740021	132189994	NA	35449978	448136	1.9947465	446658	21283	46091.0	mappable	0.08215	8.0	NA	0.00240588463	4.39348e-05	0.00236122727	0.0797471	0.07979104	96740021	96740021	132189994	132189994	0.14414242	1	392878.1	20.410065	0.9852609	NA	NA	0.0	0.997373248	0.99737325	1	1	1:1	2	neutral	4189200
2	132189995	133009999	NA	820005	0	0.0	0	0	NA	mappable	NA	NA	NA	NA	inf	0.98578313914	0.10180566	inf	132189995	132189995	133009999	133009999	NA	missing	NA	NA	0.0	NA	NA	0.0	0.0	0.0	0	0	NA	0	homozygousDel	4189200
2	133010000	139139993	NA	6129995	85347	1.9947465	85072	3380	8636.0	mappable	0.0753	8.0	NA	0.00294723836	0.00027359781	0.00539027589	0.08870181	0.08897541	133010000	133010000	139139987	139139993	0.14107992	1	392878.1	20.410065	0.9852609	NA	NA	0.0	0.997373248	0.99737325	1	1	1:1	2	neutral	4189200
2	139139994	139150033	NA	10040	189	2.4827377	188	7	20.0	mappable	0.09122679	NA	identical	0.00715446671	0.125	0.15841686086	0.15044979	0.27544979	139139994	139140000	139149998	139150068	NA	missing	457253.0	24.691662	1.1442	NA	NA	NA	NA	NA	NA	NA	NA	NA	NA	4189200
2	139150033	242999969	NA	103849946	1417003	1.9947465	1411683	62122	140199.0	mappable	0.078725	8.0	edge	0.00130992927	1.482822e-05	0.00122424673	0.07510348	0.07511831	139149998	139150068	242999969	242999969	0.13917756	1	392878.1	20.410065	0.9852609	NA	NA	0.0	0.997373248	0.99737325	1	1	1:1	2	neutral	4189200
3	100074	38059983	NA	37959912	584554	1.9947465	582553	26693	57384.0	mappable	0.078725	8.0	edge	7.701391e-05	3.485171e-05	0.00124105937	0.07943451	0.07946936	100074	100074	38059946	38060020	0.14856379	1	392878.1	20.410065	0.9852609	NA	NA	0.0	0.997373248	0.99737325	1	1	1:1	2	neutral	4189200
3	38059983	38070074	NA	10092	143	1.71853927	143	0	19.0	mappable	NA	NA	NA	NA	inf	0.09048313914	0.15036549	inf	38059946	38060020	38069999	38070074	NA	missing	349107.0	NA	0.8953	NA	NA	NA	NA	NA	NA	NA	NA	NA	NA	4189200
3	38070075	72029968	NA	33959894	460162	1.9947465	458848	17337	47900.0	mappable	0.078725	8.0	NA	0.00091989238	5.362505e-05	0.00271299971	0.07994459	0.07999821	38070075	38070150	72029922	72029968	0.1586493	1	392878.1	20.410065	0.9852609	NA	NA	0.0	0.997373248	0.99737325	1	1	1:1	2	neutral	4189200
3	72029969	72039998	NA	10030	203	2.25400012	203	0	27.0	mappable	NA	NA	NA	NA	inf	0.08391686086	0.15046606	inf	72029969	72030015	72039980	72039998	NA	missing	391837.1	NA	1.0697	NA	NA	NA	NA	NA	NA	NA	NA	NA	NA	4189200
3	72039999	75775215	NA	3735217	49727	1.9947465	49565	2285	4917.0	mappable	0.07792115	8.0	NA	0.00143407638	0.00040866367	0.00368313914	0.09160546	0.09201412	72039999	72040017	75769874	75775215	0.14522684	1	392878.1	20.410065	0.9852609	NA	NA	0.0	0.997373248	0.99737325	1	1	1:1	2	neutral	4189200
3	75775216	75859971	NA	84756	604	1.48059079	603	0	21.0	mappable	NA	NA	identical	0.3213306295	1.0	0.16798313914	0.12216704	1.12216704	75775216	75780557	75789861	75930081	NA	missing	116360.0	NA	0.8178	NA	NA	NA	NA	NA	NA	NA	NA	NA	NA	4189200
3	75859971	90499969	NA	14640001	206685	1.9947465	206022	9850	18756.0	mappable	0.07816786	8.0	self	0.00085343973	9.512033e-05	0.00871999364	0.08402157	0.08411669	75789861	75930081	90499969	90499969	0.13634436	1	392878.1	20.410065	0.9852609	NA	NA	0.0	0.997373248	0.99737325	1	1	1:1	2	neutral	4189200
3	93570175	197779892	NA	104209726	1417532	1.9947465	1412701	64142	139585.0	mappable	0.078725	8.0	edge	0.00193641761	1.449948e-05	0.00042859681	0.07508941	0.07510391	93570175	93570175	197779892	197779892	0.15041293	1	392878.1	20.410065	0.9852609	NA	NA	0.0	0.997373248	0.99737325	1	1	1:1	2	neutral	4189200
4	50084	8939952	NA	8889869	145196	1.9947465	144233	7034	16912.0	mappable	0.078725	8.0	edge	5.56295e-05	0.00012506253	0.00908313914	0.08664111	0.08676617	50084	50084	8939952	8939952	0.14573861	1	392878.1	20.410065	0.9852609	NA	NA	0.0	0.997373248	0.99737325	1	1	1:1	2	neutral	4189200
4	9800043	30469999	NA	20669958	325222	1.9947465	324083	15460	31943.0	mappable	0.078725	8.0	NA	0.00346116648	6.024459e-05	0.00203929463	0.08230103	0.08236128	9800043	9800043	30469953	30470045	0.15902325	1	392878.1	20.410065	0.9852609	NA	NA	0.0	0.997373248	0.99737325	1	1	1:1	2	neutral	4189200
4	30469999	30489891	NA	19893	316	1.87205442	316	0	27.0	mappable	NA	NA	NA	NA	inf	0.04048313914	0.14005628	inf	30469953	30470045	30489708	30489891	NA	missing	409231.1	NA	0.9453	NA	NA	NA	NA	NA	NA	NA	NA	NA	NA	4189200
4	30489892	49089961	NA	18600070	273089	1.9947465	272235	11883	26305.0	mappable	0.08215	8.0	NA	0.0034806295	7.851142e-05	0.00551686086	0.08281983	0.08289835	30489892	30490075	49089961	49089961	0.15205632	1	392878.1	20.410065	0.9852609	NA	NA	0.0	0.997373248	0.99737325	1	1	1:1	2	neutral	4189200
4	52680564	74550060	NA	21869499	312018	1.9947465	310906	16503	29025.0	mappable	0.078725	8.0	NA	0.00024849901	5.67698e-05	0.00467972934	0.08202632	0.08208309	52680564	52680564	74549978	74550142	0.13392183	1	392878.1	20.410065	0.9852609	NA	NA	0.0	0.997373248	0.99737325	1	1	1:1	2	neutral	4189200
4	74550060	74569998	NA	19939	288	1.75783915	288	0	28.0	mappable	NA	NA	NA	NA	inf	0.07768313914	0.14002361	inf	74549978	74550142	74569953	74570043	NA	missing	391530.6	NA	0.9081	NA	NA	NA	NA	NA	NA	NA	NA	NA	NA	4189200
4	74569998	190799944	NA	116229956	1606908	1.9947465	1600879	75001	153737.0	mappable	0.078725	8.0	edge	0.0023466265	1.234111e-05	0.00378436858	0.07464802	0.07466036	74569953	74570043	190799944	190799944	0.15400172	1	392878.1	20.410065	0.9852609	NA	NA	0.0	0.997373248	0.99737325	1	1	1:1	2	neutral	4189200
5	50017	974975	NA	924960	11341	1.9947465	11192	777	1401.0	mappable	0.085575	8.0	edge	0.00404595483	0.00107991361	0.00594071237	0.1009131	0.10199302	50017	50017	969935	980015	0.15411355	1	392878.1	20.410065	0.9852609	NA	NA	0.0	0.997373248	0.99737325	1	1	1:1	2	neutral	4189200
5	974975	990001	NA	15027	148	1.48857358	140	0	24.0	mappable	NA	NA	identical	0.04929483405	0.125	0.16538313914	0.14414135	0.26914135	969935	980015	989955	990047	NA	missing	334236.7	NA	0.8204	NA	NA	NA	NA	NA	NA	NA	NA	NA	NA	4189200
5	990001	36409983	NA	35419989	535442	1.9947465	533455	25380	53260.0	mappable	0.078725	8.0	self	0.00171916295	3.654303e-05	0.00229617327	0.07975098	0.07978753	989955	990047	36409890	36410076	0.14118913	1	392878.1	20.410065	0.9852609	NA	NA	0.0	0.997373248	0.99737325	1	1	1:1	2	neutral	4189200
5	36409983	36420000	NA	10018	215	2.29239365	214	13	24.0	mappable	0.07880109	9.0	NA	0.00704654441	0.07142857143	0.10561686086	0.15048561	0.22191419	36409890	36410076	36419967	36420033	NA	missing	362318.1	19.293667	1.0822048	NA	NA	NA	NA	NA	NA	NA	NA	NA	NA	4189200
5	36420000	36440018	NA	20019	366	1.79567419	366	32	32.0	mappable	0.08712143	1.0	NA	0.00845205807	0.03125	0.10488313914	0.139967	0.171217	36419967	36420033	36439992	36440018	0.29241184	1	378180.0	19.756259	0.9204229	NA	NA	0.0	0.897837094	0.89783709	1	1	1:1	2	neutral	4189200
5	36440019	46399990	NA	9959973	140881	1.9947465	140400	5717	13416.0	mappable	0.08215	8.0	self	0.0034806295	0.00016134237	0.00480809033	0.08602998	0.08619132	36440019	36440045	46399990	46399990	0.15249616	1	392878.1	20.410065	0.9852609	NA	NA	0.0	0.997373248	0.99737325	1	1	1:1	2	neutral	4189200
5	49470005	68829703	NA	19359699	256355	1.9947465	255590	10748	24858.0	mappable	0.078725	8.0	self	5.56295e-05	8.685833e-05	0.00171686086	0.08262225	0.08270911	49470005	49470005	68829703	68829703	0.13549079	1	392878.1	20.410065	0.9852609	NA	NA	0.0	0.997373248	0.99737325	1	1	1:1	2	neutral	4189200
5	70750153	98569982	NA	27819833	364488	1.9947465	363504	12824	35361.0	mappable	0.078725	8.0	self	0.0003033423	7.242178e-05	0.00180461436	0.08087471	0.08094713	70750153	70750153	98569959	98569982	0.14042712	1	392878.1	20.410065	0.9852609	NA	NA	0.0	0.997373248	0.99737325	1	1	1:1	2	neutral	4189200
5	98569983	98589991	NA	20009	383	1.79567419	378	0	39.0	mappable	NA	1.0	NA	0.00399512807	0.2	0.09238313914	0.13997406	0.33997406	98569983	98570006	98589964	98590018	NA	missing	378180.0	NA	0.9204229	NA	NA	NA	NA	NA	NA	NA	NA	NA	NA	4189200
5	98589991	99249994	NA	660004	7638	1.96416352	7633	7	458.0	mappable	0.68136884	NA	NA	0.20672857783	0.08333333333	0.01048313914	0.10345479	0.18678813	98589964	98590018	99249938	99249994	NA	missing	258412.3	17.227484	0.9753	NA	NA	NA	NA	NA	NA	NA	NA	NA	NA	4189200
5	99249995	99279978	NA	29984	545	2.29239365	545	7	27.0	mappable	0.0479109	9.0	NA	0.03075847306	0.14285714286	0.10091686086	0.13448176	0.2773389	99249995	99250051	99279913	99280043	NA	missing	362318.1	19.293667	1.0822048	NA	NA	NA	NA	NA	NA	NA	NA	NA	NA	4189200
5	99279978	180689979	NA	81410015	1156038	1.9947465	1152135	54177	114976.0	mappable	0.078725	8.0	edge	0.00023826964	1.721793e-05	0.00205604773	0.07610726	0.07612447	99279913	99280043	180689979	180689979	0.14674019	1	392878.1	20.410065	0.9852609	NA	NA	0.0	0.997373248	0.99737325	1	1	1:1	2	neutral	4189200
6	202331	220003	NA	17673	348	2.04767576	348	16	38.0	mappable	0.03327885	NA	edge	0.04539052434	0.0625	0.01671686086	0.14175089	0.20425089	202331	202331	219981	220003	NA	missing	391418.5	19.908355	1.0025	NA	NA	NA	NA	NA	NA	NA	NA	NA	NA	4189200
6	220004	229994	NA	9991	221	2.40229576	221	0	29.0	mappable	NA	NA	NA	NA	inf	0.13221686086	0.15052971	inf	220004	220026	229986	230002	NA	missing	409441.1	NA	1.118	NA	NA	NA	NA	NA	NA	NA	NA	NA	NA	4189200
6	229994	58019982	NA	57790003	858372	1.9947465	850661	45566	88217.0	mappable	0.078725	8.0	NA	0.00294179069	1.877018e-05	6.271883e-05	0.07756653	0.0775853	229986	230002	58019982	58019982	0.16452128	1	392878.1	20.410065	0.9852609	NA	NA	0.0	0.997373248	0.99737325	1	1	1:1	2	neutral	4189200
6	58610011	58769997	NA	159987	571	2.2156548	571	4	48.0	mappable	0.19040439	4.0	NA	0.11173501547	0.25	0.07281686086	0.11568989	0.36568989	58610011	58610011	58769997	58769997	NA	missing	388773.2	21.515301	1.0572109	NA	NA	NA	NA	NA	NA	NA	NA	NA	NA	4189200
6	61890002	123990049	NA	62100051	854429	1.9947465	851692	41368	80753.0	mappable	0.078725	8.0	NA	0.00061645029	2.267317e-05	0.00286899368	0.0772556	0.07727827	61890002	61890002	123989980	123990049	0.14571428	1	392878.1	20.410065	0.9852609	NA	NA	0.0	0.997373248	0.99737325	1	1	1:1	2	neutral	4189200
6	123990050	123999929	NA	9880	137	2.34027564	137	0	16.0	mappable	NA	NA	NA	NA	inf	0.11201686086	0.15071255	inf	123990050	123990119	123999808	124000050	NA	missing	426786.2	NA	1.0978	NA	NA	NA	NA	NA	NA	NA	NA	NA	NA	4189200
6	123999929	170899935	NA	46900016	682579	1.9947465	679877	34125	68989.0	mappable	0.078725	8.0	edge	0.0017811007	2.715399e-05	0.00098148781	0.07848343	0.07851059	123999808	124000050	170899935	170899935	0.14998499	1	392878.1	20.410065	0.9852609	NA	NA	0.0	0.997373248	0.99737325	1	1	1:1	2	neutral	4189200
7	40386	59974	NA	19589	401	2.29239365	396	23	31.0	mappable	0.09634767	9.0	edge	0.02714230213	0.03571428571	0.10001686086	0.14027453	0.17598881	40386	40386	59916	59974	NA	missing	362318.1	19.293667	1.0822048	NA	NA	NA	NA	NA	NA	NA	NA	NA	NA	4189200
7	59975	9800003	NA	9740029	159552	1.9947465	158854	7258	17593.0	mappable	0.08215	8.0	self	0.00513747894	0.0001256913	0.00092428978	0.08614936	0.08627505	59975	60033	9799916	9800090	0.16306183	1	392878.1	20.410065	0.9852609	NA	NA	0.0	0.997373248	0.99737325	1	1	1:1	2	neutral	4189200
7	9800003	9810019	NA	10017	183	2.96170497	182	18	22.0	mappable	0.05031395	NA	identical	0.02667460305	0.05263157895	0.31441686086	0.15048725	0.20311882	9799916	9800090	9809985	9810053	NA	missing	485123.3	25.030386	1.3002	NA	NA	NA	NA	NA	NA	NA	NA	NA	NA	4189200
7	9810019	32040021	NA	22230007	353725	1.9947465	352656	17065	34070.0	mappable	0.078725	8.0	NA	0.00042458672	5.514503e-05	0.00058102709	0.08194705	0.08200219	9809985	9810053	32039981	32040061	0.15061837	1	392878.1	20.410065	0.9852609	NA	NA	0.0	0.997373248	0.99737325	1	1	1:1	2	neutral	4189200
7	32040021	32049982	NA	9962	174	2.30128279	174	0	16.0	mappable	NA	NA	NA	NA	inf	0.09931686086	0.15057724	inf	32039981	32040061	32049959	32049982	NA	missing	438041.4	NA	1.0851	NA	NA	NA	NA	NA	NA	NA	NA	NA	NA	4189200
7	32049983	57999988	NA	25950006	340098	1.9947465	338952	17261	33740.0	mappable	0.078725	8.0	NA	0.00062478972	5.432716e-05	0.00088939675	0.08120432	0.08125865	32049983	32050006	57999988	57999988	0.1581717	1	392878.1	20.410065	0.9852609	NA	NA	0.0	0.997373248	0.99737325	1	1	1:1	2	neutral	4189200
7	61770004	61797196	NA	27193	2000	1.83582485	1991	0	229.0	mappable	NA	NA	NA	0.10153514535	0.11111111111	0.05228313914	0.13576859	0.2468797	61770004	61780016	61797193	61797199	NA	missing	450259.6	NA	0.9335	NA	NA	NA	NA	NA	NA	NA	NA	NA	NA	4189200
7	61797196	72229988	NA	10432793	109060	1.9947465	108334	4857	11380.0	mappable	0.081125	8.0	self	0.0034806295	0.00017911517	0.00311686086	0.08578308	0.08596219	61797193	61797199	72229988	72229988	0.20136826	1	392878.1	20.410065	0.9852609	NA	NA	0.0	0.997373248	0.99737325	1	1	1:1	2	neutral	4189200
7	72750118	74139961	NA	1389846	10205	1.9947465	10165	275	1257.0	mappable	0.071525	8.0	self	0.00238348174	0.00317460317	0.00378812984	0.09800802	0.10118262	72750118	72750118	74139961	74139961	0.26264203	1	392878.1	20.410065	0.9852609	NA	NA	0.0	0.997373248	0.99737325	1	1	1:1	2	neutral	4189200
7	75160045	76059952	NA	899908	8407	1.9947465	8376	235	1033.0	mappable	0.08265549	8.0	self	0.00469134379	0.0037593985	0.01291686086	0.10111521	0.10487461	75160045	75160045	76059952	76059952	0.19421291	1	392878.1	20.410065	0.9852609	NA	NA	0.0	0.997373248	0.99737325	1	1	1:1	2	neutral	4189200
7	76810004	128519958	NA	51709963	671918	1.9947465	669507	28505	64982.0	mappable	0.078725	8.0	NA	0.0007920616	3.234571e-05	0.00330953779	0.07805201	0.07808436	76810004	76810004	128519849	128519958	0.15621064	1	392878.1	20.410065	0.9852609	NA	NA	0.0	0.997373248	0.99737325	1	1	1:1	2	neutral	4189200
7	128519959	128530032	NA	10074	139	1.60186776	139	0	20.0	mappable	NA	NA	NA	NA	inf	0.12848313914	0.15039461	inf	128519959	128520068	128529902	128530162	NA	missing	341360.0	NA	0.8573	NA	NA	NA	NA	NA	NA	NA	NA	NA	NA	4189200
7	128530032	129140030	NA	609999	7711	1.9947465	7686	295	831.0	mappable	0.07526538	8.0	NA	0.0033693705	0.003125	0.00231686086	0.10406668	0.10719168	128529902	128530162	129139990	129140070	0.19662251	1	392878.1	20.410065	0.9852609	NA	NA	0.0	0.997373248	0.99737325	1	1	1:1	2	neutral	4189200
7	129140030	129150011	NA	9982	139	1.5466023	139	0	24.0	mappable	NA	NA	NA	NA	inf	0.14648313914	0.15054445	inf	129139990	129140070	129149971	129150051	NA	missing	295098.0	NA	0.8393	NA	NA	NA	NA	NA	NA	NA	NA	NA	NA	4189200
7	129150011	131329985	NA	2179975	25527	1.9947465	25383	1253	2800.0	mappable	0.08088333	8.0	NA	0.0034806295	0.00071633238	0.00108313914	0.09498534	0.09570168	129149971	129150051	131329959	131330011	0.18069199	1	392878.1	20.410065	0.9852609	NA	NA	0.0	0.997373248	0.99737325	1	1	1:1	2	neutral	4189200
7	131329985	131340012	NA	10028	188	1.675248	184	3	23.0	mappable	0.03195192	NA	identical	0.4171806295	0.14285714286	0.10458313914	0.15046932	0.29332646	131329959	131330011	131339909	131340012	NA	missing	338468.3	16.923415	0.8812	NA	NA	NA	NA	NA	NA	NA	NA	NA	NA	4189200
7	131340013	159119808	NA	27779799	382560	1.9947465	380788	18348	40759.0	mappable	0.078725	8.0	edge	0.00189247669	4.970673e-05	0.00416625186	0.0808815	0.08093121	131340013	131340116	159119808	159119808	0.15869701	1	392878.1	20.410065	0.9852609	NA	NA	0.0	0.997373248	0.99737325	1	1	1:1	2	neutral	4189200
8	170012	6919904	NA	6749901	193240	1.9947465	192125	12194	19424.0	mappable	0.08215	8.0	edge	0.00285176722	7.513713e-05	0.00661296415	0.08815841	0.08823355	170012	170012	6919904	6919904	0.17588194	1	392878.1	20.410065	0.9852609	NA	NA	0.0	0.997373248	0.99737325	1	1	1:1	2	neutral	4189200
8	8100000	11859985	NA	3759987	79316	1.9947465	79027	5094	8161.0	mappable	0.078725	8.0	self	0.00044863054	0.00018577002	0.00255748228	0.09156546	0.09175123	8100000	8100000	11859985	11859985	0.15201391	1	392878.1	20.410065	0.9852609	NA	NA	0.0	0.997373248	0.99737325	1	1	1:1	2	neutral	4189200
8	12580042	20120022	NA	7539983	171566	1.9947465	171056	8166	16326.0	mappable	0.07970161	8.0	self	0.00084032941	0.00011526049	0.00325782993	0.08754218	0.08765744	12580042	12580042	20119991	20120022	0.13472384	1	392878.1	20.410065	0.9852609	NA	NA	0.0	0.997373248	0.99737325	1	1	1:1	2	neutral	4189200
8	20120023	20130031	NA	10009	163	2.29239365	163	17	16.0	mappable	0.10887206	9.0	NA	0.03020268833	0.05882352941	0.10071686086	0.1505003	0.20932383	20120023	20120054	20129995	20130031	NA	missing	362318.1	19.293667	1.0822048	NA	NA	NA	NA	NA	NA	NA	NA	NA	NA	4189200
8	20130032	20150014	NA	19983	426	1.79567419	425	42	50.0	mappable	0.1084713	1.0	NA	0.0298019258	0.02325581395	0.07338313914	0.13999244	0.16324826	20130032	20130068	20149981	20150014	0.07854177	1	378180.0	19.756259	0.9204229	NA	NA	0.0	0.897837094	0.89783709	1	1	1:1	2	neutral	4189200
8	20150015	43789991	NA	23639978	348095	1.9947465	346889	13584	35704.0	mappable	0.078725	8.0	self	4.901918e-05	6.761325e-05	0.00352906483	0.08165023	0.08171784	20150015	20150048	43789991	43789991	0.1553059	1	392878.1	20.410065	0.9852609	NA	NA	0.0	0.997373248	0.99737325	1	1	1:1	2	neutral	4189200
8	46880007	146289988	NA	99409991	1387278	1.9947465	1382724	58750	137589.0	mappable	0.078725	8.0	edge	0.00106949335	1.579704e-05	0.00049150401	0.07528168	0.07529748	46880007	46880007	146289988	146289988	0.13701589	1	392878.1	20.410065	0.9852609	NA	NA	0.0	0.997373248	0.99737325	1	1	1:1	2	neutral	4189200
9	200101	1935012	NA	1734914	39687	1.9947465	39579	2233	3987.0	mappable	0.078725	8.0	edge	0.00077030804	0.00042716788	0.01168825199	0.09649514	0.09692231	200101	200101	1929995	1940029	0.12407956	1	392878.1	20.410065	0.9852609	NA	NA	0.0	0.997373248	0.99737325	1	1	1:1	2	neutral	4189200
9	1935012	1950032	NA	15021	213	2.43668315	213	0	26.0	mappable	NA	NA	NA	NA	inf	0.14341686086	0.14414733	inf	1929995	1940029	1949996	1950032	NA	missing	415582.2	NA	1.1292	NA	NA	NA	NA	NA	NA	NA	NA	NA	NA	4189200
9	1950033	3999983	NA	2049951	38255	1.9947465	38152	1790	3654.0	mappable	0.078725	8.0	NA	0.0033693705	0.00052826202	0.00251686086	0.09538727	0.09591553	1950033	1950069	3999955	4000011	0.12030098	1	392878.1	20.410065	0.9852609	NA	NA	0.0	0.997373248	0.99737325	1	1	1:1	2	neutral	4189200
9	3999983	4009998	NA	10016	214	2.33321394	214	0	20.0	mappable	NA	NA	NA	NA	inf	0.10971686086	0.15048888	inf	3999955	4000011	4009996	4009998	NA	missing	423052.0	NA	1.0955	NA	NA	NA	NA	NA	NA	NA	NA	NA	NA	4189200
9	4009999	38769828	NA	34759836	566921	1.9947465	565368	25593	54609.0	mappable	0.078725	8.0	NA	0.00053721588	3.68392e-05	0.00258348883	0.07983739	0.07987423	4009999	4010001	38769828	38769828	0.14731584	1	392878.1	20.410065	0.9852609	NA	NA	0.0	0.997373248	0.99737325	1	1	1:1	2	neutral	4189200
9	66840048	66849972	NA	9925	540	2.25522824	507	0	70.0	mappable	NA	NA	NA	0.05094986027	0.0303030303	0.08431686086	0.15063813	0.18094116	66840048	66840048	66849972	66849972	NA	missing	723718.3	NA	1.0701	NA	NA	NA	NA	NA	NA	NA	NA	NA	NA	4189200
9	68410004	68419976	NA	9973	1130	1.94727685	1043	0	260.0	mappable	NA	NA	NA	0.24162670818	0.01149425287	0.01598313914	0.15055919	0.16205345	68410004	68410004	68419976	68419976	NA	missing	2286422.0	NA	0.9698	NA	NA	NA	NA	NA	NA	NA	NA	NA	NA	4189200
9	71030093	79609989	NA	8579900	118484	1.9947465	118006	5960	11717.0	mappable	0.0795131	8.0	NA	0.00219671026	0.00015532774	0.00343790674	0.08683371	0.08698904	71030093	71030093	79609961	79609989	0.1374233	1	392878.1	20.410065	0.9852609	NA	NA	0.0	0.997373248	0.99737325	1	1	1:1	2	neutral	4189200
9	79609990	79619963	NA	9974	186	2.26321103	186	0	21.0	mappable	NA	NA	NA	NA	inf	0.08691686086	0.15055755	inf	79609990	79610018	79619889	79620037	NA	missing	413005.6	NA	1.0727	NA	NA	NA	NA	NA	NA	NA	NA	NA	NA	4189200
9	79619963	86136551	NA	6516591	90404	1.9947465	90084	4123	8864.0	mappable	0.08075278	8.0	NA	0.00289553497	0.00022507315	0.00481694296	0.08835606	0.08858113	79619889	79620037	86129997	86136551	0.14732995	1	392878.1	20.410065	0.9852609	NA	NA	0.0	0.997373248	0.99737325	1	1	1:1	2	neutral	4189200
9	86136552	113110044	CTX	26973497	364438	1.9947465	363347	15864	37499.0	mappable	0.078725	8.0	self	4.956783e-05	5.897965e-05	0.00095813599	0.08102073	0.08107971	86136552	86140049	113109997	113110044	0.14366082	1	392878.1	20.410065	0.9852609	NA	NA	0.0	0.997373248	0.99737325	1	1	1:1	2	neutral	4189200
9	113110045	113149984	NA	39940	650	1.79567419	649	16	67.0	mappable	0.06356824	1.0	NA	0.01343288401	0.05882352941	0.06128313914	0.13084256	0.18966609	113110045	113110092	113149952	113149984	NA	missing	378180.0	19.756259	0.9204229	NA	NA	NA	NA	NA	NA	NA	NA	NA	NA	4189200
9	113149985	113169987	NA	20003	397	2.29239365	390	29	40.0	mappable	0.09946818	9.0	NA	0.01667608405	0.02777777778	0.12091686086	0.1399783	0.16775608	113149985	113150017	113169968	113169987	NA	missing	362318.1	19.293667	1.0822048	NA	NA	NA	NA	NA	NA	NA	NA	NA	NA	4189200
9	113169988	141019791	NA	27849805	385551	1.9947465	383804	15795	42806.0	mappable	0.08215	8.0	edge	0.00330333278	5.701579e-05	0.00528316275	0.08086963	0.08092664	113169988	113170007	141019791	141019791	0.16301992	1	392878.1	20.410065	0.9852609	NA	NA	0.0	0.997373248	0.99737325	1	1	1:1	2	neutral	4189200
10	130013	16800026	NA	16670014	281253	1.9947465	279869	13352	29806.0	mappable	0.078725	8.0	edge	0.00237986663	6.786102e-05	0.00294313613	0.08336546	0.08343332	130013	130013	16799934	16800118	0.16528265	1	392878.1	20.410065	0.9852609	NA	NA	0.0	0.997373248	0.99737325	1	1	1:1	2	neutral	4189200
10	16800026	16820042	NA	20017	393	2.43391988	392	0	39.0	mappable	NA	NA	identical	0.06418777236	1.0	0.14251686086	0.13996841	1.13996841	16799934	16800118	16819952	16820042	NA	missing	390006.5	NA	1.1283	NA	NA	NA	NA	NA	NA	NA	NA	NA	NA	4189200
10	16820043	39149984	NA	22329944	303430	1.9947465	301868	11606	31087.0	mappable	0.078725	8.0	self	0.0009000315	7.594168e-05	0.00476637244	0.08192532	0.08200126	16820043	16820133	39149984	39149984	0.16243377	1	392878.1	20.410065	0.9852609	NA	NA	0.0	0.997373248	0.99737325	1	1	1:1	2	neutral	4189200
10	42410000	46159967	NA	3749968	43561	1.9947465	43470	1045	4617.0	mappable	0.085575	8.0	self	0.0034806295	0.00088028169	1.686086e-05	0.0915816	0.09246189	42410000	42410000	46159967	46159967	0.17175937	1	392878.1	20.410065	0.9852609	NA	NA	0.0	0.997373248	0.99737325	1	1	1:1	2	neutral	4189200
10	48310177	48659961	NA	349785	5546	1.9947465	5530	152	619.0	mappable	0.11588793	8.0	self	0.03995390537	0.00595238095	0.01408313914	0.10860057	0.11455296	48310177	48310177	48659961	48659961	0.20858058	1	392878.1	20.410065	0.9852609	NA	NA	0.0	0.997373248	0.99737325	1	1	1:1	2	neutral	4189200
10	49390096	88825052	NA	39434960	547471	1.9947465	545688	24442	54767.0	mappable	0.08215	8.0	self	0.00204812235	3.813155e-05	0.002109146	0.07926137	0.0792995	49390096	49390096	88799951	88825052	0.15440118	1	392878.1	20.410065	0.9852609	NA	NA	0.0	0.997373248	0.99737325	1	1	1:1	2	neutral	4189200
10	89319935	94699941	NA	5380007	71546	1.9947465	71258	3941	7010.0	mappable	0.078725	8.0	NA	5.56295e-05	0.00023646252	0.00071686086	0.08944873	0.08968519	89319935	89320019	94699867	94700015	0.13528352	1	392878.1	20.410065	0.9852609	NA	NA	0.0	0.997373248	0.99737325	1	1	1:1	2	neutral	4189200
10	94699941	94720166	NA	20226	300	2.25430715	300	0	23.0	mappable	NA	NA	NA	NA	inf	0.08401686086	0.13982178	inf	94699867	94700015	94719968	94720166	NA	missing	425771.9	NA	1.0698	NA	NA	NA	NA	NA	NA	NA	NA	NA	NA	4189200
10	94720167	135429925	NA	40709767	589918	1.9947465	587483	27452	62506.0	mappable	0.078725	8.0	NA	0.0019356701	3.346384e-05	0.00314206242	0.07911746	0.07915092	94720167	94720365	135429834	135430016	0.14740703	1	392878.1	20.410065	0.9852609	NA	NA	0.0	0.997373248	0.99737325	1	1	1:1	2	neutral	4189200
10	135429925	135439925	NA	10001	170	2.46953539	169	10	22.0	mappable	0.04256109	NA	edge	0.03519639752	0.09090909091	0.15411686086	0.15051336	0.24142245	135429834	135430016	135439925	135439925	NA	missing	428798.0	22.460848	1.1399	NA	NA	NA	NA	NA	NA	NA	NA	NA	NA	4189200
11	190010	37150049	NA	36960046	534211	1.9947465	532070	26623	54458.0	mappable	0.078725	8.0	edge	0.00061489408	3.476568e-05	0.00509197329	0.07955619	0.07959096	190010	190010	37149993	37150049	0.151381	1	392878.1	20.410065	0.9852609	NA	NA	0.0	0.997373248	0.99737325	1	1	1:1	2	neutral	4189200
11	37150050	37170120	NA	20071	384	1.79744606	384	0	40.0	mappable	NA	NA	NA	NA	inf	0.06478313914	0.13993035	inf	37150050	37150106	37169981	37170120	NA	missing	396161.9	NA	0.921	NA	NA	NA	NA	NA	NA	NA	NA	NA	NA	4189200
11	37170121	37950052	NA	779932	12614	1.9947465	12577	833	1059.0	mappable	0.08948214	8.0	NA	0.00792348665	0.00114942529	1.686086e-05	0.10218164	0.10333106	37170121	37170260	37949922	37950182	0.13347196	1	392878.1	20.410065	0.9852609	NA	NA	0.0	0.997373248	0.99737325	1	1	1:1	2	neutral	4189200
11	37950052	37959993	NA	9942	185	2.50177358	184	0	23.0	mappable	NA	NA	identical	0.09206233682	1.0	0.16461686086	0.15061012	1.15061012	37949922	37950182	37959956	37959993	NA	missing	451701.4	NA	1.1504	NA	NA	NA	NA	NA	NA	NA	NA	NA	NA	4189200
11	37959994	48844986	NA	10884994	145671	1.9947465	145132	5220	14840.0	mappable	0.07687879	8.0	self	0.00098448733	0.00017364126	0.00100478587	0.08555843	0.08573207	37959994	37960031	48839963	48850009	0.15269015	1	392878.1	20.410065	0.9852609	NA	NA	0.0	0.997373248	0.99737325	1	1	1:1	2	neutral	4189200
11	48844986	48899996	NA	55011	1057	2.29239365	1031	11	73.0	mappable	0.0914947	9.0	NA	0.02842357245	0.02702702703	0.08011686086	0.12700483	0.15403186	48839963	48850009	48899996	48899996	NA	missing	362318.1	19.293667	1.0822048	NA	NA	NA	NA	NA	NA	NA	NA	NA	NA	4189200
11	48899997	50170092	NA	1270096	0	0.0	0	0	NA	mappable	NA	NA	NA	NA	inf	0.98578313914	0.09863632	inf	48899997	48899997	50170092	50170092	NA	missing	NA	NA	0.0	NA	NA	0.0	0.0	0.0	0	0	NA	0	homozygousDel	4189200
11	50170093	51579984	NA	1409893	18800	1.9947465	18623	1069	1349.0	mappable	0.07713333	8.0	NA	0.00047393845	0.00080256822	0.0302005949	0.09790889	0.09871146	50170093	50170093	51579984	51579984	0.10708096	1	392878.1	20.410065	0.9852609	NA	NA	0.0	0.997373248	0.99737325	1	1	1:1	2	neutral	4189200
11	54792817	69609968	NA	14817152	184319	1.9947465	183627	5389	20381.0	mappable	0.078725	8.0	NA	0.00097763657	0.00016444664	0.00155683149	0.08396036	0.08412481	54792817	54792817	69609857	69610079	0.17798404	1	392878.1	20.410065	0.9852609	NA	NA	0.0	0.997373248	0.99737325	1	1	1:1	2	neutral	4189200
11	69609968	69619953	NA	9986	179	1.60063964	179	0	26.0	mappable	NA	NA	NA	NA	inf	0.12888313914	0.1505379	inf	69609857	69610079	69619898	69620008	NA	missing	377364.3	NA	0.8569	NA	NA	NA	NA	NA	NA	NA	NA	NA	NA	4189200
11	69619953	89349940	NA	19729990	270595	1.9947465	269655	11391	27901.0	mappable	0.078725	8.0	NA	0.00017345029	8.109642e-05	0.0037895964	0.08252906	0.08261016	69619898	69620008	89349940	89349940	0.14029381	1	392878.1	20.410065	0.9852609	NA	NA	0.0	0.997373248	0.99737325	1	1	1:1	2	neutral	4189200
11	89850037	108240041	NA	18390006	268533	1.9947465	267589	14453	25368.0	mappable	0.078725	8.0	self	0.00013821702	6.494772e-05	0.00024706012	0.08287607	0.08294102	89850037	89850037	108229993	108250089	0.14664777	1	392878.1	20.410065	0.9852609	NA	NA	0.0	0.997373248	0.99737325	1	1	1:1	2	neutral	4189200
11	108240041	108260007	NA	19967	153	2.43391988	153	11	21.0	mappable	0.08995523	NA	identical	0.01128586206	0.09090909091	0.14251686086	0.14000377	0.23091286	108229993	108250089	108259991	108260007	NA	missing	451962.0	23.85355	1.1283	NA	NA	NA	NA	NA	NA	NA	NA	NA	NA	4189200
11	108260008	123629981	NA	15369974	221805	1.9947465	220847	9638	23316.0	mappable	0.0795131	8.0	NA	0.00298729019	9.437524e-05	0.00919244732	0.08377451	0.08386888	108260008	108260024	123629958	123630004	0.16415128	1	392878.1	20.410065	0.9852609	NA	NA	0.0	0.997373248	0.99737325	1	1	1:1	2	neutral	4189200
11	123629981	123649984	NA	20004	296	1.79928824	296	0	33.0	mappable	NA	NA	NA	NA	inf	0.06418313914	0.13997759	inf	123629958	123630004	123649902	123650066	NA	missing	381070.2	NA	0.9216	NA	NA	NA	NA	NA	NA	NA	NA	NA	NA	4189200
11	123649984	134939862	NA	11289879	172823	1.9947465	172263	8624	18120.0	mappable	0.078725	8.0	edge	5.56295e-05	0.00010890873	0.00798313914	0.08536602	0.08547493	123649902	123650066	134939862	134939862	0.13166874	1	392878.1	20.410065	0.9852609	NA	NA	0.0	0.997373248	0.99737325	1	1	1:1	2	neutral	4189200
12	160107	34819969	NA	34659871	476941	1.9947465	474960	22937	48058.0	mappable	0.078725	8.0	edge	0.0022621813	4.013163e-05	0.00122605256	0.07985064	0.07989077	160107	160107	34819969	34819969	0.16649522	1	392878.1	20.410065	0.9852609	NA	NA	0.0	0.997373248	0.99737325	1	1	1:1	2	neutral	4189200
12	38000003	62560001	NA	24560002	323195	1.9947465	321950	14966	32376.0	mappable	0.078725	8.0	NA	0.00075440219	6.169031e-05	0.00075364457	0.08146703	0.08152872	38000003	38000003	62559919	62560083	0.16394176	1	392878.1	20.410065	0.9852609	NA	NA	0.0	0.997373248	0.99737325	1	1	1:1	2	neutral	4189200
12	62560001	62570051	NA	10051	158	1.68108158	158	0	15.0	mappable	NA	NA	NA	NA	inf	0.10268313914	0.15043191	inf	62559919	62560083	62569992	62570110	NA	missing	397002.5	NA	0.8831	NA	NA	NA	NA	NA	NA	NA	NA	NA	NA	4189200
12	62570051	80540018	NA	17969969	241150	1.9947465	240306	11547	23406.0	mappable	0.07874359	8.0	NA	0.00027177076	8.070374e-05	0.00250853492	0.0829907	0.08307141	62569992	62570110	80539871	80540018	0.15229544	1	392878.1	20.410065	0.9852609	NA	NA	0.0	0.997373248	0.99737325	1	1	1:1	2	neutral	4189200
12	80540019	80549998	NA	9980	132	2.48519394	132	0	17.0	mappable	NA	NA	NA	NA	inf	0.15921686086	0.15054772	inf	80540019	80540166	80549975	80549998	NA	missing	433784.0	NA	1.145	NA	NA	NA	NA	NA	NA	NA	NA	NA	NA	4189200
12	80549999	133819926	NA	53269933	737218	1.9947465	734223	32931	77238.0	mappable	0.078725	8.0	edge	0.00072214586	2.783577e-05	0.00113323016	0.07792162	0.07794945	80549999	80550022	133819926	133819926	0.15529798	1	392878.1	20.410065	0.9852609	NA	NA	0.0	0.997373248	0.99737325	1	1	1:1	2	neutral	4189200
13	19450038	22019842	NA	2569805	28290	1.9947465	28158	1022	3005.0	mappable	0.0724	8.0	edge	0.0038061352	0.00086655113	0.00381686086	0.09392658	0.09479313	19450038	19450038	22009674	22030010	0.16501258	1	392878.1	20.410065	0.9852609	NA	NA	0.0	0.997373248	0.99737325	1	1	1:1	2	neutral	4189200
13	22019842	22049997	NA	30156	347	2.22206897	347	0	30.0	mappable	NA	NA	NA	NA	inf	0.07351686086	0.13440718	inf	22009674	22030010	22049959	22050035	NA	missing	377429.5	NA	1.0593	NA	NA	NA	NA	NA	NA	NA	NA	NA	NA	4189200
13	22049997	94650032	NA	72600046	1023872	1.9947465	1020439	49872	97887.0	mappable	0.078725	8.0	NA	0.00025074194	1.875997e-05	0.00321156889	0.07658883	0.07660759	22049959	22050035	94649932	94650132	0.1551093	1	392878.1	20.410065	0.9852609	NA	NA	0.0	0.997373248	0.99737325	1	1	1:1	2	neutral	4189200
13	94650032	94669965	NA	19934	289	2.19259406	289	0	25.0	mappable	NA	NA	NA	NA	inf	0.06391686086	0.14002716	inf	94649932	94650132	94669874	94669965	NA	missing	422524.3	NA	1.0497	NA	NA	NA	NA	NA	NA	NA	NA	NA	NA	4189200
13	94669966	114790009	NA	20120046	308069	1.9947465	306736	13940	31712.0	mappable	0.078725	8.0	NA	0.00135963664	6.54836e-05	0.00113000012	0.08243299	0.08249848	94669966	94670057	114789970	114790009	0.16502518	1	392878.1	20.410065	0.9852609	NA	NA	0.0	0.997373248	0.99737325	1	1	1:1	2	neutral	4189200
13	114790010	114799993	NA	9984	283	1.68937139	283	0	59.0	mappable	NA	NA	NA	NA	inf	0.09998313914	0.15054117	inf	114790010	114790049	114799959	114800027	NA	missing	368184.0	NA	0.8858	NA	NA	NA	NA	NA	NA	NA	NA	NA	NA	4189200
13	114799993	115099984	NA	299993	5236	1.9947465	5207	28	681.0	mappable	0.065025	8.0	edge	0.03677043566	0.01754385965	0.01554474474	0.10992291	0.12746677	114799959	114800027	115099984	115099984	NA	missing	392878.1	20.410065	0.9852609	NA	NA	NA	NA	NA	NA	NA	NA	NA	NA	4189200
14	20330060	22419980	NA	2089921	29819	1.9947465	29666	1633	3039.0	mappable	0.07793929	8.0	edge	0.0033693705	0.00055991041	0.00628313914	0.0952607	0.09582061	20330060	20330060	22419939	22419980	0.16091579	1	392878.1	20.410065	0.9852609	NA	NA	0.0	0.997373248	0.99737325	1	1	1:1	2	neutral	4189200
14	22419981	22969953	NA	549973	9461	1.64423794	9409	712	827.0	mappable	0.08671818	NA	identical	0.00738580192	0.00130890052	0.11468313914	0.10488226	0.10619116	22419981	22420022	22969898	22970008	0.17253208	1	326019.5	17.025819	0.8711	NA	NA	0.0	0.82211897	0.82211897	1	1	1:1	2	neutral	4189200
14	22969953	52429985	NA	29460035	401768	1.9947465	400224	19037	38189.0	mappable	0.078725	8.0	NA	0.00039357923	4.85885e-05	0.00181936753	0.08060533	0.08065392	22969898	22970008	52429893	52429985	0.1537169	1	392878.1	20.410065	0.9852609	NA	NA	0.0	0.997373248	0.99737325	1	1	1:1	2	neutral	4189200
14	52429986	52439994	NA	10009	183	1.71209164	183	0	18.0	mappable	NA	NA	NA	NA	inf	0.09258313914	0.1505003	inf	52429986	52430078	52439965	52440023	NA	missing	366050.0	NA	0.8932	NA	NA	NA	NA	NA	NA	NA	NA	NA	NA	4189200
14	52439994	78220031	NA	25780040	349987	1.9947465	348884	13563	36064.0	mappable	0.078725	8.0	NA	0.0007529611	6.818957e-05	0.00102600645	0.08123559	0.08130378	52439965	52440023	78219907	78220155	0.16716026	1	392878.1	20.410065	0.9852609	NA	NA	0.0	0.997373248	0.99737325	1	1	1:1	2	neutral	4189200
14	78220031	78240134	NA	20104	156	2.24294703	156	5	18.0	mappable	0.53780657	NA	identical	0.45913719611	0.2	0.08031686086	0.13990715	0.33990715	78219907	78220155	78229998	78240134	NA	missing	378061.2	24.522892	1.0661	NA	NA	NA	NA	NA	NA	NA	NA	NA	NA	4189200
14	78240135	106130012	NA	27889883	414897	1.9947465	413413	20285	43002.0	mappable	0.078725	8.0	self	0.00193848719	4.593899e-05	0.00494397979	0.08086284	0.08090878	78240135	78250271	106009942	106250082	0.14902298	1	392878.1	20.410065	0.9852609	NA	NA	0.0	0.997373248	0.99737325	1	1	1:1	2	neutral	4189200
14	106130012	106380223	NA	250212	2337	0.17172061	2332	30	252.0	mappable	0.03881667	NA	NA	0.02550548161	0.02857142857	0.59428313914	0.11152753	0.14009896	106009942	106250082	106349982	106380223	NA	missing	143154.8	7.157739	0.3915	NA	NA	NA	NA	NA	NA	NA	NA	NA	NA	4189200
14	106380224	106995026	CTX	614803	5727	1.03463848	5537	311	500.0	mappable	0.583175	NA	NA	0.51235892292	0.00199600798	0.31323009217	0.10400543	0.10600144	106380224	106400108	106989996	106995026	0.96686328	2	241383.2	18.103741	0.672553	17.7115	0.9989524	0.9979048	0.001083863	1.03355462	1	0	1:0	1	LOH	4189200
14	106995027	107259908	NA	264882	4362	1.9947465	4084	301	387.0	mappable	0.07259434	8.0	edge	0.00634729617	0.00172711572	0.03531686086	0.11101866	0.11274577	106995027	107000057	107259908	107259908	0.30693705	1	392878.1	20.410065	0.9852609	NA	NA	0.0	0.997373248	0.99737325	1	1	1:1	2	neutral	4189200
15	20850000	20859924	NA	9925	165	1.88402861	141	0	9.0	mappable	NA	5.0	edge	0.2235306295	0.04166666667	0.03658313914	0.15063813	0.19230479	20850000	20850000	20859924	20859924	NA	missing	1232446.0	NA	0.9492	NA	NA	NA	NA	NA	NA	NA	NA	NA	NA	4189200
15	22480079	23069956	NA	589878	4048	1.9947465	4026	144	512.0	mappable	0.0963	8.0	self	0.01349451839	0.00602409639	0.01881686086	0.10432937	0.11035347	22480079	22480079	23069956	23069956	0.20412601	1	392878.1	20.410065	0.9852609	NA	NA	0.0	0.997373248	0.99737325	1	1	1:1	2	neutral	4189200
15	23710146	23730074	NA	19929	335	1.79567419	334	2	40.0	mappable	0.21105072	1.0	NA	0.03523406088	0.33333333333	0.05468313914	0.14003071	0.47336404	23710146	23710146	23729957	23730074	NA	missing	378180.0	19.756259	0.9204229	NA	NA	NA	NA	NA	NA	NA	NA	NA	NA	4189200
15	23730075	24329926	NA	599852	10017	1.9947465	9973	723	953.0	mappable	0.07516429	8.0	NA	6.93705e-05	0.00130378096	0.00358313914	0.10419789	0.10550167	23730075	23730192	24329926	24329926	0.13494783	1	392878.1	20.410065	0.9852609	NA	NA	0.0	0.997373248	0.99737325	1	1	1:1	2	neutral	4189200
15	24329927	24830091	NA	500165	0	0.0	0	0	NA	mappable	NA	NA	NA	NA	inf	0.98578313914	0.10564099	inf	24329927	24329927	24830091	24830091	NA	missing	NA	NA	0.0	NA	NA	0.0	0.0	0.0	0	0	NA	0	homozygousDel	4189200
15	24830092	28519941	NA	3689850	57197	1.9947465	57022	2372	5840.0	mappable	0.07611944	8.0	NA	0.00078048161	0.00039261877	0.00558313914	0.09167949	0.09207211	24830092	24830092	28519853	28519941	0.15594844	1	392878.1	20.410065	0.9852609	NA	NA	0.0	0.997373248	0.99737325	1	1	1:1	2	neutral	4189200
15	28519942	28529988	NA	10047	146	1.79567419	146	1	18.0	mappable	0.07692308	1.0	NA	0.00174629357	1.0	0.10508313914	0.15043841	1.15043841	28519942	28520030	28529988	28529988	NA	missing	378180.0	19.756259	0.9204229	NA	NA	NA	NA	NA	NA	NA	NA	NA	NA	4189200
15	29100034	30369914	NA	1269881	18261	1.9947465	18204	1043	1910.0	mappable	0.07805741	8.0	self	0.00207229617	0.00090909091	0.00598313914	0.09863751	0.0995466	29100034	29100034	30369914	30369914	0.1102848	1	392878.1	20.410065	0.9852609	NA	NA	0.0	0.997373248	0.99737325	1	1	1:1	2	neutral	4189200
15	31160110	80080027	NA	48919921	655162	1.9947465	652809	27595	67856.0	mappable	0.08215	8.0	NA	0.00336241145	3.339121e-05	0.00072882937	0.07829652	0.07832991	31160110	31160110	80079999	80080027	0.16025385	1	392878.1	20.410065	0.9852609	NA	NA	0.0	0.997373248	0.99737325	1	1	1:1	2	neutral	4189200
15	80080028	80100067	NA	20040	359	1.70994242	359	0	38.0	mappable	NA	NA	NA	NA	inf	0.09328313914	0.13995219	inf	80080028	80080056	80099891	80100243	NA	missing	381056.6	NA	0.8925	NA	NA	NA	NA	NA	NA	NA	NA	NA	NA	4189200
15	80100067	82479795	NA	2379729	34202	1.9947465	34114	1370	3612.0	mappable	0.08215	8.0	NA	0.0034806295	0.00068587106	0.00928313914	0.09441816	0.09510403	80099891	80100243	82479795	82479795	0.14816921	1	392878.1	20.410065	0.9852609	NA	NA	0.0	0.997373248	0.99737325	1	1	1:1	2	neutral	4189200
15	83211507	102399920	NA	19188418	295643	1.9947465	294489	14107	30526.0	mappable	0.08215	8.0	edge	0.00451768149	6.55308e-05	0.00214204532	0.08266604	0.08273157	83211507	83211507	102399920	102399920	0.15191041	1	392878.1	20.410065	0.9852609	NA	NA	0.0	0.997373248	0.99737325	1	1	1:1	2	neutral	4189200
16	100010	16289940	NA	16189938	297563	2.00831355	296463	12163	32756.0	mappable	0.67125	NA	edge	0.59094606215	7.539772e-05	0.003896526	0.08351221	0.08358761	100010	100010	16289940	16289940	0.966859	2	370758.1	30.745793	0.9896797	18.48719	0.9981892	0.9963784	0.003636682	2.00467687	2	0	2:0	2	cnLOH	4189200
16	16870104	18169896	NA	1299793	20431	1.96539164	20339	861	2207.0	mappable	0.66445086	NA	NA	0.5823056295	0.00104931794	0.01008313914	0.09847438	0.0995237	16870104	16870104	18169896	18169896	0.99215514	2	383438.6	31.732846	0.9757	19.39342	0.9993144	0.9986287	0.001347565	1.96404407	2	0	2:0	2	cnLOH	4189200
16	18800044	21454991	NA	2654948	30967	2.01328836	30850	1251	3384.0	mappable	0.65965	NA	NA	0.5823056295	0.00073099415	0.00551686086	0.0937196	0.0944506	18800044	18800044	21339969	21570013	0.95554074	2	380347.7	31.42003	0.9913	18.93436	0.9929624	0.9859248	0.014168727	1.99911964	2	0	2:0	2	cnLOH	4189200
16	21454991	29039945	NA	7584955	93999	3.00325999	93488	4173	10479.0	mappable	0.236275	10.0	NA	0.1576056295	0.00021349274	0.31391686086	0.08750932	0.08772281	21339969	21570013	29039945	29039945	0.81363339	2	525415.4	32.751301	1.3137345	19.73649	0.6656547	0.3313093	1.004125984	1.999134	2	1	2:1	3	gain	4189200
16	29670028	30279935	NA	609908	4901	3.00325999	4886	62	579.0	mappable	0.2206375	10.0	NA	0.1932556295	0.01298701299	0.33001686086	0.10406784	0.11705486	29670028	29670028	30199860	30279935	0.69148399	2	525415.4	32.751301	1.3137345	19.73649	0.6656547	0.3313093	1.004125984	1.999134	2	1	2:1	3	gain	4189200
16	30279936	31327462	NA	1047527	7920	1.9947465	7895	162	975.0	mappable	0.065025	8.0	self	0.0102193705	0.00534759358	0.01431686086	0.10000722	0.10535481	30279936	30360011	31319780	31327462	0.20496478	1	392878.1	20.410065	0.9852609	NA	NA	0.0	0.997373248	0.99737325	1	1	1:1	2	neutral	4189200
16	31327463	31959970	CTX	632508	4686	1.9947465	4675	123	554.0	mappable	0.095525	8.0	self	0.02529247161	0.00746268657	0.00908313914	0.10378437	0.11124706	31327463	31330027	31959970	31959970	0.24086312	1	392878.1	20.410065	0.9852609	NA	NA	0.0	0.997373248	0.99737325	1	1	1:1	2	neutral	4189200
16	32520030	32649899	NA	129870	2895	1.9947465	2741	0	274.0	mappable	NA	8.0	self	0.0091943705	0.00649350649	0.03001686086	0.11773911	0.12423262	32520030	32520030	32649899	32649899	NA	missing	392878.1	NA	0.9852609	NA	NA	NA	NA	NA	NA	NA	NA	NA	NA	4189200
16	33590105	35279959	NA	1689855	15423	1.9947465	15396	31	1570.0	mappable	0.11620517	8.0	self	0.02096747161	0.01724137931	0.00861686086	0.09667221	0.11391359	33590105	33590105	35279959	35279959	NA	missing	392878.1	20.410065	0.9852609	NA	NA	NA	NA	NA	NA	NA	NA	NA	NA	4189200
16	46450014	65350002	NA	18899990	264736	1.9947465	263758	11413	27352.0	mappable	0.078725	8.0	NA	0.00163595393	8.070374e-05	0.00138937895	0.08274076	0.08282147	46450014	46450014	65349966	65350002	0.14712874	1	392878.1	20.410065	0.9852609	NA	NA	0.0	0.997373248	0.99737325	1	1	1:1	2	neutral	4189200
16	65350003	65369971	NA	19969	290	2.44804327	290	0	25.0	mappable	NA	NA	NA	NA	inf	0.14711686086	0.14000235	inf	65350003	65350039	65369931	65370011	NA	missing	404828.4	NA	1.1329	NA	NA	NA	NA	NA	NA	NA	NA	NA	NA	4189200
16	65369971	90109969	NA	24740001	436268	1.9947465	434666	19737	47358.0	mappable	0.078725	8.0	edge	0.00167141631	4.686694e-05	0.00013524474	0.08143209	0.08147896	65369931	65370011	90109969	90109969	0.14709276	1	392878.1	20.410065	0.9852609	NA	NA	0.0	0.997373248	0.99737325	1	1	1:1	2	neutral	4189200
17	20080	18239982	NA	18219903	232029	1.9947465	231074	10679	25604.0	mappable	0.08215	8.0	edge	0.0034806295	8.596235e-05	0.00168313914	0.08292214	0.0830081	20080	20080	18239982	18239982	0.17044018	1	392878.1	20.410065	0.9852609	NA	NA	0.0	0.997373248	0.99737325	1	1	1:1	2	neutral	4189200
17	18750212	22239986	NA	3489775	25790	1.9947465	25157	711	3084.0	mappable	0.07937045	8.0	self	0.00367153859	0.00074404762	0.00081686086	0.09201874	0.09276279	18750212	18750212	22239986	22239986	0.17497552	1	392878.1	20.410065	0.9852609	NA	NA	0.0	0.997373248	0.99737325	1	1	1:1	2	neutral	4189200
17	25390040	44279982	NA	18889944	210582	1.9947465	209826	8123	23679.0	mappable	0.078725	8.0	self	7.202138e-05	0.0001126253	0.00161726979	0.08274339	0.08285602	25390040	25390040	44279982	44279982	0.15948366	1	392878.1	20.410065	0.9852609	NA	NA	0.0	0.997373248	0.99737325	1	1	1:1	2	neutral	4189200
17	44790026	81109940	NA	36319917	475163	1.9947465	473269	19213	52070.0	mappable	0.08215	8.0	edge	0.00204907792	4.737765e-05	0.00146640722	0.07963604	0.07968342	44790026	44790026	81109940	81109940	0.16330629	1	392878.1	20.410065	0.9852609	NA	NA	0.0	0.997373248	0.99737325	1	1	1:1	2	neutral	4189200
18	130031	14119956	NA	13989928	212511	3.00325999	211749	10833	21674.0	mappable	0.24655	10.0	edge	0.16849104204	8.624407e-05	0.33212677893	0.0842535	0.08433975	130031	130031	14119956	14119956	0.82213952	2	525415.4	32.751301	1.3137345	19.73649	0.6656547	0.3313093	1.004125984	1.999134	2	1	2:1	3	gain	4189200
18	14119957	14910026	NA	790070	0	0.0	0	0	NA	mappable	NA	NA	NA	NA	inf	0.98578313914	0.10208446	inf	14119957	14119957	14910026	14910026	NA	missing	NA	NA	0.0	NA	NA	0.0	0.0	0.0	0	0	NA	0	homozygousDel	4189200
18	14910027	14929888	NA	19862	364	2.94696752	364	0	41.0	mappable	NA	NA	NA	NA	inf	0.30961686086	0.14007836	inf	14910027	14910027	14929888	14929888	NA	missing	526833.1	NA	1.2954	NA	NA	NA	NA	NA	NA	NA	NA	NA	NA	4189200
18	18540053	60793495	NA	42253446	598613	3.00325999	596860	22578	59841.0	mappable	0.249975	10.0	NA	0.1733462243	4.109983e-05	0.32547388351	0.07894976	0.07899086	18540053	18540053	60793494	60793495	0.82934185	2	525415.4	32.751301	1.3137345	19.73649	0.6656547	0.3313093	1.004125984	1.999134	2	1	2:1	3	gain	4189200
18	60793496	78009968	CTX	17216477	279428	3.00325999	278183	13496	28061.0	mappable	0.249975	10.0	edge	0.17207007949	6.7838e-05	0.33476815958	0.08320407	0.0832719	60793496	60793521	78009968	78009968	0.82716317	2	525415.4	32.751301	1.3137345	19.73649	0.6656547	0.3313093	1.004125984	1.999134	2	1	2:1	3	gain	4189200
19	260137	24569972	NA	24309838	256320	1.9947465	254527	11030	30471.0	mappable	0.08215	8.0	edge	0.00521848305	7.800312e-05	0.00408375224	0.08151608	0.08159408	260137	260137	24569972	24569972	0.19806478	1	392878.1	20.410065	0.9852609	NA	NA	0.0	0.997373248	0.99737325	1	1	1:1	2	neutral	4189200
19	27750002	43209995	NA	15459996	197241	1.9947465	196276	8299	21739.0	mappable	0.08215	8.0	NA	0.00181286479	0.00010795639	0.00467091045	0.08374495	0.08385291	27750002	27750002	43209995	43209995	0.16708992	1	392878.1	20.410065	0.9852609	NA	NA	0.0	0.997373248	0.99737325	1	1	1:1	2	neutral	4189200
19	43209996	43800005	NA	590010	0	0.0	0	0	NA	mappable	NA	NA	NA	NA	inf	0.98578313914	0.10432761	inf	43209996	43209996	43800005	43800005	NA	missing	NA	NA	0.0	NA	NA	0.0	0.0	0.0	0	0	NA	0	homozygousDel	4189200
19	43800006	59069834	NA	15269829	161865	1.9947465	161036	6944	18764.0	mappable	0.08215	8.0	NA	0.0034806295	0.00012865046	0.00828313914	0.08380761	0.08393626	43800006	43800006	59069659	59069834	0.1851995	1	392878.1	20.410065	0.9852609	NA	NA	0.0	0.997373248	0.99737325	1	1	1:1	2	neutral	4189200
19	59069835	59089999	NA	20165	304	2.29239365	302	10	43.0	mappable	0.06177763	9.0	edge	0.02518893571	0.08333333333	0.09951686086	0.13986439	0.22319772	59069835	59070010	59089999	59089999	NA	missing	362318.1	19.293667	1.0822048	NA	NA	NA	NA	NA	NA	NA	NA	NA	NA	4189200
20	60479	25729738	NA	25669264	399975	1.9947465	398733	18701	40620.0	mappable	0.078725	8.0	edge	0.001264943	5.014291e-05	0.0028103646	0.08125609	0.08130624	60479	60479	25729738	25729738	0.13030047	1	392878.1	20.410065	0.9852609	NA	NA	0.0	0.997373248	0.99737325	1	1	1:1	2	neutral	4189200
20	29810057	62909989	NA	33099936	496745	1.9947465	494877	19613	55011.0	mappable	0.078725	8.0	edge	0.00167993583	4.655277e-05	0.00491365722	0.08006301	0.08010956	29810057	29810057	62909989	62909989	0.15912776	1	392878.1	20.410065	0.9852609	NA	NA	0.0	0.997373248	0.99737325	1	1	1:1	2	neutral	4189200
21	10720001	11179964	NA	459966	5124	1.9947465	4834	0	733.0	mappable	NA	8.0	edge	0.03180492532	0.00344827586	0.04788639832	0.10631982	0.1097681	10720001	10720001	11179964	11179964	NA	missing	392878.1	NA	0.9852609	NA	NA	NA	NA	NA	NA	NA	NA	NA	NA	4189200
21	15410077	21479960	NA	6069884	96048	1.9947465	95558	4615	8944.0	mappable	0.08116154	8.0	NA	0.0034806295	0.00019588639	0.00461686086	0.08875777	0.08895366	15410077	15410077	21479919	21479960	0.14748016	1	392878.1	20.410065	0.9852609	NA	NA	0.0	0.997373248	0.99737325	1	1	1:1	2	neutral	4189200
21	21479961	21490003	NA	10043	169	1.69520497	169	0	20.0	mappable	NA	NA	NA	NA	inf	0.09808313914	0.15044491	inf	21479961	21480002	21489993	21490003	NA	missing	388160.0	NA	0.8877	NA	NA	NA	NA	NA	NA	NA	NA	NA	NA	4189200
21	21490004	48099931	NA	26609931	419405	1.9947465	417481	19334	43711.0	mappable	0.078725	8.0	edge	0.00226263431	4.704333e-05	0.00171635585	0.08108504	0.08113209	21490004	21490014	48099931	48099931	0.16391399	1	392878.1	20.410065	0.9852609	NA	NA	0.0	0.997373248	0.99737325	1	1	1:1	2	neutral	4189200
22	16850007	22379996	NA	5529990	50948	1.9947465	50584	2114	6042.0	mappable	0.08334167	8.0	edge	0.0053056295	0.00040355125	0.00251686086	0.08929032	0.08969387	16850007	16850007	22379951	22379996	0.17303954	1	392878.1	20.410065	0.9852609	NA	NA	0.0	0.997373248	0.99737325	1	1	1:1	2	neutral	4189200
22	22379997	23154779	NA	774783	10097	0.97798218	10024	675	1046.0	mappable	0.5137	NA	NA	0.4453056295	0.0013368984	0.33168313914	0.10223155	0.10356845	22379997	22380042	23154752	23154779	0.93736366	2	256884.8	19.266358	0.6541	19.38068	1.0133747	1.0	0.0	0.97798218	1	0	1:0	1	LOH	4189200
22	23154780	23247174	DEL	92395	1994	-0.02416473	1983	82	229.0	mappable	0.1010625	NA	NA	0.1218931295	0.01075268817	0.65808313914	0.12124499	0.13199768	23154780	23154816	23239965	23247174	0.20656926	1	126809.7	6.763183	0.3277	NA	NA	0.0	0.0	-0.01208236	0	0	0:0	0	LOH	4189200
22	23247175	29670007	DEL	6422833	80399	1.9947465	80117	3508	8797.0	mappable	0.08215	8.0	self	0.0034806295	0.00026385224	0.00728313914	0.08843774	0.0887016	23247175	23250053	29669997	29670017	0.14659615	1	392878.1	20.410065	0.9852609	NA	NA	0.0	0.997373248	0.99737325	1	1	1:1	2	neutral	4189200
22	29670007	29700081	NA	30075	307	2.42992848	307	12	33.0	mappable	0.04534167	NA	identical	0.03332770383	0.08333333333	0.14121686086	0.13444224	0.21777557	29669997	29670017	29699879	29700283	NA	missing	390874.1	19.987878	1.127	NA	NA	NA	NA	NA	NA	NA	NA	NA	NA	4189200
22	29700081	32694979	NA	2994899	33353	1.9947465	33217	1099	3808.0	mappable	0.08472778	8.0	self	0.00388447566	0.0008097166	0.00131686086	0.09296239	0.09377211	29699879	29700283	32669928	32694979	0.14111204	1	392878.1	20.410065	0.9852609	NA	NA	0.0	0.997373248	0.99737325	1	1	1:1	2	neutral	4189200
22	32694980	32730052	NA	35073	225	1.53094376	222	12	32.0	mappable	0.11150285	7.0	identical	0.03283347503	0.06666666667	0.15158313914	0.13246723	0.1991339	32694980	32720031	32729982	32730122	NA	missing	295118.0	16.629978	0.8342	NA	NA	NA	NA	NA	NA	NA	NA	NA	NA	4189200
22	32730052	49819997	NA	17089949	256042	1.9947465	254909	11203	29590.0	mappable	0.08215	8.0	NA	0.0026192084	8.108327e-05	0.00810794796	0.08324092	0.083322	32729982	32730122	49819967	49819997	0.16809166	1	392878.1	20.410065	0.9852609	NA	NA	0.0	0.997373248	0.99737325	1	1	1:1	2	neutral	4189200
22	49819998	49839996	NA	19999	493	2.34119673	493	0	76.0	mappable	NA	NA	NA	NA	inf	0.11231686086	0.13998113	inf	49819998	49820028	49839982	49840010	NA	missing	387615.3	NA	1.0981	NA	NA	NA	NA	NA	NA	NA	NA	NA	NA	4189200
22	49839996	51179984	NA	1339989	20870	1.9947465	20747	1046	2507.0	mappable	0.08215	8.0	edge	0.0034806295	0.00085543199	0.01141686086	0.0982618	0.09911723	49839982	49840010	51179984	51179984	0.17903466	1	392878.1	20.410065	0.9852609	NA	NA	0.0	0.997373248	0.99737325	1	1	1:1	2	neutral	4189200
23	2700027	30799957	NA	28099931	264989	1.9947465	264088	9029	26561.0	mappable	0.08041136	8.0	edge	5.56295e-05	0.00010070493	0.00151686086	0.08082747	0.08092817	2700027	2700027	30799794	30800120	0.1606776	1	392878.1	20.410065	0.9852609	NA	NA	0.0	0.997373248	0.99737325	1	1	1:1	2	neutral	4189200
23	30799957	30830044	NA	30088	278	1.46032679	272	0	42.0	mappable	NA	NA	identical	0.11887459502	0.16666666667	0.17458313914	0.1344366	0.30110327	30799794	30800120	30829962	30830044	NA	missing	410217.7	NA	0.8112	NA	NA	NA	NA	NA	NA	NA	NA	NA	NA	4189200
23	30830045	58499983	NA	27669939	225042	1.9947465	224386	7161	22849.0	mappable	0.0748163	8.0	self	0.00201378536	0.00012792631	0.00591645781	0.08090021	0.08102813	30830045	30830127	58499983	58499983	0.14911894	1	392878.1	20.410065	0.9852609	NA	NA	0.0	0.997373248	0.99737325	1	1	1:1	2	neutral	4189200
23	61750000	79099982	NA	17349984	144867	1.9947465	144391	4899	14429.0	mappable	0.0753	8.0	NA	0.00217848678	0.00018604651	0.0169072661	0.08316551	0.08335156	61750000	61750000	79099959	79100005	0.17739625	1	392878.1	20.410065	0.9852609	NA	NA	0.0	0.997373248	0.99737325	1	1	1:1	2	neutral	4189200
23	79099982	79119991	NA	20010	402	2.18706752	402	0	51.0	mappable	NA	NA	NA	NA	inf	0.06211686086	0.13997336	inf	79099959	79100005	79119971	79119991	NA	missing	410865.1	NA	1.0479	NA	NA	NA	NA	NA	NA	NA	NA	NA	NA	4189200
23	79119992	88459980	NA	9339989	100285	1.9947465	99913	5803	9330.0	mappable	0.078725	8.0	NA	5.56295e-05	0.00016194332	0.00508313914	0.08637447	0.08653642	79119992	79120012	88459980	88459980	0.14927877	1	392878.1	20.410065	0.9852609	NA	NA	0.0	0.997373248	0.99737325	1	1	1:1	2	neutral	4189200
23	88990017	89349936	NA	359920	1089	1.9947465	1089	55	93.0	mappable	0.08645	8.0	NA	0.0077806295	0.01818181818	0.03398313914	0.10835811	0.12653993	88990017	88990017	89349936	89349936	0.27312922	1	392878.1	20.410065	0.9852609	NA	NA	0.0	0.997373248	0.99737325	1	1	1:1	2	neutral	4189200
23	89349937	90140198	NA	790262	0	0.0	0	0	NA	mappable	NA	NA	NA	NA	inf	0.98578313914	0.10208263	inf	89349937	89349937	90140198	90140198	NA	missing	NA	NA	0.0	NA	NA	0.0	0.0	0.0	0	0	NA	0	homozygousDel	4189200
23	90140199	91529952	NA	1389754	5103	1.9947465	5084	502	458.0	mappable	0.07074643	8.0	NA	0.00792294193	0.0019193858	0.01001686086	0.09800848	0.09992786	90140199	90140199	91529952	91529952	0.12132674	1	392878.1	20.410065	0.9852609	NA	NA	0.0	0.997373248	0.99737325	1	1	1:1	2	neutral	4189200
23	91529953	92379999	NA	850047	0	0.0	0	0	NA	mappable	NA	NA	NA	NA	inf	0.98578313914	0.10153736	inf	91529953	91529953	92379999	92379999	NA	missing	NA	NA	0.0	NA	NA	0.0	0.0	0.0	0	0	NA	0	homozygousDel	4189200
23	92380000	154929639	NA	62549640	566382	1.9947465	564760	18545	56732.0	mappable	0.078725	8.0	edge	5.56295e-05	4.958596e-05	0.00588313914	0.07722455	0.07727414	92380000	92380000	154929639	154929639	0.16311006	1	392878.1	20.410065	0.9852609	NA	NA	0.0	0.997373248	0.99737325	1	1	1:1	2	neutral	4189200
